[1]
    Time: 0.000000
    HumanoidRootPart.CFrame = CFrame.new(0, 0, 0, 1, 0, 0, 0, 1, 0, 0, 0, 1)
    Torso.CFrame = CFrame.new(0.00924, -0, -0.572654, 0.81415, 0.570074, -0.110339, -0.573577, 0.819152, 0, 0.090384, 0.063288, 0.993894)
    Head.CFrame = CFrame.new(0, -0, 0.016662, 0.901817, -0.431159, -0.028761, 0.430901, 0.902275, -0.014963, 0.032401, 0.001101, 0.999474)
    Left Leg.CFrame = CFrame.new(-0.825645, 0.586753, -0.204407, 0.985344, -0.170472, 0.006111, 0.168714, 0.979216, 0.112566, -0.025173, -0.109885, 0.993625)
    Right Arm.CFrame = CFrame.new(0.000406, -0.212049, -0.005469, 0.893355, -0.06463, -0.44468, 0.137359, 0.981511, 0.133301, 0.427843, -0.180166, 0.885715)
    Right Leg.CFrame = CFrame.new(1.03581, 0.949704, -0.479506, 0.970391, -0.24034, -0.024044, 0.211601, 0.797886, 0.564449, -0.116475, -0.552824, 0.825118)
    Left Arm.CFrame = CFrame.new(-0.000406, -0.212049, -0.005469, 0.893355, 0.064629, 0.44468, -0.137359, 0.981511, 0.133301, -0.427843, -0.180166, 0.885715)

[2]
    Time: 0.033333
    HumanoidRootPart.CFrame = CFrame.new(0, 0, 0, 1, 0, 0, 0, 1, 0, 0, 0, 1)
    Torso.CFrame = CFrame.new(0.00584, -0, -0.365343, 0.817102, 0.572141, -0.070706, -0.573577, 0.819152, 0, 0.057919, 0.040555, 0.997497)
    Head.CFrame = CFrame.new(0, -0, 0.016662, 0.90207, -0.431158, -0.019294, 0.431078, 0.902276, -0.008334, 0.021002, -0.000799, 0.999779)
    Left Leg.CFrame = CFrame.new(-0.772599, 0.52978, -0.211378, 0.985569, -0.169239, 0.003361, 0.166713, 0.973917, 0.153925, -0.029324, -0.151144, 0.988077)
    Right Arm.CFrame = CFrame.new(0.00255, -0.21339, -0.00853, 0.902133, 0.002432, -0.43145, 0.116946, 0.961172, 0.249945, 0.415306, -0.27594, 0.866821)
    Right Leg.CFrame = CFrame.new(1.04411, 0.884028, -0.398386, 0.975562, -0.219463, -0.010704, 0.195021, 0.842413, 0.502302, -0.101219, -0.492115, 0.864626)
    Left Arm.CFrame = CFrame.new(-0.002549, -0.21339, -0.00853, 0.902133, -0.002432, 0.431451, -0.116946, 0.961172, 0.249944, -0.415306, -0.27594, 0.866821)

[3]
    Time: 0.066667
    HumanoidRootPart.CFrame = CFrame.new(0, 0, 0, 1, 0, 0, 0, 1, 0, 0, 0, 1)
    Torso.CFrame = CFrame.new(0.003271, 0, -0.204999, 0.818503, 0.573123, -0.039789, -0.573577, 0.819152, 0, 0.032593, 0.022822, 0.999208)
    Head.CFrame = CFrame.new(0, 0, 0.016662, 0.902192, -0.431169, -0.011921, 0.431164, 0.902268, -0.003171, 0.012123, -0.002279, 0.999924)
    Left Leg.CFrame = CFrame.new(-0.717913, 0.488438, -0.213711, 0.986761, -0.162181, 0.000429, 0.159288, 0.969652, 0.185482, -0.030498, -0.182958, 0.982648)
    Right Arm.CFrame = CFrame.new(0.004148, -0.214741, -0.010814, 0.907969, 0.053488, -0.415611, 0.099833, 0.935649, 0.338518, 0.406973, -0.348855, 0.8442)
    Right Leg.CFrame = CFrame.new(1.04248, 0.825523, -0.341019, 0.978621, -0.205665, -0.001885, 0.184075, 0.871727, 0.454101, -0.09175, -0.44474, 0.890948)
    Left Arm.CFrame = CFrame.new(-0.004148, -0.214741, -0.010814, 0.907968, -0.053488, 0.415611, -0.099833, 0.935649, 0.338517, -0.406973, -0.348855, 0.8442)

[4]
    Time: 0.100000
    HumanoidRootPart.CFrame = CFrame.new(0, 0, 0, 1, 0, 0, 0, 1, 0, 0, 0, 1)
    Torso.CFrame = CFrame.new(0.001454, -0, -0.09095, 0.819024, 0.573487, -0.017684, -0.573577, 0.819152, 0, 0.014486, 0.010143, 0.999844)
    Head.CFrame = CFrame.new(0, -0, 0.016662, 0.902239, -0.431184, -0.006657, 0.431197, 0.902258, 0.000515, 0.005784, -0.003335, 0.999978)
    Left Leg.CFrame = CFrame.new(-0.670035, 0.460766, -0.213817, 0.988225, -0.152997, -0.002076, 0.150088, 0.966614, 0.207681, -0.029768, -0.205547, 0.978194)
    Right Arm.CFrame = CFrame.new(0.005241, -0.215861, -0.012374, 0.911555, 0.088952, -0.40144, 0.087084, 0.912406, 0.399914, 0.40185, -0.399503, 0.823962)
    Right Leg.CFrame = CFrame.new(1.03616, 0.780193, -0.303247, 0.98028, -0.197583, 0.003609, 0.177835, 0.889975, 0.419905, -0.086177, -0.410982, 0.907561)
    Left Arm.CFrame = CFrame.new(-0.005241, -0.215861, -0.012374, 0.911555, -0.088952, 0.401441, -0.087083, 0.912406, 0.399914, -0.40185, -0.399503, 0.823962)

[5]
    Time: 0.133333
    HumanoidRootPart.CFrame = CFrame.new(0, 0, 0, 1, 0, 0, 0, 1, 0, 0, 0, 1)
    Torso.CFrame = CFrame.new(0.000364, -0, -0.022713, 0.819144, 0.573571, -0.004421, -0.573577, 0.819152, 0, 0.003621, 0.002536, 0.99999)
    Head.CFrame = CFrame.new(0, 0, 0.016662, 0.902252, -0.431196, -0.003502, 0.431205, 0.90225, 0.002724, 0.001985, -0.003968, 0.99999)
    Left Leg.CFrame = CFrame.new(-0.636986, 0.444978, -0.213273, 0.989365, -0.145407, -0.00374, 0.142634, 0.96482, 0.220859, -0.028506, -0.219044, 0.975299)
    Right Arm.CFrame = CFrame.new(0.005873, -0.216592, -0.013277, 0.913465, 0.109717, -0.391847, 0.079265, 0.896541, 0.435811, 0.399123, -0.429158, 0.810262)
    Right Leg.CFrame = CFrame.new(1.03011, 0.75177, -0.281924, 0.981068, -0.19355, 0.006591, 0.174852, 0.899896, 0.399517, -0.083258, -0.390801, 0.916702)
    Left Arm.CFrame = CFrame.new(-0.005873, -0.216592, -0.013277, 0.913465, -0.109717, 0.391848, -0.079265, 0.896541, 0.435811, -0.399123, -0.429158, 0.810262)

[6]
    Time: 0.166667
    HumanoidRootPart.CFrame = CFrame.new(0, 0, 0, 1, 0, 0, 0, 1, 0, 0, 0, 1)
    Torso.CFrame = CFrame.new(0, 0, 0, 0.819152, 0.573577, -0, -0.573577, 0.819152, 0, 0, 0, 1)
    Head.CFrame = CFrame.new(0, -0, 0.016662, 0.902253, -0.4312, -0.002451, 0.431206, 0.902247, 0.003459, 0.00072, -0.004178, 0.999991)
    Left Leg.CFrame = CFrame.new(-0.625151, 0.439868, -0.212994, 0.989789, -0.142477, -0.004321, 0.13978, 0.964227, 0.225228, -0.027924, -0.223532, 0.974296)
    Right Arm.CFrame = CFrame.new(0.00608, -0.216845, -0.013572, 0.91406, 0.116542, -0.388474, 0.076635, 0.890943, 0.447602, 0.398273, -0.438906, 0.805444)
    Right Leg.CFrame = CFrame.new(1.02768, 0.742101, -0.275039, 0.981296, -0.19236, 0.007534, 0.174004, 0.903035, 0.392747, -0.082352, -0.38409, 0.919616)
    Left Arm.CFrame = CFrame.new(-0.00608, -0.216845, -0.013572, 0.91406, -0.116542, 0.388474, -0.076635, 0.890943, 0.447602, -0.398273, -0.438906, 0.805444)

[7]
    Time: 0.200000
    HumanoidRootPart.CFrame = CFrame.new(0, 0, 0, 1, 0, 0, 0, 1, 0, 0, 0, 1)
    Torso.CFrame = CFrame.new(0.001112, 0, -0.005559, 0.819152, 0.573577, -0, -0.573577, 0.819152, 0, 0, 0, 1)
    Head.CFrame = CFrame.new(0, -0, 0.016662, 0.902253, -0.431198, -0.002927, 0.431206, 0.902248, 0.003127, 0.001292, -0.004083, 0.999991)
    Left Leg.CFrame = CFrame.new(-0.630033, 0.441978, -0.213481, 0.989465, -0.144707, -0.004318, 0.141957, 0.963943, 0.225084, -0.028409, -0.223325, 0.97433)
    Right Arm.CFrame = CFrame.new(0.006098, -0.216866, -0.013597, 0.914111, 0.117129, -0.388179, 0.076408, 0.890453, 0.448615, 0.398201, -0.439744, 0.805023)
    Right Leg.CFrame = CFrame.new(1.02915, 0.745074, -0.277056, 0.981357, -0.192045, 0.007563, 0.173565, 0.902454, 0.394275, -0.082544, -0.385612, 0.918961)
    Left Arm.CFrame = CFrame.new(-0.006097, -0.216867, -0.013597, 0.91411, -0.117129, 0.388179, -0.076408, 0.890453, 0.448615, -0.398201, -0.439744, 0.805023)

[8]
    Time: 0.233333
    HumanoidRootPart.CFrame = CFrame.new(0, 0, 0, 1, 0, 0, 0, 1, 0, 0, 0, 1)
    Torso.CFrame = CFrame.new(0.008894, 0, -0.044472, 0.819152, 0.573577, -0, -0.573577, 0.819152, 0, 0, 0, 1)
    Head.CFrame = CFrame.new(0, 0, 0.016662, 0.902242, -0.431185, -0.006254, 0.431198, 0.902257, 0.000797, 0.005299, -0.003416, 0.99998)
    Left Leg.CFrame = CFrame.new(-0.662614, 0.456785, -0.216871, 0.987191, -0.159486, -0.004298, 0.156383, 0.961947, 0.224058, -0.0316, -0.22186, 0.974566)
    Right Arm.CFrame = CFrame.new(0.006221, -0.217022, -0.013774, 0.914459, 0.121226, -0.386095, 0.074813, 0.886989, 0.45569, 0.397703, -0.445595, 0.802046)
    Right Leg.CFrame = CFrame.new(1.03872, 0.765563, -0.291423, 0.981713, -0.190207, 0.007771, 0.170815, 0.898176, 0.405094, -0.084031, -0.396359, 0.914242)
    Left Arm.CFrame = CFrame.new(-0.006221, -0.217022, -0.013774, 0.914459, -0.121226, 0.386095, -0.074813, 0.886989, 0.45569, -0.397703, -0.445595, 0.802046)

[9]
    Time: 0.266667
    HumanoidRootPart.CFrame = CFrame.new(0, 0, 0, 1, 0, 0, 0, 1, 0, 0, 0, 1)
    Torso.CFrame = CFrame.new(0.030018, 0, -0.150092, 0.819152, 0.573577, -0, -0.573577, 0.819152, 0, 0, 0, 1)
    Head.CFrame = CFrame.new(0, -0, 0.016662, 0.902145, -0.431163, -0.015284, 0.43113, 0.902273, -0.005526, 0.016173, -0.001604, 0.999868)
    Left Leg.CFrame = CFrame.new(-0.739005, 0.497271, -0.225886, 0.981133, -0.193286, -0.004242, 0.189422, 0.956668, 0.221146, -0.038686, -0.217778, 0.975231)
    Right Arm.CFrame = CFrame.new(0.006553, -0.217451, -0.014248, 0.915368, 0.132267, -0.380272, 0.070459, 0.877297, 0.474748, 0.396404, -0.461363, 0.79373)
    Right Leg.CFrame = CFrame.new(1.05903, 0.818378, -0.332705, 0.982098, -0.188186, 0.008355, 0.165829, 0.884761, 0.435544, -0.089355, -0.426361, 0.900129)
    Left Arm.CFrame = CFrame.new(-0.006553, -0.217452, -0.014248, 0.915368, -0.132267, 0.380272, -0.070459, 0.877297, 0.474748, -0.396405, -0.461363, 0.79373)

[10]
    Time: 0.300000
    HumanoidRootPart.CFrame = CFrame.new(0, 0, 0, 1, 0, 0, 0, 1, 0, 0, 0, 1)
    Torso.CFrame = CFrame.new(0.071154, 0, -0.355772, 0.819152, 0.573577, -0, -0.573577, 0.819152, 0, 0, 0, 1)
    Head.CFrame = CFrame.new(0, -0, 0.016662, 0.901674, -0.431166, -0.032864, 0.430801, 0.902271, -0.017836, 0.037342, 0.001924, 0.999301)
    Left Leg.CFrame = CFrame.new(-0.851876, 0.579014, -0.242978, 0.970698, -0.240269, -0.004122, 0.235518, 0.947819, 0.214874, -0.047721, -0.209549, 0.976633)
    Right Arm.CFrame = CFrame.new(0.007184, -0.218324, -0.015149, 0.916981, 0.153407, -0.368255, 0.061886, 0.857229, 0.511204, 0.394101, -0.491554, 0.776569)
    Right Leg.CFrame = CFrame.new(1.0789, 0.908597, -0.422926, 0.980842, -0.194568, 0.009579, 0.163884, 0.850747, 0.499371, -0.105311, -0.488234, 0.866336)
    Left Arm.CFrame = CFrame.new(-0.007184, -0.218325, -0.015149, 0.916981, -0.153407, 0.368255, -0.061886, 0.857229, 0.511204, -0.394101, -0.491554, 0.776569)

[11]
    Time: 0.333333
    HumanoidRootPart.CFrame = CFrame.new(0, 0, 0, 1, 0, 0, 0, 1, 0, 0, 0, 1)
    Torso.CFrame = CFrame.new(-0.230118, -0.016678, -0.657749, 0.919863, -0.34202, -0.192028, 0.334802, 0.939693, -0.069893, 0.204352, 0, 0.978897)
    Head.CFrame = CFrame.new(0, 0, 0.016663, 0.979449, -0.189471, 0.069141, 0.186059, 0.981114, 0.052901, -0.077859, -0.03895, 0.996203)
    Left Leg.CFrame = CFrame.new(-0.777953, 0.445492, -0.376908, 0.950889, -0.062623, -0.303133, 0.168191, 0.926665, 0.33616, 0.259851, -0.370635, 0.891688)
    Right Arm.CFrame = CFrame.new(0.003943, -0.06182, 0.016473, -0.99308, 0.115271, -0.022461, -0.111772, -0.869016, 0.481994, 0.036041, 0.481169, 0.875887)
    Right Leg.CFrame = CFrame.new(0.857247, 0.473989, 0.257862, 0.734648, 0.585952, -0.341984, -0.554945, 0.808964, 0.193942, 0.390293, 0.047303, 0.919475)
    Left Arm.CFrame = CFrame.new(-0.003943, -0.06182, 0.016473, -0.99308, -0.115271, 0.022462, 0.111772, -0.869016, 0.481994, -0.03604, 0.481169, 0.875887)

[12]
    Time: 0.366667
    HumanoidRootPart.CFrame = CFrame.new(0, 0, 0, 1, 0, 0, 0, 1, 0, 0, 0, 1)
    Torso.CFrame = CFrame.new(-0.230164, -0.016678, -0.531248, 0.919962, -0.34202, -0.191551, 0.334802, 0.939693, -0.069893, 0.203904, 0.000167, 0.978991)
    Head.CFrame = CFrame.new(0, 0, 0.016662, 0.981081, -0.190318, 0.035474, 0.187759, 0.980047, 0.065233, -0.047181, -0.057338, 0.997239)
    Left Leg.CFrame = CFrame.new(-0.669732, 0.347013, -0.295769, 0.95106, -0.004342, -0.308975, 0.101844, 0.948437, 0.30016, 0.29174, -0.316937, 0.902463)
    Right Arm.CFrame = CFrame.new(0.00469, -0.062339, 0.014485, -0.990191, 0.136808, -0.028381, -0.135782, -0.894318, 0.426331, 0.032944, 0.426003, 0.904122)
    Right Leg.CFrame = CFrame.new(0.792297, 0.39807, 0.249772, 0.760806, 0.55156, -0.341987, -0.517249, 0.833614, 0.193756, 0.391953, 0.029482, 0.919513)
    Left Arm.CFrame = CFrame.new(-0.004689, -0.062339, 0.014485, -0.990191, -0.136808, 0.028382, 0.135782, -0.894318, 0.426331, -0.032943, 0.426003, 0.904122)

[13]
    Time: 0.400000
    HumanoidRootPart.CFrame = CFrame.new(0, 0, 0, 1, 0, 0, 0, 1, 0, 0, 0, 1)
    Torso.CFrame = CFrame.new(-0.230125, -0.016678, -0.44645, 0.920029, -0.34202, -0.191231, 0.334802, 0.939693, -0.069893, 0.203603, 0.000278, 0.979053)
    Head.CFrame = CFrame.new(0, 0, 0.016662, 0.981596, -0.190534, 0.012875, 0.189106, 0.979205, 0.073457, -0.026603, -0.06967, 0.997215)
    Left Leg.CFrame = CFrame.new(-0.561601, 0.276342, -0.2323, 0.948504, 0.053192, -0.312268, 0.037811, 0.959741, 0.278331, 0.314502, -0.275805, 0.908306)
    Right Arm.CFrame = CFrame.new(0.005191, -0.062608, 0.013135, -0.987967, 0.151403, -0.031586, -0.151719, -0.909086, 0.388, 0.03003, 0.388123, 0.921118)
    Right Leg.CFrame = CFrame.new(0.737652, 0.351662, 0.239251, 0.780945, 0.522654, -0.341989, -0.485684, 0.852415, 0.19365, 0.392729, 0.014869, 0.919534)
    Left Arm.CFrame = CFrame.new(-0.005191, -0.062608, 0.013135, -0.987967, -0.151403, 0.031586, 0.151719, -0.909086, 0.388, -0.03003, 0.388123, 0.921118)

[14]
    Time: 0.433333
    HumanoidRootPart.CFrame = CFrame.new(0, 0, 0, 1, 0, 0, 0, 1, 0, 0, 0, 1)
    Torso.CFrame = CFrame.new(-0.230075, -0.016678, -0.395015, 0.920069, -0.34202, -0.191037, 0.334802, 0.939693, -0.069893, 0.203421, 0.000346, 0.979091)
    Head.CFrame = CFrame.new(0, -0, 0.016662, 0.981682, -0.190526, -0.000835, 0.190004, 0.978646, 0.078425, -0.014125, -0.077147, 0.99692)
    Left Leg.CFrame = CFrame.new(-0.469393, 0.229, -0.184938, 0.943912, 0.101961, -0.314062, -0.015645, 0.963873, 0.265904, 0.329827, -0.246077, 0.911406)
    Right Arm.CFrame = CFrame.new(0.005495, -0.062741, 0.01231, -0.98651, 0.160295, -0.033226, -0.161301, -0.917164, 0.364407, 0.027939, 0.364851, 0.930647)
    Right Leg.CFrame = CFrame.new(0.699796, 0.324939, 0.230812, 0.793987, 0.502621, -0.34199, -0.463869, 0.864493, 0.193591, 0.392951, 0.00493, 0.919546)
    Left Arm.CFrame = CFrame.new(-0.005494, -0.062741, 0.01231, -0.98651, -0.160295, 0.033226, 0.161301, -0.917164, 0.364407, -0.027939, 0.364851, 0.930647)

[15]
    Time: 0.466667
    HumanoidRootPart.CFrame = CFrame.new(0, 0, 0, 1, 0, 0, 0, 1, 0, 0, 0, 1)
    Torso.CFrame = CFrame.new(-0.230041, -0.016678, -0.368603, 0.92009, -0.34202, -0.190938, 0.334802, 0.939693, -0.069893, 0.203327, 0.000381, 0.979111)
    Head.CFrame = CFrame.new(0, 0, 0.016662, 0.981659, -0.190482, -0.007874, 0.190488, 0.978345, 0.08097, -0.00772, -0.080985, 0.996685)
    Left Leg.CFrame = CFrame.new(-0.406656, 0.201794, -0.154952, 0.939461, 0.135033, -0.314928, -0.05153, 0.964301, 0.259747, 0.33876, -0.227794, 0.912881)
    Right Arm.CFrame = CFrame.new(0.005651, -0.0628, 0.011885, -0.98573, 0.16487, -0.033978, -0.166192, -0.92105, 0.352202, 0.026772, 0.352823, 0.935307)
    Right Leg.CFrame = CFrame.new(0.678754, 0.311472, 0.225827, 0.800908, 0.491516, -0.341991, -0.451798, 0.870868, 0.193563, 0.392968, -0.000515, 0.919552)
    Left Arm.CFrame = CFrame.new(-0.00565, -0.062799, 0.011885, -0.98573, -0.164869, 0.033979, 0.166192, -0.921051, 0.352202, -0.026771, 0.352823, 0.935307)

[16]
    Time: 0.500000
    HumanoidRootPart.CFrame = CFrame.new(0, 0, 0, 1, 0, 0, 0, 1, 0, 0, 0, 1)
    Torso.CFrame = CFrame.new(-0.230028, -0.016678, -0.358873, 0.920097, -0.34202, -0.190901, 0.334802, 0.939693, -0.069893, 0.203293, 0.000394, 0.979118)
    Head.CFrame = CFrame.new(0, 0, 0.016663, 0.981639, -0.190459, -0.010467, 0.190671, 0.978231, 0.081906, -0.00536, -0.082398, 0.996585)
    Left Leg.CFrame = CFrame.new(-0.378845, 0.190837, -0.142104, 0.937136, 0.149669, -0.315239, -0.067323, 0.963926, 0.257515, 0.342409, -0.220104, 0.913406)
    Right Arm.CFrame = CFrame.new(0.005708, -0.062819, 0.011729, -0.985437, 0.166556, -0.03424, -0.167989, -0.922437, 0.347691, 0.026325, 0.34838, 0.936984)
    Right Leg.CFrame = CFrame.new(0.670749, 0.306594, 0.223879, 0.803491, 0.487282, -0.341991, -0.4472, 0.873241, 0.193553, 0.392955, -0.00258, 0.919554)
    Left Arm.CFrame = CFrame.new(-0.005707, -0.062819, 0.011729, -0.985437, -0.166556, 0.034241, 0.167989, -0.922437, 0.347691, -0.026325, 0.34838, 0.936984)

[17]
    Time: 0.533333
    HumanoidRootPart.CFrame = CFrame.new(0, 0, 0, 1, 0, 0, 0, 1, 0, 0, 0, 1)
    Torso.CFrame = CFrame.new(-0.230026, -0.016678, -0.357482, 0.920099, -0.34202, -0.190896, 0.334802, 0.939693, -0.069893, 0.203288, 0.000396, 0.979119)
    Head.CFrame = CFrame.new(0, 0, 0.016662, 0.981636, -0.190455, -0.010838, 0.190697, 0.978215, 0.08204, -0.005023, -0.0826, 0.99657)
    Left Leg.CFrame = CFrame.new(-0.374606, 0.189221, -0.140166, 0.936762, 0.151898, -0.315283, -0.069725, 0.96384, 0.257198, 0.34295, -0.218951, 0.91348)
    Right Arm.CFrame = CFrame.new(0.005716, -0.062822, 0.011706, -0.985395, 0.166797, -0.034277, -0.168245, -0.922633, 0.347046, 0.026261, 0.347744, 0.937221)
    Right Leg.CFrame = CFrame.new(0.669593, 0.305899, 0.223595, 0.803862, 0.486671, -0.341991, -0.446536, 0.873581, 0.193552, 0.392953, -0.002877, 0.919554)
    Left Arm.CFrame = CFrame.new(-0.005716, -0.062822, 0.011706, -0.985395, -0.166797, 0.034278, 0.168245, -0.922634, 0.347046, -0.02626, 0.347744, 0.937222)

[18]
    Time: 0.566667
    HumanoidRootPart.CFrame = CFrame.new(0, 0, 0, 1, 0, 0, 0, 1, 0, 0, 0, 1)
    Torso.CFrame = CFrame.new(-0.228173, -0.016678, -0.361559, 0.920099, -0.34202, -0.190896, 0.334802, 0.939693, -0.069893, 0.203288, 0.000396, 0.979119)
    Head.CFrame = CFrame.new(0, 0, 0.016662, 0.981649, -0.19047, -0.009283, 0.190587, 0.978282, 0.081491, -0.00644, -0.081764, 0.996631)
    Left Leg.CFrame = CFrame.new(-0.389552, 0.194428, -0.146795, 0.938051, 0.143743, -0.315275, -0.061316, 0.964395, 0.257259, 0.341028, -0.221991, 0.913466)
    Right Arm.CFrame = CFrame.new(0.005705, -0.062818, 0.011737, -0.985454, 0.166462, -0.034226, -0.167889, -0.922361, 0.347943, 0.02635, 0.348628, 0.936891)
    Right Leg.CFrame = CFrame.new(0.673059, 0.308511, 0.224096, 0.802559, 0.488833, -0.341967, -0.448353, 0.872372, 0.194798, 0.393547, -0.003015, 0.9193)
    Left Arm.CFrame = CFrame.new(-0.005704, -0.062818, 0.011737, -0.985454, -0.166462, 0.034227, 0.167889, -0.922361, 0.347943, -0.02635, 0.348627, 0.936891)

[19]
    Time: 0.600000
    HumanoidRootPart.CFrame = CFrame.new(0, 0, 0, 1, 0, 0, 0, 1, 0, 0, 0, 1)
    Torso.CFrame = CFrame.new(-0.215202, -0.016678, -0.390095, 0.920099, -0.34202, -0.190896, 0.334802, 0.939693, -0.069893, 0.203288, 0.000396, 0.979119)
    Head.CFrame = CFrame.new(0, -0, 0.016662, 0.981679, -0.190535, 0.001599, 0.189839, 0.978741, 0.077639, -0.016358, -0.075913, 0.99698)
    Left Leg.CFrame = CFrame.new(-0.475288, 0.227218, -0.185663, 0.944101, 0.096508, -0.315214, -0.012723, 0.966143, 0.257694, 0.329412, -0.239279, 0.913364)
    Right Arm.CFrame = CFrame.new(0.005625, -0.06279, 0.011955, -0.985859, 0.164118, -0.033859, -0.16539, -0.920424, 0.354212, 0.026968, 0.354803, 0.934552)
    Right Leg.CFrame = CFrame.new(0.696662, 0.327035, 0.227095, 0.793461, 0.503594, -0.34178, -0.46057, 0.86393, 0.203715, 0.397864, -0.004226, 0.917435)
    Left Arm.CFrame = CFrame.new(-0.005624, -0.062791, 0.011955, -0.98586, -0.164118, 0.03386, 0.16539, -0.920424, 0.354211, -0.026967, 0.354803, 0.934552)

[20]
    Time: 0.633333
    HumanoidRootPart.CFrame = CFrame.new(0, 0, 0, 1, 0, 0, 0, 1, 0, 0, 0, 1)
    Torso.CFrame = CFrame.new(-0.179995, -0.016678, -0.46755, 0.920099, -0.34202, -0.190896, 0.334802, 0.939693, -0.069893, 0.203288, 0.000396, 0.979119)
    Head.CFrame = CFrame.new(0, -0, 0.016662, 0.981214, -0.190392, 0.031144, 0.188001, 0.979872, 0.067134, -0.043299, -0.060017, 0.997258)
    Left Leg.CFrame = CFrame.new(-0.629697, 0.301992, -0.260269, 0.949034, 0.009212, -0.315039, 0.076615, 0.962846, 0.258955, 0.30572, -0.269894, 0.913068)
    Right Arm.CFrame = CFrame.new(0.005409, -0.062705, 0.012545, -0.986933, 0.157762, -0.032783, -0.158581, -0.914933, 0.371145, 0.028559, 0.371494, 0.927996)
    Right Leg.CFrame = CFrame.new(0.754728, 0.378519, 0.230635, 0.769093, 0.540525, -0.34107, -0.489393, 0.841272, 0.229686, 0.411084, -0.009733, 0.911546)
    Left Arm.CFrame = CFrame.new(-0.005408, -0.062706, 0.012545, -0.986933, -0.157762, 0.032783, 0.158581, -0.914933, 0.371145, -0.028558, 0.371494, 0.927996)

[21]
    Time: 0.666667
    HumanoidRootPart.CFrame = CFrame.new(0, 0, 0, 1, 0, 0, 0, 1, 0, 0, 0, 1)
    Torso.CFrame = CFrame.new(-0.111435, -0.016678, -0.618382, 0.920099, -0.34202, -0.190896, 0.334802, 0.939693, -0.069893, 0.203288, 0.000396, 0.979119)
    Head.CFrame = CFrame.new(0, -0, 0.016662, 0.978021, -0.188762, 0.088565, 0.18524, 0.981592, 0.046506, -0.095713, -0.029078, 0.994984)
    Left Leg.CFrame = CFrame.new(-0.808221, 0.432012, -0.359636, 0.944251, -0.096906, -0.314641, 0.184458, 0.947331, 0.261799, 0.272699, -0.305242, 0.912394)
    Right Arm.CFrame = CFrame.new(0.004986, -0.062506, 0.013688, -0.988903, 0.145429, -0.030352, -0.145227, -0.90327, 0.403749, 0.031301, 0.403676, 0.914366)
    Right Leg.CFrame = CFrame.new(0.848058, 0.485675, 0.217127, 0.723455, 0.601683, -0.338512, -0.528643, 0.79817, 0.288898, 0.444015, -0.030053, 0.895515)
    Left Arm.CFrame = CFrame.new(-0.004986, -0.062506, 0.013688, -0.988903, -0.145429, 0.030352, 0.145227, -0.90327, 0.403749, -0.031301, 0.403676, 0.914366)

[22]
    Time: 0.700000
    HumanoidRootPart.CFrame = CFrame.new(0, 0, 0, 1, 0, 0, 0, 1, 0, 0, 0, 1)
    Torso.CFrame = CFrame.new(0.102452, -0.281549, -0.62309, 0.860056, 0.444859, -0.249807, -0.508208, 0.790196, -0.342513, 0.045026, 0.421534, 0.905694)
    Head.CFrame = CFrame.new(0, 0, 0.016662, 0.883066, -0.468269, 0.030302, 0.409194, 0.800052, 0.438723, -0.229684, -0.375022, 0.898111)
    Left Leg.CFrame = CFrame.new(-0.654028, 0.520215, 0.149556, 0.997577, 0.067838, -0.015431, -0.069491, 0.960946, -0.267871, -0.003344, 0.268294, 0.963331)
    Right Arm.CFrame = CFrame.new(0.16563, -0.442002, 0.008144, -0.159444, -0.599673, 0.7842, 0.987072, -0.083698, 0.13669, -0.016333, 0.795856, 0.605266)
    Right Leg.CFrame = CFrame.new(0.293385, 0.863438, -0.699933, 0.901304, -0.320554, -0.291368, 0.414477, 0.442611, 0.795176, -0.125934, -0.837461, 0.53179)
    Left Arm.CFrame = CFrame.new(-0.16563, -0.442003, 0.008144, -0.159444, 0.599674, -0.7842, -0.987072, -0.083698, 0.136689, 0.016333, 0.795856, 0.605266)

[23]
    Time: 0.733333
    HumanoidRootPart.CFrame = CFrame.new(0, 0, 0, 1, 0, 0, 0, 1, 0, 0, 0, 1)
    Torso.CFrame = CFrame.new(0.162406, -0.281549, -0.433235, 0.860056, 0.444859, -0.249807, -0.508208, 0.790196, -0.342513, 0.045026, 0.421534, 0.905694)
    Head.CFrame = CFrame.new(0, -0, 0.016662, 0.883862, -0.46769, 0.007417, 0.420185, 0.800851, 0.426711, -0.205508, -0.374037, 0.904357)
    Left Leg.CFrame = CFrame.new(-0.615921, 0.422026, -0.0477, 0.990684, 0.134989, 0.017997, -0.128917, 0.972189, -0.195522, -0.04389, 0.19138, 0.980534)
    Right Arm.CFrame = CFrame.new(0.154815, -0.419117, 0.006752, -0.182418, -0.610629, 0.77062, 0.981641, -0.068696, 0.177936, -0.055714, 0.788931, 0.61195)
    Right Leg.CFrame = CFrame.new(0.226286, 0.730684, -0.475707, 0.870304, -0.421327, -0.255059, 0.457547, 0.499998, 0.735291, -0.182269, -0.756628, 0.627927)
    Left Arm.CFrame = CFrame.new(-0.154815, -0.419117, 0.006752, -0.182418, 0.61063, -0.77062, -0.981641, -0.068696, 0.177936, 0.055714, 0.788931, 0.611951)

[24]
    Time: 0.766667
    HumanoidRootPart.CFrame = CFrame.new(0, 0, 0, 1, 0, 0, 0, 1, 0, 0, 0, 1)
    Torso.CFrame = CFrame.new(0.202595, -0.281549, -0.305969, 0.860056, 0.444859, -0.249807, -0.508208, 0.790196, -0.342513, 0.045026, 0.421534, 0.905694)
    Head.CFrame = CFrame.new(0, -0, 0.016662, 0.884054, -0.467317, -0.007934, 0.427372, 0.801382, 0.418497, -0.189212, -0.373365, 0.908184)
    Left Leg.CFrame = CFrame.new(-0.519289, 0.32533, -0.174322, 0.975224, 0.218243, 0.036177, -0.210231, 0.965203, -0.15552, -0.068859, 0.144061, 0.98717)
    Right Arm.CFrame = CFrame.new(0.147564, -0.403786, 0.00581, -0.197382, -0.618109, 0.760909, 0.976875, -0.058936, 0.20553, -0.082195, 0.78388, 0.615448)
    Right Leg.CFrame = CFrame.new(0.108348, 0.562354, -0.311129, 0.817839, -0.526121, -0.2331, 0.517739, 0.495946, 0.697125, -0.251167, -0.690822, 0.677997)
    Left Arm.CFrame = CFrame.new(-0.147564, -0.403786, 0.005811, -0.197382, 0.618109, -0.760908, -0.976875, -0.058936, 0.20553, 0.082195, 0.78388, 0.615448)

[25]
    Time: 0.800000
    HumanoidRootPart.CFrame = CFrame.new(0, 0, 0, 1, 0, 0, 0, 1, 0, 0, 0, 1)
    Torso.CFrame = CFrame.new(0.226972, -0.281549, -0.228776, 0.860056, 0.444859, -0.249807, -0.508208, 0.790196, -0.342513, 0.045026, 0.421534, 0.905694)
    Head.CFrame = CFrame.new(0, -0, 0.016662, 0.884038, -0.467097, -0.017246, 0.431659, 0.801703, 0.413453, -0.179297, -0.372952, 0.910362)
    Left Leg.CFrame = CFrame.new(-0.399902, 0.239131, -0.253931, 0.952585, 0.300796, 0.045872, -0.292524, 0.946823, -0.133997, -0.083738, 0.114225, 0.989919)
    Right Arm.CFrame = CFrame.new(0.143166, -0.39449, 0.005237, -0.206278, -0.622692, 0.754787, 0.973546, -0.053139, 0.222225, -0.098269, 0.78066, 0.617181)
    Right Leg.CFrame = CFrame.new(-0.130756, 0.31729, -0.142317, 0.704977, -0.673988, -0.220788, 0.609161, 0.415989, 0.675186, -0.363222, -0.610486, 0.70383)
    Left Arm.CFrame = CFrame.new(-0.143166, -0.39449, 0.005237, -0.206278, 0.622692, -0.754787, -0.973546, -0.053139, 0.222224, 0.098269, 0.78066, 0.617181)

[26]
    Time: 0.833333
    HumanoidRootPart.CFrame = CFrame.new(0, 0, 0, 1, 0, 0, 0, 1, 0, 0, 0, 1)
    Torso.CFrame = CFrame.new(0.23949, -0.281549, -0.189136, 0.860056, 0.444859, -0.249807, -0.508208, 0.790196, -0.342513, 0.045026, 0.421534, 0.905694)
    Head.CFrame = CFrame.new(0, 0, 0.016662, 0.88399, -0.466986, -0.022027, 0.43384, 0.801867, 0.410845, -0.174196, -0.372739, 0.911439)
    Left Leg.CFrame = CFrame.new(-0.285001, 0.168793, -0.299861, 0.927175, 0.371209, 0.050508, -0.363018, 0.92354, -0.123658, -0.092549, 0.096317, 0.991039)
    Right Arm.CFrame = CFrame.new(0.140908, -0.389717, 0.004941, -0.210791, -0.625059, 0.751578, 0.97171, -0.050199, 0.230782, -0.106524, 0.778962, 0.617957)
    Right Leg.CFrame = CFrame.new(-0.127832, 0.311866, -0.136522, 0.707711, -0.67307, -0.214759, 0.611026, 0.430509, 0.664311, -0.354673, -0.601364, 0.715939)
    Left Arm.CFrame = CFrame.new(-0.140907, -0.389718, 0.004942, -0.210791, 0.625059, -0.751578, -0.97171, -0.050199, 0.230782, 0.106524, 0.778962, 0.617957)

[27]
    Time: 0.866667
    HumanoidRootPart.CFrame = CFrame.new(0, 0, 0, 1, 0, 0, 0, 1, 0, 0, 0, 1)
    Torso.CFrame = CFrame.new(0.244102, -0.281549, -0.174531, 0.860056, 0.444859, -0.249807, -0.508208, 0.790196, -0.342513, 0.045026, 0.421534, 0.905694)
    Head.CFrame = CFrame.new(-0, 0, 0.016662, 0.883966, -0.466945, -0.023788, 0.434639, 0.801927, 0.409881, -0.172316, -0.37266, 0.911829)
    Left Leg.CFrame = CFrame.new(-0.205663, 0.124168, -0.320833, 0.907664, 0.416443, 0.052161, -0.408296, 0.904933, -0.119963, -0.09716, 0.087589, 0.991407)
    Right Arm.CFrame = CFrame.new(0.140076, -0.38796, 0.004832, -0.212444, -0.625932, 0.750384, 0.971011, -0.049122, 0.233931, -0.109564, 0.778329, 0.618223)
    Right Leg.CFrame = CFrame.new(-0.126779, 0.309904, -0.134476, 0.708724, -0.672694, -0.212587, 0.611623, 0.435688, 0.660374, -0.351608, -0.598046, 0.720218)
    Left Arm.CFrame = CFrame.new(-0.140075, -0.38796, 0.004832, -0.212444, 0.625933, -0.750384, -0.971012, -0.049123, 0.233931, 0.109564, 0.778328, 0.618224)

[28]
    Time: 0.900000
    HumanoidRootPart.CFrame = CFrame.new(0, 0, 0, 1, 0, 0, 0, 1, 0, 0, 0, 1)
    Torso.CFrame = CFrame.new(0.244761, -0.281549, -0.172445, 0.860056, 0.444859, -0.249807, -0.508208, 0.790196, -0.342513, 0.045026, 0.421534, 0.905694)
    Head.CFrame = CFrame.new(0, -0, 0.016662, 0.883963, -0.46694, -0.02404, 0.434753, 0.801935, 0.409743, -0.172047, -0.372649, 0.911884)
    Left Leg.CFrame = CFrame.new(-0.188019, 0.114556, -0.324545, 0.903113, 0.426194, 0.052395, -0.418049, 0.900538, -0.11944, -0.098089, 0.085964, 0.991458)
    Right Arm.CFrame = CFrame.new(0.139957, -0.387709, 0.004817, -0.21268, -0.626058, 0.750213, 0.970911, -0.048969, 0.234381, -0.109999, 0.778238, 0.618261)
    Right Leg.CFrame = CFrame.new(-0.126629, 0.309625, -0.134188, 0.708869, -0.672639, -0.212279, 0.611704, 0.43642, 0.659814, -0.351174, -0.597574, 0.720821)
    Left Arm.CFrame = CFrame.new(-0.139956, -0.387709, 0.004817, -0.21268, 0.626058, -0.750213, -0.970911, -0.048969, 0.234381, 0.109999, 0.778237, 0.618261)

[29]
    Time: 0.933333
    HumanoidRootPart.CFrame = CFrame.new(0, 0, 0, 1, 0, 0, 0, 1, 0, 0, 0, 1)
    Torso.CFrame = CFrame.new(0.246058, -0.281549, -0.176336, 0.860056, 0.444859, -0.249807, -0.508208, 0.790196, -0.342513, 0.045026, 0.421534, 0.905694)
    Head.CFrame = CFrame.new(0, 0, 0.016662, 0.883933, -0.466898, -0.025847, 0.435571, 0.801997, 0.408752, -0.170117, -0.372568, 0.912279)
    Left Leg.CFrame = CFrame.new(-0.21851, 0.129603, -0.315627, 0.910609, 0.410117, 0.050948, -0.401834, 0.907458, -0.122675, -0.096544, 0.091237, 0.991138)
    Right Arm.CFrame = CFrame.new(0.139973, -0.387761, 0.004828, -0.213617, -0.625542, 0.750376, 0.970872, -0.050617, 0.234192, -0.108515, 0.778547, 0.618134)
    Right Leg.CFrame = CFrame.new(-0.127134, 0.310565, -0.135163, 0.708463, -0.672739, -0.213316, 0.611375, 0.434026, 0.661696, -0.352564, -0.599203, 0.718787)
    Left Arm.CFrame = CFrame.new(-0.139972, -0.387762, 0.004828, -0.213617, 0.625543, -0.750376, -0.970872, -0.050617, 0.234191, 0.108515, 0.778546, 0.618134)

[30]
    Time: 0.966667
    HumanoidRootPart.CFrame = CFrame.new(0, 0, 0, 1, 0, 0, 0, 1, 0, 0, 0, 1)
    Torso.CFrame = CFrame.new(0.255137, -0.281549, -0.203575, 0.860056, 0.444859, -0.249807, -0.508208, 0.790196, -0.342513, 0.045026, 0.421534, 0.905694)
    Head.CFrame = CFrame.new(0, 0, 0.016662, 0.883623, -0.466613, -0.038498, 0.44124, 0.802428, 0.401766, -0.156577, -0.371997, 0.914933)
    Left Leg.CFrame = CFrame.new(-0.329285, 0.183368, -0.264295, 0.935445, 0.351132, 0.04061, -0.342122, 0.928292, -0.145696, -0.088856, 0.122397, 0.988496)
    Right Arm.CFrame = CFrame.new(0.140087, -0.388136, 0.004902, -0.220155, -0.621886, 0.751525, 0.970518, -0.062154, 0.232875, -0.098111, 0.780638, 0.617235)
    Right Leg.CFrame = CFrame.new(-0.130684, 0.317146, -0.142163, 0.705702, -0.673287, -0.220611, 0.60882, 0.417003, 0.674867, -0.362384, -0.610568, 0.704191)
    Left Arm.CFrame = CFrame.new(-0.140087, -0.388136, 0.004902, -0.220155, 0.621887, -0.751525, -0.970519, -0.062154, 0.232875, 0.098111, 0.780637, 0.617236)

[31]
    Time: 1.000000
    HumanoidRootPart.CFrame = CFrame.new(0, 0, 0, 1, 0, 0, 0, 1, 0, 0, 0, 1)
    Torso.CFrame = CFrame.new(0.279782, -0.281549, -0.277509, 0.860056, 0.444859, -0.249807, -0.508208, 0.790196, -0.342513, 0.045026, 0.421534, 0.905694)
    Head.CFrame = CFrame.new(0, -0, 0.016662, 0.881845, -0.465883, -0.072819, 0.456113, 0.803584, 0.382379, -0.119628, -0.370413, 0.921132)
    Left Leg.CFrame = CFrame.new(-0.447585, 0.239083, -0.141149, 0.958003, 0.286555, 0.010748, -0.277921, 0.937066, -0.211343, -0.070634, 0.199481, 0.977353)
    Right Arm.CFrame = CFrame.new(0.140411, -0.389152, 0.005083, -0.237668, -0.611551, 0.754665, 0.968839, -0.09346, 0.229382, -0.069748, 0.785666, 0.614707)
    Right Leg.CFrame = CFrame.new(-0.140471, 0.334981, -0.162757, 0.699039, -0.673365, -0.240675, 0.599569, 0.368505, 0.710437, -0.389693, -0.640925, 0.661328)
    Left Arm.CFrame = CFrame.new(-0.140411, -0.389152, 0.005083, -0.237668, 0.611551, -0.754665, -0.968839, -0.09346, 0.229382, 0.069748, 0.785666, 0.614707)

[32]
    Time: 1.033333
    HumanoidRootPart.CFrame = CFrame.new(0, 0, 0, 1, 0, 0, 0, 1, 0, 0, 0, 1)
    Torso.CFrame = CFrame.new(0.327774, -0.281549, -0.421486, 0.860056, 0.444859, -0.249807, -0.508208, 0.790196, -0.342513, 0.045026, 0.421534, 0.905694)
    Head.CFrame = CFrame.new(0, 0, 0.016662, 0.874464, -0.464653, -0.139324, 0.482798, 0.805767, 0.342995, -0.047111, -0.367202, 0.928947)
    Left Leg.CFrame = CFrame.new(-0.494023, 0.24094, 0.092579, 0.964461, 0.258594, -0.054258, -0.260918, 0.899704, -0.349935, -0.041675, 0.351656, 0.935201)
    Right Arm.CFrame = CFrame.new(0.141097, -0.391126, 0.005347, -0.270708, -0.589754, 0.76086, 0.962558, -0.154215, 0.222937, -0.014142, 0.792722, 0.609419)
    Right Leg.CFrame = CFrame.new(0.069626, 0.5749, -0.380051, 0.801464, -0.528457, -0.27998, 0.51254, 0.365726, 0.776883, -0.308153, -0.766145, 0.563971)
    Left Arm.CFrame = CFrame.new(-0.141097, -0.391126, 0.005347, -0.270708, 0.589754, -0.760859, -0.962558, -0.154215, 0.222937, 0.014142, 0.792722, 0.60942)

[33]
    Time: 1.066667
    HumanoidRootPart.CFrame = CFrame.new(0, 0, 0, 1, 0, 0, 0, 1, 0, 0, 0, 1)
    Torso.CFrame = CFrame.new(-0.04665, -0.539229, -0.507085, 0.928474, 0.090086, 0.360305, 0.076999, 0.902366, -0.424035, -0.363327, 0.421449, 0.830888)
    Head.CFrame = CFrame.new(0, -0, 0.016662, 0.982913, -0.129699, -0.130614, 0.169946, 0.91203, 0.373256, 0.070713, -0.389075, 0.918488)
    Left Leg.CFrame = CFrame.new(-0.550481, 0.811983, -0.157834, 0.918874, -0.162034, 0.359743, -0.058318, 0.845988, 0.530004, -0.390217, -0.507986, 0.767907)
    Right Arm.CFrame = CFrame.new(-0.278128, 0.543091, -0.016009, -0.891919, 0.226925, 0.391133, -0.184833, -0.972361, 0.142655, 0.412695, 0.054942, 0.909211)
    Right Leg.CFrame = CFrame.new(0.468043, 1.02891, -0.256162, 0.971881, -0.231446, -0.04335, 0.234359, 0.932892, 0.273474, -0.022853, -0.275943, 0.960902)
    Left Arm.CFrame = CFrame.new(0.278128, 0.54309, -0.016008, -0.891919, -0.226925, -0.391133, 0.184833, -0.972361, 0.142655, -0.412695, 0.054942, 0.909211)

[34]
    Time: 1.100000
    HumanoidRootPart.CFrame = CFrame.new(0, 0, 0, 1, 0, 0, 0, 1, 0, 0, 0, 1)
    Torso.CFrame = CFrame.new(-0.022146, -0.539229, -0.392724, 0.933913, 0.083641, 0.347577, 0.076999, 0.902367, -0.424035, -0.349109, 0.422775, 0.836292)
    Head.CFrame = CFrame.new(0, 0, 0.016662, 0.976668, -0.130966, -0.170201, 0.18693, 0.90859, 0.373525, 0.105723, -0.396625, 0.911872)
    Left Leg.CFrame = CFrame.new(-0.491702, 0.712374, -0.107722, 0.935891, -0.095676, 0.339049, -0.086843, 0.870058, 0.48524, -0.341418, -0.483576, 0.805971)
    Right Arm.CFrame = CFrame.new(-0.278084, 0.543466, -0.018589, -0.876209, 0.233521, 0.421576, -0.221086, -0.972055, 0.078935, 0.428228, -0.024041, 0.903351)
    Right Leg.CFrame = CFrame.new(0.480472, 0.990015, -0.220592, 0.970072, -0.241862, -0.02153, 0.239983, 0.94146, 0.236771, -0.036996, -0.234852, 0.971327)
    Left Arm.CFrame = CFrame.new(0.278325, 0.543243, -0.017474, -0.884462, -0.224114, -0.409267, 0.199004, -0.97451, 0.103575, -0.422048, 0.010163, 0.906517)

[35]
    Time: 1.133333
    HumanoidRootPart.CFrame = CFrame.new(0, 0, 0, 1, 0, 0, 0, 1, 0, 0, 0, 1)
    Torso.CFrame = CFrame.new(-0.005757, -0.539229, -0.316153, 0.937438, 0.07931, 0.339, 0.076999, 0.902367, -0.424035, -0.339532, 0.423609, 0.839805)
    Head.CFrame = CFrame.new(0, -0, 0.016662, 0.971607, -0.13163, -0.196605, 0.198317, 0.906259, 0.373316, 0.129035, -0.401706, 0.906632)
    Left Leg.CFrame = CFrame.new(-0.439215, 0.63871, -0.081398, 0.944425, -0.044602, 0.325688, -0.115807, 0.882095, 0.456615, -0.307653, -0.468956, 0.827907)
    Right Arm.CFrame = CFrame.new(-0.278105, 0.543822, -0.020302, -0.865266, 0.236416, 0.442066, -0.245936, -0.968594, 0.036625, 0.436841, -0.07703, 0.896235)
    Right Leg.CFrame = CFrame.new(0.488218, 0.960967, -0.198685, 0.968445, -0.249107, -0.007754, 0.244986, 0.945787, 0.213234, -0.045784, -0.208405, 0.97697)
    Left Arm.CFrame = CFrame.new(0.278473, 0.54338, -0.018451, -0.879392, -0.221737, -0.421311, 0.20873, -0.974904, 0.077417, -0.427904, -0.019861, 0.903606)

[36]
    Time: 1.166667
    HumanoidRootPart.CFrame = CFrame.new(0, 0, 0, 1, 0, 0, 0, 1, 0, 0, 0, 1)
    Torso.CFrame = CFrame.new(0.004169, -0.539229, -0.269744, 0.939527, 0.076678, 0.33378, 0.076999, 0.902367, -0.424035, -0.333706, 0.424093, 0.841894)
    Head.CFrame = CFrame.new(0, 0, 0.016662, 0.9682, -0.131958, -0.212546, 0.205214, 0.904838, 0.373036, 0.143094, -0.404791, 0.903143)
    Left Leg.CFrame = CFrame.new(-0.400475, 0.590688, -0.068243, 0.948106, -0.010116, 0.317794, -0.137942, 0.887446, 0.439786, -0.286474, -0.460801, 0.839997)
    Right Arm.CFrame = CFrame.new(-0.278138, 0.544079, -0.02133, -0.858492, 0.237568, 0.454481, -0.261169, -0.965228, 0.011213, 0.441341, -0.10907, 0.890686)
    Right Leg.CFrame = CFrame.new(0.492541, 0.942207, -0.186189, 0.967289, -0.253677, 0.000253, 0.248533, 0.947873, 0.199418, -0.050827, -0.192832, 0.979915)
    Left Arm.CFrame = CFrame.new(0.278568, 0.543476, -0.019041, -0.876292, -0.220105, -0.428564, 0.214712, -0.974734, 0.061584, -0.43129, -0.038052, 0.90141)

[37]
    Time: 1.200000
    HumanoidRootPart.CFrame = CFrame.new(0, 0, 0, 1, 0, 0, 0, 1, 0, 0, 0, 1)
    Torso.CFrame = CFrame.new(0.009262, -0.539229, -0.245923, 0.940586, 0.075326, 0.331095, 0.076999, 0.902366, -0.424035, -0.33071, 0.424336, 0.842953)
    Head.CFrame = CFrame.new(0, -0, 0.016662, 0.966352, -0.132106, -0.220707, 0.208752, 0.904106, 0.372849, 0.150287, -0.406376, 0.901262)
    Left Leg.CFrame = CFrame.new(-0.378069, 0.564861, -0.062337, 0.949447, 0.008874, 0.313802, -0.150862, 0.889507, 0.431297, -0.275302, -0.456835, 0.845879)
    Right Arm.CFrame = CFrame.new(-0.278161, 0.544222, -0.021854, -0.854978, 0.237982, 0.460844, -0.269028, -0.963131, -0.001745, 0.443437, -0.125472, 0.88748)
    Right Leg.CFrame = CFrame.new(0.494622, 0.932248, -0.180008, 0.966644, -0.25609, 0.00426, 0.250512, 0.948789, 0.192464, -0.05333, -0.184977, 0.981295)
    Left Arm.CFrame = CFrame.new(0.278619, 0.543529, -0.019343, -0.874693, -0.219211, -0.432271, 0.217807, -0.974526, 0.053467, -0.43298, -0.047385, 0.900157)

[38]
    Time: 1.233333
    HumanoidRootPart.CFrame = CFrame.new(0, 0, 0, 1, 0, 0, 0, 1, 0, 0, 0, 1)
    Torso.CFrame = CFrame.new(0.011138, -0.539229, -0.237149, 0.940974, 0.074828, 0.330105, 0.076999, 0.902367, -0.424035, -0.329605, 0.424424, 0.843342)
    Head.CFrame = CFrame.new(0, -0, 0.016663, 0.965655, -0.132156, -0.223709, 0.210054, 0.903836, 0.372772, 0.152932, -0.40696, 0.900553)
    Left Leg.CFrame = CFrame.new(-0.369316, 0.555114, -0.060311, 0.949833, 0.016125, 0.312342, -0.155919, 0.890133, 0.428196, -0.271121, -0.455415, 0.847992)
    Right Arm.CFrame = CFrame.new(-0.27817, 0.544278, -0.022047, -0.853678, 0.238105, 0.463185, -0.271928, -0.962296, -0.006502, 0.444173, -0.131504, 0.886238)
    Right Leg.CFrame = CFrame.new(0.495362, 0.928524, -0.177772, 0.966397, -0.256992, 0.005718, 0.251268, 0.949101, 0.189927, -0.054237, -0.182108, 0.981782)
    Left Arm.CFrame = CFrame.new(0.278638, 0.54355, -0.019453, -0.874103, -0.218872, -0.433634, 0.218951, -0.974429, 0.050479, -0.433594, -0.050821, 0.899674)

[39]
    Time: 1.266667
    HumanoidRootPart.CFrame = CFrame.new(0, 0, 0, 1, 0, 0, 0, 1, 0, 0, 0, 1)
    Torso.CFrame = CFrame.new(0.011406, -0.539229, -0.235895, 0.941029, 0.074757, 0.329963, 0.076999, 0.902366, -0.424035, -0.329447, 0.424436, 0.843397)
    Head.CFrame = CFrame.new(0, -0, 0.016662, 0.965555, -0.132163, -0.224137, 0.21024, 0.903797, 0.37276, 0.153309, -0.407043, 0.900451)
    Left Leg.CFrame = CFrame.new(-0.368043, 0.55371, -0.060028, 0.949883, 0.017173, 0.312134, -0.156655, 0.890217, 0.427754, -0.270521, -0.455214, 0.848292)
    Right Arm.CFrame = CFrame.new(-0.278171, 0.544285, -0.022074, -0.853492, 0.238121, 0.46352, -0.272343, -0.962174, -0.007181, 0.444276, -0.132366, 0.886058)
    Right Leg.CFrame = CFrame.new(0.495467, 0.927989, -0.177454, 0.966361, -0.257121, 0.005926, 0.251378, 0.949144, 0.189565, -0.054366, -0.181699, 0.98185)
    Left Arm.CFrame = CFrame.new(0.278641, 0.543553, -0.01947, -0.874019, -0.218823, -0.433829, 0.219115, -0.974414, 0.050052, -0.433682, -0.051312, 0.899604)

[40]
    Time: 1.300000
    HumanoidRootPart.CFrame = CFrame.new(0, 0, 0, 1, 0, 0, 0, 1, 0, 0, 0, 1)
    Torso.CFrame = CFrame.new(0.012165, -0.539229, -0.237223, 0.941029, 0.074757, 0.329963, 0.076999, 0.902366, -0.424035, -0.329447, 0.424436, 0.843397)
