[1]
    Time: 0.000000
    HumanoidRootPart.CFrame = CFrame.new(0, 0, 0, 1, 0, 0, 0, 1, 0, 0, 0, 1)
    Torso.CFrame = CFrame.new(0.000431, 0.115764, -0.011042, -0.99998, -0.006272, 0.000524, 0.006272, -0.99998, -8e-06, 0.000524, -5e-06, 1)
    Left Leg.CFrame = CFrame.new(-0.098886, 0.014813, -0.004188, 0.999844, 0.017651, 0.000385, -0.017654, 0.999804, 0.008987, -0.000227, -0.008992, 0.99996)
    Right Arm.CFrame = CFrame.new(-0.075382, -0.067043, -0.316816, 0.767601, 0.152892, -0.622425, -0.47068, 0.793622, -0.385517, 0.435028, 0.588887, 0.681148)
    Left Arm.CFrame = CFrame.new(0.075382, -0.067043, -0.316817, 0.767602, -0.152897, 0.622423, 0.470668, 0.793642, -0.385493, -0.43504, 0.588859, 0.681164)
    Head.CFrame = CFrame.new(0, -0, 0.016662, 0.999961, -0.008757, -0.00139, 0.008762, 0.999955, 0.003655, 0.001358, -0.003667, 0.999992)
    Right Leg.CFrame = CFrame.new(0.128006, 0.016113, -0.004339, 0.99851, 0.054577, -8.1e-05, -0.054566, 0.99833, 0.018982, 0.001117, -0.018949, 0.99982)

[2]
    Time: 0.017083
    HumanoidRootPart.CFrame = CFrame.new(0, 0, 0, 1, 0, 0, 0, 1, 0, 0, 0, 1)
    Torso.CFrame = CFrame.new(0.001677, 0.115741, -0.011044, -0.999966, -0.007949, 0.002039, 0.007949, -0.999968, -3.5e-05, 0.002039, -1.9e-05, 0.999998)
    Left Leg.CFrame = CFrame.new(-0.091966, 0.013194, -0.004003, 0.99979, 0.020372, 0.002065, -0.020386, 0.999765, 0.007326, -0.001915, -0.007366, 0.999971)
    Right Arm.CFrame = CFrame.new(-0.075383, -0.067045, -0.316814, 0.767605, 0.152862, -0.622427, -0.470686, 0.793593, -0.385572, 0.435014, 0.588934, 0.681116)
    Left Arm.CFrame = CFrame.new(0.075383, -0.067042, -0.316818, 0.76761, -0.152883, 0.622416, 0.470635, 0.79367, -0.385475, -0.43506, 0.588825, 0.681181)
    Head.CFrame = CFrame.new(0, -0, 0.016662, 0.999973, -0.006582, -0.003216, 0.006589, 0.999976, 0.002161, 0.003202, -0.002182, 0.999993)
    Right Leg.CFrame = CFrame.new(0.138529, 0.017824, -0.00421, 0.998162, 0.06058, -0.00136, -0.06054, 0.997951, 0.020691, 0.00261, -0.02057, 0.999785)

[3]
    Time: 0.033750
    HumanoidRootPart.CFrame = CFrame.new(0, 0, 0, 1, 0, 0, 0, 1, 0, 0, 0, 1)
    Torso.CFrame = CFrame.new(0.003667, 0.115699, -0.01105, -0.999933, -0.010696, 0.004458, 0.010696, -0.999943, -8.7e-05, 0.004459, -4e-05, 0.99999)
    Left Leg.CFrame = CFrame.new(-0.080324, 0.010585, -0.003757, 0.999676, 0.024991, 0.004816, -0.025014, 0.999676, 0.004675, -0.004698, -0.004794, 0.999977)
    Right Arm.CFrame = CFrame.new(-0.075384, -0.067046, -0.316811, 0.767614, 0.152813, -0.622429, -0.470694, 0.793544, -0.385662, 0.43499, 0.589013, 0.681063)
    Left Arm.CFrame = CFrame.new(0.075383, -0.067041, -0.31682, 0.767625, -0.152859, 0.622404, 0.470581, 0.793717, -0.385445, -0.435093, 0.588768, 0.681209)
    Head.CFrame = CFrame.new(0, -0, 0.016662, 0.999977, -0.003021, -0.006144, 0.00302, 0.999995, -0.000229, 0.006144, 0.00021, 0.999981)
    Right Leg.CFrame = CFrame.new(0.154011, 0.020543, -0.003954, 0.997577, 0.069486, -0.003443, -0.069387, 0.997315, 0.023428, 0.005061, -0.023132, 0.99972)

[4]
    Time: 0.050833
    HumanoidRootPart.CFrame = CFrame.new(0, 0, 0, 1, 0, 0, 0, 1, 0, 0, 0, 1)
    Torso.CFrame = CFrame.new(0.006332, 0.115629, -0.011066, -0.999866, -0.014474, 0.007699, 0.014473, -0.999895, -0.000172, 0.0077, -6.1e-05, 0.99997)
    Left Leg.CFrame = CFrame.new(-0.062899, 0.006984, -0.003546, 0.999448, 0.032091, 0.0086, -0.032102, 0.999484, 0.001132, -0.00856, -0.001407, 0.999962)
    Right Arm.CFrame = CFrame.new(-0.075387, -0.067047, -0.316807, 0.767625, 0.152745, -0.622431, -0.470706, 0.793476, -0.385787, 0.434957, 0.589122, 0.68099)
    Left Arm.CFrame = CFrame.new(0.075385, -0.067039, -0.316823, 0.767645, -0.152827, 0.622387, 0.470506, 0.793781, -0.385404, -0.435139, 0.58869, 0.681248)
    Head.CFrame = CFrame.new(0, -0, 0.016662, 0.999947, 0.00188, -0.010084, -0.001915, 0.999992, -0.003429, 0.010077, 0.003448, 0.999943)
    Right Leg.CFrame = CFrame.new(0.172617, 0.024148, -0.003525, 0.99675, 0.080309, -0.006294, -0.080111, 0.996417, 0.027105, 0.008448, -0.026512, 0.999613)

[5]
    Time: 0.067917
    HumanoidRootPart.CFrame = CFrame.new(0, 0, 0, 1, 0, 0, 0, 1, 0, 0, 0, 1)
    Torso.CFrame = CFrame.new(0.009602, 0.115524, -0.011098, -0.999747, -0.019245, 0.011674, 0.019243, -0.999815, -0.0003, 0.011677, -7.5e-05, 0.999932)
    Left Leg.CFrame = CFrame.new(-0.037325, 0.002323, -0.003535, 0.998988, 0.04294, 0.013378, -0.042901, 0.999074, -0.003206, -0.013504, 0.002629, 0.999905)
    Right Arm.CFrame = CFrame.new(-0.075389, -0.067049, -0.316802, 0.767639, 0.15266, -0.622435, -0.470721, 0.793391, -0.385944, 0.434916, 0.589259, 0.680898)
    Left Arm.CFrame = CFrame.new(0.075386, -0.067037, -0.316827, 0.76767, -0.152786, 0.622366, 0.470412, 0.793862, -0.385352, -0.435196, 0.588591, 0.681296)
    Head.CFrame = CFrame.new(0, -0, 0.016662, 0.999856, 0.00808, -0.014949, -0.00819, 0.99994, -0.007352, 0.014889, 0.007473, 0.999861)
    Right Leg.CFrame = CFrame.new(0.192972, 0.028537, -0.002882, 0.995682, 0.092305, -0.009878, -0.091952, 0.995261, 0.031636, 0.012751, -0.030591, 0.999451)

[6]
    Time: 0.084583
    HumanoidRootPart.CFrame = CFrame.new(0, 0, 0, 1, 0, 0, 0, 1, 0, 0, 0, 1)
    Torso.CFrame = CFrame.new(0.013407, 0.115374, -0.011152, -0.999555, -0.02497, 0.016299, 0.024965, -0.999688, -0.000482, 0.016306, -7.5e-05, 0.999867)
    Left Leg.CFrame = CFrame.new(0.009125, -0.004165, -0.00418, 0.997752, 0.064232, 0.019112, -0.064085, 0.997911, -0.008238, -0.019601, 0.006995, 0.999783)
    Right Arm.CFrame = CFrame.new(-0.075393, -0.067051, -0.316796, 0.767656, 0.152556, -0.622439, -0.470739, 0.793288, -0.386134, 0.434866, 0.589425, 0.680787)
    Left Arm.CFrame = CFrame.new(0.075388, -0.067034, -0.316831, 0.7677, -0.152736, 0.62234, 0.470297, 0.79396, -0.385289, -0.435266, 0.588471, 0.681355)
    Head.CFrame = CFrame.new(0, -0, 0.016662, 0.999666, 0.015537, -0.020655, -0.015786, 0.999804, -0.011908, 0.020466, 0.01223, 0.999716)
    Right Leg.CFrame = CFrame.new(0.214094, 0.03362, -0.001989, 0.994379, 0.104934, -0.014158, -0.104352, 0.993854, 0.036936, 0.017947, -0.035251, 0.999217)

[7]
    Time: 0.101667
    HumanoidRootPart.CFrame = CFrame.new(0, 0, 0, 1, 0, 0, 0, 1, 0, 0, 0, 1)
    Torso.CFrame = CFrame.new(0.017676, 0.115169, -0.011232, -0.999269, -0.03161, 0.021489, 0.031602, -0.9995, -0.000731, 0.021502, -5.1e-05, 0.999769)
    Left Leg.CFrame = CFrame.new(0.040822, -0.009075, -0.005033, 0.996677, 0.077275, 0.025762, -0.076937, 0.99694, -0.013866, -0.026754, 0.011838, 0.999572)
    Right Arm.CFrame = CFrame.new(-0.075397, -0.067054, -0.316789, 0.767677, 0.152436, -0.622444, -0.47076, 0.793167, -0.386356, 0.434807, 0.589618, 0.680657)
    Left Arm.CFrame = CFrame.new(0.07539, -0.06703, -0.316836, 0.767736, -0.152679, 0.622311, 0.470165, 0.794075, -0.385216, -0.435347, 0.588332, 0.681424)
    Head.CFrame = CFrame.new(0, -0, 0.016662, 0.999339, 0.024214, -0.027115, -0.02468, 0.999551, -0.017007, 0.026691, 0.017664, 0.999488)
    Right Leg.CFrame = CFrame.new(0.235321, 0.039312, -0.000821, 0.992851, 0.117822, -0.019102, -0.116921, 0.992213, 0.042922, 0.02401, -0.040381, 0.998896)

[8]
    Time: 0.118750
    HumanoidRootPart.CFrame = CFrame.new(0, 0, 0, 1, 0, 0, 0, 1, 0, 0, 0, 1)
    Torso.CFrame = CFrame.new(0.022339, 0.114901, -0.011346, -0.998865, -0.039128, 0.027158, 0.039114, -0.999234, -0.001057, 0.027179, 6e-06, 0.999631)
    Left Leg.CFrame = CFrame.new(0.044556, -0.012051, -0.005406, 0.996611, 0.075218, 0.033289, -0.074581, 0.997015, -0.019988, -0.034693, 0.017438, 0.999246)
    Right Arm.CFrame = CFrame.new(-0.075401, -0.067057, -0.316781, 0.7677, 0.152299, -0.622449, -0.470784, 0.79303, -0.386607, 0.434741, 0.589837, 0.680509)
    Left Arm.CFrame = CFrame.new(0.075392, -0.067026, -0.316842, 0.767776, -0.152613, 0.622277, 0.470013, 0.794204, -0.385132, -0.435439, 0.588174, 0.681502)
    Head.CFrame = CFrame.new(0, -0, 0.016662, 0.998833, 0.03407, -0.034244, -0.034853, 0.999138, -0.022553, 0.033446, 0.02372, 0.999159)
    Right Leg.CFrame = CFrame.new(0.256184, 0.045542, 0.00064, 0.991115, 0.130698, -0.024674, -0.129366, 0.99036, 0.049506, 0.030906, -0.045874, 0.998469)

[9]
    Time: 0.135417
    HumanoidRootPart.CFrame = CFrame.new(0, 0, 0, 1, 0, 0, 0, 1, 0, 0, 0, 1)
    Torso.CFrame = CFrame.new(0.027325, 0.114558, -0.011497, -0.99832, -0.047483, 0.033219, 0.04746, -0.998872, -0.001473, 0.033252, 0.000106, 0.999447)
    Left Leg.CFrame = CFrame.new(0.048704, -0.015214, -0.00587, 0.996464, 0.072973, 0.041656, -0.071909, 0.997059, -0.026505, -0.043467, 0.023415, 0.99878)
    Right Arm.CFrame = CFrame.new(-0.075406, -0.067061, -0.316772, 0.767725, 0.152146, -0.622455, -0.470811, 0.792878, -0.386888, 0.434667, 0.590082, 0.680344)
    Left Arm.CFrame = CFrame.new(0.075395, -0.067022, -0.316848, 0.767821, -0.15254, 0.622239, 0.469845, 0.794349, -0.385039, -0.435541, 0.587997, 0.681589)
    Head.CFrame = CFrame.new(0, 0, 0.016662, 0.998103, 0.045064, -0.041951, -0.046279, 0.998523, -0.028452, 0.040607, 0.030339, 0.998715)
    Right Leg.CFrame = CFrame.new(0.276178, 0.05221, 0.0024, 0.989202, 0.143274, -0.03084, -0.141384, 0.988335, 0.056603, 0.03859, -0.051632, 0.99792)

[10]
    Time: 0.152500
    HumanoidRootPart.CFrame = CFrame.new(0, 0, 0, 1, 0, 0, 0, 1, 0, 0, 0, 1)
    Torso.CFrame = CFrame.new(0.032562, 0.114133, -0.011688, -0.99761, -0.056636, 0.039586, 0.056601, -0.998395, -0.00199, 0.039635, 0.000255, 0.999214)
    Left Leg.CFrame = CFrame.new(0.053246, -0.018514, -0.006438, 0.996212, 0.070562, 0.05082, -0.068923, 0.997066, -0.033313, -0.053022, 0.029684, 0.998152)
    Right Arm.CFrame = CFrame.new(-0.075412, -0.067064, -0.316762, 0.767753, 0.151978, -0.622461, -0.470841, 0.792709, -0.387197, 0.434585, 0.590351, 0.680163)
    Left Arm.CFrame = CFrame.new(0.075398, -0.067018, -0.316855, 0.767871, -0.15246, 0.622198, 0.469659, 0.794509, -0.384937, -0.435654, 0.587802, 0.681684)
    Head.CFrame = CFrame.new(0, -0, 0.016662, 0.997105, 0.057154, -0.050143, -0.058927, 0.997662, -0.034607, 0.048048, 0.037462, 0.998142)
    Right Leg.CFrame = CFrame.new(0.29543, 0.059297, 0.004469, 0.987108, 0.155586, -0.037565, -0.152994, 0.986145, 0.064126, 0.047022, -0.057552, 0.997235)

[11]
    Time: 0.169583
    HumanoidRootPart.CFrame = CFrame.new(0, 0, 0, 1, 0, 0, 0, 1, 0, 0, 0, 1)
    Torso.CFrame = CFrame.new(0.037978, 0.113617, -0.011922, -0.996715, -0.066546, 0.046171, 0.066496, -0.997783, -0.002618, 0.046242, 0.000461, 0.99893)
    Left Leg.CFrame = CFrame.new(0.058161, -0.0219, -0.007116, 0.995834, 0.068001, 0.060743, -0.065623, 0.99703, -0.040312, -0.063304, 0.036158, 0.997339)
    Right Arm.CFrame = CFrame.new(-0.075418, -0.067069, -0.316751, 0.767784, 0.151795, -0.622468, -0.470873, 0.792526, -0.387533, 0.434496, 0.590645, 0.679964)
    Left Arm.CFrame = CFrame.new(0.075401, -0.067013, -0.316863, 0.767925, -0.152372, 0.622153, 0.469457, 0.794682, -0.384825, -0.435777, 0.587591, 0.681788)
    Head.CFrame = CFrame.new(0, 0, 0.016662, 0.995797, 0.070293, -0.058721, -0.072756, 0.99651, -0.040921, 0.05564, 0.045021, 0.997435)
    Right Leg.CFrame = CFrame.new(0.313577, 0.066712, 0.00684, 0.984866, 0.167422, -0.044814, -0.163971, 0.983835, 0.071983, 0.056141, -0.063545, 0.996399)

[12]
    Time: 0.186250
    HumanoidRootPart.CFrame = CFrame.new(0, 0, 0, 1, 0, 0, 0, 1, 0, 0, 0, 1)
    Torso.CFrame = CFrame.new(0.043501, 0.113004, -0.012198, -0.995614, -0.077173, 0.052885, 0.077103, -0.997018, -0.003363, 0.052987, 0.000729, 0.998595)
    Left Leg.CFrame = CFrame.new(0.063427, -0.025321, -0.007915, 0.995309, 0.065308, 0.071383, -0.062016, 0.996949, -0.047401, -0.07426, 0.042752, 0.996322)
    Right Arm.CFrame = CFrame.new(-0.075424, -0.067073, -0.31674, 0.767817, 0.151597, -0.622475, -0.470907, 0.792328, -0.387896, 0.434401, 0.590961, 0.679751)
    Left Arm.CFrame = CFrame.new(0.075404, -0.067007, -0.316871, 0.767983, -0.152277, 0.622104, 0.469239, 0.79487, -0.384705, -0.43591, 0.587362, 0.681901)
    Head.CFrame = CFrame.new(0, -0, 0.016662, 0.994135, 0.084429, -0.067583, -0.08772, 0.995022, -0.047297, 0.063254, 0.052948, 0.996592)
    Right Leg.CFrame = CFrame.new(0.330331, 0.074359, 0.009496, 0.982516, 0.17861, -0.052551, -0.174135, 0.98146, 0.080083, 0.065881, -0.069531, 0.995402)

[13]
    Time: 0.203333
    HumanoidRootPart.CFrame = CFrame.new(0, 0, 0, 1, 0, 0, 0, 1, 0, 0, 0, 1)
    Torso.CFrame = CFrame.new(0.049057, 0.112288, -0.012514, -0.994291, -0.088474, 0.05964, 0.088379, -0.996078, -0.004233, 0.05978, 0.001062, 0.998211)
    Left Leg.CFrame = CFrame.new(0.069024, -0.028728, -0.00884, 0.994613, 0.062498, 0.082697, -0.058107, 0.996823, -0.054477, -0.085838, 0.049378, 0.995085)
    Right Arm.CFrame = CFrame.new(-0.075431, -0.067078, -0.316727, 0.767852, 0.151386, -0.622483, -0.470944, 0.792116, -0.388284, 0.434298, 0.591299, 0.679523)
    Left Arm.CFrame = CFrame.new(0.075408, -0.067001, -0.31688, 0.768045, -0.152176, 0.622052, 0.469005, 0.79507, -0.384576, -0.436052, 0.587117, 0.682021)
    Head.CFrame = CFrame.new(0, 0, 0.016662, 0.992082, 0.099508, -0.07662, -0.103758, 0.993155, -0.053638, 0.070758, 0.061164, 0.995617)
    Right Leg.CFrame = CFrame.new(0.345933, 0.082225, 0.012435, 0.980048, 0.189251, -0.060738, -0.18358, 0.979028, 0.088331, 0.076181, -0.075418, 0.994238)

[14]
    Time: 0.220417
    HumanoidRootPart.CFrame = CFrame.new(0, 0, 0, 1, 0, 0, 0, 1, 0, 0, 0, 1)
    Torso.CFrame = CFrame.new(0.054574, 0.111468, -0.012866, -0.992732, -0.100407, 0.066346, 0.100282, -0.994945, -0.00523, 0.066536, 0.001461, 0.997783)
    Left Leg.CFrame = CFrame.new(0.074929, -0.032071, -0.009898, 0.993727, 0.059582, 0.094642, -0.053906, 0.996654, -0.061439, -0.097987, 0.055952, 0.993614)
    Right Arm.CFrame = CFrame.new(-0.075439, -0.067083, -0.316714, 0.76789, 0.151161, -0.622491, -0.470983, 0.791891, -0.388696, 0.434189, 0.591658, 0.67928)
    Left Arm.CFrame = CFrame.new(0.075412, -0.066995, -0.316889, 0.768111, -0.152068, 0.621997, 0.468757, 0.795282, -0.384439, -0.436202, 0.586857, 0.682148)
    Head.CFrame = CFrame.new(0, -0, 0.016662, 0.989606, 0.11547, -0.085716, -0.120802, 0.990871, -0.059852, 0.078022, 0.069585, 0.99452)
    Right Leg.CFrame = CFrame.new(0.359956, 0.090173, 0.015622, 0.977522, 0.199107, -0.069336, -0.192068, 0.976613, 0.09663, 0.086954, -0.081141, 0.992902)

[15]
    Time: 0.237083
    HumanoidRootPart.CFrame = CFrame.new(0, 0, 0, 1, 0, 0, 0, 1, 0, 0, 0, 1)
    Torso.CFrame = CFrame.new(0.059977, 0.110542, -0.013248, -0.990924, -0.112929, 0.072915, 0.112767, -0.993601, -0.006356, 0.073166, 0.001924, 0.997318)
    Left Leg.CFrame = CFrame.new(0.08112, -0.0353, -0.011091, 0.992629, 0.056571, 0.107177, -0.049426, 0.996448, -0.068187, -0.110654, 0.062387, 0.991899)
    Right Arm.CFrame = CFrame.new(-0.075447, -0.067088, -0.3167, 0.76793, 0.150924, -0.622499, -0.471024, 0.791653, -0.389131, 0.434074, 0.592037, 0.679022)
    Left Arm.CFrame = CFrame.new(0.075416, -0.066988, -0.316899, 0.768181, -0.151955, 0.621939, 0.468495, 0.795506, -0.384295, -0.436361, 0.586583, 0.682283)
    Head.CFrame = CFrame.new(0, -0, 0.016662, 0.986677, 0.132249, -0.094752, -0.138768, 0.988133, -0.065849, 0.084919, 0.07812, 0.993321)
    Right Leg.CFrame = CFrame.new(0.372635, 0.098184, 0.01905, 0.97493, 0.208277, -0.078305, -0.199703, 0.974227, 0.104881, 0.098131, -0.086614, 0.991397)

[16]
    Time: 0.254167
    HumanoidRootPart.CFrame = CFrame.new(0, 0, 0, 1, 0, 0, 0, 1, 0, 0, 0, 1)
    Torso.CFrame = CFrame.new(0.065192, 0.109512, -0.013653, -0.98886, -0.125995, 0.079255, 0.125789, -0.992028, -0.007608, 0.079582, 0.002446, 0.996825)
    Left Leg.CFrame = CFrame.new(0.087576, -0.038364, -0.012422, 0.991302, 0.053468, 0.120256, -0.044681, 0.996211, -0.07462, -0.12379, 0.068598, 0.989935)
    Right Arm.CFrame = CFrame.new(-0.075455, -0.067094, -0.316685, 0.767972, 0.150675, -0.622508, -0.471067, 0.791402, -0.389588, 0.433953, 0.592436, 0.678752)
    Left Arm.CFrame = CFrame.new(0.07542, -0.066981, -0.316909, 0.768254, -0.151835, 0.621878, 0.468219, 0.795742, -0.384142, -0.436528, 0.586294, 0.682424)
    Head.CFrame = CFrame.new(0, 0, 0.016662, 0.983277, 0.149776, -0.103602, -0.157563, 0.984914, -0.071544, 0.091324, 0.086672, 0.992042)
    Right Leg.CFrame = CFrame.new(0.383681, 0.106127, 0.022678, 0.972322, 0.216601, -0.087601, -0.206336, 0.971936, 0.112984, 0.109615, -0.091781, 0.989728)

[17]
    Time: 0.271250
    HumanoidRootPart.CFrame = CFrame.new(0, 0, 0, 1, 0, 0, 0, 1, 0, 0, 0, 1)
    Torso.CFrame = CFrame.new(0.070146, 0.108383, -0.014072, -0.986535, -0.139561, 0.085277, 0.139304, -0.990209, -0.008981, 0.085696, 0.00302, 0.996317)
    Left Leg.CFrame = CFrame.new(0.094272, -0.041216, -0.013891, 0.989727, 0.050278, 0.133834, -0.03969, 0.995953, -0.08064, -0.137347, 0.0745, 0.987717)
    Right Arm.CFrame = CFrame.new(-0.075463, -0.067099, -0.31667, 0.768016, 0.150414, -0.622517, -0.471112, 0.791139, -0.390067, 0.433826, 0.592853, 0.678469)
    Left Arm.CFrame = CFrame.new(0.075425, -0.066974, -0.31692, 0.768331, -0.15171, 0.621813, 0.46793, 0.795989, -0.383983, -0.436703, 0.585991, 0.682572)
    Head.CFrame = CFrame.new(0, 0, 0.016662, 0.979392, 0.167978, -0.112136, -0.177086, 0.98119, -0.076859, 0.097117, 0.095133, 0.990716)
    Right Leg.CFrame = CFrame.new(0.393073, 0.113913, 0.026478, 0.969719, 0.224056, -0.097182, -0.21196, 0.969779, 0.120834, 0.121319, -0.096576, 0.987904)

[18]
    Time: 0.288333
    HumanoidRootPart.CFrame = CFrame.new(0, 0, 0, 1, 0, 0, 0, 1, 0, 0, 0, 1)
    Torso.CFrame = CFrame.new(0.074764, 0.107162, -0.014492, -0.983947, -0.153581, 0.090891, 0.153267, -0.988129, -0.010465, 0.09142, 0.003633, 0.995806)
    Left Leg.CFrame = CFrame.new(0.101187, -0.043808, -0.015496, 0.98789, 0.046999, 0.147867, -0.034476, 0.995686, -0.086148, -0.151278, 0.080007, 0.985248)
    Right Arm.CFrame = CFrame.new(-0.075472, -0.067106, -0.316653, 0.768061, 0.150142, -0.622527, -0.471159, 0.790865, -0.390566, 0.433694, 0.593288, 0.678173)
    Left Arm.CFrame = CFrame.new(0.075429, -0.066967, -0.316932, 0.768411, -0.151579, 0.621747, 0.467629, 0.796246, -0.383817, -0.436885, 0.585676, 0.682727)
    Head.CFrame = CFrame.new(0, -0, 0.016662, 0.975019, 0.186776, -0.12022, -0.197222, 0.976947, -0.081723, 0.102185, 0.103391, 0.989378)
    Right Leg.CFrame = CFrame.new(0.400981, 0.121494, 0.030432, 0.967121, 0.230713, -0.107, -0.216671, 0.967773, 0.128329, 0.133159, -0.100926, 0.985942)

[19]
    Time: 0.305000
    HumanoidRootPart.CFrame = CFrame.new(0, 0, 0, 1, 0, 0, 0, 1, 0, 0, 0, 1)
    Torso.CFrame = CFrame.new(0.078972, 0.105859, -0.014902, -0.981099, -0.16801, 0.096008, 0.167632, -0.985776, -0.01205, 0.096666, 0.004272, 0.995308)
    Left Leg.CFrame = CFrame.new(0.108297, -0.046091, -0.017235, 0.985775, 0.043626, 0.162309, -0.029062, 0.995422, -0.091047, -0.165538, 0.085035, 0.982531)
    Right Arm.CFrame = CFrame.new(-0.075482, -0.067113, -0.316637, 0.768109, 0.149859, -0.622536, -0.471208, 0.79058, -0.391084, 0.433557, 0.593739, 0.677866)
    Left Arm.CFrame = CFrame.new(0.075434, -0.066959, -0.316943, 0.768493, -0.151444, 0.621677, 0.467317, 0.796513, -0.383644, -0.437073, 0.585348, 0.682887)
    Head.CFrame = CFrame.new(0, -0, 0.016662, 0.970163, 0.206091, -0.127716, -0.21785, 0.97218, -0.086072, 0.106425, 0.111326, 0.988069)
    Right Leg.CFrame = CFrame.new(0.407102, 0.128701, 0.034487, 0.964581, 0.236417, -0.117008, -0.220341, 0.965985, 0.135366, 0.145031, -0.10479, 0.983862)

[20]
    Time: 0.322083
    HumanoidRootPart.CFrame = CFrame.new(0, 0, 0, 1, 0, 0, 0, 1, 0, 0, 0, 1)
    Torso.CFrame = CFrame.new(0.082697, 0.104487, -0.015287, -0.977996, -0.182802, 0.100537, 0.182353, -0.983137, -0.013717, 0.101349, 0.004918, 0.994839)
    Left Leg.CFrame = CFrame.new(0.115579, -0.048019, -0.019104, 0.983371, 0.04015, 0.177113, -0.023478, 0.995177, -0.09524, -0.180083, 0.089498, 0.979571)
    Right Arm.CFrame = CFrame.new(-0.075491, -0.067119, -0.316619, 0.768158, 0.149566, -0.622546, -0.471259, 0.790284, -0.39162, 0.433415, 0.594206, 0.677547)
    Left Arm.CFrame = CFrame.new(0.075439, -0.066951, -0.316955, 0.768579, -0.151303, 0.621606, 0.466993, 0.796789, -0.383465, -0.437269, 0.585008, 0.683053)
    Head.CFrame = CFrame.new(0, 0, 0.016662, 0.964837, 0.225838, -0.134484, -0.238843, 0.966892, -0.089853, 0.10974, 0.118814, 0.986834)
    Right Leg.CFrame = CFrame.new(0.411494, 0.135444, 0.038614, 0.962111, 0.241191, -0.127156, -0.223028, 0.964438, 0.14184, 0.156844, -0.108106, 0.981689)

[21]
    Time: 0.339167
    HumanoidRootPart.CFrame = CFrame.new(0, 0, 0, 1, 0, 0, 0, 1, 0, 0, 0, 1)
    Torso.CFrame = CFrame.new(0.085867, 0.103062, -0.015635, -0.974646, -0.19791, 0.10439, 0.197384, -0.980204, -0.015449, 0.105381, 0.005547, 0.994416)
    Left Leg.CFrame = CFrame.new(0.123011, -0.049546, -0.021096, 0.980668, 0.036558, 0.192235, -0.017756, 0.994965, -0.098634, -0.194873, 0.093314, 0.97638)
    Right Arm.CFrame = CFrame.new(-0.075501, -0.067126, -0.316602, 0.768209, 0.149264, -0.622555, -0.47131, 0.789979, -0.392174, 0.433268, 0.594688, 0.677219)
    Left Arm.CFrame = CFrame.new(0.075445, -0.066942, -0.316968, 0.768668, -0.151158, 0.621532, 0.466658, 0.797074, -0.383281, -0.43747, 0.584658, 0.683224)
    Head.CFrame = CFrame.new(0, -0, 0.016662, 0.959067, 0.245935, -0.140383, -0.260071, 0.961098, -0.09302, 0.112045, 0.125722, 0.985718)
    Right Leg.CFrame = CFrame.new(0.4141, 0.141595, 0.04277, 0.959738, 0.245005, -0.137391, -0.224744, 0.963167, 0.147648, 0.168505, -0.110826, 0.979451)

[22]
    Time: 0.355833
    HumanoidRootPart.CFrame = CFrame.new(0, 0, 0, 1, 0, 0, 0, 1, 0, 0, 0, 1)
    Torso.CFrame = CFrame.new(0.088408, 0.101605, -0.015929, -0.971059, -0.213289, 0.107479, 0.212681, -0.97697, -0.017221, 0.108676, 0.006136, 0.994058)
    Left Leg.CFrame = CFrame.new(0.130567, -0.050626, -0.023205, 0.977657, 0.032832, 0.207627, -0.01193, 0.994801, -0.101134, -0.209868, 0.096397, 0.972966)
    Right Arm.CFrame = CFrame.new(-0.075511, -0.067133, -0.316583, 0.768261, 0.148953, -0.622565, -0.471364, 0.789664, -0.392743, 0.433117, 0.595184, 0.676879)
    Left Arm.CFrame = CFrame.new(0.07545, -0.066934, -0.316981, 0.768759, -0.151008, 0.621455, 0.466314, 0.797367, -0.38309, -0.437678, 0.584297, 0.6834)
    Head.CFrame = CFrame.new(0, -0, 0.016662, 0.952882, 0.266294, -0.145272, -0.281401, 0.954822, -0.095539, 0.113267, 0.131917, 0.984768)
    Right Leg.CFrame = CFrame.new(0.414849, 0.147017, 0.04691, 0.957485, 0.247826, -0.147661, -0.2255, 0.962203, 0.152691, 0.179921, -0.112902, 0.977181)

[23]
    Time: 0.372917
    HumanoidRootPart.CFrame = CFrame.new(0, 0, 0, 1, 0, 0, 0, 1, 0, 0, 0, 1)
    Torso.CFrame = CFrame.new(0.090248, 0.100137, -0.016157, -0.967249, -0.228892, 0.109716, 0.228198, -0.973429, -0.019006, 0.111151, 0.006654, 0.993781)
    Left Leg.CFrame = CFrame.new(0.138226, -0.051213, -0.025425, 0.974333, 0.028953, 0.223243, -0.006039, 0.9947, -0.102647, -0.225032, 0.098664, 0.969343)
    Right Arm.CFrame = CFrame.new(-0.075522, -0.067141, -0.316565, 0.768315, 0.148633, -0.622575, -0.471419, 0.78934, -0.393328, 0.432962, 0.595693, 0.676531)
    Left Arm.CFrame = CFrame.new(0.075456, -0.066925, -0.316994, 0.768852, -0.150855, 0.621377, 0.46596, 0.797668, -0.382895, -0.437891, 0.583926, 0.68358)
    Head.CFrame = CFrame.new(0, -0, 0.016662, 0.946322, 0.286829, -0.149008, -0.302701, 0.948097, -0.097384, 0.113342, 0.137261, 0.984029)
    Right Leg.CFrame = CFrame.new(0.413727, 0.151584, 0.050991, 0.955373, 0.249653, -0.157911, -0.225343, 0.961568, 0.156869, 0.191005, -0.114285, 0.974913)

[24]
    Time: 0.390000
    HumanoidRootPart.CFrame = CFrame.new(0, 0, 0, 1, 0, 0, 0, 1, 0, 0, 0, 1)
    Torso.CFrame = CFrame.new(0.091316, 0.098684, -0.016305, -0.96323, -0.244672, 0.111014, 0.243891, -0.96958, -0.020772, 0.11272, 0.007067, 0.993602)
    Left Leg.CFrame = CFrame.new(0.145964, -0.051264, -0.027747, 0.970692, 0.024894, 0.239036, -0.000125, 0.994673, -0.103082, -0.240329, 0.100031, 0.965524)
    Right Arm.CFrame = CFrame.new(-0.075533, -0.067148, -0.316545, 0.768371, 0.148306, -0.622585, -0.471475, 0.789008, -0.393926, 0.432803, 0.596214, 0.676173)
    Left Arm.CFrame = CFrame.new(0.075461, -0.066916, -0.317008, 0.768948, -0.150697, 0.621297, 0.465597, 0.797975, -0.382694, -0.438109, 0.583546, 0.683765)
    Head.CFrame = CFrame.new(0, 0, 0.016662, 0.939433, 0.307454, -0.151453, -0.323841, 0.940967, -0.098534, 0.112218, 0.141613, 0.983541)
    Right Leg.CFrame = CFrame.new(0.410799, 0.155192, 0.054975, 0.953406, 0.250526, -0.168087, -0.224367, 0.961265, 0.160089, 0.201683, -0.114916, 0.972686)

[25]
    Time: 0.406667
    HumanoidRootPart.CFrame = CFrame.new(0, 0, 0, 1, 0, 0, 0, 1, 0, 0, 0, 1)
    Torso.CFrame = CFrame.new(0.091542, 0.097274, -0.016361, -0.959016, -0.260583, 0.111289, 0.259714, -0.965424, -0.022486, 0.1133, 0.007339, 0.993534)
    Left Leg.CFrame = CFrame.new(0.153757, -0.050733, -0.030166, 0.966732, 0.020626, 0.254959, 0.005769, 0.994732, -0.102347, -0.255727, 0.100413, 0.96152)
    Right Arm.CFrame = CFrame.new(-0.075544, -0.067156, -0.316525, 0.768427, 0.147971, -0.622595, -0.471532, 0.788668, -0.394539, 0.43264, 0.596747, 0.675807)
    Left Arm.CFrame = CFrame.new(0.075467, -0.066906, -0.317022, 0.769045, -0.150536, 0.621215, 0.465226, 0.79829, -0.382489, -0.438331, 0.583157, 0.683954)
    Head.CFrame = CFrame.new(0, -0, 0.016662, 0.932264, 0.32808, -0.152468, -0.344696, 0.933482, -0.098979, 0.109853, 0.14483, 0.983339)
    Right Leg.CFrame = CFrame.new(0.405707, 0.157614, 0.058768, 0.951645, 0.250282, -0.178132, -0.222462, 0.961345, 0.162257, 0.211857, -0.114783, 0.970537)

[26]
    Time: 0.423750
    HumanoidRootPart.CFrame = CFrame.new(0, 0, 0, 1, 0, 0, 0, 1, 0, 0, 0, 1)
    Torso.CFrame = CFrame.new(0.09098, 0.095923, -0.01633, -0.954605, -0.276577, 0.110607, 0.275623, -0.960963, -0.024129, 0.112962, 0.007452, 0.993571)
    Left Leg.CFrame = CFrame.new(0.161581, -0.049661, -0.032683, 0.962454, 0.01614, 0.270964, 0.011615, 0.994868, -0.100515, -0.271195, 0.099888, 0.957327)
    Right Arm.CFrame = CFrame.new(-0.075555, -0.067164, -0.316505, 0.768485, 0.14763, -0.622604, -0.47159, 0.788321, -0.395162, 0.432474, 0.59729, 0.675433)
    Left Arm.CFrame = CFrame.new(0.075473, -0.066897, -0.317036, 0.769145, -0.150372, 0.621131, 0.464847, 0.798611, -0.38228, -0.438558, 0.58276, 0.684147)
    Head.CFrame = CFrame.new(0, 0, 0.016662, 0.924779, 0.348542, -0.152651, -0.365223, 0.925628, -0.099118, 0.106752, 0.147414, 0.983297)
    Right Leg.CFrame = CFrame.new(0.39872, 0.158913, 0.062319, 0.950068, 0.249057, -0.187995, -0.219778, 0.961759, 0.163455, 0.221515, -0.113976, 0.968473)

[27]
    Time: 0.440833
    HumanoidRootPart.CFrame = CFrame.new(0, 0, 0, 1, 0, 0, 0, 1, 0, 0, 0, 1)
    Torso.CFrame = CFrame.new(0.089771, 0.094632, -0.016229, -0.949984, -0.292608, 0.109137, 0.291571, -0.956204, -0.025698, 0.111876, 0.007408, 0.993695)
    Left Leg.CFrame = CFrame.new(0.169414, -0.048132, -0.035306, 0.957861, 0.011449, 0.287003, 0.0174, 0.995057, -0.097766, -0.286703, 0.09864, 0.952928)
    Right Arm.CFrame = CFrame.new(-0.075566, -0.067172, -0.316485, 0.768544, 0.147282, -0.622614, -0.471649, 0.787967, -0.395798, 0.432305, 0.597843, 0.675052)
    Left Arm.CFrame = CFrame.new(0.075479, -0.066888, -0.317051, 0.769246, -0.150205, 0.621047, 0.464462, 0.798937, -0.382067, -0.438789, 0.582356, 0.684344)
    Head.CFrame = CFrame.new(0, -0, 0.016662, 0.916938, 0.368659, -0.152689, -0.385388, 0.917389, -0.09937, 0.103442, 0.14996, 0.983266)
    Right Leg.CFrame = CFrame.new(0.390045, 0.159224, 0.065553, 0.948666, 0.24694, -0.197621, -0.216393, 0.962455, 0.163872, 0.230668, -0.112696, 0.966484)

[28]
    Time: 0.457500
    HumanoidRootPart.CFrame = CFrame.new(0, 0, 0, 1, 0, 0, 0, 1, 0, 0, 0, 1)
    Torso.CFrame = CFrame.new(0.08797, 0.093416, -0.016065, -0.945151, -0.308631, 0.106947, 0.307516, -0.951155, -0.027177, 0.11011, 0.007202, 0.993893)
    Left Leg.CFrame = CFrame.new(0.177232, -0.046186, -0.038035, 0.952958, 0.006557, 0.303031, 0.023097, 0.995288, -0.094173, -0.30222, 0.096742, 0.948316)
    Right Arm.CFrame = CFrame.new(-0.075578, -0.06718, -0.316464, 0.768604, 0.146929, -0.622624, -0.471709, 0.787607, -0.396443, 0.432134, 0.598404, 0.674665)
    Left Arm.CFrame = CFrame.new(0.075485, -0.066878, -0.317065, 0.769349, -0.150034, 0.62096, 0.46407, 0.799269, -0.38185, -0.439023, 0.581945, 0.684543)
    Head.CFrame = CFrame.new(0, -0, 0.016662, 0.908803, 0.388325, -0.152582, -0.405082, 0.908822, -0.099756, 0.099932, 0.152466, 0.983243)
    Right Leg.CFrame = CFrame.new(0.380108, 0.158685, 0.068456, 0.947401, 0.244133, -0.206957, -0.212513, 0.963368, 0.163585, 0.239313, -0.111, 0.964577)

[29]
    Time: 0.474583
    HumanoidRootPart.CFrame = CFrame.new(0, 0, 0, 1, 0, 0, 0, 1, 0, 0, 0, 1)
    Torso.CFrame = CFrame.new(0.085633, 0.092285, -0.015849, -0.940105, -0.3246, 0.104105, 0.323414, -0.945827, -0.028551, 0.107733, 0.006828, 0.994156)
    Left Leg.CFrame = CFrame.new(0.185012, -0.043861, -0.040871, 0.947753, 0.00147, 0.319001, 0.028684, 0.995546, -0.089809, -0.317713, 0.094267, 0.94349)
    Right Arm.CFrame = CFrame.new(-0.07559, -0.067188, -0.316443, 0.768664, 0.14657, -0.622633, -0.471769, 0.787241, -0.397098, 0.43196, 0.598974, 0.674271)
    Left Arm.CFrame = CFrame.new(0.075491, -0.066867, -0.31708, 0.769453, -0.149862, 0.620873, 0.463672, 0.799605, -0.38163, -0.439261, 0.581527, 0.684745)
    Head.CFrame = CFrame.new(0, 0, 0.016662, 0.900437, 0.407442, -0.15233, -0.424209, 0.899993, -0.100295, 0.096232, 0.154929, 0.983228)
    Right Leg.CFrame = CFrame.new(0.368922, 0.157321, 0.070958, 0.946287, 0.240634, -0.215953, -0.208137, 0.964478, 0.16267, 0.247426, -0.108985, 0.962758)

[30]
    Time: 0.491667
    HumanoidRootPart.CFrame = CFrame.new(0, 0, 0, 1, 0, 0, 0, 1, 0, 0, 0, 1)
    Torso.CFrame = CFrame.new(0.082817, 0.091249, -0.015589, -0.934848, -0.340473, 0.100682, 0.339224, -0.940233, -0.029811, 0.104814, 0.006285, 0.994472)
    Left Leg.CFrame = CFrame.new(0.192733, -0.041194, -0.043815, 0.942257, -0.003803, 0.33487, 0.034138, 0.995817, -0.084749, -0.333147, 0.091287, 0.938445)
    Right Arm.CFrame = CFrame.new(-0.075602, -0.067197, -0.316422, 0.768726, 0.146207, -0.622643, -0.47183, 0.786869, -0.39776, 0.431783, 0.59955, 0.673872)
    Left Arm.CFrame = CFrame.new(0.075498, -0.066858, -0.317096, 0.769559, -0.149687, 0.620784, 0.463269, 0.799945, -0.381407, -0.439501, 0.581105, 0.684949)
    Head.CFrame = CFrame.new(0, 0, 0.016662, 0.891912, 0.425919, -0.151941, -0.442677, 0.890975, -0.101, 0.092358, 0.157344, 0.983216)
    Right Leg.CFrame = CFrame.new(0.356592, 0.155194, 0.073007, 0.94533, 0.236484, -0.22456, -0.203301, 0.965755, 0.1612, 0.254991, -0.106734, 0.961035)

[31]
    Time: 0.508333
    HumanoidRootPart.CFrame = CFrame.new(0, 0, 0, 1, 0, 0, 0, 1, 0, 0, 0, 1)
    Torso.CFrame = CFrame.new(0.079578, 0.090315, -0.015296, -0.929386, -0.356205, 0.096745, 0.354902, -0.934391, -0.030947, 0.101421, 0.005574, 0.994828)
    Left Leg.CFrame = CFrame.new(0.200373, -0.038222, -0.046865, 0.936483, -0.009251, 0.350591, 0.039441, 0.996089, -0.079069, -0.348489, 0.087874, 0.933185)
    Right Arm.CFrame = CFrame.new(-0.075614, -0.067206, -0.3164, 0.768788, 0.14584, -0.622652, -0.471892, 0.786493, -0.39843, 0.431604, 0.600132, 0.673468)
    Left Arm.CFrame = CFrame.new(0.075504, -0.066848, -0.317111, 0.769665, -0.149509, 0.620695, 0.462861, 0.800288, -0.381181, -0.439744, 0.580677, 0.685156)
    Head.CFrame = CFrame.new(0, 0, 0.016662, 0.883305, 0.443672, -0.15142, -0.460403, 0.881844, -0.101882, 0.088327, 0.159707, 0.983205)
    Right Leg.CFrame = CFrame.new(0.343252, 0.152379, 0.074563, 0.944529, 0.231737, -0.232728, -0.198054, 0.967168, 0.159249, 0.261991, -0.104323, 0.959415)

[32]
    Time: 0.525417
    HumanoidRootPart.CFrame = CFrame.new(0, 0, 0, 1, 0, 0, 0, 1, 0, 0, 0, 1)
    Torso.CFrame = CFrame.new(0.075975, 0.089488, -0.01498, -0.923725, -0.371754, 0.092365, 0.370409, -0.928319, -0.031952, 0.097622, 0.004697, 0.995212)
    Left Leg.CFrame = CFrame.new(0.207911, -0.034987, -0.050017, 0.930448, -0.014857, 0.366122, 0.044574, 0.996347, -0.072847, -0.363702, 0.084099, 0.927711)
    Right Arm.CFrame = CFrame.new(-0.075626, -0.067215, -0.316378, 0.768851, 0.145469, -0.622661, -0.471955, 0.786113, -0.399105, 0.431424, 0.60072, 0.673059)
    Left Arm.CFrame = CFrame.new(0.07551, -0.066838, -0.317126, 0.769773, -0.149331, 0.620604, 0.462449, 0.800635, -0.380953, -0.439989, 0.580245, 0.685365)
    Head.CFrame = CFrame.new(0, 0, 0.016662, 0.874693, 0.460629, -0.150777, -0.477315, 0.872681, -0.102946, 0.084161, 0.162014, 0.983193)
    Right Leg.CFrame = CFrame.new(0.329039, 0.148961, 0.075596, 0.943887, 0.226449, -0.240414, -0.192439, 0.968687, 0.156886, 0.268413, -0.101817, 0.957908)

[33]
    Time: 0.542500
    HumanoidRootPart.CFrame = CFrame.new(0, 0, 0, 1, 0, 0, 0, 1, 0, 0, 0, 1)
    Torso.CFrame = CFrame.new(0.072065, 0.088769, -0.01465, -0.917875, -0.387079, 0.087611, 0.385702, -0.922039, -0.032825, 0.093486, 0.003662, 0.995614)
    Left Leg.CFrame = CFrame.new(0.215325, -0.031525, -0.053268, 0.924173, -0.020604, 0.381418, 0.049523, 0.996579, -0.06616, -0.37875, 0.080032, 0.922032)
    Right Arm.CFrame = CFrame.new(-0.075638, -0.067223, -0.316356, 0.768915, 0.145096, -0.622669, -0.472017, 0.78573, -0.399786, 0.431242, 0.601312, 0.672647)
    Left Arm.CFrame = CFrame.new(0.075517, -0.066827, -0.317142, 0.769881, -0.14915, 0.620513, 0.462034, 0.800984, -0.380723, -0.440236, 0.57981, 0.685575)
    Head.CFrame = CFrame.new(0, -0, 0.016662, 0.866157, 0.476723, -0.150023, -0.493346, 0.86357, -0.104192, 0.079885, 0.16426, 0.983177)
    Right Leg.CFrame = CFrame.new(0.314069, 0.14502, 0.076082, 0.943406, 0.220662, -0.247574, -0.186488, 0.970284, 0.154178, 0.274238, -0.099283, 0.956523)

[34]
    Time: 0.559167
    HumanoidRootPart.CFrame = CFrame.new(0, 0, 0, 1, 0, 0, 0, 1, 0, 0, 0, 1)
    Torso.CFrame = CFrame.new(0.067905, 0.088161, -0.014315, -0.911849, -0.40214, 0.082553, 0.400745, -0.915575, -0.033565, 0.089081, 0.002476, 0.996021)
    Left Leg.CFrame = CFrame.new(0.222597, -0.027879, -0.056611, 0.917679, -0.02647, 0.39644, 0.054279, 0.996776, -0.059089, -0.393598, 0.075743, 0.916157)
    Right Arm.CFrame = CFrame.new(-0.075651, -0.067232, -0.316334, 0.768979, 0.14472, -0.622678, -0.47208, 0.785343, -0.400472, 0.431059, 0.601908, 0.672231)
    Left Arm.CFrame = CFrame.new(0.075523, -0.066817, -0.317158, 0.76999, -0.148969, 0.620422, 0.461615, 0.801335, -0.380492, -0.440484, 0.579371, 0.685786)
    Head.CFrame = CFrame.new(0, 0, 0.016662, 0.857777, 0.491902, -0.149168, -0.508443, 0.854594, -0.105616, 0.075526, 0.166439, 0.983155)
    Right Leg.CFrame = CFrame.new(0.29838, 0.140617, 0.075989, 0.943102, 0.214378, -0.254167, -0.180188, 0.971943, 0.151192, 0.279449, -0.096792, 0.95527)

[35]
    Time: 0.576250
    HumanoidRootPart.CFrame = CFrame.new(0, 0, 0, 1, 0, 0, 0, 1, 0, 0, 0, 1)
    Torso.CFrame = CFrame.new(0.063552, 0.08766, -0.013983, -0.905663, -0.416898, 0.077262, 0.415497, -0.908952, -0.034174, 0.084474, 0.001152, 0.996425)
    Left Leg.CFrame = CFrame.new(0.229707, -0.024086, -0.060038, 0.910991, -0.032432, 0.411148, 0.05883, 0.996928, -0.051713, -0.408208, 0.071298, 0.910101)
    Right Arm.CFrame = CFrame.new(-0.075663, -0.067241, -0.316312, 0.769043, 0.144342, -0.622686, -0.472143, 0.784954, -0.40116, 0.430875, 0.602506, 0.671813)
    Left Arm.CFrame = CFrame.new(0.07553, -0.066807, -0.317173, 0.7701, -0.148786, 0.62033, 0.461195, 0.801688, -0.380259, -0.440733, 0.57893, 0.685999)
    Head.CFrame = CFrame.new(0, -0, 0.016662, 0.849633, 0.506116, -0.148225, -0.522558, 0.845836, -0.10721, 0.071114, 0.168546, 0.983125)
    Right Leg.CFrame = CFrame.new(0.282268, 0.135889, 0.075353, 0.942957, 0.207728, -0.260155, -0.173655, 0.973624, 0.147989, 0.284035, -0.09437, 0.954159)

[36]
    Time: 0.593333
    HumanoidRootPart.CFrame = CFrame.new(0, 0, 0, 1, 0, 0, 0, 1, 0, 0, 0, 1)
    Torso.CFrame = CFrame.new(0.059065, 0.087263, -0.013661, -0.899338, -0.431317, 0.071807, 0.429923, -0.9022, -0.034657, 0.079732, -0.000297, 0.996816)
    Left Leg.CFrame = CFrame.new(0.236637, -0.020188, -0.063538, 0.904139, -0.03846, 0.425504, 0.063173, 0.997027, -0.044115, -0.422542, 0.066766, 0.903881)
    Right Arm.CFrame = CFrame.new(-0.075676, -0.06725, -0.31629, 0.769108, 0.143963, -0.622694, -0.472206, 0.784563, -0.40185, 0.430691, 0.603106, 0.671393)
    Left Arm.CFrame = CFrame.new(0.075537, -0.066796, -0.317189, 0.770209, -0.148603, 0.620238, 0.460773, 0.802041, -0.380025, -0.440983, 0.578487, 0.686212)
    Head.CFrame = CFrame.new(0, -0, 0.016662, 0.8418, 0.519329, -0.147206, -0.535655, 0.837378, -0.108961, 0.066681, 0.170575, 0.983086)
    Right Leg.CFrame = CFrame.new(0.265711, 0.130882, 0.074148, 0.942994, 0.20068, -0.2655, -0.166839, 0.975319, 0.144629, 0.287971, -0.092088, 0.953201)

[37]
    Time: 0.610000
    HumanoidRootPart.CFrame = CFrame.new(0, 0, 0, 1, 0, 0, 0, 1, 0, 0, 0, 1)
    Torso.CFrame = CFrame.new(0.054501, 0.086962, -0.013355, -0.892895, -0.445363, 0.066257, 0.443988, -0.895348, -0.035022, 0.074921, -0.001854, 0.997188)
    Left Leg.CFrame = CFrame.new(0.243371, -0.016228, -0.067101, 0.897151, -0.044526, 0.439473, 0.067304, 0.997069, -0.036376, -0.436566, 0.062213, 0.897519)
    Right Arm.CFrame = CFrame.new(-0.075688, -0.067259, -0.316267, 0.769173, 0.143583, -0.622701, -0.472269, 0.78417, -0.402542, 0.430506, 0.603707, 0.670972)
    Left Arm.CFrame = CFrame.new(0.075543, -0.066787, -0.317205, 0.770319, -0.148419, 0.620145, 0.460349, 0.802395, -0.379791, -0.441233, 0.578043, 0.686425)
    Head.CFrame = CFrame.new(0, 0, 0.016662, 0.834354, 0.531509, -0.146123, -0.547702, 0.829297, -0.110854, 0.06226, 0.172523, 0.983036)
    Right Leg.CFrame = CFrame.new(0.248767, 0.125668, 0.072378, 0.943222, 0.193243, -0.270166, -0.159732, 0.977015, 0.141166, 0.291236, -0.089997, 0.952409)

[38]
    Time: 0.627083
    HumanoidRootPart.CFrame = CFrame.new(0, 0, 0, 1, 0, 0, 0, 1, 0, 0, 0, 1)
    Torso.CFrame = CFrame.new(0.049915, 0.08675, -0.013071, -0.88636, -0.459002, 0.060683, 0.457658, -0.888428, -0.035281, 0.070106, -0.0035, 0.997534)
    Left Leg.CFrame = CFrame.new(0.249894, -0.012244, -0.070711, 0.890062, -0.050596, 0.453023, 0.071224, 0.997051, -0.02858, -0.45024, 0.057704, 0.891041)
    Right Arm.CFrame = CFrame.new(-0.075701, -0.067268, -0.316245, 0.769238, 0.143202, -0.622709, -0.472332, 0.783777, -0.403234, 0.430321, 0.604308, 0.67055)
    Left Arm.CFrame = CFrame.new(0.07555, -0.066776, -0.317221, 0.770429, -0.148235, 0.620053, 0.459926, 0.802749, -0.379556, -0.441483, 0.577599, 0.686638)
    Head.CFrame = CFrame.new(0, 0, 0.016662, 0.827363, 0.542631, -0.144988, -0.558676, 0.82167, -0.112869, 0.057886, 0.174385, 0.982975)
    Right Leg.CFrame = CFrame.new(0.231827, 0.120397, 0.070137, 0.943618, 0.18559, -0.274121, -0.152495, 0.978671, 0.137656, 0.293821, -0.088093, 0.951792)

[39]
    Time: 0.644167
    HumanoidRootPart.CFrame = CFrame.new(0, 0, 0, 1, 0, 0, 0, 1, 0, 0, 0, 1)
    Torso.CFrame = CFrame.new(0.045365, 0.086614, -0.012812, -0.879762, -0.472205, 0.055151, 0.470901, -0.881474, -0.035446, 0.065352, -0.005213, 0.997849)
    Left Leg.CFrame = CFrame.new(0.256191, -0.008279, -0.074354, 0.882906, -0.056635, 0.466122, 0.074937, 0.996971, -0.020808, -0.463532, 0.053302, 0.884476)
    Right Arm.CFrame = CFrame.new(-0.075713, -0.067278, -0.316223, 0.769303, 0.142822, -0.622716, -0.472395, 0.783383, -0.403924, 0.430135, 0.604908, 0.670127)
    Left Arm.CFrame = CFrame.new(0.075557, -0.066766, -0.317237, 0.770539, -0.148051, 0.619961, 0.459502, 0.803102, -0.379321, -0.441733, 0.577155, 0.686851)
    Head.CFrame = CFrame.new(0, -0, 0.016662, 0.820894, 0.552677, -0.143811, -0.568561, 0.814566, -0.114984, 0.053595, 0.176155, 0.982902)
    Right Leg.CFrame = CFrame.new(0.214809, 0.115095, 0.067415, 0.944207, 0.177654, -0.27733, -0.145042, 0.980289, 0.134148, 0.295695, -0.086439, 0.951364)

[40]
    Time: 0.660833
    HumanoidRootPart.CFrame = CFrame.new(0, 0, 0, 1, 0, 0, 0, 1, 0, 0, 0, 1)
