[1]
    Time: 0.000000
    HumanoidRootPart.CFrame = CFrame.new(0, 0, 0, 1, 0, 0, 0, 1, 0, 0, 0, 1)
    Torso.CFrame = CFrame.new(-0.0188074, -3.35276e-08, -0.165235, 0.787307, 0.569671, -0.235844, -0.576962, 0.815587, 0.0439702, 0.2174, 0.101455, 0.970796)
    Right Arm.CFrame = CFrame.new(0.0171436, -0.798803, 0.147735, 0.645026, -0.53999, -0.540697, 0.718858, 0.188777, 0.669034, -0.2592, -0.820228, 0.509942)
    Left Arm.CFrame = CFrame.new(0.169688, -0.834242, 0.157717, 0.70439, -0.11716, 0.700077, -0.649579, 0.291205, 0.702316, -0.286149, -0.949459, 0.129017)
    Head.CFrame = CFrame.new(-2.42144e-08, -2.49594e-07, 1.19209e-07, 0.950994, -0.297721, -0.0834971, 0.230915, 0.863402, -0.44857, 0.20564, 0.407307, 0.889839)
    Right Leg.CFrame = CFrame.new(0.378517, 0.282609, -0.0133041, 0.707617, 0.610182, -0.356307, -0.604245, 0.78395, 0.142512, 0.366286, 0.114453, 0.923437)
    Left Leg.CFrame = CFrame.new(-0.440851, 0.51245, -0.122957, 0.566707, -0.703424, 0.428997, 0.543753, 0.710493, 0.44669, -0.619012, -0.0198735, 0.78513)

[2]
    Time: 0.016667
    HumanoidRootPart.CFrame = CFrame.new(0, 0, 0, 1, 0, 0, 0, 1, 0, 0, 0, 1)
    Torso.CFrame = CFrame.new(-0.0188074, -2.98023e-08, -0.0218546, 0.78142, 0.585537, -0.215708, -0.580647, 0.808904, 0.0923182, 0.228543, 0.0531113, 0.972084)
    Right Arm.CFrame = CFrame.new(0.0337274, -0.810753, 0.147839, 0.65562, -0.516336, -0.550963, 0.700549, 0.143655, 0.698995, -0.281768, -0.844251, 0.455902)
    Left Arm.CFrame = CFrame.new(0.170564, -0.833217, 0.161187, 0.705283, -0.168397, 0.688636, -0.670555, 0.156781, 0.725104, -0.23007, -0.973171, -0.00234507)
    Head.CFrame = CFrame.new(-5.96046e-08, -1.56462e-07, 3.57628e-07, 0.934047, -0.352058, -0.0600941, 0.291701, 0.849088, -0.440408, 0.206074, 0.393832, 0.895784)
    Right Leg.CFrame = CFrame.new(0.394659, 0.272418, -0.0117401, 0.719231, 0.59589, -0.357242, -0.595297, 0.793667, 0.125356, 0.35823, 0.122506, 0.925561)
    Left Leg.CFrame = CFrame.new(-0.410902, 0.506277, -0.129419, 0.554874, -0.682743, 0.47537, 0.534981, 0.730419, 0.424597, -0.63711, 0.0187167, 0.770546)

[3]
    Time: 0.033333
    HumanoidRootPart.CFrame = CFrame.new(0, 0, 0, 1, 0, 0, 0, 1, 0, 0, 0, 1)
    Torso.CFrame = CFrame.new(-0.0188074, -2.98023e-08, 0.0792429, 0.778555, 0.598869, -0.187636, -0.58414, 0.800819, 0.132172, 0.229416, 0.00670247, 0.973305)
    Right Arm.CFrame = CFrame.new(0.0483639, -0.821297, 0.148189, 0.661116, -0.499761, -0.559611, 0.685275, 0.0985199, 0.72159, -0.30549, -0.860542, 0.407606)
    Left Arm.CFrame = CFrame.new(0.17301, -0.830374, 0.170927, 0.716345, -0.202139, 0.667824, -0.676741, 0.0317991, 0.735534, -0.169916, -0.97884, -0.114017)
    Head.CFrame = CFrame.new(2.23517e-08, -2.40281e-07, 1.19209e-07, 0.91962, -0.392068, -0.0241141, 0.348009, 0.841672, -0.41289, 0.182177, 0.37131, 0.910462)
    Right Leg.CFrame = CFrame.new(0.408577, 0.259923, -0.00896358, 0.747433, 0.564222, -0.350709, -0.567064, 0.81687, 0.105655, 0.346097, 0.119904, 0.930505)
    Left Leg.CFrame = CFrame.new(-0.381356, 0.498789, -0.1351, 0.562094, -0.649552, 0.511989, 0.510781, 0.759506, 0.402806, -0.650502, 0.0351, 0.758693)

[4]
    Time: 0.050000
    HumanoidRootPart.CFrame = CFrame.new(0, 0, 0, 1, 0, 0, 0, 1, 0, 0, 0, 1)
    Torso.CFrame = CFrame.new(-0.0188074, -2.98023e-08, 0.15116, 0.778036, 0.609346, -0.152829, -0.588055, 0.792003, 0.16408, 0.221022, -0.0377879, 0.974536)
    Right Arm.CFrame = CFrame.new(0.0611747, -0.830522, 0.148924, 0.662197, -0.489179, -0.567626, 0.672418, 0.0536347, 0.738226, -0.330681, -0.870533, 0.36445)
    Left Arm.CFrame = CFrame.new(0.176814, -0.825955, 0.1861, 0.734993, -0.218568, 0.641883, -0.669268, -0.0817621, 0.738509, -0.108933, -0.97239, -0.206375)
    Head.CFrame = CFrame.new(7.45058e-08, -3.12924e-07, 2.38419e-07, 0.906788, -0.421074, 0.0207672, 0.398452, 0.839895, -0.368528, 0.137735, 0.342451, 0.929385)
    Right Leg.CFrame = CFrame.new(0.420347, 0.247178, -0.00561965, 0.782121, 0.522738, -0.339164, -0.527423, 0.845197, 0.0864107, 0.33183, 0.111299, 0.93675)
    Left Leg.CFrame = CFrame.new(-0.354515, 0.490635, -0.13936, 0.579867, -0.610651, 0.539313, 0.477605, 0.791083, 0.382205, -0.660036, 0.0359505, 0.750374)

[5]
    Time: 0.066667
    HumanoidRootPart.CFrame = CFrame.new(0, 0, 0, 1, 0, 0, 0, 1, 0, 0, 0, 1)
    Torso.CFrame = CFrame.new(-0.0188074, -2.98023e-08, 0.206997, 0.779057, 0.616789, -0.112435, -0.592703, 0.78302, 0.188634, 0.204386, -0.0803159, 0.97559)
    Right Arm.CFrame = CFrame.new(0.0722816, -0.838517, 0.150184, 0.659383, -0.483573, -0.575649, 0.661394, 0.00906635, 0.749984, -0.357453, -0.875257, 0.325811)
    Left Arm.CFrame = CFrame.new(0.181767, -0.820206, 0.205871, 0.758581, -0.218936, 0.613696, -0.649724, -0.183133, 0.737782, -0.0491395, -0.958399, -0.281169)
    Head.CFrame = CFrame.new(0, -2.45869e-07, -1.78814e-07, 0.894206, -0.441928, 0.0713792, 0.440962, 0.842094, -0.310533, 0.0771254, 0.309156, 0.947879)
    Right Leg.CFrame = CFrame.new(0.429653, 0.236142, -0.00235969, 0.814422, 0.48015, -0.325841, -0.485566, 0.871363, 0.0703689, 0.317713, 0.100907, 0.942802)
    Left Leg.CFrame = CFrame.new(-0.332648, 0.48303, -0.142033, 0.600426, -0.572949, 0.55787, 0.442819, 0.81911, 0.364651, -0.665883, 0.0280894, 0.745527)

[6]
    Time: 0.083333
    HumanoidRootPart.CFrame = CFrame.new(0, 0, 0, 1, 0, 0, 0, 1, 0, 0, 0, 1)
    Torso.CFrame = CFrame.new(-0.0188074, -2.98023e-08, 0.259856, 0.780772, 0.62115, -0.0675842, -0.598155, 0.77433, 0.206455, 0.180572, -0.120768, 0.976119)
    Right Arm.CFrame = CFrame.new(0.0818062, -0.845368, 0.152107, 0.653085, -0.481997, -0.584088, 0.651657, -0.0352152, 0.757696, -0.385776, -0.875465, 0.291098)
    Left Arm.CFrame = CFrame.new(0.187659, -0.81337, 0.229404, 0.784653, -0.205083, 0.58503, -0.619879, -0.272218, 0.735967, 0.008321, -0.940127, -0.340723)
    Head.CFrame = CFrame.new(-6.70552e-08, -2.5332e-07, 1.19209e-07, 0.880722, -0.456945, 0.12462, 0.4736, 0.846523, -0.243109, 0.00559349, 0.273132, 0.96196)
    Right Leg.CFrame = CFrame.new(0.43583, 0.228487, 0.000223041, 0.837557, 0.446605, -0.31471, -0.452138, 0.889952, 0.0596292, 0.306708, 0.0923498, 0.947313)
    Left Leg.CFrame = CFrame.new(-0.317945, 0.477505, -0.14332, 0.61708, -0.544188, 0.568393, 0.415031, 0.838761, 0.352461, -0.668552, 0.0184036, 0.743438)

[7]
    Time: 0.100000
    HumanoidRootPart.CFrame = CFrame.new(0, 0, 0, 1, 0, 0, 0, 1, 0, 0, 0, 1)
    Torso.CFrame = CFrame.new(-0.0188074, -2.98023e-08, 0.319578, 0.78237, 0.622511, -0.01942, -0.604305, 0.766296, 0.218188, 0.150706, -0.158968, 0.975713)
    Right Arm.CFrame = CFrame.new(0.0898704, -0.851164, 0.154832, 0.64365, -0.483568, -0.593192, 0.642703, -0.0792796, 0.762002, -0.415508, -0.871709, 0.259762)
    Left Arm.CFrame = CFrame.new(0.19428, -0.805689, 0.255864, 0.811063, -0.179151, 0.556849, -0.581571, -0.34926, 0.734706, 0.0628624, -0.91974, -0.387461)
    Head.CFrame = CFrame.new(-1.06171e-07, -2.86847e-07, -5.96046e-08, 0.865819, -0.467884, 0.17732, 0.495322, 0.85163, -0.171416, -0.0708081, 0.236245, 0.96911)
    Right Leg.CFrame = CFrame.new(0.438059, 0.22563, 0.0015974, 0.846379, 0.433013, -0.310068, -0.438498, 0.897003, 0.0557262, 0.302262, 0.0887986, 0.94908)
    Left Leg.CFrame = CFrame.new(-0.312553, 0.475616, -0.143645, 0.623941, -0.532744, 0.571736, 0.40366, 0.846166, 0.34794, -0.669146, 0.013693, 0.743005)

[8]
    Time: 0.116667
    HumanoidRootPart.CFrame = CFrame.new(0, 0, 0, 1, 0, 0, 0, 1, 0, 0, 0, 1)
    Torso.CFrame = CFrame.new(-0.0188074, -2.98023e-08, 0.382952, 0.783141, 0.621076, 0.0308895, -0.610931, 0.759183, 0.224509, 0.115986, -0.194693, 0.973982)
    Right Arm.CFrame = CFrame.new(0.096595, -0.855994, 0.158499, 0.631401, -0.487455, -0.603092, 0.634067, -0.123195, 0.763402, -0.446422, -0.864413, 0.231294)
    Left Arm.CFrame = CFrame.new(0.201423, -0.797406, 0.284414, 0.836032, -0.143445, 0.529599, -0.536665, -0.41468, 0.734868, 0.114201, -0.89859, -0.423668)
    Head.CFrame = CFrame.new(-7.07805e-08, -2.45403e-07, 1.19209e-07, 0.849847, -0.475956, 0.22633, 0.506506, 0.856278, -0.101192, -0.145638, 0.200635, 0.96878)
    Right Leg.CFrame = CFrame.new(0.437905, 0.226098, 0.00216949, 0.844647, 0.436018, -0.31058, -0.44151, 0.89548, 0.0564266, 0.302721, 0.0894637, 0.948871)
    Left Leg.CFrame = CFrame.new(-0.316963, 0.477157, -0.145378, 0.622298, -0.535651, 0.570809, 0.405844, 0.844324, 0.349867, -0.669355, 0.013938, 0.742812)

[9]
    Time: 0.133333
    HumanoidRootPart.CFrame = CFrame.new(0, 0, 0, 1, 0, 0, 0, 1, 0, 0, 0, 1)
    Torso.CFrame = CFrame.new(-0.0188074, -2.98023e-08, 0.443508, 0.782529, 0.61717, 0.0821505, -0.617748, 0.753162, 0.226129, 0.0776873, -0.227701, 0.970627)
    Right Arm.CFrame = CFrame.new(0.102103, -0.859946, 0.163246, 0.616667, -0.492868, -0.613843, 0.625323, -0.167001, 0.762288, -0.478219, -0.853927, 0.205217)
    Left Arm.CFrame = CFrame.new(0.208876, -0.788763, 0.314217, 0.858176, -0.100376, 0.503446, -0.487065, -0.469025, 0.736739, 0.162178, -0.877462, -0.451396)
    Head.CFrame = CFrame.new(-6.33299e-08, -3.72529e-07, 2.38419e-07, 0.834022, -0.48187, 0.268717, 0.509102, 0.859859, -0.038191, -0.212655, 0.168656, 0.962462)
    Right Leg.CFrame = CFrame.new(0.437517, 0.227467, 0.0026921, 0.83964, 0.444579, -0.312016, -0.450075, 0.891073, 0.058492, 0.304033, 0.0913181, 0.948275)
    Left Leg.CFrame = CFrame.new(-0.329602, 0.480784, -0.150297, 0.617612, -0.543922, 0.56807, 0.412067, 0.839008, 0.355339, -0.669892, 0.0146215, 0.742315)

[10]
    Time: 0.150000
    HumanoidRootPart.CFrame = CFrame.new(0, 0, 0, 1, 0, 0, 0, 1, 0, 0, 0, 1)
    Torso.CFrame = CFrame.new(-0.0188074, -2.98023e-08, 0.494773, 0.780177, 0.611222, 0.133161, -0.624455, 0.748312, 0.223798, 0.0371444, -0.257754, 0.965496)
    Right Arm.CFrame = CFrame.new(0.106514, -0.863107, 0.169211, 0.599816, -0.499049, -0.625437, 0.61609, -0.210699, 0.758972, -0.510543, -0.840569, 0.181078)
    Left Arm.CFrame = CFrame.new(0.216434, -0.780003, 0.344437, 0.876543, -0.052416, 0.478461, -0.434703, -0.512998, 0.74018, 0.206652, -0.856788, -0.47245)
    Head.CFrame = CFrame.new(-1.3411e-07, -2.38419e-07, -5.96046e-08, 0.820201, -0.48594, 0.301884, 0.506325, 0.862255, 0.0123078, -0.266282, 0.142756, 0.953265)
    Right Leg.CFrame = CFrame.new(0.437008, 0.229694, 0.00316405, 0.831578, 0.457987, -0.314207, -0.463453, 0.883958, 0.061881, 0.306087, 0.0941614, 0.947336)
    Left Leg.CFrame = CFrame.new(-0.349606, 0.486204, -0.15798, 0.610202, -0.556843, 0.563541, 0.421803, 0.83047, 0.36387, -0.670623, 0.0156694, 0.741633)

[11]
    Time: 0.166667
    HumanoidRootPart.CFrame = CFrame.new(0, 0, 0, 1, 0, 0, 0, 1, 0, 0, 0, 1)
    Torso.CFrame = CFrame.new(-0.0188074, -2.98023e-08, 0.530279, 0.775948, 0.603748, 0.182736, -0.630782, 0.744621, 0.218298, -0.0042719, -0.284655, 0.95862)
    Right Arm.CFrame = CFrame.new(0.109951, -0.865564, 0.176535, 0.581279, -0.505272, -0.637821, 0.606037, -0.254234, 0.753713, -0.542986, -0.824661, 0.158433)
    Left Arm.CFrame = CFrame.new(0.223885, -0.771367, 0.374237, 0.890623, -0.00206041, 0.454738, -0.381531, -0.547506, 0.744763, 0.247437, -0.836799, -0.488408)
    Head.CFrame = CFrame.new(-1.47149e-07, -1.86265e-07, 3.57628e-07, 0.810516, -0.488265, 0.323514, 0.502036, 0.86364, 0.0456778, -0.301702, 0.125393, 0.94512)
    Right Leg.CFrame = CFrame.new(0.436504, 0.232732, 0.00358462, 0.820626, 0.475504, -0.316969, -0.480873, 0.87426, 0.0665591, 0.308763, 0.097802, 0.946097)
    Left Leg.CFrame = CFrame.new(-0.376124, 0.493109, -0.168003, 0.600351, -0.573661, 0.557218, 0.434497, 0.818916, 0.374952, -0.67141, 0.0170066, 0.740891)

[12]
    Time: 0.183333
    HumanoidRootPart.CFrame = CFrame.new(0, 0, 0, 1, 0, 0, 0, 1, 0, 0, 0, 1)
    Torso.CFrame = CFrame.new(-0.0188074, -2.98023e-08, 0.543552, 0.769936, 0.595329, 0.229744, -0.636519, 0.741997, 0.210437, -0.0451902, -0.30826, 0.950228)
    Right Arm.CFrame = CFrame.new(0.112536, -0.867407, 0.185355, 0.561568, -0.510846, -0.650905, 0.594892, -0.297497, 0.746725, -0.575104, -0.806555, 0.136833)
    Left Arm.CFrame = CFrame.new(0.231021, -0.763098, 0.402779, 0.900351, 0.0482235, 0.432483, -0.329473, -0.573706, 0.749872, 0.28428, -0.81764, -0.500649)
    Head.CFrame = CFrame.new(-1.63913e-07, -2.68221e-07, -5.96046e-08, 0.806941, -0.48897, 0.331293, 0.49993, 0.86414, 0.0577262, -0.314509, 0.119042, 0.941761)
    Right Leg.CFrame = CFrame.new(0.436134, 0.236538, 0.00395262, 0.806938, 0.496371, -0.320106, -0.501541, 0.862092, 0.0724914, 0.311943, 0.10205, 0.944604)
    Left Leg.CFrame = CFrame.new(-0.408309, 0.501179, -0.179945, 0.588334, -0.593605, 0.549087, 0.44958, 0.804543, 0.388057, -0.672117, 0.0185515, 0.740213)

[13]
    Time: 0.200000
    HumanoidRootPart.CFrame = CFrame.new(0, 0, 0, 1, 0, 0, 0, 1, 0, 0, 0, 1)
    Torso.CFrame = CFrame.new(-0.0188074, -2.98023e-08, 0.534751, 0.762444, 0.586582, 0.273131, -0.641543, 0.740278, 0.201027, -0.0842741, -0.328497, 0.940738)
    Right Arm.CFrame = CFrame.new(0.11439, -0.868722, 0.195811, 0.541293, -0.515118, -0.664571, 0.58245, -0.340324, 0.738195, -0.606427, -0.786659, 0.115816)
    Left Arm.CFrame = CFrame.new(0.237633, -0.755437, 0.429228, 0.906084, 0.0960547, 0.41205, -0.280382, -0.593022, 0.754792, 0.316856, -0.799436, -0.510396)
    Head.CFrame = CFrame.new(-1.49012e-08, -3.8743e-07, 1.19209e-07, 0.807088, -0.488808, 0.331173, 0.499767, 0.864239, 0.0576455, -0.314391, 0.118985, 0.941807)
    Right Leg.CFrame = CFrame.new(0.436031, 0.241061, 0.00426805, 0.790692, 0.519818, -0.323412, -0.524649, 0.847586, 0.0796343, 0.315515, 0.106712, 0.942901)
    Left Leg.CFrame = CFrame.new(-0.445305, 0.510093, -0.193383, 0.57444, -0.6159, 0.539153, 0.466491, 0.787565, 0.40265, -0.67261, 0.0202114, 0.739721)

[14]
    Time: 0.216667
    HumanoidRootPart.CFrame = CFrame.new(0, 0, 0, 1, 0, 0, 0, 1, 0, 0, 0, 1)
    Torso.CFrame = CFrame.new(-0.0188074, -2.98023e-08, 0.50949, 0.753961, 0.578131, 0.311942, -0.64582, 0.739245, 0.190874, -0.120251, -0.34537, 0.930731)
    Right Arm.CFrame = CFrame.new(0.115633, -0.869599, 0.208042, 0.521165, -0.517487, -0.67867, 0.56859, -0.382497, 0.728287, -0.636469, -0.765443, 0.0948937)
    Left Arm.CFrame = CFrame.new(0.243512, -0.748626, 0.452745, 0.908534, 0.139189, 0.393944, -0.23599, -0.607118, 0.758759, 0.344782, -0.782326, -0.518741)
    Head.CFrame = CFrame.new(-2.98023e-08, -2.23517e-07, 0, 0.807637, -0.488207, 0.33072, 0.499189, 0.864599, 0.0572678, -0.313899, 0.11884, 0.94199)
    Right Leg.CFrame = CFrame.new(0.436329, 0.246247, 0.00453043, 0.772117, 0.545081, -0.326684, -0.549393, 0.830924, 0.08793, 0.319379, 0.111586, 0.941034)
    Left Leg.CFrame = CFrame.new(-0.486237, 0.519529, -0.207897, 0.558993, -0.639783, 0.527451, 0.484683, 0.768244, 0.418191, -0.672763, 0.021881, 0.739535)

[15]
    Time: 0.233333
    HumanoidRootPart.CFrame = CFrame.new(0, 0, 0, 1, 0, 0, 0, 1, 0, 0, 0, 1)
    Torso.CFrame = CFrame.new(-0.0188074, -2.98023e-08, 0.469481, 0.745106, 0.570587, 0.345324, -0.649412, 0.73864, 0.180765, -0.151928, -0.358946, 0.92091)
    Right Arm.CFrame = CFrame.new(0.116389, -0.870123, 0.222186, 0.501999, -0.517412, -0.693024, 0.553282, -0.423757, 0.717153, -0.664738, -0.743448, 0.0735487)
    Left Arm.CFrame = CFrame.new(0.248449, -0.742906, 0.472493, 0.908677, 0.175544, 0.378801, -0.197878, -0.617842, 0.760996, 0.367627, -0.766456, -0.526683)
    Head.CFrame = CFrame.new(-1.41561e-07, -2.98023e-07, -2.98023e-07, 0.808745, -0.487, 0.32979, 0.498063, 0.865305, 0.0563914, -0.312832, 0.11865, 0.942369)
    Right Leg.CFrame = CFrame.new(0.437161, 0.252033, 0.00473964, 0.751512, 0.571412, -0.329723, -0.574985, 0.812357, 0.0973023, 0.323453, 0.116462, 0.93905)
    Left Leg.CFrame = CFrame.new(-0.530208, 0.529168, -0.223072, 0.542355, -0.664524, 0.514061, 0.503643, 0.746899, 0.434149, -0.672454, 0.0234406, 0.739768)

[16]
    Time: 0.250000
    HumanoidRootPart.CFrame = CFrame.new(0, 0, 0, 1, 0, 0, 0, 1, 0, 0, 0, 1)
    Torso.CFrame = CFrame.new(-0.0188074, -2.98023e-08, 0.416438, 0.736579, 0.56452, 0.372516, -0.652456, 0.738177, 0.171455, -0.178193, -0.369341, 0.91205)
    Right Arm.CFrame = CFrame.new(0.116779, -0.870385, 0.238383, 0.484697, -0.51442, -0.707418, 0.536599, -0.463817, 0.704936, -0.690746, -0.721281, 0.0512267)
    Left Arm.CFrame = CFrame.new(0.252235, -0.738519, 0.487636, 0.907623, 0.20319, 0.367334, -0.167479, -0.627121, 0.760704, 0.38493, -0.751953, -0.535159)
    Head.CFrame = CFrame.new(-7.45058e-08, -1.78814e-07, -3.57628e-07, 0.810566, -0.485018, 0.328238, 0.496256, 0.866444, 0.0548171, -0.310987, 0.118457, 0.943003)
    Right Leg.CFrame = CFrame.new(0.43865, 0.258349, 0.00489461, 0.729264, 0.598098, -0.332343, -0.600667, 0.792218, 0.107656, 0.327677, 0.121118, 0.936994)
    Left Leg.CFrame = CFrame.new(-0.576295, 0.53871, -0.238498, 0.524942, -0.689438, 0.499111, 0.522904, 0.723922, 0.45001, -0.671571, 0.0247578, 0.740526)

[17]
    Time: 0.266667
    HumanoidRootPart.CFrame = CFrame.new(0, 0, 0, 1, 0, 0, 0, 1, 0, 0, 0, 1)
    Torso.CFrame = CFrame.new(-0.0188074, -2.98023e-08, 0.352073, 0.729097, 0.560455, 0.39282, -0.655146, 0.737559, 0.163678, -0.197994, -0.376691, 0.904932)
    Right Arm.CFrame = CFrame.new(0.116924, -0.870471, 0.256771, 0.470234, -0.508113, -0.721596, 0.518722, -0.50237, 0.691774, -0.714008, -0.699604, 0.0273381)
    Left Arm.CFrame = CFrame.new(0.25466, -0.735707, 0.497336, 0.906464, 0.2203, 0.360264, -0.146105, -0.63683, 0.757034, 0.396202, -0.738861, -0.545077)
    Head.CFrame = CFrame.new(-8.9407e-08, -3.12924e-07, -2.98023e-07, 0.813244, -0.482092, 0.325915, 0.493629, 0.868096, 0.0523495, -0.308163, 0.118308, 0.943948)
    Right Leg.CFrame = CFrame.new(0.440915, 0.26512, 0.00499308, 0.705849, 0.624475, -0.334377, -0.625735, 0.770925, 0.118876, 0.332015, 0.125323, 0.934912)
    Left Leg.CFrame = CFrame.new(-0.62355, 0.547871, -0.253768, 0.507217, -0.7139, 0.482781, 0.54205, 0.699777, 0.46529, -0.67001, 0.0256886, 0.741908)

[18]
    Time: 0.283333
    HumanoidRootPart.CFrame = CFrame.new(0, 0, 0, 1, 0, 0, 0, 1, 0, 0, 0, 1)
    Torso.CFrame = CFrame.new(-0.0188074, -2.98023e-08, 0.278098, 0.723328, 0.558859, 0.405552, -0.657698, 0.736494, 0.158143, -0.210307, -0.381121, 0.900288)
    Right Arm.CFrame = CFrame.new(0.116945, -0.870469, 0.27749, 0.459622, -0.498167, -0.73524, 0.499939, -0.53911, 0.677806, -0.734036, -0.67911, 0.00126585)
    Left Arm.CFrame = CFrame.new(0.255515, -0.734711, 0.500757, 0.906101, 0.225066, 0.358226, -0.135012, -0.648637, 0.749027, 0.400939, -0.727059, -0.557345)
    Head.CFrame = CFrame.new(-8.9407e-08, -3.35276e-07, 1.19209e-07, 0.816918, -0.478049, 0.322667, 0.490034, 0.870336, 0.0487971, -0.304156, 0.118255, 0.945254)
    Right Leg.CFrame = CFrame.new(0.444062, 0.272261, 0.00503111, 0.681828, 0.649945, -0.335682, -0.649546, 0.748981, 0.130831, 0.336453, 0.128836, 0.932846)
    Left Leg.CFrame = CFrame.new(-0.670998, 0.556391, -0.268484, 0.489691, -0.737358, 0.465301, 0.560729, 0.674998, 0.479541, -0.667671, 0.0260809, 0.744)

[19]
    Time: 0.300000
    HumanoidRootPart.CFrame = CFrame.new(0, 0, 0, 1, 0, 0, 0, 1, 0, 0, 0, 1)
    Torso.CFrame = CFrame.new(-0.0188074, -2.98023e-08, 0.196226, 0.719825, 0.560139, 0.409997, -0.660317, 0.734698, 0.155562, -0.214087, -0.382705, 0.898723)
    Right Arm.CFrame = CFrame.new(0.116909, -0.870432, 0.300438, 0.452916, -0.484949, -0.748126, 0.480728, -0.573855, 0.663017, -0.750845, -0.659936, -0.0267803)
    Left Arm.CFrame = CFrame.new(0.255519, -0.734703, 0.500759, 0.909968, 0.219112, 0.352064, -0.126106, -0.662572, 0.738305, 0.395039, -0.716232, -0.575288)
    Head.CFrame = CFrame.new(-2.38419e-07, -1.78814e-07, -3.57628e-07, 0.821713, -0.472711, 0.318327, 0.485314, 0.873233, 0.0439728, -0.298761, 0.118356, 0.94696)
    Right Leg.CFrame = CFrame.new(0.448184, 0.279688, 0.00500286, 0.657843, 0.673982, -0.336142, -0.671537, 0.726967, 0.143382, 0.341001, 0.131409, 0.930833)
    Left Leg.CFrame = CFrame.new(-0.717647, 0.564037, -0.282251, 0.472915, -0.75934, 0.446938, 0.578656, 0.650183, 0.492361, -0.664461, 0.0257788, 0.746879)

[20]
    Time: 0.316667
    HumanoidRootPart.CFrame = CFrame.new(0, 0, 0, 1, 0, 0, 0, 1, 0, 0, 0, 1)
    Torso.CFrame = CFrame.new(-0.0188074, -2.98023e-08, 0.10817, 0.719739, 0.565233, 0.403098, -0.662952, 0.731933, 0.157381, -0.206084, -0.380507, 0.901523)
    Right Arm.CFrame = CFrame.new(0.116655, -0.87026, 0.324552, 0.449127, -0.470578, -0.759501, 0.461112, -0.606023, 0.64816, -0.765285, -0.641321, -0.0551924)
    Left Arm.CFrame = CFrame.new(0.255529, -0.734695, 0.500764, 0.919405, 0.207029, 0.334416, -0.112006, -0.677232, 0.727194, 0.377028, -0.706042, -0.599462)
    Head.CFrame = CFrame.new(-1.3411e-07, -2.01166e-07, 0, 0.82774, -0.465893, 0.312715, 0.479292, 0.876846, 0.0376935, -0.291764, 0.118681, 0.949099)
    Right Leg.CFrame = CFrame.new(0.453361, 0.287315, 0.00489736, 0.634598, 0.696137, -0.335675, -0.69122, 0.705521, 0.156379, 0.345687, 0.132788, 0.928907)
    Left Leg.CFrame = CFrame.new(-0.762491, 0.570607, -0.294681, 0.457471, -0.779451, 0.42799, 0.595606, 0.625979, 0.503393, -0.660283, 0.0246259, 0.750613)

[21]
    Time: 0.333333
    HumanoidRootPart.CFrame = CFrame.new(0, 0, 0, 1, 0, 0, 0, 1, 0, 0, 0, 1)
    Torso.CFrame = CFrame.new(-0.0188074, -2.98023e-08, 0.0164442, 0.723003, 0.573981, 0.384463, -0.665152, 0.728718, 0.162919, -0.186653, -0.373518, 0.90865)
    Right Arm.CFrame = CFrame.new(0.115967, -0.869823, 0.34853, 0.447604, -0.457459, -0.768363, 0.440708, -0.634799, 0.63467, -0.778092, -0.622705, -0.0825323)
    Left Arm.CFrame = CFrame.new(0.255542, -0.734686, 0.50077, 0.931798, 0.191279, 0.308489, -0.0949238, -0.691895, 0.715731, 0.350346, -0.6962, -0.626549)
    Head.CFrame = CFrame.new(-9.68575e-08, -2.38419e-07, 0, 0.835091, -0.457401, 0.305627, 0.471767, 0.88122, 0.0297813, -0.282947, 0.119315, 0.951685)
    Right Leg.CFrame = CFrame.new(0.459657, 0.295057, 0.0047009, 0.612847, 0.716038, -0.334228, -0.70819, 0.68533, 0.169677, 0.350552, 0.132711, 0.927093)
    Left Leg.CFrame = CFrame.new(-0.804518, 0.575927, -0.30539, 0.443965, -0.79737, 0.408773, 0.611409, 0.603072, 0.512331, -0.655037, 0.0224707, 0.755262)

[22]
    Time: 0.350000
    HumanoidRootPart.CFrame = CFrame.new(0, 0, 0, 1, 0, 0, 0, 1, 0, 0, 0, 1)
    Torso.CFrame = CFrame.new(-0.0188074, -2.98023e-08, -0.073231, 0.728123, 0.584994, 0.357238, -0.66649, 0.725951, 0.169665, -0.160084, -0.361633, 0.918474)
    Right Arm.CFrame = CFrame.new(0.114628, -0.868987, 0.371067, 0.447577, -0.448027, -0.773917, 0.419028, -0.659472, 0.624109, -0.789994, -0.603629, -0.107429)
    Left Arm.CFrame = CFrame.new(0.255558, -0.734678, 0.500776, 0.94473, 0.174179, 0.277753, -0.0769102, -0.705812, 0.704212, 0.3187, -0.686652, -0.653406)
    Head.CFrame = CFrame.new(7.45058e-09, -1.63913e-07, 1.19209e-07, 0.843835, -0.447025, 0.296835, 0.462509, 0.886388, 0.0200642, -0.27208, 0.120358, 0.954718)
    Right Leg.CFrame = CFrame.new(0.467123, 0.302839, 0.00439537, 0.593368, 0.733375, -0.331778, -0.722105, 0.667101, 0.183138, 0.355639, 0.13091, 0.92541)
    Left Leg.CFrame = CFrame.new(-0.842715, 0.579846, -0.313998, 0.433019, -0.812836, 0.389604, 0.62594, 0.582176, 0.518912, -0.648609, 0.0191708, 0.76088)

[23]
    Time: 0.366667
    HumanoidRootPart.CFrame = CFrame.new(0, 0, 0, 1, 0, 0, 0, 1, 0, 0, 0, 1)
    Torso.CFrame = CFrame.new(-0.0188074, -2.98023e-08, -0.154332, 0.733778, 0.596802, 0.324648, -0.666687, 0.724499, 0.175013, -0.130758, -0.344859, 0.929502)
    Right Arm.CFrame = CFrame.new(0.112422, -0.867618, 0.390862, 0.448157, -0.444673, -0.775514, 0.395484, -0.679377, 0.618093, -0.801715, -0.583706, -0.128606)
    Left Arm.CFrame = CFrame.new(0.255573, -0.73467, 0.50078, 0.956299, 0.157899, 0.246088, -0.059826, -0.718173, 0.693288, 0.286204, -0.677713, -0.677342)
    Head.CFrame = CFrame.new(-1.11759e-07, -1.49012e-07, 0, 0.854011, -0.434541, 0.286075, 0.451247, 0.89236, 0.0083775, -0.258922, 0.121936, 0.958171)
    Right Leg.CFrame = CFrame.new(0.475795, 0.310588, 0.00395679, 0.576951, 0.747881, -0.328332, -0.732677, 0.65155, 0.196639, 0.360988, 0.12711, 0.923868)
    Left Leg.CFrame = CFrame.new(-0.876081, 0.582239, -0.320125, 0.425263, -0.82563, 0.370791, 0.639097, 0.564023, 0.522909, -0.640864, 0.0145974, 0.767516)

[24]
    Time: 0.383333
    HumanoidRootPart.CFrame = CFrame.new(0, 0, 0, 1, 0, 0, 0, 1, 0, 0, 0, 1)
    Torso.CFrame = CFrame.new(-0.0188074, -2.98023e-08, -0.220338, 0.739072, 0.607952, 0.290116, -0.665673, 0.725126, 0.176269, -0.103208, -0.323398, 0.940618)
    Right Arm.CFrame = CFrame.new(0.109132, -0.865585, 0.406612, 0.448314, -0.449679, -0.77253, 0.369413, -0.693785, 0.61822, -0.813971, -0.56254, -0.144916)
    Left Arm.CFrame = CFrame.new(0.255587, -0.734664, 0.500784, 0.965257, 0.144454, 0.217744, -0.0453243, -0.728111, 0.683959, 0.257343, -0.670065, -0.696267)
    Head.CFrame = CFrame.new(-7.45058e-08, -3.12924e-07, 1.19209e-07, 0.865617, -0.419708, 0.273042, 0.437666, 0.899121, -0.00543253, -0.243218, 0.124204, 0.961987)
    Right Leg.CFrame = CFrame.new(0.485698, 0.318246, 0.00335634, 0.564379, 0.75931, -0.323919, -0.73964, 0.639376, 0.210075, 0.366619, 0.121021, 0.922467)
    Left Leg.CFrame = CFrame.new(-0.903625, 0.582991, -0.323392, 0.421338, -0.835546, 0.352614, 0.650778, 0.549352, 0.524119, -0.631635, 0.00864265, 0.775218)

[25]
    Time: 0.400000
    HumanoidRootPart.CFrame = CFrame.new(0, 0, 0, 1, 0, 0, 0, 1, 0, 0, 0, 1)
    Torso.CFrame = CFrame.new(-0.0188074, -2.98023e-08, -0.264724, 0.743631, 0.617108, 0.257278, -0.663535, 0.728413, 0.170692, -0.0820693, -0.297645, 0.951143)
    Right Arm.CFrame = CFrame.new(0.104541, -0.862754, 0.417014, 0.446824, -0.465128, -0.764202, 0.340119, -0.701755, 0.625986, -0.827446, -0.539625, -0.155362)
    Left Arm.CFrame = CFrame.new(0.255596, -0.73466, 0.500787, 0.970925, 0.135724, 0.197187, -0.0348843, -0.734719, 0.677474, 0.236827, -0.664656, -0.708622)
    Head.CFrame = CFrame.new(-1.19209e-07, -1.93715e-07, -2.38419e-07, 0.878601, -0.402263, 0.25738, 0.421392, 0.906623, -0.0215036, -0.224697, 0.127351, 0.966071)
    Right Leg.CFrame = CFrame.new(0.496842, 0.325765, 0.00255895, 0.556415, 0.7674, -0.318591, -0.742719, 0.631251, 0.223364, 0.37252, 0.112341, 0.921199)
    Left Leg.CFrame = CFrame.new(-0.924382, 0.581995, -0.323418, 0.421881, -0.842365, 0.335316, 0.660854, 0.538906, 0.522353, -0.620716, 0.00122414, 0.784034)

[26]
    Time: 0.416667
    HumanoidRootPart.CFrame = CFrame.new(0, 0, 0, 1, 0, 0, 0, 1, 0, 0, 0, 1)
    Torso.CFrame = CFrame.new(-0.0188074, -2.98023e-08, -0.280969, 0.747529, 0.623165, 0.229926, -0.660317, 0.734698, 0.155562, -0.0719852, -0.268111, 0.960695)
    Right Arm.CFrame = CFrame.new(0.0984341, -0.858991, 0.420766, 0.442187, -0.492787, -0.749421, 0.306951, -0.701951, 0.642686, -0.842764, -0.514223, -0.159132)
    Left Arm.CFrame = CFrame.new(0.2556, -0.734659, 0.500788, 0.972873, 0.133538, 0.188907, -0.0299262, -0.737069, 0.675155, 0.229396, -0.662493, -0.713078)
    Head.CFrame = CFrame.new(-2.23517e-08, -2.30968e-07, -1.78814e-07, 0.892842, -0.381925, 0.238678, 0.401987, 0.914774, -0.0399494, -0.203078, 0.131613, 0.970277)
    Right Leg.CFrame = CFrame.new(0.509228, 0.333108, 0.00152349, 0.553779, 0.771833, -0.312415, -0.741598, 0.627793, 0.236448, 0.378631, 0.100746, 0.920048)
    Left Leg.CFrame = CFrame.new(-0.93741, 0.579145, -0.319819, 0.427535, -0.845812, 0.319086, 0.669131, 0.533425, 0.517418, -0.607847, -0.00770397, 0.794017)

[27]
    Time: 0.433333
    HumanoidRootPart.CFrame = CFrame.new(0, 0, 0, 1, 0, 0, 0, 1, 0, 0, 0, 1)
    Torso.CFrame = CFrame.new(0, 0, -0.165235, 0.939701, -0.287442, 0.185309, 0.323129, 0.923714, -0.205769, -0.112025, 0.25324, 0.960895)
    Right Arm.CFrame = CFrame.new(0.00316995, -0.327649, 0.200359, -0.555227, -0.827233, 0.0860705, 0.731661, -0.436613, 0.523489, -0.395468, 0.35363, 0.847674)
    Left Arm.CFrame = CFrame.new(0.0411958, -0.155194, 0.210201, -0.547561, 0.739997, -0.390617, -0.822426, -0.389885, 0.414252, 0.15425, 0.548082, 0.822078)
    Head.CFrame = CFrame.new(-4.47035e-08, -1.78814e-07, -3.57628e-07, 0.94575, 0.190433, -0.263235, -0.288458, 0.864975, -0.410621, 0.149496, 0.464277, 0.872982)
    Right Leg.CFrame = CFrame.new(0.821716, 0.207334, -0.0455038, 0.910152, 0.404193, 0.09084, -0.411196, 0.908086, 0.0793622, -0.0504129, -0.109585, 0.992698)
    Left Leg.CFrame = CFrame.new(-0.800653, 0.196944, -0.0440967, 0.892698, -0.386201, -0.232247, 0.42314, 0.89563, 0.137112, 0.155054, -0.220672, 0.962944)

[28]
    Time: 0.450000
    HumanoidRootPart.CFrame = CFrame.new(0, 0, 0, 1, 0, 0, 0, 1, 0, 0, 0, 1)
    Torso.CFrame = CFrame.new(0, 0, -0.000805378, 0.939907, -0.29496, 0.171969, 0.326442, 0.923932, -0.199462, -0.100055, 0.243614, 0.964698)
    Right Arm.CFrame = CFrame.new(0.00573134, -0.245324, 0.205849, -0.567128, -0.815509, 0.115371, 0.706817, -0.409986, 0.576473, -0.422819, 0.40848, 0.80893)
    Left Arm.CFrame = CFrame.new(-0.0994628, -0.158799, 0.211739, -0.565552, 0.727852, -0.387791, -0.810027, -0.401901, 0.427002, 0.154941, 0.555613, 0.816876)
    Head.CFrame = CFrame.new(-1.19209e-07, -2.42144e-07, -5.96046e-08, 0.943713, 0.205288, -0.259351, -0.299926, 0.861705, -0.409278, 0.139465, 0.464027, 0.874773)
    Right Leg.CFrame = CFrame.new(0.847781, 0.190686, -0.0504522, 0.904317, 0.403878, 0.138177, -0.417857, 0.903714, 0.0932542, -0.087209, -0.14207, 0.986008)
    Left Leg.CFrame = CFrame.new(-0.861892, 0.182389, -0.0618731, 0.861883, -0.374282, -0.342157, 0.432687, 0.894651, 0.111274, 0.264463, -0.243951, 0.933031)

[29]
    Time: 0.466667
    HumanoidRootPart.CFrame = CFrame.new(0, 0, 0, 1, 0, 0, 0, 1, 0, 0, 0, 1)
    Torso.CFrame = CFrame.new(0, 0, 0.148192, 0.940669, -0.303689, 0.151375, 0.328285, 0.927357, -0.179549, -0.0858517, 0.218591, 0.972033)
    Right Arm.CFrame = CFrame.new(0.0129657, -0.173957, 0.221307, -0.583366, -0.801177, 0.133417, 0.677985, -0.389894, 0.623152, -0.447237, 0.453981, 0.770637)
    Left Arm.CFrame = CFrame.new(-0.221396, -0.168941, 0.216069, -0.58755, 0.712832, -0.382957, -0.794315, -0.417752, 0.441074, 0.154431, 0.563341, 0.811664)
    Head.CFrame = CFrame.new(-1.3411e-07, -2.6077e-07, 0, 0.944389, 0.221347, -0.243178, -0.306869, 0.858972, -0.409875, 0.118159, 0.461706, 0.879128)
    Right Leg.CFrame = CFrame.new(0.870511, 0.178341, -0.0562134, 0.893761, 0.410519, 0.180736, -0.433071, 0.894696, 0.109401, -0.116793, -0.17605, 0.977428)
    Left Leg.CFrame = CFrame.new(-0.912234, 0.169885, -0.0828496, 0.821967, -0.371123, -0.432016, 0.448514, 0.889292, 0.0894115, 0.351006, -0.267259, 0.897423)

[30]
    Time: 0.483333
    HumanoidRootPart.CFrame = CFrame.new(0, 0, 0, 1, 0, 0, 0, 1, 0, 0, 0, 1)
    Torso.CFrame = CFrame.new(0, 0, 0.27764, 0.941687, -0.312691, 0.124296, 0.329201, 0.932597, -0.147949, -0.0696559, 0.18024, 0.981153)
    Right Arm.CFrame = CFrame.new(0.0241547, -0.112766, 0.245199, -0.602701, -0.785355, 0.14131, 0.645666, -0.375901, 0.664691, -0.4689, 0.491849, 0.733633)
    Left Arm.CFrame = CFrame.new(-0.325941, -0.184615, 0.22276, -0.612802, 0.695061, -0.375985, -0.775292, -0.43671, 0.456297, 0.152957, 0.571118, 0.806492)
    Head.CFrame = CFrame.new(-2.6077e-08, -3.57628e-07, 1.19209e-07, 0.946735, 0.238151, -0.216742, -0.30988, 0.856817, -0.412115, 0.087563, 0.457327, 0.884977)
    Right Leg.CFrame = CFrame.new(0.890275, 0.169518, -0.0625475, 0.879317, 0.42287, 0.219049, -0.455376, 0.881222, 0.126809, -0.139408, -0.211255, 0.967438)
    Left Leg.CFrame = CFrame.new(-0.95319, 0.158632, -0.104617, 0.777511, -0.375282, -0.504619, 0.470141, 0.879805, 0.0700822, 0.417666, -0.291732, 0.860493)

[31]
    Time: 0.500000
    HumanoidRootPart.CFrame = CFrame.new(0, 0, 0, 1, 0, 0, 0, 1, 0, 0, 0, 1)
    Torso.CFrame = CFrame.new(0, 0, 0.38342, 0.942663, -0.320934, 0.0915889, 0.329718, 0.938042, -0.106595, -0.0517042, 0.130682, 0.990075)
    Right Arm.CFrame = CFrame.new(0.0385793, -0.0609688, 0.275992, -0.624007, -0.768758, 0.140095, 0.610249, -0.367443, 0.701842, -0.48807, 0.523447, 0.698421)
    Left Arm.CFrame = CFrame.new(-0.414437, -0.204816, 0.231384, -0.640593, 0.674647, -0.36673, -0.752937, -0.4581, 0.472472, 0.150753, 0.578788, 0.801423)
    Head.CFrame = CFrame.new(-8.56817e-08, -1.95578e-07, 1.19209e-07, 0.949599, 0.255181, -0.182058, -0.30951, 0.855278, -0.415577, 0.0496627, 0.45098, 0.891151)
    Right Leg.CFrame = CFrame.new(0.907408, 0.163545, -0.069254, 0.861609, 0.439684, 0.253592, -0.483214, 0.863465, 0.14468, -0.155354, -0.247197, 0.95643)
    Left Leg.CFrame = CFrame.new(-0.9863, 0.148085, -0.125688, 0.731294, -0.385282, -0.56282, 0.496694, 0.866348, 0.0523102, 0.467444, -0.317803, 0.824923)

[32]
    Time: 0.516667
    HumanoidRootPart.CFrame = CFrame.new(0, 0, 0, 1, 0, 0, 0, 1, 0, 0, 0, 1)
    Torso.CFrame = CFrame.new(0, 0, 0.461412, 0.943318, -0.327421, 0.0542765, 0.330316, 0.942112, -0.0575935, -0.0322772, 0.0722575, 0.996864)
    Right Arm.CFrame = CFrame.new(0.0555215, -0.0177822, 0.312152, -0.646251, -0.751837, 0.130771, 0.572089, -0.363896, 0.735047, -0.505048, 0.549837, 0.665286)
    Left Arm.CFrame = CFrame.new(-0.488219, -0.228536, 0.24151, -0.670217, 0.651729, -0.355047, -0.727247, -0.481279, 0.48937, 0.14806, 0.586191, 0.796529)
    Head.CFrame = CFrame.new(-1.11759e-07, -2.64496e-07, -5.96046e-08, 0.951909, 0.271893, -0.141223, -0.306313, 0.854374, -0.419782, 0.0065213, 0.442853, 0.896571)
    Right Leg.CFrame = CFrame.new(0.922201, 0.15984, -0.0761516, 0.841168, 0.459731, 0.284753, -0.514979, 0.841684, 0.16237, -0.165025, -0.283222, 0.94475)
    Left Leg.CFrame = CFrame.new(-1.01296, 0.137918, -0.145214, 0.684912, -0.399702, -0.609207, 0.527076, 0.849076, 0.0354948, 0.503077, -0.34541, 0.792216)

[33]
    Time: 0.533333
    HumanoidRootPart.CFrame = CFrame.new(0, 0, 0, 1, 0, 0, 0, 1, 0, 0, 0, 1)
    Torso.CFrame = CFrame.new(0, 0, 0.507498, 0.943419, -0.331326, 0.0135774, 0.331397, 0.943486, -0.00328575, -0.0117214, 0.00759946, 0.999902)
    Right Arm.CFrame = CFrame.new(0.0742621, 0.017576, 0.352146, -0.668475, -0.734896, 0.114319, 0.531578, -0.364606, 0.764518, -0.520159, 0.571831, 0.634384)
    Left Arm.CFrame = CFrame.new(-0.548627, -0.254771, 0.252711, -0.700957, 0.626506, -0.340807, -0.698278, -0.505612, 0.50672, 0.145147, 0.593167, 0.791887)
    Head.CFrame = CFrame.new(-9.46457e-08, -2.39117e-07, 1.19209e-07, 0.952835, 0.28775, -0.0964592, -0.300881, 0.854098, -0.424248, -0.039692, 0.433262, 0.900394)
    Right Leg.CFrame = CFrame.new(0.934888, 0.1579, -0.0830659, 0.818527, 0.481824, 0.312826, -0.549066, 0.816306, 0.179362, -0.168941, -0.318575, 0.932721)
    Left Leg.CFrame = CFrame.new(-1.03436, 0.127956, -0.16278, 0.639232, -0.417196, -0.64601, 0.56006, 0.828227, 0.0193125, 0.526986, -0.37415, 0.763084)

[34]
    Time: 0.550000
    HumanoidRootPart.CFrame = CFrame.new(0, 0, 0, 1, 0, 0, 0, 1, 0, 0, 0, 1)
    Torso.CFrame = CFrame.new(0, 0, 0.532346, 0.942789, -0.332116, -0.0291194, 0.333253, 0.941303, 0.0537657, 0.00955375, -0.0603938, 0.998129)
    Right Arm.CFrame = CFrame.new(0.0940825, 0.0458897, 0.39444, -0.689797, -0.718168, 0.0917379, 0.489185, -0.368906, 0.79032, -0.53374, 0.590037, 0.605787)
    Left Arm.CFrame = CFrame.new(-0.596997, -0.282515, 0.264555, -0.732086, 0.599272, -0.323917, -0.66618, -0.530475, 0.524215, 0.142318, 0.599558, 0.787576)
    Head.CFrame = CFrame.new(-9.31323e-08, -2.56114e-07, 2.38419e-07, 0.951907, 0.302262, -0.0501028, -0.293857, 0.854404, -0.428533, -0.0867215, 0.422647, 0.902136)
    Right Leg.CFrame = CFrame.new(0.945657, 0.157295, -0.0898233, 0.794286, 0.504835, 0.33801, -0.583918, 0.787982, 0.195252, -0.167776, -0.352456, 0.920666)
    Left Leg.CFrame = CFrame.new(-1.05152, 0.118142, -0.17826, 0.594729, -0.436485, -0.675114, 0.594344, 0.804203, 0.00362986, 0.541344, -0.403408, 0.737705)

[35]
    Time: 0.566667
    HumanoidRootPart.CFrame = CFrame.new(0, 0, 0, 1, 0, 0, 0, 1, 0, 0, 0, 1)
    Torso.CFrame = CFrame.new(0, 0, 0.55015, 0.941335, -0.329632, -0.0723305, 0.336038, 0.935299, 0.110881, 0.0311008, -0.128681, 0.991198)
    Right Arm.CFrame = CFrame.new(0.114264, 0.0679397, 0.4375, -0.709412, -0.701876, 0.0640739, 0.445504, -0.37612, 0.81244, -0.546133, 0.6049, 0.579513)
    Left Arm.CFrame = CFrame.new(-0.634668, -0.310761, 0.276615, -0.762871, 0.570444, -0.304338, -0.631229, -0.555257, 0.541516, 0.139919, 0.605214, 0.78367)
    Head.CFrame = CFrame.new(-4.84288e-08, -2.42144e-07, -2.38419e-07, 0.949073, 0.315023, -0.00455525, -0.285941, 0.855205, -0.432275, -0.132281, 0.411563, 0.90173)
    Right Leg.CFrame = CFrame.new(0.954646, 0.157658, -0.0962498, 0.769155, 0.527734, 0.360413, -0.618091, 0.757612, 0.209733, -0.16237, -0.384085, 0.908908)
    Left Leg.CFrame = CFrame.new(-1.06527, 0.108493, -0.191729, 0.551702, -0.456348, -0.698119, 0.628598, 0.777644, -0.0115704, 0.548169, -0.432453, 0.715888)

[36]
    Time: 0.583333
    HumanoidRootPart.CFrame = CFrame.new(0, 0, 0, 1, 0, 0, 0, 1, 0, 0, 0, 1)
    Torso.CFrame = CFrame.new(0, 0, 0.562085, 0.939047, -0.324131, -0.114585, 0.33976, 0.925852, 0.165411, 0.052474, -0.19426, 0.979546)
    Right Arm.CFrame = CFrame.new(0.134088, 0.0845119, 0.479795, -0.726615, -0.686278, 0.032448, 0.401269, -0.38557, 0.830855, -0.557686, 0.616732, 0.555543)
    Left Arm.CFrame = CFrame.new(-0.662976, -0.338505, 0.288459, -0.792588, 0.540577, -0.282102, -0.593858, -0.579376, 0.558262, 0.13834, 0.61, 0.780232)
    Head.CFrame = CFrame.new(-7.45058e-08, -2.08616e-07, -1.19209e-07, 0.944708, 0.325729, 0.0377872, -0.277865, 0.856377, -0.435212, -0.174121, 0.400649, 0.899535)
    Right Leg.CFrame = CFrame.new(0.961959, 0.158686, -0.102171, 0.743965, 0.549602, 0.380071, -0.650296, 0.72634, 0.222588, -0.153726, -0.412756, 0.897776)
    Left Leg.CFrame = CFrame.new(-1.07635, 0.0990688, -0.20341, 0.510431, -0.475619, -0.716412, 0.661515, 0.749473, -0.0262491, 0.549416, -0.460519, 0.697183)

[37]
    Time: 0.600000
    HumanoidRootPart.CFrame = CFrame.new(0, 0, 0, 1, 0, 0, 0, 1, 0, 0, 0, 1)
    Torso.CFrame = CFrame.new(0, 0, 0.569324, 0.936001, -0.316263, -0.154533, 0.344287, 0.913942, 0.214888, 0.0732727, -0.254339, 0.964336)
    Right Arm.CFrame = CFrame.new(0.152835, 0.096386, 0.519789, -0.740825, -0.671696, -0.00193696, 0.357359, -0.396575, 0.84559, -0.568747, 0.625742, 0.533829)
    Left Arm.CFrame = CFrame.new(-0.683261, -0.36474, 0.29966, -0.820545, 0.510381, -0.257327, -0.554669, -0.602301, 0.574087, 0.138015, 0.613795, 0.777308)
    Head.CFrame = CFrame.new(-6.70552e-08, -2.57045e-07, -4.17233e-07, 0.939551, 0.334185, 0.074596, -0.270384, 0.857764, -0.437187, -0.210087, 0.39059, 0.896272)
    Right Leg.CFrame = CFrame.new(0.967671, 0.160125, -0.10742, 0.719665, 0.569655, 0.396958, -0.67944, 0.695526, 0.233675, -0.142981, -0.437878, 0.887592)
    Left Leg.CFrame = CFrame.new(-1.08541, 0.089949, -0.213633, 0.471255, -0.493188, -0.731221, 0.691846, 0.720916, -0.0403589, 0.547054, -0.486873, 0.680946)

[38]
    Time: 0.616667
    HumanoidRootPart.CFrame = CFrame.new(0, 0, 0, 1, 0, 0, 0, 1, 0, 0, 0, 1)
    Torso.CFrame = CFrame.new(0, 0, 0.573041, 0.932342, -0.306998, -0.191022, 0.349365, 0.901016, 0.257127, 0.0931766, -0.306467, 0.94731)
    Right Arm.CFrame = CFrame.new(0.169787, 0.104348, 0.555951, -0.751601, -0.658534, -0.0378006, 0.314795, -0.408462, 0.856775, -0.579656, 0.632053, 0.514304)
    Left Arm.CFrame = CFrame.new(-0.696858, -0.38846, 0.309788, -0.846112, 0.480719, -0.230225, -0.51445, -0.62357, 0.588643, 0.139411, 0.616498, 0.774916)
    Head.CFrame = CFrame.new(-4.47035e-08, -1.71363e-07, -1.78814e-07, 0.934593, 0.340284, 0.103642, -0.264246, 0.859196, -0.438129, -0.238137, 0.382085, 0.892918)
    Right Leg.CFrame = CFrame.new(0.971837, 0.161762, -0.111842, 0.697299, 0.587237, 0.411007, -0.70464, 0.666691, 0.242912, -0.131368, -0.458994, 0.878673)
    Left Leg.CFrame = CFrame.new(-1.09301, 0.0812089, -0.222818, 0.434609, -0.508017, -0.743662, 0.718443, 0.693496, -0.0538764, 0.543098, -0.510864, 0.666381)

[39]
    Time: 0.633333
    HumanoidRootPart.CFrame = CFrame.new(0, 0, 0, 1, 0, 0, 0, 1, 0, 0, 0, 1)
