[1]
    Time: 0.000000
    HumanoidRootPart.CFrame = CFrame.new(0, 0, 0, 1, 0, 0, 0, 1, 0, 0, 0, 1)
    Torso.CFrame = CFrame.new(-0.00222103, 0.0432868, -0.125518, 0.99778, 0.023891, -0.0621699, -0.023166, 0.999655, 0.0123565, 0.0624437, -0.0108888, 0.997989)
    Head.CFrame = CFrame.new(-6.89179e-08, 1.30385e-08, 2.74181e-06, 0.99785, -0.0493653, 0.0431067, 0.0508257, 0.998147, -0.0334662, -0.0413747, 0.0355852, 0.99851)
    Left Leg.CFrame = CFrame.new(-0.0991376, 0.10215, 0.0344422, 0.948137, -0.191764, 0.2535, 0.148325, 0.972283, 0.180737, -0.281132, -0.133764, 0.950301)
    Right Arm.CFrame = CFrame.new(-0.519899, -0.532588, 0.0579098, 0.142069, -0.908272, -0.393521, 0.898631, -0.0483562, 0.436033, -0.415065, -0.415576, 0.809331)
    Right Leg.CFrame = CFrame.new(0.570294, 0.515261, 0.247435, 0.87343, 0.261236, -0.410945, -0.234699, 0.965267, 0.114784, 0.426657, -0.00380761, 0.904405)
    Left Arm.CFrame = CFrame.new(0.214599, -0.637053, 0.131837, -0.31041, 0.712735, 0.629011, -0.768158, -0.577861, 0.275699, 0.559981, -0.3976, 0.726867)

[2]
    Time: 0.033333
    HumanoidRootPart.CFrame = CFrame.new(0, 0, 0, 1, 0, 0, 0, 1, 0, 0, 0, 1)
    Torso.CFrame = CFrame.new(-0.00577519, 0.0383182, -0.154103, 0.994492, 0.070653, -0.0774149, -0.0703383, 0.9975, 0.00678714, 0.0777009, -0.00130453, 0.996976)
    Head.CFrame = CFrame.new(-8.00937e-08, 1.49012e-08, 1.96695e-06, 0.993661, -0.102462, 0.0462441, 0.104029, 0.994032, -0.0328533, -0.0426019, 0.0374558, 0.99839)
    Left Leg.CFrame = CFrame.new(-0.206, 0.111587, 0.0688601, 0.921187, -0.263222, 0.286582, 0.22095, 0.960071, 0.171595, -0.320306, -0.0947505, 0.942564)
    Right Arm.CFrame = CFrame.new(-0.530288, -0.509579, 0.0651357, 0.100526, -0.974831, -0.198998, 0.893916, 0.000681375, 0.448233, -0.436816, -0.222946, 0.871485)
    Right Leg.CFrame = CFrame.new(0.665294, 0.59668, 0.266268, 0.843664, 0.334888, -0.419622, -0.322939, 0.940944, 0.10166, 0.428885, 0.049745, 0.901988)
    Left Arm.CFrame = CFrame.new(0.0879708, -0.634225, 0.13997, -0.470472, 0.75316, 0.459788, -0.73233, -0.623952, 0.272723, 0.49229, -0.208408, 0.845114)

[3]
    Time: 0.066667
    HumanoidRootPart.CFrame = CFrame.new(0, 0, 0, 1, 0, 0, 0, 1, 0, 0, 0, 1)
    Torso.CFrame = CFrame.new(-0.0581387, 0.0325769, -0.135652, 0.960056, 0.256525, -0.111748, -0.258118, 0.966114, 0.000222315, 0.108018, 0.0286306, 0.993737)
    Head.CFrame = CFrame.new(-4.47035e-08, 1.95578e-08, 2.44379e-06, 0.963277, -0.26272, 0.0554488, 0.264615, 0.963887, -0.0300204, -0.0455595, 0.0435905, 0.99801)
    Left Leg.CFrame = CFrame.new(-0.0874067, 0.0954892, 0.0938885, 0.822733, -0.307979, 0.477765, 0.251141, 0.950965, 0.180538, -0.509939, -0.028548, 0.859737)
    Right Arm.CFrame = CFrame.new(-0.446021, -0.459165, 0.179785, -0.00910726, -0.947268, 0.320312, 0.915881, 0.120665, 0.382886, -0.401346, 0.296855, 0.866486)
    Right Leg.CFrame = CFrame.new(0.952421, 0.624211, 0.106163, 0.897988, 0.40203, -0.178858, -0.395665, 0.915603, 0.0715523, 0.192529, 0.0065148, 0.98127)
    Left Arm.CFrame = CFrame.new(-0.212859, -0.560333, 0.0911272, -0.716403, 0.694814, -0.0632499, -0.661621, -0.6478, 0.377641, 0.221417, 0.312391, 0.923789)

[4]
    Time: 0.100000
    HumanoidRootPart.CFrame = CFrame.new(0, 0, 0, 1, 0, 0, 0, 1, 0, 0, 0, 1)
    Torso.CFrame = CFrame.new(-0.104505, 0.0432152, -0.116988, 0.861052, 0.49054, -0.134016, -0.493855, 0.869491, 0.00959376, 0.121232, 0.0579235, 0.990933)
    Head.CFrame = CFrame.new(-9.68575e-08, 0, 2.68221e-06, 0.865307, -0.496582, 0.0681874, 0.498971, 0.866314, -0.0229766, -0.0476619, 0.0539054, 0.997408)
    Left Leg.CFrame = CFrame.new(0.152753, 0.0810239, 0.024792, 0.624819, -0.335452, 0.705035, 0.244574, 0.941643, 0.231282, -0.741475, 0.0279238, 0.670399)
    Right Arm.CFrame = CFrame.new(-0.234405, -0.459464, 0.169981, -0.0491496, -0.720147, 0.692079, 0.959242, 0.159024, 0.233596, -0.27828, 0.675352, 0.682979)
    Right Leg.CFrame = CFrame.new(1.12309, 0.633217, -0.244874, 0.930978, 0.304692, 0.201107, -0.329975, 0.937968, 0.106455, -0.156195, -0.165467, 0.973768)
    Left Arm.CFrame = CFrame.new(-0.334963, -0.482248, -0.0756811, -0.69204, 0.566675, -0.447169, -0.716682, -0.465314, 0.51947, 0.0862958, 0.679972, 0.728142)

[5]
    Time: 0.116667
    HumanoidRootPart.CFrame = CFrame.new(0, 0, 0, 1, 0, 0, 0, 1, 0, 0, 0, 1)
    Torso.CFrame = CFrame.new(-0.118661, 0.0387805, -0.140904, 0.703873, 0.699776, -0.121971, -0.703365, 0.710604, 0.0179041, 0.0992021, 0.0731881, 0.992372)
    Head.CFrame = CFrame.new(-1.11759e-07, 7.45058e-09, 2.5928e-06, 0.692506, -0.717058, 0.0791361, 0.719936, 0.693933, -0.0122604, -0.0461236, 0.0654634, 0.996789)
    Left Leg.CFrame = CFrame.new(0.309542, 0.101523, -0.0926692, 0.389383, -0.401317, 0.829052, 0.237205, 0.913422, 0.330748, -0.890008, 0.0678675, 0.450864)
    Right Arm.CFrame = CFrame.new(0.000992715, -0.462559, 0.0201552, 0.0206673, -0.446867, 0.894362, 0.978642, 0.192045, 0.0733403, -0.204531, 0.873744, 0.441292)
    Right Leg.CFrame = CFrame.new(1.04957, 0.616247, -0.451327, 0.909135, 0.0971839, 0.405005, -0.188878, 0.96286, 0.192938, -0.371213, -0.251903, 0.893726)
    Left Arm.CFrame = CFrame.new(-0.284269, -0.382179, -0.225122, -0.482292, 0.560197, -0.673479, -0.822074, -0.0238307, 0.568881, 0.302636, 0.828016, 0.472017)

[6]
    Time: 0.150000
    HumanoidRootPart.CFrame = CFrame.new(0, 0, 0, 1, 0, 0, 0, 1, 0, 0, 0, 1)
    Torso.CFrame = CFrame.new(-0.122548, 0.00163428, -0.200976, 0.479617, 0.872784, -0.0906422, -0.876, 0.482241, 0.00825271, 0.0509142, 0.0754444, 0.995849)
    Head.CFrame = CFrame.new(-9.31323e-08, 6.40284e-08, 2.41399e-06, 0.507609, -0.857394, 0.0849032, 0.860596, 0.509283, -0.00223992, -0.0413193, 0.0742045, 0.996387)
    Left Leg.CFrame = CFrame.new(0.405627, 0.145949, -0.238249, 0.127789, -0.491694, 0.861341, 0.212721, 0.861838, 0.460418, -0.968721, 0.124389, 0.214727)
    Right Arm.CFrame = CFrame.new(0.236096, -0.43487, -0.193511, 0.0710908, -0.122523, 0.989916, 0.970988, 0.235661, -0.0405634, -0.228315, 0.964081, 0.135722)
    Right Leg.CFrame = CFrame.new(0.880167, 0.521085, -0.459255, 0.852832, -0.157579, 0.497842, 0.0389989, 0.969939, 0.240201, -0.520727, -0.185436, 0.833341)
    Left Arm.CFrame = CFrame.new(-0.216191, -0.246999, -0.414056, -0.234806, 0.494104, -0.837095, -0.659763, 0.551415, 0.510543, 0.713848, 0.672162, 0.196515)

[7]
    Time: 0.183333
    HumanoidRootPart.CFrame = CFrame.new(0, 0, 0, 1, 0, 0, 0, 1, 0, 0, 0, 1)
    Torso.CFrame = CFrame.new(-0.127031, -0.0260468, -0.252023, 0.310874, 0.947879, -0.0698776, -0.950333, 0.311155, -0.00711377, 0.0149997, 0.0686184, 0.99753)
    Head.CFrame = CFrame.new(-1.19209e-07, 1.81608e-08, 2.41399e-06, 0.375463, -0.922807, 0.086339, 0.92615, 0.377141, 0.00339679, -0.0356965, 0.0786875, 0.99626)
    Left Leg.CFrame = CFrame.new(0.444201, 0.18048, -0.411443, -0.0441268, -0.548922, 0.834708, 0.144789, 0.823186, 0.548999, -0.988478, 0.145083, 0.0431537)
    Right Arm.CFrame = CFrame.new(0.370312, -0.425572, -0.321994, 0.019411, -0.0106317, 0.999755, 0.978101, 0.207455, -0.0167844, -0.207225, 0.978187, 0.014426)
    Right Leg.CFrame = CFrame.new(0.679084, 0.337116, -0.346286, 0.729537, -0.382289, 0.567126, 0.275376, 0.923202, 0.268077, -0.626054, -0.039399, 0.778783)
    Left Arm.CFrame = CFrame.new(-0.192172, -0.234401, -0.50872, -0.133453, 0.390123, -0.911041, -0.451045, 0.794633, 0.406345, 0.882467, 0.465148, 0.0699169)

[8]
    Time: 0.216667
    HumanoidRootPart.CFrame = CFrame.new(0, 0, 0, 1, 0, 0, 0, 1, 0, 0, 0, 1)
    Torso.CFrame = CFrame.new(-0.123022, -0.0203094, -0.284287, 0.230095, 0.971064, -0.0639549, -0.973146, 0.230031, -0.00846, 0.00649641, 0.0641841, 0.997917)
    Head.CFrame = CFrame.new(-1.30385e-07, 7.24103e-08, 2.71201e-06, 0.303986, -0.948767, 0.0862141, 0.952145, 0.305592, 0.00575786, -0.0318091, 0.0803382, 0.99626)
    Left Leg.CFrame = CFrame.new(0.441116, 0.195477, -0.539221, -0.0832396, -0.581709, 0.809127, 0.100906, 0.802851, 0.587578, -0.991408, 0.130556, -0.00813079)
    Right Arm.CFrame = CFrame.new(0.4297, -0.436348, -0.335943, -0.0692635, -0.133708, 0.988597, 0.990857, 0.105794, 0.0837304, -0.115784, 0.985358, 0.125158)
    Right Leg.CFrame = CFrame.new(0.457498, 0.140918, -0.13738, 0.583744, -0.543182, 0.603488, 0.477251, 0.830858, 0.286194, -0.656868, 0.120951, 0.744241)
    Left Arm.CFrame = CFrame.new(-0.197258, -0.332514, -0.266094, -0.18441, 0.307024, -0.933665, -0.575079, 0.736663, 0.355827, 0.797043, 0.602548, 0.0407147)

[9]
    Time: 0.250000
    HumanoidRootPart.CFrame = CFrame.new(0, 0, 0, 1, 0, 0, 0, 1, 0, 0, 0, 1)
    Torso.CFrame = CFrame.new(-0.121314, -0.00990256, -0.296423, 0.217379, 0.97412, -0.0619469, -0.976046, 0.217515, -0.00463081, 0.00896338, 0.0614696, 0.998069)
    Head.CFrame = CFrame.new(-1.19209e-07, 4.77303e-09, 2.47359e-06, 0.288747, -0.953505, 0.0863389, 0.956988, 0.290109, 0.00339681, -0.0282866, 0.0816445, 0.99626)
    Left Leg.CFrame = CFrame.new(0.438799, 0.195879, -0.483013, -0.0997675, -0.585215, 0.804718, 0.130849, 0.794012, 0.593652, -0.98637, 0.164524, -0.00264195)
    Right Arm.CFrame = CFrame.new(0.399481, -0.410325, -0.270587, -0.105214, -0.417501, 0.902565, 0.99006, 0.0412115, 0.134476, -0.09334, 0.907742, 0.409014)
    Right Leg.CFrame = CFrame.new(0.444435, 0.140739, -0.137051, 0.573904, -0.549635, 0.607071, 0.486391, 0.825164, 0.287277, -0.658831, 0.130404, 0.740902)
    Left Arm.CFrame = CFrame.new(-0.221181, -0.476194, 0.0970281, -0.303858, 0.278705, -0.91104, -0.77629, 0.48193, 0.406346, 0.552308, 0.830703, 0.0699174)

[10]
    Time: 0.283333
    HumanoidRootPart.CFrame = CFrame.new(0, 0, 0, 1, 0, 0, 0, 1, 0, 0, 0, 1)
    Torso.CFrame = CFrame.new(-0.117688, -0.00741931, -0.257242, 0.349294, 0.936011, -0.0433226, -0.936798, 0.349831, 0.00525655, 0.0200758, 0.0387485, 0.999047)
    Head.CFrame = CFrame.new(-1.15484e-07, 1.21072e-08, 2.83122e-06, 0.422448, -0.902777, 0.0808219, 0.906309, 0.421901, -0.0245766, -0.0119117, 0.083632, 0.996426)
    Left Leg.CFrame = CFrame.new(0.407675, 0.183577, -0.37118, 0.0735878, -0.599869, 0.796708, 0.18084, 0.793656, 0.580867, -0.980756, 0.101332, 0.166884)
    Right Arm.CFrame = CFrame.new(0.218057, -0.368917, -0.211319, -0.00993949, -0.834065, 0.551577, 0.993829, 0.0527043, 0.0976057, -0.11048, 0.549143, 0.828394)
    Right Leg.CFrame = CFrame.new(0.539893, 0.245032, -0.236644, 0.713155, -0.443091, 0.543213, 0.341106, 0.89632, 0.283297, -0.612419, -0.0167415, 0.790356)
    Left Arm.CFrame = CFrame.new(-0.122014, -0.577584, 0.329588, -0.378486, 0.526291, -0.761425, -0.809174, 0.211292, 0.548264, 0.449429, 0.823634, 0.34589)

[11]
    Time: 0.316667
    HumanoidRootPart.CFrame = CFrame.new(0, 0, 0, 1, 0, 0, 0, 1, 0, 0, 0, 1)
    Torso.CFrame = CFrame.new(-0.10979, 0.00541255, -0.160297, 0.657408, 0.753408, -0.0137996, -0.752709, 0.657435, 0.0347581, 0.0352594, -0.0124632, 0.9993)
    Head.CFrame = CFrame.new(-7.45058e-08, 0, 2.29478e-06, 0.72071, -0.691061, 0.0548655, 0.693117, 0.716854, -0.0755644, 0.0128891, 0.0924883, 0.99563)
    Left Leg.CFrame = CFrame.new(0.191943, 0.135193, -0.0960478, 0.462059, -0.603703, 0.64965, 0.30561, 0.796058, 0.522393, -0.832529, -0.0428368, 0.552322)
    Right Arm.CFrame = CFrame.new(0.0325201, -0.336976, -0.314502, 0.0838168, -0.984174, -0.156128, 0.991197, 0.0662287, 0.114638, -0.102483, -0.164363, 0.981062)
    Right Leg.CFrame = CFrame.new(0.61317, 0.300545, -0.216509, 0.915255, -0.209691, 0.344004, 0.11015, 0.951582, 0.286982, -0.387526, -0.22477, 0.894037)
    Left Arm.CFrame = CFrame.new(0.0647681, -0.722955, 0.43109, -0.461197, 0.857504, -0.228001, -0.722187, -0.213482, 0.65793, 0.515503, 0.468095, 0.717735)

[12]
    Time: 0.350000
    HumanoidRootPart.CFrame = CFrame.new(0, 0, 0, 1, 0, 0, 0, 1, 0, 0, 0, 1)
    Torso.CFrame = CFrame.new(-0.136283, 0.00922247, -0.0765553, 0.8706, 0.491875, -0.0107268, -0.490853, 0.869861, 0.0490492, 0.0334569, -0.037437, 0.998739)
    Head.CFrame = CFrame.new(-8.9407e-08, -3.72529e-08, 2.5928e-06, 0.904523, -0.425394, 0.0296327, 0.426174, 0.899417, -0.0970866, 0.0146479, 0.100446, 0.994835)
    Left Leg.CFrame = CFrame.new(-0.0589437, 0.12577, 0.00394763, 0.695776, -0.542256, 0.471015, 0.322592, 0.821831, 0.469604, -0.64174, -0.174793, 0.746737)
    Right Arm.CFrame = CFrame.new(-0.00434782, -0.363591, -0.286029, 0.0359981, -0.906664, -0.420315, 0.977151, -0.0562253, 0.204973, -0.209474, -0.41809, 0.883924)
    Right Leg.CFrame = CFrame.new(0.6237, 0.28788, -0.124287, 0.988102, 0.0154758, 0.153019, -0.0621103, 0.950339, 0.304955, -0.1407, -0.310831, 0.939993)
    Left Arm.CFrame = CFrame.new(0.0639496, -0.792173, 0.548061, -0.563605, 0.81922, 0.105961, -0.563421, -0.475048, 0.675934, 0.604075, 0.321259, 0.729305)

[13]
    Time: 0.366667
    HumanoidRootPart.CFrame = CFrame.new(0, 0, 0, 1, 0, 0, 0, 1, 0, 0, 0, 1)
    Torso.CFrame = CFrame.new(-0.178477, -0.0178066, -0.0106351, 0.977585, 0.210171, -0.0124575, -0.209714, 0.977281, 0.0306908, 0.0186248, -0.0273903, 0.999451)
    Head.CFrame = CFrame.new(-6.33299e-08, -7.45058e-09, 2.95043e-06, 0.980309, -0.196339, 0.0211056, 0.197362, 0.977703, -0.0717299, -0.00655163, 0.0744829, 0.997201)
    Left Leg.CFrame = CFrame.new(-0.308961, 0.17244, 0.00699916, 0.840645, -0.444585, 0.309291, 0.296148, 0.855487, 0.424781, -0.453445, -0.265494, 0.850823)
    Right Arm.CFrame = CFrame.new(0.235265, -0.57062, -0.0574462, -0.427983, -0.784185, -0.449316, 0.791524, -0.565192, 0.232479, -0.436257, -0.256148, 0.862594)
    Right Leg.CFrame = CFrame.new(0.587091, 0.25087, -0.020709, 0.981192, 0.192862, -0.00823347, -0.180838, 0.933269, 0.310335, 0.0675355, -0.303009, 0.950592)
    Left Arm.CFrame = CFrame.new(-0.13721, -0.676648, 0.748538, -0.772289, 0.630683, 0.0762184, -0.31674, -0.486275, 0.814379, 0.550677, 0.604794, 0.575307)

[14]
    Time: 0.400000
    HumanoidRootPart.CFrame = CFrame.new(0, 0, 0, 1, 0, 0, 0, 1, 0, 0, 0, 1)
    Torso.CFrame = CFrame.new(-0.20716, -0.0375075, 0.0196099, 0.999993, 0.00281061, -0.00265054, -0.00276461, 0.999848, 0.0172005, 0.00269848, -0.017193, 0.999849)
    Head.CFrame = CFrame.new(-6.89179e-08, 7.45058e-09, 2.02656e-06, 0.999643, -0.0170227, 0.0205718, 0.0179325, 0.998832, -0.0448799, -0.0197837, 0.0452328, 0.998781)
    Left Leg.CFrame = CFrame.new(-0.476352, 0.227849, -0.0419418, 0.912959, -0.366782, 0.178823, 0.278284, 0.880161, 0.384544, -0.298436, -0.301309, 0.905621)
    Right Arm.CFrame = CFrame.new(0.681857, -0.621375, 0.0902711, -0.815743, -0.397365, -0.420315, 0.341248, -0.917353, 0.204972, -0.467026, 0.0237732, 0.883924)
    Right Leg.CFrame = CFrame.new(0.571777, 0.218817, 0.0508181, 0.942586, 0.318116, -0.10166, -0.275171, 0.912281, 0.303354, 0.189244, -0.257963, 0.94744)
    Left Arm.CFrame = CFrame.new(-0.397085, -0.500549, 0.741495, -0.921109, 0.385764, -0.0523836, -0.178333, -0.298495, 0.937602, 0.346057, 0.872976, 0.343741)

[15]
    Time: 0.433333
    HumanoidRootPart.CFrame = CFrame.new(0, 0, 0, 1, 0, 0, 0, 1, 0, 0, 0, 1)
    Torso.CFrame = CFrame.new(-0.225147, -0.038028, -0.0152578, 0.995532, -0.09421, 0.00643337, 0.0940789, 0.995396, 0.018308, -0.00812855, -0.0176209, 0.999812)
    Head.CFrame = CFrame.new(-6.28643e-08, 7.45058e-09, 2.14577e-06, 0.996599, 0.0812536, 0.0137008, -0.0805731, 0.995755, -0.0444989, -0.0172583, 0.0432436, 0.998915)
    Left Leg.CFrame = CFrame.new(-0.582664, 0.265522, -0.0655762, 0.928124, -0.354967, 0.112185, 0.30019, 0.891845, 0.338377, -0.220164, -0.280378, 0.9343)
    Right Arm.CFrame = CFrame.new(0.820744, -0.559166, -0.066343, -0.914005, -0.364135, -0.17889, 0.314535, -0.914508, 0.254447, -0.256249, 0.176299, 0.950397)
    Right Leg.CFrame = CFrame.new(0.6034, 0.21494, 0.096045, 0.903731, 0.401962, -0.147301, -0.34586, 0.888313, 0.302126, 0.252292, -0.222095, 0.941818)
    Left Arm.CFrame = CFrame.new(-0.539325, -0.497121, 0.481436, -0.927121, 0.266698, -0.263283, -0.303077, -0.120357, 0.945335, 0.220432, 0.956235, 0.192415)

[16]
    Time: 0.466667
    HumanoidRootPart.CFrame = CFrame.new(0, 0, 0, 1, 0, 0, 0, 1, 0, 0, 0, 1)
    Torso.CFrame = CFrame.new(-0.236667, -0.0400689, -0.102485, 0.987216, -0.158636, 0.0154499, 0.158324, 0.987192, 0.0196411, -0.0183678, -0.0169439, 0.999688)
    Head.CFrame = CFrame.new(-3.25963e-08, 3.72529e-09, 2.68221e-06, 0.993006, 0.118063, 0.000348203, -0.117936, 0.992062, -0.0436476, -0.00549863, 0.0433012, 0.999047)
    Left Leg.CFrame = CFrame.new(-0.67903, 0.314775, -0.0840852, 0.927461, -0.368267, 0.0647807, 0.335928, 0.896714, 0.288195, -0.164222, -0.245528, 0.955378)
    Right Arm.CFrame = CFrame.new(0.717552, -0.409232, -0.352333, -0.75958, -0.568508, 0.31597, 0.649736, -0.641061, 0.408514, -0.0296881, 0.515596, 0.856317)
    Right Leg.CFrame = CFrame.new(0.542589, 0.219867, 0.163002, 0.85873, 0.443424, -0.256825, -0.358976, 0.87822, 0.316015, 0.365677, -0.179177, 0.913332)
    Left Arm.CFrame = CFrame.new(-0.505829, -0.554932, 0.0419998, -0.801629, 0.207509, -0.560652, -0.543271, 0.13853, 0.82805, 0.249494, 0.968375, 0.00168428)

[17]
    Time: 0.500000
    HumanoidRootPart.CFrame = CFrame.new(0, 0, 0, 1, 0, 0, 0, 1, 0, 0, 0, 1)
    Torso.CFrame = CFrame.new(-0.242778, -0.0407699, -0.176161, 0.982395, -0.184914, 0.0265692, 0.184391, 0.982629, 0.0209905, -0.0299891, -0.0157219, 0.999427)
    Head.CFrame = CFrame.new(-6.14673e-08, 1.49012e-08, 2.6226e-06, 0.989337, 0.145084, -0.012741, -0.1455, 0.98845, -0.0423791, 0.00644531, 0.043781, 0.99902)
    Left Leg.CFrame = CFrame.new(-0.708447, 0.337094, -0.0788428, 0.925859, -0.374024, 0.0537749, 0.348567, 0.900316, 0.260637, -0.145899, -0.222569, 0.963938)
    Right Arm.CFrame = CFrame.new(0.548124, -0.224659, -0.57921, -0.506142, -0.560035, 0.655882, 0.83391, -0.123771, 0.537842, -0.220031, 0.819172, 0.529664)
    Right Leg.CFrame = CFrame.new(0.427501, 0.202205, 0.196023, 0.836116, 0.430583, -0.339864, -0.332388, 0.890552, 0.31054, 0.43638, -0.14668, 0.887726)
    Left Arm.CFrame = CFrame.new(-0.352035, -0.528877, -0.311575, -0.679522, 0.106003, -0.725957, -0.63124, 0.419789, 0.652161, 0.37388, 0.90141, -0.218342)

[18]
    Time: 0.533333
    HumanoidRootPart.CFrame = CFrame.new(0, 0, 0, 1, 0, 0, 0, 1, 0, 0, 0, 1)
    Torso.CFrame = CFrame.new(-0.248283, -0.0547058, -0.228663, 0.978993, -0.199865, 0.040327, 0.199536, 0.979816, 0.0120615, -0.0419237, -0.00376147, 0.999114)
    Head.CFrame = CFrame.new(-8.47504e-08, 1.49012e-08, 2.68221e-06, 0.982952, 0.181943, -0.0264941, -0.182911, 0.982298, -0.0404188, 0.0186713, 0.0445758, 0.998832)
    Left Leg.CFrame = CFrame.new(-0.649075, 0.330241, -0.0440874, 0.942573, -0.322476, 0.0869797, 0.293306, 0.923747, 0.246299, -0.159772, -0.206643, 0.965283)
    Right Arm.CFrame = CFrame.new(0.468338, -0.21211, -0.681177, -0.454693, -0.510165, 0.730059, 0.818274, 0.084384, 0.568602, -0.351686, 0.855927, 0.379085)
    Right Leg.CFrame = CFrame.new(0.336503, 0.177409, 0.20424, 0.829191, 0.403105, -0.387234, -0.308899, 0.907832, 0.28359, 0.465859, -0.115534, 0.877284)
    Left Arm.CFrame = CFrame.new(-0.284281, -0.50268, -0.428894, -0.646426, 0.0504333, -0.761308, -0.625871, 0.53563, 0.56691, 0.436371, 0.842945, -0.314681)

[19]
    Time: 0.566667
    HumanoidRootPart.CFrame = CFrame.new(0, 0, 0, 1, 0, 0, 0, 1, 0, 0, 0, 1)
    Torso.CFrame = CFrame.new(-0.249092, -0.0853245, -0.271234, 0.975233, -0.214051, 0.0557039, 0.214859, 0.976605, -0.00887263, -0.0525015, 0.0206214, 0.998408)
    Head.CFrame = CFrame.new(-1.22935e-07, 1.67638e-08, 2.14577e-06, 0.977411, 0.207418, -0.0405744, -0.208954, 0.977181, -0.0381696, 0.0317314, 0.0457856, 0.998447)
    Left Leg.CFrame = CFrame.new(-0.583337, 0.35034, -0.0148036, 0.955, -0.26168, 0.139638, 0.222842, 0.943707, 0.244455, -0.195746, -0.202338, 0.959554)
    Right Arm.CFrame = CFrame.new(0.436975, -0.293697, -0.599351, -0.363895, -0.528252, 0.767157, 0.836957, 0.176002, 0.518196, -0.408759, 0.830646, 0.378077)
    Right Leg.CFrame = CFrame.new(0.275751, 0.175949, 0.220045, 0.804687, 0.382608, -0.453972, -0.289555, 0.920459, 0.262513, 0.518302, -0.0797903, 0.851467)
    Left Arm.CFrame = CFrame.new(-0.286032, -0.483454, -0.346598, -0.639322, 0.106353, -0.761549, -0.552264, 0.625625, 0.550997, 0.535044, 0.772841, -0.341241)

[20]
    Time: 0.600000
    HumanoidRootPart.CFrame = CFrame.new(0, 0, 0, 1, 0, 0, 0, 1, 0, 0, 0, 1)
    Torso.CFrame = CFrame.new(-0.238223, -0.0996516, -0.286066, 0.973302, -0.218882, 0.0690911, 0.220636, 0.975176, -0.0187635, -0.063269, 0.0335066, 0.997434)
    Head.CFrame = CFrame.new(-9.87202e-08, 3.72529e-08, 2.5034e-06, 0.975562, 0.214892, -0.0458208, -0.21662, 0.975563, -0.0367845, 0.0367964, 0.0458113, 0.998272)
    Left Leg.CFrame = CFrame.new(-0.574053, 0.383363, -0.00930908, 0.953131, -0.252771, 0.166275, 0.206285, 0.944944, 0.254021, -0.221329, -0.207815, 0.952799)
    Right Arm.CFrame = CFrame.new(0.391766, -0.354518, -0.398601, -0.173489, -0.563626, 0.807606, 0.811804, 0.382421, 0.441281, -0.557563, 0.732175, 0.391208)
    Right Leg.CFrame = CFrame.new(0.268812, 0.177302, 0.226996, 0.800319, 0.375919, -0.467093, -0.289238, 0.924459, 0.248428, 0.525197, -0.0637201, 0.848592)
    Left Arm.CFrame = CFrame.new(-0.278326, -0.434084, -0.157279, -0.569437, 0.260725, -0.779592, -0.397778, 0.742548, 0.538884, 0.719385, 0.616965, -0.319123)

[21]
    Time: 0.616667
    HumanoidRootPart.CFrame = CFrame.new(0, 0, 0, 1, 0, 0, 0, 1, 0, 0, 0, 1)
    Torso.CFrame = CFrame.new(-0.22571, -0.0938531, -0.261847, 0.97857, -0.192357, 0.0734782, 0.194024, 0.980863, -0.0162009, -0.0689557, 0.0301103, 0.997165)
    Head.CFrame = CFrame.new(-3.35276e-08, 3.72529e-08, 2.44379e-06, 0.980449, 0.191506, -0.0452137, -0.19319, 0.980488, -0.0363352, 0.0373731, 0.0443597, 0.998316)
    Left Leg.CFrame = CFrame.new(-0.557822, 0.360435, 0.00290129, 0.947971, -0.261411, 0.181702, 0.211325, 0.943572, 0.254979, -0.238103, -0.203314, 0.949721)
    Right Arm.CFrame = CFrame.new(0.321819, -0.37794, -0.155878, 0.18272, -0.736922, 0.650815, 0.747427, 0.534165, 0.394995, -0.638723, 0.414263, 0.648398)
    Right Leg.CFrame = CFrame.new(0.234072, 0.16817, 0.194227, 0.833879, 0.338372, -0.436063, -0.255587, 0.936958, 0.238295, 0.489205, -0.0872571, 0.867793)
    Left Arm.CFrame = CFrame.new(-0.202598, -0.374764, 0.0446287, -0.187637, 0.558832, -0.807774, -0.265635, 0.762867, 0.589468, 0.945638, 0.325179, 0.00530317)

[22]
    Time: 0.650000
    HumanoidRootPart.CFrame = CFrame.new(0, 0, 0, 1, 0, 0, 0, 1, 0, 0, 0, 1)
    Torso.CFrame = CFrame.new(-0.216464, -0.0753237, -0.189892, 0.988783, -0.133394, 0.0671881, 0.134164, 0.990934, -0.00706106, -0.0656371, 0.0159961, 0.997715)
    Head.CFrame = CFrame.new(-1.86265e-08, 1.67638e-08, 2.38419e-06, 0.989019, 0.14107, -0.0440529, -0.142698, 0.989102, -0.0362655, 0.0384568, 0.0421535, 0.998371)
    Left Leg.CFrame = CFrame.new(-0.514845, 0.300846, 0.0316988, 0.938592, -0.273055, 0.210917, 0.220821, 0.945102, 0.240873, -0.265109, -0.179506, 0.947362)
    Right Arm.CFrame = CFrame.new(0.203881, -0.377555, 0.0351356, 0.675341, -0.736856, 0.0309418, 0.654355, 0.618025, 0.435735, -0.340197, -0.274023, 0.899543)
    Right Leg.CFrame = CFrame.new(0.262987, 0.157407, 0.13735, 0.923556, 0.275717, -0.266506, -0.217699, 0.949129, 0.227512, 0.315677, -0.152102, 0.936597)
    Left Arm.CFrame = CFrame.new(-0.118102, -0.320413, 0.168797, 0.608566, 0.653359, -0.450299, -0.229424, 0.688123, 0.688369, 0.759613, -0.315609, 0.568664)

[23]
    Time: 0.683333
    HumanoidRootPart.CFrame = CFrame.new(0, 0, 0, 1, 0, 0, 0, 1, 0, 0, 0, 1)
    Torso.CFrame = CFrame.new(-0.195361, -0.0461947, -0.0873146, 0.993078, -0.0972369, 0.0658846, 0.096877, 0.995259, 0.00864427, -0.0664128, -0.00220173, 0.99779)
    Head.CFrame = CFrame.new(-6.70552e-08, 2.23517e-08, 2.68221e-06, 0.992134, 0.11738, -0.0434872, -0.118966, 0.99225, -0.0358752, 0.0389391, 0.0407666, 0.99841)
    Left Leg.CFrame = CFrame.new(-0.428818, 0.235965, 0.0619243, 0.92882, -0.261341, 0.262669, 0.205041, 0.952983, 0.223119, -0.308628, -0.15338, 0.938735)
    Right Arm.CFrame = CFrame.new(0.126408, -0.355399, 0.173382, 0.834443, -0.489544, -0.253085, 0.534055, 0.605015, 0.590544, -0.135977, -0.627936, 0.766294)
    Right Leg.CFrame = CFrame.new(0.285135, 0.163331, 0.104764, 0.95739, 0.239755, -0.161003, -0.199563, 0.952201, 0.231273, 0.208756, -0.189288, 0.959474)
    Left Arm.CFrame = CFrame.new(-0.0957927, -0.268414, 0.284822, 0.907992, 0.408242, -0.0942821, -0.203804, 0.626947, 0.751932, 0.36608, -0.663533, 0.652464)

[24]
    Time: 0.716667
    HumanoidRootPart.CFrame = CFrame.new(0, 0, 0, 1, 0, 0, 0, 1, 0, 0, 0, 1)
    Torso.CFrame = CFrame.new(-0.165158, -0.0165102, 0.0143769, 0.99399, -0.0844697, 0.069641, 0.0829085, 0.996243, 0.0250165, -0.0714925, -0.0190923, 0.997258)
    Head.CFrame = CFrame.new(-5.96046e-08, 3.72529e-09, 2.80142e-06, 0.992075, 0.117427, -0.0447038, -0.119045, 0.992257, -0.0354277, 0.0401974, 0.0404687, 0.998372)
    Left Leg.CFrame = CFrame.new(-0.326157, 0.152063, 0.0626201, 0.930828, -0.231976, 0.282395, 0.17992, 0.963466, 0.198397, -0.318101, -0.133865, 0.938558)
    Right Arm.CFrame = CFrame.new(0.0794792, -0.301502, 0.259854, 0.92712, -0.350955, -0.131451, 0.317472, 0.549096, 0.773114, -0.199149, -0.758501, 0.620497)
    Right Leg.CFrame = CFrame.new(0.294728, 0.167982, 0.0863724, 0.96102, 0.252546, -0.112525, -0.220256, 0.945321, 0.240532, 0.167117, -0.206372, 0.964097)
    Left Arm.CFrame = CFrame.new(-0.0561889, -0.214343, 0.344603, 0.978772, 0.198542, -0.0508496, -0.0675633, 0.546808, 0.834528, 0.193494, -0.813377, 0.548615)

[25]
    Time: 0.750000
    HumanoidRootPart.CFrame = CFrame.new(0, 0, 0, 1, 0, 0, 0, 1, 0, 0, 0, 1)
    Torso.CFrame = CFrame.new(-0.133833, 0.00369019, 0.0844541, 0.994404, -0.0750045, 0.0743957, 0.0724789, 0.996717, 0.0360888, -0.0768583, -0.0304947, 0.996576)
    Head.CFrame = CFrame.new(-9.68575e-08, -5.58794e-09, 2.5034e-06, 0.991842, 0.117466, -0.0495203, -0.119265, 0.992242, -0.0350842, 0.045015, 0.040704, 0.998157)
    Left Leg.CFrame = CFrame.new(-0.279411, 0.113225, 0.0715248, 0.925412, -0.215318, 0.31185, 0.173499, 0.972322, 0.156487, -0.336913, -0.0907092, 0.937156)
    Right Arm.CFrame = CFrame.new(0.0654478, -0.238437, 0.272119, 0.963828, -0.25449, 0.0791921, 0.0396251, 0.430647, 0.90165, -0.263565, -0.865897, 0.425153)
    Right Leg.CFrame = CFrame.new(0.415773, 0.172082, 0.085767, 0.927356, 0.36236, -0.0933078, -0.329254, 0.908707, 0.2566, 0.177771, -0.207238, 0.962003)
    Left Arm.CFrame = CFrame.new(0.00913796, -0.155997, 0.340271, 0.992597, -0.0146199, -0.120573, 0.115157, 0.42885, 0.896006, 0.0386083, -0.903257, 0.427359)

[26]
    Time: 0.783333
    HumanoidRootPart.CFrame = CFrame.new(0, 0, 0, 1, 0, 0, 0, 1, 0, 0, 0, 1)
    Torso.CFrame = CFrame.new(-0.0989068, 0.0090381, 0.107306, 0.993854, -0.0703693, 0.0854545, 0.0672841, 0.996992, 0.0384653, -0.0879043, -0.0324792, 0.995599)
    Head.CFrame = CFrame.new(-1.15484e-07, -3.72529e-09, 2.6226e-06, 0.991434, 0.117314, -0.0574177, -0.119393, 0.992258, -0.0342027, 0.0529607, 0.0407649, 0.997764)
    Left Leg.CFrame = CFrame.new(-0.271083, 0.102311, 0.090876, 0.914791, -0.204836, 0.348138, 0.177023, 0.978009, 0.110279, -0.363071, -0.0392536, 0.930934)
    Right Arm.CFrame = CFrame.new(0.0442468, -0.202828, 0.257049, 0.963376, -0.211497, 0.16485, -0.100929, 0.283564, 0.953627, -0.248435, -0.93534, 0.251833)
    Right Leg.CFrame = CFrame.new(0.565114, 0.165709, 0.0999747, 0.849506, 0.517779, -0.10122, -0.475182, 0.834279, 0.279609, 0.229222, -0.189432, 0.954763)
    Left Arm.CFrame = CFrame.new(0.0870973, -0.105386, 0.327931, 0.980958, -0.0826766, -0.175744, 0.192485, 0.293192, 0.936476, -0.0258982, -0.952472, 0.303523)

[27]
    Time: 0.816667
    HumanoidRootPart.CFrame = CFrame.new(0, 0, 0, 1, 0, 0, 0, 1, 0, 0, 0, 1)
    Torso.CFrame = CFrame.new(-0.0614016, -0.0116697, 0.0803499, 0.992766, -0.0672691, 0.0994555, 0.0655844, 0.997644, 0.0201158, -0.100574, -0.0134475, 0.994839)
    Head.CFrame = CFrame.new(-8.9407e-08, 7.45058e-09, 2.6226e-06, 0.990829, 0.117511, -0.0667089, -0.11918, 0.992638, -0.0215983, 0.0636798, 0.0293505, 0.997539)
    Left Leg.CFrame = CFrame.new(-0.176281, 0.0427532, 0.0827991, 0.908866, -0.147906, 0.389982, 0.138217, 0.988985, 0.0529656, -0.39352, 0.00576347, 0.919298)
    Right Arm.CFrame = CFrame.new(0.00770946, -0.183022, 0.236461, 0.968122, -0.194983, 0.157229, -0.115386, 0.209974, 0.970874, -0.222318, -0.958067, 0.180782)
    Right Leg.CFrame = CFrame.new(0.684755, 0.162316, 0.135279, 0.736111, 0.662761, -0.13744, -0.59883, 0.732331, 0.324182, 0.315506, -0.156331, 0.935957)
    Left Arm.CFrame = CFrame.new(0.156939, -0.0627431, 0.310489, 0.979333, -0.0498698, -0.196008, 0.201769, 0.173922, 0.963867, -0.0139778, -0.983496, 0.18039)

[28]
    Time: 0.833333
    HumanoidRootPart.CFrame = CFrame.new(0, 0, 0, 1, 0, 0, 0, 1, 0, 0, 0, 1)
    Torso.CFrame = CFrame.new(-0.0238375, -0.0615044, 0.0140362, 0.991715, -0.0623995, 0.112285, 0.0654144, 0.997585, -0.0233657, -0.110555, 0.0305171, 0.993401)
    Head.CFrame = CFrame.new(-1.41561e-07, 4.88944e-08, 3.03984e-06, 0.989879, 0.118524, -0.0780431, -0.118119, 0.992951, 0.00980339, 0.078655, -0.000485766, 0.996902)
    Left Leg.CFrame = CFrame.new(-0.148736, 0.0225066, 0.0764817, 0.911968, -0.0972726, 0.398564, 0.102143, 0.994729, 0.00905415, -0.397344, 0.0324534, 0.917096)
    Right Arm.CFrame = CFrame.new(-0.0186716, -0.178226, 0.219797, 0.96266, -0.217056, 0.161776, -0.0937945, 0.29315, 0.951455, -0.253944, -0.931102, 0.261845)
    Right Leg.CFrame = CFrame.new(0.755771, 0.189926, 0.19197, 0.608332, 0.76822, -0.199428, -0.664261, 0.630319, 0.401814, 0.434385, -0.111964, 0.893741)
    Left Arm.CFrame = CFrame.new(0.20598, -0.0409849, 0.289007, 0.975184, 0.0415698, -0.217457, 0.200197, 0.253827, 0.946305, 0.094534, -0.966356, 0.239206)

[29]
    Time: 0.866667
    HumanoidRootPart.CFrame = CFrame.new(0, 0, 0, 1, 0, 0, 0, 1, 0, 0, 0, 1)
    Torso.CFrame = CFrame.new(0.00952349, -0.107845, -0.0448833, 0.990667, -0.0575831, 0.123542, 0.0656816, 0.995881, -0.0625104, -0.119433, 0.0700414, 0.990369)
    Head.CFrame = CFrame.new(-4.84288e-08, 3.72529e-08, 2.5332e-06, 0.988556, 0.119894, -0.0915543, -0.116617, 0.992357, 0.0403615, 0.0956936, -0.0292228, 0.994982)
    Left Leg.CFrame = CFrame.new(-0.238513, 0.0766598, 0.104875, 0.917994, -0.105162, 0.382399, 0.116356, 0.993188, -0.00619317, -0.379142, 0.0501798, 0.923977)
    Right Arm.CFrame = CFrame.new(-0.0118248, -0.17862, 0.218523, 0.935652, -0.305144, 0.177319, -0.0324253, 0.425977, 0.904153, -0.351431, -0.851722, 0.388672)
    Right Leg.CFrame = CFrame.new(0.787534, 0.226957, 0.241086, 0.49066, 0.836234, -0.24488, -0.684915, 0.543862, 0.484877, 0.538651, -0.0701879, 0.8396)
    Left Arm.CFrame = CFrame.new(0.205776, -0.0272869, 0.270013, 0.962013, 0.149728, -0.228281, 0.154313, 0.391558, 0.907122, 0.225207, -0.90789, 0.353579)

[30]
    Time: 0.900000
    HumanoidRootPart.CFrame = CFrame.new(0, 0, 0, 1, 0, 0, 0, 1, 0, 0, 0, 1)
    Torso.CFrame = CFrame.new(0.0410777, -0.155663, -0.0909085, 0.988835, -0.0608656, 0.136019, 0.0743663, 0.992553, -0.0964845, -0.129133, 0.105522, 0.985997)
    Head.CFrame = CFrame.new(-3.72529e-08, 3.35276e-08, 2.38419e-06, 0.986192, 0.121228, -0.112827, -0.113559, 0.990911, 0.0721099, 0.120543, -0.0583016, 0.990995)
    Left Leg.CFrame = CFrame.new(-0.297945, 0.123599, 0.116285, 0.926634, -0.103926, 0.361317, 0.117278, 0.992983, -0.0151608, -0.357206, 0.0564232, 0.93232)
    Right Arm.CFrame = CFrame.new(-0.0129125, -0.182382, 0.255389, 0.851211, -0.48526, 0.199907, 0.0857853, 0.504426, 0.859183, -0.517766, -0.714196, 0.471001)
    Right Leg.CFrame = CFrame.new(0.824018, 0.262952, 0.288301, 0.356313, 0.894544, -0.269876, -0.690855, 0.44669, 0.568496, 0.629094, -0.0161174, 0.777162)
    Left Arm.CFrame = CFrame.new(0.202897, -0.0224517, 0.260344, 0.941917, 0.256175, -0.217178, 0.0533354, 0.524356, 0.849827, 0.331583, -0.81205, 0.480237)

[31]
    Time: 0.933333
    HumanoidRootPart.CFrame = CFrame.new(0, 0, 0, 1, 0, 0, 0, 1, 0, 0, 0, 1)
    Torso.CFrame = CFrame.new(0.0623256, -0.18563, -0.112175, 0.987557, -0.0665406, 0.142493, 0.0830455, 0.990095, -0.113203, -0.133549, 0.123627, 0.983301)
    Head.CFrame = CFrame.new(-1.49012e-08, 4.84288e-08, 2.26498e-06, 0.984535, 0.121979, -0.125744, -0.111215, 0.989771, 0.0893522, 0.135357, -0.0739857, 0.988031)
    Left Leg.CFrame = CFrame.new(-0.327086, 0.143438, 0.116859, 0.933348, -0.104037, 0.343566, 0.11802, 0.99281, -0.0199804, -0.339017, 0.0591964, 0.938916)
    Right Arm.CFrame = CFrame.new(-0.0435861, -0.198826, 0.316332, 0.726677, -0.655316, 0.206157, 0.215242, 0.502168, 0.837555, -0.652389, -0.564258, 0.505966)
    Right Leg.CFrame = CFrame.new(0.830904, 0.289141, 0.313902, 0.280852, 0.917371, -0.282052, -0.676813, 0.397675, 0.619499, 0.680475, 0.0169093, 0.732576)
    Left Arm.CFrame = CFrame.new(0.252034, -0.0292407, 0.278183, 0.894038, 0.397403, -0.2068, -0.0714883, 0.582258, 0.809855, 0.44225, -0.709257, 0.548971)

[32]
    Time: 0.966667
    HumanoidRootPart.CFrame = CFrame.new(0, 0, 0, 1, 0, 0, 0, 1, 0, 0, 0, 1)
    Torso.CFrame = CFrame.new(0.0643011, -0.18307, -0.0714717, 0.98804, -0.0706034, 0.137084, 0.0855692, 0.99062, -0.106539, -0.128276, 0.116995, 0.984813)
    Head.CFrame = CFrame.new(-5.58794e-08, 6.70552e-08, 2.14577e-06, 0.986857, 0.122035, -0.105929, -0.112925, 0.989687, 0.0881304, 0.115591, -0.0750099, 0.990461)
    Left Leg.CFrame = CFrame.new(-0.311662, 0.116256, 0.109567, 0.935736, -0.101774, 0.337698, 0.116799, 0.992855, -0.0244195, -0.3328, 0.0622931, 0.940938)
    Right Arm.CFrame = CFrame.new(-0.0639172, -0.198638, 0.348304, 0.660749, -0.732168, 0.165354, 0.247602, 0.420569, 0.87282, -0.708593, -0.535773, 0.459177)
    Right Leg.CFrame = CFrame.new(0.821861, 0.276167, 0.304514, 0.324903, 0.901334, -0.286417, -0.684728, 0.433087, 0.58616, 0.652369, 0.00567241, 0.75788)
    Left Arm.CFrame = CFrame.new(0.307326, -0.052773, 0.35362, 0.759891, 0.614818, -0.211104, -0.188458, 0.519165, 0.833638, 0.622133, -0.593689, 0.510376)

[33]
    Time: 1.000000
    HumanoidRootPart.CFrame = CFrame.new(0, 0, 0, 1, 0, 0, 0, 1, 0, 0, 0, 1)
    Torso.CFrame = CFrame.new(0.0451205, -0.161589, 0.0213537, 0.989949, -0.0766872, 0.118832, 0.0872331, 0.992448, -0.0862413, -0.111321, 0.0957406, 0.989162)
    Head.CFrame = CFrame.new(-2.23517e-08, 8.9407e-08, 2.38419e-06, 0.990494, 0.122052, -0.063447, -0.116538, 0.989597, 0.0843617, 0.0730834, -0.0761656, 0.994413)
    Left Leg.CFrame = CFrame.new(-0.266613, 0.0629347, 0.0987807, 0.935669, -0.0969756, 0.339293, 0.11521, 0.99276, -0.033967, -0.333542, 0.0708717, 0.940067)
    Right Arm.CFrame = CFrame.new(-0.0515265, -0.15716, 0.303815, 0.771609, -0.623773, 0.124602, 0.146357, 0.364727, 0.91954, -0.61903, -0.691289, 0.37272)
    Right Leg.CFrame = CFrame.new(0.798899, 0.252201, 0.277109, 0.437382, 0.850529, -0.29206, -0.686442, 0.525574, 0.502563, 0.580943, -0.0193298, 0.813715)
    Left Arm.CFrame = CFrame.new(0.230083, -0.0171735, 0.288891, 0.874651, 0.431683, -0.220535, -0.0298707, 0.502074, 0.864308, 0.483832, -0.749381, 0.452034)

[34]
    Time: 1.033333
    HumanoidRootPart.CFrame = CFrame.new(0, 0, 0, 1, 0, 0, 0, 1, 0, 0, 0, 1)
    Torso.CFrame = CFrame.new(0.022191, -0.128906, 0.0794535, 0.992843, -0.0727276, 0.0947298, 0.0786971, 0.995038, -0.0608801, -0.0898321, 0.0678993, 0.99364)
    Head.CFrame = CFrame.new(-6.89179e-08, 7.82311e-08, 3.33786e-06, 0.991569, 0.121978, -0.0437192, -0.118238, 0.989771, 0.079828, 0.0530093, -0.0739857, 0.99585)
    Left Leg.CFrame = CFrame.new(-0.255015, 0.0303665, 0.104384, 0.931963, -0.116405, 0.343358, 0.142008, 0.988587, -0.0502962, -0.333584, 0.0956337, 0.937857)
    Right Arm.CFrame = CFrame.new(-0.0375267, -0.134368, 0.252483, 0.882036, -0.468584, 0.0494182, 0.0928349, 0.275651, 0.956765, -0.461947, -0.839313, 0.286635)
    Right Leg.CFrame = CFrame.new(0.747068, 0.264208, 0.2582, 0.532244, 0.785632, -0.315434, -0.639077, 0.61722, 0.458933, 0.555244, -0.0426772, 0.830591)
    Left Arm.CFrame = CFrame.new(0.109029, -0.00567332, 0.2272, 0.964339, 0.137645, -0.226061, 0.150813, 0.41612, 0.896716, 0.217497, -0.898832, 0.380522)

[35]
    Time: 1.066667
    HumanoidRootPart.CFrame = CFrame.new(0, 0, 0, 1, 0, 0, 0, 1, 0, 0, 0, 1)
    Torso.CFrame = CFrame.new(0.00187183, -0.0808248, 0.096426, 0.996399, -0.0517251, 0.0671864, 0.0535381, 0.998241, -0.0254684, -0.0657509, 0.0289737, 0.997415)
    Head.CFrame = CFrame.new(-8.75443e-08, 5.21541e-08, 2.14577e-06, 0.99157, 0.120309, -0.0481093, -0.118291, 0.992056, 0.0428069, 0.0528772, -0.0367551, 0.997924)
    Left Leg.CFrame = CFrame.new(-0.303395, 0.0773113, 0.127097, 0.922169, -0.167814, 0.348488, 0.181247, 0.983419, -0.00605442, -0.341693, 0.0687458, 0.937294)
    Right Arm.CFrame = CFrame.new(-0.0783403, -0.150141, 0.237234, 0.896249, -0.435102, -0.0861593, 0.17038, 0.158371, 0.972568, -0.409521, -0.886344, 0.216072)
    Right Leg.CFrame = CFrame.new(0.71125, 0.27705, 0.217651, 0.624387, 0.719913, -0.303095, -0.576274, 0.686498, 0.443428, 0.527303, -0.102205, 0.843508)
    Left Arm.CFrame = CFrame.new(0.0648465, -0.00364348, 0.213837, 0.978507, 0.00160776, -0.206209, 0.196922, 0.289522, 0.936696, 0.061208, -0.95717, 0.282983)

[36]
    Time: 1.083333
    HumanoidRootPart.CFrame = CFrame.new(0, 0, 0, 1, 0, 0, 0, 1, 0, 0, 0, 1)
    Torso.CFrame = CFrame.new(-0.0154158, -0.0264205, 0.0999353, 0.998826, -0.0236223, 0.0422924, 0.0229377, 0.999599, 0.0166003, -0.0426676, -0.0156108, 0.998967)
    Head.CFrame = CFrame.new(-8.19564e-08, -4.65661e-09, 2.6226e-06, 0.99157, 0.116385, -0.0569538, -0.118262, 0.992506, -0.0307611, 0.0529469, 0.0372372, 0.997903)
    Left Leg.CFrame = CFrame.new(-0.350817, 0.189866, 0.105204, 0.920908, -0.208427, 0.329373, 0.168208, 0.974797, 0.146551, -0.351617, -0.0795571, 0.932757)
    Right Arm.CFrame = CFrame.new(-0.143022, -0.198166, 0.222993, 0.870035, -0.425141, -0.24959, 0.287382, 0.0260126, 0.957463, -0.400564, -0.904753, 0.14481)
    Right Leg.CFrame = CFrame.new(0.667003, 0.25147, 0.136265, 0.744785, 0.631349, -0.216089, -0.509236, 0.74701, 0.42738, 0.431247, -0.208266, 0.877868)
    Left Arm.CFrame = CFrame.new(0.0498679, 0.000508308, 0.208646, 0.981182, -0.0801955, -0.175646, 0.186577, 0.159543, 0.969399, -0.0497184, -0.983928, 0.171503)

[37]
    Time: 1.116667
    HumanoidRootPart.CFrame = CFrame.new(0, 0, 0, 1, 0, 0, 0, 1, 0, 0, 0, 1)
    Torso.CFrame = CFrame.new(-0.0212791, 0.00810797, 0.0536265, 0.9994, -0.0104805, 0.0329999, 0.00896219, 0.998909, 0.0458275, -0.0334442, -0.0455043, 0.998404)
    Head.CFrame = CFrame.new(-7.63685e-08, -7.45058e-09, 2.563e-06, 0.991569, 0.114346, -0.0609519, -0.118238, 0.990882, -0.0646007, 0.0530093, 0.0712628, 0.996048)
    Left Leg.CFrame = CFrame.new(-0.380978, 0.271837, 0.0583753, 0.927886, -0.226219, 0.296399, 0.140894, 0.948712, 0.28301, -0.345219, -0.220841, 0.912169)
    Right Arm.CFrame = CFrame.new(-0.168948, -0.246213, 0.189335, 0.855622, -0.356607, -0.375156, 0.383804, -0.0491907, 0.922103, -0.347283, -0.932958, 0.0947786)
    Right Leg.CFrame = CFrame.new(0.608021, 0.221115, 0.0768827, 0.823068, 0.552721, -0.130611, -0.460233, 0.783847, 0.416856, 0.332784, -0.28299, 0.89954)
    Left Arm.CFrame = CFrame.new(0.0500276, -0.000297576, 0.206377, 0.98144, -0.101377, -0.162782, 0.173809, 0.111568, 0.978439, -0.0810297, -0.988572, 0.127117)

[38]
    Time: 1.150000
    HumanoidRootPart.CFrame = CFrame.new(0, 0, 0, 1, 0, 0, 0, 1, 0, 0, 0, 1)
    Torso.CFrame = CFrame.new(-0.0201696, 0.0215465, -0.0247107, 0.999616, -0.0148696, 0.0234017, 0.0133802, 0.997952, 0.0625608, -0.024284, -0.0622236, 0.997767)
    Head.CFrame = CFrame.new(-8.3819e-08, -6.70552e-08, 2.68221e-06, 0.991601, 0.116975, -0.055177, -0.120466, 0.990595, -0.0648803, 0.0470687, 0.0709823, 0.996367)
    Left Leg.CFrame = CFrame.new(-0.358928, 0.284078, 0.0271883, 0.940632, -0.204918, 0.270593, 0.102004, 0.931007, 0.350458, -0.323739, -0.30205, 0.896638)
    Right Arm.CFrame = CFrame.new(-0.163457, -0.288438, 0.11226, 0.852135, -0.219662, -0.474989, 0.493121, 0.0331611, 0.869329, -0.175207, -0.975012, 0.136578)
