[1]
    Time: 0.000000
    HumanoidRootPart.CFrame = CFrame.new(0, 0, 0, 1, 0, 0, 0, 1, 0, 0, 0, 1)
    Torso.CFrame = CFrame.new(0, -0.125, -0.625, 1, 0, -0, 0, -0.634394, -0.77301, 0, 0.77301, -0.634394)
    Left Leg.CFrame = CFrame.new(-0.0775909, 0.063282, 0.125, 0.762795, 0.637492, 0.108386, -0.619105, 0.768373, -0.162211, -0.186689, 0.0566316, 0.980785)
    Right Arm.CFrame = CFrame.new(0.225191, 0.523998, 0, -0.707106, -0.707107, 0, 0.707107, -0.707106, 0, 0, 0, 1)
    Left Arm.CFrame = CFrame.new(-0.225191, 0.523998, 0, -0.707106, 0.707107, 0, -0.707107, -0.707106, -0, -0, 0, 1)
    Head.CFrame = CFrame.new(0, 1.90735e-06, 1.90735e-06, 1, 0, 0, 0, 0.55557, 0.83147, -0, -0.83147, 0.55557)
    Right Leg.CFrame = CFrame.new(0.0775986, 0.0632839, 0.125, 0.762795, -0.637492, -0.108386, 0.619105, 0.768373, -0.162211, 0.186689, 0.0566317, 0.980785)

[2]
    Time: 0.133333
    HumanoidRootPart.CFrame = CFrame.new(0, 0, 0, 1, 0, 0, 0, 1, 0, 0, 0, 1)
    Torso.CFrame = CFrame.new(0, 0.5, -0.625, 1, 0, 0, 0, 0.83147, -0.55557, 0, 0.55557, 0.83147)
    Left Leg.CFrame = CFrame.new(-0.848064, 0.649135, 0.125, 0.982404, 0.00533757, 0.186689, 0.00533754, 0.998381, -0.0566316, -0.186689, 0.0566316, 0.980785)
    Right Arm.CFrame = CFrame.new(0.565811, -0.253986, 0, -0.290285, -0.95694, 0, 0.95694, -0.290285, 0, 0, 0, 1)
    Left Arm.CFrame = CFrame.new(-0.565811, -0.253986, 0, -0.290285, 0.95694, 0, -0.95694, -0.290285, 0, -0, 0, 1)
    Head.CFrame = CFrame.new(0, 0, 0, 1, 0, 0, 0, 0.995185, 0.0980171, 0, -0.0980171, 0.995185)
    Right Leg.CFrame = CFrame.new(0.848064, 0.649134, 0.125, 0.982404, -0.00533757, -0.186689, -0.00533754, 0.998381, -0.0566316, 0.186689, 0.0566316, 0.980785)

[3]
    Time: 0.233333
    HumanoidRootPart.CFrame = CFrame.new(0, 0, 0, 1, 0, 0, 0, 1, 0, 0, 0, 1)
    Torso.CFrame = CFrame.new(0, 0.25, -0.5, 1, 0, 0, 0, 0.995185, 0.0980178, 0, -0.0980178, 0.995185)
    Left Leg.CFrame = CFrame.new(-0.811306, 0.275941, 0.125, 0.977151, -0.0925465, 0.191341, 0.101604, 0.994097, -0.0380601, -0.186689, 0.0566315, 0.980785)
    Right Arm.CFrame = CFrame.new(0.602566, 0.119207, 0, -0.290285, -0.95694, 0, 0.95694, -0.290285, 0, 0, 0, 1)
    Left Arm.CFrame = CFrame.new(-0.602566, 0.119208, 0, -0.290285, 0.95694, 0, -0.95694, -0.290285, 0, -0, 0, 1)
    Head.CFrame = CFrame.new(0, 0, 0, 1, 0, 0, 0, 0.995185, 0.0980171, 0, -0.0980171, 0.995185)
    Right Leg.CFrame = CFrame.new(0.811306, 0.27594, 0.125, 0.977151, 0.0925465, -0.191341, -0.101604, 0.994097, -0.0380601, 0.186689, 0.0566315, 0.980785)

[4]
    Time: 0.300000
    HumanoidRootPart.CFrame = CFrame.new(0, 0, 0, 1, 0, 0, 0, 1, 0, 0, 0, 1)
    Torso.CFrame = CFrame.new(0, 0.25, -0.25, 1, 0, 0, 0, 0.923879, 0.382684, 0, -0.382684, 0.923879)
    Left Leg.CFrame = CFrame.new(-0.552319, -0.0226765, 0.125, 0.977151, -0.0925465, 0.191341, 0.101604, 0.994097, -0.0380601, -0.186689, 0.0566315, 0.980785)
    Right Arm.CFrame = CFrame.new(0.236286, 0.541519, 0, -0.881921, -0.471397, 0, 0.471397, -0.881921, 0, 0, 0, 1)
    Left Arm.CFrame = CFrame.new(-0.236286, 0.541519, 0, -0.881922, 0.471396, 0, -0.471396, -0.881922, 0, -0, 0, 1)
    Head.CFrame = CFrame.new(0, 0, 0, 1, 0, 0, 0, 0.995185, 0.0980171, 0, -0.0980171, 0.995185)
    Right Leg.CFrame = CFrame.new(0.552319, -0.0226784, 0.125, 0.977151, 0.0925465, -0.191341, -0.101604, 0.994097, -0.0380601, 0.186689, 0.0566315, 0.980785)

[5]
    Time: 0.366667
    HumanoidRootPart.CFrame = CFrame.new(0, 0, 0, 1, 0, 0, 0, 1, 0, 0, 0, 1)
    Torso.CFrame = CFrame.new(0, 0.125, 0, 1, 0, 0, 0, 0.634393, 0.773011, 0, -0.773011, 0.634393)
    Left Leg.CFrame = CFrame.new(-0.0865116, -0.243263, 0.125, 0.756023, -0.62924, 0.180239, 0.627357, 0.775145, 0.0746576, -0.186689, 0.0566315, 0.980785)
    Right Arm.CFrame = CFrame.new(-0.0362663, 0.479549, 0, -0.92388, 0.382683, 0, -0.382683, -0.92388, 0, 0, 0, 1)
    Left Arm.CFrame = CFrame.new(0.0362663, 0.479549, 0, -0.923879, -0.382684, 0, 0.382684, -0.923879, 0, 0, -0, 1)
    Head.CFrame = CFrame.new(0, 1.90735e-06, 3.8147e-06, 1, 0, 0, 0, 0.980785, 0.195091, 0, -0.195091, 0.980785)
    Right Leg.CFrame = CFrame.new(0.0865135, -0.243263, 0.125, 0.756023, 0.62924, -0.180239, -0.627357, 0.775145, 0.0746576, 0.186689, 0.0566315, 0.980785)

[6]
    Time: 0.433333
    HumanoidRootPart.CFrame = CFrame.new(0, 0, 0, 1, 0, 0, 0, 1, 0, 0, 0, 1)
    Torso.CFrame = CFrame.new(0, 0.125, 0, 1, 0, 0, 0, 0.290284, 0.95694, 0, -0.95694, 0.290284)
    Left Leg.CFrame = CFrame.new(0.0693893, -0.15992, 0.125, 0.541356, -0.827158, 0.150806, 0.819805, 0.559108, 0.123764, -0.186689, 0.0566316, 0.980785)
    Right Arm.CFrame = CFrame.new(-0.431405, 0.490311, 0, -0.55557, 0.83147, 0, -0.83147, -0.55557, 0, 0, 0, 1)
    Left Arm.CFrame = CFrame.new(0.431405, 0.490311, 0, -0.55557, -0.83147, 0, 0.83147, -0.55557, 0, 0, 0, 1)
    Head.CFrame = CFrame.new(0, 1.90735e-06, 3.8147e-06, 1, -0, 0, 0, 0.77301, 0.634393, 0, -0.634393, 0.77301)
    Right Leg.CFrame = CFrame.new(-0.0693884, -0.159927, 0.125, 0.541356, 0.827158, -0.150806, -0.819805, 0.559108, 0.123764, 0.186689, 0.0566316, 0.980785)

[7]
    Time: 0.500000
    HumanoidRootPart.CFrame = CFrame.new(0, 0, 0, 1, 0, 0, 0, 1, 0, 0, 0, 1)
    Torso.CFrame = CFrame.new(0, 0.125, -0.125, 1, -0, 0, 0, -0.881921, 0.471397, 0, -0.471397, -0.881921)
    Left Leg.CFrame = CFrame.new(0.0693817, -0.159916, 0, 0.0909803, -0.99305, 0.0746576, 0.978197, 0.10317, 0.18024, -0.186689, 0.0566316, 0.980785)
    Right Arm.CFrame = CFrame.new(-0.387707, 0.938875, 0, -0.881922, 0.471396, 0, -0.471396, -0.881922, 0, 0, 0, 1)
    Left Arm.CFrame = CFrame.new(0.387707, 0.938875, 0, -0.881921, -0.471397, -0, 0.471397, -0.881921, 0, 0, 0, 1)
    Head.CFrame = CFrame.new(0, 2.86102e-06, 3.8147e-06, 1, -0, 0, 0, 0.77301, 0.634393, 0, -0.634393, 0.77301)
    Right Leg.CFrame = CFrame.new(-0.0693855, -0.159924, 0, 0.0909803, 0.99305, -0.0746576, -0.978197, 0.10317, 0.18024, 0.186689, 0.0566316, 0.980785)

[8]
    Time: 0.566667
    HumanoidRootPart.CFrame = CFrame.new(0, 0, 0, 1, 0, 0, 0, 1, 0, 0, 0, 1)
    Torso.CFrame = CFrame.new(0, -0.125, -0.125001, 1, 0, -0, 0, -1, -1.19209e-07, 0, 1.19209e-07, -1)
    Left Leg.CFrame = CFrame.new(0.0693893, -0.0349245, -0.125, 0.982404, 0.00533716, 0.186689, 0.00533791, 0.998381, -0.0566315, -0.186689, 0.0566316, 0.980785)
    Right Arm.CFrame = CFrame.new(-0.0127068, 0.813876, 0, -0.995185, 0.0980173, 0, -0.0980173, -0.995185, 0, 0, 0, 1)
    Left Arm.CFrame = CFrame.new(0.0127068, 0.813876, 0, -0.995185, -0.098017, -0, 0.098017, -0.995185, 0, 0, 0, 1)
    Head.CFrame = CFrame.new(0, 3.8147e-06, 3.69549e-06, 1, -0, 0, -0, 0.707107, 0.707107, 0, -0.707107, 0.707107)
    Right Leg.CFrame = CFrame.new(-0.0693817, -0.0349245, 0.125, 0.982404, -0.00533716, -0.186689, -0.00533791, 0.998381, -0.0566315, 0.186689, 0.0566316, 0.980785)

[9]
    Time: 0.633333
    HumanoidRootPart.CFrame = CFrame.new(0, 0, 0, 1, 0, 0, 0, 1, 0, 0, 0, 1)
    Torso.CFrame = CFrame.new(0, -0.125, -0.250001, 1, 0, -0, 0, -0.980785, -0.195089, 0, 0.195089, -0.980785)
    Left Leg.CFrame = CFrame.new(-0.0775948, 0.0632839, -0.125, 0.964569, 0.200009, 0.172054, -0.186422, 0.978156, -0.0919647, -0.186689, 0.0566316, 0.980785)
    Right Arm.CFrame = CFrame.new(-0.0127068, 0.813876, 0, -0.995185, 0.0980173, 0, -0.0980173, -0.995185, 0, 0, 0, 1)
    Left Arm.CFrame = CFrame.new(0.0127068, 0.813876, 0, -0.995185, -0.098017, -0, 0.098017, -0.995185, 0, 0, 0, 1)
    Head.CFrame = CFrame.new(0, 3.8147e-06, 3.69549e-06, 1, -0, 0, -0, 0.707107, 0.707107, 0, -0.707107, 0.707107)
    Right Leg.CFrame = CFrame.new(0.0775986, 0.0632849, 0.125, 0.964569, -0.200009, -0.172054, 0.186422, 0.978156, -0.0919648, 0.186689, 0.0566316, 0.980785)

[10]
    Time: 0.733333
    HumanoidRootPart.CFrame = CFrame.new(0, 0, 0, 1, 0, 0, 0, 1, 0, 0, 0, 1)
    Torso.CFrame = CFrame.new(0, -0.125, -0.625, 1, 0, -0, 0, -0.634394, -0.77301, 0, 0.77301, -0.634394)
    Left Leg.CFrame = CFrame.new(-0.0775909, 0.063282, 0.125, 0.762795, 0.637492, 0.108386, -0.619105, 0.768373, -0.162211, -0.186689, 0.0566316, 0.980785)
    Right Arm.CFrame = CFrame.new(-0.0127068, 0.813877, 0, -0.707107, -0.707107, 0, 0.707107, -0.707107, 0, 0, 0, 1)
    Left Arm.CFrame = CFrame.new(0.0127068, 0.813877, 0, -0.707107, 0.707107, 0, -0.707107, -0.707107, -0, -0, 0, 1)
    Head.CFrame = CFrame.new(0, 1.90735e-06, 1.90735e-06, 1, 0, 0, 0, 0.55557, 0.83147, -0, -0.83147, 0.55557)
    Right Leg.CFrame = CFrame.new(0.0775986, 0.0632839, 0.125, 0.762795, -0.637492, -0.108386, 0.619105, 0.768373, -0.162211, 0.186689, 0.0566317, 0.980785)
