[1]
    Time: 0.000000
    HumanoidRootPart.CFrame = CFrame.new(0, 0, 0, 1, 0, 0, 0, 1, 0, 0, 0, 1)
    Torso.CFrame = CFrame.new(-0.0596968, -4.47035e-08, -0.361593, 0.939034, 0.222865, -0.261812, -0.285854, 0.929188, -0.234302, 0.191055, 0.294857, 0.936246)
    Head.CFrame = CFrame.new(5.96046e-08, 5.96046e-08, 1.19209e-07, 0.906129, -0.368072, -0.208455, 0.419913, 0.842151, 0.338312, 0.0510278, -0.394088, 0.917655)
    Left Leg.CFrame = CFrame.new(-0.376489, 0.0889121, 0.138377, 0.982936, 0.0904884, 0.160151, -0.0304959, 0.938751, -0.343243, -0.181401, 0.332503, 0.925492)
    Right Arm.CFrame = CFrame.new(-0.824212, -0.513296, 0.716822, 0.0394631, -0.359211, 0.932422, 0.493621, 0.818342, 0.294371, -0.868781, 0.448647, 0.209609)
    Right Leg.CFrame = CFrame.new(0.488325, 0.810684, -0.800746, 0.878367, -0.247266, 0.409061, -0.0680547, 0.782387, 0.619063, -0.473117, -0.571603, 0.670395)
    Left Arm.CFrame = CFrame.new(-0.195527, -0.271519, -0.000936747, -0.322466, 0.922657, 0.21147, -0.944829, -0.32732, -0.0126358, 0.0575598, -0.203878, 0.977303)

[2]
    Time: 0.083333
    HumanoidRootPart.CFrame = CFrame.new(0, 0, 0, 1, 0, 0, 0, 1, 0, 0, 0, 1)
    Torso.CFrame = CFrame.new(-0.197937, -4.47035e-08, -0.243101, 0.960156, 0.243538, -0.137074, -0.265245, 0.948613, -0.172565, 0.0880039, 0.202047, 0.975414)
    Head.CFrame = CFrame.new(9.31323e-08, 1.49012e-08, -4.76837e-07, 0.920975, -0.383798, -0.067118, 0.389322, 0.89974, 0.197222, -0.0153046, -0.207767, 0.978059)
    Left Leg.CFrame = CFrame.new(-0.330505, 0.151356, 0.129077, 0.962133, -0.0483978, 0.268251, 0.0764524, 0.992524, -0.0951408, -0.261641, 0.112047, 0.95864)
    Right Arm.CFrame = CFrame.new(-0.824212, -0.513296, 0.716822, 0.0394631, -0.359211, 0.932422, 0.493621, 0.818342, 0.294371, -0.868781, 0.448647, 0.209609)
    Right Leg.CFrame = CFrame.new(0.62431, 0.427626, -0.508334, 0.78247, -0.173033, 0.598164, -0.0271246, 0.950232, 0.31036, -0.622097, -0.259073, 0.738835)
    Left Arm.CFrame = CFrame.new(-0.135304, -0.015351, -0.0182889, -0.260952, 0.935426, 0.238502, -0.958428, -0.280585, 0.0518358, 0.115408, -0.21506, 0.969758)

[3]
    Time: 0.166667
    HumanoidRootPart.CFrame = CFrame.new(0, 0, 0, 1, 0, 0, 0, 1, 0, 0, 0, 1)
    Torso.CFrame = CFrame.new(-0.197937, 7.45058e-09, -0.243101, 0.963434, 0.242085, -0.114843, -0.257581, 0.954835, -0.148126, 0.0737976, 0.172291, 0.982278)
    Head.CFrame = CFrame.new(1.06171e-07, 0, 0, 0.925391, -0.378143, -0.0256919, 0.376214, 0.908212, 0.183339, -0.0459948, -0.179326, 0.982714)
    Left Leg.CFrame = CFrame.new(-0.352499, 0.162009, 0.130567, 0.956977, -0.101688, 0.271763, 0.122495, 0.990612, -0.060686, -0.26304, 0.0913646, 0.960449)
    Right Arm.CFrame = CFrame.new(-0.824212, -0.513296, 0.716822, 0.0394631, -0.359211, 0.932422, 0.493621, 0.818342, 0.294371, -0.868781, 0.448647, 0.209609)
    Right Leg.CFrame = CFrame.new(0.574789, 0.424897, -0.458315, 0.766619, -0.260955, 0.586683, 0.085348, 0.946997, 0.309698, -0.636405, -0.187348, 0.748258)
    Left Arm.CFrame = CFrame.new(-0.130472, 0.0384869, -0.0313373, -0.260952, 0.935426, 0.238502, -0.958428, -0.280585, 0.0518358, 0.115408, -0.21506, 0.969758)

[4]
    Time: 0.250000
    HumanoidRootPart.CFrame = CFrame.new(0, 0, 0, 1, 0, 0, 0, 1, 0, 0, 0, 1)
    Torso.CFrame = CFrame.new(-0.197937, 2.23517e-08, -0.243101, 0.993848, 0.110466, -0.00790764, -0.109649, 0.971437, -0.210447, -0.0155654, 0.210019, 0.977573)
    Head.CFrame = CFrame.new(9.68575e-08, 2.23517e-08, 2.68221e-07, 0.966466, -0.231035, -0.112101, 0.251623, 0.939174, 0.233749, 0.0512779, -0.254117, 0.965813)
    Left Leg.CFrame = CFrame.new(-0.412836, 0.335045, 0.0507491, 0.985192, -0.00660706, 0.171327, -0.00911859, 0.995824, 0.0908385, -0.171212, -0.0910556, 0.981018)
    Right Arm.CFrame = CFrame.new(-0.0363105, -0.619248, 0.346874, 0.165004, -0.949457, 0.267032, 0.173707, 0.294486, 0.939736, -0.970876, -0.108675, 0.213518)
    Right Leg.CFrame = CFrame.new(0.58482, 0.619861, -0.398403, 0.838785, -0.233773, 0.491721, 0.150054, 0.967411, 0.20396, -0.523377, -0.097294, 0.846528)
    Left Arm.CFrame = CFrame.new(-0.22626, -0.374838, -0.0342743, -0.716366, 0.680018, 0.15619, -0.685044, -0.727982, 0.0275249, 0.132421, -0.0872791, 0.987343)

[5]
    Time: 0.416667
    HumanoidRootPart.CFrame = CFrame.new(0, 0, 0, 1, 0, 0, 0, 1, 0, 0, 0, 1)
    Torso.CFrame = CFrame.new(0.059697, 0, -0.361593, 0.946213, -0.23502, 0.222368, 0.285854, 0.929188, -0.234302, -0.151556, 0.285264, 0.946391)
    Head.CFrame = CFrame.new(1.49012e-08, -1.49012e-08, -1.78814e-07, 0.899197, 0.360922, 0.247347, -0.427923, 0.843317, 0.325112, -0.0912515, -0.398185, 0.912755)
    Left Leg.CFrame = CFrame.new(-0.579133, 0.81121, -0.80353, 0.872356, 0.202026, -0.445174, 0.0951723, 0.823013, 0.559993, 0.479517, -0.530881, 0.698733)
    Right Arm.CFrame = CFrame.new(0.195527, -0.271519, -0.000936449, -0.322466, -0.922657, -0.21147, 0.944829, -0.32732, -0.0126356, -0.0575601, -0.203878, 0.977303)
    Right Leg.CFrame = CFrame.new(0.353561, 0.145651, 0.147745, 0.979565, -0.0768912, -0.185851, 0.0199865, 0.956679, -0.290459, 0.200133, 0.280809, 0.938665)
    Left Arm.CFrame = CFrame.new(0.824212, -0.513296, 0.716822, 0.0394631, 0.359211, -0.932422, -0.493622, 0.818342, 0.294371, 0.868781, 0.448647, 0.209609)

[6]
    Time: 0.500000
    HumanoidRootPart.CFrame = CFrame.new(0, 0, 0, 1, 0, 0, 0, 1, 0, 0, 0, 1)
    Torso.CFrame = CFrame.new(0.197937, 8.9407e-08, -0.243101, 0.960156, -0.243538, 0.137074, 0.265245, 0.948613, -0.172565, -0.0880037, 0.202047, 0.975414)
    Head.CFrame = CFrame.new(5.96046e-08, -2.23517e-08, 0, 0.920975, 0.383798, 0.0671182, -0.389322, 0.89974, 0.197222, 0.0153044, -0.207767, 0.978059)
    Left Leg.CFrame = CFrame.new(-0.657796, 0.425841, -0.533168, 0.786419, 0.155857, -0.597708, 0.0461789, 0.950101, 0.308505, 0.615965, -0.270215, 0.73998)
    Right Arm.CFrame = CFrame.new(0.135303, -0.0153505, -0.0182887, -0.260952, -0.935426, -0.238502, 0.958428, -0.280585, 0.051836, -0.115409, -0.21506, 0.969758)
    Right Leg.CFrame = CFrame.new(0.297438, 0.153425, 0.119679, 0.962859, 0.0339588, -0.26786, -0.0613144, 0.993641, -0.0944313, 0.26295, 0.107348, 0.958819)
    Left Arm.CFrame = CFrame.new(0.824212, -0.513296, 0.716822, 0.0394631, 0.359211, -0.932422, -0.493622, 0.818342, 0.294371, 0.868781, 0.448647, 0.209609)

[7]
    Time: 0.633333
    HumanoidRootPart.CFrame = CFrame.new(0, 0, 0, 1, 0, 0, 0, 1, 0, 0, 0, 1)
    Torso.CFrame = CFrame.new(0.197937, 6.70552e-08, -0.243101, 0.963434, -0.242085, 0.114843, 0.257581, 0.954835, -0.148126, -0.0737975, 0.172291, 0.982278)
    Head.CFrame = CFrame.new(8.3819e-08, 0, 0, 0.925391, 0.378143, 0.0256921, -0.376214, 0.908212, 0.183339, 0.0459947, -0.179326, 0.982714)
    Left Leg.CFrame = CFrame.new(-0.604455, 0.42724, -0.480732, 0.772499, 0.244311, -0.586138, -0.0671033, 0.949267, 0.307229, 0.631461, -0.198002, 0.749701)
    Right Arm.CFrame = CFrame.new(0.130472, 0.0384868, -0.0313373, -0.260952, -0.935426, -0.238502, 0.958428, -0.280585, 0.051836, -0.115409, -0.21506, 0.969758)
    Right Leg.CFrame = CFrame.new(0.318141, 0.165765, 0.120623, 0.958589, 0.0868214, -0.271236, -0.106811, 0.99248, -0.0597986, 0.264004, 0.0862932, 0.960654)
    Left Arm.CFrame = CFrame.new(0.824212, -0.513296, 0.716822, 0.0394631, 0.359211, -0.932422, -0.493622, 0.818342, 0.294371, 0.868781, 0.448647, 0.209609)

[8]
    Time: 0.750000
    HumanoidRootPart.CFrame = CFrame.new(0, 0, 0, 1, 0, 0, 0, 1, 0, 0, 0, 1)
    Torso.CFrame = CFrame.new(0.197937, 9.68575e-08, -0.243101, 0.993848, -0.110466, 0.00790747, 0.109649, 0.971437, -0.210447, 0.0155656, 0.210019, 0.977573)
    Head.CFrame = CFrame.new(4.84288e-08, -2.23517e-08, 3.27826e-07, 0.966466, 0.231035, 0.112101, -0.251623, 0.939174, 0.233749, -0.0512781, -0.254117, 0.965813)
    Left Leg.CFrame = CFrame.new(-0.634753, 0.627175, -0.42737, 0.845881, 0.207437, -0.49138, -0.12112, 0.97191, 0.201793, 0.519437, -0.111177, 0.847246)
    Right Arm.CFrame = CFrame.new(0.22626, -0.374837, -0.0342743, -0.716365, -0.680018, -0.15619, 0.685044, -0.727982, 0.0275251, -0.132421, -0.0872789, 0.987343)
    Right Leg.CFrame = CFrame.new(0.374465, 0.334574, 0.0431304, 0.985305, -0.0111682, -0.170438, 0.0273157, 0.99532, 0.0926928, 0.168605, -0.0959862, 0.980999)
    Left Arm.CFrame = CFrame.new(0.0363101, -0.619248, 0.346874, 0.165004, 0.949457, -0.267032, -0.173707, 0.294486, 0.939736, 0.970876, -0.108675, 0.213518)

[9]
    Time: 0.883333
    HumanoidRootPart.CFrame = CFrame.new(0, 0, 0, 1, 0, 0, 0, 1, 0, 0, 0, 1)
    Torso.CFrame = CFrame.new(-0.0596968, -4.47035e-08, -0.361593, 0.939034, 0.222865, -0.261812, -0.285854, 0.929188, -0.234302, 0.191055, 0.294857, 0.936246)
    Head.CFrame = CFrame.new(5.96046e-08, 5.96046e-08, 1.19209e-07, 0.906129, -0.368072, -0.208455, 0.419913, 0.842151, 0.338312, 0.0510278, -0.394088, 0.917655)
    Left Leg.CFrame = CFrame.new(-0.376489, 0.0889121, 0.138377, 0.982936, 0.0904884, 0.160151, -0.0304959, 0.938751, -0.343243, -0.181401, 0.332503, 0.925492)
    Right Arm.CFrame = CFrame.new(-0.824212, -0.513296, 0.716822, 0.0394631, -0.359211, 0.932422, 0.493621, 0.818342, 0.294371, -0.868781, 0.448647, 0.209609)
    Right Leg.CFrame = CFrame.new(0.488325, 0.810684, -0.800746, 0.878367, -0.247266, 0.409061, -0.0680547, 0.782387, 0.619063, -0.473117, -0.571603, 0.670395)
    Left Arm.CFrame = CFrame.new(-0.195527, -0.271519, -0.000936747, -0.322466, 0.922657, 0.21147, -0.944829, -0.32732, -0.0126358, 0.0575598, -0.203878, 0.977303)
