[1]
    Time: 0.000000
    HumanoidRootPart.CFrame = CFrame.new(0, 0, 0, 1, 0, 0, 0, 1, 0, 0, 0, 1)
    Torso.CFrame = CFrame.new(-0.0463767, 0.154132, -0.454536, 0.995641, -0.0883673, -0.0298211, 0.0871808, 0.995429, -0.0389845, 0.0331298, 0.0362147, 0.998795)
    Head.CFrame = CFrame.new(9.68575e-08, 9.77889e-09, -2.26498e-06, 0.998477, -0.0132252, 0.0535623, -0.00182903, 0.962375, 0.271718, -0.0551406, -0.271402, 0.960885)
    Left Arm.CFrame = CFrame.new(-0.10557, -0.771416, -0.432205, -0.654, 0.496993, -0.570335, -0.618654, -0.785262, 0.0251256, -0.435375, 0.369272, 0.821028)
    Right Arm.CFrame = CFrame.new(0.15811, -0.859849, -0.336521, -0.769338, -0.53937, 0.342342, 0.612955, -0.774229, 0.15766, 0.180014, 0.331134, 0.926253)
    Left Leg.CFrame = CFrame.new(-0.452995, 0.505913, 0.0700344, 0.940785, -0.132827, 0.311899, 0.0597915, 0.970634, 0.233011, -0.33369, -0.200564, 0.9211)
    Right Leg.CFrame = CFrame.new(0.692228, 0.44355, 0.0561861, 0.926851, 0.341235, -0.156546, -0.319231, 0.935774, 0.149725, 0.197583, -0.0887987, 0.976256)

[2]
    Time: 0.033333
    HumanoidRootPart.CFrame = CFrame.new(0, 0, 0, 1, 0, 0, 0, 1, 0, 0, 0, 1)
    Torso.CFrame = CFrame.new(-0.018618, 0.147341, -0.37854, 0.991245, -0.108132, -0.0757754, 0.108058, 0.994132, -0.00509342, 0.0758815, -0.00313928, 0.997112)
    Head.CFrame = CFrame.new(5.7742e-08, -1.21072e-08, -2.74181e-06, 0.99521, -0.0100318, 0.0972476, -0.0128314, 0.972713, 0.231656, -0.096918, -0.231794, 0.967925)
    Left Arm.CFrame = CFrame.new(-0.135609, -0.762442, -0.468975, -0.671211, 0.473412, -0.5704, -0.576171, -0.817329, -0.000352135, -0.466372, 0.328412, 0.821367)
    Right Arm.CFrame = CFrame.new(0.211638, -0.84468, -0.437627, -0.784028, -0.495584, 0.373762, 0.559701, -0.824779, 0.0804637, 0.268394, 0.272281, 0.924028)
    Left Leg.CFrame = CFrame.new(-0.439414, 0.369867, 0.103626, 0.942299, -0.164386, 0.291635, 0.120278, 0.979213, 0.163323, -0.312421, -0.118821, 0.942483)
    Right Leg.CFrame = CFrame.new(0.685849, 0.40457, 0.0371624, 0.904918, 0.394415, -0.159879, -0.352057, 0.904818, 0.239501, 0.239124, -0.160443, 0.957642)

[3]
    Time: 0.066667
    HumanoidRootPart.CFrame = CFrame.new(0, 0, 0, 1, 0, 0, 0, 1, 0, 0, 0, 1)
    Torso.CFrame = CFrame.new(-0.0030805, 0.154607, -0.193241, 0.979257, -0.153016, -0.132823, 0.159047, 0.986615, 0.0359948, 0.125537, -0.0563733, 0.990486)
    Head.CFrame = CFrame.new(1.546e-07, -8.84756e-09, -2.5034e-06, 0.98866, 0.00971128, 0.14986, -0.0360378, 0.98409, 0.173978, -0.145786, -0.177406, 0.97328)
    Left Arm.CFrame = CFrame.new(-0.214559, -0.735105, -0.492159, -0.713074, 0.411754, -0.567437, -0.498505, -0.866883, -0.00259343, -0.492969, 0.281021, 0.823413)
    Right Arm.CFrame = CFrame.new(0.368391, -0.748319, -0.385004, -0.84899, -0.3665, 0.380649, 0.462798, -0.863396, 0.200909, 0.255018, 0.346734, 0.90263)
    Left Leg.CFrame = CFrame.new(-0.290085, 0.156685, 0.0877829, 0.955858, -0.128959, 0.264016, 0.112473, 0.99069, 0.0767026, -0.27145, -0.0436223, 0.961464)
    Right Leg.CFrame = CFrame.new(0.641819, 0.341854, 0.022862, 0.891767, 0.426784, -0.150359, -0.364121, 0.874101, 0.321501, 0.26864, -0.231955, 0.934896)

[4]
    Time: 0.100000
    HumanoidRootPart.CFrame = CFrame.new(0, 0, 0, 1, 0, 0, 0, 1, 0, 0, 0, 1)
    Torso.CFrame = CFrame.new(0.00490804, 0.158181, 0.00795054, 0.963601, -0.207517, -0.168553, 0.22259, 0.971954, 0.0758867, 0.148078, -0.110643, 0.982767)
    Head.CFrame = CFrame.new(3.35276e-08, 3.72529e-08, -2.563e-06, 0.983735, 0.0406451, 0.174965, -0.060834, 0.991888, 0.111617, -0.169009, -0.120445, 0.978227)
    Left Arm.CFrame = CFrame.new(-0.280374, -0.722296, -0.450841, -0.746254, 0.361361, -0.559038, -0.454256, -0.890336, 0.0308703, -0.486576, 0.276983, 0.828568)
    Right Arm.CFrame = CFrame.new(0.487013, -0.585267, -0.126516, -0.93563, -0.262491, 0.235998, 0.348603, -0.79213, 0.501006, 0.0554311, 0.551026, 0.832645)
    Left Leg.CFrame = CFrame.new(-0.0910406, 0.0460263, 0.0341872, 0.970698, -0.0686174, 0.230298, 0.0603921, 0.997266, 0.0425844, -0.23259, -0.0274284, 0.972188)
    Right Leg.CFrame = CFrame.new(0.629769, 0.297091, 0.0177985, 0.879378, 0.458223, -0.129328, -0.393428, 0.852305, 0.344661, 0.268158, -0.252206, 0.929776)

[5]
    Time: 0.133333
    HumanoidRootPart.CFrame = CFrame.new(0, 0, 0, 1, 0, 0, 0, 1, 0, 0, 0, 1)
    Torso.CFrame = CFrame.new(-0.00164351, 0.180771, 0.148489, 0.94817, -0.261423, -0.180641, 0.28615, 0.949642, 0.127661, 0.138171, -0.172735, 0.975229)
    Head.CFrame = CFrame.new(4.47035e-08, 2.98023e-08, -2.6226e-06, 0.983472, 0.0744476, 0.165048, -0.081816, 0.995912, 0.0382947, -0.161522, -0.0511653, 0.985542)
    Left Arm.CFrame = CFrame.new(-0.125692, -0.813127, -0.379365, -0.652581, 0.488658, -0.579096, -0.568949, -0.820763, -0.0514359, -0.500434, 0.29591, 0.813636)
    Right Arm.CFrame = CFrame.new(0.369728, -0.639813, 0.0686656, -0.911389, -0.343515, 0.226644, 0.409483, -0.701848, 0.582867, -0.041154, 0.624025, 0.78032)
    Left Leg.CFrame = CFrame.new(-0.287807, 0.0761964, 0.0569885, 0.963984, -0.198273, 0.177264, 0.191805, 0.979996, 0.0530813, -0.184243, -0.0171692, 0.982731)
    Right Leg.CFrame = CFrame.new(0.656318, 0.251171, 0.0246505, 0.867141, 0.486549, -0.106476, -0.440803, 0.849227, 0.290698, 0.231861, -0.205141, 0.950872)

[6]
    Time: 0.166667
    HumanoidRootPart.CFrame = CFrame.new(0, 0, 0, 1, 0, 0, 0, 1, 0, 0, 0, 1)
    Torso.CFrame = CFrame.new(-0.0119434, 0.190006, 0.255346, 0.936038, -0.304304, -0.176725, 0.332956, 0.928414, 0.164886, 0.113899, -0.213181, 0.970351)
    Head.CFrame = CFrame.new(8.19564e-08, -2.23517e-08, -2.563e-06, 0.986474, 0.093077, 0.134926, -0.0918352, 0.995655, -0.0154125, -0.135774, 0.00281305, 0.990736)
    Left Arm.CFrame = CFrame.new(0.0751698, -0.843249, -0.186305, -0.507523, 0.669784, -0.542043, -0.770438, -0.634436, -0.0625781, -0.385805, 0.38585, 0.838018)
    Right Arm.CFrame = CFrame.new(0.00138184, -0.69672, 0.25708, -0.717678, -0.626382, 0.304275, 0.661059, -0.475425, 0.580493, -0.218951, 0.617751, 0.755277)
    Left Leg.CFrame = CFrame.new(-0.531404, 0.102851, 0.0394257, 0.935152, -0.345668, 0.077487, 0.34352, 0.938296, 0.0399435, -0.0865129, -0.0107349, 0.996193)
    Right Leg.CFrame = CFrame.new(0.723181, 0.251533, 0.0372643, 0.870721, 0.482604, -0.0945397, -0.463786, 0.869777, 0.168498, 0.163546, -0.102869, 0.981158)

[7]
    Time: 0.200000
    HumanoidRootPart.CFrame = CFrame.new(0, 0, 0, 1, 0, 0, 0, 1, 0, 0, 0, 1)
    Torso.CFrame = CFrame.new(-0.02483, 0.201619, 0.335115, 0.916497, -0.364199, -0.165507, 0.393209, 0.89627, 0.205152, 0.0736222, -0.2531, 0.964635)
    Head.CFrame = CFrame.new(1.04308e-07, -3.72529e-08, -2.08616e-06, 0.987295, 0.130782, 0.0902485, -0.124618, 0.98967, -0.070877, -0.0985858, 0.0587298, 0.993394)
    Left Arm.CFrame = CFrame.new(0.217923, -0.770095, 0.0284867, -0.324047, 0.815135, -0.480154, -0.931095, -0.364657, 0.00931831, -0.167496, 0.450089, 0.877135)
    Right Arm.CFrame = CFrame.new(-0.399653, -0.566778, 0.278893, -0.273509, -0.901966, 0.33414, 0.855109, -0.0689429, 0.513844, -0.440433, 0.426267, 0.790136)
    Left Leg.CFrame = CFrame.new(-0.671538, 0.0749177, 0.0650302, 0.857334, -0.506315, 0.0928614, 0.508748, 0.860911, -0.00296034, -0.0784464, 0.049781, 0.995675)
    Right Leg.CFrame = CFrame.new(0.683034, 0.194264, 0.0998088, 0.894999, 0.424821, -0.13603, -0.429674, 0.902956, -0.00707485, 0.119824, 0.0647806, 0.99068)

[8]
    Time: 0.233333
    HumanoidRootPart.CFrame = CFrame.new(0, 0, 0, 1, 0, 0, 0, 1, 0, 0, 0, 1)
    Torso.CFrame = CFrame.new(-0.0429967, 0.19404, 0.351699, 0.89212, -0.426421, -0.149291, 0.450694, 0.863048, 0.228086, 0.0315846, -0.270764, 0.962127)
    Head.CFrame = CFrame.new(2.98023e-08, 9.68575e-08, -2.68221e-06, 0.984171, 0.172078, 0.0423924, -0.166906, 0.980394, -0.104738, -0.0595843, 0.0960043, 0.993596)
    Left Arm.CFrame = CFrame.new(0.310611, -0.623639, 0.174982, -0.0747518, 0.911137, -0.405267, -0.994232, -0.0367539, 0.100755, 0.0769066, 0.410461, 0.908629)
    Right Arm.CFrame = CFrame.new(-0.659215, -0.358052, 0.183254, 0.246153, -0.934507, 0.257109, 0.810032, 0.344015, 0.47487, -0.532219, 0.0913761, 0.841661)
    Left Leg.CFrame = CFrame.new(-0.713801, 0.00583345, 0.174301, 0.719852, -0.658149, 0.220575, 0.678998, 0.733648, -0.0268775, -0.144135, 0.169118, 0.975)
    Right Leg.CFrame = CFrame.new(0.374517, 0.00492799, 0.0994596, 0.955609, 0.207413, -0.209262, -0.243172, 0.956248, -0.16266, 0.166368, 0.206326, 0.964236)

[9]
    Time: 0.266667
    HumanoidRootPart.CFrame = CFrame.new(0, 0, 0, 1, 0, 0, 0, 1, 0, 0, 0, 1)
    Torso.CFrame = CFrame.new(-0.0595127, 0.192456, 0.322509, 0.868262, -0.477242, -0.135507, 0.496097, 0.833557, 0.243044, -0.00303804, -0.27825, 0.960504)
    Head.CFrame = CFrame.new(1.37836e-07, 3.72529e-08, -2.98023e-06, 0.977986, 0.20867, -0.000364442, -0.206975, 0.969816, -0.128909, -0.026546, 0.126146, 0.991656)
    Left Arm.CFrame = CFrame.new(0.393489, -0.45022, 0.244748, 0.238846, 0.91471, -0.325975, -0.9352, 0.307058, 0.176396, 0.261445, 0.26272, 0.928776)
    Right Arm.CFrame = CFrame.new(-0.743866, -0.20353, 0.0119616, 0.667487, -0.731488, 0.139233, 0.663128, 0.669005, 0.335697, -0.338706, -0.131744, 0.931623)
    Left Leg.CFrame = CFrame.new(-0.652708, -0.128869, 0.294421, 0.517117, -0.773106, 0.367283, 0.832596, 0.553843, -0.00645375, -0.198428, 0.309136, 0.930087)
    Right Leg.CFrame = CFrame.new(-0.133894, -0.126293, -0.0369983, 0.953344, -0.113236, -0.279844, 0.0401989, 0.966348, -0.254077, 0.299198, 0.230973, 0.925814)

[10]
    Time: 0.300000
    HumanoidRootPart.CFrame = CFrame.new(0, 0, 0, 1, 0, 0, 0, 1, 0, 0, 0, 1)
    Torso.CFrame = CFrame.new(-0.0804967, 0.176685, 0.279542, 0.849937, -0.513706, -0.117108, 0.525767, 0.812441, 0.252011, -0.034316, -0.275764, 0.960613)
    Head.CFrame = CFrame.new(1.2666e-07, -1.3411e-07, -2.6226e-06, 0.969965, 0.239677, -0.0415163, -0.243186, 0.959274, -0.143718, 0.00537964, 0.149498, 0.988747)
    Left Arm.CFrame = CFrame.new(0.42272, -0.259333, 0.240166, 0.586824, 0.768672, -0.25452, -0.733995, 0.637708, 0.233625, 0.34189, 0.049719, 0.938424)
    Right Arm.CFrame = CFrame.new(-0.594539, -0.0916079, -0.10157, 0.940252, -0.339673, -0.0234058, 0.33249, 0.901216, 0.277957, -0.0733205, -0.269132, 0.960308)
    Left Leg.CFrame = CFrame.new(-0.564881, -0.294715, 0.320544, 0.317608, -0.851698, 0.416817, 0.931102, 0.363279, 0.0328165, -0.17937, 0.377676, 0.908398)
    Right Leg.CFrame = CFrame.new(-0.165756, -0.156763, -0.0575336, 0.924447, -0.164143, -0.344173, 0.0508286, 0.947596, -0.315402, 0.377908, 0.274079, 0.884345)

[11]
    Time: 0.333333
    HumanoidRootPart.CFrame = CFrame.new(0, 0, 0, 1, 0, 0, 0, 1, 0, 0, 0, 1)
    Torso.CFrame = CFrame.new(-0.122986, 0.153916, 0.167425, 0.84219, -0.530041, -0.0988608, 0.536115, 0.803677, 0.258234, -0.0574225, -0.270483, 0.961011)
    Head.CFrame = CFrame.new(4.47035e-08, 1.3411e-07, -2.32458e-06, 0.962857, 0.259181, -0.0757092, -0.268184, 0.950552, -0.156618, 0.031373, 0.171105, 0.984753)
    Left Arm.CFrame = CFrame.new(0.290357, -0.114607, 0.177192, 0.874115, 0.446345, -0.19157, -0.388933, 0.879452, 0.2744, 0.290953, -0.165349, 0.942341)
    Right Arm.CFrame = CFrame.new(-0.212589, -0.100622, -0.0665727, 0.970921, 0.164171, -0.174243, -0.107887, 0.949785, 0.293715, 0.213713, -0.266375, 0.939878)
    Left Leg.CFrame = CFrame.new(-0.498346, -0.445838, 0.288494, 0.144825, -0.904877, 0.400279, 0.982678, 0.178812, 0.0486829, -0.115627, 0.386295, 0.915099)
    Right Leg.CFrame = CFrame.new(-0.204334, -0.187138, -0.086923, 0.88411, -0.201862, -0.421428, 0.0320817, 0.92597, -0.376232, 0.466177, 0.31911, 0.825135)

[12]
    Time: 0.366667
    HumanoidRootPart.CFrame = CFrame.new(0, 0, 0, 1, 0, 0, 0, 1, 0, 0, 0, 1)
    Torso.CFrame = CFrame.new(-0.182729, 0.11346, -0.0343115, 0.859567, -0.50573, -0.0733573, 0.506002, 0.822237, 0.260553, -0.0714526, -0.261082, 0.962669)
    Head.CFrame = CFrame.new(4.47035e-08, -1.04308e-07, -1.90735e-06, 0.965384, 0.239647, -0.102977, -0.254167, 0.952985, -0.16498, 0.0585982, 0.185442, 0.980907)
    Left Arm.CFrame = CFrame.new(0.0544214, -0.0776479, 0.119676, 0.990628, 0.0519278, -0.126331, -0.0137608, 0.958149, 0.285938, 0.135892, -0.28152, 0.949884)
    Right Arm.CFrame = CFrame.new(-0.376939, -0.0791624, -0.106548, 0.959142, 0.105081, -0.262688, -0.0134222, 0.944324, 0.328744, 0.282607, -0.311786, 0.907151)
    Left Leg.CFrame = CFrame.new(-0.340175, -0.512177, 0.281889, -0.0205416, -0.91289, 0.40769, 0.990756, 0.0361037, 0.130762, -0.134091, 0.406607, 0.903709)
    Right Leg.CFrame = CFrame.new(-0.234896, -0.220193, -0.12147, 0.84669, -0.224722, -0.482302, -0.0138723, 0.896806, -0.442207, 0.531905, 0.381103, 0.756199)

[13]
    Time: 0.400000
    HumanoidRootPart.CFrame = CFrame.new(0, 0, 0, 1, 0, 0, 0, 1, 0, 0, 0, 1)
    Torso.CFrame = CFrame.new(-0.241422, 0.0864387, -0.2249, 0.888504, -0.456245, -0.0490081, 0.452762, 0.854295, 0.255318, -0.07462, -0.24904, 0.965614)
    Head.CFrame = CFrame.new(1.19209e-07, 7.45058e-08, -2.20537e-06, 0.972561, 0.201141, -0.116904, -0.218944, 0.961238, -0.167589, 0.0786639, 0.188586, 0.978901)
    Left Arm.CFrame = CFrame.new(0.0329412, -0.0708252, 0.105799, 0.992307, -0.10974, -0.0573066, 0.121759, 0.948821, 0.291398, 0.0223955, -0.296134, 0.954884)
    Right Arm.CFrame = CFrame.new(-0.439237, -0.0752343, -0.133196, 0.956002, 0.0329915, -0.291499, 0.0586333, 0.952119, 0.300054, 0.287441, -0.303943, 0.908293)
    Left Leg.CFrame = CFrame.new(-0.158034, -0.40159, 0.239227, 0.0438852, -0.894922, 0.444059, 0.97173, 0.141449, 0.189032, -0.231981, 0.423209, 0.87583)
    Right Leg.CFrame = CFrame.new(-0.20839, -0.259939, -0.132039, 0.886895, -0.171972, -0.428768, -0.0875632, 0.848726, -0.521533, 0.453596, 0.50009, 0.737673)

[14]
    Time: 0.433333
    HumanoidRootPart.CFrame = CFrame.new(0, 0, 0, 1, 0, 0, 0, 1, 0, 0, 0, 1)
    Torso.CFrame = CFrame.new(-0.302881, 0.0717193, -0.246482, 0.918896, -0.393441, -0.0288974, 0.388209, 0.888782, 0.24364, -0.0701746, -0.235098, 0.969435)
    Head.CFrame = CFrame.new(8.19564e-08, 7.45058e-08, -2.563e-06, 0.980289, 0.157746, -0.118953, -0.175841, 0.971118, -0.161277, 0.0900763, 0.179014, 0.979714)
    Left Arm.CFrame = CFrame.new(0.0820574, -0.0584995, 0.0900306, 0.991994, -0.123432, 0.0266886, 0.10896, 0.943409, 0.31322, -0.0638398, -0.307804, 0.949306)
    Right Arm.CFrame = CFrame.new(-0.522311, -0.0714054, -0.156727, 0.957715, -0.0890318, -0.273596, 0.151546, 0.964416, 0.216648, 0.244571, -0.24895, 0.937128)
    Left Leg.CFrame = CFrame.new(0.111758, -0.108459, 0.0467159, 0.377382, -0.772693, 0.510421, 0.840206, 0.51746, 0.162139, -0.389406, 0.36767, 0.844501)
    Right Leg.CFrame = CFrame.new(-0.174885, -0.282849, -0.131923, 0.912919, -0.188008, -0.36226, -0.056328, 0.821053, -0.568066, 0.404235, 0.539003, 0.738965)

[15]
    Time: 0.466667
    HumanoidRootPart.CFrame = CFrame.new(0, 0, 0, 1, 0, 0, 0, 1, 0, 0, 0, 1)
    Torso.CFrame = CFrame.new(-0.383181, 0.0447077, -0.209675, 0.947257, -0.320256, -0.0118687, 0.314476, 0.92175, 0.226895, -0.0617244, -0.21866, 0.973847)
    Head.CFrame = CFrame.new(1.49012e-07, 0, -2.68221e-06, 0.987497, 0.111065, -0.111864, -0.127045, 0.980842, -0.147676, 0.093319, 0.160041, 0.982689)
    Left Arm.CFrame = CFrame.new(0.127476, -0.0563512, 0.0651151, 0.991444, -0.0708377, 0.109641, 0.0327632, 0.948097, 0.316288, -0.126355, -0.309989, 0.942306)
    Right Arm.CFrame = CFrame.new(-0.562613, -0.0799821, -0.149632, 0.956807, -0.192324, -0.218018, 0.220161, 0.969089, 0.111335, 0.189866, -0.154525, 0.969574)
    Left Leg.CFrame = CFrame.new(0.199311, -0.0221349, -0.00725853, 0.382981, -0.728634, 0.567819, 0.791498, 0.57577, 0.204989, -0.476295, 0.370921, 0.797221)
    Right Leg.CFrame = CFrame.new(-0.135511, -0.297656, -0.12731, 0.927047, -0.244374, -0.284368, 0.0272836, 0.800381, -0.59887, 0.373951, 0.547423, 0.748658)

[16]
    Time: 0.500000
    HumanoidRootPart.CFrame = CFrame.new(0, 0, 0, 1, 0, 0, 0, 1, 0, 0, 0, 1)
    Torso.CFrame = CFrame.new(-0.488957, 0.0193356, -0.14718, 0.970673, -0.240379, 0.00342603, 0.234515, 0.949934, 0.206467, -0.052885, -0.199609, 0.978447)
    Head.CFrame = CFrame.new(8.19564e-08, -7.45058e-09, -2.68221e-06, 0.993125, 0.0627184, -0.0988394, -0.0754445, 0.988537, -0.130781, 0.0895039, 0.137339, 0.986472)
    Left Arm.CFrame = CFrame.new(0.203248, -0.0566189, 0.0254226, 0.983552, 0.0350973, 0.177184, -0.0859833, 0.953644, 0.288393, -0.158848, -0.298884, 0.940976)
    Right Arm.CFrame = CFrame.new(-0.553458, -0.0985585, -0.123812, 0.957049, -0.253072, -0.141463, 0.258868, 0.965617, 0.0238818, 0.130555, -0.0594763, 0.989655)
    Left Leg.CFrame = CFrame.new(0.313708, 0.135452, -0.132326, 0.38395, -0.681996, 0.622466, 0.709843, 0.649144, 0.273379, -0.590513, 0.336889, 0.733349)
    Right Leg.CFrame = CFrame.new(0.170645, -0.231672, -0.00448084, 0.970407, -0.15961, -0.181205, 0.0230998, 0.808323, -0.588285, 0.240368, 0.56669, 0.78809)

[17]
    Time: 0.533333
    HumanoidRootPart.CFrame = CFrame.new(0, 0, 0, 1, 0, 0, 0, 1, 0, 0, 0, 1)
    Torso.CFrame = CFrame.new(-0.614389, 0.000414714, -0.113276, 0.987242, -0.158132, 0.018661, 0.152084, 0.971154, 0.183659, -0.047165, -0.178478, 0.982813)
    Head.CFrame = CFrame.new(-3.72529e-08, 7.45058e-08, -2.20537e-06, 0.99629, 0.0151594, -0.0847147, -0.0244789, 0.993621, -0.110078, 0.0825056, 0.111744, 0.990306)
    Left Arm.CFrame = CFrame.new(0.262604, -0.0697034, -0.0136705, 0.96402, 0.152885, 0.217466, -0.203755, 0.950375, 0.235098, -0.170732, -0.270949, 0.947332)
    Right Arm.CFrame = CFrame.new(-0.520793, -0.114014, -0.0972961, 0.959609, -0.273203, -0.0671596, 0.273068, 0.961928, -0.0113581, 0.0677057, -0.00743981, 0.997678)
    Left Leg.CFrame = CFrame.new(0.33943, 0.171723, -0.17175, 0.321054, -0.665882, 0.673443, 0.659502, 0.667531, 0.345629, -0.679692, 0.333172, 0.653464)
    Right Leg.CFrame = CFrame.new(0.248333, -0.154917, 0.0530717, 0.9712, -0.167445, -0.16951, 0.0487799, 0.836089, -0.54642, 0.233221, 0.522414, 0.820178)

[18]
    Time: 0.566667
    HumanoidRootPart.CFrame = CFrame.new(0, 0, 0, 1, 0, 0, 0, 1, 0, 0, 0, 1)
    Torso.CFrame = CFrame.new(-0.735914, -0.00946911, -0.115858, 0.996259, -0.0789188, 0.0352086, 0.072371, 0.9846, 0.159141, -0.0472256, -0.155998, 0.986628)
    Head.CFrame = CFrame.new(1.17347e-07, 3.72529e-08, -2.02656e-06, 0.996898, -0.0281282, -0.0735065, 0.0217836, 0.99608, -0.085732, 0.0756298, 0.0838647, 0.993603)
    Left Arm.CFrame = CFrame.new(0.292166, -0.0945945, -0.0362796, 0.940403, 0.267378, 0.21012, -0.304204, 0.93761, 0.168369, -0.151993, -0.222255, 0.963069)
    Right Arm.CFrame = CFrame.new(-0.499298, -0.118467, -0.0760928, 0.963072, -0.268769, -0.015979, 0.269053, 0.962927, 0.0195434, 0.010134, -0.0231209, 0.999681)
    Left Leg.CFrame = CFrame.new(0.337987, 0.151687, -0.149607, 0.242614, -0.651433, 0.718869, 0.621606, 0.673296, 0.400347, -0.744811, 0.349724, 0.568286)
    Right Leg.CFrame = CFrame.new(0.455309, 0.0294266, 0.106346, 0.995767, -0.0658197, -0.0641518, 0.0297697, 0.891316, -0.452405, 0.0869567, 0.44858, 0.889502)

[19]
    Time: 0.600000
    HumanoidRootPart.CFrame = CFrame.new(0, 0, 0, 1, 0, 0, 0, 1, 0, 0, 0, 1)
    Torso.CFrame = CFrame.new(-0.831039, -0.0126477, -0.132264, 0.998582, -0.011249, 0.0520388, 0.00429575, 0.991261, 0.131845, -0.0530671, -0.131434, 0.989904)
    Head.CFrame = CFrame.new(1.09489e-07, 1.67638e-08, -2.20537e-06, 0.995981, -0.0602538, -0.0662662, 0.0565077, 0.996772, -0.057024, 0.0694882, 0.0530502, 0.996171)
    Left Arm.CFrame = CFrame.new(0.282771, -0.126285, -0.030494, 0.921286, 0.366746, 0.12934, -0.38102, 0.917817, 0.111513, -0.0778142, -0.152016, 0.98531)
    Right Arm.CFrame = CFrame.new(-0.477922, -0.117399, -0.0610484, 0.968157, -0.249789, 0.0166809, 0.24828, 0.966575, 0.0639515, -0.0320978, -0.0577736, 0.997814)
    Left Leg.CFrame = CFrame.new(0.253053, 0.0437183, 0.0899036, 0.114017, -0.642167, 0.758038, 0.662887, 0.617501, 0.423407, -0.739988, 0.454217, 0.49609)
    Right Leg.CFrame = CFrame.new(0.612522, 0.27049, 0.0723011, 0.998684, 0.00727222, 0.050773, 0.00797329, 0.955852, -0.29374, -0.0506676, 0.293758, 0.954536)

[20]
    Time: 0.633333
    HumanoidRootPart.CFrame = CFrame.new(0, 0, 0, 1, 0, 0, 0, 1, 0, 0, 0, 1)
    Torso.CFrame = CFrame.new(-0.911481, -0.0179054, -0.156203, 0.997052, 0.0359035, 0.0678058, -0.0426435, 0.994, 0.100726, -0.0637825, -0.10332, 0.992601)
    Head.CFrame = CFrame.new(-2.98023e-08, 4.09782e-08, -2.92063e-06, 0.9953, -0.0737074, -0.0628073, 0.0723716, 0.997106, -0.0232878, 0.0643421, 0.0186329, 0.997754)
    Left Arm.CFrame = CFrame.new(0.215317, -0.152573, -0.00312954, 0.901423, 0.431327, -0.037316, -0.426099, 0.899142, 0.0999193, 0.0766503, -0.0741693, 0.994296)
    Right Arm.CFrame = CFrame.new(-0.464817, -0.115961, -0.0512452, 0.970472, -0.237075, 0.0444847, 0.232789, 0.968828, 0.0847486, -0.0631898, -0.0718906, 0.995409)
    Left Leg.CFrame = CFrame.new(0.147885, 0.0184445, 0.252209, 0.12555, -0.629091, 0.767126, 0.684814, 0.614433, 0.391794, -0.717821, 0.476149, 0.507952)
    Right Leg.CFrame = CFrame.new(0.691665, 0.477621, -0.0641835, 0.987584, 0.0300362, 0.154191, -0.0183814, 0.996903, -0.0764624, -0.15601, 0.0726788, 0.985078)

[21]
    Time: 0.666667
    HumanoidRootPart.CFrame = CFrame.new(0, 0, 0, 1, 0, 0, 0, 1, 0, 0, 0, 1)
    Torso.CFrame = CFrame.new(-0.989002, -0.0279651, -0.199951, 0.995181, 0.0540707, 0.0817963, -0.0594718, 0.996105, 0.0651025, -0.0779576, -0.0696534, 0.99452)
    Head.CFrame = CFrame.new(8.84756e-08, 2.6077e-08, -2.20537e-06, 0.99619, -0.0612389, -0.0620904, 0.0623411, 0.997927, 0.0159695, 0.0609837, -0.0197794, 0.997943)
    Left Arm.CFrame = CFrame.new(0.0796556, -0.149886, 0.0093832, 0.841872, 0.445455, -0.304666, -0.414882, 0.895244, 0.162516, 0.345144, -0.0104176, 0.938492)
    Right Arm.CFrame = CFrame.new(-0.5491, -0.123711, -0.0457126, 0.94089, -0.33309, 0.0614634, 0.328159, 0.941384, 0.0781591, -0.0838946, -0.0533694, 0.995044)
    Left Leg.CFrame = CFrame.new(0.0424482, -0.0170013, 0.30932, 0.200802, -0.650053, 0.732878, 0.719793, 0.605371, 0.33974, -0.664512, 0.4593, 0.589464)
    Right Leg.CFrame = CFrame.new(0.73097, 0.52936, -0.219366, 0.974154, 0.0617543, 0.21728, -0.0923531, 0.986721, 0.133615, -0.206143, -0.150228, 0.966921)

[22]
    Time: 0.700000
    HumanoidRootPart.CFrame = CFrame.new(0, 0, 0, 1, 0, 0, 0, 1, 0, 0, 0, 1)
    Torso.CFrame = CFrame.new(-1.08204, -0.0338861, -0.284129, 0.995269, 0.0232115, 0.0943469, -0.0259234, 0.999282, 0.0276201, -0.0936381, -0.0299353, 0.995156)
    Head.CFrame = CFrame.new(4.33647e-08, 9.31323e-09, -2.5034e-06, 0.998109, -0.00419761, -0.0613321, 0.00781629, 0.998234, 0.058881, 0.0609767, -0.0592491, 0.996379)
    Left Arm.CFrame = CFrame.new(0.0523094, -0.168895, 0.0396094, 0.619737, 0.528376, -0.580297, -0.488998, 0.838311, 0.241072, 0.613846, 0.134363, 0.777907)
    Right Arm.CFrame = CFrame.new(-0.657879, -0.149583, -0.0622364, 0.879877, -0.473478, 0.0404328, 0.471184, 0.880315, 0.0550559, -0.0616614, -0.0293911, 0.997664)
    Left Leg.CFrame = CFrame.new(-0.0888876, -0.0776821, 0.31231, 0.287405, -0.717673, 0.634306, 0.769856, 0.56709, 0.292799, -0.569843, 0.404172, 0.715489)
    Right Leg.CFrame = CFrame.new(0.723023, 0.525225, -0.29595, 0.972609, 0.0617111, 0.224106, -0.125993, 0.950162, 0.285162, -0.195339, -0.305587, 0.931912)

[23]
    Time: 0.733333
    HumanoidRootPart.CFrame = CFrame.new(0, 0, 0, 1, 0, 0, 0, 1, 0, 0, 0, 1)
    Torso.CFrame = CFrame.new(-1.16351, -0.0324607, -0.379441, 0.993921, 0.0382728, 0.103228, -0.0378547, 0.999265, -0.0060068, -0.103382, 0.00206261, 0.99464)
    Head.CFrame = CFrame.new(1.22702e-07, 2.79397e-09, -2.08616e-06, 0.998017, -0.000216109, -0.0629416, 0.00612495, 0.995582, 0.0937002, 0.0626433, -0.0938999, 0.993609)
    Left Arm.CFrame = CFrame.new(0.0724831, -0.281253, 0.123974, 0.291317, 0.609109, -0.737645, -0.735152, 0.635942, 0.234796, 0.612116, 0.473881, 0.633049)
    Right Arm.CFrame = CFrame.new(-0.758888, -0.278212, -0.0568036, 0.67016, -0.736793, 0.0895632, 0.739734, 0.672899, 0.000531633, -0.0606587, 0.0658966, 0.995981)
    Left Leg.CFrame = CFrame.new(-0.0807441, -0.120399, 0.19715, 0.430126, -0.724832, 0.538155, 0.766684, 0.608025, 0.206159, -0.476642, 0.32392, 0.817244)
    Right Leg.CFrame = CFrame.new(0.569382, 0.445571, -0.316378, 0.952567, -0.141286, 0.269545, 0.0125386, 0.90317, 0.429099, -0.304071, -0.405366, 0.862102)

[24]
    Time: 0.766667
    HumanoidRootPart.CFrame = CFrame.new(0, 0, 0, 1, 0, 0, 0, 1, 0, 0, 0, 1)
    Torso.CFrame = CFrame.new(-1.22966, -0.0317907, -0.456504, 0.993842, 0.0424224, 0.102367, -0.0395708, 0.998775, -0.0297287, -0.103503, 0.0254948, 0.994302)
    Head.CFrame = CFrame.new(8.63802e-08, -3.72529e-09, -2.38419e-06, 0.9982, 0.0043832, -0.0598103, 0.00270827, 0.993013, 0.117972, 0.0599095, -0.117922, 0.991214)
    Left Arm.CFrame = CFrame.new(-0.0117655, -0.426841, 0.0245357, 0.0359958, 0.557156, -0.829628, -0.9432, 0.293296, 0.156046, 0.330269, 0.776888, 0.536067)
    Right Arm.CFrame = CFrame.new(-0.676634, -0.349989, -0.0810314, 0.570335, -0.810527, 0.13328, 0.820258, 0.570586, -0.0401097, -0.0435376, 0.1322, 0.990267)
    Left Leg.CFrame = CFrame.new(-0.0507071, -0.112943, 0.0826354, 0.629458, -0.663779, 0.403957, 0.696713, 0.712317, 0.0848338, -0.344056, 0.228042, 0.910836)
    Right Leg.CFrame = CFrame.new(0.560059, 0.370977, -0.357176, 0.910184, -0.151939, 0.38533, -0.0512733, 0.881806, 0.468816, -0.411018, -0.446466, 0.794816)

[25]
    Time: 0.800000
    HumanoidRootPart.CFrame = CFrame.new(0, 0, 0, 1, 0, 0, 0, 1, 0, 0, 0, 1)
    Torso.CFrame = CFrame.new(-1.2872, -0.0434094, -0.536225, 0.995985, 0.0241858, 0.0861894, -0.0201025, 0.998648, -0.0479336, -0.0872322, 0.0460086, 0.995125)
    Head.CFrame = CFrame.new(-2.15368e-08, -3.72529e-09, -2.563e-06, 0.998878, 0.0214026, -0.0422392, -0.0163884, 0.993152, 0.115673, 0.0444256, -0.114851, 0.992389)
    Left Arm.CFrame = CFrame.new(-0.0619793, -0.674579, 0.0585984, -0.261241, 0.508821, -0.820277, -0.965253, -0.143296, 0.218525, -0.00635265, 0.848863, 0.528575)
    Right Arm.CFrame = CFrame.new(-0.700619, -0.461038, -0.106035, 0.373124, -0.913677, 0.161163, 0.927776, 0.368053, -0.0613875, -0.00322811, 0.172428, 0.985017)
    Left Leg.CFrame = CFrame.new(-0.355908, -0.216441, 0.129064, 0.595365, -0.748785, 0.29131, 0.779782, 0.62587, 0.0150571, -0.193597, 0.218194, 0.95651)
    Right Leg.CFrame = CFrame.new(0.611006, 0.461869, -0.388868, 0.944297, -0.112254, 0.309357, -0.0545584, 0.873621, 0.483539, -0.32454, -0.473483, 0.818833)

[26]
    Time: 0.833333
    HumanoidRootPart.CFrame = CFrame.new(0, 0, 0, 1, 0, 0, 0, 1, 0, 0, 0, 1)
    Torso.CFrame = CFrame.new(-1.34486, -0.0514193, -0.460478, 0.997646, 0.00834867, 0.0680712, -0.00433187, 0.998252, -0.0589443, -0.0684444, 0.0585106, 0.995938)
    Head.CFrame = CFrame.new(5.0728e-08, 0, -2.5034e-06, 0.998965, 0.0375765, -0.0256215, -0.0333303, 0.988167, 0.149717, 0.0309442, -0.148708, 0.988397)
    Left Arm.CFrame = CFrame.new(-0.199295, -0.806744, -0.0390847, -0.467552, 0.379475, -0.798369, -0.846066, -0.453733, 0.27982, -0.256062, 0.806304, 0.533204)
    Right Arm.CFrame = CFrame.new(-0.669976, -0.773853, -0.151996, -0.184661, -0.964519, 0.188689, 0.977559, -0.200065, -0.065975, 0.101384, 0.172272, 0.979818)
    Left Leg.CFrame = CFrame.new(-0.497078, -0.165327, 0.166221, 0.594852, -0.747134, 0.29655, 0.773781, 0.632156, 0.0405313, -0.217748, 0.205354, 0.954157)
    Right Leg.CFrame = CFrame.new(0.532371, 0.446245, -0.25776, 0.976648, -0.12088, 0.177611, 0.0318874, 0.899101, 0.436578, -0.212464, -0.42072, 0.88196)

[27]
    Time: 0.866667
    HumanoidRootPart.CFrame = CFrame.new(0, 0, 0, 1, 0, 0, 0, 1, 0, 0, 0, 1)
    Torso.CFrame = CFrame.new(-1.38121, -0.0511087, -0.302209, 0.998614, 0.00360172, 0.0525126, 0.00014264, 0.997467, -0.0711265, -0.0526358, 0.0710354, 0.996084)
    Head.CFrame = CFrame.new(1.17847e-07, -6.98492e-09, -2.14577e-06, 0.998923, 0.0421074, -0.0194784, -0.0392302, 0.990752, 0.129892, 0.0247677, -0.128988, 0.991337)
    Left Arm.CFrame = CFrame.new(-0.348111, -0.843147, -0.165381, -0.596322, 0.236663, -0.767066, -0.688293, -0.642479, 0.336859, -0.413102, 0.728843, 0.546018)
    Right Arm.CFrame = CFrame.new(-0.238197, -0.970643, -0.262703, -0.698812, -0.683232, 0.211791, 0.690798, -0.721449, -0.0480599, 0.185632, 0.11272, 0.976133)
    Left Leg.CFrame = CFrame.new(-0.59227, -0.0433167, 0.191614, 0.650599, -0.689623, 0.318028, 0.715503, 0.696984, 0.0476398, -0.254514, 0.196556, 0.946884)
    Right Leg.CFrame = CFrame.new(0.389242, 0.408099, -0.115243, 0.984185, -0.177109, -0.00335418, 0.166948, 0.921054, 0.351837, -0.0592242, -0.346832, 0.936055)

[28]
    Time: 0.900000
    HumanoidRootPart.CFrame = CFrame.new(0, 0, 0, 1, 0, 0, 0, 1, 0, 0, 0, 1)
    Torso.CFrame = CFrame.new(-1.40822, -0.0474568, -0.142567, 0.999412, 0.00234462, 0.034197, 0.000346361, 0.996916, -0.0784733, -0.0342756, 0.078439, 0.99633)
    Head.CFrame = CFrame.new(-1.55705e-09, -9.0804e-09, -2.6226e-06, 0.998941, 0.0445598, -0.0115007, -0.0425602, 0.989592, 0.137467, 0.0175065, -0.136832, 0.99044)
    Left Arm.CFrame = CFrame.new(-0.451662, -0.8283, -0.254632, -0.661393, 0.133085, -0.738138, -0.566606, -0.733481, 0.37545, -0.491444, 0.666553, 0.560526)
    Right Arm.CFrame = CFrame.new(0.0132729, -0.91632, -0.309635, -0.830728, -0.508968, 0.225482, 0.521593, -0.853184, -0.00417541, 0.194503, 0.114142, 0.974238)
    Left Leg.CFrame = CFrame.new(-0.650157, 0.120079, 0.206221, 0.728083, -0.596224, 0.338249, 0.626781, 0.778835, 0.0236847, -0.277562, 0.194764, 0.940759)
    Right Leg.CFrame = CFrame.new(0.152799, 0.290183, -0.0165156, 0.931696, -0.308961, -0.191013, 0.35019, 0.903691, 0.246395, 0.0964902, -0.296456, 0.95016)

[29]
    Time: 0.933333
    HumanoidRootPart.CFrame = CFrame.new(0, 0, 0, 1, 0, 0, 0, 1, 0, 0, 0, 1)
    Torso.CFrame = CFrame.new(-1.41543, -0.0241138, 0.0320177, 0.99966, 0.0164999, 0.0201798, -0.015256, 0.998063, -0.0603134, -0.0211359, 0.059985, 0.997975)
    Head.CFrame = CFrame.new(1.43773e-07, -2.6077e-08, -2.32458e-06, 0.999446, 0.0318501, -0.00966541, -0.0304612, 0.992299, 0.120064, 0.013415, -0.119703, 0.992719)
    Left Arm.CFrame = CFrame.new(-0.457815, -0.838168, -0.301812, -0.657801, 0.116973, -0.744053, -0.531745, -0.771753, 0.348776, -0.533428, 0.625071, 0.56986)
    Right Arm.CFrame = CFrame.new(-0.0242531, -0.935315, -0.326761, -0.79847, -0.536764, 0.272637, 0.56015, -0.828335, 0.00969442, 0.220631, 0.160458, 0.962068)
    Left Leg.CFrame = CFrame.new(-0.627056, 0.255667, 0.211565, 0.804758, -0.472542, 0.359261, 0.511918, 0.858865, -0.0170353, -0.300507, 0.197622, 0.933082)
    Right Leg.CFrame = CFrame.new(0.0127972, 0.189032, 0.00937784, 0.880751, -0.353576, -0.315059, 0.412504, 0.899563, 0.143621, 0.232634, -0.256457, 0.938142)

[30]
    Time: 0.966667
    HumanoidRootPart.CFrame = CFrame.new(0, 0, 0, 1, 0, 0, 0, 1, 0, 0, 0, 1)
    Torso.CFrame = CFrame.new(-1.4009, 0.00944029, 0.195646, 0.999211, 0.0381057, 0.0111677, -0.0375973, 0.998382, -0.0426611, -0.0127752, 0.0422076, 0.999027)
    Head.CFrame = CFrame.new(5.93718e-08, -7.45058e-09, -2.32458e-06, 0.999829, 0.0128135, -0.0133149, -0.01136, 0.99451, 0.104019, 0.0145747, -0.10385, 0.994486)
    Left Arm.CFrame = CFrame.new(-0.325684, -0.925016, -0.24133, -0.5747, 0.218267, -0.78872, -0.629095, -0.734243, 0.255198, -0.523411, 0.642842, 0.55928)
    Right Arm.CFrame = CFrame.new(-0.131013, -0.980204, -0.319209, -0.719986, -0.608885, 0.332986, 0.649061, -0.760633, 0.0125448, 0.245642, 0.22516, 0.942848)
    Left Leg.CFrame = CFrame.new(-0.586659, 0.333185, 0.177491, 0.893498, -0.315484, 0.319581, 0.355384, 0.931808, -0.0737335, -0.274526, 0.179454, 0.944686)
    Right Leg.CFrame = CFrame.new(0.0163127, 0.139206, 0.0453601, 0.886755, -0.249899, -0.388866, 0.283958, 0.958313, 0.0316812, 0.364738, -0.138515, 0.92075)

[31]
    Time: 1.000000
    HumanoidRootPart.CFrame = CFrame.new(0, 0, 0, 1, 0, 0, 0, 1, 0, 0, 0, 1)
    Torso.CFrame = CFrame.new(-1.36716, 0.0349498, 0.312666, 0.998151, 0.060728, 0.00269232, -0.0606045, 0.997602, -0.0334316, -0.00471609, 0.0332066, 0.999437)
    Head.CFrame = CFrame.new(9.85165e-09, 3.60887e-09, -2.38419e-06, 0.999815, -0.00693262, -0.0179722, 0.00865675, 0.995178, 0.0977027, 0.0172082, -0.0978402, 0.995053)
    Left Arm.CFrame = CFrame.new(-0.195533, -1.00643, -0.142413, -0.507211, 0.300196, -0.807849, -0.700399, -0.689779, 0.183427, -0.502173, 0.658853, 0.56012)
    Right Arm.CFrame = CFrame.new(-0.278567, -0.979913, -0.24968, -0.576114, -0.720269, 0.3864, 0.789324, -0.613027, 0.0341502, 0.212276, 0.324669, 0.921699)
    Left Leg.CFrame = CFrame.new(-0.558527, 0.342958, 0.0974143, 0.969135, -0.142465, 0.201201, 0.166887, 0.979813, -0.110072, -0.181457, 0.140252, 0.973346)
    Right Leg.CFrame = CFrame.new(0.162024, 0.135043, 0.137893, 0.900674, 0.0174479, -0.434146, -0.034299, 0.99893, -0.0310101, 0.43314, 0.0428208, 0.900309)

[32]
    Time: 1.033333
    HumanoidRootPart.CFrame = CFrame.new(0, 0, 0, 1, 0, 0, 0, 1, 0, 0, 0, 1)
    Torso.CFrame = CFrame.new(-1.33821, 0.0427366, 0.361549, 0.996253, 0.085868, -0.0103629, -0.0861402, 0.995845, -0.0295505, 0.00778242, 0.0303324, 0.99951)
    Head.CFrame = CFrame.new(7.27596e-08, 9.31323e-10, -2.6226e-06, 0.999368, -0.0297587, -0.0194384, 0.0315393, 0.994604, 0.0988391, 0.0163922, -0.0993897, 0.994914)
    Left Arm.CFrame = CFrame.new(0.00398051, -1.01007, 0.147984, -0.453348, 0.454325, -0.766853, -0.842669, -0.498853, 0.202621, -0.290491, 0.738061, 0.609)
    Right Arm.CFrame = CFrame.new(-0.36316, -0.860968, -0.192629, -0.313825, -0.832402, 0.45675, 0.941917, -0.333535, 0.0393254, 0.119608, 0.442561, 0.888726)
    Left Leg.CFrame = CFrame.new(-0.523946, 0.325913, 0.0149534, 0.997773, 0.0232526, 0.062526, -0.0166084, 0.994359, -0.104757, -0.0646092, 0.103485, 0.99253)
    Right Leg.CFrame = CFrame.new(0.347129, 0.0895399, 0.252936, 0.833736, 0.304745, -0.460452, -0.3785, 0.922578, -0.0747484, 0.402024, 0.236601, 0.884532)

[33]
    Time: 1.066667
    HumanoidRootPart.CFrame = CFrame.new(0, 0, 0, 1, 0, 0, 0, 1, 0, 0, 0, 1)
    Torso.CFrame = CFrame.new(-1.30352, 0.0592908, 0.362822, 0.992813, 0.115043, -0.032962, -0.115966, 0.992869, -0.0276044, 0.0295513, 0.0312285, 0.999075)
    Head.CFrame = CFrame.new(1.0361e-07, -1.21072e-08, -2.86102e-06, 0.99822, -0.0580874, -0.0135165, 0.0591907, 0.992679, 0.105288, 0.00730156, -0.105901, 0.99435)
    Left Arm.CFrame = CFrame.new(0.310571, -0.781025, 0.398087, -0.224461, 0.693555, -0.684543, -0.965438, -0.0627808, 0.25296, 0.132465, 0.717663, 0.683676)
    Right Arm.CFrame = CFrame.new(-0.309089, -0.689794, -0.198326, -0.0248143, -0.843982, 0.535797, 0.999551, -0.0119449, 0.0274765, -0.0167897, 0.536239, 0.843899)
    Left Leg.CFrame = CFrame.new(-0.450941, 0.258641, -0.0462415, 0.978452, 0.193572, -0.0718506, -0.199184, 0.976567, -0.0815022, 0.0543905, 0.0940574, 0.99408)
    Right Leg.CFrame = CFrame.new(0.458686, -0.0199978, 0.341398, 0.716836, 0.492416, -0.493633, -0.622848, 0.770443, -0.135933, 0.313381, 0.404899, 0.858981)

[34]
    Time: 1.100000
    HumanoidRootPart.CFrame = CFrame.new(0, 0, 0, 1, 0, 0, 0, 1, 0, 0, 0, 1)
    Torso.CFrame = CFrame.new(-1.25161, 0.0789779, 0.342191, 0.98642, 0.152061, -0.0620756, -0.153886, 0.987753, -0.0257458, 0.0574004, 0.0349488, 0.997739)
    Head.CFrame = CFrame.new(-1.65775e-07, -1.53668e-08, -2.92063e-06, 0.995375, -0.0959712, -0.0043053, 0.0958216, 0.98862, 0.115971, -0.00687354, -0.115847, 0.993243)
    Left Arm.CFrame = CFrame.new(0.472082, -0.530284, 0.347292, 0.147674, 0.818325, -0.555461, -0.872721, 0.372062, 0.316115, 0.465351, 0.438081, 0.769112)
    Right Arm.CFrame = CFrame.new(-0.149497, -0.510487, -0.273165, 0.203841, -0.76698, 0.608433, 0.962598, 0.270318, 0.0182626, -0.178477, 0.581953, 0.793395)
    Left Leg.CFrame = CFrame.new(-0.0997486, -0.0272533, -0.0303886, 0.879998, 0.438535, -0.182459, -0.455322, 0.888221, -0.0611992, 0.135226, 0.136933, 0.981307)
    Right Leg.CFrame = CFrame.new(0.460387, -0.16712, 0.391557, 0.596331, 0.580339, -0.554613, -0.769952, 0.608949, -0.190672, 0.227077, 0.540729, 0.809968)

[35]
    Time: 1.133333
    HumanoidRootPart.CFrame = CFrame.new(0, 0, 0, 1, 0, 0, 0, 1, 0, 0, 0, 1)
    Torso.CFrame = CFrame.new(-1.21509, 0.0690394, 0.281317, 0.978327, 0.192147, -0.0771775, -0.195046, 0.980276, -0.0318856, 0.0695285, 0.0462476, 0.996507)
    Head.CFrame = CFrame.new(1.39698e-09, -6.23986e-08, -2.86102e-06, 0.9905, -0.136804, -0.013922, 0.137423, 0.981176, 0.135675, -0.00490099, -0.1363, 0.990656)
    Left Arm.CFrame = CFrame.new(0.458243, -0.435155, 0.193236, 0.450061, 0.80406, -0.3885, -0.710952, 0.585881, 0.388962, 0.540364, 0.101148, 0.83533)
    Right Arm.CFrame = CFrame.new(-0.00131707, -0.380226, -0.364951, 0.330153, -0.661877, 0.672991, 0.895397, 0.445267, -0.001346, -0.29877, 0.603039, 0.739649)
    Left Leg.CFrame = CFrame.new(-0.137332, -0.0150342, -0.0251163, 0.875522, 0.407971, -0.258883, -0.430993, 0.901607, -0.0367522, 0.218417, 0.143754, 0.965209)
    Right Leg.CFrame = CFrame.new(0.327283, -0.345475, 0.366625, 0.481592, 0.593463, -0.644881, -0.858689, 0.466693, -0.211779, 0.175278, 0.655743, 0.734356)

[36]
    Time: 1.166667
    HumanoidRootPart.CFrame = CFrame.new(0, 0, 0, 1, 0, 0, 0, 1, 0, 0, 0, 1)
    Torso.CFrame = CFrame.new(-1.15688, 0.0443774, 0.152398, 0.972206, 0.213298, -0.096538, -0.218395, 0.974794, -0.0456066, 0.0843769, 0.0654224, 0.994284)
    Head.CFrame = CFrame.new(3.07744e-07, 3.67872e-08, -2.20537e-06, 0.986973, -0.159112, -0.0238512, 0.160816, 0.971155, 0.176058, -0.00484963, -0.1776, 0.984091)
    Left Arm.CFrame = CFrame.new(0.408982, -0.425708, 0.0898143, 0.616764, 0.755433, -0.221184, -0.626754, 0.641301, 0.44262, 0.476215, -0.134365, 0.869002)
    Right Arm.CFrame = CFrame.new(0.0744257, -0.335668, -0.416625, 0.380141, -0.583511, 0.71764, 0.857983, 0.512274, -0.0379533, -0.345482, 0.630151, 0.695379)
    Left Leg.CFrame = CFrame.new(-0.172159, -0.00588179, -0.0306527, 0.819938, 0.468482, -0.328979, -0.501961, 0.864665, -0.01975, 0.275204, 0.181328, 0.944131)
    Right Leg.CFrame = CFrame.new(0.0494629, -0.207923, 0.270003, 0.349587, 0.529477, -0.772944, -0.881222, 0.465996, -0.0793444, 0.318178, 0.708873, 0.629493)

[37]
    Time: 1.200000
    HumanoidRootPart.CFrame = CFrame.new(0, 0, 0, 1, 0, 0, 0, 1, 0, 0, 0, 1)
    Torso.CFrame = CFrame.new(-1.08881, 0.00859206, -0.0262775, 0.955193, 0.270116, -0.121009, -0.278686, 0.958488, -0.0602934, 0.0996997, 0.0913154, 0.990819)
    Head.CFrame = CFrame.new(2.32831e-08, -2.79397e-08, -1.96695e-06, 0.977446, -0.20722, -0.0407262, 0.211013, 0.95058, 0.227753, -0.0084814, -0.23121, 0.972867)
    Left Arm.CFrame = CFrame.new(0.358479, -0.438047, 0.015954, 0.709782, 0.701486, -0.0642493, -0.60616, 0.654691, 0.451608, 0.35886, -0.281598, 0.8899)
    Right Arm.CFrame = CFrame.new(0.127175, -0.321722, -0.434938, 0.355849, -0.536398, 0.765277, 0.838464, 0.5449, -0.00794974, -0.412735, 0.644485, 0.643652)
    Left Leg.CFrame = CFrame.new(-0.180055, -0.0139803, -0.03392, 0.779963, 0.522375, -0.344648, -0.567357, 0.822635, -0.0371214, 0.264128, 0.224492, 0.937998)
    Right Leg.CFrame = CFrame.new(-0.106602, -0.17825, 0.259838, 0.179371, 0.514303, -0.838641, -0.906141, 0.4183, 0.0627175, 0.38306, 0.748677, 0.541061)

[38]
    Time: 1.233333
    HumanoidRootPart.CFrame = CFrame.new(0, 0, 0, 1, 0, 0, 0, 1, 0, 0, 0, 1)
    Torso.CFrame = CFrame.new(-1.02096, -0.0261316, -0.212712, 0.958763, 0.246255, -0.141887, -0.258111, 0.963427, -0.0720189, 0.118963, 0.105672, 0.98726)
    Head.CFrame = CFrame.new(1.00583e-07, 5.58794e-09, -2.02656e-06, 0.987926, -0.150626, -0.0362464, 0.154773, 0.949173, 0.274075, -0.00687867, -0.276375, 0.961025)
    Left Arm.CFrame = CFrame.new(0.340635, -0.43975, 0.00318289, 0.732804, 0.680014, -0.0240836, -0.596814, 0.659339, 0.457258, 0.326821, -0.320707, 0.889008)
    Right Arm.CFrame = CFrame.new(0.143217, -0.323175, -0.435715, 0.365522, -0.547913, 0.752453, 0.816348, 0.577076, 0.023649, -0.44718, 0.605619, 0.658222)
