[1]
    Time: 0.000000
    HumanoidRootPart.CFrame = CFrame.new(0, 0, 0, 1, 0, 0, 0, 1, 0, 0, 0, 1)
    Torso.CFrame = CFrame.new(-0.031344, 0.078314, -0.027061, 0.928402, -0.368239, -0.049692, 0.371577, 0.920063, 0.124156, 0, -0.133731, 0.991018)
    Left Leg.CFrame = CFrame.new(-0.128797, -0.017262, 0.035939, 0.942021, -0.273414, 0.19453, 0.272595, 0.961613, 0.031501, -0.195675, 0.023353, 0.980391)
    Right Arm.CFrame = CFrame.new(0.096389, 0.084611, 0.378488, 0.960698, 0.049003, 0.273236, 0.086094, 0.883163, -0.461097, -0.263907, 0.466499, 0.844235)
    Head.CFrame = CFrame.new(0, 0, 0, 0.984077, 0, 0.177742, 0.08794, 0.869029, -0.486883, -0.154463, 0.49476, 0.855192)
    Right Leg.CFrame = CFrame.new(0.018632, 0.000578, 0.050366, 0.884525, 0.266552, -0.382838, -0.263285, 0.962724, 0.061995, 0.385093, 0.04596, 0.921733)
    Left Arm.CFrame = CFrame.new(-0.056957, -0.636091, 0, 0.414182, 0.910194, 0, -0.910194, 0.414182, 0, 0, 0, 1)

[2]
    Time: 0.416667
    HumanoidRootPart.CFrame = CFrame.new(0, 0, 0, 1, 0, 0, 0, 1, 0, 0, 0, 1)
    Torso.CFrame = CFrame.new(0, 0.084353, -0.027061, 1, 0, 0, 0, 0.991018, 0.133731, 0, -0.133731, 0.991018)
    Left Leg.CFrame = CFrame.new(-0.128797, -0.017261, 0.035939, 0.942021, -0.273414, 0.19453, 0.272595, 0.961613, 0.031501, -0.195675, 0.023353, 0.980391)
    Right Arm.CFrame = CFrame.new(0, 0, 0.132197, 1, 0, 0, 0, 0.9688, -0.247846, 0, 0.247846, 0.9688)
    Right Leg.CFrame = CFrame.new(0.018631, 0.000579, 0.050366, 0.884525, 0.266552, -0.382838, -0.263285, 0.962724, 0.061995, 0.385093, 0.04596, 0.921733)

[3]
    Time: 0.433333
    HumanoidRootPart.CFrame = CFrame.new(0, 0, 0, 1, 0, 0, 0, 1, 0, 0, 0, 1)
    Torso.CFrame = CFrame.new(-0.192624, 0.081849, -0.045618, 0.99274, 0, -0.120284, 0.016086, 0.991018, 0.13276, 0.119204, -0.133731, 0.983822)
    Left Leg.CFrame = CFrame.new(0.100203, -0.02566, -0.009829, 0.968781, -0.154552, 0.193847, 0.167192, 0.984629, -0.050532, -0.183058, 0.081364, 0.97973)
    Right Arm.CFrame = CFrame.new(0.386806, -0.04632, 0.122185, 0.578694, -0.239138, -0.779696, 0.381913, 0.924198, 0, 0.720594, -0.297776, 0.626158)
    Right Leg.CFrame = CFrame.new(0.278433, 0.026174, 0.159936, 0.833123, 0.398595, -0.383441, -0.373435, 0.916781, 0.141631, 0.407985, 0.025194, 0.912641)

[4]
    Time: 0.483333
    HumanoidRootPart.CFrame = CFrame.new(0, 0, 0, 1, 0, 0, 0, 1, 0, 0, 0, 1)
    Torso.CFrame = CFrame.new(-0.192624, 0.081849, -0.045618, 0.99274, 0, -0.120284, 0.016086, 0.991018, 0.13276, 0.119204, -0.133731, 0.983822)
    Left Leg.CFrame = CFrame.new(0.100203, -0.02566, -0.009829, 0.968781, -0.154552, 0.193847, 0.167192, 0.984629, -0.050532, -0.183058, 0.081364, 0.97973)
    Right Arm.CFrame = CFrame.new(0.386806, -0.04632, 0.122185, 0.578694, -0.239138, -0.779696, 0.381913, 0.924198, 0, 0.720594, -0.297776, 0.626158)
    Head.CFrame = CFrame.new(0, 0, 0, 0.92001, -0.391895, 0, 0.366721, 0.860913, -0.352625, 0.138192, 0.324419, 0.935765)
    Right Leg.CFrame = CFrame.new(0.278433, 0.026174, 0.159936, 0.833123, 0.398595, -0.383441, -0.373435, 0.916781, 0.141631, 0.407985, 0.025194, 0.912641)
    Left Arm.CFrame = CFrame.new(-0.075894, -0.495757, 0, 0.366877, 0.658275, -0.657324, -0.930269, 0.259609, -0.259234, 0, 0.706595, 0.707618)

[5]
    Time: 0.500000
    HumanoidRootPart.CFrame = CFrame.new(0, 0, 0, 1, 0, 0, 0, 1, 0, 0, 0, 1)
    Torso.CFrame = CFrame.new(-0.391802, 0.079153, -0.065599, 0.994139, 0, -0.10811, 0.014458, 0.991018, 0.132948, 0.107138, -0.133731, 0.985209)
    Left Leg.CFrame = CFrame.new(0.098421, 0.034883, -0.011672, 0.969367, -0.155175, 0.190388, 0.144768, 0.987161, 0.06749, -0.198416, -0.037861, 0.979386)
    Right Arm.CFrame = CFrame.new(0.394561, 0.025181, 0.234518, 0.147801, -0.239138, -0.959671, 0.337747, 0.924198, -0.178281, 0.92956, -0.297776, 0.217365)
    Head.CFrame = CFrame.new(-0.165581, 0, 0.018006, 0.905444, -0.391894, 0.163065, 0.423415, 0.860913, -0.282044, -0.029854, 0.324419, 0.945442)
    Right Leg.CFrame = CFrame.new(0.267083, -0.058283, 0.154312, 0.836298, 0.392635, -0.382681, -0.415773, 0.909147, 0.024179, 0.357406, 0.138888, 0.923564)
    Left Arm.CFrame = CFrame.new(-0.094145, -0.361304, 0.014621, 0.366877, 0.658275, -0.657324, -0.930269, 0.259609, -0.259234, 0, 0.706595, 0.707618)

[6]
    Time: 0.816667
    HumanoidRootPart.CFrame = CFrame.new(0, 0, 0, 1, 0, 0, 0, 1, 0, 0, 0, 1)
    Torso.CFrame = CFrame.new(-0.391802, 0.079153, -0.065599, 0.994139, 0, -0.10811, 0.014458, 0.991018, 0.132948, 0.107138, -0.133731, 0.985209)
    Left Leg.CFrame = CFrame.new(0.098421, 0.034883, -0.011672, 0.969367, -0.155175, 0.190388, 0.144768, 0.987161, 0.06749, -0.198416, -0.037861, 0.979386)
    Head.CFrame = CFrame.new(-0.055427, -0.039943, 0.039041, 0.905444, -0.391894, 0.163065, 0.423415, 0.860913, -0.282044, -0.029854, 0.324419, 0.945442)
    Right Leg.CFrame = CFrame.new(0.267083, -0.058283, 0.154312, 0.836298, 0.392635, -0.382681, -0.415773, 0.909147, 0.024179, 0.357406, 0.138888, 0.923564)

[7]
    Time: 0.833333
    HumanoidRootPart.CFrame = CFrame.new(0, 0, 0, 1, 0, 0, 0, 1, 0, 0, 0, 1)
    Torso.CFrame = CFrame.new(-0.341403, 0.079886, -0.038773, 0.994139, 0, -0.10811, 0.014458, 0.991018, 0.132948, 0.107138, -0.133731, 0.985209)
    Left Leg.CFrame = CFrame.new(0.098971, 0.021283, -0.010651, 0.969178, -0.155041, 0.191458, 0.149939, 0.987847, 0.040943, -0.195479, -0.010974, 0.980647)
    Head.CFrame = CFrame.new(0, 0, -1e-06, 0.905444, -0.391894, 0.163065, 0.423415, 0.860913, -0.282044, -0.029854, 0.324419, 0.945442)
    Right Leg.CFrame = CFrame.new(0.206741, -0.032188, 0.130222, 0.849049, 0.36361, -0.38328, -0.373702, 0.926157, 0.050794, 0.373446, 0.100106, 0.922235)

[8]
    Time: 0.916667
    HumanoidRootPart.CFrame = CFrame.new(0, 0, 0, 1, 0, 0, 0, 1, 0, 0, 0, 1)
    Torso.CFrame = CFrame.new(-0.341403, 0.079886, -0.038773, 0.994139, 0, -0.10811, 0.014458, 0.991018, 0.132948, 0.107138, -0.133731, 0.985209)
    Left Leg.CFrame = CFrame.new(0.098971, 0.021283, -0.010651, 0.969178, -0.155041, 0.191458, 0.149939, 0.987847, 0.040943, -0.195479, -0.010974, 0.980647)
    Right Arm.CFrame = CFrame.new(0.394561, 0.025181, 0.234518, 0.354167, -0.239138, -0.90409, 0.368568, 0.924198, -0.100074, 0.85949, -0.297776, 0.415459)
    Right Leg.CFrame = CFrame.new(0.206741, -0.032188, 0.130222, 0.849049, 0.36361, -0.38328, -0.373702, 0.926157, 0.050794, 0.373446, 0.100106, 0.922235)
    Left Arm.CFrame = CFrame.new(-0.094145, -0.361305, 0.014621, 0.240695, 0.714137, -0.657324, -0.962011, 0.085629, -0.259234, -0.128843, 0.694749, 0.707618)

[9]
    Time: 0.933333
    HumanoidRootPart.CFrame = CFrame.new(0, 0, 0, 1, 0, 0, 0, 1, 0, 0, 0, 1)
    Torso.CFrame = CFrame.new(0, 0, -0.023586, 1, 0, 0, 0, 1, 0, 0, 0, 1)
    Left Leg.CFrame = CFrame.new(-0.014476, 0.004537, 0.068006, 0.885511, -0.124011, 0.447763, 0.138691, 0.990336, 0, -0.443435, 0.062101, 0.894152)
    Right Arm.CFrame = CFrame.new(0.394561, 0.025182, 0.234519, 0.309446, -0.294728, -0.90409, 0.517191, 0.849999, -0.100074, 0.79797, -0.43662, 0.41546)
    Right Leg.CFrame = CFrame.new(0.176458, 0.004537, 0.040763, 0.974191, 0.13643, -0.179827, -0.138691, 0.990336, 0, 0.178089, 0.02494, 0.983698)
    Left Arm.CFrame = CFrame.new(-0.094145, -0.361304, 0.014621, 0.240695, 0.924466, -0.295683, -0.962011, 0.186786, -0.199112, -0.128843, 0.332376, 0.934305)

[10]
    Time: 0.983333
    HumanoidRootPart.CFrame = CFrame.new(0, 0, 0, 1, 0, 0, 0, 1, 0, 0, 0, 1)
    Torso.CFrame = CFrame.new(0, 0, -0.023586, 1, 0, 0, 0, 1, 0, 0, 0, 1)
    Left Leg.CFrame = CFrame.new(-0.014476, 0.004537, 0.068006, 0.885511, -0.124011, 0.447763, 0.138691, 0.990336, 0, -0.443435, 0.062101, 0.894152)
    Right Arm.CFrame = CFrame.new(0.394561, 0.025182, 0.234519, 0.309446, -0.294728, -0.90409, 0.517191, 0.849999, -0.100074, 0.79797, -0.43662, 0.41546)
    Right Leg.CFrame = CFrame.new(0.176458, 0.004537, 0.040763, 0.974191, 0.13643, -0.179827, -0.138691, 0.990336, 0, 0.178089, 0.02494, 0.983698)
    Left Arm.CFrame = CFrame.new(-0.094145, -0.361304, 0.014621, 0.240695, 0.924466, -0.295683, -0.962011, 0.186786, -0.199112, -0.128843, 0.332376, 0.934305)

[11]
    Time: 1.000000
    HumanoidRootPart.CFrame = CFrame.new(0, 0, 0, 1, 0, 0, 0, 1, 0, 0, 0, 1)
    Torso.CFrame = CFrame.new(0.021273, -0.065472, -0.095242, 0.951056, -0.306703, 0.037763, 0.309019, 0.943928, -0.116223, 0, 0.122204, 0.992505)
    Left Leg.CFrame = CFrame.new(-0.380236, 0.137071, 0.064167, 0.986835, -0.025968, 0.159635, 0.021834, 0.999381, 0.027602, -0.160253, -0.023754, 0.98679)
    Right Arm.CFrame = CFrame.new(0.394561, 0.025182, 0.234518, 0.212497, -0.370765, -0.90409, 0.738205, 0.667113, -0.100074, 0.640234, -0.646138, 0.415459)
    Right Leg.CFrame = CFrame.new(0.208631, 0.021902, 0.184968, 0.865332, 0.161653, -0.474414, -0.207339, 0.977224, -0.045204, 0.456301, 0.137481, 0.879141)
    Left Arm.CFrame = CFrame.new(-0.094145, -0.361304, 0.014621, -0.086617, 0.758741, -0.645609, -0.256415, -0.64319, -0.721497, -0.962678, 0.10305, 0.250264)

[12]
    Time: 1.133333
    HumanoidRootPart.CFrame = CFrame.new(0, 0, 0, 1, 0, 0, 0, 1, 0, 0, 0, 1)
    Torso.CFrame = CFrame.new(0.021273, -0.065472, -0.095242, 0.951056, -0.306703, 0.037763, 0.309019, 0.943928, -0.116223, 0, 0.122204, 0.992505)
    Left Leg.CFrame = CFrame.new(-0.380236, 0.137071, 0.064167, 0.986835, -0.025968, 0.159635, 0.021834, 0.999381, 0.027602, -0.160253, -0.023754, 0.98679)
    Right Arm.CFrame = CFrame.new(0.394561, 0.025182, 0.234518, 0.212497, -0.370765, -0.90409, 0.738205, 0.667113, -0.100074, 0.640234, -0.646138, 0.415459)
    Head.CFrame = CFrame.new(0, 0, 0, 0.905444, -0.391894, 0.163065, 0.423415, 0.860913, -0.282044, -0.029854, 0.324419, 0.945442)
    Right Leg.CFrame = CFrame.new(0.208631, 0.021902, 0.184968, 0.865332, 0.161653, -0.474414, -0.207339, 0.977224, -0.045204, 0.456301, 0.137481, 0.879141)
    Left Arm.CFrame = CFrame.new(-0.094145, -0.361304, 0.014621, -0.086617, 0.758741, -0.645609, -0.256415, -0.64319, -0.721497, -0.962678, 0.10305, 0.250264)

[13]
    Time: 1.150000
    HumanoidRootPart.CFrame = CFrame.new(0, 0, 0, 1, 0, 0, 0, 1, 0, 0, 0, 1)
    Torso.CFrame = CFrame.new(0.011982, -0.036877, -0.339436, 0.830494, -0.555747, 0.037763, 0.556019, 0.823003, -0.116223, 0.033511, 0.11752, 0.992505)
    Left Leg.CFrame = CFrame.new(-0.585749, 0.380441, 0.273663, 0.987815, -0.072494, 0.137716, 0.061988, 0.994937, 0.079106, -0.142754, -0.069605, 0.987308)
    Right Arm.CFrame = CFrame.new(0.424165, 0.329079, 0.517156, -0.259413, -0.370765, -0.891762, 0.593643, 0.667113, -0.450053, 0.761769, -0.646138, 0.047044)
    Head.CFrame = CFrame.new(0, 0, 0, 0.951542, 0.260724, 0.163065, -0.208275, 0.936522, -0.282044, -0.226249, 0.234414, 0.945442)
    Right Leg.CFrame = CFrame.new(0.344565, 0.062481, 0.553443, 0.612232, 0.357811, -0.705084, -0.507024, 0.861927, -0.002849, 0.606711, 0.359239, 0.709118)
    Left Arm.CFrame = CFrame.new(-0.396502, 0.058207, 0.549852, 0.539042, 0.613012, -0.577624, -0.56495, -0.245501, -0.787756, -0.624712, 0.750963, 0.213986)

[14]
    Time: 1.216667
    HumanoidRootPart.CFrame = CFrame.new(0, 0, 0, 1, 0, 0, 0, 1, 0, 0, 0, 1)
    Torso.CFrame = CFrame.new(0.011982, -0.036877, -0.339436, 0.830494, -0.555747, 0.037763, 0.556019, 0.823003, -0.116223, 0.033511, 0.11752, 0.992505)
    Left Leg.CFrame = CFrame.new(-0.585749, 0.380441, 0.273663, 0.987815, -0.072494, 0.137716, 0.061988, 0.994937, 0.079106, -0.142754, -0.069605, 0.987308)
    Right Leg.CFrame = CFrame.new(0.344565, 0.062481, 0.553443, 0.612232, 0.357811, -0.705084, -0.507024, 0.861927, -0.002849, 0.606711, 0.359239, 0.709118)
    Left Arm.CFrame = CFrame.new(-0.396502, 0.058207, 0.549852, 0.539042, 0.613012, -0.577624, -0.56495, -0.245501, -0.787756, -0.624712, 0.750963, 0.213986)

[15]
    Time: 1.233333
    HumanoidRootPart.CFrame = CFrame.new(0, 0, 0, 1, 0, 0, 0, 1, 0, 0, 0, 1)
    Torso.CFrame = CFrame.new(0.472375, 0.042626, -0.350303, 0.801501, -0.555747, 0.220774, 0.567952, 0.823003, 0.009818, -0.187154, 0.11752, 0.975276)
    Left Leg.CFrame = CFrame.new(-0.897144, 0.496555, 0.238433, 0.939786, -0.321915, 0.114774, 0.295271, 0.933893, 0.201641, -0.172098, -0.15561, 0.972712)
    Right Leg.CFrame = CFrame.new(0.147247, -0.075266, 0.383417, 0.590658, 0.359478, -0.722426, -0.514753, 0.85732, 0.005737, 0.621412, 0.368482, 0.691425)
    Left Arm.CFrame = CFrame.new(-0.34182, 0.382477, 0.488711, 0.590715, 0.79332, 0.147307, -0.413781, 0.454568, -0.788767, -0.692705, 0.404984, 0.596781)

[16]
    Time: 1.316667
    HumanoidRootPart.CFrame = CFrame.new(0, 0, 0, 1, 0, 0, 0, 1, 0, 0, 0, 1)
    Torso.CFrame = CFrame.new(0.472375, 0.042626, -0.350303, 0.801501, -0.555747, 0.220774, 0.567952, 0.823003, 0.009818, -0.187154, 0.11752, 0.975276)
    Left Leg.CFrame = CFrame.new(-0.897144, 0.496555, 0.238433, 0.939786, -0.321915, 0.114774, 0.295271, 0.933893, 0.201641, -0.172098, -0.15561, 0.972712)
    Head.CFrame = CFrame.new(0, 0, 0, 0.951542, 0.260724, 0.163065, -0.208275, 0.936522, -0.282044, -0.22625, 0.234414, 0.945442)
    Right Leg.CFrame = CFrame.new(0.147247, -0.075266, 0.383417, 0.590658, 0.359478, -0.722426, -0.514753, 0.85732, 0.005737, 0.621412, 0.368482, 0.691425)

[17]
    Time: 1.333333
    HumanoidRootPart.CFrame = CFrame.new(0, 0, 0, 1, 0, 0, 0, 1, 0, 0, 0, 1)
    Torso.CFrame = CFrame.new(0.903245, -0.129846, -0.409679, 0.801501, -0.45111, 0.39255, 0.567952, 0.779705, -0.263613, -0.187155, 0.434235, 0.881143)
    Left Leg.CFrame = CFrame.new(-0.73487, 0.614783, 0.265233, 0.996254, -0.009496, 0.085947, 0.008008, 0.999812, 0.017635, -0.086099, -0.01688, 0.996144)
    Head.CFrame = CFrame.new(0, 0, 0, 0.974452, 0.224582, -0.002444, -0.22034, 0.958039, 0.183336, 0.043515, -0.178113, 0.983047)
    Right Leg.CFrame = CFrame.new(-0.020563, 0.043921, 0.229851, 0.691362, -0.016907, -0.722311, -0.105649, 0.986615, -0.124216, 0.714743, 0.16219, 0.680321)

[18]
    Time: 1.416667
    HumanoidRootPart.CFrame = CFrame.new(0, 0, 0, 1, 0, 0, 0, 1, 0, 0, 0, 1)
    Torso.CFrame = CFrame.new(0.903245, -0.129846, -0.409679, 0.801501, -0.45111, 0.39255, 0.567952, 0.779705, -0.263613, -0.187155, 0.434235, 0.881143)
    Left Leg.CFrame = CFrame.new(-0.73487, 0.614783, 0.265233, 0.996254, -0.009496, 0.085947, 0.008008, 0.999812, 0.017635, -0.086099, -0.01688, 0.996144)
    Right Leg.CFrame = CFrame.new(-0.020563, 0.043921, 0.229851, 0.691362, -0.016907, -0.722311, -0.105649, 0.986615, -0.124216, 0.714743, 0.16219, 0.680321)

[19]
    Time: 1.433333
    HumanoidRootPart.CFrame = CFrame.new(0, 0, 0, 1, 0, 0, 0, 1, 0, 0, 0, 1)
    Torso.CFrame = CFrame.new(1.01678, -0.129846, -0.409679, 0.801501, -0.45111, 0.39255, 0.567952, 0.779705, -0.263613, -0.187155, 0.434235, 0.881143)
    Left Leg.CFrame = CFrame.new(-0.760401, 0.545346, 0.265732, 0.997597, -0.040676, 0.056084, 0.042228, 0.998749, -0.026763, -0.054926, 0.029067, 0.998067)
    Right Leg.CFrame = CFrame.new(-0.115109, 0.046958, 0.13086, 0.674735, -0.035014, -0.737229, -0.026576, 0.997074, -0.071678, 0.737581, 0.067957, 0.67183)

[20]
    Time: 1.516667
    HumanoidRootPart.CFrame = CFrame.new(0, 0, 0, 1, 0, 0, 0, 1, 0, 0, 0, 1)
    Torso.CFrame = CFrame.new(1.01678, -0.129846, -0.409679, 0.801501, -0.45111, 0.39255, 0.567952, 0.779705, -0.263613, -0.187155, 0.434235, 0.881143)
    Left Leg.CFrame = CFrame.new(-0.760401, 0.545346, 0.265732, 0.997597, -0.040676, 0.056084, 0.042228, 0.998749, -0.026763, -0.054926, 0.029067, 0.998067)
    Right Leg.CFrame = CFrame.new(-0.115109, 0.046958, 0.13086, 0.674735, -0.035014, -0.737229, -0.026576, 0.997074, -0.071678, 0.737581, 0.067957, 0.67183)

[21]
    Time: 1.533333
    HumanoidRootPart.CFrame = CFrame.new(0, 0, 0, 1, 0, 0, 0, 1, 0, 0, 0, 1)
    Torso.CFrame = CFrame.new(1.05465, -0.129846, -0.409679, 0.801501, -0.45111, 0.39255, 0.567952, 0.779705, -0.263613, -0.187155, 0.434235, 0.881143)
    Left Leg.CFrame = CFrame.new(-0.766204, 0.521067, 0.264345, 0.997698, -0.049704, 0.046135, 0.051628, 0.997804, -0.041485, -0.043972, 0.043771, 0.998073)
    Right Leg.CFrame = CFrame.new(-0.156971, 0.043602, 0.084935, 0.669263, -0.04646, -0.741572, 0.00877, 0.998468, -0.054639, 0.742974, 0.030064, 0.668645)

[22]
    Time: 1.650000
    HumanoidRootPart.CFrame = CFrame.new(0, 0, 0, 1, 0, 0, 0, 1, 0, 0, 0, 1)
    Torso.CFrame = CFrame.new(1.05465, -0.129846, -0.409679, 0.801501, -0.45111, 0.39255, 0.567952, 0.779705, -0.263613, -0.187155, 0.434235, 0.881143)
    Left Leg.CFrame = CFrame.new(-0.766204, 0.521067, 0.264345, 0.997698, -0.049704, 0.046135, 0.051628, 0.997804, -0.041485, -0.043972, 0.043771, 0.998073)
    Right Leg.CFrame = CFrame.new(-0.156971, 0.043602, 0.084935, 0.669263, -0.04646, -0.741572, 0.00877, 0.998468, -0.054639, 0.742974, 0.030064, 0.668645)

[23]
    Time: 1.666667
    HumanoidRootPart.CFrame = CFrame.new(0, 0, 0, 1, 0, 0, 0, 1, 0, 0, 0, 1)
    Torso.CFrame = CFrame.new(1.06727, -0.129845, -0.396899, 0.801501, -0.45111, 0.39255, 0.567952, 0.779705, -0.263613, -0.187155, 0.434235, 0.881143)
    Left Leg.CFrame = CFrame.new(-0.752428, 0.50345, 0.262715, 0.998153, -0.04216, 0.043735, 0.044128, 0.998011, -0.045031, -0.041749, 0.046878, 0.998028)
    Right Leg.CFrame = CFrame.new(-0.213464, 0.026388, 0.020922, 0.665843, -0.074869, -0.742326, 0.054618, 0.997174, -0.051581, 0.74409, -0.0062, 0.668051)

[24]
    Time: 1.866667
    HumanoidRootPart.CFrame = CFrame.new(0, 0, 0, 1, 0, 0, 0, 1, 0, 0, 0, 1)
    Torso.CFrame = CFrame.new(1.06727, -0.129845, -0.396899, 0.801501, -0.45111, 0.39255, 0.567952, 0.779705, -0.263613, -0.187155, 0.434235, 0.881143)
    Left Leg.CFrame = CFrame.new(-0.752428, 0.50345, 0.262715, 0.998153, -0.04216, 0.043735, 0.044128, 0.998011, -0.045031, -0.041749, 0.046878, 0.998028)
    Right Leg.CFrame = CFrame.new(-0.213464, 0.026388, 0.020922, 0.665843, -0.074869, -0.742326, 0.054618, 0.997174, -0.051581, 0.74409, -0.0062, 0.668051)

[25]
    Time: 1.883333
    HumanoidRootPart.CFrame = CFrame.new(0, 0, 0, 1, 0, 0, 0, 1, 0, 0, 0, 1)
    Torso.CFrame = CFrame.new(1.09235, -0.129846, -0.396899, 0.801501, -0.45111, 0.39255, 0.567952, 0.779705, -0.263613, -0.187155, 0.434235, 0.881143)
    Left Leg.CFrame = CFrame.new(-0.754854, 0.487232, 0.261255, 0.998181, -0.047437, 0.037213, 0.049432, 0.997281, -0.054657, -0.034519, 0.056397, 0.997812)
    Right Leg.CFrame = CFrame.new(-0.26059, 0.01756, -0.032093, 0.660663, -0.092356, -0.74498, 0.093338, 0.994808, -0.040553, 0.744857, -0.042743, 0.665853)

[26]
    Time: 2.283333
    HumanoidRootPart.CFrame = CFrame.new(0, 0, 0, 1, 0, 0, 0, 1, 0, 0, 0, 1)
    Torso.CFrame = CFrame.new(1.09235, -0.129846, -0.396899, 0.801501, -0.45111, 0.39255, 0.567952, 0.779705, -0.263613, -0.187155, 0.434235, 0.881143)
    Left Leg.CFrame = CFrame.new(-0.754854, 0.487232, 0.261255, 0.998181, -0.047437, 0.037213, 0.049432, 0.997281, -0.054657, -0.034519, 0.056397, 0.997812)
    Right Leg.CFrame = CFrame.new(-0.26059, 0.01756, -0.032093, 0.660663, -0.092356, -0.74498, 0.093338, 0.994808, -0.040553, 0.744857, -0.042743, 0.665853)

[27]
    Time: 2.300000
    HumanoidRootPart.CFrame = CFrame.new(0, 0, 0, 1, 0, 0, 0, 1, 0, 0, 0, 1)
    Torso.CFrame = CFrame.new(1.02922, -0.129846, -0.396899, 0.801501, -0.45111, 0.39255, 0.567952, 0.779705, -0.263613, -0.187155, 0.434235, 0.881143)
    Left Leg.CFrame = CFrame.new(-0.747476, 0.527697, 0.264327, 0.997997, -0.033515, 0.053649, 0.035179, 0.99892, -0.030369, -0.052574, 0.032195, 0.998098)
    Right Leg.CFrame = CFrame.new(-0.160483, 0.033472, 0.079718, 0.672267, -0.0578, -0.738049, 0.010535, 0.997593, -0.068529, 0.740234, 0.038295, 0.671258)

[28]
    Time: 2.450000
    HumanoidRootPart.CFrame = CFrame.new(0, 0, 0, 1, 0, 0, 0, 1, 0, 0, 0, 1)
    Torso.CFrame = CFrame.new(1.02922, -0.129846, -0.396899, 0.801501, -0.45111, 0.39255, 0.567952, 0.779705, -0.263613, -0.187155, 0.434235, 0.881143)
    Left Leg.CFrame = CFrame.new(-0.747476, 0.527697, 0.264327, 0.997997, -0.033515, 0.053649, 0.035179, 0.99892, -0.030369, -0.052574, 0.032195, 0.998098)
    Right Leg.CFrame = CFrame.new(-0.160483, 0.033472, 0.079718, 0.672267, -0.0578, -0.738049, 0.010535, 0.997593, -0.068529, 0.740234, 0.038295, 0.671258)

[29]
    Time: 2.466667
    HumanoidRootPart.CFrame = CFrame.new(0, 0, 0, 1, 0, 0, 0, 1, 0, 0, 0, 1)
    Torso.CFrame = CFrame.new(1.00398, -0.129846, -0.396899, 0.801501, -0.45111, 0.39255, 0.567952, 0.779705, -0.263613, -0.187155, 0.434235, 0.881143)
    Left Leg.CFrame = CFrame.new(-0.74338, 0.543511, 0.264985, 0.997809, -0.027371, 0.060235, 0.028658, 0.999377, -0.020611, -0.059633, 0.022292, 0.997971)
    Right Leg.CFrame = CFrame.new(-0.13183, 0.035799, 0.110994, 0.676187, -0.049818, -0.735044, -0.013435, 0.996711, -0.079912, 0.736607, 0.063911, 0.673294)

[30]
    Time: 2.633333
    HumanoidRootPart.CFrame = CFrame.new(0, 0, 0, 1, 0, 0, 0, 1, 0, 0, 0, 1)
    Torso.CFrame = CFrame.new(1.00398, -0.129846, -0.396899, 0.801501, -0.45111, 0.39255, 0.567952, 0.779705, -0.263613, -0.187155, 0.434235, 0.881143)
    Left Leg.CFrame = CFrame.new(-0.74338, 0.543511, 0.264985, 0.997809, -0.027371, 0.060235, 0.028658, 0.999377, -0.020611, -0.059633, 0.022292, 0.997971)
    Right Leg.CFrame = CFrame.new(-0.13183, 0.035799, 0.110994, 0.676187, -0.049818, -0.735044, -0.013435, 0.996711, -0.079912, 0.736607, 0.063911, 0.673294)

[31]
    Time: 2.650000
    HumanoidRootPart.CFrame = CFrame.new(0, 0, 0, 1, 0, 0, 0, 1, 0, 0, 0, 1)
    Torso.CFrame = CFrame.new(0.840064, -0.129846, -0.396899, 0.801501, -0.45111, 0.39255, 0.567952, 0.779705, -0.263613, -0.187155, 0.434235, 0.881143)
    Left Leg.CFrame = CFrame.new(-0.702628, 0.639355, 0.26096, 0.994489, 0.019723, 0.102971, -0.024269, 0.998777, 0.043086, -0.101995, -0.045348, 0.993751)
    Right Leg.CFrame = CFrame.new(2.2e-05, 0.028387, 0.24618, 0.70162, -0.026411, -0.712061, -0.121707, 0.980186, -0.156277, 0.70208, 0.19631, 0.684504)

[32]
    Time: 2.716667
    HumanoidRootPart.CFrame = CFrame.new(0, 0, 0, 1, 0, 0, 0, 1, 0, 0, 0, 1)
    Torso.CFrame = CFrame.new(0.840064, -0.129846, -0.396899, 0.801501, -0.45111, 0.39255, 0.567952, 0.779705, -0.263613, -0.187155, 0.434235, 0.881143)
    Left Leg.CFrame = CFrame.new(-0.702628, 0.639355, 0.26096, 0.994489, 0.019723, 0.102971, -0.024269, 0.998777, 0.043086, -0.101995, -0.045348, 0.993751)
    Right Leg.CFrame = CFrame.new(2.2e-05, 0.028387, 0.24618, 0.70162, -0.026411, -0.712061, -0.121707, 0.980186, -0.156277, 0.70208, 0.19631, 0.684504)

[33]
    Time: 2.733333
    HumanoidRootPart.CFrame = CFrame.new(0, 0, 0, 1, 0, 0, 0, 1, 0, 0, 0, 1)
    Torso.CFrame = CFrame.new(0.562979, -0.129846, -0.396899, 0.801501, -0.45111, 0.39255, 0.567952, 0.779705, -0.263613, -0.187155, 0.434235, 0.881143)
    Left Leg.CFrame = CFrame.new(-0.589289, 0.760834, 0.223008, 0.977211, 0.122345, 0.173467, -0.148937, 0.97746, 0.149631, -0.15125, -0.172057, 0.973406)
    Right Leg.CFrame = CFrame.new(0.135014, -0.02635, 0.349727, 0.751649, -0.035261, -0.65862, -0.212174, 0.932565, -0.29207, 0.624505, 0.359276, 0.69348)

[34]
    Time: 2.883333
    HumanoidRootPart.CFrame = CFrame.new(0, 0, 0, 1, 0, 0, 0, 1, 0, 0, 0, 1)
    Torso.CFrame = CFrame.new(0.562979, -0.129846, -0.396899, 0.801501, -0.45111, 0.39255, 0.567952, 0.779705, -0.263613, -0.187155, 0.434235, 0.881143)
    Left Leg.CFrame = CFrame.new(-0.589289, 0.760834, 0.223008, 0.977211, 0.122345, 0.173467, -0.148937, 0.97746, 0.149631, -0.15125, -0.172057, 0.973406)
    Right Arm.CFrame = CFrame.new(0.424165, 0.32908, 0.517156, -0.259413, -0.370765, -0.891762, 0.593643, 0.667113, -0.450053, 0.761769, -0.646138, 0.047044)
    Right Leg.CFrame = CFrame.new(0.135014, -0.02635, 0.349727, 0.751649, -0.035261, -0.65862, -0.212174, 0.932565, -0.29207, 0.624505, 0.359276, 0.69348)

[35]
    Time: 2.900000
    HumanoidRootPart.CFrame = CFrame.new(0, 0, 0, 1, 0, 0, 0, 1, 0, 0, 0, 1)
    Torso.CFrame = CFrame.new(0.361751, -0.129846, -0.396899, 0.801501, -0.45111, 0.39255, 0.567952, 0.779705, -0.263613, -0.187155, 0.434235, 0.881143)
    Left Leg.CFrame = CFrame.new(-0.481366, 0.802841, 0.177838, 0.952097, 0.210644, 0.221676, -0.259899, 0.939383, 0.223632, -0.161132, -0.270533, 0.94913)
    Right Arm.CFrame = CFrame.new(0.424165, 0.329079, 0.517156, -0.188042, -0.411584, -0.891762, 0.463132, 0.763518, -0.450053, 0.866111, -0.497633, 0.047044)
    Right Leg.CFrame = CFrame.new(0.197787, -0.081096, 0.366182, 0.791303, -0.062613, -0.60821, -0.230668, 0.890667, -0.391798, 0.566244, 0.450325, 0.690344)

[36]
    Time: 3.166667
    HumanoidRootPart.CFrame = CFrame.new(0, 0, 0, 1, 0, 0, 0, 1, 0, 0, 0, 1)
    Torso.CFrame = CFrame.new(0.361751, -0.129846, -0.396899, 0.801501, -0.45111, 0.39255, 0.567952, 0.779705, -0.263613, -0.187155, 0.434235, 0.881143)
    Left Leg.CFrame = CFrame.new(-0.481366, 0.802841, 0.177838, 0.952097, 0.210644, 0.221676, -0.259899, 0.939383, 0.223632, -0.161132, -0.270533, 0.94913)
    Right Leg.CFrame = CFrame.new(0.197787, -0.081096, 0.366182, 0.791303, -0.062613, -0.60821, -0.230668, 0.890667, -0.391798, 0.566244, 0.450325, 0.690344)

[37]
    Time: 3.183333
    HumanoidRootPart.CFrame = CFrame.new(0, 0, 0, 1, 0, 0, 0, 1, 0, 0, 0, 1)
    Torso.CFrame = CFrame.new(0.306144, -0.038059, -0.356496, 0.801501, -0.514724, 0.304393, 0.567952, 0.814545, -0.118097, -0.187154, 0.267535, 0.945197)
    Left Leg.CFrame = CFrame.new(-0.665272, 0.71457, 0.181681, 0.983346, -0.021221, 0.180502, -0.028273, 0.963207, 0.267269, -0.179533, -0.267921, 0.946566)
    Right Leg.CFrame = CFrame.new(0.204744, -0.122112, 0.389709, 0.720705, 0.148357, -0.677181, -0.415417, 0.874447, -0.250543, 0.554989, 0.46188, 0.691848)

[38]
    Time: 3.250000
    HumanoidRootPart.CFrame = CFrame.new(0, 0, 0, 1, 0, 0, 0, 1, 0, 0, 0, 1)
    Torso.CFrame = CFrame.new(0.306144, -0.038059, -0.356496, 0.801501, -0.514724, 0.304393, 0.567952, 0.814545, -0.118097, -0.187154, 0.267535, 0.945197)
    Left Leg.CFrame = CFrame.new(-0.665272, 0.71457, 0.181681, 0.983346, -0.021221, 0.180502, -0.028273, 0.963207, 0.267269, -0.179533, -0.267921, 0.946566)
    Right Arm.CFrame = CFrame.new(0.424165, 0.32908, 0.517156, -0.188042, -0.411584, -0.891762, 0.463132, 0.763518, -0.450053, 0.866111, -0.497633, 0.047044)
    Right Leg.CFrame = CFrame.new(0.204744, -0.122112, 0.389709, 0.720705, 0.148357, -0.677181, -0.415417, 0.874447, -0.250543, 0.554989, 0.46188, 0.691848)
    Left Arm.CFrame = CFrame.new(-0.333909, 0.380602, 0.47739, 0.590715, 0.79332, 0.147307, -0.413781, 0.454568, -0.788767, -0.692705, 0.404984, 0.596781)

[39]
    Time: 3.266667
    HumanoidRootPart.CFrame = CFrame.new(0, 0, 0, 1, 0, 0, 0, 1, 0, 0, 0, 1)
    Torso.CFrame = CFrame.new(0.058535, 0.014323, -0.14038, 0.815201, -0.567587, 0.115293, 0.56848, 0.822213, 0.028211, -0.110808, 0.042545, 0.992931)
    Left Leg.CFrame = CFrame.new(-0.060001, 0.314737, 0.129925, 0.779856, -0.014841, 0.625783, -0.143192, 0.96898, 0.201429, -0.60936, -0.246693, 0.75354)
    Right Arm.CFrame = CFrame.new(0.230673, -0.248862, 0, 0.733401, -0.679797, 0, 0.679797, 0.733401, 0, 0, 0, 1)
    Right Leg.CFrame = CFrame.new(0.105089, -0.120205, 0.135325, 0.817181, 0.275311, -0.506379, -0.378679, 0.918778, -0.111576, 0.434531, 0.282933, 0.855062)
    Left Arm.CFrame = CFrame.new(-0.228769, -0.30713, 0.003785, -0.119707, 0.533937, -0.837008, -0.992809, -0.064379, 0.100921, 0, 0.84307, 0.537804)

[40]
    Time: 3.383333
    HumanoidRootPart.CFrame = CFrame.new(0, 0, 0, 1, 0, 0, 0, 1, 0, 0, 0, 1)
    Torso.CFrame = CFrame.new(0.058535, 0.014323, -0.14038, 0.815201, -0.567587, 0.115293, 0.56848, 0.822213, 0.028211, -0.110808, 0.042545, 0.992931)
    Left Leg.CFrame = CFrame.new(-0.060001, 0.314737, 0.129925, 0.779856, -0.014841, 0.625783, -0.143192, 0.96898, 0.201429, -0.60936, -0.246693, 0.75354)
    Right Arm.CFrame = CFrame.new(0.230673, -0.248862, 0, 0.733401, -0.679797, 0, 0.679797, 0.733401, 0, 0, 0, 1)
    Right Leg.CFrame = CFrame.new(0.105089, -0.120205, 0.135325, 0.817181, 0.275311, -0.506379, -0.378679, 0.918778, -0.111576, 0.434531, 0.282933, 0.855062)
    Left Arm.CFrame = CFrame.new(-0.228769, -0.30713, 0.003785, -0.119707, 0.533937, -0.837008, -0.992809, -0.064379, 0.100921, 0, 0.84307, 0.537804)

[41]
    Time: 3.400000
    HumanoidRootPart.CFrame = CFrame.new(0, 0, 0, 1, 0, 0, 0, 1, 0, 0, 0, 1)
    Torso.CFrame = CFrame.new(-0.066855, 0.014323, -0.14038, 0.628912, -0.768881, 0.115293, 0.771657, 0.635413, 0.028211, -0.094949, 0.071225, 0.992931)
    Left Leg.CFrame = CFrame.new(0.209738, 0.091051, -0.05644, 0.83031, 0.394655, 0.393488, -0.491769, 0.851033, 0.184139, -0.2622, -0.346397, 0.9007)
    Right Arm.CFrame = CFrame.new(0.815656, -0.368054, 0, 0.19965, -0.979867, 0, 0.979867, 0.19965, 0, 0, 0, 1)
    Right Leg.CFrame = CFrame.new(0.020367, -0.154651, 0.112711, 0.788831, 0.217115, -0.574985, -0.376716, 0.909991, -0.173208, 0.485625, 0.353238, 0.79962)
    Left Arm.CFrame = CFrame.new(-0.228769, -0.30713, 0.003785, -0.201947, 0.315262, -0.927269, -0.952993, -0.281609, 0.111804, -0.22588, 0.906259, 0.357313)

[42]
    Time: 3.450000
    HumanoidRootPart.CFrame = CFrame.new(0, 0, 0, 1, 0, 0, 0, 1, 0, 0, 0, 1)
    Torso.CFrame = CFrame.new(-0.066855, 0.014323, -0.14038, 0.628912, -0.768881, 0.115293, 0.771657, 0.635413, 0.028211, -0.094949, 0.071225, 0.992931)
    Left Leg.CFrame = CFrame.new(0.209738, 0.091051, -0.05644, 0.83031, 0.394655, 0.393488, -0.491769, 0.851033, 0.184139, -0.2622, -0.346397, 0.9007)
    Right Arm.CFrame = CFrame.new(0.815656, -0.368054, 0, 0.19965, -0.979867, 0, 0.979867, 0.19965, 0, 0, 0, 1)
    Head.CFrame = CFrame.new(0, 0, 0, 0.960008, 0.277993, -0.033249, -0.276857, 0.924926, -0.260504, -0.041665, 0.259291, 0.9649)
    Right Leg.CFrame = CFrame.new(0.020367, -0.154651, 0.112711, 0.788831, 0.217115, -0.574985, -0.376716, 0.909991, -0.173208, 0.485625, 0.353238, 0.79962)

[43]
    Time: 3.466667
    HumanoidRootPart.CFrame = CFrame.new(0, 0, 0, 1, 0, 0, 0, 1, 0, 0, 0, 1)
    Torso.CFrame = CFrame.new(-0.251624, 0.16148, -0.168271, 0.628911, -0.756913, -0.177634, 0.771657, 0.579791, 0.26151, -0.094949, -0.301539, 0.948714)
    Left Leg.CFrame = CFrame.new(-0.113964, 0.201465, 0.015975, 0.943931, -0.155875, 0.291029, 0.049523, 0.938401, 0.341981, -0.326408, -0.308394, 0.893505)
    Right Arm.CFrame = CFrame.new(0.815656, -0.368053, 0, 0.543622, -0.838736, 0.031579, 0.826341, 0.541423, 0.154986, -0.14709, -0.058159, 0.987412)
    Head.CFrame = CFrame.new(0, 0, 0, 0.960008, 0.256915, -0.111267, -0.276857, 0.811987, -0.513835, -0.041665, 0.524091, 0.850643)
    Right Leg.CFrame = CFrame.new(-0.198291, -0.028603, -0.017068, 0.614524, 0.524541, -0.589252, -0.589603, 0.801638, 0.098713, 0.524146, 0.286763, 0.801896)

[44]
    Time: 3.816667
    HumanoidRootPart.CFrame = CFrame.new(0, 0, 0, 1, 0, 0, 0, 1, 0, 0, 0, 1)
    Torso.CFrame = CFrame.new(-0.251624, 0.16148, -0.168271, 0.628911, -0.756913, -0.177634, 0.771657, 0.579791, 0.26151, -0.094949, -0.301539, 0.948714)
    Left Leg.CFrame = CFrame.new(-0.113964, 0.201465, 0.015975, 0.943931, -0.155875, 0.291029, 0.049523, 0.938401, 0.341981, -0.326408, -0.308394, 0.893505)
    Right Arm.CFrame = CFrame.new(0.542251, -0.312347, 0, 0.140646, -0.989556, 0.031579, 0.977386, 0.143862, 0.154986, -0.15791, 0.009067, 0.987412)
    Right Leg.CFrame = CFrame.new(-0.198291, -0.028603, -0.017068, 0.614524, 0.524541, -0.589252, -0.589603, 0.801638, 0.098713, 0.524146, 0.286763, 0.801896)

[45]
    Time: 3.833333
    HumanoidRootPart.CFrame = CFrame.new(0, 0, 0, 1, 0, 0, 0, 1, 0, 0, 0, 1)
    Torso.CFrame = CFrame.new(-0.139694, 0.16148, -0.168271, 0.628911, -0.756913, -0.177634, 0.771657, 0.579791, 0.26151, -0.094949, -0.301539, 0.948714)
    Left Leg.CFrame = CFrame.new(-0.273812, 0.19268, 0.073247, 0.913229, -0.28106, 0.294988, 0.180208, 0.927949, 0.326246, -0.365429, -0.244778, 0.898079)
    Right Arm.CFrame = CFrame.new(0.4154, 0.118951, 0.332298, 0.396832, -0.914429, 0.079651, -0.007614, -0.090053, -0.995908, 0.91786, 0.394602, -0.042698)
    Right Leg.CFrame = CFrame.new(-0.290465, 0.079863, -0.100319, 0.633396, 0.516697, -0.57605, -0.534557, 0.830407, 0.157074, 0.559516, 0.208441, 0.802181)

[46]
    Time: 3.916667
    HumanoidRootPart.CFrame = CFrame.new(0, 0, 0, 1, 0, 0, 0, 1, 0, 0, 0, 1)
    Torso.CFrame = CFrame.new(-0.139694, 0.16148, -0.168271, 0.628911, -0.756913, -0.177634, 0.771657, 0.579791, 0.26151, -0.094949, -0.301539, 0.948714)
    Left Leg.CFrame = CFrame.new(-0.273812, 0.19268, 0.073247, 0.913229, -0.28106, 0.294988, 0.180208, 0.927949, 0.326246, -0.365429, -0.244778, 0.898079)
    Right Arm.CFrame = CFrame.new(0.4154, 0.118951, 0.332298, 0.396832, -0.914429, 0.079651, -0.007614, -0.090053, -0.995908, 0.91786, 0.394602, -0.042698)
    Right Leg.CFrame = CFrame.new(-0.290465, 0.079863, -0.100319, 0.633396, 0.516697, -0.57605, -0.534557, 0.830407, 0.157074, 0.559516, 0.208441, 0.802181)

[47]
    Time: 3.933333
    HumanoidRootPart.CFrame = CFrame.new(0, 0, 0, 1, 0, 0, 0, 1, 0, 0, 0, 1)
    Torso.CFrame = CFrame.new(-0.139694, 0.16148, -0.168271, 0.771526, -0.610896, -0.177634, 0.635457, 0.726504, 0.26151, -0.030704, -0.31464, 0.948714)
    Left Leg.CFrame = CFrame.new(-0.106645, 0.180026, 0.096854, 0.80952, -0.354487, 0.467992, 0.201608, 0.916511, 0.345489, -0.551391, -0.18533, 0.813401)
    Right Arm.CFrame = CFrame.new(-0.405893, -0.156562, 0.471838, 0.060629, -0.986269, 0.153613, -0.127175, -0.160274, -0.978846, 0.990026, 0.039811, -0.135146)
    Right Leg.CFrame = CFrame.new(0.105546, -0.128636, 0.117379, 0.63885, 0.654497, -0.404357, -0.668128, 0.732572, 0.130165, 0.381413, 0.187006, 0.905291)

[48]
    Time: 3.983333
    HumanoidRootPart.CFrame = CFrame.new(0, 0, 0, 1, 0, 0, 0, 1, 0, 0, 0, 1)
    Torso.CFrame = CFrame.new(-0.139694, 0.16148, -0.168271, 0.771526, -0.610896, -0.177634, 0.635457, 0.726504, 0.26151, -0.030704, -0.31464, 0.948714)
    Left Leg.CFrame = CFrame.new(-0.106645, 0.180026, 0.096854, 0.80952, -0.354487, 0.467992, 0.201608, 0.916511, 0.345489, -0.551391, -0.18533, 0.813401)
    Right Leg.CFrame = CFrame.new(0.105546, -0.128636, 0.117379, 0.63885, 0.654497, -0.404357, -0.668128, 0.732572, 0.130165, 0.381413, 0.187006, 0.905291)

[49]
    Time: 4.000000
    HumanoidRootPart.CFrame = CFrame.new(0, 0, 0, 1, 0, 0, 0, 1, 0, 0, 0, 1)
    Torso.CFrame = CFrame.new(-0.183552, 0.16148, -0.168271, 0.771526, -0.610896, -0.177634, 0.635457, 0.726504, 0.26151, -0.030704, -0.31464, 0.948714)
    Left Leg.CFrame = CFrame.new(-0.061161, 0.188214, 0.066633, 0.825879, -0.317302, 0.466095, 0.156265, 0.923055, 0.351498, -0.541762, -0.217461, 0.811914)
    Right Leg.CFrame = CFrame.new(0.114209, -0.144289, 0.120255, 0.643637, 0.646615, -0.409414, -0.669982, 0.73463, 0.106976, 0.36994, 0.205446, 0.906055)

[50]
    Time: 4.083333
    HumanoidRootPart.CFrame = CFrame.new(0, 0, 0, 1, 0, 0, 0, 1, 0, 0, 0, 1)
    Torso.CFrame = CFrame.new(-0.183552, 0.16148, -0.168271, 0.771526, -0.610896, -0.177634, 0.635457, 0.726504, 0.26151, -0.030704, -0.31464, 0.948714)
    Left Leg.CFrame = CFrame.new(-0.061161, 0.188214, 0.066633, 0.825879, -0.317302, 0.466095, 0.156265, 0.923055, 0.351498, -0.541762, -0.217461, 0.811914)
    Right Leg.CFrame = CFrame.new(0.114209, -0.144289, 0.120255, 0.643637, 0.646615, -0.409414, -0.669982, 0.73463, 0.106976, 0.36994, 0.205446, 0.906055)

[51]
    Time: 4.100000
    HumanoidRootPart.CFrame = CFrame.new(0, 0, 0, 1, 0, 0, 0, 1, 0, 0, 0, 1)
    Torso.CFrame = CFrame.new(-0.271262, 0.16148, -0.168271, 0.771526, -0.610896, -0.177634, 0.635457, 0.726504, 0.26151, -0.030704, -0.31464, 0.948714)
    Left Leg.CFrame = CFrame.new(0.09075, 0.194426, -0.02404, 0.861017, -0.211993, 0.462286, 0.034154, 0.931032, 0.363336, -0.507428, -0.29705, 0.808875)
    Right Leg.CFrame = CFrame.new(0.122613, -0.169352, 0.120307, 0.65769, 0.626134, -0.418808, -0.667752, 0.741916, 0.060564, 0.348641, 0.239827, 0.906053)

[52]
    Time: 4.183333
    HumanoidRootPart.CFrame = CFrame.new(0, 0, 0, 1, 0, 0, 0, 1, 0, 0, 0, 1)
    Torso.CFrame = CFrame.new(-0.271262, 0.16148, -0.168271, 0.771526, -0.610896, -0.177634, 0.635457, 0.726504, 0.26151, -0.030704, -0.31464, 0.948714)
    Left Leg.CFrame = CFrame.new(0.09075, 0.194426, -0.02404, 0.861017, -0.211993, 0.462286, 0.034154, 0.931032, 0.363336, -0.507428, -0.29705, 0.808875)
    Right Leg.CFrame = CFrame.new(0.122613, -0.169352, 0.120307, 0.65769, 0.626134, -0.418808, -0.667752, 0.741916, 0.060564, 0.348641, 0.239827, 0.906053)

[53]
    Time: 4.200000
    HumanoidRootPart.CFrame = CFrame.new(0, 0, 0, 1, 0, 0, 0, 1, 0, 0, 0, 1)
    Torso.CFrame = CFrame.new(-0.3005, 0.16148, -0.168271, 0.771526, -0.610896, -0.177634, 0.635457, 0.726504, 0.26151, -0.030704, -0.31464, 0.948714)
    Left Leg.CFrame = CFrame.new(0.050042, 0.194876, -0.000819, 0.853824, -0.237939, 0.463001, 0.063433, 0.930353, 0.361137, -0.516683, -0.278978, 0.809451)
    Right Leg.CFrame = CFrame.new(0.122844, -0.17599, 0.118799, 0.663551, 0.617942, -0.42172, -0.665306, 0.745206, 0.045124, 0.342151, 0.250631, 0.905603)

[54]
    Time: 5.716667
    HumanoidRootPart.CFrame = CFrame.new(0, 0, 0, 1, 0, 0, 0, 1, 0, 0, 0, 1)
    Torso.CFrame = CFrame.new(-0.3005, 0.16148, -0.168271, 0.771526, -0.610896, -0.177634, 0.635457, 0.726504, 0.26151, -0.030704, -0.31464, 0.948714)
    Left Leg.CFrame = CFrame.new(0.050042, 0.194876, -0.000819, 0.853824, -0.237939, 0.463001, 0.063433, 0.930353, 0.361137, -0.516683, -0.278978, 0.809451)
    Right Leg.CFrame = CFrame.new(0.122844, -0.17599, 0.118799, 0.663551, 0.617942, -0.42172, -0.665306, 0.745206, 0.045124, 0.342151, 0.250631, 0.905603)

[55]
    Time: 5.733333
    HumanoidRootPart.CFrame = CFrame.new(0, 0, 0, 1, 0, 0, 0, 1, 0, 0, 0, 1)
    Torso.CFrame = CFrame.new(-0.190688, 0.091041, -0.16459, 0.662044, -0.748794, -0.031708, 0.743853, 0.651331, 0.149838, -0.091546, -0.122785, 0.988202)
    Left Leg.CFrame = CFrame.new(-0.14818, 0.257305, 0.051221, 0.92109, -0.020245, 0.388824, -0.095138, 0.956672, 0.275185, -0.377549, -0.290462, 0.879255)
    Right Leg.CFrame = CFrame.new(0.059924, -0.18117, 0.137257, 0.703847, 0.434196, -0.562204, -0.559852, 0.826209, -0.062812, 0.437225, 0.358961, 0.82461)

[56]
    Time: 5.916667
    HumanoidRootPart.CFrame = CFrame.new(0, 0, 0, 1, 0, 0, 0, 1, 0, 0, 0, 1)
    Torso.CFrame = CFrame.new(-0.190688, 0.091041, -0.16459, 0.662044, -0.748794, -0.031708, 0.743853, 0.651331, 0.149838, -0.091546, -0.122785, 0.988202)
    Left Leg.CFrame = CFrame.new(-0.14818, 0.257305, 0.051221, 0.92109, -0.020245, 0.388824, -0.095138, 0.956672, 0.275185, -0.377549, -0.290462, 0.879255)
    Right Leg.CFrame = CFrame.new(0.059924, -0.18117, 0.137257, 0.703847, 0.434196, -0.562204, -0.559852, 0.826209, -0.062812, 0.437225, 0.358961, 0.82461)

[57]
    Time: 5.933333
    HumanoidRootPart.CFrame = CFrame.new(0, 0, 0, 1, 0, 0, 0, 1, 0, 0, 0, 1)
    Torso.CFrame = CFrame.new(-0.129288, 0.091041, -0.16459, 0.662044, -0.748794, -0.031708, 0.743853, 0.651331, 0.149838, -0.091546, -0.122785, 0.988202)
    Left Leg.CFrame = CFrame.new(-0.225439, 0.268201, 0.083337, 0.917305, -0.082965, 0.389446, -0.025835, 0.963591, 0.266129, -0.397347, -0.254182, 0.881764)
    Right Leg.CFrame = CFrame.new(0.053373, -0.166397, 0.138595, 0.691101, 0.454209, -0.562204, -0.565707, 0.824074, -0.029631, 0.449839, 0.33852, 0.826468)

[58]
    Time: 6.016667
    HumanoidRootPart.CFrame = CFrame.new(0, 0, 0, 1, 0, 0, 0, 1, 0, 0, 0, 1)
    Torso.CFrame = CFrame.new(-0.129288, 0.091041, -0.16459, 0.662044, -0.748794, -0.031708, 0.743853, 0.651331, 0.149838, -0.091546, -0.122785, 0.988202)
    Left Leg.CFrame = CFrame.new(-0.225439, 0.268201, 0.083337, 0.917305, -0.082965, 0.389446, -0.025835, 0.963591, 0.266129, -0.397347, -0.254182, 0.881764)
    Right Arm.CFrame = CFrame.new(-0.405893, -0.156562, 0.471838, 0.060629, -0.986269, 0.153613, -0.127175, -0.160274, -0.978846, 0.990026, 0.039811, -0.135146)
    Right Leg.CFrame = CFrame.new(0.053373, -0.166397, 0.138595, 0.691101, 0.454209, -0.562204, -0.565707, 0.824074, -0.029631, 0.449839, 0.33852, 0.826468)
