[1]
    Time: 0.000000
    HumanoidRootPart.CFrame = CFrame.new(0, 0, 0, 1, 0, 0, 0, 1, 0, 0, 0, 1)
    Torso.CFrame = CFrame.new(0.295015, 0.070241, -0.058854, 0.930567, -0.361225, 0.059681, 0.355574, 0.930515, 0.087802, -0.08725, -0.060485, 0.994349)
    Head.CFrame = CFrame.new(0, -0, -0, 0.947765, 0.271475, -0.167462, -0.289957, 0.952043, -0.097668, 0.132916, 0.141123, 0.981029)
    Left Arm.CFrame = CFrame.new(0.771199, -0.132382, 0.414687, 0.584815, 0.327508, -0.742112, -0.499772, 0.866079, -0.011624, 0.63892, 0.377685, 0.670175)
    Right Arm.CFrame = CFrame.new(0.617878, -0.800352, -0.02122, -0.635768, -0.417867, 0.648989, 0.769627, -0.40737, 0.491654, 0.058933, 0.812057, 0.580594)
    Left Leg.CFrame = CFrame.new(-0.447353, 0.03652, -0.02694, 0.950835, -0.303903, -0.059621, 0.306551, 0.950941, 0.041679, 0.04403, -0.057907, 0.997351)
    Right Leg.CFrame = CFrame.new(-0.246021, 0.035132, -0.066112, 0.862077, 0.084691, -0.499651, -0.056827, 0.995874, 0.070754, 0.503582, -0.032601, 0.863332)

[2]
    Time: 0.033333
    HumanoidRootPart.CFrame = CFrame.new(0, 0, 0, 1, 0, 0, 0, 1, 0, 0, 0, 1)
    Torso.CFrame = CFrame.new(0.261909, 0.062588, -0.05862, 0.926684, -0.371364, 0.057846, 0.366635, 0.92707, 0.078235, -0.082681, -0.051291, 0.995255)
    Head.CFrame = CFrame.new(0, 0, 0, 0.946042, 0.28016, -0.162837, -0.297875, 0.949702, -0.096624, 0.127576, 0.139916, 0.98191)
    Left Arm.CFrame = CFrame.new(0.75101, -0.140155, 0.412363, 0.595254, 0.308348, -0.74202, -0.48938, 0.87154, -0.030414, 0.637322, 0.381234, 0.669688)
    Right Arm.CFrame = CFrame.new(0.585905, -0.797197, 0.005999, -0.677285, -0.403863, 0.614963, 0.729303, -0.478702, 0.488837, 0.096961, 0.779576, 0.618756)
    Left Leg.CFrame = CFrame.new(-0.458605, 0.063631, -0.004126, 0.955193, -0.295938, -0.005153, 0.295763, 0.953665, 0.055205, -0.011423, -0.054255, 0.998462)
    Right Leg.CFrame = CFrame.new(-0.2272, 0.027166, -0.048845, 0.808049, 0.107098, -0.579298, -0.089644, 0.994239, 0.058768, 0.582255, 0.004443, 0.812994)

[3]
    Time: 0.066667
    HumanoidRootPart.CFrame = CFrame.new(0, 0, 0, 1, 0, 0, 0, 1, 0, 0, 0, 1)
    Torso.CFrame = CFrame.new(0.212615, 0.041567, -0.060533, 0.925961, -0.373663, 0.054512, 0.371082, 0.927145, 0.051959, -0.069955, -0.027884, 0.99716)
    Head.CFrame = CFrame.new(0, 0, 0, 0.947123, 0.284153, -0.149051, -0.299513, 0.949551, -0.092977, 0.115111, 0.132704, 0.984449)
    Left Arm.CFrame = CFrame.new(0.737476, -0.160649, 0.406554, 0.608457, 0.294819, -0.736792, -0.481727, 0.875023, -0.047689, 0.63065, 0.383949, 0.674436)
    Right Arm.CFrame = CFrame.new(0.512801, -0.78573, 0.056548, -0.696623, -0.437056, 0.568944, 0.708078, -0.546517, 0.447153, 0.115507, 0.714354, 0.690186)
    Left Leg.CFrame = CFrame.new(-0.497139, 0.121976, 0.021767, 0.962236, -0.267657, 0.049613, 0.264205, 0.962167, 0.066559, -0.065551, -0.050937, 0.996548)
    Right Leg.CFrame = CFrame.new(-0.121003, 0.033373, 0.041975, 0.766012, 0.156745, -0.623424, -0.162015, 0.985584, 0.048731, 0.622075, 0.063675, 0.780364)

[4]
    Time: 0.100000
    HumanoidRootPart.CFrame = CFrame.new(0, 0, 0, 1, 0, 0, 0, 1, 0, 0, 0, 1)
    Torso.CFrame = CFrame.new(0.1581, 0.011137, -0.068684, 0.930769, -0.362126, 0.050343, 0.361896, 0.932114, 0.013921, -0.051966, 0.005261, 0.998635)
    Head.CFrame = CFrame.new(0, 0, 0, 0.94963, 0.286215, -0.127608, -0.297732, 0.951082, -0.082454, 0.097766, 0.116293, 0.988391)
    Left Arm.CFrame = CFrame.new(0.729267, -0.189623, 0.399002, 0.622301, 0.285851, -0.728718, -0.476478, 0.876933, -0.062906, 0.621056, 0.386365, 0.681918)
    Right Arm.CFrame = CFrame.new(0.432788, -0.762954, 0.083766, -0.686524, -0.488161, 0.538872, 0.712273, -0.600449, 0.363494, 0.146122, 0.633372, 0.759927)
    Left Leg.CFrame = CFrame.new(-0.522333, 0.209077, 0.034924, 0.975855, -0.202218, 0.082557, 0.194847, 0.976757, 0.089336, -0.098704, -0.071093, 0.992574)
    Right Leg.CFrame = CFrame.new(-0.017265, 0.070498, 0.12636, 0.753182, 0.189937, -0.629795, -0.202524, 0.977858, 0.052706, 0.625861, 0.087851, 0.774971)

[5]
    Time: 0.133333
    HumanoidRootPart.CFrame = CFrame.new(0, 0, 0, 1, 0, 0, 0, 1, 0, 0, 0, 1)
    Torso.CFrame = CFrame.new(0.106812, -0.023174, -0.090639, 0.941449, -0.334153, 0.044885, 0.335576, 0.941568, -0.028967, -0.032582, 0.042334, 0.998572)
    Head.CFrame = CFrame.new(0, 0, -0, 0.956472, 0.274298, -0.099608, -0.28107, 0.957707, -0.061625, 0.078492, 0.08694, 0.993117)
    Left Arm.CFrame = CFrame.new(0.725052, -0.222838, 0.391449, 0.634692, 0.280303, -0.720136, -0.473389, 0.877601, -0.075627, 0.610794, 0.388905, 0.689699)
    Right Arm.CFrame = CFrame.new(0.369366, -0.727444, 0.064063, -0.629612, -0.555309, 0.543342, 0.752709, -0.609204, 0.2496, 0.192401, 0.56613, 0.801548)
    Left Leg.CFrame = CFrame.new(-0.551813, 0.323161, -0.046646, 0.995947, -0.089939, 0.000916, 0.087929, 0.975732, 0.200541, -0.01893, -0.199647, 0.979685)
    Right Leg.CFrame = CFrame.new(0.0749, 0.123946, 0.17512, 0.772338, 0.201553, -0.602387, -0.204552, 0.976726, 0.064542, 0.601375, 0.073371, 0.795591)

[6]
    Time: 0.166667
    HumanoidRootPart.CFrame = CFrame.new(0, 0, 0, 1, 0, 0, 0, 1, 0, 0, 0, 1)
    Torso.CFrame = CFrame.new(0.060533, -0.055268, -0.122924, 0.954461, -0.295974, 0.037475, 0.297948, 0.952079, -0.069084, -0.015232, 0.077104, 0.996907)
    Head.CFrame = CFrame.new(0, 0, 0, 0.968123, 0.241211, -0.067496, -0.243587, 0.969433, -0.029401, 0.058341, 0.044905, 0.997286)
    Left Arm.CFrame = CFrame.new(0.723499, -0.256052, 0.38564, 0.643634, 0.276995, -0.713449, -0.472288, 0.877291, -0.085465, 0.602229, 0.391962, 0.695475)
    Right Arm.CFrame = CFrame.new(0.303162, -0.684062, 0.020717, -0.441401, -0.693028, 0.56998, 0.87632, -0.469526, 0.107747, 0.192948, 0.547044, 0.814563)
    Left Leg.CFrame = CFrame.new(-0.568091, 0.373883, -0.255612, 0.970575, 0.067259, -0.231215, 0.039989, 0.901847, 0.430202, 0.237456, -0.426789, 0.87262)
    Right Leg.CFrame = CFrame.new(0.245593, 0.168844, 0.148759, 0.88497, 0.207633, -0.416793, -0.185565, 0.978193, 0.093297, 0.427075, -0.005223, 0.904201)

[7]
    Time: 0.200000
    HumanoidRootPart.CFrame = CFrame.new(0, 0, 0, 1, 0, 0, 0, 1, 0, 0, 0, 1)
    Torso.CFrame = CFrame.new(0.019266, -0.079288, -0.152324, 0.9671, -0.252931, 0.027257, 0.254393, 0.962009, -0.09911, -0.001154, 0.102784, 0.994703)
    Head.CFrame = CFrame.new(0, -0, 0, 0.979778, 0.196767, -0.036307, -0.196831, 0.980436, 0.00186, 0.035963, 0.005324, 0.999339)
    Left Arm.CFrame = CFrame.new(0.723277, -0.285027, 0.383316, 0.647212, 0.274712, -0.711091, -0.473039, 0.876221, -0.09204, 0.597788, 0.395943, 0.69705)
    Right Arm.CFrame = CFrame.new(0.204081, -0.639247, -0.02263, -0.040015, -0.870161, 0.491141, 0.999056, -0.043151, 0.004946, 0.01689, 0.490875, 0.871066)
    Left Leg.CFrame = CFrame.new(-0.499764, 0.31574, -0.368216, 0.867105, 0.228495, -0.442626, 0.098145, 0.792799, 0.601529, 0.48836, -0.565031, 0.665015)
    Right Leg.CFrame = CFrame.new(0.464988, 0.196007, 0.010818, 0.979244, 0.190934, -0.068015, -0.180423, 0.97404, 0.136724, 0.092355, -0.121615, 0.988271)

[8]
    Time: 0.233333
    HumanoidRootPart.CFrame = CFrame.new(0, 0, 0, 1, 0, 0, 0, 1, 0, 0, 0, 1)
    Torso.CFrame = CFrame.new(-0.016576, -0.089579, -0.165155, 0.97848, -0.205873, 0.013889, 0.20612, 0.972099, -0.111974, 0.009551, 0.112427, 0.993614)
    Head.CFrame = CFrame.new(0, -0, -0, 0.988259, 0.152472, -0.009849, -0.152317, 0.988219, 0.014959, 0.012014, -0.013283, 0.99984)
    Left Arm.CFrame = CFrame.new(0.72757, -0.305521, 0.384116, 0.640642, 0.276046, -0.716503, -0.479717, 0.872504, -0.092778, 0.599541, 0.403156, 0.691387)
    Right Arm.CFrame = CFrame.new(0.04203, -0.599433, -0.042333, 0.335514, -0.911058, 0.239591, 0.930951, 0.359565, 0.063594, -0.144086, 0.201711, 0.968789)
    Left Leg.CFrame = CFrame.new(-0.419381, 0.274544, -0.33202, 0.779834, 0.303178, -0.54767, 0.151939, 0.757056, 0.635437, 0.607267, -0.578748, 0.544314)
    Right Leg.CFrame = CFrame.new(0.562236, 0.212212, -0.101677, 0.978574, 0.154317, 0.136309, -0.175461, 0.971416, 0.159891, -0.107739, -0.180382, 0.977678)

[9]
    Time: 0.266667
    HumanoidRootPart.CFrame = CFrame.new(0, 0, 0, 1, 0, 0, 0, 1, 0, 0, 0, 1)
    Torso.CFrame = CFrame.new(-0.045764, -0.086972, -0.164614, 0.988083, -0.153917, -0.001458, 0.152848, 0.982252, -0.108715, 0.018165, 0.107197, 0.994072)
    Head.CFrame = CFrame.new(0, 0, 0, 0.993002, 0.11755, 0.011385, -0.117646, 0.993022, 0.00821, -0.010341, -0.009492, 0.999901)
    Left Arm.CFrame = CFrame.new(0.73876, -0.313295, 0.386076, 0.623022, 0.280892, -0.73003, -0.492417, 0.865997, -0.087031, 0.607758, 0.413701, 0.677851)
    Right Arm.CFrame = CFrame.new(-0.190189, -0.568771, -0.038624, 0.507111, -0.85847, -0.076597, 0.855289, 0.49027, 0.16768, -0.106395, -0.150545, 0.982861)
    Left Leg.CFrame = CFrame.new(-0.395089, 0.247121, -0.280753, 0.768994, 0.27281, -0.578121, 0.164841, 0.789154, 0.591661, 0.617638, -0.550282, 0.561884)
    Right Leg.CFrame = CFrame.new(0.579596, 0.22538, -0.12478, 0.976005, 0.136841, 0.169377, -0.165027, 0.972323, 0.165392, -0.142057, -0.189375, 0.971574)

[10]
    Time: 0.300000
    HumanoidRootPart.CFrame = CFrame.new(0, 0, 0, 1, 0, 0, 0, 1, 0, 0, 0, 1)
    Torso.CFrame = CFrame.new(-0.068015, -0.076036, -0.162389, 0.995229, -0.096104, -0.016802, 0.094092, 0.991016, -0.095045, 0.025785, 0.093011, 0.995331)
    Head.CFrame = CFrame.new(0, -0, -0, 0.995801, 0.086765, 0.029212, -0.086621, 0.996222, -0.006142, -0.029634, 0.003585, 0.999554)
    Left Arm.CFrame = CFrame.new(0.75431, -0.306033, 0.388541, 0.598262, 0.284026, -0.749274, -0.504994, 0.85965, -0.077349, 0.622145, 0.424654, 0.657727)
    Right Arm.CFrame = CFrame.new(-0.408193, -0.54226, -0.028534, 0.571236, -0.745261, -0.343911, 0.820651, 0.511001, 0.255754, -0.014865, -0.428327, 0.903501)
    Left Leg.CFrame = CFrame.new(-0.487314, 0.215481, -0.309014, 0.829374, 0.1282, -0.543786, 0.210167, 0.830235, 0.516275, 0.517656, -0.542471, 0.661632)
    Right Leg.CFrame = CFrame.new(0.581494, 0.232227, -0.12829, 0.976685, 0.127459, 0.172747, -0.156526, 0.973508, 0.166681, -0.146925, -0.189834, 0.970761)

[11]
    Time: 0.333333
    HumanoidRootPart.CFrame = CFrame.new(0, 0, 0, 1, 0, 0, 0, 1, 0, 0, 0, 1)
    Torso.CFrame = CFrame.new(-0.083776, -0.056746, -0.157739, 0.999018, -0.032057, -0.030579, 0.029822, 0.997035, -0.070932, 0.032762, 0.06995, 0.997012)
    Head.CFrame = CFrame.new(0, 0, -0, 0.997701, 0.050809, 0.044844, -0.04973, 0.998453, -0.024864, -0.046038, 0.022577, 0.998685)
    Left Arm.CFrame = CFrame.new(0.771686, -0.286887, 0.390854, 0.57055, 0.280508, -0.771873, -0.511442, 0.856725, -0.066701, 0.642573, 0.432824, 0.632269)
    Right Arm.CFrame = CFrame.new(-0.504701, -0.512613, -0.013616, 0.581282, -0.645222, -0.495782, 0.813483, 0.474929, 0.335689, 0.018867, -0.59844, 0.800945)
    Left Leg.CFrame = CFrame.new(-0.646395, 0.207847, -0.341129, 0.883619, -0.086739, -0.460103, 0.295313, 0.865817, 0.40392, 0.363329, -0.492786, 0.790667)
    Right Leg.CFrame = CFrame.new(0.574441, 0.22874, -0.11722, 0.978853, 0.131168, 0.156975, -0.156419, 0.974458, 0.161135, -0.13183, -0.182282, 0.974369)

[12]
    Time: 0.366667
    HumanoidRootPart.CFrame = CFrame.new(0, 0, 0, 1, 0, 0, 0, 1, 0, 0, 0, 1)
    Torso.CFrame = CFrame.new(-0.093335, -0.030003, -0.150148, 0.998455, 0.037489, -0.041024, -0.039032, 0.998534, -0.037503, 0.039558, 0.039047, 0.998454)
    Head.CFrame = CFrame.new(0, 0, 0, 0.998222, 0.002704, 0.059547, -5.9e-05, 0.999014, -0.04439, -0.059609, 0.044307, 0.997238)
    Left Arm.CFrame = CFrame.new(0.788589, -0.259819, 0.392719, 0.542443, 0.270939, -0.795203, -0.508758, 0.859195, -0.054304, 0.668521, 0.434023, 0.603907)
    Right Arm.CFrame = CFrame.new(-0.487644, -0.47616, 0.004751, 0.521652, -0.626461, -0.57916, 0.852607, 0.358396, 0.38028, -0.030662, -0.69217, 0.721083)
    Left Leg.CFrame = CFrame.new(-0.715157, 0.190112, -0.242336, 0.911828, -0.264986, -0.313611, 0.349463, 0.901851, 0.254049, 0.21551, -0.341245, 0.914936)
    Right Leg.CFrame = CFrame.new(0.56331, 0.213349, -0.098518, 0.979857, 0.148935, 0.13304, -0.168249, 0.97454, 0.1482, -0.107581, -0.167599, 0.979968)

[13]
    Time: 0.400000
    HumanoidRootPart.CFrame = CFrame.new(0, 0, 0, 1, 0, 0, 0, 1, 0, 0, 0, 1)
    Torso.CFrame = CFrame.new(-0.09688, -4.7e-05, -0.137442, 0.992712, 0.111092, -0.046704, -0.111216, 0.993796, -5.8e-05, 0.046408, 0.005252, 0.998909)
    Head.CFrame = CFrame.new(0, 0, -0, 0.995768, -0.054184, 0.074228, 0.058781, 0.996393, -0.061204, -0.070644, 0.065308, 0.995362)
    Left Arm.CFrame = CFrame.new(0.803671, -0.22879, 0.395296, 0.514511, 0.260248, -0.817037, -0.499635, 0.865358, -0.038995, 0.696881, 0.428284, 0.575265)
    Right Arm.CFrame = CFrame.new(-0.444844, -0.443708, 0.025889, 0.375979, -0.649218, -0.661177, 0.917888, 0.163168, 0.361742, -0.126966, -0.742894, 0.657258)
    Left Leg.CFrame = CFrame.new(-0.630302, 0.112326, -0.071752, 0.927836, -0.355915, -0.111558, 0.367489, 0.923481, 0.110156, 0.063815, -0.143203, 0.987634)
    Right Leg.CFrame = CFrame.new(0.545096, 0.188296, -0.078297, 0.979577, 0.168163, 0.110224, -0.181888, 0.974781, 0.129299, -0.085701, -0.146706, 0.985461)

[14]
    Time: 0.433333
    HumanoidRootPart.CFrame = CFrame.new(0, 0, 0, 1, 0, 0, 0, 1, 0, 0, 0, 1)
    Torso.CFrame = CFrame.new(-0.093194, 0.027862, -0.120266, 0.981261, 0.18677, -0.047361, -0.185244, 0.982075, 0.034827, 0.053016, -0.025401, 0.998271)
    Head.CFrame = CFrame.new(0, 0, 0, 0.989508, -0.113701, 0.089143, 0.120253, 0.990134, -0.071929, -0.080085, 0.081894, 0.993418)
    Left Arm.CFrame = CFrame.new(0.815819, -0.197761, 0.400108, 0.48839, 0.250047, -0.836033, -0.487016, 0.87308, -0.023375, 0.724079, 0.418578, 0.548181)
    Right Arm.CFrame = CFrame.new(-0.388862, -0.429685, 0.049295, 0.221607, -0.650073, -0.726839, 0.947913, -0.031284, 0.316991, -0.228805, -0.759228, 0.60928)
    Left Leg.CFrame = CFrame.new(-0.404345, 0.021791, 0.050616, 0.928129, -0.354637, 0.11318, 0.354203, 0.934845, 0.0246, -0.11453, 0.017256, 0.99327)
    Right Leg.CFrame = CFrame.new(0.513694, 0.157731, -0.054983, 0.980431, 0.17851, 0.083006, -0.186614, 0.977012, 0.103069, -0.062699, -0.116542, 0.991205)

[15]
    Time: 0.466667
    HumanoidRootPart.CFrame = CFrame.new(0, 0, 0, 1, 0, 0, 0, 1, 0, 0, 0, 1)
    Torso.CFrame = CFrame.new(-0.081271, 0.048354, -0.102046, 0.96475, 0.259462, -0.044008, -0.256667, 0.964608, 0.060442, 0.058133, -0.047016, 0.997201)
    Head.CFrame = CFrame.new(0, -0, 1e-06, 0.979994, -0.169719, 0.103958, 0.177737, 0.981338, -0.073391, -0.089562, 0.090399, 0.99187)
    Left Arm.CFrame = CFrame.new(0.823923, -0.170692, 0.408677, 0.465923, 0.241602, -0.851202, -0.474152, 0.88039, -0.00965, 0.747058, 0.408095, 0.52475)
    Right Arm.CFrame = CFrame.new(-0.330852, -0.439367, 0.073897, 0.136653, -0.657263, -0.741169, 0.931258, -0.16987, 0.32234, -0.337765, -0.734268, 0.588868)
    Left Leg.CFrame = CFrame.new(-0.158783, -0.012802, 0.083977, 0.889328, -0.32048, 0.326174, 0.334301, 0.942356, 0.014419, -0.311992, 0.096217, 0.9452)
    Right Leg.CFrame = CFrame.new(0.464021, 0.124717, -0.025064, 0.984064, 0.173401, 0.039374, -0.175708, 0.982251, 0.065651, -0.027292, -0.071523, 0.997066)

[16]
    Time: 0.500000
    HumanoidRootPart.CFrame = CFrame.new(0, 0, 0, 1, 0, 0, 0, 1, 0, 0, 0, 1)
    Torso.CFrame = CFrame.new(-0.062014, 0.05649, -0.085673, 0.948539, 0.314107, -0.04014, -0.310889, 0.947829, 0.070485, 0.060186, -0.054379, 0.996705)
    Head.CFrame = CFrame.new(0, 0, 0, 0.969201, -0.216164, 0.117997, 0.225155, 0.971881, -0.068938, -0.099777, 0.093382, 0.990618)
    Left Arm.CFrame = CFrame.new(0.826871, -0.151547, 0.422523, 0.449079, 0.235883, -0.861793, -0.464526, 0.885559, 0.000324, 0.763246, 0.40018, 0.507259)
    Right Arm.CFrame = CFrame.new(-0.276348, -0.466146, 0.096336, 0.102713, -0.705423, -0.701305, 0.878459, -0.266423, 0.396646, -0.466647, -0.656809, 0.59232)
    Left Leg.CFrame = CFrame.new(0.006809, -0.008377, 0.074045, 0.813682, -0.297819, 0.499226, 0.32288, 0.945681, 0.037898, -0.483395, 0.130353, 0.865643)
    Right Leg.CFrame = CFrame.new(0.401821, 0.093703, 0.011718, 0.986587, 0.159867, -0.033005, -0.159249, 0.987023, 0.020613, 0.035872, -0.015081, 0.999243)

[17]
    Time: 0.533333
    HumanoidRootPart.CFrame = CFrame.new(0, 0, 0, 1, 0, 0, 0, 1, 0, 0, 0, 1)
    Torso.CFrame = CFrame.new(-0.035543, 0.051295, -0.073445, 0.941367, 0.335164, -0.038651, -0.332413, 0.940983, 0.063657, 0.057706, -0.047077, 0.997223)
    Head.CFrame = CFrame.new(0, 0, 0, 0.960285, -0.247613, 0.128609, 0.257174, 0.964262, -0.063727, -0.108233, 0.094271, 0.989646)
    Left Arm.CFrame = CFrame.new(0.812885, -0.144285, 0.443171, 0.439851, 0.233715, -0.867127, -0.461739, 0.887003, 0.004854, 0.770278, 0.398251, 0.498064)
    Right Arm.CFrame = CFrame.new(-0.229482, -0.506618, 0.112681, 0.082648, -0.765396, -0.638231, 0.807906, -0.323503, 0.492579, -0.583488, -0.556341, 0.591631)
    Left Leg.CFrame = CFrame.new(0.115905, -0.002423, 0.044701, 0.743762, -0.262116, 0.614909, 0.298478, 0.953338, 0.045356, -0.598105, 0.149803, 0.787293)
    Right Leg.CFrame = CFrame.new(0.351815, 0.086476, 0.045606, 0.982446, 0.144176, -0.118381, -0.145361, 0.989378, -0.001391, 0.116923, 0.018575, 0.992967)

[18]
    Time: 0.566667
    HumanoidRootPart.CFrame = CFrame.new(0, 0, 0, 1, 0, 0, 0, 1, 0, 0, 0, 1)
    Torso.CFrame = CFrame.new(0.001477, 0.037026, -0.068162, 0.944882, 0.325174, -0.038209, -0.323437, 0.945162, 0.045348, 0.050859, -0.030491, 0.99824)
    Head.CFrame = CFrame.new(0, 0, 0, 0.956648, -0.259454, 0.132322, 0.268738, 0.961488, -0.057631, -0.112273, 0.090692, 0.98953)
    Left Arm.CFrame = CFrame.new(0.78691, -0.152987, 0.468454, 0.433347, 0.249738, -0.865934, -0.479247, 0.87758, 0.013263, 0.763238, 0.409249, 0.499983)
    Right Arm.CFrame = CFrame.new(-0.194384, -0.557381, 0.119003, 0.053323, -0.803567, -0.592821, 0.747962, -0.361186, 0.556863, -0.661596, -0.473101, 0.581779)
    Left Leg.CFrame = CFrame.new(0.156497, -0.006347, 0.03568, 0.70056, -0.228242, 0.676107, 0.283915, 0.9584, 0.029355, -0.654681, 0.171392, 0.736218)
    Right Leg.CFrame = CFrame.new(0.330695, 0.118489, 0.072994, 0.97301, 0.126304, -0.193129, -0.125875, 0.99194, 0.014542, 0.193409, 0.010161, 0.981066)

[19]
    Time: 0.600000
    HumanoidRootPart.CFrame = CFrame.new(0, 0, 0, 1, 0, 0, 0, 1, 0, 0, 0, 1)
    Torso.CFrame = CFrame.new(0.051551, 0.017134, -0.076859, 0.953879, 0.297979, -0.036386, -0.297425, 0.954537, 0.019941, 0.040674, -0.008199, 0.999139)
    Head.CFrame = CFrame.new(0, 0, 1e-06, 0.957396, -0.260583, 0.124458, 0.267258, 0.962793, -0.040045, -0.109392, 0.071601, 0.991417)
    Left Arm.CFrame = CFrame.new(0.772924, -0.171042, 0.48146, 0.435214, 0.294633, -0.850753, -0.519934, 0.853691, 0.029671, 0.735022, 0.429421, 0.524728)
    Right Arm.CFrame = CFrame.new(-0.173711, -0.612805, 0.113165, 0.009135, -0.804752, -0.593541, 0.719262, -0.407066, 0.562991, -0.694679, -0.432054, 0.575109)
    Left Leg.CFrame = CFrame.new(0.115555, -0.010642, 0.083, 0.68347, -0.227652, 0.693573, 0.307626, 0.951463, 0.009154, -0.661993, 0.207105, 0.720329)
    Right Leg.CFrame = CFrame.new(0.347431, 0.19614, 0.085247, 0.966105, 0.109224, -0.233905, -0.095314, 0.992983, 0.070006, 0.23991, -0.045339, 0.969736)

[20]
    Time: 0.633333
    HumanoidRootPart.CFrame = CFrame.new(0, 0, 0, 1, 0, 0, 0, 1, 0, 0, 0, 1)
    Torso.CFrame = CFrame.new(0.109818, -0.004939, -0.099046, 0.966326, 0.255392, -0.031448, -0.255759, 0.966706, -0.008192, 0.028309, 0.015959, 0.999472)
    Head.CFrame = CFrame.new(0, 0, 0, 0.95986, -0.260085, 0.104998, 0.262577, 0.964855, -0.010412, -0.098599, 0.037564, 0.994418)
    Left Arm.CFrame = CFrame.new(0.775765, -0.188366, 0.45662, 0.462971, 0.362111, -0.809032, -0.563233, 0.824964, 0.046931, 0.684417, 0.433946, 0.585887)
    Right Arm.CFrame = CFrame.new(-0.164228, -0.658355, 0.102322, -0.038404, -0.79643, -0.60351, 0.708696, -0.44749, 0.545439, -0.704468, -0.406758, 0.581612)
    Left Leg.CFrame = CFrame.new(0.017899, 0.000713, 0.154647, 0.698803, -0.259844, 0.66645, 0.346691, 0.937977, 0.002189, -0.625683, 0.229523, 0.745547)
    Right Leg.CFrame = CFrame.new(0.394348, 0.308105, 0.047516, 0.973462, 0.09181, -0.209627, -0.05273, 0.981337, 0.184925, 0.222692, -0.168964, 0.960135)

[21]
    Time: 0.666667
    HumanoidRootPart.CFrame = CFrame.new(0, 0, 0, 1, 0, 0, 0, 1, 0, 0, 0, 1)
    Torso.CFrame = CFrame.new(0.169407, -0.025549, -0.126093, 0.979658, 0.199458, -0.022045, -0.200132, 0.979164, -0.034428, 0.014718, 0.03814, 0.999164)
    Head.CFrame = CFrame.new(0, 0, 0, 0.96414, -0.253762, 0.077713, 0.253257, 0.967259, 0.016446, -0.079342, 0.003825, 0.99684)
    Left Arm.CFrame = CFrame.new(0.795652, -0.202836, 0.39615, 0.516313, 0.417868, -0.747534, -0.58268, 0.811103, 0.050953, 0.627619, 0.409265, 0.662266)
    Right Arm.CFrame = CFrame.new(-0.161227, -0.677263, 0.096484, -0.077714, -0.814833, -0.574463, 0.700899, -0.454431, 0.549758, -0.709014, -0.359917, 0.606431)
    Left Leg.CFrame = CFrame.new(-0.197426, 0.019037, 0.177475, 0.815908, -0.32362, 0.479129, 0.370133, 0.928975, -0.002838, -0.44418, 0.179656, 0.87774)
    Right Leg.CFrame = CFrame.new(0.448022, 0.390414, -0.05015, 0.98978, 0.078795, -0.118859, -0.033426, 0.938454, 0.343783, 0.138632, -0.336297, 0.931497)

[22]
    Time: 0.700000
    HumanoidRootPart.CFrame = CFrame.new(0, 0, 0, 1, 0, 0, 0, 1, 0, 0, 0, 1)
    Torso.CFrame = CFrame.new(0.224071, -0.040858, -0.149063, 0.991045, 0.133317, -0.007504, -0.133528, 0.989578, -0.053898, 0.00024, 0.054418, 0.998518)
    Head.CFrame = CFrame.new(0, 0, 0, 0.973154, -0.225388, 0.046592, 0.224402, 0.974164, 0.025472, -0.051129, -0.014332, 0.998589)
    Left Arm.CFrame = CFrame.new(0.845797, -0.214319, 0.320309, 0.576541, 0.448182, -0.683179, -0.58203, 0.812104, 0.04158, 0.573448, 0.373657, 0.729066)
    Right Arm.CFrame = CFrame.new(-0.159445, -0.613254, 0.097889, -0.065727, -0.936169, -0.345352, 0.752012, -0.27396, 0.59952, -0.655864, -0.220304, 0.722017)
    Left Leg.CFrame = CFrame.new(-0.486092, 0.042399, 0.047168, 0.92628, -0.365369, 0.092253, 0.366917, 0.930254, 0.000198, -0.085891, 0.033666, 0.995736)
    Right Leg.CFrame = CFrame.new(0.50556, 0.393632, -0.169447, 0.996021, 0.07991, 0.039455, -0.089001, 0.869007, 0.486729, 0.004608, -0.488304, 0.872662)

[23]
    Time: 0.733333
    HumanoidRootPart.CFrame = CFrame.new(0, 0, 0, 1, 0, 0, 0, 1, 0, 0, 0, 1)
    Torso.CFrame = CFrame.new(0.271156, -0.046922, -0.158866, 0.998102, 0.060496, 0.011486, -0.059678, 0.996315, -0.061605, -0.015171, 0.060803, 0.998035)
    Head.CFrame = CFrame.new(0, 0, 0, 0.985636, -0.168366, 0.013225, 0.16816, 0.985639, 0.015415, -0.015631, -0.012969, 0.999794)
    Left Arm.CFrame = CFrame.new(0.911798, -0.222685, 0.246096, 0.624403, 0.469043, -0.624596, -0.579941, 0.814047, 0.03155, 0.523249, 0.342529, 0.78031)
    Right Arm.CFrame = CFrame.new(-0.1514, -0.494378, 0.100499, 0.022722, -0.994828, 0.099002, 0.829056, 0.074092, 0.554236, -0.558704, 0.069485, 0.826451)
    Left Leg.CFrame = CFrame.new(-0.623279, 0.071903, -0.098953, 0.923249, -0.347212, -0.164487, 0.356332, 0.93392, 0.028661, 0.143666, -0.085073, 0.985963)
    Right Leg.CFrame = CFrame.new(0.551314, 0.336369, -0.245674, 0.973981, 0.104346, 0.201177, -0.198831, 0.819417, 0.537608, -0.108751, -0.563621, 0.818844)

[24]
    Time: 0.766667
    HumanoidRootPart.CFrame = CFrame.new(0, 0, 0, 1, 0, 0, 0, 1, 0, 0, 0, 1)
    Torso.CFrame = CFrame.new(0.307025, -0.041847, -0.154485, 0.999382, -0.015486, 0.031547, 0.01721, 0.998331, -0.055134, -0.03064, 0.055643, 0.99798)
    Head.CFrame = CFrame.new(0, 0, 0, 0.995349, -0.093691, -0.022409, 0.093665, 0.995601, -0.002223, 0.022519, 0.000114, 0.999746)
    Left Arm.CFrame = CFrame.new(0.969275, -0.227801, 0.189699, 0.655592, 0.480958, -0.582133, -0.577593, 0.815982, 0.023685, 0.486401, 0.320708, 0.812749)
    Right Arm.CFrame = CFrame.new(-0.129057, -0.430369, 0.101905, 0.071233, -0.8711, 0.485913, 0.85117, 0.307065, 0.4257, -0.520034, 0.383271, 0.763327)
    Left Leg.CFrame = CFrame.new(-0.640358, 0.091362, -0.13642, 0.920608, -0.322719, -0.219849, 0.342181, 0.937962, 0.056023, 0.188131, -0.126804, 0.973924)
    Right Leg.CFrame = CFrame.new(0.594597, 0.267041, -0.268872, 0.939758, 0.153857, 0.30526, -0.291758, 0.826343, 0.4817, -0.178136, -0.541743, 0.821451)

[25]
    Time: 0.800000
    HumanoidRootPart.CFrame = CFrame.new(0, 0, 0, 1, 0, 0, 0, 1, 0, 0, 0, 1)
    Torso.CFrame = CFrame.new(0.327513, -0.028137, -0.142721, 0.994671, -0.090908, 0.048639, 0.092778, 0.994974, -0.037662, -0.04497, 0.041974, 0.998106)
    Head.CFrame = CFrame.new(0, 0, -0, 0.998189, -0.013049, -0.058717, 0.011699, 0.999661, -0.023279, 0.059001, 0.02255, 0.998003)
    Left Arm.CFrame = CFrame.new(0.993851, -0.229536, 0.167303, 0.666841, 0.484829, -0.565919, -0.576485, 0.81685, 0.020513, 0.472216, 0.312565, 0.824206)
    Right Arm.CFrame = CFrame.new(-0.062956, -0.516859, 0.091875, 0.036116, -0.720237, 0.692788, 0.844655, 0.392495, 0.364013, -0.534092, 0.57202, 0.622527)
    Left Leg.CFrame = CFrame.new(-0.635051, 0.100385, -0.144693, 0.922921, -0.3064, -0.2331, 0.331065, 0.940677, 0.074319, 0.1965, -0.145762, 0.969609)
    Right Leg.CFrame = CFrame.new(0.603883, 0.213946, -0.230498, 0.930877, 0.199621, 0.305974, -0.308717, 0.877653, 0.366631, -0.195352, -0.435747, 0.878614)

[26]
    Time: 0.833333
    HumanoidRootPart.CFrame = CFrame.new(0, 0, 0, 1, 0, 0, 0, 1, 0, 0, 0, 1)
    Torso.CFrame = CFrame.new(0.336296, -0.008811, -0.126219, 0.985012, -0.161769, 0.059857, 0.162817, 0.98657, -0.013032, -0.056945, 0.022582, 0.998122)
    Head.CFrame = CFrame.new(0, 0, -0, 0.993677, 0.062749, -0.093106, -0.067114, 0.996752, -0.044513, 0.09001, 0.05048, 0.994661)
    Left Arm.CFrame = CFrame.new(0.980687, -0.222339, 0.185628, 0.660945, 0.476774, -0.579516, -0.572542, 0.819599, 0.021302, 0.485126, 0.317718, 0.814683)
    Right Arm.CFrame = CFrame.new(0.054665, -0.648812, 0.069214, 0.006951, -0.637455, 0.770456, 0.851432, 0.407835, 0.32975, -0.524419, 0.653699, 0.545585)
    Left Leg.CFrame = CFrame.new(-0.614199, 0.103963, -0.132487, 0.929755, -0.297372, -0.217087, 0.322634, 0.942113, 0.091267, 0.17738, -0.154896, 0.971876)
    Right Leg.CFrame = CFrame.new(0.53441, 0.161694, -0.130907, 0.954764, 0.211533, 0.208995, -0.25889, 0.93707, 0.234254, -0.146291, -0.277764, 0.949445)

[27]
    Time: 0.866667
    HumanoidRootPart.CFrame = CFrame.new(0, 0, 0, 1, 0, 0, 0, 1, 0, 0, 0, 1)
    Torso.CFrame = CFrame.new(0.339267, 0.013001, -0.107605, 0.972396, -0.224027, 0.065246, 0.223539, 0.974583, 0.014774, -0.066897, 0.000219, 0.99776)
    Head.CFrame = CFrame.new(0, 0, 0, 0.984031, 0.12931, -0.122318, -0.137769, 0.988433, -0.0634, 0.112705, 0.079239, 0.990464)
    Left Arm.CFrame = CFrame.new(0.946776, -0.204348, 0.23144, 0.645621, 0.455349, -0.613051, -0.562064, 0.826796, 0.022185, 0.51697, 0.33025, 0.789732)
    Right Arm.CFrame = CFrame.new(0.199773, -0.722764, 0.043639, -0.069495, -0.613707, 0.78647, 0.893308, 0.312634, 0.322894, -0.444039, 0.724999, 0.526503)
    Left Leg.CFrame = CFrame.new(-0.580075, 0.101822, -0.109598, 0.938371, -0.291226, -0.186139, 0.313588, 0.943825, 0.104198, 0.145337, -0.156148, 0.976983)
    Right Leg.CFrame = CFrame.new(0.380574, 0.095335, -0.032348, 0.981211, 0.181161, 0.06638, -0.188166, 0.974573, 0.121656, -0.042653, -0.131861, 0.99035)

[28]
    Time: 0.900000
    HumanoidRootPart.CFrame = CFrame.new(0, 0, 0, 1, 0, 0, 0, 1, 0, 0, 0, 1)
    Torso.CFrame = CFrame.new(0.336338, 0.034347, -0.089369, 0.959268, -0.274649, 0.066128, 0.272332, 0.961286, 0.041999, -0.075103, -0.02228, 0.996927)
    Head.CFrame = CFrame.new(0, 0, 0, 0.972256, 0.184611, -0.14366, -0.19713, 0.977244, -0.078321, 0.125932, 0.104468, 0.986523)
    Left Arm.CFrame = CFrame.new(0.900496, -0.180959, 0.290995, 0.624455, 0.424679, -0.655518, -0.547162, 0.836767, 0.020868, 0.557378, 0.345643, 0.754891)
    Right Arm.CFrame = CFrame.new(0.350266, -0.76762, 0.01919, -0.228532, -0.595667, 0.770035, 0.923173, 0.118513, 0.365658, -0.309069, 0.79444, 0.52282)
    Left Leg.CFrame = CFrame.new(-0.541883, 0.087827, -0.08388, 0.944237, -0.292308, -0.151566, 0.308562, 0.946196, 0.097483, 0.114916, -0.138815, 0.983628)
    Right Leg.CFrame = CFrame.new(0.194985, 0.04824, 0.017684, 0.984793, 0.148264, -0.090562, -0.142208, 0.987355, 0.070051, 0.099803, -0.056107, 0.993424)

[29]
    Time: 0.933333
    HumanoidRootPart.CFrame = CFrame.new(0, 0, 0, 1, 0, 0, 0, 1, 0, 0, 0, 1)
    Torso.CFrame = CFrame.new(0.327758, 0.052591, -0.073783, 0.947325, -0.313764, 0.064253, 0.30975, 0.948574, 0.065278, -0.081431, -0.041937, 0.995796)
    Head.CFrame = CFrame.new(0, 0, -0, 0.961046, 0.227117, -0.15751, -0.24289, 0.965947, -0.089172, 0.131894, 0.123956, 0.983483)
    Left Arm.CFrame = CFrame.new(0.850223, -0.15757, 0.35055, 0.602427, 0.389469, -0.696704, -0.530192, 0.847737, 0.015451, 0.596639, 0.360079, 0.717193)
    Right Arm.CFrame = CFrame.new(0.484527, -0.790654, -0.001514, -0.40693, -0.549699, 0.729548, 0.900129, -0.105362, 0.422689, -0.155485, 0.828692, 0.537675)
    Left Leg.CFrame = CFrame.new(-0.506194, 0.061996, -0.062349, 0.945989, -0.299817, -0.123351, 0.309648, 0.948285, 0.069812, 0.096041, -0.104236, 0.989905)
    Right Leg.CFrame = CFrame.new(0.027829, 0.034179, 0.021399, 0.960649, 0.133527, -0.243565, -0.120635, 0.990422, 0.067168, 0.250201, -0.035142, 0.967556)

[30]
    Time: 0.966667
    HumanoidRootPart.CFrame = CFrame.new(0, 0, 0, 1, 0, 0, 0, 1, 0, 0, 0, 1)
    Torso.CFrame = CFrame.new(0.313878, 0.06532, -0.062939, 0.937573, -0.34231, 0.061493, 0.337095, 0.937935, 0.081523, -0.085582, -0.055705, 0.994773)
    Head.CFrame = CFrame.new(0, 0, 0, 0.952657, 0.255382, -0.165001, -0.273198, 0.957168, -0.095877, 0.133448, 0.136416, 0.981622)
    Left Arm.CFrame = CFrame.new(0.804332, -0.139578, 0.396362, 0.586455, 0.355136, -0.727977, -0.513638, 0.857994, 0.004778, 0.626296, 0.371114, 0.685585)
    Right Arm.CFrame = CFrame.new(0.580937, -0.79914, -0.015857, -0.551114, -0.480357, 0.682298, 0.834068, -0.293036, 0.467397, -0.024579, 0.826672, 0.562146)
    Left Leg.CFrame = CFrame.new(-0.472708, 0.039402, -0.044526, 0.947371, -0.305435, -0.095901, 0.31059, 0.949522, 0.044069, 0.0776, -0.071535, 0.994415)
    Right Leg.CFrame = CFrame.new(-0.175387, 0.034141, -0.032638, 0.919107, 0.082168, -0.385344, -0.05966, 0.995759, 0.070031, 0.389464, -0.041376, 0.920112)

[31]
    Time: 1.000000
    HumanoidRootPart.CFrame = CFrame.new(0, 0, 0, 1, 0, 0, 0, 1, 0, 0, 0, 1)
    Torso.CFrame = CFrame.new(0.295015, 0.070241, -0.058854, 0.930567, -0.361225, 0.059681, 0.355574, 0.930515, 0.087802, -0.08725, -0.060485, 0.994349)
    Head.CFrame = CFrame.new(0, -0, -0, 0.947765, 0.271475, -0.167462, -0.289957, 0.952043, -0.097668, 0.132916, 0.141123, 0.981029)
    Left Arm.CFrame = CFrame.new(0.771199, -0.132382, 0.414687, 0.584815, 0.327508, -0.742112, -0.499772, 0.866079, -0.011624, 0.63892, 0.377685, 0.670175)
    Right Arm.CFrame = CFrame.new(0.617878, -0.800352, -0.02122, -0.635768, -0.417867, 0.648989, 0.769627, -0.40737, 0.491654, 0.058933, 0.812057, 0.580594)
    Left Leg.CFrame = CFrame.new(-0.447353, 0.03652, -0.02694, 0.950835, -0.303903, -0.059621, 0.306551, 0.950941, 0.041679, 0.04403, -0.057907, 0.997351)
    Right Leg.CFrame = CFrame.new(-0.246021, 0.035132, -0.066112, 0.862077, 0.084691, -0.499651, -0.056827, 0.995874, 0.070754, 0.503582, -0.032601, 0.863332)
