[1]
    Time: 0.000000
    HumanoidRootPart.CFrame = CFrame.new(0, 0, 0, 1, 0, 0, 0, 1, 0, 0, 0, 1)
    Torso.CFrame = CFrame.new(-0.119256, -0.0834966, -0.0390611, 0.994308, -0.0737911, -0.0768518, 0.0673318, 0.994231, -0.0834966, 0.0825698, 0.0778468, 0.99354)
    Head.CFrame = CFrame.new(9.87202e-08, 1.30385e-08, 0, 0.948172, -0.271189, 0.165609, 0.310863, 0.899638, -0.306621, -0.0658358, 0.342211, 0.937314)
    Left Arm.CFrame = CFrame.new(0.0855974, -0.320078, 0.329886, 0.157219, 0.364604, -0.917794, -0.893162, 0.449018, 0.0253782, 0.421359, 0.815749, 0.396245)
    Right Arm.CFrame = CFrame.new(-0.137352, -0.404693, 0.260843, 0.167333, -0.391321, 0.904913, 0.930989, 0.364762, -0.0144171, -0.324436, 0.844877, 0.425353)
    Left Leg.CFrame = CFrame.new(0.321864, 0.0256742, -0.131433, 0.628025, -0.0345178, 0.777427, 0.0289806, 0.99936, 0.0209605, -0.777654, 0.0093666, 0.628623)
    Right Leg.CFrame = CFrame.new(-0.0683589, 0.086751, 0.00558197, 0.667114, -0.00942306, -0.744896, -0.00896072, 0.999746, -0.0206718, 0.744902, 0.0204651, 0.66686)

[2]
    Time: 0.033333
    HumanoidRootPart.CFrame = CFrame.new(0, 0, 0, 1, 0, 0, 0, 1, 0, 0, 0, 1)
    Torso.CFrame = CFrame.new(-0.0812402, -0.0790702, -0.0922027, 0.995812, -0.071259, -0.0572718, 0.0661221, 0.994005, -0.0870699, 0.063133, 0.0829183, 0.994555)
    Head.CFrame = CFrame.new(5.68107e-08, -1.95578e-08, -5.96046e-08, 0.948645, -0.269876, 0.165042, 0.309415, 0.900165, -0.306537, -0.065838, 0.341861, 0.937441)
    Left Arm.CFrame = CFrame.new(0.0805584, -0.3203, 0.329617, 0.157256, 0.364556, -0.917807, -0.893295, 0.448765, 0.0251953, 0.421064, 0.81591, 0.396227)
    Right Arm.CFrame = CFrame.new(-0.137396, -0.404261, 0.260925, 0.167393, -0.391325, 0.9049, 0.930871, 0.365066, -0.0143244, -0.324743, 0.844743, 0.425383)
    Left Leg.CFrame = CFrame.new(0.228005, 0.088048, -0.0237742, 0.656577, -0.0696593, 0.751036, 0.0782303, 0.996645, 0.0240486, -0.750192, 0.042964, 0.659824)
    Right Leg.CFrame = CFrame.new(-0.00261613, 0.132051, 0.0318367, 0.656341, 0.0191615, -0.754221, -0.0483063, 0.998694, -0.0166647, 0.752917, 0.0473713, 0.656409)

[3]
    Time: 0.066667
    HumanoidRootPart.CFrame = CFrame.new(0, 0, 0, 1, 0, 0, 0, 1, 0, 0, 0, 1)
    Torso.CFrame = CFrame.new(-0.0529168, -0.0725829, -0.105493, 0.996508, -0.0661752, -0.0509233, 0.0610614, 0.993492, -0.0961514, 0.0569547, 0.0927062, 0.994063)
    Head.CFrame = CFrame.new(9.31323e-08, -1.25729e-08, -1.19209e-07, 0.951494, -0.26162, 0.161907, 0.30053, 0.90301, -0.307008, -0.0658844, 0.340774, 0.937834)
    Left Arm.CFrame = CFrame.new(0.06739, -0.322245, 0.328775, 0.157337, 0.364324, -0.917885, -0.894073, 0.447263, 0.0242711, 0.419379, 0.816838, 0.396103)
    Right Arm.CFrame = CFrame.new(-0.137657, -0.401779, 0.261186, 0.167621, -0.391418, 0.904818, 0.930217, 0.366756, -0.0136695, -0.326497, 0.843968, 0.425579)
    Left Leg.CFrame = CFrame.new(0.111242, 0.104647, 0.0246966, 0.741903, -0.0919095, 0.664178, 0.0975847, 0.994815, 0.0286587, -0.663368, 0.0435516, 0.747025)
    Right Leg.CFrame = CFrame.new(0.143177, 0.203442, 0.0703909, 0.687313, 0.0698362, -0.722997, -0.0816204, 0.996489, 0.0186614, 0.721761, 0.0461853, 0.690599)

[4]
    Time: 0.100000
    HumanoidRootPart.CFrame = CFrame.new(0, 0, 0, 1, 0, 0, 0, 1, 0, 0, 0, 1)
    Torso.CFrame = CFrame.new(-0.0207235, -0.0677445, -0.0724695, 0.997473, -0.0629564, -0.0329253, 0.0593529, 0.993128, -0.100862, 0.039049, 0.098653, 0.994355)
    Head.CFrame = CFrame.new(1.05239e-07, 3.70201e-08, 2.38419e-07, 0.958521, -0.239828, 0.154016, 0.277275, 0.909745, -0.309003, -0.0660078, 0.33889, 0.938507)
    Left Arm.CFrame = CFrame.new(0.0542552, -0.32787, 0.327563, 0.157377, 0.363801, -0.918085, -0.896007, 0.443488, 0.022145, 0.415217, 0.819126, 0.395763)
    Right Arm.CFrame = CFrame.new(-0.138312, -0.395656, 0.261579, 0.168035, -0.39173, 0.904606, 0.928614, 0.370856, -0.0118996, -0.330817, 0.84203, 0.426083)
    Left Leg.CFrame = CFrame.new(-0.017096, 0.11921, 0.0592103, 0.853154, -0.105258, 0.510929, 0.078678, 0.994191, 0.0734397, -0.515692, -0.0224566, 0.85648)
    Right Leg.CFrame = CFrame.new(0.261573, 0.214504, 0.09113, 0.757069, 0.101274, -0.645438, -0.0858531, 0.994767, 0.0553852, 0.64767, 0.0134825, 0.761802)

[5]
    Time: 0.133333
    HumanoidRootPart.CFrame = CFrame.new(0, 0, 0, 1, 0, 0, 0, 1, 0, 0, 0, 1)
    Torso.CFrame = CFrame.new(0.0166866, -0.0509847, -0.03019, 0.998325, -0.0565819, -0.0120403, 0.0550458, 0.993152, -0.103052, 0.0177887, 0.102216, 0.994603)
    Head.CFrame = CFrame.new(8.47504e-08, -1.58907e-08, -5.96046e-08, 0.970412, -0.197437, 0.138996, 0.23221, 0.920888, -0.31312, -0.0661781, 0.336132, 0.939487)
    Left Arm.CFrame = CFrame.new(0.0493008, -0.337382, 0.326363, 0.157314, 0.363022, -0.918405, -0.899028, 0.437481, 0.0189305, 0.408657, 0.822694, 0.395189)
    Right Arm.CFrame = CFrame.new(-0.139353, -0.38603, 0.261997, 0.168572, -0.392285, 0.904265, 0.926076, 0.37723, -0.00898891, -0.33759, 0.838934, 0.426876)
    Left Leg.CFrame = CFrame.new(-0.275892, 0.14744, 0.0712377, 0.984065, -0.103114, 0.14486, 0.0785376, 0.982965, 0.16617, -0.159527, -0.152145, 0.975399)
    Right Leg.CFrame = CFrame.new(0.437358, 0.306726, 0.0815992, 0.868451, 0.160027, -0.469237, -0.0566649, 0.972311, 0.226718, 0.492525, -0.170305, 0.853472)

[6]
    Time: 0.166667
    HumanoidRootPart.CFrame = CFrame.new(0, 0, 0, 1, 0, 0, 0, 1, 0, 0, 0, 1)
    Torso.CFrame = CFrame.new(0.0701668, -0.0304907, 0.0244555, 0.998565, -0.0496277, 0.0201141, 0.0514467, 0.993326, -0.10323, -0.0148568, 0.104116, 0.994454)
    Head.CFrame = CFrame.new(9.40636e-08, -5.16884e-08, -1.78814e-07, 0.989895, -0.114373, 0.083822, 0.135468, 0.93745, -0.320681, -0.0419018, 0.328796, 0.943471)
    Left Arm.CFrame = CFrame.new(0.049859, -0.353236, 0.32506, 0.157123, 0.361795, -0.918922, -0.903816, 0.427698, 0.0138514, 0.398032, 0.828359, 0.394197)
    Right Arm.CFrame = CFrame.new(-0.141039, -0.370502, 0.262432, 0.169355, -0.393227, 0.90371, 0.921893, 0.387422, -0.00418568, -0.348471, 0.833833, 0.428126)
    Left Leg.CFrame = CFrame.new(-0.524372, 0.13964, -0.0580395, 0.919421, -0.0372476, -0.391506, 0.152717, 0.951197, 0.268147, 0.362412, -0.30633, 0.880239)
    Right Leg.CFrame = CFrame.new(0.913547, 0.270891, -0.0637857, 0.936631, 0.257974, 0.237005, -0.335881, 0.853529, 0.398338, -0.0995303, -0.452701, 0.88609)

[7]
    Time: 0.200000
    HumanoidRootPart.CFrame = CFrame.new(0, 0, 0, 1, 0, 0, 0, 1, 0, 0, 0, 1)
    Torso.CFrame = CFrame.new(0.132336, -0.0184122, 0.0353293, 0.997051, -0.0460849, 0.0613676, 0.052178, 0.993445, -0.101703, -0.0562783, 0.104605, 0.99292)
    Head.CFrame = CFrame.new(9.59262e-08, 3.63216e-08, 3.57628e-07, 0.999822, 0.00809396, -0.0170546, -0.0131362, 0.94712, -0.32061, 0.0135578, 0.320777, 0.947058)
    Left Arm.CFrame = CFrame.new(0.0514751, -0.376988, 0.323459, 0.156823, 0.359979, -0.919686, -0.910695, 0.413031, 0.00637626, 0.382154, 0.836553, 0.392604)
    Right Arm.CFrame = CFrame.new(-0.143547, -0.347439, 0.262913, 0.170502, -0.394631, 0.902882, 0.91545, 0.402421, 0.00301498, -0.364528, 0.826029, 0.429879)
    Left Leg.CFrame = CFrame.new(-0.670216, 0.111029, -0.268535, 0.664244, 0.0105304, -0.747442, 0.302654, 0.910491, 0.281793, 0.683506, -0.413395, 0.601601)
    Right Leg.CFrame = CFrame.new(0.748711, 0.135871, -0.167676, 0.74314, 0.0423782, 0.667793, -0.467304, 0.74717, 0.472614, -0.478927, -0.66328, 0.575055)

[8]
    Time: 0.233333
    HumanoidRootPart.CFrame = CFrame.new(0, 0, 0, 1, 0, 0, 0, 1, 0, 0, 0, 1)
    Torso.CFrame = CFrame.new(0.187637, -0.0114305, 0.0172658, 0.995083, -0.0356755, 0.0923922, 0.0451585, 0.99369, -0.102673, -0.0881463, 0.10634, 0.990415)
    Head.CFrame = CFrame.new(9.26666e-08, 4.19095e-08, 2.38419e-07, 0.982796, 0.139889, -0.120596, -0.17068, 0.937384, -0.303609, 0.0705733, 0.318969, 0.945134)
    Left Arm.CFrame = CFrame.new(0.0541318, -0.402231, 0.321864, 0.156521, 0.358054, -0.920488, -0.917673, 0.397334, -0.00148699, 0.365208, 0.84494, 0.390768)
    Right Arm.CFrame = CFrame.new(-0.146207, -0.323001, 0.263364, 0.171726, -0.396105, 0.902004, 0.908319, 0.418141, 0.0106935, -0.3814, 0.817471, 0.431596)
    Left Leg.CFrame = CFrame.new(-0.69723, 0.118532, -0.337659, 0.622212, 0.00488352, -0.782833, 0.356287, 0.888648, 0.288728, 0.697074, -0.458563, 0.551188)
    Right Leg.CFrame = CFrame.new(0.488227, 0.257052, -0.0460557, 0.872495, -0.0345665, 0.487399, -0.306488, 0.738154, 0.600995, -0.38055, -0.673747, 0.633441)

[9]
    Time: 0.266667
    HumanoidRootPart.CFrame = CFrame.new(0, 0, 0, 1, 0, 0, 0, 1, 0, 0, 0, 1)
    Torso.CFrame = CFrame.new(0.259064, -0.00865552, -0.0503826, 0.993186, -0.0217769, 0.114489, 0.033964, 0.993829, -0.1056, -0.111483, 0.108769, 0.987796)
    Head.CFrame = CFrame.new(7.68341e-08, 3.72529e-09, 2.38419e-07, 0.950744, 0.249306, -0.184208, -0.293891, 0.913927, -0.279938, 0.0985621, 0.320286, 0.94218)
    Left Arm.CFrame = CFrame.new(0.05741, -0.420248, 0.320627, 0.156321, 0.356679, -0.921056, -0.922451, 0.38605, -0.0070601, 0.353056, 0.850732, 0.389367)
    Right Arm.CFrame = CFrame.new(-0.148105, -0.305576, 0.263672, 0.17261, -0.397144, 0.901378, 0.903046, 0.429238, 0.0161914, -0.393337, 0.811191, 0.43273)
    Left Leg.CFrame = CFrame.new(-0.741025, 0.159059, -0.401584, 0.586737, -0.01613, -0.809617, 0.397027, 0.877116, 0.270254, 0.705769, -0.480008, 0.52104)
    Right Leg.CFrame = CFrame.new(0.342337, 0.359611, 0.0631953, 0.973267, -0.030146, 0.22769, -0.136631, 0.720867, 0.679473, -0.184618, -0.692418, 0.697477)

[10]
    Time: 0.300000
    HumanoidRootPart.CFrame = CFrame.new(0, 0, 0, 1, 0, 0, 0, 1, 0, 0, 0, 1)
    Torso.CFrame = CFrame.new(0.31013, -0.00840076, -0.114638, 0.992306, -0.0140802, 0.123008, 0.0274351, 0.99382, -0.10756, -0.120733, 0.110107, 0.98656)
    Head.CFrame = CFrame.new(7.77654e-08, 3.25963e-09, -1.19209e-07, 0.923632, 0.321175, -0.209168, -0.369451, 0.891315, -0.262798, 0.102031, 0.320006, 0.941906)
    Left Arm.CFrame = CFrame.new(0.0607949, -0.426366, 0.319901, 0.156257, 0.356212, -0.921247, -0.924034, 0.382205, -0.00894484, 0.348919, 0.852662, 0.388875)
    Right Arm.CFrame = CFrame.new(-0.148749, -0.299663, 0.263775, 0.172912, -0.397494, 0.901166, 0.901221, 0.432983, 0.0180612, -0.397369, 0.809027, 0.433098)
    Left Leg.CFrame = CFrame.new(-0.770101, 0.207523, -0.440804, 0.570364, -0.0330636, -0.820727, 0.4125, 0.875583, 0.251393, 0.710302, -0.481935, 0.513039)
    Right Leg.CFrame = CFrame.new(0.259115, 0.3509, 0.0573262, 0.993273, 0.00463812, 0.115703, -0.08445, 0.712661, 0.696406, -0.0792274, -0.701493, 0.708259)

[11]
    Time: 0.333333
    HumanoidRootPart.CFrame = CFrame.new(0, 0, 0, 1, 0, 0, 0, 1, 0, 0, 0, 1)
    Torso.CFrame = CFrame.new(0.334617, -0.00909629, -0.146463, 0.991223, -0.00590047, 0.132066, 0.0204163, 0.993851, -0.108831, -0.130612, 0.110573, 0.985248)
    Head.CFrame = CFrame.new(1.03144e-07, -5.02914e-08, -1.19209e-07, 0.904012, 0.364246, -0.223802, -0.414556, 0.874787, -0.250783, 0.104433, 0.319489, 0.941818)
    Left Arm.CFrame = CFrame.new(0.0648236, -0.426263, 0.319477, 0.156249, 0.356239, -0.921238, -0.923975, 0.38235, -0.00886059, 0.349079, 0.852586, 0.388898)
    Right Arm.CFrame = CFrame.new(-0.148719, -0.299891, 0.263796, 0.172888, -0.397482, 0.901176, 0.901294, 0.432833, 0.0179998, -0.397214, 0.809113, 0.43308)
    Left Leg.CFrame = CFrame.new(-0.797016, 0.232758, -0.45557, 0.602918, -0.0581182, -0.795683, 0.427145, 0.865869, 0.260418, 0.673823, -0.496883, 0.546873)
    Right Leg.CFrame = CFrame.new(0.380871, 0.290282, 0.0222735, 0.994767, 0.0776636, -0.0663847, -0.0187237, 0.777325, 0.628821, 0.100439, -0.624288, 0.774711)

[12]
    Time: 0.366667
    HumanoidRootPart.CFrame = CFrame.new(0, 0, 0, 1, 0, 0, 0, 1, 0, 0, 0, 1)
    Torso.CFrame = CFrame.new(0.34287, -0.0102002, -0.118283, 0.99013, 0.00139655, 0.140147, 0.0141182, 0.99387, -0.109648, -0.139441, 0.110544, 0.984041)
    Head.CFrame = CFrame.new(8.64966e-08, -4.81377e-08, 3.57628e-07, 0.892721, 0.386762, -0.231223, -0.437941, 0.865507, -0.243115, 0.106098, 0.318296, 0.942036)
    Left Arm.CFrame = CFrame.new(0.0700573, -0.425576, 0.319168, 0.156245, 0.356335, -0.921202, -0.923699, 0.383024, -0.00850857, 0.349811, 0.852243, 0.388992)
    Right Arm.CFrame = CFrame.new(-0.148595, -0.300937, 0.263851, 0.172813, -0.397423, 0.901216, 0.901622, 0.432163, 0.0176864, -0.396501, 0.8095, 0.433009)
    Left Leg.CFrame = CFrame.new(-0.796099, 0.233268, -0.382747, 0.674947, -0.0754183, -0.734002, 0.40457, 0.869729, 0.282656, 0.617065, -0.487733, 0.617533)
    Right Leg.CFrame = CFrame.new(0.435779, 0.239579, -0.00546265, 0.922314, 0.129941, -0.363939, 0.0371241, 0.907624, 0.418139, 0.384653, -0.399166, 0.832291)

[13]
    Time: 0.400000
    HumanoidRootPart.CFrame = CFrame.new(0, 0, 0, 1, 0, 0, 0, 1, 0, 0, 0, 1)
    Torso.CFrame = CFrame.new(0.343984, -0.0107124, -0.0808699, 0.98882, 0.00473917, 0.149042, 0.0117972, 0.993876, -0.109872, -0.14865, 0.110402, 0.982708)
    Head.CFrame = CFrame.new(8.54488e-08, -2.93367e-08, 1.19209e-07, 0.888065, 0.395805, -0.233836, -0.447014, 0.862223, -0.238223, 0.107329, 0.316085, 0.94264)
    Left Arm.CFrame = CFrame.new(0.0756046, -0.423634, 0.318967, 0.156283, 0.356519, -0.921124, -0.923048, 0.384606, -0.00774839, 0.351508, 0.851453, 0.389192)
    Right Arm.CFrame = CFrame.new(-0.148336, -0.303358, 0.263907, 0.172703, -0.397276, 0.901302, 0.902369, 0.430633, 0.0169072, -0.394847, 0.810387, 0.432861)
    Left Leg.CFrame = CFrame.new(-0.754853, 0.271234, -0.197386, 0.849996, -0.109253, -0.515336, 0.309885, 0.894794, 0.321426, 0.426003, -0.432905, 0.794427)
    Right Leg.CFrame = CFrame.new(0.23525, 0.15239, 0.00217748, 0.718182, 0.0835841, -0.690817, 0.0486462, 0.9843, 0.169667, 0.694153, -0.155457, 0.702841)

[14]
    Time: 0.433333
    HumanoidRootPart.CFrame = CFrame.new(0, 0, 0, 1, 0, 0, 0, 1, 0, 0, 0, 1)
    Torso.CFrame = CFrame.new(0.305908, -0.0120099, -0.0312815, 0.989386, 0.0083396, 0.145072, 0.00717978, 0.994327, -0.106126, -0.145134, 0.106041, 0.983713)
    Head.CFrame = CFrame.new(-5.23869e-10, -3.25963e-09, -2.98023e-07, 0.887182, 0.397862, -0.233695, -0.448504, 0.862558, -0.234177, 0.108406, 0.312571, 0.943688)
    Left Arm.CFrame = CFrame.new(0.0802103, -0.420056, 0.318826, 0.156399, 0.356779, -0.921004, -0.92196, 0.38723, -0.006556, 0.354301, 0.850154, 0.389498)
    Right Arm.CFrame = CFrame.new(-0.147937, -0.307342, 0.263922, 0.172588, -0.397022, 0.901436, 0.903579, 0.428138, 0.0155677, -0.392119, 0.811832, 0.432633)
    Left Leg.CFrame = CFrame.new(-0.526642, 0.271574, 0.00716305, 0.992982, -0.108447, -0.0471805, 0.117245, 0.954969, 0.272558, 0.0154979, -0.276177, 0.960982)
    Right Leg.CFrame = CFrame.new(0.19771, 0.0242503, -0.0239788, 0.698531, 0.0145313, -0.715432, -0.0293171, 0.999536, -0.00832315, 0.714979, 0.0267887, 0.698633)

[15]
    Time: 0.466667
    HumanoidRootPart.CFrame = CFrame.new(0, 0, 0, 1, 0, 0, 0, 1, 0, 0, 0, 1)
    Torso.CFrame = CFrame.new(0.255117, -0.016727, -0.000380754, 0.990874, 0.0116831, 0.134283, 0.00196772, 0.994877, -0.101077, -0.134776, 0.100419, 0.985775)
    Head.CFrame = CFrame.new(4.11383e-08, 8.84756e-09, -1.78814e-07, 0.889017, 0.39744, -0.227355, -0.445738, 0.864789, -0.231208, 0.104723, 0.306889, 0.945966)
    Left Arm.CFrame = CFrame.new(0.0831709, -0.415032, 0.318688, 0.156597, 0.357082, -0.920853, -0.92051, 0.390686, -0.005041, 0.357964, 0.848444, 0.389878)
    Right Arm.CFrame = CFrame.new(-0.147438, -0.312568, 0.263877, 0.172496, -0.39668, 0.901604, 0.905146, 0.424878, 0.0137608, -0.388531, 0.81371, 0.432343)
    Left Leg.CFrame = CFrame.new(-0.155685, 0.174837, -0.00589651, 0.889735, -0.0327883, 0.455299, -0.0324374, 0.990354, 0.134709, -0.455324, -0.134624, 0.880089)
    Right Leg.CFrame = CFrame.new(0.109395, -0.111445, -0.0686805, 0.70345, -0.091179, -0.704872, -0.0230281, 0.988293, -0.150822, 0.710372, 0.122328, 0.693115)

[16]
    Time: 0.500000
    HumanoidRootPart.CFrame = CFrame.new(0, 0, 0, 1, 0, 0, 0, 1, 0, 0, 0, 1)
    Torso.CFrame = CFrame.new(0.204045, -0.0236887, -0.0195925, 0.992101, 0.0132889, 0.124738, -0.000975611, 0.99516, -0.0982594, -0.12544, 0.0973615, 0.987312)
    Head.CFrame = CFrame.new(1.07342e-07, -3.0268e-08, -4.76837e-07, 0.894158, 0.394105, -0.212514, -0.437832, 0.868942, -0.230746, 0.0937239, 0.299369, 0.949523)
    Left Arm.CFrame = CFrame.new(0.0850815, -0.409062, 0.318497, 0.156887, 0.3574, -0.92068, -0.918812, 0.394682, -0.00335663, 0.362176, 0.846458, 0.390304)
    Right Arm.CFrame = CFrame.new(-0.146871, -0.318585, 0.263821, 0.172455, -0.39626, 0.901797, 0.90692, 0.421142, 0.01162, -0.384389, 0.815854, 0.432004)
    Left Leg.CFrame = CFrame.new(0.104028, 0.129636, -0.0879071, 0.61279, 0.0192911, 0.79001, -0.0771084, 0.996391, 0.0354804, -0.786475, -0.0826584, 0.612066)
    Right Leg.CFrame = CFrame.new(0.0908654, -0.149601, -0.0885007, 0.707824, -0.128759, -0.694555, -0.0393056, 0.974545, -0.22072, 0.705294, 0.183531, 0.684745)

[17]
    Time: 0.533333
    HumanoidRootPart.CFrame = CFrame.new(0, 0, 0, 1, 0, 0, 0, 1, 0, 0, 0, 1)
    Torso.CFrame = CFrame.new(0.143225, -0.0313145, -0.070715, 0.994015, 0.0183575, 0.107689, -0.007942, 0.995315, -0.0963606, -0.108954, 0.0949286, 0.989504)
    Head.CFrame = CFrame.new(1.06171e-07, 9.31323e-10, -3.57628e-07, 0.901773, 0.386797, -0.192858, -0.424969, 0.87484, -0.232502, 0.0787889, 0.291622, 0.953283)
    Left Arm.CFrame = CFrame.new(0.0865285, -0.402102, 0.318251, 0.157287, 0.357739, -0.92048, -0.916824, 0.399289, -0.00148126, 0.367008, 0.844151, 0.390786)
    Right Arm.CFrame = CFrame.new(-0.146219, -0.325496, 0.263786, 0.172472, -0.395746, 0.902019, 0.908924, 0.416862, 0.00909891, -0.379618, 0.818298, 0.4316)
    Left Leg.CFrame = CFrame.new(0.117612, 0.168407, -0.0516681, 0.542991, 0.00241899, 0.839735, -0.035746, 0.999156, 0.020236, -0.838977, -0.0410053, 0.54262)
    Right Leg.CFrame = CFrame.new(0.14223, -0.0975139, -0.0310259, 0.720658, -0.0960852, -0.686601, -0.0830027, 0.971269, -0.223042, 0.688305, 0.217727, 0.691977)

[18]
    Time: 0.566667
    HumanoidRootPart.CFrame = CFrame.new(0, 0, 0, 1, 0, 0, 0, 1, 0, 0, 0, 1)
    Torso.CFrame = CFrame.new(0.0778576, -0.0379933, -0.102021, 0.996323, 0.0243343, 0.0821523, -0.0164847, 0.995349, -0.0949098, -0.0840798, 0.0932066, 0.99209)
    Head.CFrame = CFrame.new(4.35393e-08, 4.79631e-08, 2.38419e-07, 0.911079, 0.374565, -0.172153, -0.407327, 0.882212, -0.236194, 0.0634055, 0.285314, 0.956335)
    Left Arm.CFrame = CFrame.new(0.0874328, -0.393801, 0.318031, 0.157766, 0.358127, -0.920247, -0.914444, 0.404712, 0.000728274, 0.372696, 0.841399, 0.391337)
    Right Arm.CFrame = CFrame.new(-0.145456, -0.333651, 0.263725, 0.172504, -0.39514, 0.902278, 0.911255, 0.411797, 0.00611982, -0.373974, 0.82115, 0.43111)
    Left Leg.CFrame = CFrame.new(0.12985, 0.183117, -0.0402834, 0.511737, -0.00563065, 0.859124, -0.0135338, 0.999802, 0.0146143, -0.859036, -0.0191061, 0.511559)
    Right Leg.CFrame = CFrame.new(0.176021, -0.0567945, 0.00699067, 0.731921, -0.074946, -0.677255, -0.103363, 0.970218, -0.219072, 0.673504, 0.230347, 0.702377)

[19]
    Time: 0.600000
    HumanoidRootPart.CFrame = CFrame.new(0, 0, 0, 1, 0, 0, 0, 1, 0, 0, 0, 1)
    Torso.CFrame = CFrame.new(0.0317888, -0.0408359, -0.098141, 0.997657, 0.0274885, 0.0626522, -0.0215128, 0.995327, -0.094132, -0.064947, 0.0925636, 0.993586)
    Head.CFrame = CFrame.new(1.10362e-07, 4.19095e-09, 0, 0.922068, 0.355721, -0.152492, -0.383742, 0.891522, -0.24069, 0.0503317, 0.28045, 0.958548)
    Left Arm.CFrame = CFrame.new(0.0878407, -0.384046, 0.31795, 0.15826, 0.358593, -0.919981, -0.911629, 0.411001, 0.00337792, 0.379324, 0.838146, 0.391949)
    Right Arm.CFrame = CFrame.new(-0.144581, -0.343179, 0.263578, 0.172489, -0.394473, 0.902573, 0.913945, 0.405829, 0.0027065, -0.367359, 0.824436, 0.430528)
    Left Leg.CFrame = CFrame.new(0.161177, 0.164157, -0.064864, 0.481109, 0.00207366, 0.876658, -0.0177777, 0.999815, 0.00739139, -0.87648, -0.019141, 0.481057)
    Right Leg.CFrame = CFrame.new(0.214042, -0.0358768, 0.017158, 0.7679, -0.0555867, -0.638154, -0.0946157, 0.975458, -0.19882, 0.633544, 0.213053, 0.743795)

[20]
    Time: 0.633333
    HumanoidRootPart.CFrame = CFrame.new(0, 0, 0, 1, 0, 0, 0, 1, 0, 0, 0, 1)
    Torso.CFrame = CFrame.new(0.000781111, -0.0465415, -0.0569134, 0.998655, 0.0368584, 0.0364537, -0.0333282, 0.995098, -0.0931138, -0.039707, 0.0917737, 0.994988)
    Head.CFrame = CFrame.new(8.00937e-08, 6.98492e-09, 2.38419e-07, 0.936988, 0.324317, -0.12989, -0.347321, 0.904864, -0.246149, 0.0377021, 0.275753, 0.960489)
    Left Arm.CFrame = CFrame.new(0.0879231, -0.373092, 0.318087, 0.158702, 0.359145, -0.919689, -0.908433, 0.41798, 0.00646455, 0.386734, 0.83445, 0.392594)
    Right Arm.CFrame = CFrame.new(-0.14362, -0.353863, 0.263311, 0.172376, -0.393787, 0.902894, 0.916923, 0.399063, -0.0010071, -0.359915, 0.828058, 0.429862)
    Left Leg.CFrame = CFrame.new(0.171562, 0.139555, -0.0863671, 0.489949, 0.000604249, 0.871751, -0.0114587, 0.999918, 0.00574687, -0.871676, -0.0128046, 0.489916)
    Right Leg.CFrame = CFrame.new(0.258416, -0.0325224, 0.0150388, 0.821428, -0.0424052, -0.568734, -0.059416, 0.985442, -0.15929, 0.567209, 0.164637, 0.80695)

[21]
    Time: 0.666667
    HumanoidRootPart.CFrame = CFrame.new(0, 0, 0, 1, 0, 0, 0, 1, 0, 0, 0, 1)
    Torso.CFrame = CFrame.new(-0.0529412, -0.0517633, 0.0188634, 0.999568, 0.0286319, 0.00664664, -0.0279031, 0.9954, -0.0916484, -0.00924014, 0.0914233, 0.995769)
    Head.CFrame = CFrame.new(8.2422e-08, 1.87429e-08, 0, 0.957092, 0.272459, -0.0986964, -0.288947, 0.923147, -0.253593, 0.0220175, 0.27123, 0.962263)
    Left Arm.CFrame = CFrame.new(0.0878679, -0.361363, 0.318453, 0.159057, 0.359772, -0.919383, -0.904961, 0.425379, 0.00989686, 0.394646, 0.830432, 0.393239)
    Right Arm.CFrame = CFrame.new(-0.142609, -0.365312, 0.262925, 0.172149, -0.393118, 0.903229, 0.920068, 0.391728, -0.00486351, -0.351908, 0.83187, 0.429131)
    Left Leg.CFrame = CFrame.new(-0.150398, 0.271818, 0.0665619, 0.821819, -0.130364, 0.554633, 0.0527141, 0.986693, 0.15381, -0.567304, -0.0971667, 0.817756)
    Right Leg.CFrame = CFrame.new(0.369513, 0.00855809, 0.0553882, 0.922402, -0.000983051, -0.386229, -0.0173961, 0.998876, -0.0440882, 0.385838, 0.0473859, 0.921349)

[22]
    Time: 0.700000
    HumanoidRootPart.CFrame = CFrame.new(0, 0, 0, 1, 0, 0, 0, 1, 0, 0, 0, 1)
    Torso.CFrame = CFrame.new(-0.115466, -0.0534348, 0.0463474, 0.999342, 0.0261433, -0.0251594, -0.0283056, 0.995555, -0.0898241, 0.0226993, 0.0904771, 0.99564)
    Head.CFrame = CFrame.new(8.84756e-08, 7.4273e-08, 1.19209e-07, 0.980197, 0.190918, -0.0525795, -0.198025, 0.944421, -0.262404, -0.000440326, 0.267619, 0.963525)
    Left Arm.CFrame = CFrame.new(0.0873904, -0.346094, 0.319134, 0.159369, 0.360629, -0.918993, -0.900366, 0.434891, 0.0145198, 0.404898, 0.825116, 0.394007)
    Right Arm.CFrame = CFrame.new(-0.141319, -0.380206, 0.262165, 0.171721, -0.392329, 0.903654, 0.924082, 0.382071, -0.00972381, -0.341445, 0.836719, 0.428154)
    Left Leg.CFrame = CFrame.new(-0.527326, 0.277561, -0.0512525, 0.967456, -0.194428, -0.161944, 0.23783, 0.917223, 0.319593, 0.0864007, -0.347707, 0.933614)
    Right Leg.CFrame = CFrame.new(0.713864, 0.108906, -0.0597615, 0.963712, 0.0278193, 0.26549, -0.085546, 0.974288, 0.208435, -0.252866, -0.223583, 0.941313)

[23]
    Time: 0.733333
    HumanoidRootPart.CFrame = CFrame.new(0, 0, 0, 1, 0, 0, 0, 1, 0, 0, 0, 1)
    Torso.CFrame = CFrame.new(-0.19512, -0.0637092, 0.0383494, 0.997624, 0.0159334, -0.0670334, -0.0217858, 0.995926, -0.0875028, 0.0653661, 0.0887552, 0.993906)
    Head.CFrame = CFrame.new(7.45058e-08, -1.81608e-08, -3.57628e-07, 0.997109, 0.0751426, 0.0112686, -0.0690884, 0.958337, -0.277159, -0.0316255, 0.275579, 0.960758)
    Left Arm.CFrame = CFrame.new(0.0861892, -0.325696, 0.320242, 0.159679, 0.361803, -0.918478, -0.894076, 0.447432, 0.020814, 0.418486, 0.817865, 0.394925)
    Right Arm.CFrame = CFrame.new(-0.139623, -0.400056, 0.260862, 0.171057, -0.391335, 0.90421, 0.929266, 0.369061, -0.0160707, -0.327419, 0.843001, 0.426785)
    Left Leg.CFrame = CFrame.new(-0.579045, 0.229434, -0.064297, 0.861665, -0.201506, -0.465757, 0.388246, 0.852786, 0.349315, 0.326801, -0.481821, 0.81305)
    Right Leg.CFrame = CFrame.new(0.77497, 0.112853, -0.184897, 0.848933, 0.0208369, 0.52809, -0.190645, 0.94402, 0.269224, -0.492917, -0.329231, 0.805382)

[24]
    Time: 0.766667
    HumanoidRootPart.CFrame = CFrame.new(0, 0, 0, 1, 0, 0, 0, 1, 0, 0, 0, 1)
    Torso.CFrame = CFrame.new(-0.262027, -0.0766612, -0.0021131, 0.994165, -0.00440539, -0.107779, -0.00484547, 0.996333, -0.0854195, 0.10776, 0.0854433, 0.990498)
    Head.CFrame = CFrame.new(5.82659e-08, -3.43425e-08, -1.78814e-07, 0.995377, -0.0515892, 0.0810187, 0.0733229, 0.952987, -0.294007, -0.0620421, 0.298588, 0.952363)
    Left Arm.CFrame = CFrame.new(0.0846834, -0.305171, 0.321641, 0.159943, 0.362996, -0.917961, -0.887556, 0.459895, 0.0272144, 0.432044, 0.810389, 0.395737)
    Right Arm.CFrame = CFrame.new(-0.137933, -0.419994, 0.259413, 0.170348, -0.390361, 0.904765, 0.93427, 0.355864, -0.0223657, -0.313243, 0.849105, 0.425323)
    Left Leg.CFrame = CFrame.new(-0.246611, 0.273021, 0.0542073, 0.900557, -0.0861771, -0.426111, 0.311544, 0.811547, 0.4943, 0.303211, -0.577897, 0.757692)
    Right Leg.CFrame = CFrame.new(0.773595, 0.123982, -0.263884, 0.74684, 0.0199469, 0.664705, -0.274176, 0.919878, 0.280451, -0.605853, -0.391698, 0.69247)

[25]
    Time: 0.800000
    HumanoidRootPart.CFrame = CFrame.new(0, 0, 0, 1, 0, 0, 0, 1, 0, 0, 0, 1)
    Torso.CFrame = CFrame.new(-0.314563, -0.083436, -0.104181, 0.990668, -0.0178059, -0.135132, 0.00642196, 0.996427, -0.0842163, 0.136148, 0.0825625, 0.987242)
    Head.CFrame = CFrame.new(1.90921e-08, -6.51926e-08, -2.38419e-07, 0.977622, -0.158102, 0.138777, 0.194003, 0.932671, -0.304119, -0.0813512, 0.324236, 0.942472)
    Left Arm.CFrame = CFrame.new(0.083522, -0.290947, 0.323029, 0.160111, 0.363827, -0.917602, -0.882925, 0.468444, 0.0316765, 0.44137, 0.805102, 0.396235)
    Right Arm.CFrame = CFrame.new(-0.136768, -0.433791, 0.258359, 0.169843, -0.389693, 0.905148, 0.93761, 0.346664, -0.0266852, -0.303383, 0.853208, 0.424259)
    Left Leg.CFrame = CFrame.new(-0.0317591, 0.340618, -0.0211645, 0.993935, -0.0783276, -0.0771824, 0.109907, 0.730449, 0.674066, 0.00357971, -0.678461, 0.734628)
    Right Leg.CFrame = CFrame.new(0.821817, 0.185704, -0.368051, 0.709409, 0.055526, 0.702606, -0.349643, 0.893299, 0.282432, -0.611955, -0.446021, 0.653129)

[26]
    Time: 0.833333
    HumanoidRootPart.CFrame = CFrame.new(0, 0, 0, 1, 0, 0, 0, 1, 0, 0, 0, 1)
    Torso.CFrame = CFrame.new(-0.326401, -0.085015, -0.158104, 0.988617, -0.0297643, -0.147481, 0.0175071, 0.996336, -0.0837214, 0.149433, 0.0801864, 0.985515)
    Head.CFrame = CFrame.new(7.49715e-08, 1.86265e-08, -2.98023e-07, 0.961616, -0.218788, 0.165609, 0.261063, 0.91533, -0.306621, -0.084502, 0.338086, 0.937314)
    Left Arm.CFrame = CFrame.new(0.0831117, -0.286198, 0.324166, 0.160165, 0.364105, -0.917483, -0.881358, 0.471283, 0.0331717, 0.444472, 0.803318, 0.39639)
    Right Arm.CFrame = CFrame.new(-0.136381, -0.438396, 0.257997, 0.169672, -0.389471, 0.905275, 0.938702, 0.343582, -0.0281198, -0.300084, 0.854555, 0.423894)
    Left Leg.CFrame = CFrame.new(0.0417625, 0.304883, -0.0220293, 0.993032, -0.0725232, 0.0928898, -0.00930618, 0.737498, 0.675285, -0.11748, -0.671444, 0.731684)
    Right Leg.CFrame = CFrame.new(0.849933, 0.223546, -0.399891, 0.714056, 0.0824957, 0.695211, -0.382766, 0.877473, 0.289019, -0.586185, -0.472479, 0.658142)

[27]
    Time: 0.866667
    HumanoidRootPart.CFrame = CFrame.new(0, 0, 0, 1, 0, 0, 0, 1, 0, 0, 0, 1)
    Torso.CFrame = CFrame.new(-0.320709, -0.0835871, -0.162113, 0.986208, -0.0446421, -0.159379, 0.0316194, 0.99602, -0.0833305, 0.162465, 0.0771417, 0.983694)
    Head.CFrame = CFrame.new(1.19675e-07, -1.67638e-08, -4.76837e-07, 0.954991, -0.243808, 0.16897, 0.285976, 0.908043, -0.306066, -0.0788101, 0.340611, 0.936895)
    Left Arm.CFrame = CFrame.new(0.0833322, -0.28921, 0.325371, 0.159903, 0.364153, -0.91751, -0.882432, 0.469317, 0.0324788, 0.442431, 0.804446, 0.396385)
    Right Arm.CFrame = CFrame.new(-0.136467, -0.435401, 0.258247, 0.169462, -0.389634, 0.905245, 0.938042, 0.345475, -0.0269034, -0.302257, 0.853717, 0.424038)
    Left Leg.CFrame = CFrame.new(0.0664169, 0.215491, -0.064479, 0.985029, -0.0609972, 0.161238, -0.0485937, 0.799134, 0.599185, -0.165399, -0.59805, 0.784206)
    Right Leg.CFrame = CFrame.new(0.851509, 0.228574, -0.383926, 0.722297, 0.095711, 0.684928, -0.39737, 0.868009, 0.297755, -0.566025, -0.487238, 0.664992)

[28]
    Time: 0.900000
    HumanoidRootPart.CFrame = CFrame.new(0, 0, 0, 1, 0, 0, 0, 1, 0, 0, 0, 1)
    Torso.CFrame = CFrame.new(-0.291784, -0.0826559, -0.109762, 0.986168, -0.0506385, -0.157824, 0.0378124, 0.995812, -0.0832387, 0.161378, 0.0761197, 0.983953)
    Head.CFrame = CFrame.new(4.65661e-08, -4.09782e-08, 1.19209e-07, 0.950853, -0.259206, 0.169386, 0.300746, 0.903292, -0.305967, -0.0736962, 0.341872, 0.936853)
    Left Arm.CFrame = CFrame.new(0.0839539, -0.297696, 0.326928, 0.159166, 0.364283, -0.917586, -0.885432, 0.463766, 0.0305271, 0.436666, 0.807601, 0.396364)
    Right Arm.CFrame = CFrame.new(-0.136711, -0.426965, 0.258955, 0.168873, -0.390093, 0.905157, 0.936157, 0.350796, -0.0234752, -0.308368, 0.851334, 0.424429)
    Left Leg.CFrame = CFrame.new(0.176028, 0.0771155, -0.184034, 0.924686, -0.0565016, 0.376514, -0.122501, 0.892187, 0.434737, -0.360485, -0.448118, 0.818072)
    Right Leg.CFrame = CFrame.new(0.824141, 0.232727, -0.230708, 0.833729, 0.117692, 0.539486, -0.311545, 0.906919, 0.283615, -0.45589, -0.404532, 0.792791)

[29]
    Time: 0.933333
    HumanoidRootPart.CFrame = CFrame.new(0, 0, 0, 1, 0, 0, 0, 1, 0, 0, 0, 1)
    Torso.CFrame = CFrame.new(-0.258197, -0.0818163, -0.035219, 0.989294, -0.0547847, -0.135261, 0.0438189, 0.995606, -0.0827593, 0.139201, 0.0759463, 0.987348)
    Head.CFrame = CFrame.new(5.68107e-08, -3.72529e-09, -2.38419e-07, 0.948813, -0.267371, 0.168126, 0.308079, 0.900746, -0.306175, -0.0695762, 0.342299, 0.937011)
    Left Arm.CFrame = CFrame.new(0.0847531, -0.308588, 0.32847, 0.158219, 0.364443, -0.917686, -0.889227, 0.456608, 0.0280217, 0.429235, 0.811597, 0.396317)
    Right Arm.CFrame = CFrame.new(-0.137023, -0.416131, 0.25987, 0.168121, -0.390688, 0.905041, 0.933678, 0.357605, -0.0190699, -0.316197, 0.848222, 0.424898)
    Left Leg.CFrame = CFrame.new(0.107938, 0.0752963, -0.144781, 0.822968, -0.128509, 0.553361, -0.0527689, 0.952573, 0.299699, -0.565631, -0.275843, 0.777157)
    Right Leg.CFrame = CFrame.new(0.627733, 0.200214, 0.0499032, 0.983866, 0.116667, 0.135632, -0.143161, 0.968071, 0.205777, -0.107294, -0.221875, 0.969154)

[30]
    Time: 0.966667
    HumanoidRootPart.CFrame = CFrame.new(0, 0, 0, 1, 0, 0, 0, 1, 0, 0, 0, 1)
    Torso.CFrame = CFrame.new(-0.210723, -0.0824274, -0.00278163, 0.991714, -0.0626251, -0.112164, 0.0534379, 0.995105, -0.0831238, 0.116821, 0.0764413, 0.990207)
    Head.CFrame = CFrame.new(8.9407e-08, 2.23517e-08, 2.38419e-07, 0.948191, -0.27061, 0.166448, 0.310594, 0.899782, -0.306471, -0.0668325, 0.342291, 0.937214)
    Left Arm.CFrame = CFrame.new(0.0853761, -0.317069, 0.329532, 0.157481, 0.364563, -0.917766, -0.892138, 0.45101, 0.0260707, 0.423426, 0.814668, 0.396266)
    Right Arm.CFrame = CFrame.new(-0.137266, -0.407691, 0.260588, 0.167539, -0.391155, 0.904947, 0.931701, 0.36289, -0.0156364, -0.32228, 0.845759, 0.425237)
    Left Leg.CFrame = CFrame.new(0.208048, 0.0435804, -0.114398, 0.719232, -0.0933692, 0.688468, -0.0172188, 0.988229, 0.152011, -0.694557, -0.121185, 0.709158)
    Right Leg.CFrame = CFrame.new(0.213689, 0.124984, 0.154005, 0.905227, 0.0484732, -0.422154, -0.0185685, 0.997036, 0.0746663, 0.424522, -0.0597511, 0.903444)

[31]
    Time: 1.000000
    HumanoidRootPart.CFrame = CFrame.new(0, 0, 0, 1, 0, 0, 0, 1, 0, 0, 0, 1)
    Torso.CFrame = CFrame.new(-0.16088, -0.0832737, -0.00206327, 0.993332, -0.0702713, -0.0913979, 0.062669, 0.994531, -0.0835456, 0.096769, 0.0772607, 0.992304)
    Head.CFrame = CFrame.new(1.42492e-07, -2.04891e-08, 2.38419e-07, 0.948172, -0.271189, 0.165609, 0.310863, 0.899638, -0.306621, -0.0658358, 0.342212, 0.937314)
    Left Arm.CFrame = CFrame.new(0.0855973, -0.320078, 0.329886, 0.157219, 0.364604, -0.917794, -0.893162, 0.449018, 0.0253782, 0.421359, 0.815749, 0.396245)
    Right Arm.CFrame = CFrame.new(-0.137352, -0.404693, 0.260843, 0.167333, -0.391321, 0.904913, 0.930989, 0.364762, -0.0144171, -0.324436, 0.844877, 0.425353)
    Left Leg.CFrame = CFrame.new(0.379173, 0.00810885, -0.227565, 0.650808, -0.00749098, 0.759206, -0.0510615, 0.997256, 0.0536108, -0.757523, -0.0736564, 0.648639)
    Right Leg.CFrame = CFrame.new(-0.03805, 0.0689838, 0.0302267, 0.731972, -0.0123123, -0.681223, 0.0149496, 0.999886, -0.00200824, 0.68117, -0.00871413, 0.732073)

[32]
    Time: 1.033333
    HumanoidRootPart.CFrame = CFrame.new(0, 0, 0, 1, 0, 0, 0, 1, 0, 0, 0, 1)
    Torso.CFrame = CFrame.new(-0.119256, -0.0834966, -0.0390611, 0.994308, -0.0737911, -0.0768518, 0.0673318, 0.994231, -0.0834966, 0.0825698, 0.0778468, 0.99354)
    Head.CFrame = CFrame.new(9.87202e-08, 1.30385e-08, 0, 0.948172, -0.271189, 0.165609, 0.310863, 0.899638, -0.306621, -0.0658358, 0.342211, 0.937314)
    Left Arm.CFrame = CFrame.new(0.0855974, -0.320078, 0.329886, 0.157219, 0.364604, -0.917794, -0.893162, 0.449018, 0.0253782, 0.421359, 0.815749, 0.396245)
    Right Arm.CFrame = CFrame.new(-0.137352, -0.404693, 0.260843, 0.167333, -0.391321, 0.904913, 0.930989, 0.364762, -0.0144171, -0.324436, 0.844877, 0.425353)
    Left Leg.CFrame = CFrame.new(0.321864, 0.0256742, -0.131433, 0.628025, -0.0345178, 0.777427, 0.0289806, 0.99936, 0.0209605, -0.777654, 0.0093666, 0.628623)
    Right Leg.CFrame = CFrame.new(-0.0683589, 0.086751, 0.00558197, 0.667114, -0.00942306, -0.744896, -0.00896072, 0.999746, -0.0206718, 0.744902, 0.0204651, 0.66686)
