[1]
    Time: 0.000000
    HumanoidRootPart.CFrame = CFrame.new(0, 0, 0, 1, 0, 0, 0, 1, 0, 0, 0, 1)
    Torso.CFrame = CFrame.new(-0.00268936, 0.094677, -0.0956526, 0.999491, -0.000592117, 0.0318872, -0.000592116, 0.999311, 0.0371159, -0.0318872, -0.0371159, 0.998802)
    Left Leg.CFrame = CFrame.new(-0.24465, 0.159202, 0.125318, 0.897471, -0.268542, 0.349901, 0.198406, 0.954296, 0.223504, -0.393929, -0.131166, 0.909734)
    Right Arm.CFrame = CFrame.new(-0.120915, 0.145072, 0.352889, 0.991632, -0.128969, -0.00568511, 0.0953064, 0.701679, 0.706089, -0.0870743, -0.700723, 0.7081)
    Head.CFrame = CFrame.new(-0.00637618, -0.00714928, -0.000213057, 0.999491, -0.000592113, -0.0318872, -0.000592117, 0.999311, -0.0371159, 0.0318872, 0.0371158, 0.998802)
    Right Leg.CFrame = CFrame.new(0.186335, 0.0809029, 0.144795, 0.856795, 0.261843, -0.44423, -0.228867, 0.965081, 0.127429, 0.462084, -0.00751146, 0.886804)
    Left Arm.CFrame = CFrame.new(0.194103, 0.142912, 0.330917, 0.947107, 0.308626, 0.0879684, -0.271722, 0.625353, 0.731506, 0.170751, -0.716717, 0.676136)

[2]
    Time: 0.033333
    HumanoidRootPart.CFrame = CFrame.new(0, 0, 0, 1, 0, 0, 0, 1, 0, 0, 0, 1)
    Torso.CFrame = CFrame.new(-0.00271988, 0.0948524, -0.095212, 0.999493, -0.000586123, 0.031839, -0.000586123, 0.999323, 0.0367961, -0.031839, -0.0367961, 0.998815)
    Left Leg.CFrame = CFrame.new(-0.243975, 0.159031, 0.124806, 0.897699, -0.267551, 0.350077, 0.197379, 0.954538, 0.22338, -0.393927, -0.13143, 0.909696)
    Right Arm.CFrame = CFrame.new(-0.127539, 0.145567, 0.352718, 0.990598, -0.136525, -0.00876616, 0.102676, 0.699593, 0.707126, -0.0904076, -0.701378, 0.707033)
    Head.CFrame = CFrame.new(-0.00636423, -0.00708515, -0.000208974, 0.999495, 6.35243e-05, -0.0317662, -0.00124285, 0.999311, -0.0371069, 0.0317419, 0.0371275, 0.998806)
    Right Leg.CFrame = CFrame.new(0.185215, 0.0809773, 0.14409, 0.85713, 0.260543, -0.444349, -0.227483, 0.965429, 0.127272, 0.462147, -0.00800708, 0.886767)
    Left Arm.CFrame = CFrame.new(0.196451, 0.143086, 0.331078, 0.945955, 0.3117, 0.0895059, -0.274588, 0.623004, 0.732439, 0.172539, -0.717432, 0.674923)

[3]
    Time: 0.066667
    HumanoidRootPart.CFrame = CFrame.new(0, 0, 0, 1, 0, 0, 0, 1, 0, 0, 0, 1)
    Torso.CFrame = CFrame.new(-0.00281143, 0.095314, -0.0939875, 0.999497, -0.000570271, 0.0317179, -0.000570273, 0.999354, 0.0359384, -0.0317179, -0.0359383, 0.998851)
    Left Leg.CFrame = CFrame.new(-0.241964, 0.158579, 0.123396, 0.898329, -0.264775, 0.350569, 0.194488, 0.955205, 0.223065, -0.393927, -0.132204, 0.909584)
    Right Arm.CFrame = CFrame.new(-0.143836, 0.146769, 0.352182, 0.987761, -0.155076, -0.0167109, 0.120948, 0.693887, 0.709853, -0.0984857, -0.703187, 0.704151)
    Head.CFrame = CFrame.new(-0.00634319, -0.00691352, -0.000202477, 0.999504, 0.00188815, -0.031442, -0.0030553, 0.999306, -0.0371144, 0.0313502, 0.0371921, 0.998816)
    Right Leg.CFrame = CFrame.new(0.182024, 0.0811383, 0.142112, 0.858046, 0.256946, -0.444676, -0.223661, 0.96638, 0.126827, 0.462313, -0.00936718, 0.886667)
    Left Arm.CFrame = CFrame.new(0.202492, 0.143531, 0.331497, 0.942905, 0.319611, 0.0936954, -0.282067, 0.616697, 0.73493, 0.17711, -0.719398, 0.671639)

[4]
    Time: 0.100000
    HumanoidRootPart.CFrame = CFrame.new(0, 0, 0, 1, 0, 0, 0, 1, 0, 0, 0, 1)
    Torso.CFrame = CFrame.new(-0.00299454, 0.095974, -0.092123, 0.999502, -0.000547768, 0.0315591, -0.000547768, 0.999398, 0.0346946, -0.0315591, -0.0346946, 0.9989)
    Left Leg.CFrame = CFrame.new(-0.238621, 0.157929, 0.12118, 0.899286, -0.260496, 0.351321, 0.190004, 0.956205, 0.222644, -0.393933, -0.133468, 0.909397)
    Right Arm.CFrame = CFrame.new(-0.164792, 0.148245, 0.351233, 0.983485, -0.178858, -0.0276872, 0.144732, 0.685359, 0.713677, -0.108671, -0.705898, 0.699928)
    Head.CFrame = CFrame.new(-0.00631392, -0.00666563, -0.000192195, 0.999509, 0.00466849, -0.0309741, -0.00581998, 0.999291, -0.0371906, 0.0307786, 0.0373525, 0.998828)
    Right Leg.CFrame = CFrame.new(0.17702, 0.0813013, 0.139037, 0.85941, 0.251491, -0.445159, -0.217872, 0.967792, 0.126133, 0.462543, -0.0114126, 0.886523)
    Left Arm.CFrame = CFrame.new(0.210773, 0.144115, 0.332071, 0.938516, 0.33046, 0.0999226, -0.292531, 0.607495, 0.738495, 0.18334, -0.722319, 0.666814)

[5]
    Time: 0.133333
    HumanoidRootPart.CFrame = CFrame.new(0, 0, 0, 1, 0, 0, 0, 1, 0, 0, 0, 1)
    Torso.CFrame = CFrame.new(-0.00328445, 0.0967522, -0.0897646, 0.999507, -0.000521748, 0.031398, -0.000521748, 0.999448, 0.033217, -0.031398, -0.033217, 0.998955)
    Left Leg.CFrame = CFrame.new(-0.233951, 0.157164, 0.118313, 0.900493, -0.254977, 0.352277, 0.184178, 0.957447, 0.2222, -0.393943, -0.135208, 0.909136)
    Right Arm.CFrame = CFrame.new(-0.186728, 0.149636, 0.349853, 0.978215, -0.20365, -0.0402845, 0.170076, 0.674908, 0.718035, -0.11904, -0.709243, 0.694841)
    Head.CFrame = CFrame.new(-0.00627715, -0.00637272, -0.00018084, 0.999503, 0.00819124, -0.0304221, -0.00932719, 0.999258, -0.0373873, 0.0300932, 0.0376523, 0.998838)
    Right Leg.CFrame = CFrame.new(0.170458, 0.0813758, 0.135064, 0.861084, 0.244625, -0.445751, -0.210602, 0.969517, 0.125231, 0.462798, -0.0139578, 0.886354)
    Left Arm.CFrame = CFrame.new(0.21964, 0.144756, 0.332758, 0.933479, 0.34214, 0.107502, -0.304182, 0.596562, 0.742689, 0.189972, -0.725985, 0.660951)

[6]
    Time: 0.166667
    HumanoidRootPart.CFrame = CFrame.new(0, 0, 0, 1, 0, 0, 0, 1, 0, 0, 0, 1)
    Torso.CFrame = CFrame.new(-0.00370407, 0.0975533, -0.0870485, 0.999511, -0.000495224, 0.0312701, -0.000495223, 0.999499, 0.0316583, -0.0312701, -0.0316584, 0.999009)
    Left Leg.CFrame = CFrame.new(-0.227787, 0.156341, 0.114864, 0.901897, -0.2484, 0.353382, 0.177174, 0.958856, 0.22182, -0.393942, -0.137449, 0.9088)
    Right Arm.CFrame = CFrame.new(-0.207505, 0.150672, 0.348083, 0.972423, -0.226986, -0.0535767, 0.194682, 0.663525, 0.722381, -0.128421, -0.71289, 0.689417)
    Head.CFrame = CFrame.new(-0.00625271, -0.0060543, -0.000169694, 0.999479, 0.0122428, -0.0298454, -0.0133668, 0.999198, -0.0377571, 0.0293592, 0.0381363, 0.998841)
    Right Leg.CFrame = CFrame.new(0.1625, 0.0812591, 0.130338, 0.86295, 0.236733, -0.446402, -0.202264, 0.971429, 0.124159, 0.46304, -0.0168522, 0.886177)
    Left Arm.CFrame = CFrame.new(0.227958, 0.145338, 0.333446, 0.92837, 0.35312, 0.115908, -0.315781, 0.584997, 0.747035, 0.195987, -0.730127, 0.654602)

[7]
    Time: 0.200000
    HumanoidRootPart.CFrame = CFrame.new(0, 0, 0, 1, 0, 0, 0, 1, 0, 0, 0, 1)
    Torso.CFrame = CFrame.new(-0.00426865, 0.0983009, -0.0841064, 0.999513, -0.000471078, 0.0312112, -0.000471078, 0.999545, 0.0301722, -0.0312112, -0.0301721, 0.999057)
    Left Leg.CFrame = CFrame.new(-0.220406, 0.15557, 0.111046, 0.903377, -0.241213, 0.354579, 0.16944, 0.960307, 0.221587, -0.393954, -0.140096, 0.90839)
    Right Arm.CFrame = CFrame.new(-0.225818, 0.151142, 0.345946, 0.966593, -0.247426, -0.0669221, 0.217244, 0.652273, 0.726185, -0.136025, -0.716464, 0.684235)
    Head.CFrame = CFrame.new(-0.00623789, -0.00576009, -0.000160635, 0.999433, 0.0166092, -0.0293028, -0.0177283, 0.999107, -0.0383532, 0.0286396, 0.0388508, 0.998834)
    Right Leg.CFrame = CFrame.new(0.153733, 0.0808846, 0.125208, 0.864832, 0.228476, -0.447063, -0.193582, 0.973348, 0.12296, 0.463241, -0.0197966, 0.886011)
    Left Arm.CFrame = CFrame.new(0.234986, 0.145724, 0.333983, 0.923667, 0.362326, 0.124738, -0.326533, 0.573859, 0.75104, 0.20054, -0.734442, 0.648366)

[8]
    Time: 0.233333
    HumanoidRootPart.CFrame = CFrame.new(0, 0, 0, 1, 0, 0, 0, 1, 0, 0, 0, 1)
    Torso.CFrame = CFrame.new(-0.00500488, 0.0989075, -0.0810595, 0.999511, -0.000452096, 0.031258, -0.000452098, 0.999582, 0.0289137, -0.031258, -0.0289136, 0.999093)
    Left Leg.CFrame = CFrame.new(-0.211638, 0.154891, 0.106937, 0.904896, -0.23358, 0.355813, 0.161122, 0.961737, 0.221589, -0.393957, -0.143186, 0.907907)
    Right Arm.CFrame = CFrame.new(-0.240751, 0.150895, 0.343507, 0.961234, -0.263934, -0.0797964, 0.236873, 0.642297, 0.728934, -0.141138, -0.719578, 0.679917)
    Head.CFrame = CFrame.new(-0.00624195, -0.00550874, -0.000153571, 0.999361, 0.0210759, -0.0288521, -0.0222005, 0.998984, -0.0392297, 0.027996, 0.0398451, 0.998814)
    Right Leg.CFrame = CFrame.new(0.144359, 0.0801338, 0.119844, 0.866636, 0.220271, -0.447685, -0.185004, 0.975176, 0.121675, 0.463373, -0.0226245, 0.885874)
    Left Arm.CFrame = CFrame.new(0.2398, 0.145844, 0.334252, 0.91998, 0.368519, 0.133531, -0.335541, 0.564344, 0.754273, 0.202606, -0.738721, 0.642839)

[9]
    Time: 0.266667
    HumanoidRootPart.CFrame = CFrame.new(0, 0, 0, 1, 0, 0, 0, 1, 0, 0, 0, 1)
    Torso.CFrame = CFrame.new(-0.00592804, 0.0992928, -0.078021, 0.999505, -0.000441075, 0.0314477, -0.000441075, 0.999607, 0.0280389, -0.0314477, -0.0280389, 0.999112)
    Left Leg.CFrame = CFrame.new(-0.201431, 0.154365, 0.102663, 0.906402, -0.225761, 0.357025, 0.152466, 0.963072, 0.221914, -0.393941, -0.146709, 0.907352)
    Right Arm.CFrame = CFrame.new(-0.251616, 0.149809, 0.340819, 0.956828, -0.275788, -0.0917691, 0.252984, 0.634761, 0.730122, -0.143107, -0.721817, 0.677127)
    Head.CFrame = CFrame.new(-0.00628609, -0.00533002, -0.000148952, 0.999269, 0.0254277, -0.0285503, -0.026572, 0.998828, -0.0404417, 0.0274885, 0.0411706, 0.998774)
    Right Leg.CFrame = CFrame.new(0.134795, 0.0788987, 0.114528, 0.868254, 0.212677, -0.448222, -0.177139, 0.9768, 0.120345, 0.463418, -0.0250924, 0.885785)
    Left Arm.CFrame = CFrame.new(0.241847, 0.145597, 0.334122, 0.917776, 0.370859, 0.141955, -0.342283, 0.557575, 0.756275, 0.201321, -0.74268, 0.638668)

[10]
    Time: 0.300000
    HumanoidRootPart.CFrame = CFrame.new(0, 0, 0, 1, 0, 0, 0, 1, 0, 0, 0, 1)
    Torso.CFrame = CFrame.new(-0.00762177, 0.0994225, -0.0751295, 0.999457, -0.000455613, 0.0329562, -0.000455613, 0.999618, 0.0276369, -0.0329562, -0.0276369, 0.999075)
    Left Leg.CFrame = CFrame.new(-0.183717, 0.156433, 0.0974193, 0.908849, -0.213928, 0.358091, 0.139019, 0.964737, 0.22351, -0.393279, -0.153355, 0.90654)
    Right Arm.CFrame = CFrame.new(-0.257189, 0.14753, 0.338269, 0.954058, -0.281624, -0.102275, 0.264574, 0.631662, 0.728699, -0.140616, -0.722281, 0.677154)
    Head.CFrame = CFrame.new(-0.00657852, -0.00525702, -0.000155985, 0.999129, 0.0294173, -0.0295905, -0.0306463, 0.998649, -0.0419762, 0.0283156, 0.0428463, 0.99868)
    Right Leg.CFrame = CFrame.new(0.13202, 0.0746013, 0.111252, 0.868574, 0.210388, -0.448683, -0.175758, 0.977331, 0.118034, 0.463345, -0.0236614, 0.885862)
    Left Arm.CFrame = CFrame.new(0.241006, 0.145086, 0.333136, 0.917243, 0.36906, 0.149865, -0.346527, 0.553798, 0.757117, 0.196427, -0.746393, 0.635857)

[11]
    Time: 0.333333
    HumanoidRootPart.CFrame = CFrame.new(0, 0, 0, 1, 0, 0, 0, 1, 0, 0, 0, 1)
    Torso.CFrame = CFrame.new(-0.00995636, 0.0993767, -0.0726061, 0.999369, -0.00048906, 0.035512, -0.000489059, 0.999621, 0.0275294, -0.035512, -0.0275294, 0.99899)
    Left Leg.CFrame = CFrame.new(-0.159473, 0.16066, 0.0909781, 0.911977, -0.198392, 0.359081, 0.121196, 0.966514, 0.226191, -0.391931, -0.162762, 0.905482)
    Right Arm.CFrame = CFrame.new(-0.256294, 0.144021, 0.335857, 0.953622, -0.279786, -0.111016, 0.270425, 0.634364, 0.724191, -0.132193, -0.720626, 0.680605)
    Head.CFrame = CFrame.new(-0.00709042, -0.00523516, -0.000173062, 0.998957, 0.0328376, -0.0317176, -0.0342043, 0.998465, -0.0435534, 0.0302387, 0.0445927, 0.998547)
    Right Leg.CFrame = CFrame.new(0.135575, 0.0679523, 0.110189, 0.867822, 0.212767, -0.449016, -0.180116, 0.976923, 0.114802, 0.46308, -0.0187526, 0.886118)
    Left Arm.CFrame = CFrame.new(0.236201, 0.144164, 0.331166, 0.919221, 0.361016, 0.157161, -0.347159, 0.554784, 0.756105, 0.185776, -0.749588, 0.635299)

[12]
    Time: 0.366667
    HumanoidRootPart.CFrame = CFrame.new(0, 0, 0, 1, 0, 0, 0, 1, 0, 0, 0, 1)
    Torso.CFrame = CFrame.new(-0.0118523, 0.0992813, -0.0706549, 0.999317, 0.000161396, 0.0369677, -0.00117793, 0.999622, 0.027478, -0.0369493, -0.0275027, 0.998939)
    Left Leg.CFrame = CFrame.new(-0.141605, 0.1629, 0.0856243, 0.913547, -0.187704, 0.36083, 0.108614, 0.967511, 0.228312, -0.391962, -0.169382, 0.904254)
    Right Arm.CFrame = CFrame.new(-0.251608, 0.140313, 0.33305, 0.954791, -0.272304, -0.119269, 0.27226, 0.639872, 0.718636, -0.11937, -0.71862, 0.685082)
    Head.CFrame = CFrame.new(-0.00738443, -0.00522536, -0.000182152, 0.998854, 0.0348788, -0.0327699, -0.0363321, 0.998333, -0.0448548, 0.0311508, 0.0459938, 0.998456)
    Right Leg.CFrame = CFrame.new(0.13583, 0.0637842, 0.109014, 0.868155, 0.212568, -0.448466, -0.181276, 0.977014, 0.112174, 0.462002, -0.0160884, 0.886733)
    Left Arm.CFrame = CFrame.new(0.228655, 0.142812, 0.328542, 0.923685, 0.345697, 0.165226, -0.344479, 0.560469, 0.753132, 0.167751, -0.752574, 0.636783)

[13]
    Time: 0.400000
    HumanoidRootPart.CFrame = CFrame.new(0, 0, 0, 1, 0, 0, 0, 1, 0, 0, 0, 1)
    Torso.CFrame = CFrame.new(-0.0131149, 0.0992928, -0.0691929, 0.999316, 0.00198987, 0.0369217, -0.00299405, 0.999627, 0.027162, -0.0368539, -0.0272539, 0.998949)
    Left Leg.CFrame = CFrame.new(-0.133522, 0.162454, 0.0824825, 0.913151, -0.183885, 0.363788, 0.103537, 0.967829, 0.22932, -0.394253, -0.171738, 0.902813)
    Right Arm.CFrame = CFrame.new(-0.247248, 0.137285, 0.32966, 0.956324, -0.262304, -0.128999, 0.273112, 0.644517, 0.714148, -0.104182, -0.718188, 0.688006)
    Head.CFrame = CFrame.new(-0.00736404, -0.00517594, -0.000180393, 0.998868, 0.0348736, -0.0323377, -0.0363261, 0.998305, -0.0454724, 0.030697, 0.0465955, 0.998442)
    Right Leg.CFrame = CFrame.new(0.131472, 0.0629737, 0.107193, 0.870245, 0.20797, -0.446566, -0.17713, 0.97799, 0.110276, 0.459671, -0.0168669, 0.887929)
    Left Arm.CFrame = CFrame.new(0.222414, 0.14138, 0.325306, 0.928893, 0.32573, 0.176235, -0.341123, 0.567227, 0.749591, 0.144198, -0.756408, 0.638008)

[14]
    Time: 0.433333
    HumanoidRootPart.CFrame = CFrame.new(0, 0, 0, 1, 0, 0, 0, 1, 0, 0, 0, 1)
    Torso.CFrame = CFrame.new(-0.0141335, 0.0994949, -0.0671034, 0.999332, 0.00470016, 0.036241, -0.0056617, 0.999633, 0.0264752, -0.0361033, -0.0266627, 0.998992)
    Left Leg.CFrame = CFrame.new(-0.125513, 0.160572, 0.0792986, 0.912443, -0.180144, 0.367419, 0.098815, 0.968312, 0.229364, -0.397095, -0.172975, 0.90133)
    Right Arm.CFrame = CFrame.new(-0.246549, 0.135442, 0.3257, 0.957445, -0.251205, -0.142109, 0.275161, 0.645909, 0.712101, -0.0870941, -0.720901, 0.687544)
    Head.CFrame = CFrame.new(-0.0072136, -0.00506038, -0.000171661, 0.998969, 0.0328734, -0.0313186, -0.0342709, 0.998391, -0.0451847, 0.0297829, 0.0462113, 0.998487)
    Right Leg.CFrame = CFrame.new(0.123585, 0.063132, 0.104164, 0.873711, 0.199668, -0.443579, -0.168882, 0.979665, 0.108331, 0.456188, -0.0197376, 0.889664)
    Left Arm.CFrame = CFrame.new(0.221561, 0.14038, 0.321198, 0.932991, 0.304521, 0.19182, -0.33998, 0.570876, 0.747338, 0.118074, -0.762474, 0.636154)

[15]
    Time: 0.466667
    HumanoidRootPart.CFrame = CFrame.new(0, 0, 0, 1, 0, 0, 0, 1, 0, 0, 0, 1)
    Torso.CFrame = CFrame.new(-0.0147514, 0.099865, -0.0629892, 0.999367, 0.00799636, 0.0346689, -0.00888356, 0.999635, 0.0255122, -0.0344523, -0.0258041, 0.999073)
    Left Leg.CFrame = CFrame.new(-0.112683, 0.156002, 0.074232, 0.91225, -0.173169, 0.371232, 0.0913124, 0.969413, 0.227817, -0.399328, -0.173928, 0.900159)
    Right Arm.CFrame = CFrame.new(-0.240069, 0.137551, 0.325556, 0.961676, -0.226117, -0.155083, 0.26703, 0.643958, 0.716947, -0.062247, -0.730882, 0.679659)
    Head.CFrame = CFrame.new(-0.00687904, -0.00489127, -0.000155717, 0.999232, 0.0258739, -0.0294395, -0.0271585, 0.998658, -0.0441039, 0.0282589, 0.0448694, 0.998593)
    Right Leg.CFrame = CFrame.new(0.10545, 0.0640361, 0.0973658, 0.879178, 0.183679, -0.439668, -0.152021, 0.98262, 0.106518, 0.451592, -0.0268096, 0.891822)
    Left Arm.CFrame = CFrame.new(0.229695, 0.138679, 0.314614, 0.93428, 0.285893, 0.213039, -0.344617, 0.570873, 0.745213, 0.0914331, -0.769655, 0.631879)

[16]
    Time: 0.500000
    HumanoidRootPart.CFrame = CFrame.new(0, 0, 0, 1, 0, 0, 0, 1, 0, 0, 0, 1)
    Torso.CFrame = CFrame.new(-0.0148125, 0.100376, -0.0555134, 0.999423, 0.0115702, 0.0319364, -0.0123514, 0.999627, 0.0243709, -0.0316425, -0.0247511, 0.999193)
    Left Leg.CFrame = CFrame.new(-0.0892605, 0.147444, 0.0649659, 0.913382, -0.159089, 0.374733, 0.0772952, 0.971509, 0.224043, -0.399699, -0.175672, 0.899656)
    Right Arm.CFrame = CFrame.new(-0.222803, 0.144262, 0.331193, 0.969319, -0.182514, -0.16465, 0.244238, 0.639573, 0.728899, -0.0277285, -0.74675, 0.664527)
    Head.CFrame = CFrame.new(-0.00632611, -0.00467727, -0.00013271, 0.999569, 0.0127932, -0.0264103, -0.0139106, 0.998997, -0.0425711, 0.0258391, 0.0429202, 0.998744)
    Right Leg.CFrame = CFrame.new(0.0673044, 0.0651762, 0.0829748, 0.887139, 0.154072, -0.435025, -0.119934, 0.987207, 0.105059, 0.445646, -0.0410278, 0.894268)
    Left Arm.CFrame = CFrame.new(0.244452, 0.13608, 0.305785, 0.93284, 0.271005, 0.237415, -0.354129, 0.568312, 0.742707, 0.0663513, -0.776902, 0.626115)

[17]
    Time: 0.533333
    HumanoidRootPart.CFrame = CFrame.new(0, 0, 0, 1, 0, 0, 0, 1, 0, 0, 0, 1)
    Torso.CFrame = CFrame.new(-0.0113068, 0.101101, -0.0440283, 0.999658, 0.0149966, 0.0214482, -0.0154872, 0.999618, 0.0228895, -0.0210967, -0.0232138, 0.999508)
    Left Leg.CFrame = CFrame.new(-0.0610021, 0.125613, 0.052572, 0.916037, -0.140179, 0.375799, 0.0641605, 0.976086, 0.2077, -0.395928, -0.166149, 0.903125)
    Right Arm.CFrame = CFrame.new(-0.212193, 0.154027, 0.335127, 0.973979, -0.143027, -0.175809, 0.226616, 0.625707, 0.746415, 0.0032479, -0.766833, 0.641838)
    Head.CFrame = CFrame.new(-0.00422531, -0.00437088, -7.00355e-05, 0.999873, -0.00301537, -0.0156735, 0.0023777, 0.999175, -0.0405441, 0.0157828, 0.0405016, 0.999055)
    Right Leg.CFrame = CFrame.new(0.151272, 0.0910748, 0.127271, 0.883331, 0.200013, -0.423936, -0.167558, 0.979372, 0.112935, 0.43778, -0.0287252, 0.898623)
    Left Arm.CFrame = CFrame.new(0.258458, 0.133297, 0.299597, 0.930977, 0.256193, 0.260091, -0.362666, 0.567237, 0.739402, 0.0418962, -0.782692, 0.620997)

[18]
    Time: 0.566667
    HumanoidRootPart.CFrame = CFrame.new(0, 0, 0, 1, 0, 0, 0, 1, 0, 0, 0, 1)
    Torso.CFrame = CFrame.new(-0.00402832, 0.102512, -0.0311899, 0.999841, 0.0177537, 0.00180639, -0.0177861, 0.999646, 0.0198038, -0.00145418, -0.0198327, 0.999802)
    Left Leg.CFrame = CFrame.new(-0.0428869, 0.0905344, 0.0421026, 0.919298, -0.123114, 0.373811, 0.0600163, 0.982557, 0.176009, -0.38896, -0.13937, 0.910652)
    Right Arm.CFrame = CFrame.new(-0.231835, 0.16322, 0.328414, 0.970823, -0.137405, -0.196525, 0.239493, 0.596773, 0.765836, 0.012051, -0.790558, 0.612269)
    Head.CFrame = CFrame.new(-0.000295115, -0.00368759, -1.20997e-05, 0.999823, -0.018363, 0.00412264, 0.0185028, 0.999147, -0.0369135, -0.0034413, 0.0369831, 0.99931)
    Right Leg.CFrame = CFrame.new(0.328964, 0.152665, 0.204261, 0.865891, 0.299233, -0.400865, -0.269478, 0.954168, 0.130169, 0.421444, -0.00468807, 0.906843)
    Left Arm.CFrame = CFrame.new(0.270613, 0.131228, 0.299206, 0.928736, 0.244936, 0.27831, -0.370013, 0.565307, 0.737236, 0.023245, -0.787676, 0.615651)

[19]
    Time: 0.600000
    HumanoidRootPart.CFrame = CFrame.new(0, 0, 0, 1, 0, 0, 0, 1, 0, 0, 0, 1)
    Torso.CFrame = CFrame.new(0.00325394, 0.105152, -0.0207577, 0.999627, 0.0195044, -0.0191244, -0.019247, 0.999723, 0.0135524, 0.0193834, -0.0131792, 0.999725)
    Left Leg.CFrame = CFrame.new(-0.0404536, 0.0549554, 0.0366785, 0.922385, -0.109176, 0.370522, 0.0606628, 0.988266, 0.140181, -0.381479, -0.106824, 0.918184)
    Right Arm.CFrame = CFrame.new(-0.278049, 0.167252, 0.310173, 0.959908, -0.165907, -0.225944, 0.280294, 0.558442, 0.780755, -0.00335612, -0.812784, 0.582556)
    Head.CFrame = CFrame.new(0.00387084, -0.00235966, -2.92063e-05, 0.999205, -0.0310345, 0.0250495, 0.0318056, 0.999013, -0.0310015, -0.0240627, 0.0317734, 0.999205)
    Right Leg.CFrame = CFrame.new(0.487187, 0.228672, 0.251665, 0.850606, 0.377358, -0.366157, -0.349349, 0.926045, 0.142813, 0.392969, 0.00643929, 0.919529)
    Left Arm.CFrame = CFrame.new(0.30042, 0.131635, 0.300891, 0.918696, 0.261204, 0.296259, -0.393336, 0.537019, 0.746255, 0.0358284, -0.802111, 0.596099)

[20]
    Time: 0.633333
    HumanoidRootPart.CFrame = CFrame.new(0, 0, 0, 1, 0, 0, 0, 1, 0, 0, 0, 1)
    Torso.CFrame = CFrame.new(0.0071907, 0.109612, -0.0164919, 0.999254, 0.0201236, -0.0329588, -0.0200487, 0.999796, 0.0026012, 0.0330044, -0.00193851, 0.999453)
    Left Leg.CFrame = CFrame.new(-0.0528327, 0.0329406, 0.0382604, 0.924923, -0.0958975, 0.36786, 0.058177, 0.991967, 0.11232, -0.375677, -0.0824862, 0.923073)
    Right Arm.CFrame = CFrame.new(-0.337908, 0.158878, 0.281255, 0.9387, -0.226037, -0.260289, 0.342371, 0.522973, 0.780564, -0.0403121, -0.821831, 0.568304)
    Head.CFrame = CFrame.new(0.00659021, -0.000111921, -8.62777e-05, 0.998436, -0.0403982, 0.0386537, 0.0412834, 0.998897, -0.0223821, -0.0377068, 0.0239426, 0.999002)
    Right Leg.CFrame = CFrame.new(0.599724, 0.295047, 0.260482, 0.850919, 0.416365, -0.320278, -0.39409, 0.909125, 0.134849, 0.347319, 0.0114726, 0.937677)
    Left Arm.CFrame = CFrame.new(0.306285, 0.13706, 0.31015, 0.919304, 0.248099, 0.305496, -0.392526, 0.522104, 0.757186, 0.0283562, -0.815999, 0.577357)

[21]
    Time: 0.666667
    HumanoidRootPart.CFrame = CFrame.new(0, 0, 0, 1, 0, 0, 0, 1, 0, 0, 0, 1)
    Torso.CFrame = CFrame.new(0.0060463, 0.116764, -0.0188885, 0.999203, 0.0195588, -0.0348037, -0.0200809, 0.99969, -0.0147154, 0.0345051, 0.0154026, 0.999286)
    Left Leg.CFrame = CFrame.new(-0.0248218, 0.0319114, 0.0356279, 0.929968, -0.0455471, 0.364807, 0.0117451, 0.99547, 0.0943465, -0.367452, -0.0834546, 0.926291)
    Right Arm.CFrame = CFrame.new(-0.400829, 0.135884, 0.243439, 0.903861, -0.304571, -0.300452, 0.419697, 0.494987, 0.760817, -0.0830033, -0.813772, 0.575227)
    Head.CFrame = CFrame.new(0.00688996, 0.00335424, -0.000122786, 0.998143, -0.0459342, 0.0399997, 0.0463685, 0.998874, -0.00999676, -0.0394955, 0.0118328, 0.99915)
    Right Leg.CFrame = CFrame.new(0.675685, 0.317696, 0.240289, 0.867827, 0.419457, -0.26633, -0.407882, 0.907517, 0.100225, 0.283739, 0.0216531, 0.958657)
    Left Arm.CFrame = CFrame.new(0.247005, 0.151397, 0.335632, 0.943427, 0.152133, 0.294621, -0.328053, 0.557519, 0.762596, -0.0482408, -0.816105, 0.575887)

[22]
    Time: 0.700000
    HumanoidRootPart.CFrame = CFrame.new(0, 0, 0, 1, 0, 0, 0, 1, 0, 0, 0, 1)
    Torso.CFrame = CFrame.new(0.00224686, 0.126854, -0.029727, 0.999429, 0.0154639, -0.0300521, -0.0165968, 0.999147, -0.0378162, 0.0294418, 0.0382933, 0.998833)
    Left Leg.CFrame = CFrame.new(0.0861857, 0.0367081, 0.00502792, 0.930651, 0.070217, 0.359109, -0.106458, 0.990919, 0.082137, -0.35008, -0.114671, 0.929674)
    Right Arm.CFrame = CFrame.new(-0.433988, 0.118826, 0.222497, 0.879809, -0.342894, -0.32918, 0.465127, 0.478363, 0.744866, -0.0979426, -0.808451, 0.580357)
    Head.CFrame = CFrame.new(0.00587622, 0.00792542, -0.00021708, 0.99842, -0.044368, 0.0344893, 0.0442164, 0.999009, 0.00514524, -0.0346833, -0.00361234, 0.999392)
    Right Leg.CFrame = CFrame.new(0.688796, 0.280455, 0.195278, 0.904614, 0.37064, -0.210475, -0.367833, 0.928332, 0.0538282, 0.215342, 0.0287261, 0.976116)
    Left Arm.CFrame = CFrame.new(0.16711, 0.164695, 0.361571, 0.959813, 0.0481208, 0.276484, -0.249718, 0.596003, 0.763165, -0.128062, -0.801538, 0.584069)

[23]
    Time: 0.733333
    HumanoidRootPart.CFrame = CFrame.new(0, 0, 0, 1, 0, 0, 0, 1, 0, 0, 0, 1)
    Torso.CFrame = CFrame.new(-0.00286102, 0.139637, -0.0527229, 0.999731, 0.0067867, -0.0221862, -0.0081912, 0.997927, -0.0638361, 0.021707, 0.0640006, 0.997714)
    Left Leg.CFrame = CFrame.new(0.0440403, 0.106586, 0.0124016, 0.935884, 0.105976, 0.335991, -0.142333, 0.986125, 0.0854252, -0.322276, -0.127771, 0.937983)
    Right Arm.CFrame = CFrame.new(-0.426466, 0.123885, 0.239362, 0.88744, -0.318233, -0.333434, 0.453495, 0.473482, 0.755088, -0.0824187, -0.821306, 0.564504)
    Head.CFrame = CFrame.new(0.00433593, 0.013071, -0.000445426, 0.999098, -0.0337563, 0.0257749, 0.0332344, 0.999239, 0.0204125, -0.0264443, -0.0195375, 0.999459)
    Right Leg.CFrame = CFrame.new(0.612479, 0.217354, 0.132335, 0.954458, 0.255631, -0.153827, -0.256844, 0.966375, 0.0122707, 0.151791, 0.0277976, 0.988022)
    Left Arm.CFrame = CFrame.new(0.169299, 0.159532, 0.357183, 0.956439, 0.0605893, 0.285574, -0.263323, 0.601377, 0.754325, -0.126034, -0.796664, 0.591136)

[24]
    Time: 0.766667
    HumanoidRootPart.CFrame = CFrame.new(0, 0, 0, 1, 0, 0, 0, 1, 0, 0, 0, 1)
    Torso.CFrame = CFrame.new(-0.00966644, 0.153805, -0.0895557, 0.999924, -0.00455552, -0.0114775, 0.00353408, 0.996159, -0.0874916, 0.011832, 0.0874442, 0.996099)
    Left Leg.CFrame = CFrame.new(-0.133419, 0.25233, 0.0316628, 0.955618, 0.0641423, 0.287541, -0.100241, 0.988569, 0.112621, -0.277031, -0.136446, 0.951124)
    Right Arm.CFrame = CFrame.new(-0.399838, 0.141918, 0.272395, 0.908962, -0.258282, -0.327228, 0.414256, 0.47171, 0.778384, -0.0466855, -0.843078, 0.535762)
    Head.CFrame = CFrame.new(0.00236754, 0.0177651, -0.000772208, 0.999754, -0.0169666, 0.0143231, 0.0164865, 0.99932, 0.032997, -0.0148733, -0.032753, 0.999353)
    Right Leg.CFrame = CFrame.new(0.47297, 0.158329, 0.0761142, 0.99043, 0.100579, -0.0945112, -0.102898, 0.994491, -0.0199798, 0.091981, 0.0295137, 0.995323)
    Left Arm.CFrame = CFrame.new(0.227818, 0.144138, 0.335653, 0.939708, 0.143015, 0.310638, -0.334176, 0.576943, 0.745294, -0.0726327, -0.804167, 0.58995)

[25]
    Time: 0.800000
    HumanoidRootPart.CFrame = CFrame.new(0, 0, 0, 1, 0, 0, 0, 1, 0, 0, 0, 1)
    Torso.CFrame = CFrame.new(-0.021637, 0.171162, -0.144502, 0.99984, -0.016562, 0.00671952, 0.0171995, 0.993813, -0.109728, -0.00486057, 0.109826, 0.993939)
    Left Leg.CFrame = CFrame.new(-0.342567, 0.391742, 0.0370514, 0.974832, 0.00202582, 0.222932, -0.0378612, 0.986938, 0.156589, -0.219702, -0.161089, 0.962175)
    Right Arm.CFrame = CFrame.new(-0.389486, 0.152295, 0.291649, 0.920026, -0.209377, -0.33123, 0.391736, 0.470357, 0.790764, -0.00977155, -0.857278, 0.514761)
    Head.CFrame = CFrame.new(-0.000971745, 0.0222353, -0.00120625, 0.999988, 0.00222195, -0.00436602, -0.00201481, 0.998897, 0.0469066, 0.00446549, -0.0468975, 0.99889)
    Right Leg.CFrame = CFrame.new(0.486159, 0.147288, 0.0452272, 0.998251, 0.0486332, -0.0336098, -0.0502023, 0.997606, -0.0475577, 0.0312164, 0.0491618, 0.998303)
    Left Arm.CFrame = CFrame.new(0.302797, 0.126738, 0.309003, 0.907818, 0.247542, 0.338511, -0.419291, 0.520623, 0.743738, 0.00786954, -0.817113, 0.576423)

[26]
    Time: 0.833333
    HumanoidRootPart.CFrame = CFrame.new(0, 0, 0, 1, 0, 0, 0, 1, 0, 0, 0, 1)
    Torso.CFrame = CFrame.new(-0.039547, 0.194782, -0.214791, 0.999154, -0.0279565, 0.030154, 0.0317642, 0.990438, -0.134251, -0.0261126, 0.135096, 0.990488)
    Left Leg.CFrame = CFrame.new(-0.571574, 0.481593, 0.0498339, 0.98409, -0.0802182, 0.158532, 0.0547308, 0.985751, 0.159055, -0.169033, -0.147848, 0.974458)
    Right Arm.CFrame = CFrame.new(-0.418738, 0.142572, 0.280454, 0.911411, -0.202645, -0.358141, 0.411409, 0.466738, 0.782878, 0.00851251, -0.860866, 0.508761)
    Head.CFrame = CFrame.new(-0.00521843, 0.0272904, -0.00190377, 0.9994, 0.0209296, -0.0276109, -0.0189856, 0.997444, 0.0688856, 0.028982, -0.06832, 0.997242)
    Right Leg.CFrame = CFrame.new(0.640799, 0.202236, 0.00779861, 0.995802, 0.0895732, 0.0188711, -0.0881007, 0.993781, -0.0680991, -0.0248535, 0.0661508, 0.9975)
    Left Arm.CFrame = CFrame.new(0.368572, 0.110275, 0.28956, 0.863564, 0.353154, 0.359915, -0.493105, 0.442291, 0.74915, 0.105378, -0.824415, 0.556089)

[27]
    Time: 0.866667
    HumanoidRootPart.CFrame = CFrame.new(0, 0, 0, 1, 0, 0, 0, 1, 0, 0, 0, 1)
    Torso.CFrame = CFrame.new(-0.0584488, 0.222515, -0.28987, 0.998048, -0.0378697, 0.0496568, 0.0452914, 0.986391, -0.158058, -0.0429954, 0.159999, 0.98618)
    Left Leg.CFrame = CFrame.new(-0.781826, 0.523404, 0.0593253, 0.982602, -0.156252, 0.100391, 0.144893, 0.983094, 0.111945, -0.116186, -0.0954513, 0.98863)
    Right Arm.CFrame = CFrame.new(-0.462625, 0.123281, 0.249037, 0.893349, -0.213084, -0.39563, 0.448916, 0.46248, 0.764582, 0.0200507, -0.860643, 0.508813)
    Head.CFrame = CFrame.new(-0.00858627, 0.0322674, -0.00277507, 0.998275, 0.0372351, -0.0453809, -0.0320455, 0.993398, 0.110155, 0.0491829, -0.108511, 0.992878)
    Right Leg.CFrame = CFrame.new(0.73614, 0.277691, -0.0396928, 0.993715, 0.0983621, 0.053426, -0.0942341, 0.992724, -0.074953, -0.0604098, 0.0694474, 0.995755)
    Left Arm.CFrame = CFrame.new(0.411013, 0.0970036, 0.286745, 0.815355, 0.446145, 0.368986, -0.542017, 0.3642, 0.757348, 0.203502, -0.817504, 0.538771)

[28]
    Time: 0.900000
    HumanoidRootPart.CFrame = CFrame.new(0, 0, 0, 1, 0, 0, 0, 1, 0, 0, 0, 1)
    Torso.CFrame = CFrame.new(-0.0732193, 0.246952, -0.352371, 0.997118, -0.0450764, 0.0610309, 0.0551902, 0.982887, -0.175746, -0.0520645, 0.178608, 0.982542)
    Left Leg.CFrame = CFrame.new(-0.904892, 0.533744, 0.0457976, 0.98134, -0.184017, 0.0557552, 0.17982, 0.981005, 0.0727642, -0.0680859, -0.0613806, 0.995789)
    Right Arm.CFrame = CFrame.new(-0.503347, 0.10185, 0.204931, 0.87185, -0.225425, -0.434811, 0.488601, 0.461689, 0.740346, 0.0338549, -0.85792, 0.512666)
    Head.CFrame = CFrame.new(-0.0104015, 0.0359896, -0.00351772, 0.997327, 0.0496814, -0.0535761, -0.0404372, 0.986027, 0.161602, 0.060856, -0.159004, 0.9854)
    Right Leg.CFrame = CFrame.new(0.783052, 0.351638, -0.0796205, 0.993309, 0.0921417, 0.0696182, -0.0873077, 0.99375, -0.0695515, -0.0755915, 0.0630079, 0.995146)
    Left Arm.CFrame = CFrame.new(0.427948, 0.091735, 0.299812, 0.775942, 0.513678, 0.366126, -0.563538, 0.30369, 0.768243, 0.283441, -0.802438, 0.525123)

[29]
    Time: 0.933333
    HumanoidRootPart.CFrame = CFrame.new(0, 0, 0, 1, 0, 0, 0, 1, 0, 0, 0, 1)
    Torso.CFrame = CFrame.new(-0.0822372, 0.25985, -0.378161, 0.996759, -0.0476818, 0.0647875, 0.058632, 0.982046, -0.179297, -0.055075, 0.182515, 0.981659)
    Left Leg.CFrame = CFrame.new(-0.922968, 0.510563, 0.0386479, 0.983504, -0.176337, 0.0403229, 0.17439, 0.983525, 0.0475983, -0.0480519, -0.0397812, 0.998052)
    Right Arm.CFrame = CFrame.new(-0.527701, 0.0841301, 0.158119, 0.85313, -0.231494, -0.467526, 0.518598, 0.47387, 0.71169, 0.0567955, -0.849622, 0.524325)
    Head.CFrame = CFrame.new(-0.0110027, 0.0367781, -0.00370294, 0.996971, 0.0547417, -0.0552498, -0.0432283, 0.980544, 0.191481, 0.064657, -0.188513, 0.97994)
    Right Leg.CFrame = CFrame.new(0.797956, 0.381031, -0.0970473, 0.993044, 0.0906441, 0.0751464, -0.0856472, 0.994053, -0.0672477, -0.080795, 0.0603438, 0.994902)
    Left Arm.CFrame = CFrame.new(0.41326, 0.101238, 0.323772, 0.76488, 0.541423, 0.349028, -0.55548, 0.279998, 0.78297, 0.326191, -0.792756, 0.514915)

[30]
    Time: 0.966667
    HumanoidRootPart.CFrame = CFrame.new(0, 0, 0, 1, 0, 0, 0, 1, 0, 0, 0, 1)
    Torso.CFrame = CFrame.new(-0.0896187, 0.256233, -0.364664, 0.997209, -0.0359897, 0.0654063, 0.04626, 0.98554, -0.163006, -0.058594, 0.165577, 0.984455)
    Left Leg.CFrame = CFrame.new(-0.845758, 0.465429, 0.062236, 0.985218, -0.159968, 0.0612816, 0.157953, 0.986773, 0.0364619, -0.0663038, -0.0262433, 0.997454)
    Right Arm.CFrame = CFrame.new(-0.53295, 0.0733137, 0.120452, 0.840892, -0.238581, -0.485777, 0.535193, 0.499968, 0.680882, 0.0804274, -0.832533, 0.548107)
    Head.CFrame = CFrame.new(-0.0117063, 0.0333824, -0.00314212, 0.997432, 0.0416252, -0.0582752, -0.0300668, 0.981944, 0.186768, 0.0649971, -0.184536, 0.980674)
    Right Leg.CFrame = CFrame.new(0.80507, 0.342095, -0.0884093, 0.990498, 0.11545, 0.074728, -0.108838, 0.990226, -0.0872183, -0.084067, 0.0782563, 0.993382)
    Left Arm.CFrame = CFrame.new(0.37333, 0.125057, 0.345846, 0.788493, 0.5236, 0.322679, -0.522144, 0.292614, 0.801088, 0.325029, -0.800137, 0.504119)

[31]
    Time: 1.000000
    HumanoidRootPart.CFrame = CFrame.new(0, 0, 0, 1, 0, 0, 0, 1, 0, 0, 0, 1)
    Torso.CFrame = CFrame.new(-0.0985374, 0.240288, -0.334606, 0.997846, -0.00878659, 0.065009, 0.0174053, 0.990933, -0.133226, -0.063249, 0.13407, 0.988951)
    Left Leg.CFrame = CFrame.new(-0.707057, 0.418574, 0.100362, 0.982763, -0.147924, 0.110882, 0.144818, 0.988818, 0.0356034, -0.114908, -0.0189321, 0.993196)
    Right Arm.CFrame = CFrame.new(-0.527302, 0.0693322, 0.0978473, 0.835546, -0.25275, -0.487833, 0.541753, 0.526832, 0.654943, 0.0914706, -0.81152, 0.577121)
    Head.CFrame = CFrame.new(-0.0126479, 0.0270792, -0.00223714, 0.997949, 0.00928009, -0.0633349, 0.00115691, 0.986659, 0.162799, 0.0640006, -0.162538, 0.984625)
    Right Leg.CFrame = CFrame.new(0.840444, 0.287638, -0.0623671, 0.980136, 0.189043, 0.0599651, -0.180765, 0.975925, -0.122041, -0.0815925, 0.108777, 0.990712)
    Left Arm.CFrame = CFrame.new(0.326745, 0.153045, 0.358946, 0.829543, 0.47252, 0.297629, -0.476262, 0.320316, 0.818885, 0.291604, -0.82105, 0.490759)

[32]
    Time: 1.033333
    HumanoidRootPart.CFrame = CFrame.new(0, 0, 0, 1, 0, 0, 0, 1, 0, 0, 0, 1)
    Torso.CFrame = CFrame.new(-0.109249, 0.219173, -0.298499, 0.997714, 0.0240326, 0.0631601, -0.0175969, 0.994777, -0.100543, -0.0652466, 0.0992021, 0.992926)
    Left Leg.CFrame = CFrame.new(-0.538142, 0.367292, 0.129899, 0.974438, -0.134243, 0.180139, 0.129696, 0.990869, 0.0368374, -0.183439, -0.0125322, 0.982951)
    Right Arm.CFrame = CFrame.new(-0.518126, 0.0701524, 0.0914109, 0.835984, -0.27249, -0.47632, 0.542228, 0.543648, 0.640652, 0.0843793, -0.793848, 0.602233)
    Head.CFrame = CFrame.new(-0.0130589, 0.020116, -0.00143436, 0.997303, -0.0313847, -0.0663428, 0.0399419, 0.990462, 0.131872, 0.0615713, -0.134166, 0.989044)
    Right Leg.CFrame = CFrame.new(0.904184, 0.248196, -0.0194519, 0.954276, 0.297962, 0.0239901, -0.291084, 0.944506, -0.152242, -0.0680211, 0.138297, 0.988052)
    Left Arm.CFrame = CFrame.new(0.295766, 0.172076, 0.361684, 0.864054, 0.416353, 0.28295, -0.438113, 0.345137, 0.830022, 0.247926, -0.841148, 0.480627)

[33]
    Time: 1.066667
    HumanoidRootPart.CFrame = CFrame.new(0, 0, 0, 1, 0, 0, 0, 1, 0, 0, 0, 1)
    Torso.CFrame = CFrame.new(-0.125401, 0.200214, -0.260649, 0.996494, 0.0549211, 0.0631176, -0.0502186, 0.996006, -0.073819, -0.0669197, 0.0703904, 0.995272)
    Left Leg.CFrame = CFrame.new(-0.406265, 0.321691, 0.152425, 0.955781, -0.138205, 0.259581, 0.130862, 0.990358, 0.045449, -0.263359, -0.00947011, 0.964651)
    Right Arm.CFrame = CFrame.new(-0.488764, 0.0765807, 0.126857, 0.853284, -0.283855, -0.437415, 0.517453, 0.564552, 0.643058, 0.0644088, -0.775053, 0.628605)
    Head.CFrame = CFrame.new(-0.0134041, 0.0143466, -0.000957549, 0.995072, -0.071075, -0.069139, 0.0780786, 0.991454, 0.104516, 0.0611197, -0.109399, 0.992117)
    Right Leg.CFrame = CFrame.new(0.954918, 0.216805, 0.0386438, 0.918427, 0.394524, -0.0290385, -0.393404, 0.903175, -0.171781, -0.0415449, 0.169192, 0.984707)
    Left Arm.CFrame = CFrame.new(0.316737, 0.168301, 0.34536, 0.867231, 0.402418, 0.293205, -0.440516, 0.345659, 0.828532, 0.232068, -0.84769, 0.477038)

[34]
    Time: 1.100000
    HumanoidRootPart.CFrame = CFrame.new(0, 0, 0, 1, 0, 0, 0, 1, 0, 0, 0, 1)
    Torso.CFrame = CFrame.new(-0.150089, 0.188343, -0.222387, 0.994668, 0.0779992, 0.0674678, -0.0741963, 0.995605, -0.0571483, -0.0716289, 0.0518377, 0.996083)
    Left Leg.CFrame = CFrame.new(-0.359593, 0.282798, 0.185397, 0.92306, -0.17618, 0.341937, 0.163304, 0.984343, 0.0663346, -0.34827, -0.00539111, 0.937379)
    Right Arm.CFrame = CFrame.new(-0.423746, 0.0872696, 0.199103, 0.887301, -0.271328, -0.372933, 0.458871, 0.600395, 0.654952, 0.0462008, -0.752267, 0.657236)
    Head.CFrame = CFrame.new(-0.0143565, 0.0106426, -0.000791997, 0.9919, -0.102692, -0.0747568, 0.109019, 0.9903, 0.0861442, 0.0651852, -0.0935965, 0.993474)
    Right Leg.CFrame = CFrame.new(0.965747, 0.192606, 0.103343, 0.88897, 0.449223, -0.089054, -0.45795, 0.870397, -0.180805, -0.00370965, 0.201513, 0.979479)
    Left Arm.CFrame = CFrame.new(0.374601, 0.147686, 0.308729, 0.845309, 0.424476, 0.324459, -0.476494, 0.324255, 0.817197, 0.241673, -0.845387, 0.476356)

[35]
    Time: 1.133333
    HumanoidRootPart.CFrame = CFrame.new(0, 0, 0, 1, 0, 0, 0, 1, 0, 0, 0, 1)
    Torso.CFrame = CFrame.new(-0.178082, 0.183044, -0.187908, 0.993552, 0.0872185, 0.0724318, -0.0838512, 0.995307, -0.0483038, -0.076305, 0.0419188, 0.996203)
    Left Leg.CFrame = CFrame.new(-0.36823, 0.250851, 0.217816, 0.879132, -0.226311, 0.419416, 0.20424, 0.974055, 0.0974827, -0.430596, -3.88883e-05, 0.902545)
    Right Arm.CFrame = CFrame.new(-0.341101, 0.098205, 0.265792, 0.919708, -0.242621, -0.308663, 0.391124, 0.634421, 0.666733, 0.034059, -0.733924, 0.678377)
    Head.CFrame = CFrame.new(-0.0152928, 0.00865502, -0.000763655, 0.989547, -0.120586, -0.079087, 0.126048, 0.989682, 0.0681316, 0.0700551, -0.0773883, 0.994537)
    Right Leg.CFrame = CFrame.new(0.923352, 0.178429, 0.164568, 0.877313, 0.455296, -0.151748, -0.47684, 0.862721, -0.168332, 0.0542751, 0.22004, 0.97398)
    Left Arm.CFrame = CFrame.new(0.430596, 0.123679, 0.263831, 0.817891, 0.448126, 0.360883, -0.517496, 0.298776, 0.80183, 0.251498, -0.842565, 0.47627)

[36]
    Time: 1.166667
    HumanoidRootPart.CFrame = CFrame.new(0, 0, 0, 1, 0, 0, 0, 1, 0, 0, 0, 1)
    Torso.CFrame = CFrame.new(-0.202641, 0.182034, -0.161685, 0.993955, 0.0812615, 0.0738184, -0.0781396, 0.99596, -0.0442416, -0.0771155, 0.038206, 0.99629)
    Left Leg.CFrame = CFrame.new(-0.4537, 0.262243, 0.257171, 0.817528, -0.312349, 0.483824, 0.277279, 0.949835, 0.144674, -0.504742, 0.0158786, 0.863124)
    Right Arm.CFrame = CFrame.new(-0.307321, 0.0987594, 0.289067, 0.924894, -0.260461, -0.277005, 0.380207, 0.640674, 0.667067, 0.0037258, -0.722286, 0.691585)
    Head.CFrame = CFrame.new(-0.0154497, 0.00791388, -0.000739962, 0.989312, -0.123231, -0.0779415, 0.126962, 0.990893, 0.0448488, 0.0717047, -0.0542651, 0.995949)
    Right Leg.CFrame = CFrame.new(0.772497, 0.149152, 0.194328, 0.900951, 0.378353, -0.212452, -0.409623, 0.903126, -0.128734, 0.143164, 0.203009, 0.968654)
    Left Arm.CFrame = CFrame.new(0.466808, 0.105428, 0.225611, 0.799499, 0.455243, 0.39186, -0.547198, 0.282933, 0.787733, 0.24774, -0.844217, 0.475313)

[37]
    Time: 1.200000
    HumanoidRootPart.CFrame = CFrame.new(0, 0, 0, 1, 0, 0, 0, 1, 0, 0, 0, 1)
    Torso.CFrame = CFrame.new(-0.220081, 0.182346, -0.14202, 0.995411, 0.0645231, 0.0706719, -0.0616451, 0.997207, -0.0421767, -0.073196, 0.0376267, 0.996608)
    Left Leg.CFrame = CFrame.new(-0.560811, 0.30952, 0.294213, 0.747037, -0.403562, 0.528274, 0.348758, 0.914433, 0.205377, -0.565954, 0.0308153, 0.823861)
    Right Arm.CFrame = CFrame.new(-0.367327, 0.0839631, 0.264324, 0.883037, -0.367864, -0.291412, 0.464146, 0.592765, 0.658178, -0.0693809, -0.716453, 0.694176)
    Head.CFrame = CFrame.new(-0.01467, 0.00779537, -0.000669152, 0.990933, -0.113433, -0.0720012, 0.115149, 0.993144, 0.0201377, 0.0692232, -0.028246, 0.997201)
    Right Leg.CFrame = CFrame.new(0.506427, 0.0921067, 0.170468, 0.938616, 0.220973, -0.264899, -0.251853, 0.963712, -0.0884835, 0.235733, 0.149768, 0.960208)
    Left Arm.CFrame = CFrame.new(0.474279, 0.101257, 0.208547, 0.804216, 0.431007, 0.40923, -0.552722, 0.289255, 0.781556, 0.218484, -0.85473, 0.470851)

[38]
    Time: 1.233333
    HumanoidRootPart.CFrame = CFrame.new(0, 0, 0, 1, 0, 0, 0, 1, 0, 0, 0, 1)
    Torso.CFrame = CFrame.new(-0.22966, 0.182705, -0.121331, 0.997135, 0.0393814, 0.0645856, -0.0367665, 0.998475, -0.0411909, -0.0661092, 0.0386985, 0.997062)
    Left Leg.CFrame = CFrame.new(-0.585963, 0.34507, 0.292368, 0.719227, -0.422587, 0.551482, 0.343021, 0.90625, 0.247079, -0.604193, 0.0114639, 0.796755)
    Right Arm.CFrame = CFrame.new(-0.435752, 0.0679365, 0.23108, 0.824972, -0.467412, -0.317724, 0.547806, 0.523007, 0.652971, -0.139034, -0.712733, 0.687517)
    Head.CFrame = CFrame.new(-0.0132464, 0.00801213, -0.000570357, 0.9937, -0.0917918, -0.064297, 0.09195, 0.995764, -0.000498436, 0.0640704, -0.0054167, 0.997931)
