[1]
    Time: 0.000000
    HumanoidRootPart.CFrame = CFrame.new(0, 0, 0, 1, 0, 0, 0, 1, 0, 0, 0, 1)
    Torso.CFrame = CFrame.new(0, 0.034899, -0.221513, 1, 0, 0, 0, 0.999391, 0.034899, 0, -0.034899, 0.999391)
    Right Arm.CFrame = CFrame.new(-0.051895, 0.072246, 0.177649, 0.456292, -0.021851, 0.889562, -0.261209, 0.952366, 0.157379, -0.850628, -0.304173, 0.428849)
    Left Arm.CFrame = CFrame.new(0.051895, 0.072246, 0.177649, 0.456292, 0.021851, -0.889562, 0.261209, 0.952366, 0.157379, 0.850628, -0.304173, 0.428849)
    Right Leg.CFrame = CFrame.new(0.507407, 0.095452, -0.008456, 0.94769, 0.319049, 0.009442, -0.31919, 0.947154, 0.031938, 0.001247, -0.033281, 0.999445)
    Left Leg.CFrame = CFrame.new(-0.507408, 0.095452, -0.008456, 0.94769, -0.319049, -0.009442, 0.31919, 0.947154, 0.031938, -0.001247, -0.033281, 0.999445)
    Head.CFrame = CFrame.new(0, 0, 0, 1, 0, 0, 0, 0.984808, -0.173648, 0, 0.173648, 0.984808)

[2]
    Time: 0.016667
    HumanoidRootPart.CFrame = CFrame.new(0, 0, 0, 1, 0, 0, 0, 1, 0, 0, 0, 1)
    Torso.CFrame = CFrame.new(0, 0.035744, -0.2192, 1, 0, 0, 0, 0.999352, 0.036011, 0, -0.036011, 0.999352)
    Right Arm.CFrame = CFrame.new(-0.068421, 0.081281, 0.192317, 0.531324, -0.071868, 0.844115, -0.199115, 0.957889, 0.206887, -0.823437, -0.278001, 0.494639)
    Left Arm.CFrame = CFrame.new(0.068603, 0.082381, 0.193582, 0.531345, 0.072983, -0.844006, 0.201714, 0.956728, 0.209721, 0.82279, -0.281683, 0.493631)
    Right Leg.CFrame = CFrame.new(0.502704, 0.094035, -0.008413, 0.948188, 0.317566, 0.009428, -0.317707, 0.947653, 0.031915, 0.001201, -0.033257, 0.999446)
    Left Leg.CFrame = CFrame.new(-0.502704, 0.094035, -0.008414, 0.948188, -0.317566, -0.009428, 0.317707, 0.947653, 0.031915, -0.001201, -0.033257, 0.999446)
    Head.CFrame = CFrame.new(0, 0, 0, 1, 0, 0, 0, 0.985174, -0.171556, 0, 0.171556, 0.985174)

[3]
    Time: 0.033333
    HumanoidRootPart.CFrame = CFrame.new(0, 0, 0, 1, 0, 0, 0, 1, 0, 0, 0, 1)
    Torso.CFrame = CFrame.new(0, 0.03812, -0.211563, 1, 0, 0, 0, 0.999234, 0.039137, 0, -0.039137, 0.999234)
    Right Arm.CFrame = CFrame.new(-0.127939, 0.092216, 0.218565, 0.697206, -0.236876, 0.676604, -0.00764, 0.941321, 0.337425, -0.71683, -0.240425, 0.654485)
    Left Arm.CFrame = CFrame.new(0.129019, 0.096483, 0.222122, 0.697909, 0.238259, -0.675393, 0.018577, 0.936701, 0.349637, 0.715945, -0.256562, 0.649306)
    Right Leg.CFrame = CFrame.new(0.486414, 0.089876, -0.008267, 0.950135, 0.311696, 0.009354, -0.311838, 0.949603, 0.031845, 0.001044, -0.033174, 0.999449)
    Left Leg.CFrame = CFrame.new(-0.486414, 0.089876, -0.008267, 0.950135, -0.311696, -0.009354, 0.311838, 0.949603, 0.031845, -0.001044, -0.033174, 0.999449)
    Head.CFrame = CFrame.new(0, 0, 0, 1, 0, 0, 0, 0.986209, -0.165503, 0, 0.165503, 0.986209)

[4]
    Time: 0.050000
    HumanoidRootPart.CFrame = CFrame.new(0, 0, 0, 1, 0, 0, 0, 1, 0, 0, 0, 1)
    Torso.CFrame = CFrame.new(0, 0.041791, -0.197929, 1, 0, 0, 0, 0.999033, 0.043968, 0, -0.043968, 0.999033)
    Right Arm.CFrame = CFrame.new(-0.232756, 0.062897, 0.212183, 0.800106, -0.502354, 0.327827, 0.310424, 0.814387, 0.490317, -0.513291, -0.29054, 0.807539)
    Left Arm.CFrame = CFrame.new(0.23593, 0.072274, 0.217487, 0.806099, 0.495848, -0.323013, -0.287375, 0.805148, 0.518799, 0.517319, -0.325379, 0.791524)
    Right Leg.CFrame = CFrame.new(0.456222, 0.083019, -0.007984, 0.953935, 0.299869, 0.009186, -0.300012, 0.953409, 0.031719, 0.000753, -0.033014, 0.999455)
    Left Leg.CFrame = CFrame.new(-0.456222, 0.083019, -0.007984, 0.953935, -0.299869, -0.009186, 0.300012, 0.953409, 0.031719, -0.000753, -0.033014, 0.999455)
    Head.CFrame = CFrame.new(0, 0, 0, 1, 0, 0, 0, 0.987786, -0.155815, 0, 0.155815, 0.987786)

[5]
    Time: 0.066667
    HumanoidRootPart.CFrame = CFrame.new(0, 0, 0, 1, 0, 0, 0, 1, 0, 0, 0, 1)
    Torso.CFrame = CFrame.new(0, 0.046522, -0.17894, 1, 0, 0, 0, 0.99874, 0.050192, 0, -0.050192, 0.99874)
    Right Arm.CFrame = CFrame.new(-0.320492, -0.044136, 0.144602, 0.683942, -0.714342, -0.148111, 0.654635, 0.511337, 0.556767, -0.321988, -0.477755, 0.817358)
    Left Arm.CFrame = CFrame.new(0.328258, -0.029518, 0.152497, 0.705007, 0.691531, 0.157316, -0.623518, 0.498696, 0.602103, 0.337921, -0.522577, 0.782766)
    Right Leg.CFrame = CFrame.new(0.411799, 0.073927, -0.007536, 0.959477, 0.281643, 0.008912, -0.281787, 0.95896, 0.031527, 0.000333, -0.03276, 0.999463)
    Left Leg.CFrame = CFrame.new(-0.411799, 0.073927, -0.007536, 0.959477, -0.281643, -0.008912, 0.281787, 0.95896, 0.031526, -0.000333, -0.03276, 0.999463)
    Head.CFrame = CFrame.new(0, 0, 0, 1, 0, 0, 0, 0.989749, -0.142817, 0, 0.142817, 0.989749)

[6]
    Time: 0.083333
    HumanoidRootPart.CFrame = CFrame.new(0, 0, 0, 1, 0, 0, 0, 1, 0, 0, 0, 1)
    Torso.CFrame = CFrame.new(0, 0.052076, -0.157119, 1, 0, 0, 0, 0.998346, 0.057499, 0, -0.057499, 0.998346)
    Right Arm.CFrame = CFrame.new(-0.316795, -0.198696, 0.06569, 0.411341, -0.72576, -0.551426, 0.864242, 0.118318, 0.488966, -0.289629, -0.677697, 0.675901)
    Left Arm.CFrame = CFrame.new(0.33307, -0.182205, 0.078415, 0.453134, 0.692127, 0.561809, -0.832719, 0.103689, 0.543901, 0.318196, -0.714289, 0.623332)
    Right Leg.CFrame = CFrame.new(0.356479, 0.063713, -0.006934, 0.965945, 0.258602, 0.008559, -0.258747, 0.96544, 0.031269, -0.000177, -0.032419, 0.999474)
    Left Leg.CFrame = CFrame.new(-0.356479, 0.063713, -0.006934, 0.965945, -0.258602, -0.008559, 0.258747, 0.96544, 0.031269, 0.000177, -0.032419, 0.999474)
    Head.CFrame = CFrame.new(0, 0, 0, 1, 0, 0, 0, 0.991925, -0.126828, 0, 0.126828, 0.991925)

[7]
    Time: 0.100000
    HumanoidRootPart.CFrame = CFrame.new(0, 0, 0, 1, 0, 0, 0, 1, 0, 0, 0, 1)
    Torso.CFrame = CFrame.new(0, 0.058216, -0.135688, 1, 0, 0, 0, 0.997848, 0.065577, 0, -0.065577, 0.997848)
    Right Arm.CFrame = CFrame.new(-0.242394, -0.330942, 0.039463, 0.161891, -0.615154, -0.771606, 0.907156, -0.214987, 0.361728, -0.388405, -0.758529, 0.523237)
    Left Arm.CFrame = CFrame.new(0.26856, -0.316522, 0.057756, 0.219928, 0.582952, 0.782176, -0.877867, -0.231396, 0.419292, 0.42542, -0.77886, 0.460864)
    Right Leg.CFrame = CFrame.new(0.29674, 0.053606, -0.006233, 0.972189, 0.234052, 0.008189, -0.234198, 0.971696, 0.030965, -0.00071, -0.032021, 0.999487)
    Left Leg.CFrame = CFrame.new(-0.29674, 0.053606, -0.006233, 0.972189, -0.234052, -0.008189, 0.234198, 0.971696, 0.030964, 0.00071, -0.032021, 0.999487)
    Head.CFrame = CFrame.new(0, 0, 0, 1, 0, 0, 0, 0.994133, -0.108168, 0, 0.108168, 0.994133)

[8]
    Time: 0.116667
    HumanoidRootPart.CFrame = CFrame.new(0, 0, 0, 1, 0, 0, 0, 1, 0, 0, 0, 1)
    Torso.CFrame = CFrame.new(0, 0.064707, -0.116803, 1, 0, 0, 0, 0.99725, 0.074115, 0, -0.074115, 0.99725)
    Right Arm.CFrame = CFrame.new(-0.158169, -0.40502, 0.070033, -0.015265, -0.540266, -0.841356, 0.86331, -0.431637, 0.261507, -0.504444, -0.722359, 0.473006)
    Left Arm.CFrame = CFrame.new(0.190804, -0.392982, 0.092916, 0.050077, 0.515154, 0.855634, -0.836286, -0.446723, 0.317905, 0.546002, -0.731474, 0.408445)
    Right Leg.CFrame = CFrame.new(0.237585, 0.044666, -0.0055, 0.977576, 0.210432, 0.007847, -0.210578, 0.977098, 0.03064, -0.00122, -0.031606, 0.9995)
    Left Leg.CFrame = CFrame.new(-0.237585, 0.044666, -0.0055, 0.977576, -0.210432, -0.007847, 0.210578, 0.977098, 0.03064, 0.00122, -0.031606, 0.9995)
    Head.CFrame = CFrame.new(0, 0, 0, 1, 0, 0, 0, 0.996195, -0.087156, 0, 0.087156, 0.996195)

[9]
    Time: 0.133333
    HumanoidRootPart.CFrame = CFrame.new(0, 0, 0, 1, 0, 0, 0, 1, 0, 0, 0, 1)
    Torso.CFrame = CFrame.new(0, 0.071312, -0.10121, 1, 0, 0, 0, 0.996566, 0.082802, 0, -0.082802, 0.996566)
    Right Arm.CFrame = CFrame.new(-0.0855, -0.436434, 0.117766, -0.152818, -0.515047, -0.843429, 0.797091, -0.568753, 0.202892, -0.584203, -0.641285, 0.497455)
    Left Arm.CFrame = CFrame.new(0.120061, -0.425558, 0.14386, -0.08791, 0.497698, 0.862884, -0.773349, -0.580086, 0.255796, 0.627856, -0.644824, 0.43589)
    Right Leg.CFrame = CFrame.new(0.183763, 0.037001, -0.004795, 0.981745, 0.190046, 0.00757, -0.190193, 0.981279, 0.03032, -0.001666, -0.031206, 0.999512)
    Left Leg.CFrame = CFrame.new(-0.183763, 0.037, -0.004796, 0.981745, -0.190046, -0.00757, 0.190193, 0.981279, 0.03032, 0.001666, -0.031206, 0.999512)
    Head.CFrame = CFrame.new(0, 0, 0, 1, 0, 0, 0, 0.997934, -0.064253, 0, 0.064253, 0.997934)

[10]
    Time: 0.150000
    HumanoidRootPart.CFrame = CFrame.new(0, 0, 0, 1, 0, 0, 0, 1, 0, 0, 0, 1)
    Torso.CFrame = CFrame.new(0, 0.077795, -0.088835, 1, 0, 0, 0, 0.995821, 0.091328, 0, -0.091328, 0.995821)
    Right Arm.CFrame = CFrame.new(-0.021758, -0.451414, 0.156666, -0.262419, -0.488363, -0.832249, 0.72739, -0.666841, 0.161946, -0.634067, -0.562872, 0.530222)
    Left Arm.CFrame = CFrame.new(0.055359, -0.441709, 0.184868, -0.202783, 0.477915, 0.854679, -0.706668, -0.675623, 0.210126, 0.677864, -0.561365, 0.474732)
    Right Leg.CFrame = CFrame.new(0.135849, 0.030911, -0.00415, 0.984922, 0.172837, 0.007353, -0.172985, 0.984468, 0.030021, -0.00205, -0.03084, 0.999522)
    Left Leg.CFrame = CFrame.new(-0.135849, 0.030911, -0.00415, 0.984922, -0.172837, -0.007353, 0.172985, 0.984468, 0.03002, 0.00205, -0.03084, 0.999522)
    Head.CFrame = CFrame.new(0, -1e-06, 0, 1, 0, 0, 0, 0.99918, -0.0405, 0, 0.0405, 0.99918)

[11]
    Time: 0.166667
    HumanoidRootPart.CFrame = CFrame.new(0, 0, 0, 1, 0, 0, 0, 1, 0, 0, 0, 1)
    Torso.CFrame = CFrame.new(0, 0.083921, -0.079307, 1, 0, 0, 0, 0.995049, 0.099385, 0, -0.099385, 0.995049)
    Right Arm.CFrame = CFrame.new(0.032661, -0.455887, 0.185708, -0.35334, -0.47015, -0.808771, 0.66446, -0.734696, 0.136797, -0.658516, -0.489061, 0.571993)
    Left Arm.CFrame = CFrame.new(-0.002406, -0.447249, 0.214507, -0.302217, 0.465003, 0.832128, -0.646452, -0.741517, 0.179586, 0.700546, -0.483658, 0.524701)
    Right Leg.CFrame = CFrame.new(0.094837, 0.026241, -0.003583, 0.987252, 0.158996, 0.007193, -0.159145, 0.986807, 0.029753, -0.002368, -0.030518, 0.999531)
    Left Leg.CFrame = CFrame.new(-0.094837, 0.026241, -0.003583, 0.987252, -0.158996, -0.007193, 0.159145, 0.986807, 0.029753, 0.002368, -0.030518, 0.999531)
    Head.CFrame = CFrame.new(0, 0, 0, 1, 0, 0, 0, 0.999854, -0.017104, 0, 0.017104, 0.999854)

[12]
    Time: 0.183333
    HumanoidRootPart.CFrame = CFrame.new(0, 0, 0, 1, 0, 0, 0, 1, 0, 0, 0, 1)
    Torso.CFrame = CFrame.new(0, 0.089457, -0.072201, 1, 0, 0, 0, 0.994295, 0.106663, 0, -0.106663, 0.994295)
    Right Arm.CFrame = CFrame.new(0.079121, -0.454314, 0.204607, -0.434088, -0.465256, -0.77143, 0.613057, -0.780013, 0.125462, -0.660097, -0.41847, 0.623823)
    Left Arm.CFrame = CFrame.new(-0.054028, -0.44673, 0.232254, -0.393441, 0.46367, 0.79386, -0.597734, -0.785092, 0.162309, 0.698511, -0.410659, 0.586039)
    Right Leg.CFrame = CFrame.new(0.061995, 0.022682, -0.003118, 0.988829, 0.148879, 0.007093, -0.149028, 0.988393, 0.029527, -0.002615, -0.030254, 0.999539)
    Left Leg.CFrame = CFrame.new(-0.061995, 0.022682, -0.003118, 0.988829, -0.148879, -0.007093, 0.149028, 0.988393, 0.029527, 0.002615, -0.030254, 0.999539)
    Head.CFrame = CFrame.new(0, 0, 0, 1, 0, 0, 0, 0.999989, 0.004725, 0, -0.004725, 0.999989)

[13]
    Time: 0.200000
    HumanoidRootPart.CFrame = CFrame.new(0, 0, 0, 1, 0, 0, 0, 1, 0, 0, 0, 1)
    Torso.CFrame = CFrame.new(0, 0.094168, -0.06712, 1, 0, 0, 0, 0.993611, 0.112857, 0, -0.112857, 0.993611)
    Right Arm.CFrame = CFrame.new(0.11968, -0.449861, 0.213203, -0.51125, -0.47525, -0.716074, 0.574867, -0.808466, 0.126136, -0.638868, -0.347161, 0.686533)
    Left Arm.CFrame = CFrame.new(-0.100975, -0.443497, 0.237738, -0.482014, 0.475623, 0.73583, -0.562534, -0.81187, 0.156278, 0.671728, -0.338601, 0.658887)
    Right Leg.CFrame = CFrame.new(0.03631, 0.020214, -0.00275, 0.989906, 0.141547, 0.007031, -0.141697, 0.989476, 0.029346, -0.002803, -0.030046, 0.999545)
    Left Leg.CFrame = CFrame.new(-0.03631, 0.020214, -0.002751, 0.989906, -0.141547, -0.007031, 0.141697, 0.989476, 0.029346, 0.002803, -0.030046, 0.999545)
    Head.CFrame = CFrame.new(0, 0, 0, 1, 0, 0, 0, 0.999717, 0.023778, 0, -0.023778, 0.999717)

[14]
    Time: 0.216667
    HumanoidRootPart.CFrame = CFrame.new(0, 0, 0, 1, 0, 0, 0, 1, 0, 0, 0, 1)
    Torso.CFrame = CFrame.new(0, 0.097822, -0.063723, 1, 0, 0, 0, 0.993054, 0.11766, 0, -0.11766, 0.993054)
    Right Arm.CFrame = CFrame.new(0.156386, -0.444798, 0.210989, -0.588876, -0.499148, -0.635671, 0.550188, -0.823706, 0.137112, -0.592046, -0.268997, 0.759686)
    Left Arm.CFrame = CFrame.new(-0.144632, -0.440015, 0.230163, -0.571043, 0.500155, 0.650964, -0.541408, -0.825523, 0.159336, 0.617079, -0.26145, 0.742198)
    Right Leg.CFrame = CFrame.new(0.018283, 0.018559, -0.00249, 0.990556, 0.136929, 0.007002, -0.13708, 0.99013, 0.029214, -0.002933, -0.029898, 0.999549)
    Left Leg.CFrame = CFrame.new(-0.018283, 0.018559, -0.00249, 0.990556, -0.136929, -0.007002, 0.13708, 0.99013, 0.029214, 0.002933, -0.029898, 0.999549)
    Head.CFrame = CFrame.new(0, 0, 0, 1, 0, 0, 0, 0.999245, 0.038856, 0, -0.038856, 0.999245)

[15]
    Time: 0.233333
    HumanoidRootPart.CFrame = CFrame.new(0, 0, 0, 1, 0, 0, 0, 1, 0, 0, 0, 1)
    Torso.CFrame = CFrame.new(0, 0.100185, -0.061723, 1, 0, 0, 0, 0.992681, 0.120766, 0, -0.120766, 0.992681)
    Right Arm.CFrame = CFrame.new(0.190664, -0.440903, 0.196727, -0.667471, -0.532942, -0.520054, 0.538994, -0.827663, 0.156393, -0.513778, -0.175918, 0.839693)
    Left Arm.CFrame = CFrame.new(-0.185567, -0.438223, 0.207881, -0.659926, 0.533646, 0.528886, -0.534406, -0.828194, 0.168834, 0.528117, -0.171222, 0.83173)
    Right Leg.CFrame = CFrame.new(0.007336, 0.017587, -0.00233, 0.990909, 0.134346, 0.006991, -0.134498, 0.990486, 0.029131, -0.00301, -0.029807, 0.999551)
    Left Leg.CFrame = CFrame.new(-0.007336, 0.017587, -0.00233, 0.990909, -0.134346, -0.006991, 0.134498, 0.990486, 0.029131, 0.00301, -0.029807, 0.999551)
    Head.CFrame = CFrame.new(0, 0, 0, 1, 0, 0, 0, 0.99881, 0.04877, 0, -0.04877, 0.99881)

[16]
    Time: 0.250000
    HumanoidRootPart.CFrame = CFrame.new(0, 0, 0, 1, 0, 0, 0, 1, 0, 0, 0, 1)
    Torso.CFrame = CFrame.new(0, 0.101024, -0.06088, 1, 0, 0, 0, 0.992546, 0.121869, 0, -0.121869, 0.992546)
    Right Arm.CFrame = CFrame.new(0.222497, -0.439778, 0.168237, -0.741878, -0.567843, -0.356613, 0.541459, -0.821029, 0.180922, -0.395525, -0.058869, 0.916567)
    Left Arm.CFrame = CFrame.new(-0.222497, -0.439779, 0.168237, -0.741878, 0.567843, 0.356613, -0.541459, -0.821029, 0.180922, 0.395525, -0.058869, 0.916567)
    Right Leg.CFrame = CFrame.new(0.002682, 0.017207, -0.002261, 0.99109, 0.133004, 0.006979, -0.133156, 0.990668, 0.029098, -0.003043, -0.029768, 0.999552)
    Left Leg.CFrame = CFrame.new(-0.002682, 0.017207, -0.002261, 0.99109, -0.133004, -0.006979, 0.133156, 0.990668, 0.029098, 0.003043, -0.029768, 0.999552)
    Head.CFrame = CFrame.new(0, 0, 0, 1, 0, 0, 0, 0.99863, 0.052336, 0, -0.052336, 0.99863)

[17]
    Time: 0.266667
    HumanoidRootPart.CFrame = CFrame.new(0, 0, 0, 1, 0, 0, 0, 1, 0, 0, 0, 1)
    Torso.CFrame = CFrame.new(0, 0.09545, -0.060493, 1, 0, 0, 0, 0.993348, 0.11515, 0, -0.11515, 0.993348)
    Right Arm.CFrame = CFrame.new(0.239566, -0.446846, 0.120034, -0.789835, -0.598409, -0.134418, 0.569263, -0.796841, 0.202444, -0.228254, 0.083378, 0.970025)
    Left Arm.CFrame = CFrame.new(-0.241, -0.448858, 0.10997, -0.791675, 0.5978, 0.126043, -0.571848, -0.797689, 0.191524, 0.215037, 0.079547, 0.973361)
    Right Leg.CFrame = CFrame.new(0.004911, 0.017361, -0.002278, 0.991884, 0.126958, 0.006793, -0.127107, 0.991461, 0.029151, -0.003034, -0.029778, 0.999552)
    Left Leg.CFrame = CFrame.new(-0.004911, 0.017361, -0.002278, 0.991884, -0.126958, -0.006793, 0.127107, 0.991461, 0.029151, 0.003034, -0.029778, 0.999552)
    Head.CFrame = CFrame.new(0, 0, 0, 1, 0, 0, 0, 0.998777, 0.049438, 0, -0.049438, 0.998777)

[18]
    Time: 0.283333
    HumanoidRootPart.CFrame = CFrame.new(0, 0, 0, 1, 0, 0, 0, 1, 0, 0, 0, 1)
    Torso.CFrame = CFrame.new(0, 0.081056, -0.060586, 1, 0, 0, 0, 0.995206, 0.097797, 0, -0.097797, 0.995206)
    Right Arm.CFrame = CFrame.new(0.226819, -0.463425, 0.057409, -0.779309, -0.612278, 0.133393, 0.626128, -0.752228, 0.20522, -0.02531, 0.243451, 0.969583)
    Left Arm.CFrame = CFrame.new(-0.226487, -0.465821, 0.042946, -0.778034, 0.611188, -0.145303, -0.628194, -0.754709, 0.189174, 0.005959, 0.238462, 0.971134)
    Right Leg.CFrame = CFrame.new(0.014261, 0.018386, -0.002383, 0.993535, 0.113346, 0.00635, -0.113488, 0.993108, 0.029306, -0.002984, -0.029837, 0.99955)
    Left Leg.CFrame = CFrame.new(-0.014261, 0.018386, -0.002383, 0.993535, -0.113346, -0.00635, 0.113488, 0.993108, 0.029306, 0.002984, -0.029837, 0.99955)
    Head.CFrame = CFrame.new(0, 0, 0, 1, 0, 0, 0, 0.999119, 0.041966, 0, -0.041966, 0.999119)

[19]
    Time: 0.300000
    HumanoidRootPart.CFrame = CFrame.new(0, 0, 0, 1, 0, 0, 0, 1, 0, 0, 0, 1)
    Torso.CFrame = CFrame.new(0, 0.061342, -0.062159, 1, 0, 0, 0, 0.997257, 0.07402, 0, -0.07402, 0.997257)
    Right Arm.CFrame = CFrame.new(0.183827, -0.482719, -0.003126, -0.697261, -0.59151, 0.4049, 0.694717, -0.696812, 0.178385, 0.176623, 0.405672, 0.896791)
    Left Arm.CFrame = CFrame.new(-0.181195, -0.484435, -0.016819, -0.692244, 0.590247, -0.41522, -0.694825, -0.700578, 0.162506, -0.194975, 0.400999, 0.895089)
    Right Leg.CFrame = CFrame.new(0.031713, 0.020802, -0.002598, 0.995234, 0.097342, 0.005784, -0.097475, 0.9948, 0.029536, -0.002879, -0.029959, 0.999547)
    Left Leg.CFrame = CFrame.new(-0.031714, 0.020802, -0.002598, 0.995234, -0.097342, -0.005784, 0.097475, 0.9948, 0.029536, 0.002879, -0.029959, 0.999547)
    Head.CFrame = CFrame.new(0, 0, 0, 1, 0, 0, 0, 0.999496, 0.031745, 0, -0.031745, 0.999496)

[20]
    Time: 0.316667
    HumanoidRootPart.CFrame = CFrame.new(0, 0, 0, 1, 0, 0, 0, 1, 0, 0, 0, 1)
    Torso.CFrame = CFrame.new(0, 0.039829, -0.066255, 1, 0, 0, 0, 0.998844, 0.048066, 0, -0.048066, 0.998844)
    Right Arm.CFrame = CFrame.new(0.121623, -0.497776, -0.047002, -0.561367, -0.53653, 0.630082, 0.755291, -0.643339, 0.125102, 0.338235, 0.546123, 0.766385)
    Left Arm.CFrame = CFrame.new(-0.118229, -0.498557, -0.056684, -0.555365, 0.535581, -0.636179, -0.753893, -0.647152, 0.113308, -0.351019, 0.542538, 0.763176)
    Right Leg.CFrame = CFrame.new(0.058717, 0.025368, -0.002953, 0.996414, 0.084448, 0.00524, -0.084571, 0.995971, 0.029824, -0.0027, -0.030161, 0.999541)
    Left Leg.CFrame = CFrame.new(-0.058717, 0.025368, -0.002953, 0.996414, -0.084448, -0.00524, 0.084571, 0.995971, 0.029824, 0.0027, -0.03016, 0.999541)
    Head.CFrame = CFrame.new(0, 0, 0, 1, 0, 0, 0, 0.999788, 0.020606, 0, -0.020606, 0.999788)

[21]
    Time: 0.333333
    HumanoidRootPart.CFrame = CFrame.new(0, 0, 0, 1, 0, 0, 0, 1, 0, 0, 0, 1)
    Torso.CFrame = CFrame.new(0, 0.020066, -0.073971, 1, 0, 0, 0, 0.999707, 0.024217, 0, -0.024217, 0.999707)
    Right Arm.CFrame = CFrame.new(0.05896, -0.50555, -0.069733, -0.414977, -0.467369, 0.780616, 0.796022, -0.602007, 0.062733, 0.440617, 0.64742, 0.621855)
    Left Arm.CFrame = CFrame.new(-0.056566, -0.505737, -0.074701, -0.410911, 0.466943, -0.783018, -0.794561, -0.604554, 0.05645, -0.447018, 0.645352, 0.619433)
    Right Leg.CFrame = CFrame.new(0.096531, 0.032936, -0.003473, 0.996775, 0.080093, 0.004861, -0.080208, 0.996322, 0.030163, -0.002427, -0.030456, 0.999533)
    Left Leg.CFrame = CFrame.new(-0.096531, 0.032936, -0.003473, 0.996775, -0.080093, -0.004861, 0.080208, 0.996322, 0.030163, 0.002427, -0.030456, 0.999533)
    Head.CFrame = CFrame.new(0, 0, 0, 1, 0, 0, 0, 0.999946, 0.010379, 0, -0.010379, 0.999946)

[22]
    Time: 0.350000
    HumanoidRootPart.CFrame = CFrame.new(0, 0, 0, 1, 0, 0, 0, 1, 0, 0, 0, 1)
    Torso.CFrame = CFrame.new(0, 0.005607, -0.086626, 1, 0, 0, 0, 0.999977, 0.006767, 0, -0.006767, 0.999977)
    Right Arm.CFrame = CFrame.new(0.013005, -0.507702, -0.077118, -0.303609, -0.410831, 0.859674, 0.816775, -0.576814, 0.012804, 0.490612, 0.706048, 0.510682)
    Left Arm.CFrame = CFrame.new(-0.01221, -0.50771, -0.07851, -0.302295, 0.410741, -0.86018, -0.816206, -0.577656, 0.011007, -0.492368, 0.705411, 0.509872)
    Right Leg.CFrame = CFrame.new(0.148645, 0.043848, -0.0042, 0.995844, 0.090942, 0.004822, -0.091051, 0.995378, 0.030556, -0.00202, -0.030868, 0.999521)
    Left Leg.CFrame = CFrame.new(-0.148645, 0.043848, -0.0042, 0.995844, -0.090942, -0.004822, 0.091051, 0.995378, 0.030556, 0.00202, -0.030868, 0.999521)
    Head.CFrame = CFrame.new(0, 0, 0, 1, 0, 0, 0, 0.999996, 0.0029, 0, -0.0029, 0.999996)

[23]
    Time: 0.366667
    HumanoidRootPart.CFrame = CFrame.new(0, 0, 0, 1, 0, 0, 0, 1, 0, 0, 0, 1)
    Torso.CFrame = CFrame.new(0, 0, -0.105046, 1, 0, 0, 0, 1, 0, 0, 0, 1)
    Right Arm.CFrame = CFrame.new(-0.004447, -0.507797, -0.078116, -0.260773, -0.388572, 0.883747, 0.822895, -0.568149, -0.006991, 0.504817, 0.725409, 0.467912)
    Left Arm.CFrame = CFrame.new(0.004447, -0.507797, -0.078116, -0.260773, 0.388572, -0.883747, -0.822895, -0.56815, -0.006991, -0.504818, 0.725409, 0.467912)
    Right Leg.CFrame = CFrame.new(0.212873, 0.056973, -0.005092, 0.992727, 0.120273, 0.005248, -0.120382, 0.992245, 0.030968, -0.001483, -0.031374, 0.999507)
    Left Leg.CFrame = CFrame.new(-0.212873, 0.056973, -0.005092, 0.992727, -0.120273, -0.005248, 0.120382, 0.992245, 0.030968, 0.001483, -0.031374, 0.999507)
    Head.CFrame = CFrame.new(0, 0, 0, 1, 0, 0, 0, 1, 0, 0, 0, 1)

[24]
    Time: 0.383333
    HumanoidRootPart.CFrame = CFrame.new(0, 0, 0, 1, 0, 0, 0, 1, 0, 0, 0, 1)
    Torso.CFrame = CFrame.new(0, 0.001705, -0.123403, 1, 0, 0, 0, 0.999998, 0.002057, 0, -0.002057, 0.999998)
    Right Arm.CFrame = CFrame.new(0.000236, -0.514361, -0.068024, -0.274118, -0.387714, 0.880078, 0.81926, -0.573416, 0.00256, 0.503659, 0.721715, 0.474822)
    Left Arm.CFrame = CFrame.new(-0.000576, -0.516034, -0.068646, -0.275596, 0.386665, -0.880078, -0.817065, -0.576539, 0.002559, -0.50641, 0.719787, 0.474822)
    Right Leg.CFrame = CFrame.new(0.269401, 0.067128, -0.005847, 0.987959, 0.154598, 0.005891, -0.154711, 0.987466, 0.031268, -0.000984, -0.031803, 0.999494)
    Left Leg.CFrame = CFrame.new(-0.269401, 0.067127, -0.005847, 0.987959, -0.154598, -0.005891, 0.154711, 0.987466, 0.031268, 0.000984, -0.031802, 0.999494)
    Head.CFrame = CFrame.new(0, 0, 0, 1, 0, 0, 0, 1, 0.000882, 0, -0.000882, 1)

[25]
    Time: 0.400000
    HumanoidRootPart.CFrame = CFrame.new(0, 0, 0, 1, 0, 0, 0, 1, 0, 0, 0, 1)
    Torso.CFrame = CFrame.new(0, 0.00645, -0.131593, 1, 0, 0, 0, 0.99997, 0.007784, 0, -0.007784, 0.99997)
    Right Arm.CFrame = CFrame.new(0.013284, -0.531086, -0.040269, -0.310506, -0.385297, 0.868984, 0.809097, -0.586966, 0.028853, 0.498948, 0.712051, 0.493999)
    Left Arm.CFrame = CFrame.new(-0.014766, -0.537073, -0.042526, -0.315792, 0.380977, -0.868984, -0.800922, -0.598073, 0.028853, -0.508723, 0.7051, 0.493999)
    Right Leg.CFrame = CFrame.new(0.292474, 0.069822, -0.006149, 0.98478, 0.173688, 0.006316, -0.173804, 0.984282, 0.031353, -0.000771, -0.031974, 0.999488)
    Left Leg.CFrame = CFrame.new(-0.292476, 0.069822, -0.006149, 0.98478, -0.173689, -0.006316, 0.173806, 0.984281, 0.031353, 0.000771, -0.031974, 0.999488)
    Head.CFrame = CFrame.new(0, 0, 0, 1, 0, 0, 0, 0.999995, 0.003336, 0, -0.003336, 0.999995)

[26]
    Time: 0.416667
    HumanoidRootPart.CFrame = CFrame.new(0, 0, 0, 1, 0, 0, 0, 1, 0, 0, 0, 1)
    Torso.CFrame = CFrame.new(0, 0.013683, -0.131188, 1, 0, 0, 0, 0.999864, 0.016514, 0, -0.016514, 0.999864)
    Right Arm.CFrame = CFrame.new(0.033207, -0.553059, 0.001807, -0.364209, -0.380857, 0.849882, 0.793009, -0.605338, 0.068567, 0.488353, 0.698937, 0.522493)
    Left Arm.CFrame = CFrame.new(-0.036936, -0.564903, -0.002704, -0.374637, 0.370604, -0.849882, -0.775906, -0.627111, 0.068567, -0.50756, 0.685117, 0.522493)
    Right Leg.CFrame = CFrame.new(0.290203, 0.067029, -0.006132, 0.983369, 0.181497, 0.006575, -0.181618, 0.982872, 0.03129, -0.000783, -0.031964, 0.999489)
    Left Leg.CFrame = CFrame.new(-0.290203, 0.067029, -0.006132, 0.983369, -0.181497, -0.006575, 0.181618, 0.982872, 0.03129, 0.000783, -0.031964, 0.999489)
    Head.CFrame = CFrame.new(0, 0, 0, 1, 0, 0, 0, 0.999975, 0.007077, 0, -0.007077, 0.999975)

[27]
    Time: 0.433333
    HumanoidRootPart.CFrame = CFrame.new(0, 0, 0, 1, 0, 0, 0, 1, 0, 0, 0, 1)
    Torso.CFrame = CFrame.new(0, 0.02285, -0.126814, 1, 0, 0, 0, 0.99962, 0.027577, 0, -0.027577, 0.99962)
    Right Arm.CFrame = CFrame.new(0.058058, -0.575231, 0.055028, -0.429276, -0.374423, 0.821906, 0.771734, -0.62482, 0.118431, 0.4692, 0.685133, 0.557175)
    Left Arm.CFrame = CFrame.new(-0.065346, -0.59342, 0.048144, -0.445199, 0.355342, -0.821906, -0.743745, -0.657889, 0.118431, -0.498639, 0.664014, 0.557175)
    Right Leg.CFrame = CFrame.new(0.275886, 0.061713, -0.005966, 0.982723, 0.184955, 0.006784, -0.18508, 0.98223, 0.031152, -0.000901, -0.03187, 0.999492)
    Left Leg.CFrame = CFrame.new(-0.275886, 0.061713, -0.005966, 0.982723, -0.184955, -0.006784, 0.18508, 0.98223, 0.031152, 0.000901, -0.03187, 0.999492)
    Head.CFrame = CFrame.new(0, 0, 0, 1, 0, 0, 0, 0.99993, 0.011819, 0, -0.011819, 0.99993)

[28]
    Time: 0.450000
    HumanoidRootPart.CFrame = CFrame.new(0, 0, 0, 1, 0, 0, 0, 1, 0, 0, 0, 1)
    Torso.CFrame = CFrame.new(0, 0.033397, -0.120128, 1, 0, 0, 0, 0.999187, 0.040304, 0, -0.040304, 0.999187)
    Right Arm.CFrame = CFrame.new(0.085046, -0.592996, 0.115951, -0.499806, -0.3678, 0.784167, 0.746798, -0.641598, 0.175057, 0.438734, 0.673109, 0.595346)
    Left Arm.CFrame = CFrame.new(-0.097085, -0.617088, 0.107177, -0.520797, 0.337421, -0.784167, -0.707314, -0.684881, 0.175057, -0.477993, 0.645822, 0.595346)
    Right Leg.CFrame = CFrame.new(0.253565, 0.055134, -0.005697, 0.982578, 0.185715, 0.006962, -0.185846, 0.982092, 0.030963, -0.001087, -0.031718, 0.999496)
    Left Leg.CFrame = CFrame.new(-0.253565, 0.055134, -0.005697, 0.982578, -0.185715, -0.006962, 0.185846, 0.982092, 0.030963, 0.001087, -0.031717, 0.999496)
    Head.CFrame = CFrame.new(0, 0, 0, 1, 0, 0, 0, 0.999851, 0.017277, 0, -0.017277, 0.999851)

[29]
    Time: 0.466667
    HumanoidRootPart.CFrame = CFrame.new(0, 0, 0, 1, 0, 0, 0, 1, 0, 0, 0, 1)
    Torso.CFrame = CFrame.new(0, 0.044768, -0.111288, 1, 0, 0, 0, 0.99854, 0.054025, 0, -0.054025, 0.99854)
    Right Arm.CFrame = CFrame.new(0.110464, -0.60271, 0.180512, -0.570288, -0.365151, 0.735824, 0.720715, -0.652213, 0.234919, 0.394133, 0.664291, 0.635119)
    Left Arm.CFrame = CFrame.new(-0.127879, -0.631494, 0.170984, -0.595553, 0.322304, -0.735824, -0.670896, -0.703358, 0.234919, -0.441832, 0.633568, 0.635119)
    Right Leg.CFrame = CFrame.new(0.223236, 0.047707, -0.005317, 0.983061, 0.183139, 0.007088, -0.183275, 0.982582, 0.030724, -0.001337, -0.031502, 0.999503)
    Left Leg.CFrame = CFrame.new(-0.223236, 0.047707, -0.005318, 0.983061, -0.183139, -0.007088, 0.183275, 0.982582, 0.030724, 0.001337, -0.031502, 0.999503)
    Head.CFrame = CFrame.new(0, 0, 0, 1, 0, 0, 0, 0.999732, 0.023163, 0, -0.023163, 0.999732)

[30]
    Time: 0.483333
    HumanoidRootPart.CFrame = CFrame.new(0, 0, 0, 1, 0, 0, 0, 1, 0, 0, 0, 1)
    Torso.CFrame = CFrame.new(0, 0.056408, -0.100656, 1, 0, 0, 0, 0.997681, 0.068069, 0, -0.068069, 0.997681)
    Right Arm.CFrame = CFrame.new(0.129919, -0.602036, 0.243753, -0.635641, -0.372901, 0.675948, 0.696789, -0.654072, 0.294407, 0.332334, 0.65813, 0.675588)
    Left Arm.CFrame = CFrame.new(-0.152294, -0.633701, 0.235165, -0.664512, 0.31862, -0.675948, -0.639844, -0.709876, 0.294407, -0.386035, 0.628138, 0.675588)
    Right Leg.CFrame = CFrame.new(0.184411, 0.040046, -0.004814, 0.984311, 0.176293, 0.007135, -0.176433, 0.983843, 0.030436, -0.001654, -0.031217, 0.999511)
    Left Leg.CFrame = CFrame.new(-0.184411, 0.040046, -0.004815, 0.984311, -0.176293, -0.007135, 0.176433, 0.983843, 0.030435, 0.001654, -0.031217, 0.999511)
    Head.CFrame = CFrame.new(0, 0, 0, 1, 0, 0, 0, 0.999574, 0.029191, 0, -0.029191, 0.999574)

[31]
    Time: 0.500000
    HumanoidRootPart.CFrame = CFrame.new(0, 0, 0, 1, 0, 0, 0, 1, 0, 0, 0, 1)
    Torso.CFrame = CFrame.new(0, 0.067763, -0.088869, 1, 0, 0, 0, 0.996652, 0.081766, 0, -0.081766, 0.996652)
    Right Arm.CFrame = CFrame.new(0.138795, -0.590001, 0.299491, -0.690558, -0.39909, 0.603205, 0.678737, -0.645713, 0.349814, 0.249891, 0.650985, 0.71678)
    Left Arm.CFrame = CFrame.new(-0.164297, -0.622275, 0.293781, -0.722713, 0.337385, -0.603205, -0.619876, -0.702412, 0.349814, -0.305677, 0.626728, 0.71678)
    Right Leg.CFrame = CFrame.new(0.137929, 0.032659, -0.00419, 0.986274, 0.164962, 0.007093, -0.165106, 0.985817, 0.030105, -0.002026, -0.030863, 0.999522)
    Left Leg.CFrame = CFrame.new(-0.137929, 0.032659, -0.00419, 0.986274, -0.164962, -0.007093, 0.165106, 0.985817, 0.030105, 0.002026, -0.030863, 0.999522)
    Head.CFrame = CFrame.new(0, 0, 0, 1, 0, 0, 0, 0.999385, 0.035075, 0, -0.035075, 0.999385)

[32]
    Time: 0.516667
    HumanoidRootPart.CFrame = CFrame.new(0, 0, 0, 1, 0, 0, 0, 1, 0, 0, 0, 1)
    Torso.CFrame = CFrame.new(0, 0.078282, -0.076865, 1, 0, 0, 0, 0.995529, 0.094452, 0, -0.094452, 0.995529)
    Right Arm.CFrame = CFrame.new(0.145363, -0.565355, 0.321794, -0.753568, -0.470051, 0.459552, 0.646875, -0.654654, 0.391129, 0.116997, 0.592014, 0.79739)
    Left Arm.CFrame = CFrame.new(-0.169942, -0.593206, 0.321289, -0.787929, 0.409855, -0.459552, -0.593854, -0.703104, 0.391129, -0.162807, 0.581088, 0.79739)
    Right Leg.CFrame = CFrame.new(0.085875, 0.026021, -0.003463, 0.988724, 0.149583, 0.006963, -0.149729, 0.98828, 0.029743, -0.002433, -0.03045, 0.999533)
    Left Leg.CFrame = CFrame.new(-0.085875, 0.026021, -0.003464, 0.988724, -0.149583, -0.006963, 0.149729, 0.98828, 0.029743, 0.002433, -0.03045, 0.999533)
    Head.CFrame = CFrame.new(0, 0, 0, 1, 0, 0, 0, 0.999178, 0.040528, 0, -0.040528, 0.999178)

[33]
    Time: 0.533333
    HumanoidRootPart.CFrame = CFrame.new(0, 0, 0, 1, 0, 0, 0, 1, 0, 0, 0, 1)
    Torso.CFrame = CFrame.new(0, 0.087413, -0.065812, 1, 0, 0, 0, 0.994423, 0.105462, 0, -0.105462, 0.994423)
    Right Arm.CFrame = CFrame.new(0.160122, -0.532162, 0.301828, -0.800837, -0.560888, 0.20992, 0.59492, -0.704805, 0.38642, -0.068786, 0.434345, 0.898116)
    Left Arm.CFrame = CFrame.new(-0.178522, -0.551325, 0.305772, -0.831196, 0.514828, -0.20992, -0.554222, -0.737236, 0.38642, 0.044179, 0.437533, 0.898117)
    Right Leg.CFrame = CFrame.new(0.033873, 0.020301, -0.002705, 0.991153, 0.132549, 0.006783, -0.132696, 0.990722, 0.02938, -0.002826, -0.03002, 0.999545)
    Left Leg.CFrame = CFrame.new(-0.033873, 0.020301, -0.002705, 0.991153, -0.132549, -0.006783, 0.132696, 0.990722, 0.02938, 0.002826, -0.03002, 0.999545)
    Head.CFrame = CFrame.new(0, 0, 0, 1, 0, 0, 0, 0.998975, 0.045267, 0, -0.045267, 0.998975)

[34]
    Time: 0.550000
    HumanoidRootPart.CFrame = CFrame.new(0, 0, 0, 1, 0, 0, 0, 1, 0, 0, 0, 1)
    Torso.CFrame = CFrame.new(0, 0.094611, -0.05691, 1, 0, 0, 0, 0.993465, 0.114139, 0, -0.114139, 0.993465)
    Right Arm.CFrame = CFrame.new(0.183451, -0.493958, 0.2619, -0.793841, -0.604158, -0.069354, 0.556415, -0.76762, 0.318059, -0.245396, 0.213899, 0.945531)
    Left Arm.CFrame = CFrame.new(-0.193151, -0.504166, 0.266045, -0.812092, 0.579394, 0.069354, -0.532482, -0.784411, 0.318059, 0.238684, 0.221363, 0.945531)
    Right Leg.CFrame = CFrame.new(-0.010417, 0.015701, -0.002029, 0.993067, 0.117364, 0.006609, -0.117511, 0.992647, 0.029061, -0.00315, -0.029637, 0.999556)
    Left Leg.CFrame = CFrame.new(0.010417, 0.015701, -0.00203, 0.993067, -0.117364, -0.006609, 0.117511, 0.992647, 0.029061, 0.00315, -0.029636, 0.999556)
    Head.CFrame = CFrame.new(0, 0, 0, 1, 0, 0, 0, 0.998799, 0.049004, 0, -0.049004, 0.998799)

[35]
    Time: 0.566667
    HumanoidRootPart.CFrame = CFrame.new(0, 0, 0, 1, 0, 0, 0, 1, 0, 0, 0, 1)
    Torso.CFrame = CFrame.new(0, 0.09933, -0.051154, 1, 0, 0, 0, 0.992795, 0.119827, 0, -0.119827, 0.992795)
    Right Arm.CFrame = CFrame.new(0.208151, -0.457803, 0.225962, -0.7584, -0.589697, -0.277645, 0.544991, -0.807373, 0.226127, -0.357509, 0.02018, 0.933692)
    Left Arm.CFrame = CFrame.new(-0.210872, -0.460867, 0.227513, -0.763797, 0.58269, 0.277645, -0.537536, -0.812356, 0.226127, 0.357308, 0.02347, 0.933692)
    Right Leg.CFrame = CFrame.new(-0.017878, 0.010158, -0.001806, 0.992782, 0.11974, 0.006699, -0.119888, 0.992367, 0.028915, -0.003186, -0.02951, 0.999559)
    Left Leg.CFrame = CFrame.new(0.017878, 0.010158, -0.001806, 0.992782, -0.11974, -0.006699, 0.119888, 0.992367, 0.028915, 0.003186, -0.02951, 0.999559)
    Head.CFrame = CFrame.new(0, 0, 0, 1, 0, 0, 0, 0.998675, 0.051455, 0, -0.051455, 0.998675)

[36]
    Time: 0.583333
    HumanoidRootPart.CFrame = CFrame.new(0, 0, 0, 1, 0, 0, 0, 1, 0, 0, 0, 1)
    Torso.CFrame = CFrame.new(0, 0.101024, -0.049166, 1, 0, 0, 0, 0.992546, 0.121869, 0, -0.121869, 0.992546)
    Right Arm.CFrame = CFrame.new(0.222497, -0.439779, 0.209643, -0.741878, -0.567843, -0.356613, 0.541459, -0.821029, 0.180922, -0.395525, -0.058869, 0.916567)
    Left Arm.CFrame = CFrame.new(-0.222497, -0.439779, 0.209643, -0.741878, 0.567843, 0.356613, -0.541459, -0.821029, 0.180922, 0.395525, -0.058869, 0.916567)
    Right Leg.CFrame = CFrame.new(-0.01846, 0.008001, -0.00175, 0.992532, 0.121791, 0.006752, -0.121941, 0.992118, 0.02887, -0.003182, -0.029478, 0.99956)
    Left Leg.CFrame = CFrame.new(0.01846, 0.008001, -0.00175, 0.992532, -0.121792, -0.006752, 0.121941, 0.992118, 0.02887, 0.003182, -0.029478, 0.99956)
    Head.CFrame = CFrame.new(0, 0, 0, 1, 0, 0, 0, 0.99863, 0.052336, 0, -0.052336, 0.99863)

[37]
    Time: 0.600000
    HumanoidRootPart.CFrame = CFrame.new(0, 0, 0, 1, 0, 0, 0, 1, 0, 0, 0, 1)
    Torso.CFrame = CFrame.new(0, 0.099644, -0.051053, 1, 0, 0, 0, 0.992715, 0.120483, 0, -0.120483, 0.992715)
    Right Arm.CFrame = CFrame.new(0.22726, -0.439575, 0.199702, -0.750678, -0.569724, -0.33451, 0.54139, -0.820663, 0.182781, -0.378655, -0.043891, 0.924497)
    Left Arm.CFrame = CFrame.new(-0.22726, -0.439575, 0.199702, -0.750678, 0.569724, 0.33451, -0.54139, -0.820663, 0.182781, 0.378655, -0.043891, 0.924497)
    Right Leg.CFrame = CFrame.new(-0.018226, 0.010029, -0.001802, 0.992702, 0.120399, 0.006718, -0.120547, 0.992287, 0.028909, -0.003186, -0.029508, 0.999559)
    Left Leg.CFrame = CFrame.new(0.018226, 0.010029, -0.001803, 0.992702, -0.120399, -0.006718, 0.120547, 0.992287, 0.028909, 0.003186, -0.029507, 0.999559)
    Head.CFrame = CFrame.new(0, 0, 0, 1, 0, 0, 0, 0.998683, 0.051307, 0, -0.051307, 0.998683)

[38]
    Time: 0.616667
    HumanoidRootPart.CFrame = CFrame.new(0, 0, 0, 1, 0, 0, 0, 1, 0, 0, 0, 1)
    Torso.CFrame = CFrame.new(0, 0.095826, -0.056277, 1, 0, 0, 0, 0.993174, 0.116644, 0, -0.116644, 0.993174)
    Right Arm.CFrame = CFrame.new(0.229229, -0.443901, 0.177024, -0.76538, -0.586554, -0.264856, 0.555622, -0.809903, 0.187991, -0.324774, -0.003276, 0.945786)
    Left Arm.CFrame = CFrame.new(-0.229229, -0.443902, 0.177025, -0.76538, 0.586554, 0.264856, -0.555622, -0.809903, 0.18799, 0.324774, -0.003276, 0.945786)
    Right Leg.CFrame = CFrame.new(-0.014986, 0.015335, -0.001975, 0.992987, 0.118035, 0.006649, -0.118183, 0.992568, 0.029023, -0.003174, -0.029605, 0.999557)
    Left Leg.CFrame = CFrame.new(0.014986, 0.015335, -0.001975, 0.992987, -0.118035, -0.006649, 0.118183, 0.992568, 0.029023, 0.003174, -0.029605, 0.999557)
    Head.CFrame = CFrame.new(0, 0, 0, 1, 0, 0, 0, 0.998825, 0.048463, 0, -0.048463, 0.998825)

[39]
    Time: 0.633333
    HumanoidRootPart.CFrame = CFrame.new(0, 0, 0, 1, 0, 0, 0, 1, 0, 0, 0, 1)
    Torso.CFrame = CFrame.new(0, 0.090048, -0.064196, 1, 0, 0, 0, 0.993839, 0.110833, 0, -0.110833, 0.993839)
    Right Arm.CFrame = CFrame.new(0.226319, -0.45207, 0.143604, -0.777352, -0.610581, -0.151378, 0.582534, -0.789527, 0.193132, -0.23744, 0.061949, 0.969425)
    Left Arm.CFrame = CFrame.new(-0.226319, -0.45207, 0.143604, -0.777352, 0.610581, 0.151378, -0.582534, -0.789528, 0.193132, 0.23744, 0.061948, 0.969425)
    Right Leg.CFrame = CFrame.new(0.022745, 0.01934, -0.002574, 0.991066, 0.13319, 0.006856, -0.133338, 0.990638, 0.029293, -0.002891, -0.029945, 0.999547)
    Left Leg.CFrame = CFrame.new(-0.022745, 0.01934, -0.002574, 0.991066, -0.13319, -0.006856, 0.133338, 0.990638, 0.029293, 0.002891, -0.029945, 0.999547)
    Head.CFrame = CFrame.new(0, 0, 0, 1, 0, 0, 0, 0.999024, 0.044166, 0, -0.044166, 0.999024)

[40]
    Time: 0.650000
    HumanoidRootPart.CFrame = CFrame.new(0, 0, 0, 1, 0, 0, 0, 1, 0, 0, 0, 1)
    Torso.CFrame = CFrame.new(0, 0.082793, -0.074169, 1, 0, 0, 0, 0.994627, 0.103527, 0, -0.103527, 0.994627)
    Right Arm.CFrame = CFrame.new(0.215708, -0.463029, 0.102407, -0.7752, -0.631717, -0.000161, 0.619756, -0.760571, 0.19348, -0.122347, 0.149886, 0.981104)
    Left Arm.CFrame = CFrame.new(-0.215708, -0.463029, 0.102407, -0.7752, 0.631717, 0.000161, -0.619756, -0.760571, 0.193479, 0.122346, 0.149885, 0.981104)
    Right Leg.CFrame = CFrame.new(0.068705, 0.02405, -0.003272, 0.988434, 0.151482, 0.007104, -0.151631, 0.987994, 0.029607, -0.002534, -0.030342, 0.999536)
    Left Leg.CFrame = CFrame.new(-0.068705, 0.02405, -0.003272, 0.988434, -0.151482, -0.007104, 0.151631, 0.987994, 0.029607, 0.002534, -0.030341, 0.999536)
    Head.CFrame = CFrame.new(0, 0, 0, 1, 0, 0, 0, 0.999248, 0.038777, 0, -0.038777, 0.999248)

[41]
    Time: 0.666667
    HumanoidRootPart.CFrame = CFrame.new(0, 0, 0, 1, 0, 0, 0, 1, 0, 0, 0, 1)
    Torso.CFrame = CFrame.new(0, 0.074541, -0.085549, 1, 0, 0, 0, 0.995457, 0.095208, 0, -0.095208, 0.995457)
    Right Arm.CFrame = CFrame.new(0.195207, -0.475237, 0.057831, -0.74825, -0.639481, 0.176598, 0.663339, -0.725239, 0.184415, 0.010146, 0.255133, 0.966853)
    Left Arm.CFrame = CFrame.new(-0.195207, -0.475238, 0.057831, -0.74825, 0.639481, -0.176598, -0.663339, -0.725239, 0.184415, -0.010146, 0.255133, 0.966853)
    Right Leg.CFrame = CFrame.new(0.116556, 0.029496, -0.003975, 0.98544, 0.169864, 0.007344, -0.170013, 0.984988, 0.029928, -0.00215, -0.030741, 0.999525)
    Left Leg.CFrame = CFrame.new(-0.116556, 0.029496, -0.003975, 0.98544, -0.169864, -0.007344, 0.170013, 0.984988, 0.029927, 0.00215, -0.03074, 0.999525)
    Head.CFrame = CFrame.new(0, 0, 0, 1, 0, 0, 0, 0.999467, 0.032661, 0, -0.032661, 0.999467)

[42]
    Time: 0.683333
    HumanoidRootPart.CFrame = CFrame.new(0, 0, 0, 1, 0, 0, 0, 1, 0, 0, 0, 1)
    Torso.CFrame = CFrame.new(0, 0.065775, -0.097679, 1, 0, 0, 0, 0.996264, 0.086358, 0, -0.086358, 0.996264)
    Right Arm.CFrame = CFrame.new(0.164762, -0.486852, 0.015236, -0.691302, -0.62645, 0.360088, 0.707849, -0.687205, 0.163398, 0.145094, 0.367845, 0.918498)
    Left Arm.CFrame = CFrame.new(-0.164762, -0.486852, 0.015236, -0.691302, 0.62645, -0.360088, -0.707848, -0.687205, 0.163398, -0.145094, 0.367845, 0.918498)
    Right Leg.CFrame = CFrame.new(0.163025, 0.035501, -0.004634, 0.982327, 0.187015, 0.007556, -0.187163, 0.981864, 0.030234, -0.001765, -0.031114, 0.999514)
    Left Leg.CFrame = CFrame.new(-0.163025, 0.035501, -0.004634, 0.982327, -0.187015, -0.007556, 0.187163, 0.981864, 0.030234, 0.001765, -0.031114, 0.999514)
    Head.CFrame = CFrame.new(0, 0, 0, 1, 0, 0, 0, 0.999657, 0.026179, 0, -0.026179, 0.999657)

[43]
    Time: 0.700000
    HumanoidRootPart.CFrame = CFrame.new(0, 0, 0, 1, 0, 0, 0, 1, 0, 0, 0, 1)
    Torso.CFrame = CFrame.new(0, 0.05698, -0.109884, 1, 0, 0, 0, 0.996995, 0.077462, 0, -0.077462, 0.996995)
    Right Arm.CFrame = CFrame.new(0.127187, -0.496259, -0.02054, -0.608113, -0.591643, 0.529299, 0.747711, -0.650871, 0.131513, 0.266697, 0.475737, 0.838181)
    Left Arm.CFrame = CFrame.new(-0.127187, -0.49626, -0.02054, -0.608113, 0.591643, -0.529299, -0.74771, -0.650871, 0.131512, -0.266697, 0.475737, 0.838181)
    Right Leg.CFrame = CFrame.new(0.205673, 0.041861, -0.005219, 0.97934, 0.202067, 0.00773, -0.202213, 0.978867, 0.030514, -0.001401, -0.031447, 0.999504)
    Left Leg.CFrame = CFrame.new(-0.205673, 0.041861, -0.005219, 0.97934, -0.202067, -0.00773, 0.202213, 0.978867, 0.030514, 0.001401, -0.031446, 0.999505)
