[1]
    Time: 0.000000
    HumanoidRootPart.CFrame = CFrame.new(0, 0, 0, 1, 0, 0, 0, 1, 0, 0, 0, 1)
    Torso.CFrame = CFrame.new(-0.0434924, 3.60376e-08, -0.200752, 1, 0, -8.74228e-08, 0, 1, 0, 8.74228e-08, 0, 1)
    Right Arm.CFrame = CFrame.new(0.446275, -0.248686, 0.181103, -0.735843, -0.624141, 0.262647, 0.62414, -0.474697, 0.620574, -0.262648, 0.620574, 0.738854)
    Left Arm.CFrame = CFrame.new(-0.418544, 0.0556723, 0.114899, -0.737947, 0.619941, -0.26666, -0.638875, -0.514446, 0.572001, 0.217425, 0.592468, 0.775698)
    Right Leg.CFrame = CFrame.new(0.255308, 0.151478, 0.167157, 0.871246, 0.246133, -0.424675, -0.257449, 0.965776, 0.0315715, 0.417912, 0.0818257, 0.904795)
    Left Leg.CFrame = CFrame.new(-0.276293, 0.172944, 0.175107, 0.864293, -0.256194, 0.432854, 0.248062, 0.965736, 0.0762781, -0.437565, 0.041448, 0.898231)
    Head.CFrame = CFrame.new(8.62717e-08, -2.94705e-08, 0, 0.9998, -0.0199238, 0.0014972, 0.0199238, 0.988572, -0.149428, 0.00149709, 0.149428, 0.988772)

[2]
    Time: 0.033333
    HumanoidRootPart.CFrame = CFrame.new(0, 0, 0, 1, 0, 0, 0, 1, 0, 0, 0, 1)
    Torso.CFrame = CFrame.new(-0.126766, 6.38446e-08, -0.194571, 0.996068, 0.0819724, -0.0336063, -0.0804663, 0.995788, 0.043955, 0.0370679, -0.041078, 0.998468)
    Right Arm.CFrame = CFrame.new(0.355891, -0.322059, 0.183515, -0.72662, -0.628059, 0.278506, 0.628669, -0.444298, 0.638259, -0.277125, 0.63886, 0.717677)
    Left Arm.CFrame = CFrame.new(-0.419195, 0.11271, 0.156597, -0.623927, 0.780948, 0.028892, -0.638611, -0.530821, 0.557139, 0.450434, 0.329164, 0.829916)
    Right Leg.CFrame = CFrame.new(0.401742, 0.182598, 0.0911566, 0.924312, 0.305187, -0.229147, -0.286407, 0.951538, 0.112014, 0.252227, -0.0379065, 0.966925)
    Left Leg.CFrame = CFrame.new(-0.2822, 0.146672, 0.121033, 0.877461, -0.331576, 0.346583, 0.28916, 0.942189, 0.169312, -0.382686, -0.0483465, 0.922612)
    Head.CFrame = CFrame.new(7.19447e-08, -9.31323e-10, 2.38419e-07, 0.995343, -0.0642842, 0.0718354, 0.0732773, 0.988734, -0.130521, -0.0626356, 0.135177, 0.98884)

[3]
    Time: 0.066667
    HumanoidRootPart.CFrame = CFrame.new(0, 0, 0, 1, 0, 0, 0, 1, 0, 0, 0, 1)
    Torso.CFrame = CFrame.new(-0.20604, 6.09135e-08, -0.231961, 0.983075, 0.172171, -0.0626117, -0.166266, 0.98199, 0.0897311, 0.0769331, -0.0778023, 0.993996)
    Right Arm.CFrame = CFrame.new(0.26193, -0.392008, 0.191488, -0.715783, -0.659059, 0.230857, 0.613565, -0.435688, 0.65857, -0.333455, 0.613039, 0.716234)
    Left Arm.CFrame = CFrame.new(-0.40658, 0.136614, 0.21632, -0.362115, 0.831966, 0.420364, -0.650021, -0.548609, 0.525834, 0.668091, -0.0828326, 0.739454)
    Right Leg.CFrame = CFrame.new(0.595552, 0.229748, -0.0676133, 0.935849, 0.34923, 0.0471646, -0.350749, 0.910139, 0.220503, 0.0340801, -0.222901, 0.974245)
    Left Leg.CFrame = CFrame.new(-0.301927, 0.112996, 0.0538765, 0.892638, -0.412509, 0.181753, 0.362697, 0.896678, 0.253811, -0.267673, -0.16064, 0.950024)
    Head.CFrame = CFrame.new(6.14673e-08, 2.6077e-08, -1.19209e-07, 0.983815, -0.116478, 0.136167, 0.128929, 0.987875, -0.086486, -0.124442, 0.102642, 0.986904)

[4]
    Time: 0.100000
    HumanoidRootPart.CFrame = CFrame.new(0, 0, 0, 1, 0, 0, 0, 1, 0, 0, 0, 1)
    Torso.CFrame = CFrame.new(-0.273402, 1.60492e-07, -0.333779, 0.963458, 0.254246, -0.0843086, -0.242694, 0.961766, 0.126911, 0.113352, -0.101813, 0.988325)
    Right Arm.CFrame = CFrame.new(0.177736, -0.450793, 0.201992, -0.699228, -0.698585, 0.15185, 0.58977, -0.443631, 0.674805, -0.404044, 0.5614, 0.722205)
    Left Arm.CFrame = CFrame.new(-0.375839, 0.137885, 0.272473, -0.040106, 0.691648, 0.72112, -0.672655, -0.552361, 0.492375, 0.738868, -0.465318, 0.487394)
    Right Leg.CFrame = CFrame.new(0.766889, 0.273386, -0.317756, 0.879357, 0.348648, 0.324307, -0.450172, 0.830666, 0.327626, -0.155164, -0.434095, 0.887404)
    Left Leg.CFrame = CFrame.new(-0.347424, 0.0753605, -0.00506777, 0.869146, -0.494346, -0.0144105, 0.475923, 0.828121, 0.296163, -0.134473, -0.264267, 0.955029)
    Head.CFrame = CFrame.new(8.9407e-08, -3.72529e-08, 1.19209e-07, 0.968537, -0.169596, 0.182135, 0.176912, 0.98392, -0.0245816, -0.175037, 0.05603, 0.982966)

[5]
    Time: 0.133333
    HumanoidRootPart.CFrame = CFrame.new(0, 0, 0, 1, 0, 0, 0, 1, 0, 0, 0, 1)
    Torso.CFrame = CFrame.new(-0.320596, 1.37816e-07, -0.517014, 0.94464, 0.312856, -0.0988782, -0.297428, 0.943739, 0.144543, 0.138537, -0.107132, 0.984546)
    Right Arm.CFrame = CFrame.new(0.116843, -0.490886, 0.211744, -0.679362, -0.730006, 0.0745504, 0.569803, -0.460784, 0.680443, -0.462376, 0.504746, 0.728999)
    Left Arm.CFrame = CFrame.new(-0.343959, 0.128879, 0.306949, 0.185765, 0.497116, 0.847565, -0.692982, -0.545245, 0.471683, 0.696612, -0.674969, 0.243205)
    Right Leg.CFrame = CFrame.new(0.856425, 0.331952, -0.611813, 0.804545, 0.29769, 0.513895, -0.54198, 0.72183, 0.430371, -0.242827, -0.624773, 0.742087)
    Left Leg.CFrame = CFrame.new(-0.494248, 0.0204409, -0.0662597, 0.779607, -0.599594, -0.180834, 0.623473, 0.715812, 0.314475, -0.059114, -0.357912, 0.931882)
    Head.CFrame = CFrame.new(6.33299e-08, 2.98023e-08, 1.19209e-07, 0.955634, -0.212859, 0.203604, 0.208224, 0.977083, 0.0441818, -0.208342, 0.00017345, 0.978056)

[6]
    Time: 0.166667
    HumanoidRootPart.CFrame = CFrame.new(0, 0, 0, 1, 0, 0, 0, 1, 0, 0, 0, 1)
    Torso.CFrame = CFrame.new(-0.338553, 1.40527e-07, -0.642405, 0.936294, 0.334318, -0.107632, -0.319979, 0.938321, 0.131027, 0.144798, -0.0882399, 0.985519)
    Right Arm.CFrame = CFrame.new(0.0934908, -0.505005, 0.217043, -0.667625, -0.743708, 0.034269, 0.566206, -0.477318, 0.671996, -0.483411, 0.468045, 0.739762)
    Left Arm.CFrame = CFrame.new(-0.330443, 0.122979, 0.318216, 0.262706, 0.410652, 0.873127, -0.700932, -0.540652, 0.465178, 0.663084, -0.734207, 0.145806)
    Right Leg.CFrame = CFrame.new(0.843748, 0.382337, -0.784223, 0.787783, 0.22007, 0.575297, -0.556749, 0.653954, 0.512225, -0.263493, -0.723818, 0.637698)
    Left Leg.CFrame = CFrame.new(-0.5882, -0.00887918, -0.121582, 0.725054, -0.631812, -0.274063, 0.687953, 0.646021, 0.330723, -0.031905, -0.428334, 0.903057)
    Head.CFrame = CFrame.new(1.04308e-07, -2.98023e-08, -1.19209e-07, 0.951309, -0.234025, 0.200609, 0.215589, 0.970314, 0.109598, -0.220303, -0.061012, 0.973522)

[7]
    Time: 0.200000
    HumanoidRootPart.CFrame = CFrame.new(0, 0, 0, 1, 0, 0, 0, 1, 0, 0, 0, 1)
    Torso.CFrame = CFrame.new(-0.331841, 1.69316e-07, -0.60129, 0.939292, 0.324428, -0.111704, -0.315387, 0.944559, 0.0913216, 0.135138, -0.0505478, 0.989537)
    Right Arm.CFrame = CFrame.new(0.109308, -0.47476, 0.205798, -0.677991, -0.734709, 0.0230399, 0.562091, -0.497991, 0.660348, -0.47369, 0.46066, 0.750607)
    Left Arm.CFrame = CFrame.new(-0.333521, 0.112324, 0.315096, 0.227265, 0.441256, 0.868127, -0.696887, -0.548986, 0.461478, 0.68022, -0.709864, 0.182741)
    Right Leg.CFrame = CFrame.new(0.81294, 0.41751, -0.738373, 0.826811, 0.174824, 0.534622, -0.489864, 0.690923, 0.531657, -0.276436, -0.701472, 0.656902)
    Left Leg.CFrame = CFrame.new(-0.576876, 0.0317609, -0.126465, 0.774012, -0.574877, -0.265371, 0.632955, 0.69155, 0.348032, -0.0165581, -0.437349, 0.899139)
    Head.CFrame = CFrame.new(1.38767e-07, -1.49012e-08, 0, 0.954514, -0.23687, 0.181093, 0.206839, 0.963488, 0.170028, -0.214756, -0.124837, 0.968657)

[8]
    Time: 0.233333
    HumanoidRootPart.CFrame = CFrame.new(0, 0, 0, 1, 0, 0, 0, 1, 0, 0, 0, 1)
    Torso.CFrame = CFrame.new(-0.311999, 1.51419e-07, -0.518308, 0.947608, 0.299083, -0.112201, -0.296943, 0.954227, 0.035714, 0.117747, -0.000525485, 0.993043)
    Right Arm.CFrame = CFrame.new(0.150291, -0.396628, 0.174327, -0.708561, -0.705591, 0.00910368, 0.537484, -0.531297, 0.654855, -0.457223, 0.468898, 0.7557)
    Left Arm.CFrame = CFrame.new(-0.341783, 0.0824876, 0.305434, 0.121797, 0.523401, 0.843337, -0.683059, -0.572262, 0.453813, 0.720136, -0.631322, 0.287814)
    Right Leg.CFrame = CFrame.new(0.767975, 0.487271, -0.57753, 0.901041, 0.147845, 0.407759, -0.357297, 0.785981, 0.504552, -0.245895, -0.600313, 0.761025)
    Left Leg.CFrame = CFrame.new(-0.563709, 0.113216, -0.0971981, 0.852534, -0.497969, -0.158787, 0.518846, 0.769605, 0.372165, -0.0631234, -0.399669, 0.914484)
    Head.CFrame = CFrame.new(1.16415e-07, -4.77303e-09, -1.78814e-07, 0.960528, -0.231957, 0.153562, 0.192838, 0.953065, 0.233412, -0.200496, -0.194586, 0.960176)

[9]
    Time: 0.266667
    HumanoidRootPart.CFrame = CFrame.new(0, 0, 0, 1, 0, 0, 0, 1, 0, 0, 0, 1)
    Torso.CFrame = CFrame.new(-0.279345, 1.61389e-07, -0.432713, 0.95945, 0.260729, -0.107124, -0.265118, 0.963787, -0.0287513, 0.0957486, 0.0559859, 0.99383)
    Right Arm.CFrame = CFrame.new(0.207623, -0.285724, 0.131445, -0.749403, -0.662073, -0.00732527, 0.498993, -0.572015, 0.651003, -0.435202, 0.484208, 0.75904)
    Left Arm.CFrame = CFrame.new(-0.352887, 0.0365756, 0.287687, -0.0573774, 0.633763, 0.771396, -0.654965, -0.607045, 0.450018, 0.753477, -0.479417, 0.449924)
    Right Leg.CFrame = CFrame.new(0.674443, 0.540051, -0.332629, 0.974183, 0.115888, 0.193744, -0.187334, 0.893887, 0.407274, -0.125987, -0.433054, 0.89252)
    Left Leg.CFrame = CFrame.new(-0.521283, 0.218769, -0.0318373, 0.917024, -0.397751, 0.0293672, 0.361541, 0.86011, 0.359859, -0.168393, -0.319382, 0.932544)
    Head.CFrame = CFrame.new(4.14439e-08, -1.86265e-08, -5.96046e-08, 0.968297, -0.217371, 0.123086, 0.173274, 0.939387, 0.295852, -0.179935, -0.265145, 0.94727)

[10]
    Time: 0.300000
    HumanoidRootPart.CFrame = CFrame.new(0, 0, 0, 1, 0, 0, 0, 1, 0, 0, 0, 1)
    Torso.CFrame = CFrame.new(-0.234041, 1.54549e-07, -0.359377, 0.972635, 0.212089, -0.0948664, -0.220849, 0.97077, -0.0939771, 0.0721619, 0.112357, 0.991044)
    Right Arm.CFrame = CFrame.new(0.272608, -0.157131, 0.0859673, -0.791157, -0.611071, -0.0257487, 0.454278, -0.615303, 0.644231, -0.409514, 0.497991, 0.764398)
    Left Arm.CFrame = CFrame.new(-0.362252, -0.0228682, 0.26066, -0.299969, 0.726638, 0.618075, -0.609787, -0.644314, 0.46154, 0.733606, -0.238447, 0.636369)
    Right Leg.CFrame = CFrame.new(0.508934, 0.512277, -0.0632286, 0.995011, 0.0591249, -0.0803526, -0.0393325, 0.972707, 0.228679, 0.0916802, -0.224378, 0.97018)
    Left Leg.CFrame = CFrame.new(-0.405235, 0.304127, 0.0701747, 0.926461, -0.263678, 0.268597, 0.191551, 0.944587, 0.266579, -0.324004, -0.195525, 0.92563)
    Head.CFrame = CFrame.new(1.04308e-07, -4.47035e-08, 1.19209e-07, 0.976905, -0.191747, 0.0942816, 0.147316, 0.924022, 0.35282, -0.15477, -0.330783, 0.930929)

[11]
    Time: 0.333333
    HumanoidRootPart.CFrame = CFrame.new(0, 0, 0, 1, 0, 0, 0, 1, 0, 0, 0, 1)
    Torso.CFrame = CFrame.new(-0.176111, 1.45801e-07, -0.300249, 0.9849, 0.156289, -0.0744637, -0.165804, 0.975287, -0.146029, 0.0498008, 0.15617, 0.986474)
    Right Arm.CFrame = CFrame.new(0.336753, -0.0257776, 0.0466787, -0.826238, -0.561514, -0.0450861, 0.412667, -0.657809, 0.630074, -0.383453, 0.501986, 0.775225)
    Left Arm.CFrame = CFrame.new(-0.363839, -0.0940776, 0.22708, -0.555605, 0.741739, 0.375667, -0.554458, -0.667227, 0.497378, 0.61958, 0.0680546, 0.781978)
    Right Leg.CFrame = CFrame.new(0.301753, 0.389623, 0.134084, 0.939016, -0.0135171, -0.343608, 0.0222428, 0.999522, 0.021465, 0.343154, -0.0277988, 0.938868)
    Left Leg.CFrame = CFrame.new(-0.229177, 0.303511, 0.173176, 0.864244, -0.113247, 0.490161, 0.075596, 0.992505, 0.0960189, -0.497361, -0.0459295, 0.866327)
    Head.CFrame = CFrame.new(1.00583e-07, -4.47035e-08, 4.76837e-07, 0.985472, -0.15411, 0.0713792, 0.114017, 0.911805, 0.394477, -0.125877, -0.380607, 0.916129)

[12]
    Time: 0.366667
    HumanoidRootPart.CFrame = CFrame.new(0, 0, 0, 1, 0, 0, 0, 1, 0, 0, 0, 1)
    Torso.CFrame = CFrame.new(-0.105439, 1.3513e-07, -0.253894, 0.994274, 0.0960969, -0.0467445, -0.102592, 0.980801, -0.165843, 0.0299101, 0.169689, 0.985044)
    Right Arm.CFrame = CFrame.new(0.391735, 0.0935633, 0.0223199, -0.849269, -0.524058, -0.0640693, 0.384996, -0.697762, 0.604075, -0.361275, 0.488356, 0.794348)
    Left Arm.CFrame = CFrame.new(-0.355333, -0.175078, 0.194905, -0.748485, 0.655996, 0.0971554, -0.507648, -0.661054, 0.552541, 0.42669, 0.364248, 0.827804)
    Right Leg.CFrame = CFrame.new(0.119697, 0.242839, 0.214807, 0.838365, -0.0568795, -0.542134, -0.0111124, 0.992551, -0.121321, 0.544997, 0.107735, 0.831488)
    Left Leg.CFrame = CFrame.new(-0.080696, 0.222882, 0.229099, 0.777702, -0.00790938, 0.628583, 0.062257, 0.995974, -0.0644941, -0.625542, 0.089291, 0.775064)
    Head.CFrame = CFrame.new(1.22935e-07, -5.7742e-08, 1.19209e-07, 0.992982, -0.103616, 0.0570144, 0.0717494, 0.911027, 0.406056, -0.0940155, -0.399115, 0.912068)

[13]
    Time: 0.400000
    HumanoidRootPart.CFrame = CFrame.new(0, 0, 0, 1, 0, 0, 0, 1, 0, 0, 0, 1)
    Torso.CFrame = CFrame.new(-0.0217713, 1.52299e-07, -0.218418, 0.999346, 0.0326026, -0.0156335, -0.0346546, 0.987005, -0.156908, 0.0103147, 0.157348, 0.987489)
    Right Arm.CFrame = CFrame.new(0.429312, 0.186135, 0.0216517, -0.856148, -0.510141, -0.082265, 0.383148, -0.733544, 0.561348, -0.346711, 0.449077, 0.823481)
    Left Arm.CFrame = CFrame.new(-0.341778, -0.262283, 0.17153, -0.843204, 0.519974, -0.136503, -0.485361, -0.627152, 0.609184, 0.231151, 0.57992, 0.781193)
    Right Leg.CFrame = CFrame.new(-0.00552776, 0.147241, 0.217285, 0.741649, -0.0578665, -0.668287, -0.0710372, 0.983894, -0.16403, 0.667016, 0.169126, 0.725594)
    Left Leg.CFrame = CFrame.new(-0.0110153, 0.139482, 0.238373, 0.730272, 0.0283355, 0.682569, 0.101047, 0.983669, -0.148944, -0.675642, 0.177741, 0.715483)
    Head.CFrame = CFrame.new(9.03383e-08, -1.92085e-08, 1.19209e-07, 0.997957, -0.0390882, 0.0505305, 0.0161431, 0.919594, 0.392539, -0.0618111, -0.390921, 0.918346)

[14]
    Time: 0.433333
    HumanoidRootPart.CFrame = CFrame.new(0, 0, 0, 1, 0, 0, 0, 1, 0, 0, 0, 1)
    Torso.CFrame = CFrame.new(0.0745661, 1.67555e-07, -0.196536, 0.999345, -0.0328818, 0.0151346, 0.0345265, 0.991465, -0.12572, -0.0108715, 0.12616, 0.99195)
    Right Arm.CFrame = CFrame.new(0.4492, 0.239177, 0.0559411, -0.79149, -0.581697, -0.187544, 0.428654, -0.747063, 0.508086, -0.43566, 0.321753, 0.84064)
    Left Arm.CFrame = CFrame.new(-0.331026, -0.350991, 0.158419, -0.86599, 0.412271, -0.283009, -0.488745, -0.578077, 0.653418, 0.105784, 0.704173, 0.702104)
    Right Leg.CFrame = CFrame.new(-0.0533897, 0.129148, 0.196074, 0.693557, -0.00800741, -0.720358, -0.106873, 0.98773, -0.113876, 0.712431, 0.155967, 0.684191)
    Left Leg.CFrame = CFrame.new(-0.0302678, 0.105587, 0.234227, 0.746713, -0.00229856, 0.665142, 0.140463, 0.977987, -0.154309, -0.650146, 0.208653, 0.730599)
    Head.CFrame = CFrame.new(1.08965e-07, 1.16415e-09, -2.38419e-07, 0.997041, 0.0547609, 0.0539411, -0.0704788, 0.931363, 0.357204, -0.0306779, -0.359949, 0.932467)

[15]
    Time: 0.466667
    HumanoidRootPart.CFrame = CFrame.new(0, 0, 0, 1, 0, 0, 0, 1, 0, 0, 0, 1)
    Torso.CFrame = CFrame.new(0.178026, 1.51933e-07, -0.193981, 0.994242, -0.0983204, 0.0426063, 0.10146, 0.991685, -0.0791584, -0.0344691, 0.0830254, 0.995951)
    Right Arm.CFrame = CFrame.new(0.453435, 0.25308, 0.125628, -0.559082, -0.707415, -0.432425, 0.528516, -0.705927, 0.471527, -0.638826, 0.0350787, 0.768551)
    Left Arm.CFrame = CFrame.new(-0.325198, -0.436763, 0.16152, -0.852435, 0.368928, -0.370469, -0.519941, -0.523741, 0.674802, 0.0549234, 0.767846, 0.638275)
    Right Leg.CFrame = CFrame.new(-0.00534533, 0.167915, 0.168148, 0.732462, 0.096185, -0.673979, -0.114314, 0.99329, 0.0175214, 0.671142, 0.0642115, 0.738542)
    Left Leg.CFrame = CFrame.new(-0.151245, 0.135927, 0.228273, 0.822456, -0.0870802, 0.562123, 0.170005, 0.980675, -0.0968196, -0.542829, 0.175194, 0.821367)
    Head.CFrame = CFrame.new(9.03383e-08, 2.42144e-08, 1.19209e-07, 0.982317, 0.176371, 0.0628275, -0.187141, 0.935112, 0.300905, -0.00567986, -0.307342, 0.951582)

[16]
    Time: 0.500000
    HumanoidRootPart.CFrame = CFrame.new(0, 0, 0, 1, 0, 0, 0, 1, 0, 0, 0, 1)
    Torso.CFrame = CFrame.new(0.276346, 1.59439e-07, -0.213989, 0.984816, -0.161016, 0.0648965, 0.162881, 0.986341, -0.0245129, -0.0600631, 0.0347111, 0.997591)
    Right Arm.CFrame = CFrame.new(0.432842, 0.233847, 0.216362, -0.142273, -0.714735, -0.684772, 0.633238, -0.597438, 0.492014, -0.760768, -0.363623, 0.537597)
    Left Arm.CFrame = CFrame.new(-0.321694, -0.515536, 0.181916, -0.819475, 0.371219, -0.436643, -0.571403, -0.470376, 0.672491, 0.0442555, 0.800589, 0.597577)
    Right Leg.CFrame = CFrame.new(0.102418, 0.193627, 0.109661, 0.835625, 0.223815, -0.501634, -0.145306, 0.970761, 0.191075, 0.529732, -0.0867764, 0.843714)
    Left Leg.CFrame = CFrame.new(-0.359029, 0.204378, 0.175792, 0.910712, -0.197804, 0.362598, 0.211535, 0.977369, 0.00187435, -0.354763, 0.0749953, 0.931944)
    Head.CFrame = CFrame.new(1.07568e-07, 1.11759e-08, 2.38419e-07, 0.951285, 0.300781, 0.0677237, -0.308249, 0.923432, 0.228597, 0.00621946, -0.238336, 0.971163)

[17]
    Time: 0.533333
    HumanoidRootPart.CFrame = CFrame.new(0, 0, 0, 1, 0, 0, 0, 1, 0, 0, 0, 1)
    Torso.CFrame = CFrame.new(0.356905, 1.47275e-07, -0.260398, 0.972564, -0.21795, 0.0813462, 0.21611, 0.97588, 0.0308821, -0.0861149, -0.012455, 0.996207)
    Right Arm.CFrame = CFrame.new(0.390223, 0.193638, 0.300018, 0.277835, -0.550906, -0.786963, 0.675456, -0.470472, 0.567816, -0.683057, -0.689318, 0.241399)
    Left Arm.CFrame = CFrame.new(-0.319665, -0.583608, 0.211294, -0.777332, 0.39946, -0.48599, -0.62644, -0.420668, 0.656211, 0.0576893, 0.814537, 0.577236)
    Right Leg.CFrame = CFrame.new(0.163154, 0.169553, 0.0248127, 0.922711, 0.311951, -0.226476, -0.229633, 0.916676, 0.327067, 0.309634, -0.249782, 0.917461)
    Left Leg.CFrame = CFrame.new(-0.604689, 0.272904, 0.0211232, 0.951349, -0.297781, 0.0791256, 0.287781, 0.950512, 0.117084, -0.110075, -0.0886167, 0.989965)
    Head.CFrame = CFrame.new(7.68341e-08, -2.98023e-08, 1.19209e-07, 0.912504, 0.404432, 0.0614187, -0.409039, 0.900296, 0.148845, 0.00490267, -0.160944, 0.986951)

[18]
    Time: 0.566667
    HumanoidRootPart.CFrame = CFrame.new(0, 0, 0, 1, 0, 0, 0, 1, 0, 0, 0, 1)
    Torso.CFrame = CFrame.new(0.414488, 1.4603e-07, -0.337107, 0.959478, -0.266194, 0.0924301, 0.259298, 0.962463, 0.0801857, -0.110306, -0.0529694, 0.992485)
    Right Arm.CFrame = CFrame.new(0.348855, 0.145274, 0.357622, 0.531644, -0.367906, -0.762889, 0.662539, -0.380477, 0.645197, -0.527634, -0.848459, 0.0414739)
    Left Arm.CFrame = CFrame.new(-0.318506, -0.637232, 0.241856, -0.734394, 0.436408, -0.519821, -0.673899, -0.377692, 0.634987, 0.0807813, 0.816638, 0.57147)
    Right Leg.CFrame = CFrame.new(0.0271641, 0.186048, -0.0366975, 0.956285, 0.287656, 0.0526574, -0.286068, 0.882802, 0.372594, 0.0606928, -0.37137, 0.926499)
    Left Leg.CFrame = CFrame.new(-0.808804, 0.307422, -0.23652, 0.907702, -0.352909, -0.227008, 0.400154, 0.890842, 0.21512, 0.12631, -0.286103, 0.949837)
    Head.CFrame = CFrame.new(9.49949e-08, 7.45058e-09, 1.19209e-07, 0.882907, 0.467823, 0.0401986, -0.469545, 0.879939, 0.0723492, -0.00152567, -0.0827527, 0.996569)

[19]
    Time: 0.600000
    HumanoidRootPart.CFrame = CFrame.new(0, 0, 0, 1, 0, 0, 0, 1, 0, 0, 0, 1)
    Torso.CFrame = CFrame.new(0.450759, 1.40554e-07, -0.445247, 0.947738, -0.303171, 0.0994006, 0.291375, 0.949371, 0.117451, -0.129976, -0.0823503, 0.988092)
    Right Arm.CFrame = CFrame.new(0.327188, 0.0949422, 0.387782, 0.631633, -0.287403, -0.720027, 0.641337, -0.328104, 0.693567, -0.435577, -0.89986, -0.0229191)
    Left Arm.CFrame = CFrame.new(-0.317907, -0.672447, 0.265888, -0.700393, 0.467742, -0.539135, -0.706478, -0.346698, 0.617001, 0.10168, 0.81303, 0.573274)
    Right Leg.CFrame = CFrame.new(0.128809, 0.177119, -0.0505137, 0.890622, 0.375798, 0.256063, -0.448236, 0.820394, 0.355019, -0.0766568, -0.430964, 0.899107)
    Left Leg.CFrame = CFrame.new(-0.920298, 0.312775, -0.520307, 0.80767, -0.357894, -0.468595, 0.518138, 0.810107, 0.274335, 0.281429, -0.464369, 0.839737)
    Head.CFrame = CFrame.new(6.33299e-08, -4.47035e-08, 3.57628e-07, 0.869861, 0.493199, 0.00980823, -0.493263, 0.869863, 0.00550949, -0.00581453, -0.00963051, 0.999937)

[20]
    Time: 0.633333
    HumanoidRootPart.CFrame = CFrame.new(0, 0, 0, 1, 0, 0, 0, 1, 0, 0, 0, 1)
    Torso.CFrame = CFrame.new(0.469767, 1.67486e-07, -0.570758, 0.939429, -0.32666, 0.103758, 0.311704, 0.940151, 0.137683, -0.142524, -0.0970013, 0.985027)
    Right Arm.CFrame = CFrame.new(0.324408, 0.0421833, 0.398678, 0.646834, -0.310359, -0.696623, 0.631784, -0.293548, 0.717411, -0.427147, -0.904161, 0.00620327)
    Left Arm.CFrame = CFrame.new(-0.317737, -0.685117, 0.275626, -0.6865, 0.480985, -0.545318, -0.71866, -0.334685, 0.609519, 0.11066, 0.810333, 0.575426)
    Right Leg.CFrame = CFrame.new(0.178698, 0.167524, -0.0641062, 0.829463, 0.430456, 0.355946, -0.543415, 0.76929, 0.335996, -0.129194, -0.472123, 0.872014)
    Left Leg.CFrame = CFrame.new(-0.957416, 0.337673, -0.731358, 0.727718, -0.340959, -0.595125, 0.596261, 0.743312, 0.303248, 0.338969, -0.575529, 0.744222)
    Head.CFrame = CFrame.new(7.82311e-08, -5.96046e-08, 1.19209e-07, 0.868555, 0.495221, -0.0191741, -0.495544, 0.867281, -0.0475466, -0.00691675, 0.0507984, 0.998685)

[21]
    Time: 0.666667
    HumanoidRootPart.CFrame = CFrame.new(0, 0, 0, 1, 0, 0, 0, 1, 0, 0, 0, 1)
    Torso.CFrame = CFrame.new(0.47538, 1.66638e-07, -0.642405, 0.936315, -0.334573, 0.106654, 0.319512, 0.937692, 0.136548, -0.145694, -0.0937746, 0.984876)
    Right Arm.CFrame = CFrame.new(0.335722, -0.0134797, 0.395528, 0.600032, -0.415884, -0.683376, 0.637026, -0.26833, 0.722632, -0.483901, -0.86893, 0.103922)
    Left Arm.CFrame = CFrame.new(-0.320004, -0.647247, 0.231349, -0.686569, 0.482459, -0.543928, -0.718961, -0.339119, 0.606707, 0.108255, 0.807609, 0.579698)
    Right Leg.CFrame = CFrame.new(0.327767, 0.0865063, -0.0911024, 0.781446, 0.517622, 0.34844, -0.620789, 0.701293, 0.350442, -0.0629619, -0.490159, 0.869356)
    Left Leg.CFrame = CFrame.new(-0.965669, 0.40215, -0.776059, 0.725052, -0.33751, -0.600322, 0.599218, 0.738825, 0.308342, 0.339465, -0.583288, 0.737929)
    Head.CFrame = CFrame.new(-7.45058e-09, 0, -5.96046e-08, 0.878671, 0.475695, -0.0406358, -0.477419, 0.874957, -0.080755, -0.00286016, 0.0903574, 0.995905)

[22]
    Time: 0.700000
    HumanoidRootPart.CFrame = CFrame.new(0, 0, 0, 1, 0, 0, 0, 1, 0, 0, 0, 1)
    Torso.CFrame = CFrame.new(0.47083, 1.67325e-07, -0.60208, 0.939677, -0.32434, 0.108677, 0.312704, 0.943295, 0.111404, -0.138647, -0.0707005, 0.987815)
    Right Arm.CFrame = CFrame.new(0.356133, -0.0715996, 0.380725, 0.484688, -0.581055, -0.653799, 0.655799, -0.253208, 0.711206, -0.578796, -0.773474, 0.258328)
    Left Arm.CFrame = CFrame.new(-0.326115, -0.551613, 0.134403, -0.685664, 0.490864, -0.537511, -0.720431, -0.351971, 0.597575, 0.10414, 0.796975, 0.594967)
    Right Leg.CFrame = CFrame.new(0.415399, 0.0770392, -0.0899435, 0.804517, 0.536152, 0.255528, -0.593517, 0.709694, 0.379568, 0.022159, -0.457029, 0.889176)
    Left Leg.CFrame = CFrame.new(-0.961751, 0.450394, -0.629255, 0.791257, -0.352502, -0.499655, 0.532106, 0.799534, 0.278582, 0.301291, -0.4863, 0.820205)
    Head.CFrame = CFrame.new(4.47035e-08, 3.72529e-08, -1.19209e-07, 0.89883, 0.435441, -0.0499631, -0.438262, 0.894352, -0.0897825, 0.00558961, 0.102596, 0.994707)

[23]
    Time: 0.733333
    HumanoidRootPart.CFrame = CFrame.new(0, 0, 0, 1, 0, 0, 0, 1, 0, 0, 0, 1)
    Torso.CFrame = CFrame.new(0.453353, 1.55063e-07, -0.489269, 0.948775, -0.296542, 0.109037, 0.290817, 0.954535, 0.0654785, -0.123497, -0.0304144, 0.991879)
    Right Arm.CFrame = CFrame.new(0.378876, -0.131218, 0.356094, 0.291135, -0.765286, -0.574088, 0.682851, -0.254056, 0.68496, -0.670041, -0.591433, 0.448612)
    Left Arm.CFrame = CFrame.new(-0.335059, -0.425184, 0.0387146, -0.682002, 0.512342, -0.5219, -0.724068, -0.372561, 0.580451, 0.102951, 0.77376, 0.625058)
    Right Leg.CFrame = CFrame.new(0.4074, 0.130407, -0.0514054, 0.873831, 0.47712, 0.0936805, -0.473233, 0.790288, 0.389225, 0.111673, -0.38445, 0.916367)
    Left Leg.CFrame = CFrame.new(-0.899393, 0.444354, -0.360257, 0.885669, -0.347754, -0.307665, 0.419823, 0.882811, 0.210696, 0.19834, -0.315772, 0.927874)
    Head.CFrame = CFrame.new(5.02914e-08, 2.23517e-08, -5.96046e-08, 0.925191, 0.376683, -0.0461644, -0.379232, 0.922253, -0.0750489, 0.0143056, 0.0869416, 0.996111)

[24]
    Time: 0.766667
    HumanoidRootPart.CFrame = CFrame.new(0, 0, 0, 1, 0, 0, 0, 1, 0, 0, 0, 1)
    Torso.CFrame = CFrame.new(0.413397, 1.57371e-07, -0.381672, 0.961484, -0.253868, 0.105357, 0.254612, 0.967021, 0.00655606, -0.103547, 0.0205216, 0.994413)
    Right Arm.CFrame = CFrame.new(0.394964, -0.191441, 0.32597, 0.0345627, -0.905755, -0.42239, 0.708025, -0.276094, 0.649979, -0.705341, -0.321528, 0.631755)
    Left Arm.CFrame = CFrame.new(-0.345831, -0.294966, -0.0015471, -0.673172, 0.55314, -0.490792, -0.73135, -0.399814, 0.552518, 0.109394, 0.73088, 0.673682)
    Right Leg.CFrame = CFrame.new(0.36235, 0.1964, 0.00831151, 0.918295, 0.379094, -0.114113, -0.320199, 0.880702, 0.349052, 0.232823, -0.283993, 0.93013)
    Left Leg.CFrame = CFrame.new(-0.750415, 0.398269, -0.0956446, 0.954546, -0.28969, -0.070154, 0.296292, 0.947839, 0.117522, 0.0324496, -0.132966, 0.990589)
    Head.CFrame = CFrame.new(6.1118e-08, 1.02445e-08, 3.57628e-07, 0.952667, 0.302448, -0.0308291, -0.303527, 0.95198, -0.0400691, 0.0172299, 0.04753, 0.998721)

[25]
    Time: 0.800000
    HumanoidRootPart.CFrame = CFrame.new(0, 0, 0, 1, 0, 0, 0, 1, 0, 0, 0, 1)
    Torso.CFrame = CFrame.new(0.336211, 1.42949e-07, -0.306845, 0.975256, -0.199524, 0.0952127, 0.205142, 0.977279, -0.0533103, -0.0824127, 0.0715234, 0.994028)
    Right Arm.CFrame = CFrame.new(0.400955, -0.252069, 0.295864, -0.232128, -0.94865, -0.214893, 0.720515, -0.316115, 0.617195, -0.653433, -0.011565, 0.756896)
    Left Arm.CFrame = CFrame.new(-0.358337, -0.182475, 0.00684607, -0.658118, 0.625362, -0.419288, -0.738945, -0.429707, 0.518953, 0.144363, 0.651363, 0.744906)
    Right Leg.CFrame = CFrame.new(0.284753, 0.24194, 0.0826238, 0.911274, 0.257614, -0.321272, -0.186165, 0.953604, 0.236606, 0.367319, -0.155803, 0.916953)
    Left Leg.CFrame = CFrame.new(-0.562949, 0.336857, 0.0790695, 0.969944, -0.194132, 0.146699, 0.191832, 0.980975, 0.0298028, -0.149694, -0.00076542, 0.988732)
    Head.CFrame = CFrame.new(1.08033e-07, 1.11759e-08, 1.19209e-07, 0.976429, 0.215705, -0.00764143, -0.215639, 0.976435, 0.00857828, 0.00931173, -0.0067283, 0.999934)

[26]
    Time: 0.833333
    HumanoidRootPart.CFrame = CFrame.new(0, 0, 0, 1, 0, 0, 0, 1, 0, 0, 0, 1)
    Torso.CFrame = CFrame.new(0.221814, 1.45321e-07, -0.254994, 0.987516, -0.137061, 0.0776252, 0.144476, 0.984473, -0.0997005, -0.0627549, 0.109671, 0.991985)
    Right Arm.CFrame = CFrame.new(0.400228, -0.313235, 0.270614, -0.448581, -0.893738, -0.00251388, 0.71697, -0.361535, 0.596025, -0.533599, 0.265563, 0.802962)
    Left Arm.CFrame = CFrame.new(-0.371975, -0.0900195, 0.0214896, -0.629777, 0.723138, -0.283641, -0.744493, -0.457747, 0.486003, 0.221611, 0.517242, 0.82665)
    Right Leg.CFrame = CFrame.new(0.193982, 0.228591, 0.144285, 0.878036, 0.135525, -0.459005, -0.108981, 0.99049, 0.0839784, 0.466021, -0.0237131, 0.884456)
    Left Leg.CFrame = CFrame.new(-0.402372, 0.288876, 0.154097, 0.94878, -0.10449, 0.298157, 0.114078, 0.99336, -0.014887, -0.294622, 0.0481377, 0.954401)
    Head.CFrame = CFrame.new(9.40636e-08, -4.47035e-08, -5.96046e-07, 0.992384, 0.120331, 0.0263396, -0.121795, 0.990507, 0.0637287, -0.018421, -0.0664514, 0.99762)

[27]
    Time: 0.866667
    HumanoidRootPart.CFrame = CFrame.new(0, 0, 0, 1, 0, 0, 0, 1, 0, 0, 0, 1)
    Torso.CFrame = CFrame.new(0.102785, 1.63294e-07, -0.218418, 0.996107, -0.0696846, 0.0539933, 0.0757265, 0.989953, -0.119409, -0.0451298, 0.123033, 0.991376)
    Right Arm.CFrame = CFrame.new(0.397236, -0.374972, 0.254475, -0.588965, -0.79068, 0.16717, 0.703017, -0.399234, 0.588539, -0.398606, 0.464153, 0.790997)
    Left Arm.CFrame = CFrame.new(-0.383993, -0.0159168, 0.0429934, -0.572302, 0.815883, -0.0824981, -0.750836, -0.480894, 0.452754, 0.329721, 0.321054, 0.887811)
    Right Leg.CFrame = CFrame.new(0.161391, 0.186449, 0.162027, 0.874987, 0.0633965, -0.479977, -0.0816399, 0.996513, -0.0172058, 0.477213, 0.0542401, 0.877112)
    Left Leg.CFrame = CFrame.new(-0.316529, 0.270625, 0.1562, 0.930253, -0.0658739, 0.360956, 0.0673253, 0.997694, 0.00856715, -0.360689, 0.0163319, 0.932543)
    Head.CFrame = CFrame.new(7.91624e-08, 1.95578e-08, 0, 0.997389, 0.0201601, 0.0693521, -0.0279653, 0.993146, 0.113484, -0.0665889, -0.115127, 0.991117)

[28]
    Time: 0.900000
    HumanoidRootPart.CFrame = CFrame.new(0, 0, 0, 1, 0, 0, 0, 1, 0, 0, 0, 1)
    Torso.CFrame = CFrame.new(-0.00153131, 1.49243e-07, -0.196536, 0.99961, 0.000332609, 0.0279356, 0.00280631, 0.993676, -0.112248, -0.0277962, 0.112283, 0.993287)
    Right Arm.CFrame = CFrame.new(0.397219, -0.436713, 0.247593, -0.66311, -0.697029, 0.272829, 0.687057, -0.422141, 0.591395, -0.297047, 0.57961, 0.758825)
    Left Arm.CFrame = CFrame.new(-0.390856, 0.0415061, 0.0701281, -0.473424, 0.865167, 0.165394, -0.759407, -0.496036, 0.42101, 0.446285, 0.0737149, 0.89185)
    Right Leg.CFrame = CFrame.new(0.226171, 0.180451, 0.136693, 0.924186, 0.0569016, -0.377681, -0.0703494, 0.997282, -0.0218945, 0.375409, 0.0468044, 0.925677)
    Left Leg.CFrame = CFrame.new(-0.321531, 0.276713, 0.10216, 0.946591, -0.0887342, 0.309986, 0.0560513, 0.992034, 0.11281, -0.317526, -0.0894101, 0.944025)
    Head.CFrame = CFrame.new(1.06986e-07, -2.82216e-08, -5.96046e-07, 0.990406, -0.0798657, 0.112768, 0.0621793, 0.986351, 0.152462, -0.123405, -0.143988, 0.981855)

[29]
    Time: 0.933333
    HumanoidRootPart.CFrame = CFrame.new(0, 0, 0, 1, 0, 0, 0, 1, 0, 0, 0, 1)
    Torso.CFrame = CFrame.new(-0.0899745, 1.62597e-07, -0.193981, 0.997496, 0.0706667, 0.00295447, -0.0701321, 0.993634, -0.0881631, -0.00916586, 0.0877351, 0.996102)
    Right Arm.CFrame = CFrame.new(0.401445, -0.496844, 0.246475, -0.701557, -0.630569, 0.331965, 0.673182, -0.433623, 0.598997, -0.233761, 0.643704, 0.728698)
    Left Arm.CFrame = CFrame.new(-0.390202, 0.084111, 0.0990435, -0.336847, 0.844299, 0.416764, -0.769459, -0.501944, 0.39495, 0.542648, -0.187645, 0.818732)
    Right Leg.CFrame = CFrame.new(0.366405, 0.217706, 0.0627128, 0.980939, 0.0873527, -0.173573, -0.0805108, 0.995688, 0.0460882, 0.17685, -0.0312353, 0.983742)
    Left Leg.CFrame = CFrame.new(-0.365522, 0.262582, 0.0143226, 0.977312, -0.141826, 0.157313, 0.0987803, 0.962201, 0.253797, -0.187362, -0.232499, 0.954379)
    Head.CFrame = CFrame.new(6.65896e-08, -2.79397e-09, -2.98023e-07, 0.973195, -0.173533, 0.150921, 0.145084, 0.972429, 0.18257, -0.178442, -0.155781, 0.971541)

[30]
    Time: 0.966667
    HumanoidRootPart.CFrame = CFrame.new(0, 0, 0, 1, 0, 0, 0, 1, 0, 0, 0, 1)
    Torso.CFrame = CFrame.new(-0.16315, 1.43844e-07, -0.213989, 0.990211, 0.13834, -0.0185406, -0.139136, 0.988886, -0.0523893, 0.011087, 0.0544561, 0.998455)
    Right Arm.CFrame = CFrame.new(0.408237, -0.553433, 0.247881, -0.72587, -0.579668, 0.370268, 0.661346, -0.440225, 0.607308, -0.189035, 0.685702, 0.702907)
    Left Arm.CFrame = CFrame.new(-0.382928, 0.114098, 0.124878, -0.184922, 0.759176, 0.624064, -0.77843, -0.500768, 0.378523, 0.599876, -0.415793, 0.683568)
    Right Leg.CFrame = CFrame.new(0.535236, 0.265925, -0.0837542, 0.987456, 0.126451, 0.0945562, -0.139647, 0.978886, 0.149267, -0.0736848, -0.160599, 0.984266)
    Left Leg.CFrame = CFrame.new(-0.363578, 0.209897, -0.0609804, 0.981165, -0.188565, -0.0419249, 0.19087, 0.912987, 0.360589, -0.0297174, -0.361799, 0.931782)
    Head.CFrame = CFrame.new(8.61473e-08, 2.79397e-08, 0, 0.950066, -0.254227, 0.18095, 0.217862, 0.955552, 0.19864, -0.223407, -0.149299, 0.963224)

[31]
    Time: 1.000000
    HumanoidRootPart.CFrame = CFrame.new(0, 0, 0, 1, 0, 0, 0, 1, 0, 0, 0, 1)
    Torso.CFrame = CFrame.new(-0.221663, 1.5268e-07, -0.260397, 0.979139, 0.20013, -0.0351341, -0.200608, 0.979614, -0.0106153, 0.0322934, 0.0174421, 0.999326)
    Right Arm.CFrame = CFrame.new(0.417038, -0.605043, 0.250824, -0.741189, -0.543893, 0.39347, 0.651964, -0.443578, 0.614965, -0.159941, 0.712334, 0.683374)
    Left Arm.CFrame = CFrame.new(-0.37278, 0.133877, 0.144584, -0.0449732, 0.644176, 0.763554, -0.783675, -0.496761, 0.372936, 0.619541, -0.581606, 0.527165)
    Right Leg.CFrame = CFrame.new(0.675909, 0.292068, -0.292803, 0.920977, 0.152606, 0.358486, -0.249846, 0.937336, 0.242854, -0.298961, -0.313229, 0.901393)
    Left Leg.CFrame = CFrame.new(-0.230791, 0.177944, -0.0753013, 0.956857, -0.188287, -0.221296, 0.2649, 0.878233, 0.398163, 0.119381, -0.439607, 0.890222)
    Head.CFrame = CFrame.new(3.23635e-08, -7.68341e-09, 0, 0.926979, -0.315508, 0.202889, 0.277663, 0.940803, 0.194407, -0.252216, -0.123876, 0.959709)

[32]
    Time: 1.033333
    HumanoidRootPart.CFrame = CFrame.new(0, 0, 0, 1, 0, 0, 0, 1, 0, 0, 0, 1)
    Torso.CFrame = CFrame.new(-0.26612, 1.59392e-07, -0.337107, 0.966387, 0.252855, -0.0464857, -0.251596, 0.967326, 0.0313013, 0.0528816, -0.0185535, 0.998429)
    Right Arm.CFrame = CFrame.new(0.427068, -0.65025, 0.254489, -0.750708, -0.52057, 0.406747, 0.645144, -0.445134, 0.621004, -0.142219, 0.728603, 0.670008)
    Left Arm.CFrame = CFrame.new(-0.363933, 0.145798, 0.157847, 0.065372, 0.537999, 0.840407, -0.783782, -0.493567, 0.376932, 0.617586, -0.683336, 0.389409)
    Right Leg.CFrame = CFrame.new(0.761135, 0.293904, -0.512506, 0.816773, 0.163427, 0.553329, -0.379176, 0.874896, 0.301302, -0.434864, -0.455905, 0.776559)
    Left Leg.CFrame = CFrame.new(-0.173804, 0.191835, -0.0722232, 0.908535, -0.234797, -0.345594, 0.365341, 0.847764, 0.384477, 0.202708, -0.475571, 0.856003)
    Head.CFrame = CFrame.new(-3.72529e-09, -1.86265e-09, 0, 0.910428, -0.351458, 0.21817, 0.321091, 0.932923, 0.162961, -0.26081, -0.0783115, 0.962209)

[33]
    Time: 1.066667
    HumanoidRootPart.CFrame = CFrame.new(0, 0, 0, 1, 0, 0, 0, 1, 0, 0, 0, 1)
    Torso.CFrame = CFrame.new(-0.297125, 1.78975e-07, -0.445247, 0.954444, 0.293614, -0.0531813, -0.28991, 0.954659, 0.067666, 0.0706377, -0.0491655, 0.99629)
    Right Arm.CFrame = CFrame.new(0.437432, -0.687654, 0.258184, -0.756378, -0.505883, 0.414698, 0.640881, -0.446133, 0.624689, -0.13101, 0.738273, 0.661656)
    Left Arm.CFrame = CFrame.new(-0.359369, 0.152008, 0.165829, 0.140088, 0.467365, 0.872895, -0.778447, -0.49281, 0.388791, 0.611879, -0.733967, 0.294783)
    Right Leg.CFrame = CFrame.new(0.806392, 0.305087, -0.688533, 0.737185, 0.173338, 0.653078, -0.485125, 0.808558, 0.332997, -0.470331, -0.562305, 0.680148)
    Left Leg.CFrame = CFrame.new(-0.200872, 0.17911, -0.0786079, 0.857588, -0.323525, -0.399844, 0.47136, 0.805451, 0.359262, 0.205824, -0.496569, 0.843241)
    Head.CFrame = CFrame.new(1.22935e-07, 7.45058e-09, 3.57628e-07, 0.905311, -0.358525, 0.227754, 0.344164, 0.933425, 0.10134, -0.248924, -0.0133598, 0.968431)

[34]
    Time: 1.100000
    HumanoidRootPart.CFrame = CFrame.new(0, 0, 0, 1, 0, 0, 0, 1, 0, 0, 0, 1)
    Torso.CFrame = CFrame.new(-0.315284, 1.66816e-07, -0.570758, 0.945798, 0.319827, -0.0563682, -0.313958, 0.944857, 0.0931437, 0.0830498, -0.0703978, 0.994056)
    Right Arm.CFrame = CFrame.new(0.447182, -0.715872, 0.261293, -0.759479, -0.495486, 0.421527, 0.639146, -0.447641, 0.625388, -0.121178, 0.744387, 0.656661)
    Left Arm.CFrame = CFrame.new(-0.360839, 0.154461, 0.169623, 0.178206, 0.446721, 0.876746, -0.767754, -0.49418, 0.407848, 0.615465, -0.745806, 0.254906)
    Right Leg.CFrame = CFrame.new(0.839241, 0.376239, -0.767136, 0.73296, 0.202529, 0.649424, -0.529059, 0.76982, 0.357036, -0.42763, -0.605276, 0.671397)
    Left Leg.CFrame = CFrame.new(-0.525797, 0.0254486, -0.152799, 0.753914, -0.544882, -0.367038, 0.655223, 0.664364, 0.359587, 0.0479143, -0.51159, 0.857893)
    Head.CFrame = CFrame.new(1.43424e-07, -1.49012e-08, -2.98023e-07, 0.910874, -0.341644, 0.23149, 0.345548, 0.938074, 0.0247808, -0.22562, 0.0574186, 0.972522)

[35]
    Time: 1.133333
    HumanoidRootPart.CFrame = CFrame.new(0, 0, 0, 1, 0, 0, 0, 1, 0, 0, 0, 1)
    Torso.CFrame = CFrame.new(-0.321203, 1.37907e-07, -0.642405, 0.942572, 0.329062, -0.057234, -0.322294, 0.941051, 0.102711, 0.0876585, -0.0783666, 0.993063)
    Right Arm.CFrame = CFrame.new(0.455348, -0.733531, 0.263234, -0.760932, -0.484801, 0.43122, 0.63987, -0.450629, 0.622495, -0.107466, 0.749601, 0.653107)
    Left Arm.CFrame = CFrame.new(-0.369436, 0.154933, 0.169332, 0.176902, 0.483935, 0.857037, -0.751765, -0.495592, 0.435014, 0.635259, -0.721246, 0.276135)
    Right Leg.CFrame = CFrame.new(0.859051, 0.50528, -0.649599, 0.818824, 0.265228, 0.509098, -0.480887, 0.801248, 0.356018, -0.313488, -0.536335, 0.783626)
    Left Leg.CFrame = CFrame.new(-0.697097, 0.0314782, -0.12605, 0.718557, -0.660276, -0.21843, 0.685488, 0.619388, 0.382709, -0.117401, -0.424729, 0.897676)
    Head.CFrame = CFrame.new(1.45286e-07, -2.23517e-08, 1.19209e-07, 0.923676, -0.308692, 0.227006, 0.326703, 0.944026, -0.0456112, -0.20022, 0.116294, 0.972825)

[36]
    Time: 1.166667
    HumanoidRootPart.CFrame = CFrame.new(0, 0, 0, 1, 0, 0, 0, 1, 0, 0, 0, 1)
    Torso.CFrame = CFrame.new(-0.305168, 1.35486e-07, -0.612571, 0.944515, 0.323412, -0.0574156, -0.317824, 0.943974, 0.0888872, 0.082946, -0.0657072, 0.994385)
    Right Arm.CFrame = CFrame.new(0.460948, -0.739256, 0.26346, -0.761293, -0.469131, 0.447604, 0.642869, -0.456066, 0.615405, -0.0845684, 0.756254, 0.64879)
    Left Arm.CFrame = CFrame.new(-0.384541, 0.154825, 0.16433, 0.133185, 0.570776, 0.810232, -0.731422, -0.495056, 0.468978, 0.668792, -0.655083, 0.351544)
    Right Leg.CFrame = CFrame.new(0.799836, 0.587228, -0.321695, 0.92493, 0.321893, 0.202213, -0.370694, 0.881588, 0.292212, -0.0842074, -0.345235, 0.934731)
    Left Leg.CFrame = CFrame.new(-0.702109, 0.163705, 0.0288752, 0.733403, -0.676001, 0.0717065, 0.609149, 0.700344, 0.372097, -0.301757, -0.229217, 0.92542)
    Head.CFrame = CFrame.new(9.12696e-08, 1.49012e-08, 2.38419e-07, 0.938106, -0.272788, 0.213411, 0.295882, 0.951487, -0.0844125, -0.180031, 0.142332, 0.973309)

[37]
    Time: 1.200000
    HumanoidRootPart.CFrame = CFrame.new(0, 0, 0, 1, 0, 0, 0, 1, 0, 0, 0, 1)
    Torso.CFrame = CFrame.new(-0.266932, 1.29713e-07, -0.519872, 0.949204, 0.309352, -0.0575552, -0.306319, 0.950289, 0.0558627, 0.0719753, -0.0353949, 0.996778)
    Right Arm.CFrame = CFrame.new(0.463903, -0.696663, 0.244452, -0.759752, -0.450902, 0.468471, 0.648788, -0.478027, 0.592084, -0.04303, 0.753775, 0.655722)
    Left Arm.CFrame = CFrame.new(-0.400267, 0.155099, 0.156941, 0.0672702, 0.650538, 0.756488, -0.709818, -0.501631, 0.494495, 0.701165, -0.570234, 0.428019)
    Right Leg.CFrame = CFrame.new(0.586698, 0.545045, 0.044744, 0.932399, 0.302889, -0.197206, -0.273339, 0.947914, 0.163541, 0.236469, -0.0985816, 0.966625)
    Left Leg.CFrame = CFrame.new(-0.442846, 0.280053, 0.265209, 0.677927, -0.555138, 0.48191, 0.489199, 0.829997, 0.267937, -0.548726, 0.0541087, 0.83425)
    Head.CFrame = CFrame.new(1.02445e-07, 3.72529e-09, 1.19209e-07, 0.947976, -0.249402, 0.197839, 0.268642, 0.960173, -0.0768133, -0.170802, 0.125965, 0.97722)

[38]
    Time: 1.233333
    HumanoidRootPart.CFrame = CFrame.new(0, 0, 0, 1, 0, 0, 0, 1, 0, 0, 0, 1)
    Torso.CFrame = CFrame.new(-0.221296, 1.22822e-07, -0.42325, 0.95503, 0.290961, -0.0570994, -0.290505, 0.956734, 0.0163093, 0.0593743, 0.00101181, 0.998235)
    Right Arm.CFrame = CFrame.new(0.465343, -0.600916, 0.202056, -0.755763, -0.436904, 0.487789, 0.654723, -0.518565, 0.549935, 0.0126817, 0.734986, 0.677963)
    Left Arm.CFrame = CFrame.new(-0.411879, 0.156823, 0.151425, 0.00779428, 0.679071, 0.734031, -0.687724, -0.529248, 0.496924, 0.725931, -0.508683, 0.462888)
    Right Leg.CFrame = CFrame.new(0.306686, 0.421526, 0.249643, 0.833208, 0.211248, -0.511017, -0.228178, 0.97315, 0.0302468, 0.503686, 0.091401, 0.859038)
    Left Leg.CFrame = CFrame.new(-0.0460224, 0.240751, 0.373284, 0.490359, -0.336698, 0.803855, 0.433383, 0.894438, 0.110271, -0.756126, 0.294305, 0.584515)
