[1]
    Time: 0.000000
    HumanoidRootPart.CFrame = CFrame.new(0, 0, 0, 1, 0, 0, 0, 1, 0, 0, 0, 1)
    Torso.CFrame = CFrame.new(-0.0394149, 0.0249835, -1.38556, 0.985854, 0.16758, -0.00295404, -0.167606, 0.985701, -0.0173751, 8.70698e-08, 0.0176244, 0.999845)
    Head.CFrame = CFrame.new(9.14789e-08, -9.31323e-10, 0, 1, 1.5224e-09, -2.46239e-10, 1.53455e-09, 1, 4.07454e-10, 2.10399e-10, -1.5134e-09, 1)
    Left Arm.CFrame = CFrame.new(-0.10796, -0.258822, 0.0160722, -0.024014, 0.942204, -0.334179, -0.999712, -0.0226461, 0.00798931, -4.03112e-05, 0.334274, 0.942476)
    Right Arm.CFrame = CFrame.new(0.0686201, -0.193906, -0.0173895, 0.157787, -0.877925, 0.452052, 0.985878, 0.114042, -0.122638, 0.0561142, 0.465019, 0.883521)
    Left Leg.CFrame = CFrame.new(1.49012e-08, -1.19209e-07, 0, 0.0253292, 0.999679, 1.50748e-08, -0.999679, 0.0253292, -7.72276e-08, -7.74529e-08, 3.70951e-09, 1)
    Right Leg.CFrame = CFrame.new(7.45058e-09, 1.19209e-07, 1.19209e-07, 0.0253292, -0.999679, -4.39322e-11, 0.999679, 0.0253292, 8.93381e-08, -9.00258e-08, 1.11917e-08, 1)

[2]
    Time: 0.020408
    HumanoidRootPart.CFrame = CFrame.new(0, 0, 0, 1, 0, 0, 0, 1, 0, 0, 0, 1)
    Torso.CFrame = CFrame.new(-0.0394149, 0.0249835, -1.38556, 0.985854, 0.16758, -0.00295404, -0.167606, 0.985701, -0.0173751, 8.70698e-08, 0.0176244, 0.999845)
    Head.CFrame = CFrame.new(9.14789e-08, -9.31323e-10, 0, 1, 1.5224e-09, -2.46239e-10, 1.53455e-09, 1, 4.07454e-10, 2.10399e-10, -1.5134e-09, 1)
    Left Arm.CFrame = CFrame.new(-0.10796, -0.258822, 0.0160722, -0.024014, 0.942204, -0.334179, -0.999712, -0.0226461, 0.00798931, -4.03112e-05, 0.334274, 0.942476)
    Right Arm.CFrame = CFrame.new(0.0686201, -0.193906, -0.0173895, 0.157787, -0.877925, 0.452052, 0.985878, 0.114042, -0.122638, 0.0561142, 0.465019, 0.883521)
    Left Leg.CFrame = CFrame.new(1.49012e-08, -1.19209e-07, 0, 0.0253292, 0.999679, 1.50748e-08, -0.999679, 0.0253292, -7.72276e-08, -7.74529e-08, 3.70951e-09, 1)
    Right Leg.CFrame = CFrame.new(7.45058e-09, 1.19209e-07, 1.19209e-07, 0.0253292, -0.999679, -4.39322e-11, 0.999679, 0.0253292, 8.93381e-08, -9.00258e-08, 1.11917e-08, 1)

[3]
    Time: 0.040816
    HumanoidRootPart.CFrame = CFrame.new(0, 0, 0, 1, 0, 0, 0, 1, 0, 0, 0, 1)
    Torso.CFrame = CFrame.new(0.083697, -0.0878392, -1.45922, 0.969459, -0.244098, -0.023771, 0.243584, 0.969616, -0.0226094, 0.0285677, 0.0161286, 0.999462)
    Head.CFrame = CFrame.new(8.56817e-08, 1.30385e-08, -1.19209e-07, 1, -1.86265e-09, 4.65661e-10, -1.80444e-09, 1, 1.86265e-09, -4.65661e-10, -1.86265e-09, 1)
    Left Arm.CFrame = CFrame.new(-0.108609, -0.260368, 0.0178802, -0.0112154, 0.947834, -0.318568, -0.999928, -0.00927201, 0.00761611, 0.00426505, 0.318631, 0.947869)
    Right Arm.CFrame = CFrame.new(0.0706333, -0.193514, -0.0135065, 0.150647, -0.895342, 0.419128, 0.986792, 0.110649, -0.118313, 0.0595541, 0.431416, 0.900185)
    Left Leg.CFrame = CFrame.new(1.76951e-08, 0, -1.19209e-07, 0.0253292, 0.999679, 1.18453e-08, -0.999679, 0.0253292, -7.91624e-08, -7.63684e-08, -2.23517e-08, 1)
    Right Leg.CFrame = CFrame.new(-9.31323e-09, 1.78814e-07, 1.19209e-07, 0.0253292, -0.999679, -3.23053e-09, 0.999679, 0.0253292, 8.98726e-08, -9.03383e-08, 7.45058e-09, 1)

[4]
    Time: 0.061224
    HumanoidRootPart.CFrame = CFrame.new(0, 0, 0, 1, 0, 0, 0, 1, 0, 0, 0, 1)
    Torso.CFrame = CFrame.new(0.083697, -0.0878392, -1.45922, 0.969459, -0.244098, -0.023771, 0.243584, 0.969616, -0.0226094, 0.0285677, 0.0161286, 0.999462)
    Head.CFrame = CFrame.new(8.56817e-08, 1.30385e-08, -1.19209e-07, 1, -1.86265e-09, 4.65661e-10, -1.80444e-09, 1, 1.86265e-09, -4.65661e-10, -1.86265e-09, 1)
    Left Arm.CFrame = CFrame.new(-0.108609, -0.260368, 0.0178802, -0.0112154, 0.947834, -0.318568, -0.999928, -0.00927201, 0.00761611, 0.00426505, 0.318631, 0.947869)
    Right Arm.CFrame = CFrame.new(0.0706333, -0.193514, -0.0135065, 0.150647, -0.895342, 0.419128, 0.986792, 0.110649, -0.118313, 0.0595541, 0.431416, 0.900185)
    Left Leg.CFrame = CFrame.new(1.76951e-08, 0, -1.19209e-07, 0.0253292, 0.999679, 1.18453e-08, -0.999679, 0.0253292, -7.91624e-08, -7.63684e-08, -2.23517e-08, 1)
    Right Leg.CFrame = CFrame.new(-9.31323e-09, 1.78814e-07, 1.19209e-07, 0.0253292, -0.999679, -3.23053e-09, 0.999679, 0.0253292, 8.98726e-08, -9.03383e-08, 7.45058e-09, 1)

[5]
    Time: 0.081633
    HumanoidRootPart.CFrame = CFrame.new(0, 0, 0, 1, 0, 0, 0, 1, 0, 0, 0, 1)
    Torso.CFrame = CFrame.new(0.00859194, -0.307166, -1.08296, 0.677008, -0.730102, -0.0927943, 0.730703, 0.681859, -0.0337773, 0.0879335, -0.0449376, 0.995112)
    Head.CFrame = CFrame.new(6.70552e-08, 2.23517e-08, -1.78814e-07, 1, -2.84053e-08, -3.72529e-09, -2.84053e-08, 1, -3.72529e-09, -5.58794e-09, -1.86265e-09, 1)
    Left Arm.CFrame = CFrame.new(-0.326206, -0.255344, -0.236094, 0.0515713, 0.847331, -0.528556, -0.995539, 0.00174347, -0.0943399, -0.0790156, 0.531063, 0.84364)
    Right Arm.CFrame = CFrame.new(0.22574, -0.199982, -0.22131, 0.192091, -0.839427, 0.508393, 0.974001, 0.099674, -0.20344, 0.1201, 0.534254, 0.836749)
    Left Leg.CFrame = CFrame.new(4.47035e-08, -2.38419e-07, -1.19209e-07, 0.173166, 0.984893, -2.51457e-08, -0.984893, 0.173166, -8.00937e-08, -6.89179e-08, 9.31323e-10, 1)
    Right Leg.CFrame = CFrame.new(-2.98023e-08, 0, 0, 0.173166, -0.984893, -2.42144e-08, 0.984893, 0.173166, 1.02445e-07, -8.3819e-08, 1.86265e-09, 1)

[6]
    Time: 0.102041
    HumanoidRootPart.CFrame = CFrame.new(0, 0, 0, 1, 0, 0, 0, 1, 0, 0, 0, 1)
    Torso.CFrame = CFrame.new(0.00859194, -0.307166, -1.08296, 0.677008, -0.730102, -0.0927943, 0.730703, 0.681859, -0.0337773, 0.0879335, -0.0449376, 0.995112)
    Head.CFrame = CFrame.new(6.70552e-08, 2.23517e-08, -1.78814e-07, 1, -2.84053e-08, -3.72529e-09, -2.84053e-08, 1, -3.72529e-09, -5.58794e-09, -1.86265e-09, 1)
    Left Arm.CFrame = CFrame.new(-0.326206, -0.255344, -0.236094, 0.0515713, 0.847331, -0.528556, -0.995539, 0.00174347, -0.0943399, -0.0790156, 0.531063, 0.84364)
    Right Arm.CFrame = CFrame.new(0.22574, -0.199982, -0.22131, 0.192091, -0.839427, 0.508393, 0.974001, 0.099674, -0.20344, 0.1201, 0.534254, 0.836749)
    Left Leg.CFrame = CFrame.new(4.47035e-08, -2.38419e-07, -1.19209e-07, 0.173166, 0.984893, -2.51457e-08, -0.984893, 0.173166, -8.00937e-08, -6.89179e-08, 9.31323e-10, 1)
    Right Leg.CFrame = CFrame.new(-2.98023e-08, 0, 0, 0.173166, -0.984893, -2.42144e-08, 0.984893, 0.173166, 1.02445e-07, -8.3819e-08, 1.86265e-09, 1)

[7]
    Time: 0.122449
    HumanoidRootPart.CFrame = CFrame.new(0, 0, 0, 1, 0, 0, 0, 1, 0, 0, 0, 1)
    Torso.CFrame = CFrame.new(0.00874865, -0.428108, -0.874211, -0.0598927, -0.993235, -0.0994881, 0.997781, -0.0566659, -0.0349509, 0.0290768, -0.101361, 0.994425)
    Head.CFrame = CFrame.new(1.51806e-07, 3.72529e-09, 0, 1, -1.16415e-09, -4.65661e-10, 1.86265e-09, 1, 1.02445e-08, 1.86265e-09, 3.49246e-09, 1)
    Left Arm.CFrame = CFrame.new(-0.326206, -0.255343, -0.236094, 0.0515713, 0.847331, -0.528556, -0.995539, 0.00174348, -0.0943399, -0.0790156, 0.531063, 0.84364)
    Right Arm.CFrame = CFrame.new(0.22574, -0.199982, -0.22131, 0.192091, -0.839427, 0.508393, 0.974001, 0.099674, -0.20344, 0.1201, 0.534254, 0.836749)
    Left Leg.CFrame = CFrame.new(-0.00145174, -0.000279069, -2.26498e-06, 0.332238, 0.943191, -0.0029035, -0.943195, 0.332238, -0.00055771, 0.000438629, 0.00292387, 0.999996)
    Right Leg.CFrame = CFrame.new(-0.00145172, 0.00027895, -2.14577e-06, 0.332238, -0.943191, -0.00290346, 0.943195, 0.332238, 0.000557714, 0.000438617, -0.00292383, 0.999996)

[8]
    Time: 0.142857
    HumanoidRootPart.CFrame = CFrame.new(0, 0, 0, 1, 0, 0, 0, 1, 0, 0, 0, 1)
    Torso.CFrame = CFrame.new(0.150617, -0.511207, -0.990119, -0.325524, -0.940455, -0.0978691, 0.945533, -0.323644, -0.0349513, 0.00119543, -0.103916, 0.994585)
    Head.CFrame = CFrame.new(9.70904e-08, 7.45058e-09, -1.78814e-07, 1, -8.62929e-09, 1.62981e-09, -8.62929e-09, 1, -2.79397e-09, -1.97906e-09, -1.86265e-09, 1)
    Left Arm.CFrame = CFrame.new(-0.413922, -0.252276, -0.332188, 0.0145492, 0.762534, -0.646784, -0.999266, -0.0118394, -0.0364364, -0.0354416, 0.646839, 0.761803)
    Right Arm.CFrame = CFrame.new(0.313055, -0.133349, -0.266441, 0.158927, -0.82894, 0.536284, 0.976941, 0.0535937, -0.206675, 0.14258, 0.556764, 0.818343)
    Left Leg.CFrame = CFrame.new(-0.00145175, -0.00027895, -2.20537e-06, 0.259742, 0.965674, -0.00290347, -0.965678, 0.259741, -0.000557711, 0.000215584, 0.00294868, 0.999996)
    Right Leg.CFrame = CFrame.new(-0.00145175, 0.000278711, -2.08616e-06, 0.259742, -0.965674, -0.0029035, 0.965678, 0.259741, 0.000557715, 0.000215584, -0.00294871, 0.999996)

[9]
    Time: 0.163265
    HumanoidRootPart.CFrame = CFrame.new(0, 0, 0, 1, 0, 0, 0, 1, 0, 0, 0, 1)
    Torso.CFrame = CFrame.new(0.150617, -0.511207, -0.990119, -0.325524, -0.940455, -0.0978691, 0.945533, -0.323644, -0.0349513, 0.00119543, -0.103916, 0.994585)
    Head.CFrame = CFrame.new(9.70904e-08, 7.45058e-09, -1.78814e-07, 1, -8.62929e-09, 1.62981e-09, -8.62929e-09, 1, -2.79397e-09, -1.97906e-09, -1.86265e-09, 1)
    Left Arm.CFrame = CFrame.new(-0.413922, -0.252276, -0.332188, 0.0145492, 0.762534, -0.646784, -0.999266, -0.0118394, -0.0364364, -0.0354416, 0.646839, 0.761803)
    Right Arm.CFrame = CFrame.new(0.313055, -0.133349, -0.266441, 0.158927, -0.82894, 0.536284, 0.976941, 0.0535937, -0.206675, 0.14258, 0.556764, 0.818343)
    Left Leg.CFrame = CFrame.new(-0.00145175, -0.00027895, -2.20537e-06, 0.259742, 0.965674, -0.00290347, -0.965678, 0.259741, -0.000557711, 0.000215584, 0.00294868, 0.999996)
    Right Leg.CFrame = CFrame.new(-0.00145175, 0.000278711, -2.08616e-06, 0.259742, -0.965674, -0.0029035, 0.965678, 0.259741, 0.000557715, 0.000215584, -0.00294871, 0.999996)

[10]
    Time: 0.183673
    HumanoidRootPart.CFrame = CFrame.new(0, 0, 0, 1, 0, 0, 0, 1, 0, 0, 0, 1)
    Torso.CFrame = CFrame.new(0.519604, -1.02181, -1.54766, -0.994989, 0.095569, -0.0293726, -0.0962241, -0.995122, 0.0217622, -0.0271496, 0.0244795, 0.999332)
    Head.CFrame = CFrame.new(4.47035e-08, -1.86265e-08, 0, 1, -8.03266e-09, 2.32831e-10, -8.09086e-09, 1, 1.62981e-09, 2.32831e-10, 2.32831e-10, 1)
    Left Arm.CFrame = CFrame.new(-0.10796, -0.258822, 0.0160722, -0.024014, 0.942204, -0.334179, -0.999712, -0.0226461, 0.00798931, -4.03122e-05, 0.334274, 0.942476)
    Right Arm.CFrame = CFrame.new(0.0686201, -0.193906, -0.0173893, 0.157787, -0.877925, 0.452052, 0.985877, 0.114042, -0.122638, 0.0561142, 0.465019, 0.883521)
    Left Leg.CFrame = CFrame.new(-9.03383e-08, -1.19209e-07, -1.19209e-07, 0.0253292, 0.999679, -1.00117e-08, -0.999679, 0.0253292, -7.79983e-08, -7.86968e-08, -1.55997e-08, 1)
    Right Leg.CFrame = CFrame.new(9.22009e-08, 5.96046e-08, 2.38419e-07, 0.0253292, -0.999679, 1.21072e-08, 0.999679, 0.0253292, 8.96398e-08, -8.98726e-08, 2.30502e-08, 1)

[11]
    Time: 0.204082
    HumanoidRootPart.CFrame = CFrame.new(0, 0, 0, 1, 0, 0, 0, 1, 0, 0, 0, 1)
    Torso.CFrame = CFrame.new(0.519604, -1.02181, -1.54766, -0.994989, 0.095569, -0.0293726, -0.0962241, -0.995122, 0.0217622, -0.0271496, 0.0244795, 0.999332)
    Head.CFrame = CFrame.new(4.47035e-08, -1.86265e-08, 0, 1, -8.03266e-09, 2.32831e-10, -8.09086e-09, 1, 1.62981e-09, 2.32831e-10, 2.32831e-10, 1)
    Left Arm.CFrame = CFrame.new(-0.10796, -0.258822, 0.0160722, -0.024014, 0.942204, -0.334179, -0.999712, -0.0226461, 0.00798931, -4.03122e-05, 0.334274, 0.942476)
    Right Arm.CFrame = CFrame.new(0.0686201, -0.193906, -0.0173893, 0.157787, -0.877925, 0.452052, 0.985877, 0.114042, -0.122638, 0.0561142, 0.465019, 0.883521)
    Left Leg.CFrame = CFrame.new(-9.03383e-08, -1.19209e-07, -1.19209e-07, 0.0253292, 0.999679, -1.00117e-08, -0.999679, 0.0253292, -7.79983e-08, -7.86968e-08, -1.55997e-08, 1)
    Right Leg.CFrame = CFrame.new(9.22009e-08, 5.96046e-08, 2.38419e-07, 0.0253292, -0.999679, 1.21072e-08, 0.999679, 0.0253292, 8.96398e-08, -8.98726e-08, 2.30502e-08, 1)

[12]
    Time: 0.224490
    HumanoidRootPart.CFrame = CFrame.new(0, 0, 0, 1, 0, 0, 0, 1, 0, 0, 0, 1)
    Torso.CFrame = CFrame.new(0.641004, -1.1169, -1.5841, -0.97217, 0.232066, -0.0320963, -0.232696, -0.972392, 0.0174977, -0.0271496, 0.0244795, 0.999332)
    Head.CFrame = CFrame.new(6.70552e-08, -4.84288e-08, 0, 1, -1.53086e-08, 9.31323e-10, -4.65661e-10, 1, 1.86265e-09, 4.65661e-10, -9.31323e-10, 1)
    Left Arm.CFrame = CFrame.new(-0.108123, -0.258806, 0.0165366, -0.0241301, 0.943617, -0.33016, -0.999709, -0.0227901, 0.00792932, -4.20733e-05, 0.330255, 0.943892)
    Right Arm.CFrame = CFrame.new(0.0707345, -0.193969, -0.0131761, 0.156424, -0.896221, 0.415114, 0.985641, 0.114584, -0.124025, 0.0635884, 0.428554, 0.901276)
    Left Leg.CFrame = CFrame.new(-3.63216e-08, 5.96046e-08, -1.78814e-07, 0.0253292, 0.999679, 1.25146e-08, -0.999679, 0.0253292, -7.82311e-08, -7.72998e-08, -4.65661e-10, 1)
    Right Leg.CFrame = CFrame.new(1.64844e-07, 2.38419e-07, 0, 0.0253292, -0.999679, -2.67755e-09, 0.999679, 0.0253292, 8.89413e-08, -8.84756e-08, 4.65661e-10, 1)

[13]
    Time: 0.244898
    HumanoidRootPart.CFrame = CFrame.new(0, 0, 0, 1, 0, 0, 0, 1, 0, 0, 0, 1)
    Torso.CFrame = CFrame.new(0.641004, -1.1169, -1.5841, -0.97217, 0.232066, -0.0320963, -0.232696, -0.972392, 0.0174977, -0.0271496, 0.0244795, 0.999332)
    Head.CFrame = CFrame.new(6.70552e-08, -4.84288e-08, 0, 1, -1.53086e-08, 9.31323e-10, -4.65661e-10, 1, 1.86265e-09, 4.65661e-10, -9.31323e-10, 1)
    Left Arm.CFrame = CFrame.new(-0.108123, -0.258806, 0.0165366, -0.0241301, 0.943617, -0.33016, -0.999709, -0.0227901, 0.00792932, -4.20733e-05, 0.330255, 0.943892)
    Right Arm.CFrame = CFrame.new(0.0707345, -0.193969, -0.0131761, 0.156424, -0.896221, 0.415114, 0.985641, 0.114584, -0.124025, 0.0635884, 0.428554, 0.901276)
    Left Leg.CFrame = CFrame.new(-3.63216e-08, 5.96046e-08, -1.78814e-07, 0.0253292, 0.999679, 1.25146e-08, -0.999679, 0.0253292, -7.82311e-08, -7.72998e-08, -4.65661e-10, 1)
    Right Leg.CFrame = CFrame.new(1.64844e-07, 2.38419e-07, 0, 0.0253292, -0.999679, -2.67755e-09, 0.999679, 0.0253292, 8.89413e-08, -8.84756e-08, 4.65661e-10, 1)

[14]
    Time: 0.265306
    HumanoidRootPart.CFrame = CFrame.new(0, 0, 0, 1, 0, 0, 0, 1, 0, 0, 0, 1)
    Torso.CFrame = CFrame.new(0.667298, -0.631045, -1.00748, -0.221196, 0.974388, -0.0405042, -0.97508, -0.220245, 0.0266643, 0.0170605, 0.0453929, 0.998824)
    Head.CFrame = CFrame.new(1.04308e-07, 1.49012e-08, -2.38419e-07, 1, -1.97906e-09, -9.31323e-10, -1.62981e-09, 1, 0, 0, 0, 1)
    Left Arm.CFrame = CFrame.new(-0.326206, -0.255343, -0.236094, 0.0515713, 0.847331, -0.528556, -0.995539, 0.00174348, -0.0943399, -0.0790156, 0.531063, 0.84364)
    Right Arm.CFrame = CFrame.new(0.313055, -0.133348, -0.266441, 0.158927, -0.82894, 0.536284, 0.976941, 0.0535937, -0.206675, 0.14258, 0.556764, 0.818343)
    Left Leg.CFrame = CFrame.new(-3.72529e-09, -2.38419e-07, 0, 0.269268, 0.963065, -2.01398e-08, -0.963065, 0.269268, -8.00937e-08, -8.3819e-08, 3.95812e-08, 1)
    Right Leg.CFrame = CFrame.new(-7.07805e-08, 1.19209e-07, 1.19209e-07, 0.269268, -0.963065, 9.31322e-09, 0.963065, 0.269268, 8.84756e-08, -9.68576e-08, -1.25729e-08, 1)

[15]
    Time: 0.285714
    HumanoidRootPart.CFrame = CFrame.new(0, 0, 0, 1, 0, 0, 0, 1, 0, 0, 0, 1)
    Torso.CFrame = CFrame.new(0.667298, -0.631045, -1.00748, -0.221196, 0.974388, -0.0405042, -0.97508, -0.220245, 0.0266643, 0.0170605, 0.0453929, 0.998824)
    Head.CFrame = CFrame.new(1.04308e-07, 1.49012e-08, -2.38419e-07, 1, -1.97906e-09, -9.31323e-10, -1.62981e-09, 1, 0, 0, 0, 1)
    Left Arm.CFrame = CFrame.new(-0.326206, -0.255343, -0.236094, 0.0515713, 0.847331, -0.528556, -0.995539, 0.00174348, -0.0943399, -0.0790156, 0.531063, 0.84364)
    Right Arm.CFrame = CFrame.new(0.313055, -0.133348, -0.266441, 0.158927, -0.82894, 0.536284, 0.976941, 0.0535937, -0.206675, 0.14258, 0.556764, 0.818343)
    Left Leg.CFrame = CFrame.new(-3.72529e-09, -2.38419e-07, 0, 0.269268, 0.963065, -2.01398e-08, -0.963065, 0.269268, -8.00937e-08, -8.3819e-08, 3.95812e-08, 1)
    Right Leg.CFrame = CFrame.new(-7.07805e-08, 1.19209e-07, 1.19209e-07, 0.269268, -0.963065, 9.31322e-09, 0.963065, 0.269268, 8.84756e-08, -9.68576e-08, -1.25729e-08, 1)

[16]
    Time: 0.306122
    HumanoidRootPart.CFrame = CFrame.new(0, 0, 0, 1, 0, 0, 0, 1, 0, 0, 0, 1)
    Torso.CFrame = CFrame.new(0.431927, -0.403248, -0.626364, 0.236236, 0.964603, 0.117187, -0.971212, 0.238198, -0.00283089, -0.0306446, -0.113145, 0.993106)
    Head.CFrame = CFrame.new(4.47035e-08, 1.11759e-08, 2.38419e-07, 1, 3.0268e-09, 4.65661e-10, 6.0536e-09, 1, -6.75209e-09, -1.16415e-09, -5.3551e-09, 1)
    Left Arm.CFrame = CFrame.new(-0.322179, -0.255712, -0.24209, 0.0588077, 0.812492, -0.579999, -0.995557, 0.00493437, -0.09403, -0.0735367, 0.582952, 0.809172)
    Right Arm.CFrame = CFrame.new(0.30679, -0.134573, -0.274788, 0.171904, -0.774736, 0.608468, 0.978743, 0.0641882, -0.194785, 0.111851, 0.629018, 0.769302)
    Left Leg.CFrame = CFrame.new(4.84288e-08, -2.38419e-07, -5.96046e-08, 0.441753, 0.897137, -1.53668e-08, -0.897137, 0.441753, -7.93952e-08, -6.14673e-08, 5.58793e-08, 1)
    Right Leg.CFrame = CFrame.new(-3.72529e-09, 2.38419e-07, 1.19209e-07, 0.441753, -0.897137, 4.5402e-08, 0.897137, 0.441753, 8.49832e-08, -8.19564e-08, 0, 1)

[17]
    Time: 0.326531
    HumanoidRootPart.CFrame = CFrame.new(0, 0, 0, 1, 0, 0, 0, 1, 0, 0, 0, 1)
    Torso.CFrame = CFrame.new(0.431927, -0.403248, -0.626364, 0.236236, 0.964603, 0.117187, -0.971212, 0.238198, -0.00283089, -0.0306446, -0.113145, 0.993106)
    Head.CFrame = CFrame.new(4.47035e-08, 1.11759e-08, 2.38419e-07, 1, 3.0268e-09, 4.65661e-10, 6.0536e-09, 1, -6.75209e-09, -1.16415e-09, -5.3551e-09, 1)
    Left Arm.CFrame = CFrame.new(-0.322179, -0.255712, -0.24209, 0.0588077, 0.812492, -0.579999, -0.995557, 0.00493437, -0.09403, -0.0735367, 0.582952, 0.809172)
    Right Arm.CFrame = CFrame.new(0.30679, -0.134573, -0.274788, 0.171904, -0.774736, 0.608468, 0.978743, 0.0641882, -0.194785, 0.111851, 0.629018, 0.769302)
    Left Leg.CFrame = CFrame.new(4.84288e-08, -2.38419e-07, -5.96046e-08, 0.441753, 0.897137, -1.53668e-08, -0.897137, 0.441753, -7.93952e-08, -6.14673e-08, 5.58793e-08, 1)
    Right Leg.CFrame = CFrame.new(-3.72529e-09, 2.38419e-07, 1.19209e-07, 0.441753, -0.897137, 4.5402e-08, 0.897137, 0.441753, 8.49832e-08, -8.19564e-08, 0, 1)

[18]
    Time: 0.346939
    HumanoidRootPart.CFrame = CFrame.new(0, 0, 0, 1, 0, 0, 0, 1, 0, 0, 0, 1)
    Torso.CFrame = CFrame.new(0.0117318, -0.155636, -0.910596, 0.999801, -0.0197881, -0.00235644, 0.0196117, 0.998014, -0.0598623, 0.00353632, 0.0598042, 0.998204)
    Head.CFrame = CFrame.new(8.6613e-08, -7.11589e-09, 3.57628e-07, 1, -1.33878e-09, 1.16415e-10, -1.35333e-09, 1, 3.81624e-09, 3.49246e-10, 3.80896e-09, 1)
    Left Arm.CFrame = CFrame.new(-0.23703, -0.258622, -0.134386, 0.0587997, 0.878853, -0.473455, -0.995559, 0.0166943, -0.0926524, -0.0735238, 0.4768, 0.875932)
    Right Arm.CFrame = CFrame.new(0.293218, -0.140875, -0.19872, 0.171898, -0.823759, 0.540252, 0.978745, 0.0805496, -0.188598, 0.111843, 0.561189, 0.820097)
    Left Leg.CFrame = CFrame.new(1.86265e-09, 1.78814e-07, -1.19209e-07, 0.107622, 0.994192, 5.19503e-09, -0.994192, 0.107622, -7.7649e-08, -7.85367e-08, 3.25963e-09, 1)
    Right Leg.CFrame = CFrame.new(1.67638e-08, 2.98023e-07, 1.19209e-07, 0.107622, -0.994192, 1.3868e-08, 0.994192, 0.107622, 8.89413e-08, -9.03383e-08, 4.13274e-09, 1)

[19]
    Time: 0.367347
    HumanoidRootPart.CFrame = CFrame.new(0, 0, 0, 1, 0, 0, 0, 1, 0, 0, 0, 1)
    Torso.CFrame = CFrame.new(-0.00110544, -0.248696, -1.20351, 0.578801, -0.815362, -0.0131951, 0.815002, 0.578941, -0.0244765, 0.0275964, 0.00341296, 0.999613)
    Head.CFrame = CFrame.new(8.6613e-08, 7.45058e-09, -2.98023e-07, 1, -1.99216e-08, -1.86265e-09, 9.81527e-09, 1, -6.98492e-10, -9.31323e-10, 0, 1)
    Left Arm.CFrame = CFrame.new(-0.157023, -0.259091, -0.0402856, 0.00973457, 0.921836, -0.387457, -0.999411, -0.00377765, -0.0340972, -0.0328957, 0.387561, 0.921257)
    Right Arm.CFrame = CFrame.new(0.293218, -0.140875, -0.198721, 0.171898, -0.823759, 0.540252, 0.978745, 0.0805496, -0.188598, 0.111843, 0.561189, 0.820097)
    Left Leg.CFrame = CFrame.new(-3.49246e-09, 0, -1.78814e-07, 0.107622, 0.994192, -5.00586e-08, -0.994192, 0.107622, -7.72998e-08, -7.07805e-08, 1.0198e-07, 1)
    Right Leg.CFrame = CFrame.new(-3.72529e-08, 1.78814e-07, 0, 0.107622, -0.994192, 3.9312e-08, 0.994192, 0.107622, 9.22009e-08, -9.68575e-08, 4.6799e-08, 1)

[20]
    Time: 0.387755
    HumanoidRootPart.CFrame = CFrame.new(0, 0, 0, 1, 0, 0, 0, 1, 0, 0, 0, 1)
    Torso.CFrame = CFrame.new(-0.0283089, -0.383317, -1.41539, 0.0495142, -0.998035, -0.0384, 0.998771, 0.049395, 0.00404712, -0.0021424, -0.0385532, 0.999254)
    Head.CFrame = CFrame.new(9.26666e-08, -1.11759e-08, 0, 1, -7.63976e-10, -1.16415e-10, 2.97587e-09, 1, -2.67755e-09, 4.65661e-10, -6.34464e-09, 1)
    Left Arm.CFrame = CFrame.new(-0.107959, -0.258822, 0.016072, -0.024014, 0.942204, -0.334179, -0.999712, -0.0226461, 0.00798931, -4.03104e-05, 0.334274, 0.942476)
    Right Arm.CFrame = CFrame.new(0.0686201, -0.193906, -0.0173892, 0.157787, -0.877925, 0.452052, 0.985878, 0.114042, -0.122638, 0.0561142, 0.465019, 0.883521)
    Left Leg.CFrame = CFrame.new(3.72529e-09, 5.96046e-08, -5.96046e-08, 0.0253292, 0.999679, 1.34314e-08, -0.999679, 0.0253292, -7.69505e-08, -7.74162e-08, -1.17961e-08, 1)
    Right Leg.CFrame = CFrame.new(1.49012e-08, 1.78814e-07, 1.19209e-07, 0.0253292, -0.999679, 1.39044e-08, 0.999679, 0.0253292, 8.92906e-08, -9.01054e-08, 1.17961e-08, 1)

[21]
    Time: 0.408163
    HumanoidRootPart.CFrame = CFrame.new(0, 0, 0, 1, 0, 0, 0, 1, 0, 0, 0, 1)
    Torso.CFrame = CFrame.new(-0.0283089, -0.383317, -1.41539, 0.0495142, -0.998035, -0.0384, 0.998771, 0.049395, 0.00404712, -0.0021424, -0.0385532, 0.999254)
    Head.CFrame = CFrame.new(9.26666e-08, -1.11759e-08, 0, 1, -7.63976e-10, -1.16415e-10, 2.97587e-09, 1, -2.67755e-09, 4.65661e-10, -6.34464e-09, 1)
    Left Arm.CFrame = CFrame.new(-0.107959, -0.258822, 0.016072, -0.024014, 0.942204, -0.334179, -0.999712, -0.0226461, 0.00798931, -4.03104e-05, 0.334274, 0.942476)
    Right Arm.CFrame = CFrame.new(0.0686201, -0.193906, -0.0173892, 0.157787, -0.877925, 0.452052, 0.985878, 0.114042, -0.122638, 0.0561142, 0.465019, 0.883521)
    Left Leg.CFrame = CFrame.new(3.72529e-09, 5.96046e-08, -5.96046e-08, 0.0253292, 0.999679, 1.34314e-08, -0.999679, 0.0253292, -7.69505e-08, -7.74162e-08, -1.17961e-08, 1)
    Right Leg.CFrame = CFrame.new(1.49012e-08, 1.78814e-07, 1.19209e-07, 0.0253292, -0.999679, 1.39044e-08, 0.999679, 0.0253292, 8.92906e-08, -9.01054e-08, 1.17961e-08, 1)

[22]
    Time: 0.428571
    HumanoidRootPart.CFrame = CFrame.new(0, 0, 0, 1, 0, 0, 0, 1, 0, 0, 0, 1)
    Torso.CFrame = CFrame.new(-0.0660788, -0.420591, -1.45993, 0.0493134, -0.998392, -0.027961, 0.998715, 0.0489643, 0.0130365, -0.0116464, -0.028568, 0.999524)
    Head.CFrame = CFrame.new(6.47269e-08, 5.93718e-09, -5.96046e-08, 1, -2.61934e-09, 1.04774e-09, 9.8953e-10, 1, 9.8953e-10, 0, -9.31323e-10, 1)
    Left Arm.CFrame = CFrame.new(-0.10796, -0.258822, 0.016072, -0.024014, 0.942204, -0.334179, -0.999712, -0.0226461, 0.0079893, -4.031e-05, 0.334274, 0.942476)
    Right Arm.CFrame = CFrame.new(0.06862, -0.193906, -0.0173893, 0.157787, -0.877925, 0.452052, 0.985878, 0.114042, -0.122638, 0.0561142, 0.465019, 0.883521)
    Left Leg.CFrame = CFrame.new(6.8685e-09, -1.19209e-07, -5.96046e-08, 0.0253292, 0.999679, 1.0652e-08, -0.999679, 0.0253292, -7.70669e-08, -7.82747e-08, -1.63054e-08, 1)
    Right Leg.CFrame = CFrame.new(1.64146e-08, 5.96046e-08, 1.19209e-07, 0.0253292, -0.999679, 1.10595e-08, 0.999679, 0.0253292, 9.10368e-08, -9.04401e-08, 1.25583e-08, 1)

[23]
    Time: 0.448980
    HumanoidRootPart.CFrame = CFrame.new(0, 0, 0, 1, 0, 0, 0, 1, 0, 0, 0, 1)
    Torso.CFrame = CFrame.new(-0.0660788, -0.420591, -1.45993, 0.0493134, -0.998392, -0.027961, 0.998715, 0.0489643, 0.0130365, -0.0116464, -0.028568, 0.999524)
    Head.CFrame = CFrame.new(6.47269e-08, 5.93718e-09, -5.96046e-08, 1, -2.61934e-09, 1.04774e-09, 9.8953e-10, 1, 9.8953e-10, 0, -9.31323e-10, 1)
    Left Arm.CFrame = CFrame.new(-0.10796, -0.258822, 0.016072, -0.024014, 0.942204, -0.334179, -0.999712, -0.0226461, 0.0079893, -4.031e-05, 0.334274, 0.942476)
    Right Arm.CFrame = CFrame.new(0.06862, -0.193906, -0.0173893, 0.157787, -0.877925, 0.452052, 0.985878, 0.114042, -0.122638, 0.0561142, 0.465019, 0.883521)
    Left Leg.CFrame = CFrame.new(6.8685e-09, -1.19209e-07, -5.96046e-08, 0.0253292, 0.999679, 1.0652e-08, -0.999679, 0.0253292, -7.70669e-08, -7.82747e-08, -1.63054e-08, 1)
    Right Leg.CFrame = CFrame.new(1.64146e-08, 5.96046e-08, 1.19209e-07, 0.0253292, -0.999679, 1.10595e-08, 0.999679, 0.0253292, 9.10368e-08, -9.04401e-08, 1.25583e-08, 1)

[24]
    Time: 0.469388
    HumanoidRootPart.CFrame = CFrame.new(0, 0, 0, 1, 0, 0, 0, 1, 0, 0, 0, 1)
    Torso.CFrame = CFrame.new(0.306968, -0.715457, -0.948832, -0.994686, -0.0974288, -0.0332645, 0.0970542, -0.995198, 0.012701, -0.0343422, 0.00940506, 0.999366)
    Head.CFrame = CFrame.new(4.47035e-08, 9.68575e-08, -1.19209e-07, 1, -1.16415e-10, 1.86265e-09, -7.567e-09, 1, -9.31323e-10, 2.09548e-09, 0, 1)
    Left Arm.CFrame = CFrame.new(-0.326206, -0.255344, -0.236094, 0.0515713, 0.847331, -0.528556, -0.995539, 0.00174349, -0.0943399, -0.0790156, 0.531063, 0.84364)
    Right Arm.CFrame = CFrame.new(0.30679, -0.134573, -0.274788, 0.171904, -0.774736, 0.608468, 0.978743, 0.0641882, -0.194785, 0.111851, 0.629018, 0.769302)
    Left Leg.CFrame = CFrame.new(1.86265e-08, -1.19209e-07, -1.78814e-07, 0.205473, 0.978663, -2.31666e-08, -0.978663, 0.205473, -7.21775e-08, -7.72998e-08, 3.39933e-08, 1)
    Right Leg.CFrame = CFrame.new(-1.02445e-07, -1.19209e-07, 1.19209e-07, 0.205473, -0.978663, 2.13913e-08, 0.978663, 0.205473, 8.76607e-08, -9.49949e-08, 1.02445e-08, 1)

[25]
    Time: 0.489796
    HumanoidRootPart.CFrame = CFrame.new(0, 0, 0, 1, 0, 0, 0, 1, 0, 0, 0, 1)
    Torso.CFrame = CFrame.new(0.306968, -0.715457, -0.948832, -0.994686, -0.0974288, -0.0332645, 0.0970542, -0.995198, 0.012701, -0.0343422, 0.00940506, 0.999366)
    Head.CFrame = CFrame.new(4.47035e-08, 9.68575e-08, -1.19209e-07, 1, -1.16415e-10, 1.86265e-09, -7.567e-09, 1, -9.31323e-10, 2.09548e-09, 0, 1)
    Left Arm.CFrame = CFrame.new(-0.326206, -0.255344, -0.236094, 0.0515713, 0.847331, -0.528556, -0.995539, 0.00174349, -0.0943399, -0.0790156, 0.531063, 0.84364)
    Right Arm.CFrame = CFrame.new(0.30679, -0.134573, -0.274788, 0.171904, -0.774736, 0.608468, 0.978743, 0.0641882, -0.194785, 0.111851, 0.629018, 0.769302)
    Left Leg.CFrame = CFrame.new(1.86265e-08, -1.19209e-07, -1.78814e-07, 0.205473, 0.978663, -2.31666e-08, -0.978663, 0.205473, -7.21775e-08, -7.72998e-08, 3.39933e-08, 1)
    Right Leg.CFrame = CFrame.new(-1.02445e-07, -1.19209e-07, 1.19209e-07, 0.205473, -0.978663, 2.13913e-08, 0.978663, 0.205473, 8.76607e-08, -9.49949e-08, 1.02445e-08, 1)

[26]
    Time: 0.510204
    HumanoidRootPart.CFrame = CFrame.new(0, 0, 0, 1, 0, 0, 0, 1, 0, 0, 0, 1)
    Torso.CFrame = CFrame.new(0.767998, -0.697262, -0.580629, -0.0279006, 0.994307, 0.102834, -0.999599, -0.0282575, 0.00201477, 0.00490912, -0.102737, 0.994696)
    Head.CFrame = CFrame.new(1.73226e-07, 1.49012e-08, -5.96046e-07, 1, -1.68802e-09, -4.65661e-10, 1.45519e-09, 1, -2.33194e-09, -4.65661e-10, 5.43514e-09, 1)
    Left Arm.CFrame = CFrame.new(-0.323162, -0.256641, -0.240684, 0.058927, 0.820993, -0.567889, -0.996327, 0.0129642, -0.0846417, -0.0621279, 0.570791, 0.818742)
    Right Arm.CFrame = CFrame.new(0.306098, -0.134712, -0.275618, 0.172167, -0.768747, 0.615943, 0.979195, 0.0653806, -0.192102, 0.107407, 0.636202, 0.76401)
    Left Leg.CFrame = CFrame.new(3.72529e-08, -2.38419e-07, -1.19209e-07, 0.344728, 0.938703, -1.47847e-08, -0.938703, 0.344728, -8.03266e-08, -7.03149e-08, 3.87663e-08, 1)
    Right Leg.CFrame = CFrame.new(-3.25963e-08, -1.19209e-07, 0, 0.344728, -0.938703, 3.63216e-08, 0.938703, 0.344728, 8.31205e-08, -8.98726e-08, 4.07454e-09, 1)

[27]
    Time: 0.530612
    HumanoidRootPart.CFrame = CFrame.new(0, 0, 0, 1, 0, 0, 0, 1, 0, 0, 0, 1)
    Torso.CFrame = CFrame.new(0.767998, -0.697262, -0.580629, -0.0279006, 0.994307, 0.102834, -0.999599, -0.0282575, 0.00201477, 0.00490912, -0.102737, 0.994696)
    Head.CFrame = CFrame.new(1.73226e-07, 1.49012e-08, -5.96046e-07, 1, -1.68802e-09, -4.65661e-10, 1.45519e-09, 1, -2.33194e-09, -4.65661e-10, 5.43514e-09, 1)
    Left Arm.CFrame = CFrame.new(-0.323162, -0.256641, -0.240684, 0.058927, 0.820993, -0.567889, -0.996327, 0.0129642, -0.0846417, -0.0621279, 0.570791, 0.818742)
    Right Arm.CFrame = CFrame.new(0.306098, -0.134712, -0.275618, 0.172167, -0.768747, 0.615943, 0.979195, 0.0653806, -0.192102, 0.107407, 0.636202, 0.76401)
    Left Leg.CFrame = CFrame.new(3.72529e-08, -2.38419e-07, -1.19209e-07, 0.344728, 0.938703, -1.47847e-08, -0.938703, 0.344728, -8.03266e-08, -7.03149e-08, 3.87663e-08, 1)
    Right Leg.CFrame = CFrame.new(-3.25963e-08, -1.19209e-07, 0, 0.344728, -0.938703, 3.63216e-08, 0.938703, 0.344728, 8.31205e-08, -8.98726e-08, 4.07454e-09, 1)

[28]
    Time: 0.551020
    HumanoidRootPart.CFrame = CFrame.new(0, 0, 0, 1, 0, 0, 0, 1, 0, 0, 0, 1)
    Torso.CFrame = CFrame.new(0.912439, -0.781735, -1.38151, 0.437555, 0.898681, 0.0302918, -0.89912, 0.436848, 0.0273173, 0.0113167, -0.0391888, 0.999168)
    Head.CFrame = CFrame.new(8.19564e-08, -2.98023e-08, -1.19209e-07, 1, 1.36788e-09, -9.31323e-10, 3.11702e-08, 1, 1.86265e-09, 0, -9.31322e-10, 1)
    Left Arm.CFrame = CFrame.new(-0.10796, -0.258822, 0.0160719, -0.024014, 0.942204, -0.334179, -0.999712, -0.0226461, 0.00798931, -4.03095e-05, 0.334274, 0.942476)
    Right Arm.CFrame = CFrame.new(0.0686202, -0.193906, -0.0173894, 0.157787, -0.877925, 0.452052, 0.985878, 0.114042, -0.122638, 0.0561142, 0.465019, 0.883521)
    Left Leg.CFrame = CFrame.new(2.17929e-07, 0, -5.96046e-08, 0.0399716, 0.999201, 6.39411e-08, -0.999201, 0.0399716, -7.45058e-08, -7.4273e-08, 1.54441e-08, 1)
    Right Leg.CFrame = CFrame.new(-5.58794e-09, 2.38419e-07, 1.19209e-07, 0.0399716, -0.999201, 3.46627e-08, 0.999201, 0.0399716, 8.84756e-08, -8.68458e-08, 4.40759e-08, 1)

[29]
    Time: 0.571429
    HumanoidRootPart.CFrame = CFrame.new(0, 0, 0, 1, 0, 0, 0, 1, 0, 0, 0, 1)
    Torso.CFrame = CFrame.new(0.912439, -0.781735, -1.38151, 0.437555, 0.898681, 0.0302918, -0.89912, 0.436848, 0.0273173, 0.0113167, -0.0391888, 0.999168)
    Head.CFrame = CFrame.new(8.19564e-08, -2.98023e-08, -1.19209e-07, 1, 1.36788e-09, -9.31323e-10, 3.11702e-08, 1, 1.86265e-09, 0, -9.31322e-10, 1)
    Left Arm.CFrame = CFrame.new(-0.10796, -0.258822, 0.0160719, -0.024014, 0.942204, -0.334179, -0.999712, -0.0226461, 0.00798931, -4.03095e-05, 0.334274, 0.942476)
    Right Arm.CFrame = CFrame.new(0.0686202, -0.193906, -0.0173894, 0.157787, -0.877925, 0.452052, 0.985878, 0.114042, -0.122638, 0.0561142, 0.465019, 0.883521)
    Left Leg.CFrame = CFrame.new(2.17929e-07, 0, -5.96046e-08, 0.0399716, 0.999201, 6.39411e-08, -0.999201, 0.0399716, -7.45058e-08, -7.4273e-08, 1.54441e-08, 1)
    Right Leg.CFrame = CFrame.new(-5.58794e-09, 2.38419e-07, 1.19209e-07, 0.0399716, -0.999201, 3.46627e-08, 0.999201, 0.0399716, 8.84756e-08, -8.68458e-08, 4.40759e-08, 1)

[30]
    Time: 0.591837
    HumanoidRootPart.CFrame = CFrame.new(0, 0, 0, 1, 0, 0, 0, 1, 0, 0, 0, 1)
    Torso.CFrame = CFrame.new(0.912439, -0.781735, -1.38151, 0.437555, 0.898681, 0.0302918, -0.89912, 0.436848, 0.0273173, 0.0113167, -0.0391888, 0.999168)
    Head.CFrame = CFrame.new(8.19564e-08, -2.98023e-08, -1.19209e-07, 1, 1.36788e-09, -9.31323e-10, 3.11702e-08, 1, 1.86265e-09, 0, -9.31322e-10, 1)
    Left Arm.CFrame = CFrame.new(-0.10796, -0.258822, 0.0160719, -0.024014, 0.942204, -0.334179, -0.999712, -0.0226461, 0.00798931, -4.03095e-05, 0.334274, 0.942476)
    Right Arm.CFrame = CFrame.new(0.0686202, -0.193906, -0.0173894, 0.157787, -0.877925, 0.452052, 0.985878, 0.114042, -0.122638, 0.0561142, 0.465019, 0.883521)
    Left Leg.CFrame = CFrame.new(2.17929e-07, 0, -5.96046e-08, 0.0399716, 0.999201, 6.39411e-08, -0.999201, 0.0399716, -7.45058e-08, -7.4273e-08, 1.54441e-08, 1)
    Right Leg.CFrame = CFrame.new(-5.58794e-09, 2.38419e-07, 1.19209e-07, 0.0399716, -0.999201, 3.46627e-08, 0.999201, 0.0399716, 8.84756e-08, -8.68458e-08, 4.40759e-08, 1)

[31]
    Time: 0.612245
    HumanoidRootPart.CFrame = CFrame.new(0, 0, 0, 1, 0, 0, 0, 1, 0, 0, 0, 1)
    Torso.CFrame = CFrame.new(0.912439, -0.781735, -1.38151, 0.437555, 0.898681, 0.0302918, -0.89912, 0.436848, 0.0273173, 0.0113167, -0.0391888, 0.999168)
    Head.CFrame = CFrame.new(8.19564e-08, -2.98023e-08, -1.19209e-07, 1, 1.36788e-09, -9.31323e-10, 3.11702e-08, 1, 1.86265e-09, 0, -9.31322e-10, 1)
    Left Arm.CFrame = CFrame.new(-0.10796, -0.258822, 0.0160719, -0.024014, 0.942204, -0.334179, -0.999712, -0.0226461, 0.00798931, -4.03095e-05, 0.334274, 0.942476)
    Right Arm.CFrame = CFrame.new(0.0686202, -0.193906, -0.0173894, 0.157787, -0.877925, 0.452052, 0.985878, 0.114042, -0.122638, 0.0561142, 0.465019, 0.883521)
    Left Leg.CFrame = CFrame.new(2.17929e-07, 0, -5.96046e-08, 0.0399716, 0.999201, 6.39411e-08, -0.999201, 0.0399716, -7.45058e-08, -7.4273e-08, 1.54441e-08, 1)
    Right Leg.CFrame = CFrame.new(-5.58794e-09, 2.38419e-07, 1.19209e-07, 0.0399716, -0.999201, 3.46627e-08, 0.999201, 0.0399716, 8.84756e-08, -8.68458e-08, 4.40759e-08, 1)

[32]
    Time: 0.632653
    HumanoidRootPart.CFrame = CFrame.new(0, 0, 0, 1, 0, 0, 0, 1, 0, 0, 0, 1)
    Torso.CFrame = CFrame.new(0.852131, -0.935707, -1.50319, 0.829738, 0.558116, -0.00641906, -0.558052, 0.829752, 0.00946174, 0.010607, -0.00426859, 0.999935)
    Head.CFrame = CFrame.new(1.58325e-07, 1.95578e-08, 2.38419e-07, 1, 2.26682e-08, -9.31323e-10, 2.26792e-08, 1, -6.98492e-10, 0, -4.65661e-10, 1)
    Left Arm.CFrame = CFrame.new(-0.099361, -0.259081, 0.0219488, -0.0236124, 0.95035, -0.310286, -0.999721, -0.0223304, 0.00768365, 0.000373325, 0.310381, 0.950612)
    Right Arm.CFrame = CFrame.new(-0.0061567, -0.182541, 0.0229366, 0.108517, -0.891759, 0.439307, 0.990781, 0.0609712, -0.120974, 0.0810946, 0.448385, 0.890154)
    Left Leg.CFrame = CFrame.new(-5.65778e-08, -1.19209e-07, -5.96046e-08, 0.0399716, 0.999201, 2.29993e-08, -0.999201, 0.0399716, -7.54371e-08, -7.26432e-08, 1.1496e-08, 1)
    Right Leg.CFrame = CFrame.new(6.0536e-09, 1.78814e-07, 0, 0.0399716, -0.999201, 2.30502e-08, 0.999201, 0.0399716, 8.75443e-08, -9.03383e-08, -1.1496e-08, 1)

[33]
    Time: 0.653061
    HumanoidRootPart.CFrame = CFrame.new(0, 0, 0, 1, 0, 0, 0, 1, 0, 0, 0, 1)
    Torso.CFrame = CFrame.new(0.852131, -0.935707, -1.50319, 0.829738, 0.558116, -0.00641906, -0.558052, 0.829752, 0.00946174, 0.010607, -0.00426859, 0.999935)
    Head.CFrame = CFrame.new(1.58325e-07, 1.95578e-08, 2.38419e-07, 1, 2.26682e-08, -9.31323e-10, 2.26792e-08, 1, -6.98492e-10, 0, -4.65661e-10, 1)
    Left Arm.CFrame = CFrame.new(-0.099361, -0.259081, 0.0219488, -0.0236124, 0.95035, -0.310286, -0.999721, -0.0223304, 0.00768365, 0.000373325, 0.310381, 0.950612)
    Right Arm.CFrame = CFrame.new(-0.0061567, -0.182541, 0.0229366, 0.108517, -0.891759, 0.439307, 0.990781, 0.0609712, -0.120974, 0.0810946, 0.448385, 0.890154)
    Left Leg.CFrame = CFrame.new(-5.65778e-08, -1.19209e-07, -5.96046e-08, 0.0399716, 0.999201, 2.29993e-08, -0.999201, 0.0399716, -7.54371e-08, -7.26432e-08, 1.1496e-08, 1)
    Right Leg.CFrame = CFrame.new(6.0536e-09, 1.78814e-07, 0, 0.0399716, -0.999201, 2.30502e-08, 0.999201, 0.0399716, 8.75443e-08, -9.03383e-08, -1.1496e-08, 1)

[34]
    Time: 0.673469
    HumanoidRootPart.CFrame = CFrame.new(0, 0, 0, 1, 0, 0, 0, 1, 0, 0, 0, 1)
    Torso.CFrame = CFrame.new(0.738041, -0.963084, -1.50366, 0.829738, 0.558116, -0.00641906, -0.558052, 0.829752, 0.00946174, 0.010607, -0.00426859, 0.999935)
    Head.CFrame = CFrame.new(1.41561e-07, 1.39698e-08, 3.57628e-07, 1, 2.26682e-08, -9.31323e-10, 2.26792e-08, 1, -6.98492e-10, 0, -4.65661e-10, 1)
    Left Arm.CFrame = CFrame.new(-0.0993609, -0.259081, 0.0219489, -0.0236124, 0.95035, -0.310286, -0.999721, -0.0223304, 0.00768365, 0.000373325, 0.310381, 0.950612)
    Right Arm.CFrame = CFrame.new(-0.00615659, -0.18254, 0.0229365, 0.108517, -0.891759, 0.439307, 0.990781, 0.0609712, -0.120974, 0.0810946, 0.448385, 0.890154)
    Left Leg.CFrame = CFrame.new(-1.52271e-07, 2.38419e-07, 0, 0.0399716, 0.999201, 2.29993e-08, -0.999201, 0.0399716, -7.54371e-08, -7.26432e-08, 1.1496e-08, 1)
    Right Leg.CFrame = CFrame.new(8.96398e-08, 2.98023e-07, 0, 0.0399716, -0.999201, 2.30502e-08, 0.999201, 0.0399716, 8.75443e-08, -9.03383e-08, -1.1496e-08, 1)

[35]
    Time: 0.693878
    HumanoidRootPart.CFrame = CFrame.new(0, 0, 0, 1, 0, 0, 0, 1, 0, 0, 0, 1)
    Torso.CFrame = CFrame.new(0.738041, -0.963084, -1.50366, 0.829738, 0.558116, -0.00641906, -0.558052, 0.829752, 0.00946174, 0.010607, -0.00426859, 0.999935)
    Head.CFrame = CFrame.new(1.41561e-07, 1.39698e-08, 3.57628e-07, 1, 2.26682e-08, -9.31323e-10, 2.26792e-08, 1, -6.98492e-10, 0, -4.65661e-10, 1)
    Left Arm.CFrame = CFrame.new(-0.0993609, -0.259081, 0.0219489, -0.0236124, 0.95035, -0.310286, -0.999721, -0.0223304, 0.00768365, 0.000373325, 0.310381, 0.950612)
    Right Arm.CFrame = CFrame.new(-0.00615659, -0.18254, 0.0229365, 0.108517, -0.891759, 0.439307, 0.990781, 0.0609712, -0.120974, 0.0810946, 0.448385, 0.890154)
    Left Leg.CFrame = CFrame.new(-1.52271e-07, 2.38419e-07, 0, 0.0399716, 0.999201, 2.29993e-08, -0.999201, 0.0399716, -7.54371e-08, -7.26432e-08, 1.1496e-08, 1)
    Right Leg.CFrame = CFrame.new(8.96398e-08, 2.98023e-07, 0, 0.0399716, -0.999201, 2.30502e-08, 0.999201, 0.0399716, 8.75443e-08, -9.03383e-08, -1.1496e-08, 1)

[36]
    Time: 0.714286
    HumanoidRootPart.CFrame = CFrame.new(0, 0, 0, 1, 0, 0, 0, 1, 0, 0, 0, 1)
    Torso.CFrame = CFrame.new(0.576829, -0.963175, -1.00893, 0.997597, 0.0471038, -0.0508053, -0.046993, 0.99889, 0.0033747, 0.0509079, -0.000979094, 0.998703)
    Head.CFrame = CFrame.new(1.45286e-07, -3.95812e-09, 0, 1, -2.92493e-09, 2.15368e-09, 7.93079e-10, 1, -1.16415e-10, -1.57161e-09, 0, 1)
    Left Arm.CFrame = CFrame.new(-0.413922, -0.252275, -0.332188, 0.0145492, 0.762534, -0.646784, -0.999266, -0.0118394, -0.0364364, -0.0354416, 0.646839, 0.761803)
    Right Arm.CFrame = CFrame.new(0.313055, -0.133349, -0.266441, 0.158927, -0.82894, 0.536284, 0.976941, 0.0535937, -0.206675, 0.14258, 0.556764, 0.818343)
    Left Leg.CFrame = CFrame.new(7.77654e-08, -1.19209e-07, -5.96046e-08, 0.159939, 0.987127, 4.59477e-09, -0.987127, 0.159939, -7.97882e-08, -8.05594e-08, 5.58794e-09, 1)
    Right Leg.CFrame = CFrame.new(4.13274e-09, 1.19209e-07, 0, 0.159939, -0.987127, 2.32321e-08, 0.987127, 0.159939, 9.08913e-08, -9.12696e-08, 9.31323e-09, 1)

[37]
    Time: 0.734694
    HumanoidRootPart.CFrame = CFrame.new(0, 0, 0, 1, 0, 0, 0, 1, 0, 0, 0, 1)
    Torso.CFrame = CFrame.new(0.576829, -0.963175, -1.00893, 0.997597, 0.0471038, -0.0508053, -0.046993, 0.99889, 0.0033747, 0.0509079, -0.000979094, 0.998703)
    Head.CFrame = CFrame.new(1.45286e-07, -3.95812e-09, 0, 1, -2.92493e-09, 2.15368e-09, 7.93079e-10, 1, -1.16415e-10, -1.57161e-09, 0, 1)
    Left Arm.CFrame = CFrame.new(-0.413922, -0.252275, -0.332188, 0.0145492, 0.762534, -0.646784, -0.999266, -0.0118394, -0.0364364, -0.0354416, 0.646839, 0.761803)
    Right Arm.CFrame = CFrame.new(0.313055, -0.133349, -0.266441, 0.158927, -0.82894, 0.536284, 0.976941, 0.0535937, -0.206675, 0.14258, 0.556764, 0.818343)
    Left Leg.CFrame = CFrame.new(7.77654e-08, -1.19209e-07, -5.96046e-08, 0.159939, 0.987127, 4.59477e-09, -0.987127, 0.159939, -7.97882e-08, -8.05594e-08, 5.58794e-09, 1)
    Right Leg.CFrame = CFrame.new(4.13274e-09, 1.19209e-07, 0, 0.159939, -0.987127, 2.32321e-08, 0.987127, 0.159939, 9.08913e-08, -9.12696e-08, 9.31323e-09, 1)

[38]
    Time: 0.755102
    HumanoidRootPart.CFrame = CFrame.new(0, 0, 0, 1, 0, 0, 0, 1, 0, 0, 0, 1)
    Torso.CFrame = CFrame.new(0.722649, -0.958263, -1.00153, 0.966223, -0.25265, -0.0508062, 0.253142, 0.967423, 0.00337787, 0.0482977, -0.0161249, 0.998703)
