[1]
    Time: 0.000000
    HumanoidRootPart.CFrame = CFrame.new(0, 0, 0, 1, 0, 0, 0, 1, 0, 0, 0, 1)
    Torso.CFrame = CFrame.new(-0.18838, -0.0479976, -0.113526, 0.994086, 0.105672, -0.0250195, -0.106977, 0.992548, -0.0583515, 0.018667, 0.0606829, 0.997983)
    Head.CFrame = CFrame.new(1.05239e-07, 3.35276e-08, 0.0166626, 0.996296, -0.0851894, 0.0117413, 0.0823765, 0.984627, 0.154026, -0.0246821, -0.152488, 0.987997)
    Left Arm.CFrame = CFrame.new(-0.245496, 0.292539, 0.114066, -0.920788, 0.0207439, 0.389512, 0.0456412, -0.985996, 0.160404, 0.387385, 0.165476, 0.906946)
    Right Arm.CFrame = CFrame.new(0.484298, 0.124288, 0.251502, -0.854561, -0.289877, -0.430925, 0.19273, -0.947495, 0.255164, -0.482266, 0.135001, 0.86556)
    Left Leg.CFrame = CFrame.new(-0.308536, 0.100391, 0.105293, 0.937721, -0.197751, 0.285611, 0.192909, 0.980171, 0.0452875, -0.288903, 0.0126298, 0.957275)
    Right Leg.CFrame = CFrame.new(0.616687, 0.176053, 0.0209253, 0.97093, 0.235696, -0.0417375, -0.235626, 0.971821, 0.00665471, 0.0421299, 0.0033732, 0.999106)

[2]
    Time: 0.033333
    HumanoidRootPart.CFrame = CFrame.new(0, 0, 0, 1, 0, 0, 0, 1, 0, 0, 0, 1)
    Torso.CFrame = CFrame.new(-0.167969, -0.0332795, -0.033844, 0.997301, 0.0698703, -0.0225787, -0.0707424, 0.996674, -0.0404584, 0.0196768, 0.0419465, 0.998926)
    Head.CFrame = CFrame.new(1.02911e-07, -1.11759e-08, 0.0166616, 0.998661, -0.0491457, 0.016167, 0.0465087, 0.989675, 0.135573, -0.0226629, -0.13464, 0.990636)
    Left Arm.CFrame = CFrame.new(-0.238381, -0.00589252, 0.0890232, -0.866619, 0.261938, 0.424688, -0.215232, -0.964113, 0.155441, 0.450163, 0.043302, 0.891896)
    Right Arm.CFrame = CFrame.new(0.473603, -0.309132, 0.223953, -0.668513, -0.605301, -0.432089, 0.47427, -0.794512, 0.379234, -0.57285, 0.0485964, 0.818218)
    Left Leg.CFrame = CFrame.new(-0.200673, 0.0592549, 0.061996, 0.958683, -0.136656, 0.249502, 0.132138, 0.990619, 0.0348526, -0.251924, -0.000443988, 0.967747)
    Right Leg.CFrame = CFrame.new(0.498391, 0.11728, 0.0352002, 0.974832, 0.208877, -0.0779307, -0.208733, 0.977921, 0.0100811, 0.0783158, 0.00643934, 0.996908)

[3]
    Time: 0.066667
    HumanoidRootPart.CFrame = CFrame.new(0, 0, 0, 1, 0, 0, 0, 1, 0, 0, 0, 1)
    Torso.CFrame = CFrame.new(-0.118215, -0.000229494, 0.111758, 0.999532, 0.0259218, -0.0162176, -0.0259297, 0.999664, -0.000278997, 0.0162049, 0.000699385, 0.999868)
    Head.CFrame = CFrame.new(9.57552e-08, -1.74623e-10, 0.016662, 0.999848, -0.00416074, 0.0169388, 0.00254785, 0.995554, 0.0941538, -0.0172553, -0.0940964, 0.995414)
    Left Arm.CFrame = CFrame.new(-0.223042, -0.303151, 0.0560875, -0.489497, 0.749258, 0.4461, -0.759495, -0.617679, 0.204059, 0.42844, -0.238925, 0.871409)
    Right Arm.CFrame = CFrame.new(0.459224, -0.728741, 0.150546, -0.0559881, -0.958003, -0.28124, 0.795267, -0.213099, 0.567573, -0.603669, -0.191884, 0.773799)
    Left Leg.CFrame = CFrame.new(0.129182, 0.00811428, -0.0204699, 0.978593, 0.019858, 0.204845, -0.0239973, 0.999555, 0.0177423, -0.204402, -0.0222782, 0.978634)
    Right Leg.CFrame = CFrame.new(0.186056, 0.029165, 0.0220249, 0.986504, 0.109437, -0.121794, -0.108275, 0.99399, 0.0161352, 0.122828, -0.00273016, 0.992424)

[4]
    Time: 0.100000
    HumanoidRootPart.CFrame = CFrame.new(0, 0, 0, 1, 0, 0, 0, 1, 0, 0, 0, 1)
    Torso.CFrame = CFrame.new(-0.0553785, 0.0335173, 0.21305, 0.999802, 0.0191625, -0.00539549, -0.0189271, 0.99899, 0.0407475, 0.00617087, -0.0406373, 0.999155)
    Head.CFrame = CFrame.new(9.03383e-08, 1.39698e-09, 0.0166621, 0.999964, 0.00375629, 0.00762906, -0.00414487, 0.99866, 0.0515779, -0.00742513, -0.0516077, 0.99864)
    Left Arm.CFrame = CFrame.new(-0.105719, -0.277879, 0.0446469, 0.62175, 0.709725, 0.331235, -0.776415, 0.502909, 0.379818, 0.102985, -0.493328, 0.863726)
    Right Arm.CFrame = CFrame.new(0.267118, -0.541097, 0.0587274, 0.592562, -0.783774, -0.185928, 0.751527, 0.454825, 0.477851, -0.289962, -0.422886, 0.858539)
    Left Leg.CFrame = CFrame.new(0.125938, 0.00346684, -0.0195344, 0.979857, -0.0225793, 0.198418, 0.0218616, 0.999744, 0.00580719, -0.198498, -0.00135252, 0.9801)
    Right Leg.CFrame = CFrame.new(-0.091231, 0.00846225, -0.0118508, 0.991715, 0.0123931, -0.127861, -0.0103663, 0.99981, 0.0165051, 0.128042, -0.0150429, 0.991655)

[5]
    Time: 0.133333
    HumanoidRootPart.CFrame = CFrame.new(0, 0, 0, 1, 0, 0, 0, 1, 0, 0, 0, 1)
    Torso.CFrame = CFrame.new(-0.00625197, 0.0489543, 0.278208, 0.999889, 0.0148938, 0.000899188, -0.0149209, 0.998116, 0.0595146, -1.10948e-05, -0.0595214, 0.998227)
    Head.CFrame = CFrame.new(8.89268e-08, 4.35393e-08, 0.016662, 0.999964, 0.00830915, 0.00188064, -0.00836204, 0.999512, 0.0300842, -0.00162978, -0.0300988, 0.999546)
    Left Arm.CFrame = CFrame.new(-0.0109147, -0.265247, 0.0480167, 0.975517, -0.00970438, 0.21971, -0.0727543, 0.928536, 0.364044, -0.207541, -0.371116, 0.905097)
    Right Arm.CFrame = CFrame.new(0.0855433, -0.282819, 0.0177596, 0.90049, -0.364429, -0.237295, 0.422411, 0.862695, 0.278076, 0.103374, -0.35064, 0.930787)
    Left Leg.CFrame = CFrame.new(0.124611, -0.00284886, -0.0191587, 0.979741, -0.0419667, 0.195822, 0.0444237, 0.998979, -0.00817026, -0.19528, 0.0167039, 0.980605)
    Right Leg.CFrame = CFrame.new(-0.0930101, 0.00838411, -0.0121844, 0.990719, 0.0340537, -0.131588, -0.0323434, 0.999363, 0.0151139, 0.132019, -0.0107177, 0.991189)

[6]
    Time: 0.166667
    HumanoidRootPart.CFrame = CFrame.new(0, 0, 0, 1, 0, 0, 0, 1, 0, 0, 0, 1)
    Torso.CFrame = CFrame.new(0.0115923, 0.046931, 0.338129, 0.999995, -0.00255111, -0.00194104, 0.0026577, 0.998368, 0.0570548, 0.00179231, -0.0570596, 0.998369)
    Head.CFrame = CFrame.new(8.89413e-08, -2.66627e-08, 0.0166625, 0.999657, 0.0256594, 0.0052391, -0.0257973, 0.999269, 0.0282292, -0.004511, -0.0283546, 0.999588)
    Left Arm.CFrame = CFrame.new(-0.0128219, -0.23565, 0.0512817, 0.944787, -0.00686786, 0.327613, -0.0840074, 0.961291, 0.262417, -0.316733, -0.27545, 0.907638)
    Right Arm.CFrame = CFrame.new(0.0955389, -0.18627, 0.0311376, 0.96437, -0.135869, -0.227005, 0.164333, 0.980081, 0.111516, 0.207332, -0.144847, 0.967488)
    Left Leg.CFrame = CFrame.new(-0.168094, 0.000968933, 0.0377921, 0.963887, -0.186205, 0.190395, 0.190792, 0.981613, -0.00588553, -0.185798, 0.0419987, 0.98169)
    Right Leg.CFrame = CFrame.new(-0.101635, 0.00844228, -0.0139057, 0.988166, 0.0360504, -0.149095, -0.0341742, 0.999301, 0.015128, 0.149536, -0.00985387, 0.988707)

[7]
    Time: 0.200000
    HumanoidRootPart.CFrame = CFrame.new(0, 0, 0, 1, 0, 0, 0, 1, 0, 0, 0, 1)
    Torso.CFrame = CFrame.new(0.0170249, 0.040642, 0.397511, 0.999879, -0.014818, -0.00480232, 0.0150373, 0.998665, 0.0494092, 0.00406377, -0.0494754, 0.998767)
    Head.CFrame = CFrame.new(9.02219e-08, -2.01544e-08, 0.0166621, 0.999249, 0.037826, 0.00846342, -0.0380597, 0.998843, 0.0294039, -0.00734137, -0.0297039, 0.999532)
    Left Arm.CFrame = CFrame.new(-0.012474, -0.206364, 0.0545168, 0.921107, 0.0554392, 0.385342, -0.120073, 0.98201, 0.145736, -0.37033, -0.180507, 0.911193)
    Right Arm.CFrame = CFrame.new(0.0998058, -0.172198, 0.0410174, 0.970764, -0.0819572, -0.22561, 0.0910913, 0.99538, 0.0303608, 0.222079, -0.0500243, 0.973745)
    Left Leg.CFrame = CFrame.new(-0.255046, 0.0231341, 0.0537612, 0.957228, -0.219253, 0.188794, 0.2209, 0.975216, 0.0125391, -0.186864, 0.0297016, 0.981937)
    Right Leg.CFrame = CFrame.new(-0.107906, 0.00585133, -0.0152076, 0.986336, 0.0310394, -0.161793, -0.0297872, 0.999505, 0.01016, 0.162029, -0.00520177, 0.986772)

[8]
    Time: 0.233333
    HumanoidRootPart.CFrame = CFrame.new(0, 0, 0, 1, 0, 0, 0, 1, 0, 0, 0, 1)
    Torso.CFrame = CFrame.new(0.0282689, 0.0286835, 0.451077, 0.999872, -0.015226, -0.00486371, 0.0153865, 0.999273, 0.034871, 0.00432923, -0.0349414, 0.99938)
    Head.CFrame = CFrame.new(9.42964e-08, -2.47383e-09, 0.0166625, 0.999233, 0.0382012, 0.00862208, -0.0384811, 0.998644, 0.0350602, -0.00727109, -0.035365, 0.999348)
    Left Arm.CFrame = CFrame.new(-0.00494453, -0.206453, 0.0567777, 0.901618, 0.274178, 0.334533, -0.294099, 0.955729, 0.00934187, -0.317161, -0.106808, 0.942338)
    Right Arm.CFrame = CFrame.new(0.0930811, -0.173382, 0.0402371, 0.950317, -0.27225, -0.150924, 0.27974, 0.959594, 0.0304261, 0.136542, -0.0711339, 0.988077)
    Left Leg.CFrame = CFrame.new(-0.265387, 0.0313444, 0.0554316, 0.959627, -0.208912, 0.188341, 0.210051, 0.977588, 0.0141231, -0.187071, 0.0260083, 0.982002)
    Right Leg.CFrame = CFrame.new(0.122119, 0.00403297, 0.0227886, 0.977268, 0.135789, -0.162817, -0.137912, 0.990443, -0.0017542, 0.161023, 0.0241687, 0.986655)

[9]
    Time: 0.266667
    HumanoidRootPart.CFrame = CFrame.new(0, 0, 0, 1, 0, 0, 0, 1, 0, 0, 0, 1)
    Torso.CFrame = CFrame.new(0.0519807, 0.00480438, 0.47541, 0.999871, -0.0153489, -0.00480543, 0.0153769, 0.999865, 0.00584077, 0.00471513, -0.00591391, 0.999971)
    Head.CFrame = CFrame.new(9.78616e-08, -3.89991e-09, 0.0166619, 0.99923, 0.0382336, 0.00882883, -0.0386439, 0.997886, 0.0522557, -0.00681227, -0.0525566, 0.998595)
    Left Arm.CFrame = CFrame.new(0.00680918, -0.211389, 0.0579205, 0.780518, 0.601155, 0.171478, -0.602675, 0.796479, -0.0490304, -0.166053, -0.0650765, 0.983967)
    Right Arm.CFrame = CFrame.new(0.0825709, -0.178395, 0.0396461, 0.823189, -0.567378, -0.021001, 0.566684, 0.818774, 0.0920746, -0.0350461, -0.0876958, 0.995531)
    Left Leg.CFrame = CFrame.new(-0.253439, 0.0327635, 0.053828, 0.966762, -0.172222, 0.188974, 0.175561, 0.984468, -0.000949069, -0.185875, 0.034094, 0.981982)
    Right Leg.CFrame = CFrame.new(0.218183, 0.012399, 0.0390792, 0.974427, 0.154644, -0.163025, -0.15986, 0.986951, -0.019297, 0.157913, 0.0448647, 0.986433)

[10]
    Time: 0.300000
    HumanoidRootPart.CFrame = CFrame.new(0, 0, 0, 1, 0, 0, 0, 1, 0, 0, 0, 1)
    Torso.CFrame = CFrame.new(0.0865579, -0.0339403, 0.450285, 0.999912, -0.0115021, -0.00656005, 0.0112219, 0.999085, -0.0412618, 0.00702864, 0.0411845, 0.999127)
    Head.CFrame = CFrame.new(9.26666e-08, 7.85803e-09, 0.0166622, 0.999362, 0.0340725, 0.0107326, -0.034856, 0.995845, 0.084126, -0.00782173, -0.0844464, 0.996397)
    Left Arm.CFrame = CFrame.new(0.0130078, -0.365002, 0.0968603, 0.489326, 0.871598, -0.0296121, -0.869997, 0.490221, 0.052802, 0.0605387, -7.5015e-05, 0.998166)
    Right Arm.CFrame = CFrame.new(0.0138678, -0.187981, 0.0879766, 0.711815, -0.700946, 0.044665, 0.679211, 0.703148, 0.210372, -0.178865, -0.119409, 0.976601)
    Left Leg.CFrame = CFrame.new(-0.290288, 0.0498267, 0.0635048, 0.970639, -0.144136, 0.192574, 0.150677, 0.988387, -0.019688, -0.1875, 0.0481265, 0.981085)
    Right Leg.CFrame = CFrame.new(0.279962, 0.0284454, 0.0486304, 0.978295, 0.134633, -0.157521, -0.142831, 0.988861, -0.0418834, 0.150127, 0.0634731, 0.986627)

[11]
    Time: 0.333333
    HumanoidRootPart.CFrame = CFrame.new(0, 0, 0, 1, 0, 0, 0, 1, 0, 0, 0, 1)
    Torso.CFrame = CFrame.new(0.103975, -0.0725407, 0.374307, 0.999924, -0.00779434, -0.00959397, 0.00691823, 0.99608, -0.088189, 0.0102437, 0.0881159, 0.996058)
    Head.CFrame = CFrame.new(1.01747e-07, -4.83124e-09, 0.0166618, 0.999462, 0.0298416, 0.013636, -0.0311841, 0.99321, 0.112078, -0.0101988, -0.112443, 0.993606)
    Left Arm.CFrame = CFrame.new(-0.0101789, -0.519183, 0.136594, 0.156453, 0.979536, -0.126615, -0.947873, 0.184938, 0.259491, 0.277596, 0.0794162, 0.95741)
    Right Arm.CFrame = CFrame.new(-0.0530613, -0.197572, 0.148477, 0.61077, -0.78947, 0.0608102, 0.728731, 0.590492, 0.346801, -0.309697, -0.167501, 0.935966)
    Left Leg.CFrame = CFrame.new(-0.333833, 0.0858495, 0.0743701, 0.973107, -0.120701, 0.1962, 0.126862, 0.991737, -0.0190949, -0.192274, 0.0434718, 0.980378)
    Right Leg.CFrame = CFrame.new(0.389266, 0.0671586, 0.0664548, 0.978484, 0.141685, -0.149978, -0.152808, 0.986091, -0.0653827, 0.138629, 0.0868938, 0.986525)

[12]
    Time: 0.366667
    HumanoidRootPart.CFrame = CFrame.new(0, 0, 0, 1, 0, 0, 0, 1, 0, 0, 0, 1)
    Torso.CFrame = CFrame.new(0.102907, -0.0966268, 0.257988, 0.999822, -0.015436, -0.0108926, 0.0140506, 0.992977, -0.117471, 0.0126294, 0.117297, 0.993017)
    Head.CFrame = CFrame.new(9.68575e-08, -2.32831e-09, 0.016663, 0.999178, 0.0373713, 0.0156883, -0.0388194, 0.99368, 0.105321, -0.0116532, -0.105843, 0.994315)
    Left Arm.CFrame = CFrame.new(-0.149823, -0.412311, 0.0906237, -0.0171134, 0.997494, -0.0686493, -0.889763, 0.016127, 0.456138, 0.456102, 0.0688876, 0.887257)
    Right Arm.CFrame = CFrame.new(-0.00808571, -0.202103, 0.158716, 0.401764, -0.915281, 0.0290882, 0.794867, 0.364329, 0.485234, -0.454723, -0.171828, 0.873901)
    Left Leg.CFrame = CFrame.new(-0.263623, 0.090481, 0.0561444, 0.980403, -0.0480243, 0.191061, 0.0480907, 0.998834, 0.00429138, -0.191044, 0.00498098, 0.981569)
    Right Leg.CFrame = CFrame.new(0.473036, 0.108268, 0.0865397, 0.97484, 0.161201, -0.153951, -0.174978, 0.981276, -0.0804984, 0.138092, 0.105411, 0.984794)

[13]
    Time: 0.400000
    HumanoidRootPart.CFrame = CFrame.new(0, 0, 0, 1, 0, 0, 0, 1, 0, 0, 0, 1)
    Torso.CFrame = CFrame.new(0.10291, -0.111654, 0.146154, 0.999677, -0.0229687, -0.0108891, 0.0212797, 0.990516, -0.135739, 0.0139036, 0.135464, 0.990685)
    Head.CFrame = CFrame.new(7.77654e-08, 6.63567e-08, 0.0166622, 0.998856, 0.0449499, 0.0163211, -0.046338, 0.994103, 0.0980418, -0.0118179, -0.0986859, 0.995049)
    Left Arm.CFrame = CFrame.new(-0.367998, -0.256181, 0.0447019, -0.213018, 0.974068, 0.0762519, -0.794048, -0.218066, 0.567393, 0.569307, 0.0603174, 0.819909)
    Right Arm.CFrame = CFrame.new(0.158358, -0.187508, 0.167735, 0.0975433, -0.992524, -0.0733553, 0.79665, 0.0336896, 0.603502, -0.596519, -0.117306, 0.79398)
    Left Leg.CFrame = CFrame.new(0.0572861, 0.0140915, -0.00632113, 0.971402, 0.148431, 0.18533, -0.153696, 0.988015, 0.0142905, -0.180988, -0.0423663, 0.982572)
    Right Leg.CFrame = CFrame.new(0.540722, 0.150572, 0.105273, 0.969758, 0.185008, -0.159187, -0.20042, 0.975858, -0.0867986, 0.139286, 0.116078, 0.983425)

[14]
    Time: 0.433333
    HumanoidRootPart.CFrame = CFrame.new(0, 0, 0, 1, 0, 0, 0, 1, 0, 0, 0, 1)
    Torso.CFrame = CFrame.new(0.102977, -0.124837, 0.0646079, 0.999677, -0.0229887, -0.0108072, 0.0210838, 0.988192, -0.151767, 0.0141685, 0.15149, 0.988357)
    Head.CFrame = CFrame.new(9.31323e-08, -4.49363e-08, 0.0166621, 0.99886, 0.0447313, 0.016689, -0.046407, 0.991774, 0.11929, -0.0112157, -0.119928, 0.992719)
    Left Arm.CFrame = CFrame.new(-0.529967, -0.23336, 0.063704, -0.580566, 0.772761, 0.256482, -0.591079, -0.61665, 0.51997, 0.559973, 0.150276, 0.814768)
    Right Arm.CFrame = CFrame.new(0.430377, -0.120734, 0.204427, -0.210911, -0.947854, -0.238933, 0.672452, -0.318094, 0.6683, -0.709454, -0.0197196, 0.704476)
    Left Leg.CFrame = CFrame.new(0.119473, -0.00103354, -0.0178597, 0.962488, 0.198, 0.185509, -0.203244, 0.979082, 0.00949437, -0.179749, -0.0468417, 0.982597)
    Right Leg.CFrame = CFrame.new(0.600092, 0.195019, 0.1187, 0.966224, 0.204193, -0.157213, -0.220173, 0.971128, -0.0918395, 0.133921, 0.123351, 0.983285)

[15]
    Time: 0.466667
    HumanoidRootPart.CFrame = CFrame.new(0, 0, 0, 1, 0, 0, 0, 1, 0, 0, 0, 1)
    Torso.CFrame = CFrame.new(0.10291, -0.131066, -0.0664921, 0.999677, -0.0229687, -0.0108891, 0.0209418, 0.987002, -0.15934, 0.0144074, 0.15906, 0.987164)
    Head.CFrame = CFrame.new(8.19564e-08, 6.61239e-08, 0.0166619, 0.998852, 0.0447203, 0.0171678, -0.0466848, 0.989088, 0.139735, -0.0107314, -0.140376, 0.99004)
    Left Arm.CFrame = CFrame.new(-0.594374, -0.20826, 0.139907, -0.792597, 0.484082, 0.370748, -0.315806, -0.846037, 0.429521, 0.52159, 0.223353, 0.823442)
    Right Arm.CFrame = CFrame.new(0.585256, 0.0102063, 0.252437, -0.412948, -0.828598, -0.378021, 0.503802, -0.5536, 0.663107, -0.758722, 0.0833805, 0.646057)
    Left Leg.CFrame = CFrame.new(-0.170008, 0.0782427, 0.0361086, 0.981219, 0.0512688, 0.185958, -0.0540745, 0.998486, 0.0100439, -0.185162, -0.0199109, 0.982506)
    Right Leg.CFrame = CFrame.new(0.609242, 0.206943, 0.121052, 0.966746, 0.20241, -0.156311, -0.218479, 0.971361, -0.0934042, 0.132928, 0.124449, 0.983282)

[16]
    Time: 0.500000
    HumanoidRootPart.CFrame = CFrame.new(0, 0, 0, 1, 0, 0, 0, 1, 0, 0, 0, 1)
    Torso.CFrame = CFrame.new(0.0949126, -0.131066, -0.220437, 0.999487, -0.0245342, -0.0206115, 0.0209418, 0.987002, -0.15934, 0.0242529, 0.158826, 0.987009)
    Head.CFrame = CFrame.new(9.17353e-08, 4.91273e-08, 0.0166622, 0.998597, 0.0453603, 0.0273213, -0.0490836, 0.986512, 0.156154, -0.0198697, -0.157276, 0.987355)
    Left Arm.CFrame = CFrame.new(-0.583879, -0.114363, 0.235514, -0.813165, 0.406711, 0.416352, -0.199259, -0.866644, 0.45741, 0.546863, 0.288988, 0.785765)
    Right Arm.CFrame = CFrame.new(0.568464, 0.125284, 0.279362, -0.49699, -0.753808, -0.429855, 0.420352, -0.642498, 0.640703, -0.759148, 0.137733, 0.636179)
    Left Leg.CFrame = CFrame.new(-0.473908, 0.206224, 0.0928831, 0.975358, -0.1204, 0.18488, 0.121721, 0.992555, 0.00423167, -0.184013, 0.0183764, 0.982752)
    Right Leg.CFrame = CFrame.new(0.550038, 0.17948, 0.107273, 0.973024, 0.167723, -0.158407, -0.181998, 0.980017, -0.0802775, 0.141778, 0.106942, 0.984105)

[17]
    Time: 0.533333
    HumanoidRootPart.CFrame = CFrame.new(0, 0, 0, 1, 0, 0, 0, 1, 0, 0, 0, 1)
    Torso.CFrame = CFrame.new(0.0954832, -0.131067, -0.164663, 0.999263, -0.0257897, -0.0284176, 0.0209419, 0.987002, -0.15934, 0.0321576, 0.158627, 0.986815)
    Head.CFrame = CFrame.new(9.03383e-08, 2.6077e-08, 0.0166622, 0.998284, 0.0465328, 0.0355505, -0.0519948, 0.983625, 0.172564, -0.0269385, -0.174116, 0.984357)
    Left Arm.CFrame = CFrame.new(-0.605049, -0.264892, 0.214196, -0.786814, 0.486976, 0.379181, -0.313931, -0.844728, 0.433454, 0.531386, 0.222011, 0.81752)
    Right Arm.CFrame = CFrame.new(0.590036, 0.0113348, 0.225507, -0.530004, -0.692141, -0.489935, 0.413801, -0.715395, 0.563009, -0.740178, 0.0956615, 0.665571)
    Left Leg.CFrame = CFrame.new(-0.384827, 0.151801, 0.0775564, 0.980756, -0.0684857, 0.182833, 0.0714803, 0.997394, -0.00983164, -0.181684, 0.0227114, 0.983095)
    Right Leg.CFrame = CFrame.new(0.48199, 0.154271, 0.0922737, 0.978488, 0.128765, -0.161188, -0.140312, 0.98814, -0.0623845, 0.151243, 0.083659, 0.98495)

[18]
    Time: 0.566667
    HumanoidRootPart.CFrame = CFrame.new(0, 0, 0, 1, 0, 0, 0, 1, 0, 0, 0, 1)
    Torso.CFrame = CFrame.new(0.109296, -0.110065, -0.0714734, 0.999578, -0.0108347, -0.0269435, 0.00713476, 0.990982, -0.133808, 0.0281503, 0.133559, 0.990641)
    Head.CFrame = CFrame.new(1.00117e-07, 3.80096e-08, 0.0166621, 0.998883, 0.0352649, 0.0314577, -0.0398703, 0.986246, 0.160402, -0.0253685, -0.161477, 0.98655)
    Left Arm.CFrame = CFrame.new(-0.467473, -0.420533, 0.142517, -0.61098, 0.750295, 0.252507, -0.640052, -0.655886, 0.400183, 0.465871, 0.0828858, 0.880962)
    Right Arm.CFrame = CFrame.new(0.41753, -0.240635, 0.227685, -0.500611, -0.750228, -0.431909, 0.553091, -0.661009, 0.507107, -0.665942, 0.0149782, 0.745853)
    Left Leg.CFrame = CFrame.new(-0.195105, 0.0667777, 0.0455759, 0.980554, 0.00332978, 0.196222, -0.00127152, 0.999943, -0.0106147, -0.196246, 0.0101588, 0.980502)
    Right Leg.CFrame = CFrame.new(0.348948, 0.0894456, 0.0595448, 0.985931, 0.0726434, -0.150543, -0.0802773, 0.995745, -0.0452598, 0.146614, 0.0567082, 0.987567)

[19]
    Time: 0.600000
    HumanoidRootPart.CFrame = CFrame.new(0, 0, 0, 1, 0, 0, 0, 1, 0, 0, 0, 1)
    Torso.CFrame = CFrame.new(0.135318, -0.0568322, 0.0397751, 0.999736, 0.00465115, -0.0224896, -0.00619543, 0.997591, -0.0690918, 0.0221141, 0.069213, 0.997357)
    Head.CFrame = CFrame.new(1.09838e-07, 7.68341e-09, 0.0166621, 0.99934, 0.0262559, 0.0251036, -0.0286754, 0.994426, 0.101459, -0.0222998, -0.102112, 0.994523)
    Left Arm.CFrame = CFrame.new(-0.217895, -0.461899, 0.0935661, -0.0937697, 0.988112, 0.121827, -0.91609, -0.133549, 0.378079, 0.389854, -0.0761518, 0.917723)
    Right Arm.CFrame = CFrame.new(0.241761, -0.380518, 0.228484, -0.326733, -0.894859, -0.304092, 0.794342, -0.43435, 0.424689, -0.51212, -0.102793, 0.852741)
    Left Leg.CFrame = CFrame.new(0.131493, -0.0048182, -0.0209988, 0.972641, 0.100363, 0.209514, -0.101812, 0.994796, -0.00388963, -0.208815, -0.0175478, 0.977798)
    Right Leg.CFrame = CFrame.new(0.087047, 0.00949836, 0.0136546, 0.990059, -0.00660901, -0.140499, 0.00333331, 0.999717, -0.0235369, 0.140615, 0.0228346, 0.989801)

[20]
    Time: 0.633333
    HumanoidRootPart.CFrame = CFrame.new(0, 0, 0, 1, 0, 0, 0, 1, 0, 0, 0, 1)
    Torso.CFrame = CFrame.new(0.176256, 0.0140273, 0.166031, 0.999839, 0.00429644, -0.0174202, -0.00399935, 0.999847, 0.0170533, 0.0174908, -0.0169808, 0.999703)
    Head.CFrame = CFrame.new(9.63628e-08, -9.31323e-10, 0.0166619, 0.999135, 0.0360377, 0.0207578, -0.036308, 0.999259, 0.0127927, -0.0202813, -0.0135353, 0.999703)
    Left Arm.CFrame = CFrame.new(-0.0541428, -0.308397, 0.0939287, 0.719185, 0.694786, -0.00679538, -0.642665, 0.668887, 0.373593, 0.264112, -0.264316, 0.927568)
    Right Arm.CFrame = CFrame.new(0.24204, -0.358632, 0.191507, 0.100861, -0.95459, -0.280329, 0.9471, 0.00583637, 0.320886, -0.304679, -0.297864, 0.904681)
    Left Leg.CFrame = CFrame.new(0.130429, 0.00269675, -0.020724, 0.978223, 0.00707224, 0.207437, -0.00849409, 0.999946, 0.00596443, -0.207383, -0.00759651, 0.97823)
    Right Leg.CFrame = CFrame.new(0.135138, 0.00982785, 0.0207567, 0.9831, 0.113393, -0.143723, -0.114731, 0.993396, -0.00102943, 0.142657, 0.0175015, 0.989617)

[21]
    Time: 0.666667
    HumanoidRootPart.CFrame = CFrame.new(0, 0, 0, 1, 0, 0, 0, 1, 0, 0, 0, 1)
    Torso.CFrame = CFrame.new(0.221365, 0.0827818, 0.281045, 0.999948, 0.00335583, -0.00967906, -0.00236481, 0.99492, 0.100639, 0.00996762, -0.100611, 0.994876)
    Head.CFrame = CFrame.new(5.88188e-08, 2.52039e-08, 0.0166624, 0.998691, 0.049303, 0.0136091, -0.0481013, 0.995812, -0.0777513, -0.0173855, 0.0769949, 0.99688)
    Left Arm.CFrame = CFrame.new(-0.0110279, -0.154494, 0.0986563, 0.98255, 0.183795, -0.0285682, -0.164292, 0.92958, 0.329983, 0.0872054, -0.319531, 0.943555)
    Right Arm.CFrame = CFrame.new(0.251025, -0.298575, 0.134233, 0.599471, -0.75353, -0.269864, 0.796777, 0.529789, 0.290637, -0.0760324, -0.38925, 0.917989)
    Left Leg.CFrame = CFrame.new(0.128664, 0.01534, -0.0205375, 0.97527, -0.0840739, 0.2044, 0.080359, 0.996416, 0.0264228, -0.205889, -0.00934404, 0.978531)
    Right Leg.CFrame = CFrame.new(0.328796, 0.00443357, 0.0492389, 0.941887, 0.303163, -0.144708, -0.304752, 0.952361, 0.0116, 0.141331, 0.0331744, 0.989406)

[22]
    Time: 0.700000
    HumanoidRootPart.CFrame = CFrame.new(0, 0, 0, 1, 0, 0, 0, 1, 0, 0, 0, 1)
    Torso.CFrame = CFrame.new(0.261771, 0.130686, 0.360059, 0.999952, 0.00900795, 0.00385349, -0.00950581, 0.987253, 0.158878, -0.00237321, -0.158907, 0.987291)
    Head.CFrame = CFrame.new(5.40167e-08, 4.19095e-09, 0.0166621, 0.998393, 0.0566532, 0.00148121, -0.0558328, 0.987747, -0.145736, -0.00971948, 0.14542, 0.989322)
    Left Arm.CFrame = CFrame.new(-0.0174821, -0.132441, 0.0824338, 0.993296, 0.0895455, 0.0731128, -0.107097, 0.950904, 0.290366, -0.0435223, -0.29625, 0.954118)
    Right Arm.CFrame = CFrame.new(0.200893, -0.193658, 0.100973, 0.893528, -0.402725, -0.198544, 0.444616, 0.855278, 0.266114, 0.0626394, -0.326057, 0.943273)
    Left Leg.CFrame = CFrame.new(-0.0479045, 0.0142714, 0.0241846, 0.935483, -0.25235, 0.247367, 0.243568, 0.967635, 0.0660106, -0.256019, -0.00150089, 0.966671)
    Right Leg.CFrame = CFrame.new(0.249208, -0.021257, 0.0452545, 0.929736, 0.328487, -0.166393, -0.331217, 0.94348, 0.0118763, 0.16089, 0.0440703, 0.985988)

[23]
    Time: 0.733333
    HumanoidRootPart.CFrame = CFrame.new(0, 0, 0, 1, 0, 0, 0, 1, 0, 0, 0, 1)
    Torso.CFrame = CFrame.new(0.303148, 0.148106, 0.389135, 0.99942, 0.0286832, 0.0183472, -0.0315217, 0.983151, 0.180055, -0.0128735, -0.180529, 0.983485)
    Head.CFrame = CFrame.new(1.04308e-07, -2.70084e-08, 0.0166626, 0.998676, 0.0506898, -0.00881151, -0.0514485, 0.982643, -0.178229, -0.000375833, 0.178447, 0.98395)
    Left Arm.CFrame = CFrame.new(-0.0210994, -0.128406, 0.0675377, 0.988418, 0.0737269, 0.132647, -0.102086, 0.969759, 0.22169, -0.112291, -0.232664, 0.966053)
    Right Arm.CFrame = CFrame.new(0.0586366, -0.101104, 0.0824919, 0.962532, -0.214477, -0.165928, 0.248679, 0.94215, 0.224749, 0.108125, -0.257591, 0.960185)
    Left Leg.CFrame = CFrame.new(-0.134022, 0.0149993, 0.0648584, 0.889624, -0.339532, 0.305431, 0.327131, 0.940431, 0.0925986, -0.318677, 0.0175382, 0.947701)
    Right Leg.CFrame = CFrame.new(0.173767, -0.0234067, 0.0343168, 0.934943, 0.309862, -0.17282, -0.312386, 0.949865, 0.0130965, 0.168214, 0.0417421, 0.984866)

[24]
    Time: 0.766667
    HumanoidRootPart.CFrame = CFrame.new(0, 0, 0, 1, 0, 0, 0, 1, 0, 0, 0, 1)
    Torso.CFrame = CFrame.new(0.349336, 0.12582, 0.387112, 0.997493, 0.0654266, 0.0269593, -0.068796, 0.985835, 0.152961, -0.0165696, -0.154433, 0.987864)
    Head.CFrame = CFrame.new(9.49949e-08, -2.04891e-08, 0.0166624, 0.999479, 0.0300083, -0.0118614, -0.0315409, 0.986139, -0.162897, 0.00680874, 0.163186, 0.986572)
    Left Arm.CFrame = CFrame.new(-0.0157908, -0.163935, 0.0904934, 0.989017, 0.147725, 0.0048466, -0.146986, 0.979567, 0.137275, 0.0155314, -0.13648, 0.990521)
    Right Arm.CFrame = CFrame.new(-0.117021, -0.0635556, 0.0635788, 0.962675, -0.249758, -0.104297, 0.267113, 0.938871, 0.21719, 0.0436765, -0.236942, 0.970542)
    Left Leg.CFrame = CFrame.new(-0.236889, 0.0119952, 0.116426, 0.85764, -0.381322, 0.345032, 0.379081, 0.922164, 0.0768803, -0.347492, 0.0648592, 0.935437)
    Right Leg.CFrame = CFrame.new(0.315608, -0.00985563, 0.0433388, 0.933605, 0.332278, -0.134062, -0.333119, 0.942736, 0.0167687, 0.131957, 0.0290034, 0.990831)

[25]
    Time: 0.800000
    HumanoidRootPart.CFrame = CFrame.new(0, 0, 0, 1, 0, 0, 0, 1, 0, 0, 0, 1)
    Torso.CFrame = CFrame.new(0.386493, 0.0648007, 0.366283, 0.992647, 0.117792, 0.0278721, -0.119652, 0.989685, 0.0787793, -0.018305, -0.081535, 0.996502)
    Head.CFrame = CFrame.new(1.08033e-07, -2.6077e-08, 0.0166616, 0.999914, -0.00478211, -0.0121924, 0.00354674, 0.99504, -0.099415, 0.0126073, 0.0993632, 0.994971)
    Left Arm.CFrame = CFrame.new(0.00450312, -0.20077, 0.166452, 0.934896, 0.270088, -0.230266, -0.248484, 0.961333, 0.118724, 0.253428, -0.0537772, 0.965858)
    Right Arm.CFrame = CFrame.new(-0.229131, -0.0192582, 0.0434723, 0.939212, -0.342699, -0.0209255, 0.338329, 0.913418, 0.226278, -0.0584315, -0.219603, 0.973838)
    Left Leg.CFrame = CFrame.new(-0.291073, 0.0308214, 0.166451, 0.844868, -0.356926, 0.398499, 0.372648, 0.927097, 0.0403182, -0.383837, 0.114436, 0.916282)
    Right Leg.CFrame = CFrame.new(0.456874, 0.0472901, 0.0346836, 0.951139, 0.2975, -0.0826308, -0.297038, 0.954694, 0.0181214, 0.0842783, 0.00730846, 0.996415)

[26]
    Time: 0.833333
    HumanoidRootPart.CFrame = CFrame.new(0, 0, 0, 1, 0, 0, 0, 1, 0, 0, 0, 1)
    Torso.CFrame = CFrame.new(0.392588, -0.0161201, 0.30164, 0.983554, 0.180269, 0.0111295, -0.180031, 0.983466, -0.0195975, -0.0144783, 0.0172716, 0.999746)
    Head.CFrame = CFrame.new(1.26194e-07, 3.72529e-09, 0.0166616, 0.998691, -0.0507548, -0.00630619, 0.05071, 0.998688, -0.00707254, 0.0066569, 0.00674347, 0.999955)
    Left Arm.CFrame = CFrame.new(0.114044, -0.170724, 0.289933, 0.840745, 0.381347, -0.384347, -0.339891, 0.924305, 0.173591, 0.421452, -0.0153094, 0.906721)
    Right Arm.CFrame = CFrame.new(-0.258665, 0.0821559, 0.0241857, 0.877499, -0.479463, -0.0105382, 0.467811, 0.850923, 0.23892, -0.105586, -0.214582, 0.970982)
    Left Leg.CFrame = CFrame.new(-0.253677, 0.0401595, 0.188511, 0.850807, -0.261933, 0.455542, 0.306743, 0.951442, -0.0258269, -0.426657, 0.161708, 0.889839)
    Right Leg.CFrame = CFrame.new(0.493688, 0.119759, 0.0045855, 0.983414, 0.179904, -0.0230714, -0.179339, 0.983479, 0.024617, 0.027119, -0.0200711, 0.999431)

[27]
    Time: 0.866667
    HumanoidRootPart.CFrame = CFrame.new(0, 0, 0, 1, 0, 0, 0, 1, 0, 0, 0, 1)
    Torso.CFrame = CFrame.new(0.383866, -0.0575908, 0.174156, 0.971003, 0.238996, -0.0059214, -0.238816, 0.968538, -0.0700141, -0.010998, 0.069398, 0.997528)
    Head.CFrame = CFrame.new(1.52737e-07, 3.72529e-08, 0.0166621, 0.995181, -0.098049, -0.000951565, 0.097999, 0.994257, 0.0430041, -0.00327036, -0.0428901, 0.999075)
    Left Arm.CFrame = CFrame.new(0.22516, -0.142695, 0.359508, 0.706396, 0.546425, -0.449917, -0.461005, 0.837508, 0.293351, 0.537103, 0.00019189, 0.843517)
    Right Arm.CFrame = CFrame.new(-0.268127, 0.148863, 0.014701, 0.758771, -0.650655, 0.03024, 0.605658, 0.721859, 0.33481, -0.239675, -0.23573, 0.9418)
    Left Leg.CFrame = CFrame.new(-0.190007, 0.0284328, 0.190471, 0.840277, -0.197043, 0.505082, 0.266267, 0.961507, -0.0678693, -0.472267, 0.191516, 0.860399)
    Right Leg.CFrame = CFrame.new(0.493369, 0.154376, -0.0262823, 0.995083, 0.0925829, 0.0351865, -0.0937966, 0.994991, 0.0345648, -0.0318101, -0.0376952, 0.998783)

[28]
    Time: 0.900000
    HumanoidRootPart.CFrame = CFrame.new(0, 0, 0, 1, 0, 0, 0, 1, 0, 0, 0, 1)
    Torso.CFrame = CFrame.new(0.383196, -0.0527884, -0.0158966, 0.958702, 0.284334, -0.00673631, -0.284169, 0.956624, -0.0641757, -0.0118032, 0.0634396, 0.997916)
    Head.CFrame = CFrame.new(1.22935e-07, 2.23517e-08, 0.0166621, 0.99078, -0.135477, -0.000743544, 0.13541, 0.990083, 0.0374195, -0.00433334, -0.0371752, 0.999299)
    Left Arm.CFrame = CFrame.new(0.252257, -0.151031, 0.360729, 0.462208, 0.783826, -0.414705, -0.607962, 0.620546, 0.495282, 0.645559, 0.0232018, 0.763358)
    Right Arm.CFrame = CFrame.new(-0.189476, 0.147091, 0.196461, 0.505888, -0.84667, 0.165006, 0.596225, 0.481449, 0.642435, -0.623373, -0.226619, 0.748365)
    Left Leg.CFrame = CFrame.new(-0.219941, 0.0398774, 0.240166, 0.802832, -0.24023, 0.545665, 0.323827, 0.944163, -0.0607746, -0.500596, 0.225493, 0.835797)
    Right Leg.CFrame = CFrame.new(0.583299, 0.192155, -0.0576717, 0.98924, 0.121085, 0.0821167, -0.124566, 0.991458, 0.0386708, -0.0767328, -0.0484837, 0.995872)

[29]
    Time: 0.933333
    HumanoidRootPart.CFrame = CFrame.new(0, 0, 0, 1, 0, 0, 0, 1, 0, 0, 0, 1)
    Torso.CFrame = CFrame.new(0.384521, -0.039418, -0.224245, 0.949177, 0.3147, -0.00512548, -0.314576, 0.948022, -0.0479212, -0.0102217, 0.047098, 0.998838)
    Head.CFrame = CFrame.new(6.51926e-08, -1.49012e-08, 0.0166619, 0.986981, -0.160834, 0.00132703, 0.16077, 0.986762, 0.0213014, -0.00473549, -0.0208107, 0.999772)
    Left Arm.CFrame = CFrame.new(0.263518, -0.161776, 0.364899, 0.133386, 0.936701, -0.323728, -0.688332, 0.322568, 0.64973, 0.713027, 0.136168, 0.687787)
    Right Arm.CFrame = CFrame.new(-0.107397, 0.138452, 0.381785, 0.212889, -0.968211, 0.131324, 0.484722, 0.221354, 0.846196, -0.848365, -0.11649, 0.516437)
    Left Leg.CFrame = CFrame.new(-0.322104, 0.0717068, 0.336699, 0.751671, -0.326591, 0.573, 0.430333, 0.901237, -0.0508425, -0.499804, 0.284797, 0.817977)
    Right Leg.CFrame = CFrame.new(0.742235, 0.273803, -0.0981445, 0.971889, 0.205906, 0.114171, -0.212085, 0.976225, 0.0447717, -0.102238, -0.0677271, 0.992452)

[30]
    Time: 0.966667
    HumanoidRootPart.CFrame = CFrame.new(0, 0, 0, 1, 0, 0, 0, 1, 0, 0, 0, 1)
    Torso.CFrame = CFrame.new(0.387772, -0.0185859, -0.392277, 0.943608, 0.331062, -0.00117255, -0.331003, 0.943359, -0.0225952, -0.00637427, 0.0217091, 0.999744)
    Head.CFrame = CFrame.new(5.58794e-08, -1.49012e-08, 0.0166621, 0.984651, -0.174454, 0.0053123, 0.174476, 0.984653, -0.00399756, -0.00453343, 0.00486304, 0.999978)
    Left Arm.CFrame = CFrame.new(0.258578, -0.168587, 0.371258, -0.13998, 0.938325, -0.316152, -0.720715, 0.122386, 0.682343, 0.678952, 0.32337, 0.659133)
    Right Arm.CFrame = CFrame.new(-0.107513, 0.13112, 0.383966, 0.0416607, -0.998809, -0.0253878, 0.527393, 0.000401905, 0.849621, -0.848599, -0.0487852, 0.526782)
    Left Leg.CFrame = CFrame.new(-0.424624, 0.106106, 0.428343, 0.694966, -0.413622, 0.588166, 0.534641, 0.844223, -0.0380304, -0.480813, 0.340887, 0.807846)
    Right Leg.CFrame = CFrame.new(0.880838, 0.363368, -0.13585, 0.94646, 0.294448, 0.132341, -0.303248, 0.951509, 0.0516969, -0.110702, -0.0890611, 0.989855)

[31]
    Time: 1.000000
    HumanoidRootPart.CFrame = CFrame.new(0, 0, 0, 1, 0, 0, 0, 1, 0, 0, 0, 1)
    Torso.CFrame = CFrame.new(0.392525, 0.0086839, -0.461505, 0.942499, 0.334178, 0.00460577, -0.334209, 0.94244, 0.0105572, -0.000812693, -0.0114894, 0.999934)
    Head.CFrame = CFrame.new(1.07102e-07, -7.45058e-09, 0.0166626, 0.984224, -0.176598, 0.0108248, 0.176883, 0.983529, -0.0371896, -0.00407887, 0.0385176, 0.99925)
    Left Arm.CFrame = CFrame.new(0.242054, -0.171833, 0.374822, -0.276514, 0.902261, -0.330855, -0.73451, 0.0235843, 0.678188, 0.619705, 0.430545, 0.656198)
    Right Arm.CFrame = CFrame.new(-0.106258, 0.125883, 0.383675, -0.0637861, -0.984623, -0.162633, 0.592062, -0.168523, 0.788075, -0.803364, -0.0460204, 0.593708)
    Left Leg.CFrame = CFrame.new(-0.468477, 0.106205, 0.462749, 0.656967, -0.466989, 0.591874, 0.59213, 0.805551, -0.0216712, -0.466665, 0.364704, 0.805739)
    Right Leg.CFrame = CFrame.new(0.941636, 0.384951, -0.151236, 0.925629, 0.352576, 0.137482, -0.362617, 0.930272, 0.0556982, -0.108258, -0.101409, 0.988937)

[32]
    Time: 1.033333
    HumanoidRootPart.CFrame = CFrame.new(0, 0, 0, 1, 0, 0, 0, 1, 0, 0, 0, 1)
    Torso.CFrame = CFrame.new(0.417899, 0.0409197, -0.416216, 0.945812, 0.324139, 0.0193084, -0.324707, 0.944506, 0.0497468, -0.00211207, -0.0533207, 0.998575)
    Head.CFrame = CFrame.new(9.87202e-08, -7.07805e-08, 0.0166625, 0.984688, -0.174248, 0.00518198, 0.174233, 0.982768, -0.0617267, 0.00566306, 0.0616844, 0.99808)
    Left Arm.CFrame = CFrame.new(0.217607, -0.288608, 0.365002, -0.293234, 0.911544, -0.288274, -0.75442, -0.0354085, 0.655437, 0.587252, 0.409676, 0.698069)
    Right Arm.CFrame = CFrame.new(-0.0647445, -0.0753588, 0.359965, -0.134929, -0.962853, -0.233897, 0.664449, -0.263038, 0.699513, -0.735052, -0.061028, 0.675258)
    Left Leg.CFrame = CFrame.new(-0.522004, 0.115728, 0.484074, 0.617975, -0.526919, 0.583492, 0.641271, 0.767193, 0.0136405, -0.454838, 0.365747, 0.812005)
    Right Leg.CFrame = CFrame.new(0.936481, 0.322283, -0.140414, 0.912296, 0.388305, 0.130134, -0.39775, 0.915797, 0.0557646, -0.0975226, -0.102635, 0.989927)

[33]
    Time: 1.066667
    HumanoidRootPart.CFrame = CFrame.new(0, 0, 0, 1, 0, 0, 0, 1, 0, 0, 0, 1)
    Torso.CFrame = CFrame.new(0.467025, 0.0803222, -0.315169, 0.953502, 0.298132, 0.0441766, -0.301115, 0.948575, 0.097649, -0.0127925, -0.106411, 0.99424)
    Head.CFrame = CFrame.new(1.22935e-07, -1.49012e-08, 0.0166621, 0.986068, -0.165731, -0.0142807, 0.164311, 0.983797, -0.0717279, 0.0259368, 0.068382, 0.997322)
    Left Arm.CFrame = CFrame.new(0.185946, -0.494669, 0.337792, -0.261391, 0.928956, -0.262136, -0.782316, -0.0448181, 0.621268, 0.565382, 0.367467, 0.738452)
    Right Arm.CFrame = CFrame.new(0.014361, -0.274828, 0.324969, -0.157246, -0.946379, -0.282207, 0.730288, -0.303799, 0.611871, -0.664796, -0.109878, 0.7389)
    Left Leg.CFrame = CFrame.new(-0.563352, 0.1299, 0.465196, 0.588159, -0.587261, 0.556052, 0.660661, 0.745451, 0.0884812, -0.466471, 0.315321, 0.826425)
    Right Leg.CFrame = CFrame.new(0.887313, 0.221223, -0.109804, 0.90079, 0.420378, 0.108905, -0.4276, 0.902376, 0.0536172, -0.0757339, -0.0948658, 0.992605)

[34]
    Time: 1.100000
    HumanoidRootPart.CFrame = CFrame.new(0, 0, 0, 1, 0, 0, 0, 1, 0, 0, 0, 1)
    Torso.CFrame = CFrame.new(0.526591, 0.128469, -0.213963, 0.965374, 0.250336, 0.073387, -0.259041, 0.953155, 0.156182, -0.0308513, -0.169784, 0.984998)
    Head.CFrame = CFrame.new(7.45058e-09, 1.49012e-08, 0.0166619, 0.98995, -0.13627, -0.0378195, 0.132953, 0.987926, -0.0795401, 0.0482018, 0.0737125, 0.996114)
    Left Arm.CFrame = CFrame.new(0.1482, -0.645472, 0.297667, -0.168197, 0.92171, -0.349514, -0.754692, 0.107694, 0.647181, 0.634153, 0.372629, 0.677493)
    Right Arm.CFrame = CFrame.new(0.0750664, -0.248235, 0.311848, 0.0927158, -0.94892, -0.301587, 0.804912, -0.106865, 0.583693, -0.586107, -0.296868, 0.753889)
    Left Leg.CFrame = CFrame.new(-0.544388, 0.24607, 0.367289, 0.696391, -0.5071, 0.507829, 0.510754, 0.847295, 0.145677, -0.504153, 0.157928, 0.849051)
    Right Leg.CFrame = CFrame.new(0.790859, 0.124943, -0.0453693, 0.888581, 0.456679, 0.043227, -0.458658, 0.886057, 0.0673443, -0.00754688, -0.0796673, 0.996793)

[35]
    Time: 1.133333
    HumanoidRootPart.CFrame = CFrame.new(0, 0, 0, 1, 0, 0, 0, 1, 0, 0, 0, 1)
    Torso.CFrame = CFrame.new(0.615745, 0.17569, -0.174269, 0.979732, 0.173252, 0.10054, -0.191328, 0.958005, 0.213589, -0.0593127, -0.228496, 0.971736)
    Head.CFrame = CFrame.new(1.3411e-07, 0, 0.0166624, 0.995863, -0.0693705, -0.0586973, 0.0642928, 0.994358, -0.084371, 0.064219, 0.0802481, 0.994704)
    Left Arm.CFrame = CFrame.new(0.10558, -0.747645, 0.243498, -0.0655512, 0.889626, -0.45196, -0.690604, 0.286485, 0.664073, 0.720256, 0.355656, 0.5956)
    Right Arm.CFrame = CFrame.new(0.102005, -0.202075, 0.298047, 0.500449, -0.819427, -0.279445, 0.767717, 0.270819, 0.580747, -0.400201, -0.505169, 0.76462)
    Left Leg.CFrame = CFrame.new(-0.537912, 0.334497, 0.25159, 0.805635, -0.40624, 0.431186, 0.355626, 0.913753, 0.196431, -0.473796, -0.00491091, 0.880621)
    Right Leg.CFrame = CFrame.new(0.662943, 0.122966, 0.0969285, 0.845768, 0.509249, -0.159193, -0.487345, 0.858791, 0.15803, 0.21719, -0.0560752, 0.974517)

[36]
    Time: 1.166667
    HumanoidRootPart.CFrame = CFrame.new(0, 0, 0, 1, 0, 0, 0, 1, 0, 0, 0, 1)
    Torso.CFrame = CFrame.new(0.739188, 0.210711, -0.241576, 0.990523, 0.0719173, 0.117012, -0.100067, 0.96144, 0.256165, -0.0940778, -0.265446, 0.959525)
    Head.CFrame = CFrame.new(7.82311e-08, 2.6077e-08, 0.0166618, 0.997114, 0.0553005, -0.052012, -0.0595665, 0.99465, -0.0844015, 0.0470662, 0.0872561, 0.995073)
    Left Arm.CFrame = CFrame.new(0.0612934, -0.814102, 0.178186, -0.0174019, 0.894034, -0.447661, -0.674768, 0.319894, 0.665098, 0.737825, 0.313641, 0.597699)
    Right Arm.CFrame = CFrame.new(0.0967135, -0.178313, 0.185055, 0.707743, -0.637876, -0.303669, 0.673971, 0.480754, 0.560927, -0.211811, -0.601656, 0.77016)
    Left Leg.CFrame = CFrame.new(-0.500111, 0.32102, 0.208776, 0.824842, -0.389405, 0.409876, 0.315331, 0.918612, 0.238155, -0.469256, -0.0671937, 0.880502)
    Right Leg.CFrame = CFrame.new(0.488184, 0.297659, 0.277544, 0.682948, 0.550459, -0.480184, -0.431411, 0.834423, 0.342961, 0.589463, -0.0270682, 0.807342)

[37]
    Time: 1.200000
    HumanoidRootPart.CFrame = CFrame.new(0, 0, 0, 1, 0, 0, 0, 1, 0, 0, 0, 1)
    Torso.CFrame = CFrame.new(0.825521, 0.225461, -0.360177, 0.992346, -0.0108516, 0.123012, -0.0234638, 0.961416, 0.274097, -0.12124, -0.274885, 0.953802)
    Head.CFrame = CFrame.new(1.22935e-07, -4.84288e-08, 0.0166622, 0.986358, 0.161065, -0.0339992, -0.163465, 0.982716, -0.0868803, 0.0194182, 0.0912527, 0.995638)
    Left Arm.CFrame = CFrame.new(0.0171498, -0.849604, 0.113907, 0.009358, 0.922143, -0.386735, -0.688717, 0.28634, 0.666092, 0.72497, 0.260118, 0.637775)
    Right Arm.CFrame = CFrame.new(0.0878023, -0.172738, 0.085179, 0.76011, -0.56463, -0.321599, 0.638033, 0.554791, 0.533967, -0.123074, -0.611064, 0.781955)
    Left Leg.CFrame = CFrame.new(-0.486452, 0.334653, 0.208971, 0.831288, -0.364725, 0.419447, 0.29118, 0.928531, 0.230312, -0.47347, -0.069321, 0.878078)
    Right Leg.CFrame = CFrame.new(0.381122, 0.480538, 0.312245, 0.539742, 0.564824, -0.624221, -0.323053, 0.823704, 0.465993, 0.777377, -0.0498587, 0.627056)

[38]
    Time: 1.233333
    HumanoidRootPart.CFrame = CFrame.new(0, 0, 0, 1, 0, 0, 0, 1, 0, 0, 0, 1)
    Torso.CFrame = CFrame.new(0.854195, 0.195687, -0.44622, 0.99157, -0.0332675, 0.125231, 0.0025412, 0.971286, 0.2379, -0.12955, -0.235576, 0.963183)
    Head.CFrame = CFrame.new(3.9232e-08, -1.11759e-07, 0.0166622, 0.990581, 0.132308, -0.0352712, -0.133908, 0.989845, -0.0477116, 0.0286004, 0.0519853, 0.998238)
    Left Arm.CFrame = CFrame.new(-0.0253603, -0.860145, 0.0644557, 0.0188292, 0.953706, -0.300151, -0.707577, 0.224808, 0.669923, 0.706385, 0.199765, 0.679053)
