[1]
    Time: 0.000000
    HumanoidRootPart.CFrame = CFrame.new(0, 0, 0, 1, 0, 0, 0, 1, 0, 0, 0, 1)
    Torso.CFrame = CFrame.new(0.0351615, -0.0447835, -0.0819857, 1, 2.38419e-07, -8.74228e-08, -2.40903e-07, 0.999561, -0.0296177, 8.0323e-08, 0.0296177, 0.999561)
    Head.CFrame = CFrame.new(0.0737183, -0.0215555, 0.0619799, 0.999955, -0.0094939, -0.000759668, 0.00945348, 0.999068, -0.0421125, 0.00115877, 0.0421034, 0.999113)
    Left Leg.CFrame = CFrame.new(-0.891424, 0.374826, 0.364177, 0.726155, -0.587066, 0.357844, 0.610882, 0.78974, 0.0559838, -0.31547, 0.177948, 0.932102)
    Right Arm.CFrame = CFrame.new(-0.0861131, 0.52184, 0.102748, -0.826467, -0.315599, 0.466207, 0.337009, -0.940678, -0.0393606, 0.450973, 0.124586, 0.8838)
    Right Leg.CFrame = CFrame.new(0.55792, 0.0126039, 0.0195107, 0.96558, 0.260107, -0.000230446, -0.260101, 0.965561, 0.00629819, 0.00186076, -0.00602145, 0.99998)
    Left Arm.CFrame = CFrame.new(0.0861137, 0.52184, 0.102748, -0.826468, 0.315599, -0.466207, -0.337009, -0.940678, -0.0393607, -0.450973, 0.124585, 0.8838)

[2]
    Time: 0.016667
    HumanoidRootPart.CFrame = CFrame.new(0, 0, 0, 1, 0, 0, 0, 1, 0, 0, 0, 1)
    Torso.CFrame = CFrame.new(0.0351615, -0.0447835, -0.0819857, 1, 2.38419e-07, -8.74228e-08, -2.40903e-07, 0.999561, -0.0296177, 8.0323e-08, 0.0296177, 0.999561)
    Head.CFrame = CFrame.new(0.0737183, -0.0215556, 0.0619799, 0.999955, -0.0094939, -0.000759668, 0.00945348, 0.999068, -0.0421125, 0.00115877, 0.0421034, 0.999113)
    Left Leg.CFrame = CFrame.new(-0.891424, 0.374826, 0.364177, 0.726155, -0.587066, 0.357844, 0.610882, 0.78974, 0.0559838, -0.31547, 0.177948, 0.932102)
    Right Arm.CFrame = CFrame.new(-0.086113, 0.52184, 0.102748, -0.826467, -0.315599, 0.466207, 0.337009, -0.940678, -0.0393606, 0.450973, 0.124586, 0.8838)
    Right Leg.CFrame = CFrame.new(0.55792, 0.0126038, 0.0195107, 0.96558, 0.260107, -0.000230446, -0.260101, 0.965561, 0.00629819, 0.00186076, -0.00602145, 0.99998)
    Left Arm.CFrame = CFrame.new(0.0861137, 0.52184, 0.102748, -0.826468, 0.315599, -0.466207, -0.337009, -0.940678, -0.0393607, -0.450973, 0.124585, 0.8838)

[3]
    Time: 0.033333
    HumanoidRootPart.CFrame = CFrame.new(0, 0, 0, 1, 0, 0, 0, 1, 0, 0, 0, 1)
    Torso.CFrame = CFrame.new(0.0607961, 0.16036, -0.472552, 0.99178, 0.0870787, 0.0937544, -0.109619, 0.956172, 0.271512, -0.0660024, -0.279558, 0.957858)
    Head.CFrame = CFrame.new(0.0737184, -0.0215553, 0.0619797, 0.947295, 0.27479, 0.164688, -0.290913, 0.953144, 0.0829823, -0.134169, -0.126519, 0.982849)
    Left Leg.CFrame = CFrame.new(-0.689855, 0.161165, 0.364463, 0.50983, -0.752972, 0.416061, 0.623047, 0.656674, 0.42496, -0.5932, 0.0425684, 0.803929)
    Right Arm.CFrame = CFrame.new(-0.184299, 0.642634, 0.559291, -0.824763, -0.565419, 0.00817317, 0.266295, -0.401107, -0.87647, 0.498852, -0.720704, 0.481386)
    Right Leg.CFrame = CFrame.new(0.564886, 0.725394, 0.0155786, 0.684889, 0.498707, -0.531242, -0.0473988, 0.758028, 0.650497, 0.727104, -0.420338, 0.542804)
    Left Arm.CFrame = CFrame.new(0.184299, 0.642633, 0.559292, -0.824763, 0.565419, -0.00817271, -0.266295, -0.401106, -0.87647, -0.498851, -0.720704, 0.481386)

[4]
    Time: 0.050000
    HumanoidRootPart.CFrame = CFrame.new(0, 0, 0, 1, 0, 0, 0, 1, 0, 0, 0, 1)
    Torso.CFrame = CFrame.new(0.0607961, 0.16036, -0.472552, 0.99178, 0.0870787, 0.0937544, -0.109619, 0.956172, 0.271512, -0.0660024, -0.279558, 0.957858)
    Head.CFrame = CFrame.new(0.0737184, -0.0215553, 0.0619797, 0.947295, 0.27479, 0.164688, -0.290913, 0.953144, 0.0829823, -0.134169, -0.126519, 0.982849)
    Left Leg.CFrame = CFrame.new(-0.689855, 0.161165, 0.364463, 0.50983, -0.752972, 0.416061, 0.623047, 0.656674, 0.42496, -0.5932, 0.0425684, 0.803929)
    Right Arm.CFrame = CFrame.new(-0.184299, 0.642634, 0.559291, -0.824763, -0.565419, 0.00817317, 0.266295, -0.401107, -0.87647, 0.498852, -0.720704, 0.481386)
    Right Leg.CFrame = CFrame.new(0.564886, 0.725394, 0.0155786, 0.684889, 0.498707, -0.531242, -0.0473988, 0.758028, 0.650497, 0.727104, -0.420338, 0.542804)
    Left Arm.CFrame = CFrame.new(0.184299, 0.642633, 0.559292, -0.824763, 0.565419, -0.00817271, -0.266295, -0.401106, -0.87647, -0.498851, -0.720704, 0.481386)

[5]
    Time: 0.066667
    HumanoidRootPart.CFrame = CFrame.new(0, 0, 0, 1, 0, 0, 0, 1, 0, 0, 0, 1)
    Torso.CFrame = CFrame.new(0.0607961, 0.16036, -0.472552, 0.99178, 0.0870787, 0.0937544, -0.109619, 0.956172, 0.271512, -0.0660024, -0.279558, 0.957858)
    Head.CFrame = CFrame.new(0.0737184, -0.0215553, 0.0619797, 0.947295, 0.27479, 0.164688, -0.290913, 0.953144, 0.0829823, -0.134169, -0.126519, 0.982849)
    Left Leg.CFrame = CFrame.new(-0.689855, 0.161165, 0.364463, 0.50983, -0.752972, 0.416061, 0.623047, 0.656674, 0.42496, -0.5932, 0.0425684, 0.803929)
    Right Arm.CFrame = CFrame.new(-0.184299, 0.642634, 0.559291, -0.824763, -0.565419, 0.00817317, 0.266295, -0.401107, -0.87647, 0.498852, -0.720704, 0.481386)
    Right Leg.CFrame = CFrame.new(0.564886, 0.725394, 0.0155786, 0.684889, 0.498707, -0.531242, -0.0473988, 0.758028, 0.650497, 0.727104, -0.420338, 0.542804)
    Left Arm.CFrame = CFrame.new(0.184299, 0.642633, 0.559292, -0.824763, 0.565419, -0.00817271, -0.266295, -0.401106, -0.87647, -0.498851, -0.720704, 0.481386)

[6]
    Time: 0.083333
    HumanoidRootPart.CFrame = CFrame.new(0, 0, 0, 1, 0, 0, 0, 1, 0, 0, 0, 1)
    Torso.CFrame = CFrame.new(0.0607961, 0.16036, -0.472552, 0.99178, 0.0870787, 0.0937544, -0.109619, 0.956172, 0.271512, -0.0660024, -0.279558, 0.957858)
    Head.CFrame = CFrame.new(0.0737184, -0.0215553, 0.0619797, 0.947295, 0.27479, 0.164688, -0.290913, 0.953144, 0.0829823, -0.134169, -0.126519, 0.982849)
    Left Leg.CFrame = CFrame.new(-0.689855, 0.161165, 0.364463, 0.50983, -0.752972, 0.416061, 0.623047, 0.656674, 0.42496, -0.5932, 0.0425684, 0.803929)
    Right Arm.CFrame = CFrame.new(-0.184299, 0.642634, 0.559291, -0.824763, -0.565419, 0.00817317, 0.266295, -0.401107, -0.87647, 0.498852, -0.720704, 0.481386)
    Right Leg.CFrame = CFrame.new(0.564886, 0.725394, 0.0155786, 0.684889, 0.498707, -0.531242, -0.0473988, 0.758028, 0.650497, 0.727104, -0.420338, 0.542804)
    Left Arm.CFrame = CFrame.new(0.184299, 0.642633, 0.559292, -0.824763, 0.565419, -0.00817271, -0.266295, -0.401106, -0.87647, -0.498851, -0.720704, 0.481386)

[7]
    Time: 0.100000
    HumanoidRootPart.CFrame = CFrame.new(0, 0, 0, 1, 0, 0, 0, 1, 0, 0, 0, 1)
    Torso.CFrame = CFrame.new(0.0607961, 0.16036, -0.472552, 0.99178, 0.0870787, 0.0937544, -0.109619, 0.956172, 0.271512, -0.0660024, -0.279558, 0.957858)
    Head.CFrame = CFrame.new(0.0737184, -0.0215553, 0.0619797, 0.947295, 0.27479, 0.164688, -0.290913, 0.953144, 0.0829823, -0.134169, -0.126519, 0.982849)
    Left Leg.CFrame = CFrame.new(-0.689855, 0.161165, 0.364463, 0.50983, -0.752972, 0.416061, 0.623047, 0.656674, 0.42496, -0.5932, 0.0425684, 0.803929)
    Right Arm.CFrame = CFrame.new(-0.184299, 0.642634, 0.559291, -0.824763, -0.565419, 0.00817317, 0.266295, -0.401107, -0.87647, 0.498852, -0.720704, 0.481386)
    Right Leg.CFrame = CFrame.new(0.564886, 0.725394, 0.0155786, 0.684889, 0.498707, -0.531242, -0.0473988, 0.758028, 0.650497, 0.727104, -0.420338, 0.542804)
    Left Arm.CFrame = CFrame.new(0.184299, 0.642633, 0.559292, -0.824763, 0.565419, -0.00817271, -0.266295, -0.401106, -0.87647, -0.498851, -0.720704, 0.481386)

[8]
    Time: 0.116667
    HumanoidRootPart.CFrame = CFrame.new(0, 0, 0, 1, 0, 0, 0, 1, 0, 0, 0, 1)
    Torso.CFrame = CFrame.new(0.0607961, 0.16036, -0.472552, 0.99178, 0.0870787, 0.0937544, -0.109619, 0.956172, 0.271512, -0.0660024, -0.279558, 0.957858)
    Head.CFrame = CFrame.new(0.0737184, -0.0215553, 0.0619797, 0.947295, 0.27479, 0.164688, -0.290913, 0.953144, 0.0829823, -0.134169, -0.126519, 0.982849)
    Left Leg.CFrame = CFrame.new(-0.689855, 0.161165, 0.364463, 0.50983, -0.752972, 0.416061, 0.623047, 0.656674, 0.42496, -0.5932, 0.0425684, 0.803929)
    Right Arm.CFrame = CFrame.new(-0.184299, 0.642634, 0.559291, -0.824763, -0.565419, 0.00817317, 0.266295, -0.401107, -0.87647, 0.498852, -0.720704, 0.481386)
    Right Leg.CFrame = CFrame.new(0.564886, 0.725394, 0.0155786, 0.684889, 0.498707, -0.531242, -0.0473988, 0.758028, 0.650497, 0.727104, -0.420338, 0.542804)
    Left Arm.CFrame = CFrame.new(0.184299, 0.642633, 0.559292, -0.824763, 0.565419, -0.00817271, -0.266295, -0.401106, -0.87647, -0.498851, -0.720704, 0.481386)

[9]
    Time: 0.133333
    HumanoidRootPart.CFrame = CFrame.new(0, 0, 0, 1, 0, 0, 0, 1, 0, 0, 0, 1)
    Torso.CFrame = CFrame.new(0.0753038, 0.161791, -0.310288, 0.99178, 0.0870787, 0.0937544, -0.109619, 0.956172, 0.271512, -0.0660024, -0.279558, 0.957858)
    Head.CFrame = CFrame.new(0.0737185, -0.0215554, 0.0619793, 0.947295, 0.27479, 0.164688, -0.290913, 0.953144, 0.0829823, -0.134169, -0.126519, 0.982849)
    Left Leg.CFrame = CFrame.new(-0.53969, 0.100323, 0.325974, 0.571313, -0.69939, 0.429483, 0.57748, 0.714394, 0.395168, -0.583197, 0.0222529, 0.812026)
    Right Arm.CFrame = CFrame.new(-0.16994, 0.540914, 0.521351, -0.805173, -0.591469, 0.0431422, 0.0491274, -0.139021, -0.98907, 0.591002, -0.794253, 0.140993)
    Right Leg.CFrame = CFrame.new(0.452259, 0.749303, 0.128095, 0.606615, 0.467906, -0.642715, -0.0575781, 0.832186, 0.551499, 0.792908, -0.297541, 0.531758)
    Left Arm.CFrame = CFrame.new(0.169941, 0.540915, 0.521351, -0.805173, 0.591468, -0.0431416, -0.0491275, -0.139021, -0.98907, -0.591001, -0.794254, 0.140993)

[10]
    Time: 0.150000
    HumanoidRootPart.CFrame = CFrame.new(0, 0, 0, 1, 0, 0, 0, 1, 0, 0, 0, 1)
    Torso.CFrame = CFrame.new(0.0753038, 0.161791, -0.310288, 0.99178, 0.0870787, 0.0937544, -0.109619, 0.956172, 0.271512, -0.0660024, -0.279558, 0.957858)
    Head.CFrame = CFrame.new(0.0737185, -0.0215554, 0.0619793, 0.947295, 0.27479, 0.164688, -0.290913, 0.953144, 0.0829823, -0.134169, -0.126519, 0.982849)
    Left Leg.CFrame = CFrame.new(-0.53969, 0.100323, 0.325974, 0.571313, -0.69939, 0.429483, 0.57748, 0.714394, 0.395168, -0.583197, 0.0222529, 0.812026)
    Right Arm.CFrame = CFrame.new(-0.16994, 0.540914, 0.521351, -0.805173, -0.591469, 0.0431422, 0.0491274, -0.139021, -0.98907, 0.591002, -0.794253, 0.140993)
    Right Leg.CFrame = CFrame.new(0.452259, 0.749303, 0.128095, 0.606615, 0.467906, -0.642715, -0.0575781, 0.832186, 0.551499, 0.792908, -0.297541, 0.531758)
    Left Arm.CFrame = CFrame.new(0.169941, 0.540915, 0.521351, -0.805173, 0.591468, -0.0431416, -0.0491275, -0.139021, -0.98907, -0.591001, -0.794254, 0.140993)

[11]
    Time: 0.166667
    HumanoidRootPart.CFrame = CFrame.new(0, 0, 0, 1, 0, 0, 0, 1, 0, 0, 0, 1)
    Torso.CFrame = CFrame.new(0.0753038, 0.161791, -0.310288, 0.99178, 0.0870787, 0.0937544, -0.109619, 0.956172, 0.271512, -0.0660024, -0.279558, 0.957858)
    Head.CFrame = CFrame.new(0.0737185, -0.0215554, 0.0619793, 0.947295, 0.27479, 0.164688, -0.290913, 0.953144, 0.0829823, -0.134169, -0.126519, 0.982849)
    Left Leg.CFrame = CFrame.new(-0.53969, 0.100323, 0.325974, 0.571313, -0.69939, 0.429483, 0.57748, 0.714394, 0.395168, -0.583197, 0.0222529, 0.812026)
    Right Arm.CFrame = CFrame.new(-0.16994, 0.540914, 0.521351, -0.805173, -0.591469, 0.0431422, 0.0491274, -0.139021, -0.98907, 0.591002, -0.794253, 0.140993)
    Right Leg.CFrame = CFrame.new(0.452259, 0.749303, 0.128095, 0.606615, 0.467906, -0.642715, -0.0575781, 0.832186, 0.551499, 0.792908, -0.297541, 0.531758)
    Left Arm.CFrame = CFrame.new(0.169941, 0.540915, 0.521351, -0.805173, 0.591468, -0.0431416, -0.0491275, -0.139021, -0.98907, -0.591001, -0.794254, 0.140993)

[12]
    Time: 0.183333
    HumanoidRootPart.CFrame = CFrame.new(0, 0, 0, 1, 0, 0, 0, 1, 0, 0, 0, 1)
    Torso.CFrame = CFrame.new(0.0753038, 0.161791, -0.310288, 0.99178, 0.0870787, 0.0937544, -0.109619, 0.956172, 0.271512, -0.0660024, -0.279558, 0.957858)
    Head.CFrame = CFrame.new(0.0737185, -0.0215554, 0.0619793, 0.947295, 0.27479, 0.164688, -0.290913, 0.953144, 0.0829823, -0.134169, -0.126519, 0.982849)
    Left Leg.CFrame = CFrame.new(-0.53969, 0.100323, 0.325974, 0.571313, -0.69939, 0.429483, 0.57748, 0.714394, 0.395168, -0.583197, 0.0222529, 0.812026)
    Right Arm.CFrame = CFrame.new(-0.16994, 0.540914, 0.521351, -0.805173, -0.591469, 0.0431422, 0.0491274, -0.139021, -0.98907, 0.591002, -0.794253, 0.140993)
    Right Leg.CFrame = CFrame.new(0.452259, 0.749303, 0.128095, 0.606615, 0.467906, -0.642715, -0.0575781, 0.832186, 0.551499, 0.792908, -0.297541, 0.531758)
    Left Arm.CFrame = CFrame.new(0.169941, 0.540915, 0.521351, -0.805173, 0.591468, -0.0431416, -0.0491275, -0.139021, -0.98907, -0.591001, -0.794254, 0.140993)

[13]
    Time: 0.200000
    HumanoidRootPart.CFrame = CFrame.new(0, 0, 0, 1, 0, 0, 0, 1, 0, 0, 0, 1)
    Torso.CFrame = CFrame.new(0.0753038, 0.161791, -0.310288, 0.99178, 0.0870787, 0.0937544, -0.109619, 0.956172, 0.271512, -0.0660024, -0.279558, 0.957858)
    Head.CFrame = CFrame.new(0.0737185, -0.0215554, 0.0619793, 0.947295, 0.27479, 0.164688, -0.290913, 0.953144, 0.0829823, -0.134169, -0.126519, 0.982849)
    Left Leg.CFrame = CFrame.new(-0.53969, 0.100323, 0.325974, 0.571313, -0.69939, 0.429483, 0.57748, 0.714394, 0.395168, -0.583197, 0.0222529, 0.812026)
    Right Arm.CFrame = CFrame.new(-0.16994, 0.540914, 0.521351, -0.805173, -0.591469, 0.0431422, 0.0491274, -0.139021, -0.98907, 0.591002, -0.794253, 0.140993)
    Right Leg.CFrame = CFrame.new(0.452259, 0.749303, 0.128095, 0.606615, 0.467906, -0.642715, -0.0575781, 0.832186, 0.551499, 0.792908, -0.297541, 0.531758)
    Left Arm.CFrame = CFrame.new(0.169941, 0.540915, 0.521351, -0.805173, 0.591468, -0.0431416, -0.0491275, -0.139021, -0.98907, -0.591001, -0.794254, 0.140993)

[14]
    Time: 0.216667
    HumanoidRootPart.CFrame = CFrame.new(0, 0, 0, 1, 0, 0, 0, 1, 0, 0, 0, 1)
    Torso.CFrame = CFrame.new(0.0753038, 0.161791, -0.310288, 0.99178, 0.0870787, 0.0937544, -0.109619, 0.956172, 0.271512, -0.0660024, -0.279558, 0.957858)
    Head.CFrame = CFrame.new(0.0737185, -0.0215554, 0.0619793, 0.947295, 0.27479, 0.164688, -0.290913, 0.953144, 0.0829823, -0.134169, -0.126519, 0.982849)
    Left Leg.CFrame = CFrame.new(-0.53969, 0.100323, 0.325974, 0.571313, -0.69939, 0.429483, 0.57748, 0.714394, 0.395168, -0.583197, 0.0222529, 0.812026)
    Right Arm.CFrame = CFrame.new(-0.16994, 0.540914, 0.521351, -0.805173, -0.591469, 0.0431422, 0.0491274, -0.139021, -0.98907, 0.591002, -0.794253, 0.140993)
    Right Leg.CFrame = CFrame.new(0.452259, 0.749303, 0.128095, 0.606615, 0.467906, -0.642715, -0.0575781, 0.832186, 0.551499, 0.792908, -0.297541, 0.531758)
    Left Arm.CFrame = CFrame.new(0.169941, 0.540915, 0.521351, -0.805173, 0.591468, -0.0431416, -0.0491275, -0.139021, -0.98907, -0.591001, -0.794254, 0.140993)

[15]
    Time: 0.233333
    HumanoidRootPart.CFrame = CFrame.new(0, 0, 0, 1, 0, 0, 0, 1, 0, 0, 0, 1)
    Torso.CFrame = CFrame.new(-0.0856936, 0.0421164, -0.0674493, 0.988764, 0.0597608, 0.137021, -0.0703892, 0.994765, 0.0740791, -0.131876, -0.0828915, 0.987794)
    Head.CFrame = CFrame.new(0.0737182, -0.0215555, 0.06198, 0.99266, 0.0847654, 0.0862626, -0.046413, 0.92566, -0.375499, -0.111679, 0.368739, 0.9228)
    Left Leg.CFrame = CFrame.new(-0.291536, 0.240842, 0.141827, 0.811997, -0.371583, 0.450096, 0.183196, 0.894446, 0.407928, -0.554165, -0.24878, 0.794361)
    Right Arm.CFrame = CFrame.new(-0.160853, 0.729166, 0.34537, -0.937681, -0.347459, -0.00512426, 0.232836, -0.617267, -0.751511, 0.257956, -0.70587, 0.659701)
    Right Leg.CFrame = CFrame.new(0.024732, 0.519228, 0.594478, 0.415698, 0.201905, -0.886809, -0.204032, 0.970898, 0.125409, 0.886322, 0.128805, 0.444796)
    Left Arm.CFrame = CFrame.new(0.150383, 0.571782, 0.465277, -0.948606, 0.304636, 0.0856876, -0.184452, -0.312235, -0.931926, -0.257144, -0.899837, 0.352379)

[16]
    Time: 0.250000
    HumanoidRootPart.CFrame = CFrame.new(0, 0, 0, 1, 0, 0, 0, 1, 0, 0, 0, 1)
    Torso.CFrame = CFrame.new(-0.0856936, 0.0421164, -0.0674493, 0.988764, 0.0597608, 0.137021, -0.0703892, 0.994765, 0.0740791, -0.131876, -0.0828915, 0.987794)
    Head.CFrame = CFrame.new(0.0737182, -0.0215555, 0.06198, 0.99266, 0.0847654, 0.0862626, -0.046413, 0.92566, -0.375499, -0.111679, 0.368739, 0.9228)
    Left Leg.CFrame = CFrame.new(-0.291536, 0.240842, 0.141827, 0.811997, -0.371583, 0.450096, 0.183196, 0.894446, 0.407928, -0.554165, -0.24878, 0.794361)
    Right Arm.CFrame = CFrame.new(-0.160853, 0.729166, 0.34537, -0.937681, -0.347459, -0.00512426, 0.232836, -0.617267, -0.751511, 0.257956, -0.70587, 0.659701)
    Right Leg.CFrame = CFrame.new(0.024732, 0.519228, 0.594478, 0.415698, 0.201905, -0.886809, -0.204032, 0.970898, 0.125409, 0.886322, 0.128805, 0.444796)
    Left Arm.CFrame = CFrame.new(0.150383, 0.571782, 0.465277, -0.948606, 0.304636, 0.0856876, -0.184452, -0.312235, -0.931926, -0.257144, -0.899837, 0.352379)

[17]
    Time: 0.266667
    HumanoidRootPart.CFrame = CFrame.new(0, 0, 0, 1, 0, 0, 0, 1, 0, 0, 0, 1)
    Torso.CFrame = CFrame.new(-0.0856936, 0.0421164, -0.0674493, 0.988764, 0.0597608, 0.137021, -0.0703892, 0.994765, 0.0740791, -0.131876, -0.0828915, 0.987794)
    Head.CFrame = CFrame.new(0.0737182, -0.0215555, 0.06198, 0.99266, 0.0847654, 0.0862626, -0.046413, 0.92566, -0.375499, -0.111679, 0.368739, 0.9228)
    Left Leg.CFrame = CFrame.new(-0.291536, 0.240842, 0.141827, 0.811997, -0.371583, 0.450096, 0.183196, 0.894446, 0.407928, -0.554165, -0.24878, 0.794361)
    Right Arm.CFrame = CFrame.new(-0.160853, 0.729166, 0.34537, -0.937681, -0.347459, -0.00512426, 0.232836, -0.617267, -0.751511, 0.257956, -0.70587, 0.659701)
    Right Leg.CFrame = CFrame.new(0.024732, 0.519228, 0.594478, 0.415698, 0.201905, -0.886809, -0.204032, 0.970898, 0.125409, 0.886322, 0.128805, 0.444796)
    Left Arm.CFrame = CFrame.new(0.150383, 0.571782, 0.465277, -0.948606, 0.304636, 0.0856876, -0.184452, -0.312235, -0.931926, -0.257144, -0.899837, 0.352379)

[18]
    Time: 0.283333
    HumanoidRootPart.CFrame = CFrame.new(0, 0, 0, 1, 0, 0, 0, 1, 0, 0, 0, 1)
    Torso.CFrame = CFrame.new(-0.0856936, 0.0421164, -0.0674493, 0.988764, 0.0597608, 0.137021, -0.0703892, 0.994765, 0.0740791, -0.131876, -0.0828915, 0.987794)
    Head.CFrame = CFrame.new(0.0737182, -0.0215555, 0.06198, 0.99266, 0.0847654, 0.0862626, -0.046413, 0.92566, -0.375499, -0.111679, 0.368739, 0.9228)
    Left Leg.CFrame = CFrame.new(-0.291536, 0.240842, 0.141827, 0.811997, -0.371583, 0.450096, 0.183196, 0.894446, 0.407928, -0.554165, -0.24878, 0.794361)
    Right Arm.CFrame = CFrame.new(-0.160853, 0.729166, 0.34537, -0.937681, -0.347459, -0.00512426, 0.232836, -0.617267, -0.751511, 0.257956, -0.70587, 0.659701)
    Right Leg.CFrame = CFrame.new(0.024732, 0.519228, 0.594478, 0.415698, 0.201905, -0.886809, -0.204032, 0.970898, 0.125409, 0.886322, 0.128805, 0.444796)
    Left Arm.CFrame = CFrame.new(0.150383, 0.571782, 0.465277, -0.948606, 0.304636, 0.0856876, -0.184452, -0.312235, -0.931926, -0.257144, -0.899837, 0.352379)

[19]
    Time: 0.300000
    HumanoidRootPart.CFrame = CFrame.new(0, 0, 0, 1, 0, 0, 0, 1, 0, 0, 0, 1)
    Torso.CFrame = CFrame.new(-0.0856936, 0.0421164, -0.0674493, 0.988764, 0.0597608, 0.137021, -0.0703892, 0.994765, 0.0740791, -0.131876, -0.0828915, 0.987794)
    Head.CFrame = CFrame.new(0.0737182, -0.0215555, 0.06198, 0.99266, 0.0847654, 0.0862626, -0.046413, 0.92566, -0.375499, -0.111679, 0.368739, 0.9228)
    Left Leg.CFrame = CFrame.new(-0.291536, 0.240842, 0.141827, 0.811997, -0.371583, 0.450096, 0.183196, 0.894446, 0.407928, -0.554165, -0.24878, 0.794361)
    Right Arm.CFrame = CFrame.new(-0.160853, 0.729166, 0.34537, -0.937681, -0.347459, -0.00512426, 0.232836, -0.617267, -0.751511, 0.257956, -0.70587, 0.659701)
    Right Leg.CFrame = CFrame.new(0.024732, 0.519228, 0.594478, 0.415698, 0.201905, -0.886809, -0.204032, 0.970898, 0.125409, 0.886322, 0.128805, 0.444796)
    Left Arm.CFrame = CFrame.new(0.150383, 0.571782, 0.465277, -0.948606, 0.304636, 0.0856876, -0.184452, -0.312235, -0.931926, -0.257144, -0.899837, 0.352379)

[20]
    Time: 0.316667
    HumanoidRootPart.CFrame = CFrame.new(0, 0, 0, 1, 0, 0, 0, 1, 0, 0, 0, 1)
    Torso.CFrame = CFrame.new(-0.0856936, 0.0421164, -0.0674493, 0.988764, 0.0597608, 0.137021, -0.0703892, 0.994765, 0.0740791, -0.131876, -0.0828915, 0.987794)
    Head.CFrame = CFrame.new(0.0737182, -0.0215555, 0.06198, 0.99266, 0.0847654, 0.0862626, -0.046413, 0.92566, -0.375499, -0.111679, 0.368739, 0.9228)
    Left Leg.CFrame = CFrame.new(-0.291536, 0.240842, 0.141827, 0.811997, -0.371583, 0.450096, 0.183196, 0.894446, 0.407928, -0.554165, -0.24878, 0.794361)
    Right Arm.CFrame = CFrame.new(-0.160853, 0.729166, 0.34537, -0.937681, -0.347459, -0.00512426, 0.232836, -0.617267, -0.751511, 0.257956, -0.70587, 0.659701)
    Right Leg.CFrame = CFrame.new(0.024732, 0.519228, 0.594478, 0.415698, 0.201905, -0.886809, -0.204032, 0.970898, 0.125409, 0.886322, 0.128805, 0.444796)
    Left Arm.CFrame = CFrame.new(0.150383, 0.571782, 0.465277, -0.948606, 0.304636, 0.0856876, -0.184452, -0.312235, -0.931926, -0.257144, -0.899837, 0.352379)

[21]
    Time: 0.333333
    HumanoidRootPart.CFrame = CFrame.new(0, 0, 0, 1, 0, 0, 0, 1, 0, 0, 0, 1)
    Torso.CFrame = CFrame.new(-0.0856936, 0.0421164, -0.0674493, 0.988764, 0.0597608, 0.137021, -0.0703892, 0.994765, 0.0740791, -0.131876, -0.0828915, 0.987794)
    Head.CFrame = CFrame.new(0.0737182, -0.0215555, 0.06198, 0.99266, 0.0847654, 0.0862626, -0.046413, 0.92566, -0.375499, -0.111679, 0.368739, 0.9228)
    Left Leg.CFrame = CFrame.new(-0.291536, 0.240842, 0.141827, 0.811997, -0.371583, 0.450096, 0.183196, 0.894446, 0.407928, -0.554165, -0.24878, 0.794361)
    Right Arm.CFrame = CFrame.new(-0.160853, 0.729166, 0.34537, -0.937681, -0.347459, -0.00512426, 0.232836, -0.617267, -0.751511, 0.257956, -0.70587, 0.659701)
    Right Leg.CFrame = CFrame.new(0.024732, 0.519228, 0.594478, 0.415698, 0.201905, -0.886809, -0.204032, 0.970898, 0.125409, 0.886322, 0.128805, 0.444796)
    Left Arm.CFrame = CFrame.new(0.150383, 0.571782, 0.465277, -0.948606, 0.304636, 0.0856876, -0.184452, -0.312235, -0.931926, -0.257144, -0.899837, 0.352379)

[22]
    Time: 0.350000
    HumanoidRootPart.CFrame = CFrame.new(0, 0, 0, 1, 0, 0, 0, 1, 0, 0, 0, 1)
    Torso.CFrame = CFrame.new(-0.0460522, -0.0110161, -0.174759, 0.989153, -0.0496778, 0.138232, 0.0461147, 0.998519, 0.0288629, -0.139461, -0.0221753, 0.989979)
    Head.CFrame = CFrame.new(0.0737182, -0.0215554, 0.0619799, 0.985859, 0.105448, 0.130239, -0.122344, 0.984018, 0.129384, -0.114514, -0.143489, 0.983004)
    Left Leg.CFrame = CFrame.new(-0.506853, 0.340862, 0.142045, 0.856761, -0.354021, 0.375006, 0.209722, 0.903492, 0.373791, -0.471144, -0.241602, 0.848323)
    Right Arm.CFrame = CFrame.new(-0.0970848, 0.178477, 0.00931752, -0.899832, -0.429989, -0.0735576, 0.436189, -0.889331, -0.137222, -0.00641286, -0.155562, 0.987805)
    Right Leg.CFrame = CFrame.new(0.244595, 0.773445, 0.568019, 0.474065, 0.369872, -0.799035, -0.0356717, 0.914812, 0.402302, 0.879767, -0.162214, 0.446874)
    Left Arm.CFrame = CFrame.new(0.020116, 0.437921, 0.281861, -0.850305, 0.515792, 0.104593, -0.433454, -0.573628, -0.695032, -0.298494, -0.636325, 0.711331)

[23]
    Time: 0.366667
    HumanoidRootPart.CFrame = CFrame.new(0, 0, 0, 1, 0, 0, 0, 1, 0, 0, 0, 1)
    Torso.CFrame = CFrame.new(-0.0460522, -0.0110161, -0.174759, 0.989153, -0.0496778, 0.138232, 0.0461147, 0.998519, 0.0288629, -0.139461, -0.0221753, 0.989979)
    Head.CFrame = CFrame.new(0.0737182, -0.0215554, 0.0619799, 0.985859, 0.105448, 0.130239, -0.122344, 0.984018, 0.129384, -0.114514, -0.143489, 0.983004)
    Left Leg.CFrame = CFrame.new(-0.506853, 0.340862, 0.142045, 0.856761, -0.354021, 0.375006, 0.209722, 0.903492, 0.373791, -0.471144, -0.241602, 0.848323)
    Right Arm.CFrame = CFrame.new(-0.0970848, 0.178477, 0.00931752, -0.899832, -0.429989, -0.0735576, 0.436189, -0.889331, -0.137222, -0.00641286, -0.155562, 0.987805)
    Right Leg.CFrame = CFrame.new(0.244595, 0.773445, 0.568019, 0.474065, 0.369872, -0.799035, -0.0356717, 0.914812, 0.402302, 0.879767, -0.162214, 0.446874)
    Left Arm.CFrame = CFrame.new(0.020116, 0.437921, 0.281861, -0.850305, 0.515792, 0.104593, -0.433454, -0.573628, -0.695032, -0.298494, -0.636325, 0.711331)

[24]
    Time: 0.383333
    HumanoidRootPart.CFrame = CFrame.new(0, 0, 0, 1, 0, 0, 0, 1, 0, 0, 0, 1)
    Torso.CFrame = CFrame.new(-0.0460522, -0.0110161, -0.174759, 0.989153, -0.0496778, 0.138232, 0.0461147, 0.998519, 0.0288629, -0.139461, -0.0221753, 0.989979)
    Head.CFrame = CFrame.new(0.0737182, -0.0215554, 0.0619799, 0.985859, 0.105448, 0.130239, -0.122344, 0.984018, 0.129384, -0.114514, -0.143489, 0.983004)
    Left Leg.CFrame = CFrame.new(-0.506853, 0.340862, 0.142045, 0.856761, -0.354021, 0.375006, 0.209722, 0.903492, 0.373791, -0.471144, -0.241602, 0.848323)
    Right Arm.CFrame = CFrame.new(-0.0970848, 0.178477, 0.00931752, -0.899832, -0.429989, -0.0735576, 0.436189, -0.889331, -0.137222, -0.00641286, -0.155562, 0.987805)
    Right Leg.CFrame = CFrame.new(0.244595, 0.773445, 0.568019, 0.474065, 0.369872, -0.799035, -0.0356717, 0.914812, 0.402302, 0.879767, -0.162214, 0.446874)
    Left Arm.CFrame = CFrame.new(0.020116, 0.437921, 0.281861, -0.850305, 0.515792, 0.104593, -0.433454, -0.573628, -0.695032, -0.298494, -0.636325, 0.711331)

[25]
    Time: 0.400000
    HumanoidRootPart.CFrame = CFrame.new(0, 0, 0, 1, 0, 0, 0, 1, 0, 0, 0, 1)
    Torso.CFrame = CFrame.new(-0.0460522, -0.0110161, -0.174759, 0.989153, -0.0496778, 0.138232, 0.0461147, 0.998519, 0.0288629, -0.139461, -0.0221753, 0.989979)
    Head.CFrame = CFrame.new(0.0737182, -0.0215554, 0.0619799, 0.985859, 0.105448, 0.130239, -0.122344, 0.984018, 0.129384, -0.114514, -0.143489, 0.983004)
    Left Leg.CFrame = CFrame.new(-0.506853, 0.340862, 0.142045, 0.856761, -0.354021, 0.375006, 0.209722, 0.903492, 0.373791, -0.471144, -0.241602, 0.848323)
    Right Arm.CFrame = CFrame.new(-0.0970848, 0.178477, 0.00931752, -0.899832, -0.429989, -0.0735576, 0.436189, -0.889331, -0.137222, -0.00641286, -0.155562, 0.987805)
    Right Leg.CFrame = CFrame.new(0.244595, 0.773445, 0.568019, 0.474065, 0.369872, -0.799035, -0.0356717, 0.914812, 0.402302, 0.879767, -0.162214, 0.446874)
    Left Arm.CFrame = CFrame.new(0.020116, 0.437921, 0.281861, -0.850305, 0.515792, 0.104593, -0.433454, -0.573628, -0.695032, -0.298494, -0.636325, 0.711331)

[26]
    Time: 0.416667
    HumanoidRootPart.CFrame = CFrame.new(0, 0, 0, 1, 0, 0, 0, 1, 0, 0, 0, 1)
    Torso.CFrame = CFrame.new(-0.136598, -0.098623, -0.488951, 0.973881, -0.209393, -0.0878042, 0.209073, 0.977815, -0.012926, 0.0885628, -0.00576908, 0.996054)
    Head.CFrame = CFrame.new(0.0737184, -0.0215556, 0.0619793, 0.971502, 0.0408592, -0.233483, -0.00408585, 0.987771, 0.155857, 0.236996, -0.150462, 0.959789)
    Left Leg.CFrame = CFrame.new(-0.795698, 0.316041, 0.18986, 0.879716, -0.412683, 0.236205, 0.402936, 0.910742, 0.0905088, -0.252473, 0.0155532, 0.967479)
    Right Arm.CFrame = CFrame.new(0.114262, -0.291857, -0.205602, -0.501168, -0.357198, 0.788188, 0.854164, -0.0582173, 0.516735, -0.138691, 0.932213, 0.334282)
    Right Leg.CFrame = CFrame.new(-0.0484606, 0.581241, 0.195821, 0.537969, 0.325537, -0.77757, -0.191248, 0.945504, 0.263528, 0.820983, 0.00693909, 0.57091)
    Left Arm.CFrame = CFrame.new(-0.161769, -0.562852, -0.339893, -0.501168, 0.357197, -0.788189, -0.854164, -0.0582163, 0.516735, 0.138691, 0.932213, 0.33428)

[27]
    Time: 0.433333
    HumanoidRootPart.CFrame = CFrame.new(0, 0, 0, 1, 0, 0, 0, 1, 0, 0, 0, 1)
    Torso.CFrame = CFrame.new(-0.136598, -0.098623, -0.488951, 0.973881, -0.209393, -0.0878042, 0.209073, 0.977815, -0.012926, 0.0885628, -0.00576908, 0.996054)
    Head.CFrame = CFrame.new(0.0737184, -0.0215556, 0.0619793, 0.971502, 0.0408592, -0.233483, -0.00408585, 0.987771, 0.155857, 0.236996, -0.150462, 0.959789)
    Left Leg.CFrame = CFrame.new(-0.795698, 0.316041, 0.18986, 0.879716, -0.412683, 0.236205, 0.402936, 0.910742, 0.0905088, -0.252473, 0.0155532, 0.967479)
    Right Arm.CFrame = CFrame.new(0.114262, -0.291857, -0.205602, -0.501168, -0.357198, 0.788188, 0.854164, -0.0582173, 0.516735, -0.138691, 0.932213, 0.334282)
    Right Leg.CFrame = CFrame.new(-0.0484606, 0.581241, 0.195821, 0.537969, 0.325537, -0.77757, -0.191248, 0.945504, 0.263528, 0.820983, 0.00693909, 0.57091)
    Left Arm.CFrame = CFrame.new(-0.161769, -0.562852, -0.339893, -0.501168, 0.357197, -0.788189, -0.854164, -0.0582163, 0.516735, 0.138691, 0.932213, 0.33428)

[28]
    Time: 0.450000
    HumanoidRootPart.CFrame = CFrame.new(0, 0, 0, 1, 0, 0, 0, 1, 0, 0, 0, 1)
    Torso.CFrame = CFrame.new(-0.136598, -0.098623, -0.488951, 0.973881, -0.209393, -0.0878042, 0.209073, 0.977815, -0.012926, 0.0885628, -0.00576908, 0.996054)
    Head.CFrame = CFrame.new(0.0737184, -0.0215556, 0.0619793, 0.971502, 0.0408592, -0.233483, -0.00408585, 0.987771, 0.155857, 0.236996, -0.150462, 0.959789)
    Left Leg.CFrame = CFrame.new(-0.795698, 0.316041, 0.18986, 0.879716, -0.412683, 0.236205, 0.402936, 0.910742, 0.0905088, -0.252473, 0.0155532, 0.967479)
    Right Arm.CFrame = CFrame.new(0.114262, -0.291857, -0.205602, -0.501168, -0.357198, 0.788188, 0.854164, -0.0582173, 0.516735, -0.138691, 0.932213, 0.334282)
    Right Leg.CFrame = CFrame.new(-0.0484606, 0.581241, 0.195821, 0.537969, 0.325537, -0.77757, -0.191248, 0.945504, 0.263528, 0.820983, 0.00693909, 0.57091)
    Left Arm.CFrame = CFrame.new(-0.161769, -0.562852, -0.339893, -0.501168, 0.357197, -0.788189, -0.854164, -0.0582163, 0.516735, 0.138691, 0.932213, 0.33428)

[29]
    Time: 0.466667
    HumanoidRootPart.CFrame = CFrame.new(0, 0, 0, 1, 0, 0, 0, 1, 0, 0, 0, 1)
    Torso.CFrame = CFrame.new(-0.136598, -0.098623, -0.488951, 0.973881, -0.209393, -0.0878042, 0.209073, 0.977815, -0.012926, 0.0885628, -0.00576908, 0.996054)
    Head.CFrame = CFrame.new(0.0737184, -0.0215556, 0.0619793, 0.971502, 0.0408592, -0.233483, -0.00408585, 0.987771, 0.155857, 0.236996, -0.150462, 0.959789)
    Left Leg.CFrame = CFrame.new(-0.795698, 0.316041, 0.18986, 0.879716, -0.412683, 0.236205, 0.402936, 0.910742, 0.0905088, -0.252473, 0.0155532, 0.967479)
    Right Arm.CFrame = CFrame.new(0.114262, -0.291857, -0.205602, -0.501168, -0.357198, 0.788188, 0.854164, -0.0582173, 0.516735, -0.138691, 0.932213, 0.334282)
    Right Leg.CFrame = CFrame.new(-0.0484606, 0.581241, 0.195821, 0.537969, 0.325537, -0.77757, -0.191248, 0.945504, 0.263528, 0.820983, 0.00693909, 0.57091)
    Left Arm.CFrame = CFrame.new(-0.161769, -0.562852, -0.339893, -0.501168, 0.357197, -0.788189, -0.854164, -0.0582163, 0.516735, 0.138691, 0.932213, 0.33428)

[30]
    Time: 0.483333
    HumanoidRootPart.CFrame = CFrame.new(0, 0, 0, 1, 0, 0, 0, 1, 0, 0, 0, 1)
    Torso.CFrame = CFrame.new(-0.136598, -0.098623, -0.488951, 0.973881, -0.209393, -0.0878042, 0.209073, 0.977815, -0.012926, 0.0885628, -0.00576908, 0.996054)
    Head.CFrame = CFrame.new(0.0737184, -0.0215556, 0.0619793, 0.971502, 0.0408592, -0.233483, -0.00408585, 0.987771, 0.155857, 0.236996, -0.150462, 0.959789)
    Left Leg.CFrame = CFrame.new(-0.795698, 0.316041, 0.18986, 0.879716, -0.412683, 0.236205, 0.402936, 0.910742, 0.0905088, -0.252473, 0.0155532, 0.967479)
    Right Arm.CFrame = CFrame.new(0.114262, -0.291857, -0.205602, -0.501168, -0.357198, 0.788188, 0.854164, -0.0582173, 0.516735, -0.138691, 0.932213, 0.334282)
    Right Leg.CFrame = CFrame.new(-0.0484606, 0.581241, 0.195821, 0.537969, 0.325537, -0.77757, -0.191248, 0.945504, 0.263528, 0.820983, 0.00693909, 0.57091)
    Left Arm.CFrame = CFrame.new(-0.161769, -0.562852, -0.339893, -0.501168, 0.357197, -0.788189, -0.854164, -0.0582163, 0.516735, 0.138691, 0.932213, 0.33428)

[31]
    Time: 0.500000
    HumanoidRootPart.CFrame = CFrame.new(0, 0, 0, 1, 0, 0, 0, 1, 0, 0, 0, 1)
    Torso.CFrame = CFrame.new(-0.136598, -0.098623, -0.488951, 0.973881, -0.209393, -0.0878042, 0.209073, 0.977815, -0.012926, 0.0885628, -0.00576908, 0.996054)
    Head.CFrame = CFrame.new(0.0737184, -0.0215556, 0.0619793, 0.971502, 0.0408592, -0.233483, -0.00408585, 0.987771, 0.155857, 0.236996, -0.150462, 0.959789)
    Left Leg.CFrame = CFrame.new(-0.795698, 0.316041, 0.18986, 0.879716, -0.412683, 0.236205, 0.402936, 0.910742, 0.0905088, -0.252473, 0.0155532, 0.967479)
    Right Arm.CFrame = CFrame.new(0.114262, -0.291857, -0.205602, -0.501168, -0.357198, 0.788188, 0.854164, -0.0582173, 0.516735, -0.138691, 0.932213, 0.334282)
    Right Leg.CFrame = CFrame.new(-0.0484606, 0.581241, 0.195821, 0.537969, 0.325537, -0.77757, -0.191248, 0.945504, 0.263528, 0.820983, 0.00693909, 0.57091)
    Left Arm.CFrame = CFrame.new(-0.161769, -0.562852, -0.339893, -0.501168, 0.357197, -0.788189, -0.854164, -0.0582163, 0.516735, 0.138691, 0.932213, 0.33428)

[32]
    Time: 0.516667
    HumanoidRootPart.CFrame = CFrame.new(0, 0, 0, 1, 0, 0, 0, 1, 0, 0, 0, 1)
    Torso.CFrame = CFrame.new(-0.0935209, -0.0924574, -0.215625, 0.973881, -0.209393, -0.0878042, 0.209073, 0.977815, -0.012926, 0.0885628, -0.00576908, 0.996054)
    Head.CFrame = CFrame.new(0.0737183, -0.0215555, 0.0619795, 0.977933, 0.137813, -0.157015, -0.170286, 0.961222, -0.216921, 0.121032, 0.238871, 0.963479)
    Left Leg.CFrame = CFrame.new(-0.340436, 0.184664, 0.0321076, 0.955395, -0.175835, 0.237281, 0.162721, 0.983899, 0.0739234, -0.246459, -0.0320154, 0.968624)
    Right Arm.CFrame = CFrame.new(0.0272179, -0.265626, 0.0211104, -0.666975, -0.640646, 0.380417, 0.602391, -0.163186, 0.781343, -0.438485, 0.750296, 0.494759)
    Right Leg.CFrame = CFrame.new(-0.349453, 0.35288, 0.00155473, 0.616777, 0.166963, -0.769226, 0.00560743, 0.976288, 0.216403, 0.787118, -0.137786, 0.601216)
    Left Arm.CFrame = CFrame.new(-0.284896, -0.765389, -0.0112112, -0.56889, 0.378602, -0.730086, -0.736832, 0.159675, 0.656949, 0.365299, 0.911682, 0.188128)

[33]
    Time: 0.533333
    HumanoidRootPart.CFrame = CFrame.new(0, 0, 0, 1, 0, 0, 0, 1, 0, 0, 0, 1)
    Torso.CFrame = CFrame.new(-0.0935209, -0.0924574, -0.215625, 0.973881, -0.209393, -0.0878042, 0.209073, 0.977815, -0.012926, 0.0885628, -0.00576908, 0.996054)
    Head.CFrame = CFrame.new(0.0737183, -0.0215555, 0.0619795, 0.977933, 0.137813, -0.157015, -0.170286, 0.961222, -0.216921, 0.121032, 0.238871, 0.963479)
    Left Leg.CFrame = CFrame.new(-0.340436, 0.184664, 0.0321076, 0.955395, -0.175835, 0.237281, 0.162721, 0.983899, 0.0739234, -0.246459, -0.0320154, 0.968624)
    Right Arm.CFrame = CFrame.new(0.0272179, -0.265626, 0.0211104, -0.666975, -0.640646, 0.380417, 0.602391, -0.163186, 0.781343, -0.438485, 0.750296, 0.494759)
    Right Leg.CFrame = CFrame.new(-0.349453, 0.35288, 0.00155473, 0.616777, 0.166963, -0.769226, 0.00560743, 0.976288, 0.216403, 0.787118, -0.137786, 0.601216)
    Left Arm.CFrame = CFrame.new(-0.284896, -0.765389, -0.0112112, -0.56889, 0.378602, -0.730086, -0.736832, 0.159675, 0.656949, 0.365299, 0.911682, 0.188128)

[34]
    Time: 0.550000
    HumanoidRootPart.CFrame = CFrame.new(0, 0, 0, 1, 0, 0, 0, 1, 0, 0, 0, 1)
    Torso.CFrame = CFrame.new(-0.0935209, -0.0924574, -0.215625, 0.973881, -0.209393, -0.0878042, 0.209073, 0.977815, -0.012926, 0.0885628, -0.00576908, 0.996054)
    Head.CFrame = CFrame.new(0.0737183, -0.0215555, 0.0619795, 0.977933, 0.137813, -0.157015, -0.170286, 0.961222, -0.216921, 0.121032, 0.238871, 0.963479)
    Left Leg.CFrame = CFrame.new(-0.340436, 0.184664, 0.0321076, 0.955395, -0.175835, 0.237281, 0.162721, 0.983899, 0.0739234, -0.246459, -0.0320154, 0.968624)
    Right Arm.CFrame = CFrame.new(0.0272179, -0.265626, 0.0211104, -0.666975, -0.640646, 0.380417, 0.602391, -0.163186, 0.781343, -0.438485, 0.750296, 0.494759)
    Right Leg.CFrame = CFrame.new(-0.349453, 0.35288, 0.00155473, 0.616777, 0.166963, -0.769226, 0.00560743, 0.976288, 0.216403, 0.787118, -0.137786, 0.601216)
    Left Arm.CFrame = CFrame.new(-0.284896, -0.765389, -0.0112112, -0.56889, 0.378602, -0.730086, -0.736832, 0.159675, 0.656949, 0.365299, 0.911682, 0.188128)

[35]
    Time: 0.566667
    HumanoidRootPart.CFrame = CFrame.new(0, 0, 0, 1, 0, 0, 0, 1, 0, 0, 0, 1)
    Torso.CFrame = CFrame.new(-0.0935209, -0.0924574, -0.215625, 0.973881, -0.209393, -0.0878042, 0.209073, 0.977815, -0.012926, 0.0885628, -0.00576908, 0.996054)
    Head.CFrame = CFrame.new(0.0737183, -0.0215555, 0.0619795, 0.977933, 0.137813, -0.157015, -0.170286, 0.961222, -0.216921, 0.121032, 0.238871, 0.963479)
    Left Leg.CFrame = CFrame.new(-0.340436, 0.184664, 0.0321076, 0.955395, -0.175835, 0.237281, 0.162721, 0.983899, 0.0739234, -0.246459, -0.0320154, 0.968624)
    Right Arm.CFrame = CFrame.new(0.0272179, -0.265626, 0.0211104, -0.666975, -0.640646, 0.380417, 0.602391, -0.163186, 0.781343, -0.438485, 0.750296, 0.494759)
    Right Leg.CFrame = CFrame.new(-0.349453, 0.35288, 0.00155473, 0.616777, 0.166963, -0.769226, 0.00560743, 0.976288, 0.216403, 0.787118, -0.137786, 0.601216)
    Left Arm.CFrame = CFrame.new(-0.284896, -0.765389, -0.0112112, -0.56889, 0.378602, -0.730086, -0.736832, 0.159675, 0.656949, 0.365299, 0.911682, 0.188128)

[36]
    Time: 0.583333
    HumanoidRootPart.CFrame = CFrame.new(0, 0, 0, 1, 0, 0, 0, 1, 0, 0, 0, 1)
    Torso.CFrame = CFrame.new(-0.0935209, -0.0924574, -0.215625, 0.973881, -0.209393, -0.0878042, 0.209073, 0.977815, -0.012926, 0.0885628, -0.00576908, 0.996054)
    Head.CFrame = CFrame.new(0.0737183, -0.0215555, 0.0619795, 0.977933, 0.137813, -0.157015, -0.170286, 0.961222, -0.216921, 0.121032, 0.238871, 0.963479)
    Left Leg.CFrame = CFrame.new(-0.340436, 0.184664, 0.0321076, 0.955395, -0.175835, 0.237281, 0.162721, 0.983899, 0.0739234, -0.246459, -0.0320154, 0.968624)
    Right Arm.CFrame = CFrame.new(0.0272179, -0.265626, 0.0211104, -0.666975, -0.640646, 0.380417, 0.602391, -0.163186, 0.781343, -0.438485, 0.750296, 0.494759)
    Right Leg.CFrame = CFrame.new(-0.349453, 0.35288, 0.00155473, 0.616777, 0.166963, -0.769226, 0.00560743, 0.976288, 0.216403, 0.787118, -0.137786, 0.601216)
    Left Arm.CFrame = CFrame.new(-0.284896, -0.765389, -0.0112112, -0.56889, 0.378602, -0.730086, -0.736832, 0.159675, 0.656949, 0.365299, 0.911682, 0.188128)

[37]
    Time: 0.600000
    HumanoidRootPart.CFrame = CFrame.new(0, 0, 0, 1, 0, 0, 0, 1, 0, 0, 0, 1)
    Torso.CFrame = CFrame.new(-0.0935209, -0.0924574, -0.215625, 0.973881, -0.209393, -0.0878042, 0.209073, 0.977815, -0.012926, 0.0885628, -0.00576908, 0.996054)
    Head.CFrame = CFrame.new(0.0737183, -0.0215555, 0.0619795, 0.977933, 0.137813, -0.157015, -0.170286, 0.961222, -0.216921, 0.121032, 0.238871, 0.963479)
    Left Leg.CFrame = CFrame.new(-0.340436, 0.184664, 0.0321076, 0.955395, -0.175835, 0.237281, 0.162721, 0.983899, 0.0739234, -0.246459, -0.0320154, 0.968624)
    Right Arm.CFrame = CFrame.new(0.0272179, -0.265626, 0.0211104, -0.666975, -0.640646, 0.380417, 0.602391, -0.163186, 0.781343, -0.438485, 0.750296, 0.494759)
    Right Leg.CFrame = CFrame.new(-0.349453, 0.35288, 0.00155473, 0.616777, 0.166963, -0.769226, 0.00560743, 0.976288, 0.216403, 0.787118, -0.137786, 0.601216)
    Left Arm.CFrame = CFrame.new(-0.284896, -0.765389, -0.0112112, -0.56889, 0.378602, -0.730086, -0.736832, 0.159675, 0.656949, 0.365299, 0.911682, 0.188128)

[38]
    Time: 0.616667
    HumanoidRootPart.CFrame = CFrame.new(0, 0, 0, 1, 0, 0, 0, 1, 0, 0, 0, 1)
    Torso.CFrame = CFrame.new(-0.208094, -0.0757806, -0.131525, 0.973881, -0.209393, -0.0878042, 0.209073, 0.977815, -0.012926, 0.0885628, -0.00576908, 0.996054)
    Head.CFrame = CFrame.new(0.0737183, -0.0215555, 0.0619791, 0.960089, 0.260719, 0.10127, -0.250826, 0.962779, -0.100708, -0.123757, 0.0712876, 0.989749)
    Left Leg.CFrame = CFrame.new(-0.65583, 0.377563, 0.078676, 0.910696, -0.340366, 0.234058, 0.320115, 0.939635, 0.12088, -0.261073, -0.0351594, 0.964679)
    Right Arm.CFrame = CFrame.new(-0.0490287, 0.000457585, 0.19648, -0.75026, -0.583324, 0.311196, 0.631848, -0.494062, 0.597219, -0.194622, 0.644698, 0.739247)
    Right Leg.CFrame = CFrame.new(-0.216852, 0.258174, -0.0656857, 0.607236, 0.214662, -0.764974, -0.0369671, 0.969401, 0.242683, 0.793661, -0.119087, 0.596591)
