[1]
    Time: 0.000000
    HumanoidRootPart.CFrame = CFrame.new(0, 0, 0, 1, 0, 0, 0, 1, 0, 0, 0, 1)
    Torso.CFrame = CFrame.new(-0.0259625, -0.0157008, -0.0978105, 0.928137, 0.366055, -0.0675613, -0.36802, 0.929625, -0.018928, 0.055878, 0.0424317, 0.997536)
    Left Leg.CFrame = CFrame.new(0.00504254, 0.161133, 0.171876, 0.613811, -0.374874, 0.69477, 0.243084, 0.927054, 0.285449, -0.751097, -0.00632432, 0.660162)
    Right Arm.CFrame = CFrame.new(-0.284614, -0.0705295, -0.36061, 0.898392, 0.412881, 0.149735, -0.383959, 0.903875, -0.188643, -0.213229, 0.111983, 0.970563)
    Left Arm.CFrame = CFrame.new(0.0561309, -0.280301, -0.188745, 0.121227, 0.403299, -0.907003, -0.203257, 0.904466, 0.375005, 0.971592, 0.138894, 0.191619)
    Head.CFrame = CFrame.new(0.00263959, -0.000748072, 0.00118458, 0.999929, 0.0018352, 0.0117445, -0.0023367, 0.999079, 0.0428409, -0.0116551, -0.0428653, 0.999013)
    Right Leg.CFrame = CFrame.new(0.64411, 0.196037, 0.0467184, 0.934705, 0.345469, -0.0835365, -0.313938, 0.91267, 0.261679, 0.166643, -0.218368, 0.961533)

[2]
    Time: 0.033333
    HumanoidRootPart.CFrame = CFrame.new(0, 0, 0, 1, 0, 0, 0, 1, 0, 0, 0, 1)
    Torso.CFrame = CFrame.new(-0.0259625, -0.0157008, -0.0978105, 0.928137, 0.366055, -0.0675613, -0.36802, 0.929625, -0.018928, 0.055878, 0.0424317, 0.997536)
    Left Leg.CFrame = CFrame.new(0.00504254, 0.161133, 0.171876, 0.613811, -0.374874, 0.69477, 0.243084, 0.927054, 0.285449, -0.751097, -0.00632432, 0.660162)
    Right Arm.CFrame = CFrame.new(-0.284614, -0.0705295, -0.36061, 0.898392, 0.412881, 0.149735, -0.383959, 0.903875, -0.188643, -0.213229, 0.111983, 0.970563)
    Left Arm.CFrame = CFrame.new(0.0561309, -0.280301, -0.188745, 0.121227, 0.403299, -0.907003, -0.203257, 0.904466, 0.375005, 0.971592, 0.138894, 0.191619)
    Head.CFrame = CFrame.new(0.00263959, -0.000748072, 0.00118458, 0.999929, 0.0018352, 0.0117445, -0.0023367, 0.999079, 0.0428409, -0.0116551, -0.0428653, 0.999013)
    Right Leg.CFrame = CFrame.new(0.64411, 0.196037, 0.0467184, 0.934705, 0.345469, -0.0835365, -0.313938, 0.91267, 0.261679, 0.166643, -0.218368, 0.961533)

[3]
    Time: 0.066667
    HumanoidRootPart.CFrame = CFrame.new(0, 0, 0, 1, 0, 0, 0, 1, 0, 0, 0, 1)
    Torso.CFrame = CFrame.new(-0.0259625, -0.0157008, -0.0978105, 0.928137, 0.366055, -0.0675613, -0.36802, 0.929625, -0.018928, 0.055878, 0.0424317, 0.997536)
    Left Leg.CFrame = CFrame.new(0.00504254, 0.161133, 0.171876, 0.613811, -0.374874, 0.69477, 0.243084, 0.927054, 0.285449, -0.751097, -0.00632432, 0.660162)
    Right Arm.CFrame = CFrame.new(-0.284614, -0.0705295, -0.36061, 0.898392, 0.412881, 0.149735, -0.383959, 0.903875, -0.188643, -0.213229, 0.111983, 0.970563)
    Left Arm.CFrame = CFrame.new(0.0561309, -0.280301, -0.188745, 0.121227, 0.403299, -0.907003, -0.203257, 0.904466, 0.375005, 0.971592, 0.138894, 0.191619)
    Head.CFrame = CFrame.new(0.00263959, -0.000748072, 0.00118458, 0.999929, 0.0018352, 0.0117445, -0.0023367, 0.999079, 0.0428409, -0.0116551, -0.0428653, 0.999013)
    Right Leg.CFrame = CFrame.new(0.64411, 0.196037, 0.0467184, 0.934705, 0.345469, -0.0835365, -0.313938, 0.91267, 0.261679, 0.166643, -0.218368, 0.961533)

[4]
    Time: 0.100000
    HumanoidRootPart.CFrame = CFrame.new(0, 0, 0, 1, 0, 0, 0, 1, 0, 0, 0, 1)
    Torso.CFrame = CFrame.new(-0.0259625, -0.0157008, -0.0978105, 0.928137, 0.366055, -0.0675613, -0.36802, 0.929625, -0.018928, 0.055878, 0.0424317, 0.997536)
    Left Leg.CFrame = CFrame.new(0.00504254, 0.161133, 0.171876, 0.613811, -0.374874, 0.69477, 0.243084, 0.927054, 0.285449, -0.751097, -0.00632432, 0.660162)
    Right Arm.CFrame = CFrame.new(-0.284614, -0.0705295, -0.36061, 0.898392, 0.412881, 0.149735, -0.383959, 0.903875, -0.188643, -0.213229, 0.111983, 0.970563)
    Left Arm.CFrame = CFrame.new(0.0561309, -0.280301, -0.188745, 0.121227, 0.403299, -0.907003, -0.203257, 0.904466, 0.375005, 0.971592, 0.138894, 0.191619)
    Head.CFrame = CFrame.new(0.00263959, -0.000748072, 0.00118458, 0.999929, 0.0018352, 0.0117445, -0.0023367, 0.999079, 0.0428409, -0.0116551, -0.0428653, 0.999013)
    Right Leg.CFrame = CFrame.new(0.64411, 0.196037, 0.0467184, 0.934705, 0.345469, -0.0835365, -0.313938, 0.91267, 0.261679, 0.166643, -0.218368, 0.961533)

[5]
    Time: 0.133333
    HumanoidRootPart.CFrame = CFrame.new(0, 0, 0, 1, 0, 0, 0, 1, 0, 0, 0, 1)
    Torso.CFrame = CFrame.new(-0.0259625, -0.0157008, -0.0978105, 0.928137, 0.366055, -0.0675613, -0.36802, 0.929625, -0.018928, 0.055878, 0.0424317, 0.997536)
    Left Leg.CFrame = CFrame.new(0.00504254, 0.161133, 0.171876, 0.613811, -0.374874, 0.69477, 0.243084, 0.927054, 0.285449, -0.751097, -0.00632432, 0.660162)
    Right Arm.CFrame = CFrame.new(-0.284614, -0.0705295, -0.36061, 0.898392, 0.412881, 0.149735, -0.383959, 0.903875, -0.188643, -0.213229, 0.111983, 0.970563)
    Left Arm.CFrame = CFrame.new(0.0561309, -0.280301, -0.188745, 0.121227, 0.403299, -0.907003, -0.203257, 0.904466, 0.375005, 0.971592, 0.138894, 0.191619)
    Head.CFrame = CFrame.new(0.00263959, -0.000748072, 0.00118458, 0.999929, 0.0018352, 0.0117445, -0.0023367, 0.999079, 0.0428409, -0.0116551, -0.0428653, 0.999013)
    Right Leg.CFrame = CFrame.new(0.64411, 0.196037, 0.0467184, 0.934705, 0.345469, -0.0835365, -0.313938, 0.91267, 0.261679, 0.166643, -0.218368, 0.961533)

[6]
    Time: 0.166667
    HumanoidRootPart.CFrame = CFrame.new(0, 0, 0, 1, 0, 0, 0, 1, 0, 0, 0, 1)
    Torso.CFrame = CFrame.new(-0.0259625, -0.0157008, -0.0978105, 0.928137, 0.366055, -0.0675613, -0.36802, 0.929625, -0.018928, 0.055878, 0.0424317, 0.997536)
    Left Leg.CFrame = CFrame.new(0.00504254, 0.161133, 0.171876, 0.613811, -0.374874, 0.69477, 0.243084, 0.927054, 0.285449, -0.751097, -0.00632432, 0.660162)
    Right Arm.CFrame = CFrame.new(-0.284614, -0.0705295, -0.36061, 0.898392, 0.412881, 0.149735, -0.383959, 0.903875, -0.188643, -0.213229, 0.111983, 0.970563)
    Left Arm.CFrame = CFrame.new(0.0561309, -0.280301, -0.188745, 0.121227, 0.403299, -0.907003, -0.203257, 0.904466, 0.375005, 0.971592, 0.138894, 0.191619)
    Head.CFrame = CFrame.new(0.00263959, -0.000748072, 0.00118458, 0.999929, 0.0018352, 0.0117445, -0.0023367, 0.999079, 0.0428409, -0.0116551, -0.0428653, 0.999013)
    Right Leg.CFrame = CFrame.new(0.64411, 0.196037, 0.0467184, 0.934705, 0.345469, -0.0835365, -0.313938, 0.91267, 0.261679, 0.166643, -0.218368, 0.961533)

[7]
    Time: 0.200000
    HumanoidRootPart.CFrame = CFrame.new(0, 0, 0, 1, 0, 0, 0, 1, 0, 0, 0, 1)
    Torso.CFrame = CFrame.new(-0.0259625, -0.0157008, -0.0978105, 0.928137, 0.366055, -0.0675613, -0.36802, 0.929625, -0.018928, 0.055878, 0.0424317, 0.997536)
    Left Leg.CFrame = CFrame.new(0.00504254, 0.161133, 0.171876, 0.613811, -0.374874, 0.69477, 0.243084, 0.927054, 0.285449, -0.751097, -0.00632432, 0.660162)
    Right Arm.CFrame = CFrame.new(-0.284614, -0.0705295, -0.36061, 0.898392, 0.412881, 0.149735, -0.383959, 0.903875, -0.188643, -0.213229, 0.111983, 0.970563)
    Left Arm.CFrame = CFrame.new(0.0561309, -0.280301, -0.188745, 0.121227, 0.403299, -0.907003, -0.203257, 0.904466, 0.375005, 0.971592, 0.138894, 0.191619)
    Head.CFrame = CFrame.new(0.00263959, -0.000748072, 0.00118458, 0.999929, 0.0018352, 0.0117445, -0.0023367, 0.999079, 0.0428409, -0.0116551, -0.0428653, 0.999013)
    Right Leg.CFrame = CFrame.new(0.64411, 0.196037, 0.0467184, 0.934705, 0.345469, -0.0835365, -0.313938, 0.91267, 0.261679, 0.166643, -0.218368, 0.961533)

[8]
    Time: 0.233333
    HumanoidRootPart.CFrame = CFrame.new(0, 0, 0, 1, 0, 0, 0, 1, 0, 0, 0, 1)
    Torso.CFrame = CFrame.new(-0.0259625, -0.0157008, -0.0978105, 0.928137, 0.366055, -0.0675613, -0.36802, 0.929625, -0.018928, 0.055878, 0.0424317, 0.997536)
    Left Leg.CFrame = CFrame.new(0.00504254, 0.161133, 0.171876, 0.613811, -0.374874, 0.69477, 0.243084, 0.927054, 0.285449, -0.751097, -0.00632432, 0.660162)
    Right Arm.CFrame = CFrame.new(-0.284614, -0.0705295, -0.36061, 0.898392, 0.412881, 0.149735, -0.383959, 0.903875, -0.188643, -0.213229, 0.111983, 0.970563)
    Left Arm.CFrame = CFrame.new(0.0561309, -0.280301, -0.188745, 0.121227, 0.403299, -0.907003, -0.203257, 0.904466, 0.375005, 0.971592, 0.138894, 0.191619)
    Head.CFrame = CFrame.new(0.00263959, -0.000748072, 0.00118458, 0.999929, 0.0018352, 0.0117445, -0.0023367, 0.999079, 0.0428409, -0.0116551, -0.0428653, 0.999013)
    Right Leg.CFrame = CFrame.new(0.64411, 0.196037, 0.0467184, 0.934705, 0.345469, -0.0835365, -0.313938, 0.91267, 0.261679, 0.166643, -0.218368, 0.961533)

[9]
    Time: 0.266667
    HumanoidRootPart.CFrame = CFrame.new(0, 0, 0, 1, 0, 0, 0, 1, 0, 0, 0, 1)
    Torso.CFrame = CFrame.new(-0.202706, -0.00765075, -0.158158, 0.92978, 0.367744, -0.0165671, -0.36802, 0.929625, -0.018928, 0.00844056, 0.0236959, 0.999684)
    Left Leg.CFrame = CFrame.new(0.00590094, 0.203474, 0.29503, 0.534679, -0.3838, 0.752872, 0.300654, 0.919018, 0.254977, -0.789763, 0.0900234, 0.60677)
    Right Arm.CFrame = CFrame.new(-0.262802, -0.131421, -0.307348, 0.914174, 0.373324, 0.157846, -0.370312, 0.927603, -0.0492049, -0.164788, -0.0134707, 0.986237)
    Left Arm.CFrame = CFrame.new(0.071117, -0.298506, -0.134794, 0.319144, 0.31312, -0.894485, 0.000546479, 0.943781, 0.330571, 0.947706, -0.105989, 0.301031)
    Head.CFrame = CFrame.new(0.00292001, -0.000386717, 0.00120497, 0.989146, -0.146824, -0.0056878, 0.146934, 0.988351, 0.0396682, -0.00020272, -0.0400734, 0.999197)
    Right Leg.CFrame = CFrame.new(0.670633, 0.0363244, 0.0398339, 0.905607, 0.417369, -0.0753666, -0.408993, 0.906444, 0.10528, 0.112256, -0.0645177, 0.991583)

[10]
    Time: 0.300000
    HumanoidRootPart.CFrame = CFrame.new(0, 0, 0, 1, 0, 0, 0, 1, 0, 0, 0, 1)
    Torso.CFrame = CFrame.new(-0.202706, -0.00765075, -0.158158, 0.92978, 0.367744, -0.0165671, -0.36802, 0.929625, -0.018928, 0.00844056, 0.0236959, 0.999684)
    Left Leg.CFrame = CFrame.new(0.00590094, 0.203474, 0.29503, 0.534679, -0.3838, 0.752872, 0.300654, 0.919018, 0.254977, -0.789763, 0.0900234, 0.60677)
    Right Arm.CFrame = CFrame.new(-0.262802, -0.131421, -0.307348, 0.914174, 0.373324, 0.157846, -0.370312, 0.927603, -0.0492049, -0.164788, -0.0134707, 0.986237)
    Left Arm.CFrame = CFrame.new(0.071117, -0.298506, -0.134794, 0.319144, 0.31312, -0.894485, 0.000546479, 0.943781, 0.330571, 0.947706, -0.105989, 0.301031)
    Head.CFrame = CFrame.new(0.00292001, -0.000386717, 0.00120497, 0.989146, -0.146824, -0.0056878, 0.146934, 0.988351, 0.0396682, -0.00020272, -0.0400734, 0.999197)
    Right Leg.CFrame = CFrame.new(0.670633, 0.0363244, 0.0398339, 0.905607, 0.417369, -0.0753666, -0.408993, 0.906444, 0.10528, 0.112256, -0.0645177, 0.991583)

[11]
    Time: 0.333333
    HumanoidRootPart.CFrame = CFrame.new(0, 0, 0, 1, 0, 0, 0, 1, 0, 0, 0, 1)
    Torso.CFrame = CFrame.new(-0.202706, -0.00765075, -0.158158, 0.92978, 0.367744, -0.0165671, -0.36802, 0.929625, -0.018928, 0.00844056, 0.0236959, 0.999684)
    Left Leg.CFrame = CFrame.new(0.00590094, 0.203474, 0.29503, 0.534679, -0.3838, 0.752872, 0.300654, 0.919018, 0.254977, -0.789763, 0.0900234, 0.60677)
    Right Arm.CFrame = CFrame.new(-0.262802, -0.131421, -0.307348, 0.914174, 0.373324, 0.157846, -0.370312, 0.927603, -0.0492049, -0.164788, -0.0134707, 0.986237)
    Left Arm.CFrame = CFrame.new(0.071117, -0.298506, -0.134794, 0.319144, 0.31312, -0.894485, 0.000546479, 0.943781, 0.330571, 0.947706, -0.105989, 0.301031)
    Head.CFrame = CFrame.new(0.00292001, -0.000386717, 0.00120497, 0.989146, -0.146824, -0.0056878, 0.146934, 0.988351, 0.0396682, -0.00020272, -0.0400734, 0.999197)
    Right Leg.CFrame = CFrame.new(0.670633, 0.0363244, 0.0398339, 0.905607, 0.417369, -0.0753666, -0.408993, 0.906444, 0.10528, 0.112256, -0.0645177, 0.991583)

[12]
    Time: 0.366667
    HumanoidRootPart.CFrame = CFrame.new(0, 0, 0, 1, 0, 0, 0, 1, 0, 0, 0, 1)
    Torso.CFrame = CFrame.new(-0.202706, -0.00765075, -0.158158, 0.92978, 0.367744, -0.0165671, -0.36802, 0.929625, -0.018928, 0.00844056, 0.0236959, 0.999684)
    Left Leg.CFrame = CFrame.new(0.00590094, 0.203474, 0.29503, 0.534679, -0.3838, 0.752872, 0.300654, 0.919018, 0.254977, -0.789763, 0.0900234, 0.60677)
    Right Arm.CFrame = CFrame.new(-0.262802, -0.131421, -0.307348, 0.914174, 0.373324, 0.157846, -0.370312, 0.927603, -0.0492049, -0.164788, -0.0134707, 0.986237)
    Left Arm.CFrame = CFrame.new(0.071117, -0.298506, -0.134794, 0.319144, 0.31312, -0.894485, 0.000546479, 0.943781, 0.330571, 0.947706, -0.105989, 0.301031)
    Head.CFrame = CFrame.new(0.00292001, -0.000386717, 0.00120497, 0.989146, -0.146824, -0.0056878, 0.146934, 0.988351, 0.0396682, -0.00020272, -0.0400734, 0.999197)
    Right Leg.CFrame = CFrame.new(0.670633, 0.0363244, 0.0398339, 0.905607, 0.417369, -0.0753666, -0.408993, 0.906444, 0.10528, 0.112256, -0.0645177, 0.991583)

[13]
    Time: 0.400000
    HumanoidRootPart.CFrame = CFrame.new(0, 0, 0, 1, 0, 0, 0, 1, 0, 0, 0, 1)
    Torso.CFrame = CFrame.new(-0.202706, -0.00765075, -0.158158, 0.92978, 0.367744, -0.0165671, -0.36802, 0.929625, -0.018928, 0.00844056, 0.0236959, 0.999684)
    Left Leg.CFrame = CFrame.new(0.00590094, 0.203474, 0.29503, 0.534679, -0.3838, 0.752872, 0.300654, 0.919018, 0.254977, -0.789763, 0.0900234, 0.60677)
    Right Arm.CFrame = CFrame.new(-0.262802, -0.131421, -0.307348, 0.914174, 0.373324, 0.157846, -0.370312, 0.927603, -0.0492049, -0.164788, -0.0134707, 0.986237)
    Left Arm.CFrame = CFrame.new(0.071117, -0.298506, -0.134794, 0.319144, 0.31312, -0.894485, 0.000546479, 0.943781, 0.330571, 0.947706, -0.105989, 0.301031)
    Head.CFrame = CFrame.new(0.00292001, -0.000386717, 0.00120497, 0.989146, -0.146824, -0.0056878, 0.146934, 0.988351, 0.0396682, -0.00020272, -0.0400734, 0.999197)
    Right Leg.CFrame = CFrame.new(0.670633, 0.0363244, 0.0398339, 0.905607, 0.417369, -0.0753666, -0.408993, 0.906444, 0.10528, 0.112256, -0.0645177, 0.991583)

[14]
    Time: 0.433333
    HumanoidRootPart.CFrame = CFrame.new(0, 0, 0, 1, 0, 0, 0, 1, 0, 0, 0, 1)
    Torso.CFrame = CFrame.new(-0.202706, -0.00765075, -0.158158, 0.92978, 0.367744, -0.0165671, -0.36802, 0.929625, -0.018928, 0.00844056, 0.0236959, 0.999684)
    Left Leg.CFrame = CFrame.new(0.00590094, 0.203474, 0.29503, 0.534679, -0.3838, 0.752872, 0.300654, 0.919018, 0.254977, -0.789763, 0.0900234, 0.60677)
    Right Arm.CFrame = CFrame.new(-0.262802, -0.131421, -0.307348, 0.914174, 0.373324, 0.157846, -0.370312, 0.927603, -0.0492049, -0.164788, -0.0134707, 0.986237)
    Left Arm.CFrame = CFrame.new(0.071117, -0.298506, -0.134794, 0.319144, 0.31312, -0.894485, 0.000546479, 0.943781, 0.330571, 0.947706, -0.105989, 0.301031)
    Head.CFrame = CFrame.new(0.00292001, -0.000386717, 0.00120497, 0.989146, -0.146824, -0.0056878, 0.146934, 0.988351, 0.0396682, -0.00020272, -0.0400734, 0.999197)
    Right Leg.CFrame = CFrame.new(0.670633, 0.0363244, 0.0398339, 0.905607, 0.417369, -0.0753666, -0.408993, 0.906444, 0.10528, 0.112256, -0.0645177, 0.991583)

[15]
    Time: 0.466667
    HumanoidRootPart.CFrame = CFrame.new(0, 0, 0, 1, 0, 0, 0, 1, 0, 0, 0, 1)
    Torso.CFrame = CFrame.new(-0.221173, -0.000474407, -0.311467, 0.980631, 0.195383, -0.0137372, -0.195543, 0.980629, -0.0114182, 0.0112402, 0.0138833, 0.99984)
    Left Leg.CFrame = CFrame.new(-0.320573, 0.169543, 0.403042, 0.629455, -0.441467, 0.639447, 0.437519, 0.881444, 0.177858, -0.642155, 0.167817, 0.74798)
    Right Arm.CFrame = CFrame.new(-0.188578, -0.240354, -0.164712, 0.931925, 0.208988, 0.29638, -0.277721, 0.936826, 0.212668, -0.233211, -0.280502, 0.931092)
    Left Arm.CFrame = CFrame.new(0.0885234, -0.272246, -0.210739, 0.770348, 0.0396667, -0.636388, 0.0664026, 0.987645, 0.141941, 0.634156, -0.151602, 0.758197)
    Head.CFrame = CFrame.new(0.00309803, 0.000128192, 0.00122356, 0.992815, -0.118653, -0.0155132, 0.118768, 0.9929, 0.00666845, 0.0146119, -0.00846301, 0.999857)
    Right Leg.CFrame = CFrame.new(0.740302, 0.00759625, 0.234517, 0.756368, 0.593676, -0.274695, -0.589206, 0.800713, 0.108145, 0.284155, 0.0800547, 0.955431)

[16]
    Time: 0.500000
    HumanoidRootPart.CFrame = CFrame.new(0, 0, 0, 1, 0, 0, 0, 1, 0, 0, 0, 1)
    Torso.CFrame = CFrame.new(-0.221173, -0.000474407, -0.311467, 0.980631, 0.195383, -0.0137372, -0.195543, 0.980629, -0.0114182, 0.0112402, 0.0138833, 0.99984)
    Left Leg.CFrame = CFrame.new(-0.320573, 0.169543, 0.403042, 0.629455, -0.441467, 0.639447, 0.437519, 0.881444, 0.177858, -0.642155, 0.167817, 0.74798)
    Right Arm.CFrame = CFrame.new(-0.188578, -0.240354, -0.164712, 0.931925, 0.208988, 0.29638, -0.277721, 0.936826, 0.212668, -0.233211, -0.280502, 0.931092)
    Left Arm.CFrame = CFrame.new(0.0885234, -0.272246, -0.210739, 0.770348, 0.0396667, -0.636388, 0.0664026, 0.987645, 0.141941, 0.634156, -0.151602, 0.758197)
    Head.CFrame = CFrame.new(0.00309803, 0.000128192, 0.00122356, 0.992815, -0.118653, -0.0155132, 0.118768, 0.9929, 0.00666845, 0.0146119, -0.00846301, 0.999857)
    Right Leg.CFrame = CFrame.new(0.740302, 0.00759625, 0.234517, 0.756368, 0.593676, -0.274695, -0.589206, 0.800713, 0.108145, 0.284155, 0.0800547, 0.955431)

[17]
    Time: 0.533333
    HumanoidRootPart.CFrame = CFrame.new(0, 0, 0, 1, 0, 0, 0, 1, 0, 0, 0, 1)
    Torso.CFrame = CFrame.new(-0.221173, -0.000474407, -0.311467, 0.980631, 0.195383, -0.0137372, -0.195543, 0.980629, -0.0114182, 0.0112402, 0.0138833, 0.99984)
    Left Leg.CFrame = CFrame.new(-0.320573, 0.169543, 0.403042, 0.629455, -0.441467, 0.639447, 0.437519, 0.881444, 0.177858, -0.642155, 0.167817, 0.74798)
    Right Arm.CFrame = CFrame.new(-0.188578, -0.240354, -0.164712, 0.931925, 0.208988, 0.29638, -0.277721, 0.936826, 0.212668, -0.233211, -0.280502, 0.931092)
    Left Arm.CFrame = CFrame.new(0.0885234, -0.272246, -0.210739, 0.770348, 0.0396667, -0.636388, 0.0664026, 0.987645, 0.141941, 0.634156, -0.151602, 0.758197)
    Head.CFrame = CFrame.new(0.00309803, 0.000128192, 0.00122356, 0.992815, -0.118653, -0.0155132, 0.118768, 0.9929, 0.00666845, 0.0146119, -0.00846301, 0.999857)
    Right Leg.CFrame = CFrame.new(0.740302, 0.00759625, 0.234517, 0.756368, 0.593676, -0.274695, -0.589206, 0.800713, 0.108145, 0.284155, 0.0800547, 0.955431)

[18]
    Time: 0.566667
    HumanoidRootPart.CFrame = CFrame.new(0, 0, 0, 1, 0, 0, 0, 1, 0, 0, 0, 1)
    Torso.CFrame = CFrame.new(-0.221173, -0.000474407, -0.311467, 0.980631, 0.195383, -0.0137372, -0.195543, 0.980629, -0.0114182, 0.0112402, 0.0138833, 0.99984)
    Left Leg.CFrame = CFrame.new(-0.320573, 0.169543, 0.403042, 0.629455, -0.441467, 0.639447, 0.437519, 0.881444, 0.177858, -0.642155, 0.167817, 0.74798)
    Right Arm.CFrame = CFrame.new(-0.188578, -0.240354, -0.164712, 0.931925, 0.208988, 0.29638, -0.277721, 0.936826, 0.212668, -0.233211, -0.280502, 0.931092)
    Left Arm.CFrame = CFrame.new(0.0885234, -0.272246, -0.210739, 0.770348, 0.0396667, -0.636388, 0.0664026, 0.987645, 0.141941, 0.634156, -0.151602, 0.758197)
    Head.CFrame = CFrame.new(0.00309803, 0.000128192, 0.00122356, 0.992815, -0.118653, -0.0155132, 0.118768, 0.9929, 0.00666845, 0.0146119, -0.00846301, 0.999857)
    Right Leg.CFrame = CFrame.new(0.740302, 0.00759625, 0.234517, 0.756368, 0.593676, -0.274695, -0.589206, 0.800713, 0.108145, 0.284155, 0.0800547, 0.955431)

[19]
    Time: 0.600000
    HumanoidRootPart.CFrame = CFrame.new(0, 0, 0, 1, 0, 0, 0, 1, 0, 0, 0, 1)
    Torso.CFrame = CFrame.new(-0.221173, -0.000474407, -0.311467, 0.980631, 0.195383, -0.0137372, -0.195543, 0.980629, -0.0114182, 0.0112402, 0.0138833, 0.99984)
    Left Leg.CFrame = CFrame.new(-0.320573, 0.169543, 0.403042, 0.629455, -0.441467, 0.639447, 0.437519, 0.881444, 0.177858, -0.642155, 0.167817, 0.74798)
    Right Arm.CFrame = CFrame.new(-0.188578, -0.240354, -0.164712, 0.931925, 0.208988, 0.29638, -0.277721, 0.936826, 0.212668, -0.233211, -0.280502, 0.931092)
    Left Arm.CFrame = CFrame.new(0.0885234, -0.272246, -0.210739, 0.770348, 0.0396667, -0.636388, 0.0664026, 0.987645, 0.141941, 0.634156, -0.151602, 0.758197)
    Head.CFrame = CFrame.new(0.00309803, 0.000128192, 0.00122356, 0.992815, -0.118653, -0.0155132, 0.118768, 0.9929, 0.00666845, 0.0146119, -0.00846301, 0.999857)
    Right Leg.CFrame = CFrame.new(0.740302, 0.00759625, 0.234517, 0.756368, 0.593676, -0.274695, -0.589206, 0.800713, 0.108145, 0.284155, 0.0800547, 0.955431)

[20]
    Time: 0.633333
    HumanoidRootPart.CFrame = CFrame.new(0, 0, 0, 1, 0, 0, 0, 1, 0, 0, 0, 1)
    Torso.CFrame = CFrame.new(-0.221173, -0.000474407, -0.311467, 0.980631, 0.195383, -0.0137372, -0.195543, 0.980629, -0.0114182, 0.0112402, 0.0138833, 0.99984)
    Left Leg.CFrame = CFrame.new(-0.320573, 0.169543, 0.403042, 0.629455, -0.441467, 0.639447, 0.437519, 0.881444, 0.177858, -0.642155, 0.167817, 0.74798)
    Right Arm.CFrame = CFrame.new(-0.188578, -0.240354, -0.164712, 0.931925, 0.208988, 0.29638, -0.277721, 0.936826, 0.212668, -0.233211, -0.280502, 0.931092)
    Left Arm.CFrame = CFrame.new(0.0885234, -0.272246, -0.210739, 0.770348, 0.0396667, -0.636388, 0.0664026, 0.987645, 0.141941, 0.634156, -0.151602, 0.758197)
    Head.CFrame = CFrame.new(0.00309803, 0.000128192, 0.00122356, 0.992815, -0.118653, -0.0155132, 0.118768, 0.9929, 0.00666845, 0.0146119, -0.00846301, 0.999857)
    Right Leg.CFrame = CFrame.new(0.740302, 0.00759625, 0.234517, 0.756368, 0.593676, -0.274695, -0.589206, 0.800713, 0.108145, 0.284155, 0.0800547, 0.955431)

[21]
    Time: 0.666667
    HumanoidRootPart.CFrame = CFrame.new(0, 0, 0, 1, 0, 0, 0, 1, 0, 0, 0, 1)
    Torso.CFrame = CFrame.new(-0.241135, -0.021478, -0.145065, 0.972961, -0.230969, 0.000737571, 0.23066, 0.971487, -0.054857, 0.0119537, 0.0535438, 0.998494)
    Left Leg.CFrame = CFrame.new(-0.696208, 0.322021, 0.200009, 0.895256, -0.316197, 0.313905, 0.276632, 0.946755, 0.164713, -0.349273, -0.060624, 0.935058)
    Right Arm.CFrame = CFrame.new(0.00612958, -0.223523, -0.291588, 0.63125, -0.374262, 0.679302, 0.291524, 0.926134, 0.239352, -0.718705, 0.0469422, 0.693729)
    Left Arm.CFrame = CFrame.new(-0.00589646, -0.242938, -0.264469, 0.988518, 0.000697581, 0.151101, -0.0113675, 0.997499, 0.0697622, -0.150674, -0.0706789, 0.986054)
    Head.CFrame = CFrame.new(0.00289688, -0.000987705, 0.00122547, 0.997493, 0.0706789, -0.00337065, -0.0704325, 0.996332, 0.0485927, 0.00679277, -0.0482335, 0.998813)
    Right Leg.CFrame = CFrame.new(0.146871, -0.0520369, 0.284951, 0.615804, 0.455116, -0.64316, -0.509925, 0.852495, 0.115011, 0.600635, 0.257139, 0.757045)

[22]
    Time: 0.700000
    HumanoidRootPart.CFrame = CFrame.new(0, 0, 0, 1, 0, 0, 0, 1, 0, 0, 0, 1)
    Torso.CFrame = CFrame.new(-0.241135, -0.021478, -0.145065, 0.972961, -0.230969, 0.000737571, 0.23066, 0.971487, -0.054857, 0.0119537, 0.0535438, 0.998494)
    Left Leg.CFrame = CFrame.new(-0.696208, 0.322021, 0.200009, 0.895256, -0.316197, 0.313905, 0.276632, 0.946755, 0.164713, -0.349273, -0.060624, 0.935058)
    Right Arm.CFrame = CFrame.new(0.00612958, -0.223523, -0.291588, 0.63125, -0.374262, 0.679302, 0.291524, 0.926134, 0.239352, -0.718705, 0.0469422, 0.693729)
    Left Arm.CFrame = CFrame.new(-0.00589646, -0.242938, -0.264469, 0.988518, 0.000697581, 0.151101, -0.0113675, 0.997499, 0.0697622, -0.150674, -0.0706789, 0.986054)
    Head.CFrame = CFrame.new(0.00289688, -0.000987705, 0.00122547, 0.997493, 0.0706789, -0.00337065, -0.0704325, 0.996332, 0.0485927, 0.00679277, -0.0482335, 0.998813)
    Right Leg.CFrame = CFrame.new(0.146871, -0.0520369, 0.284951, 0.615804, 0.455116, -0.64316, -0.509925, 0.852495, 0.115011, 0.600635, 0.257139, 0.757045)

[23]
    Time: 0.733333
    HumanoidRootPart.CFrame = CFrame.new(0, 0, 0, 1, 0, 0, 0, 1, 0, 0, 0, 1)
    Torso.CFrame = CFrame.new(-0.241135, -0.021478, -0.145065, 0.972961, -0.230969, 0.000737571, 0.23066, 0.971487, -0.054857, 0.0119537, 0.0535438, 0.998494)
    Left Leg.CFrame = CFrame.new(-0.696208, 0.322021, 0.200009, 0.895256, -0.316197, 0.313905, 0.276632, 0.946755, 0.164713, -0.349273, -0.060624, 0.935058)
    Right Arm.CFrame = CFrame.new(0.00612958, -0.223523, -0.291588, 0.63125, -0.374262, 0.679302, 0.291524, 0.926134, 0.239352, -0.718705, 0.0469422, 0.693729)
    Left Arm.CFrame = CFrame.new(-0.00589646, -0.242938, -0.264469, 0.988518, 0.000697581, 0.151101, -0.0113675, 0.997499, 0.0697622, -0.150674, -0.0706789, 0.986054)
    Head.CFrame = CFrame.new(0.00289688, -0.000987705, 0.00122547, 0.997493, 0.0706789, -0.00337065, -0.0704325, 0.996332, 0.0485927, 0.00679277, -0.0482335, 0.998813)
    Right Leg.CFrame = CFrame.new(0.146871, -0.0520369, 0.284951, 0.615804, 0.455116, -0.64316, -0.509925, 0.852495, 0.115011, 0.600635, 0.257139, 0.757045)

[24]
    Time: 0.766667
    HumanoidRootPart.CFrame = CFrame.new(0, 0, 0, 1, 0, 0, 0, 1, 0, 0, 0, 1)
    Torso.CFrame = CFrame.new(-0.241135, -0.021478, -0.145065, 0.972961, -0.230969, 0.000737571, 0.23066, 0.971487, -0.054857, 0.0119537, 0.0535438, 0.998494)
    Left Leg.CFrame = CFrame.new(-0.696208, 0.322021, 0.200009, 0.895256, -0.316197, 0.313905, 0.276632, 0.946755, 0.164713, -0.349273, -0.060624, 0.935058)
    Right Arm.CFrame = CFrame.new(0.00612958, -0.223523, -0.291588, 0.63125, -0.374262, 0.679302, 0.291524, 0.926134, 0.239352, -0.718705, 0.0469422, 0.693729)
    Left Arm.CFrame = CFrame.new(-0.00589646, -0.242938, -0.264469, 0.988518, 0.000697581, 0.151101, -0.0113675, 0.997499, 0.0697622, -0.150674, -0.0706789, 0.986054)
    Head.CFrame = CFrame.new(0.00289688, -0.000987705, 0.00122547, 0.997493, 0.0706789, -0.00337065, -0.0704325, 0.996332, 0.0485927, 0.00679277, -0.0482335, 0.998813)
    Right Leg.CFrame = CFrame.new(0.146871, -0.0520369, 0.284951, 0.615804, 0.455116, -0.64316, -0.509925, 0.852495, 0.115011, 0.600635, 0.257139, 0.757045)

[25]
    Time: 0.800000
    HumanoidRootPart.CFrame = CFrame.new(0, 0, 0, 1, 0, 0, 0, 1, 0, 0, 0, 1)
    Torso.CFrame = CFrame.new(-0.241135, -0.021478, -0.145065, 0.972961, -0.230969, 0.000737571, 0.23066, 0.971487, -0.054857, 0.0119537, 0.0535438, 0.998494)
    Left Leg.CFrame = CFrame.new(-0.696208, 0.322021, 0.200009, 0.895256, -0.316197, 0.313905, 0.276632, 0.946755, 0.164713, -0.349273, -0.060624, 0.935058)
    Right Arm.CFrame = CFrame.new(0.00612958, -0.223523, -0.291588, 0.63125, -0.374262, 0.679302, 0.291524, 0.926134, 0.239352, -0.718705, 0.0469422, 0.693729)
    Left Arm.CFrame = CFrame.new(-0.00589646, -0.242938, -0.264469, 0.988518, 0.000697581, 0.151101, -0.0113675, 0.997499, 0.0697622, -0.150674, -0.0706789, 0.986054)
    Head.CFrame = CFrame.new(0.00289688, -0.000987705, 0.00122547, 0.997493, 0.0706789, -0.00337065, -0.0704325, 0.996332, 0.0485927, 0.00679277, -0.0482335, 0.998813)
    Right Leg.CFrame = CFrame.new(0.146871, -0.0520369, 0.284951, 0.615804, 0.455116, -0.64316, -0.509925, 0.852495, 0.115011, 0.600635, 0.257139, 0.757045)

[26]
    Time: 0.833333
    HumanoidRootPart.CFrame = CFrame.new(0, 0, 0, 1, 0, 0, 0, 1, 0, 0, 0, 1)
    Torso.CFrame = CFrame.new(-0.241135, -0.021478, -0.145065, 0.972961, -0.230969, 0.000737571, 0.23066, 0.971487, -0.054857, 0.0119537, 0.0535438, 0.998494)
    Left Leg.CFrame = CFrame.new(-0.696208, 0.322021, 0.200009, 0.895256, -0.316197, 0.313905, 0.276632, 0.946755, 0.164713, -0.349273, -0.060624, 0.935058)
    Right Arm.CFrame = CFrame.new(0.00612958, -0.223523, -0.291588, 0.63125, -0.374262, 0.679302, 0.291524, 0.926134, 0.239352, -0.718705, 0.0469422, 0.693729)
    Left Arm.CFrame = CFrame.new(-0.00589646, -0.242938, -0.264469, 0.988518, 0.000697581, 0.151101, -0.0113675, 0.997499, 0.0697622, -0.150674, -0.0706789, 0.986054)
    Head.CFrame = CFrame.new(0.00289688, -0.000987705, 0.00122547, 0.997493, 0.0706789, -0.00337065, -0.0704325, 0.996332, 0.0485927, 0.00679277, -0.0482335, 0.998813)
    Right Leg.CFrame = CFrame.new(0.146871, -0.0520369, 0.284951, 0.615804, 0.455116, -0.64316, -0.509925, 0.852495, 0.115011, 0.600635, 0.257139, 0.757045)

[27]
    Time: 0.866667
    HumanoidRootPart.CFrame = CFrame.new(0, 0, 0, 1, 0, 0, 0, 1, 0, 0, 0, 1)
    Torso.CFrame = CFrame.new(-0.241135, -0.021478, -0.145065, 0.972961, -0.230969, 0.000737571, 0.23066, 0.971487, -0.054857, 0.0119537, 0.0535438, 0.998494)
    Left Leg.CFrame = CFrame.new(-0.696208, 0.322021, 0.200009, 0.895256, -0.316197, 0.313905, 0.276632, 0.946755, 0.164713, -0.349273, -0.060624, 0.935058)
    Right Arm.CFrame = CFrame.new(0.00612958, -0.223523, -0.291588, 0.63125, -0.374262, 0.679302, 0.291524, 0.926134, 0.239352, -0.718705, 0.0469422, 0.693729)
    Left Arm.CFrame = CFrame.new(-0.00589646, -0.242938, -0.264469, 0.988518, 0.000697581, 0.151101, -0.0113675, 0.997499, 0.0697622, -0.150674, -0.0706789, 0.986054)
    Head.CFrame = CFrame.new(0.00289688, -0.000987705, 0.00122547, 0.997493, 0.0706789, -0.00337065, -0.0704325, 0.996332, 0.0485927, 0.00679277, -0.0482335, 0.998813)
    Right Leg.CFrame = CFrame.new(0.146871, -0.0520369, 0.284951, 0.615804, 0.455116, -0.64316, -0.509925, 0.852495, 0.115011, 0.600635, 0.257139, 0.757045)

[28]
    Time: 0.900000
    HumanoidRootPart.CFrame = CFrame.new(0, 0, 0, 1, 0, 0, 0, 1, 0, 0, 0, 1)
    Torso.CFrame = CFrame.new(0.0487388, -0.0066839, -0.0988672, 0.929564, -0.366056, 0.0437562, 0.367414, 0.929625, -0.028352, -0.0302985, 0.0424317, 0.99864)
    Left Leg.CFrame = CFrame.new(-0.548268, 0.276301, -0.00745231, 0.991653, -0.0969445, 0.0850066, 0.0744291, 0.968764, 0.236553, -0.105284, -0.228251, 0.967893)
    Right Arm.CFrame = CFrame.new(-0.0856903, -0.267175, -0.176341, 0.124268, -0.40296, 0.906742, 0.177382, 0.908126, 0.379265, -0.976265, 0.113709, 0.184329)
    Left Arm.CFrame = CFrame.new(0.282523, -0.0966038, -0.344782, 0.898858, -0.411043, -0.151979, 0.376017, 0.901495, -0.214286, 0.225089, 0.135466, 0.964875)
    Head.CFrame = CFrame.new(0.00260285, -0.000738483, 0.00118005, 0.9999, -0.00293231, 0.0138584, 0.00233616, 0.999079, 0.0428409, -0.0139712, -0.0428042, 0.998986)
    Right Leg.CFrame = CFrame.new(0.0407184, -0.00473893, 0.250109, 0.551302, 0.495983, -0.67087, -0.499831, 0.840177, 0.210407, 0.668008, 0.219324, 0.711099)

[29]
    Time: 0.933333
    HumanoidRootPart.CFrame = CFrame.new(0, 0, 0, 1, 0, 0, 0, 1, 0, 0, 0, 1)
    Torso.CFrame = CFrame.new(0.0487388, -0.0066839, -0.0988672, 0.929564, -0.366056, 0.0437562, 0.367414, 0.929625, -0.028352, -0.0302985, 0.0424317, 0.99864)
    Left Leg.CFrame = CFrame.new(-0.548268, 0.276301, -0.00745231, 0.991653, -0.0969445, 0.0850066, 0.0744291, 0.968764, 0.236553, -0.105284, -0.228251, 0.967893)
    Right Arm.CFrame = CFrame.new(-0.0856903, -0.267175, -0.176341, 0.124268, -0.40296, 0.906742, 0.177382, 0.908126, 0.379265, -0.976265, 0.113709, 0.184329)
    Left Arm.CFrame = CFrame.new(0.282523, -0.0966038, -0.344782, 0.898858, -0.411043, -0.151979, 0.376017, 0.901495, -0.214286, 0.225089, 0.135466, 0.964875)
    Head.CFrame = CFrame.new(0.00260285, -0.000738483, 0.00118005, 0.9999, -0.00293231, 0.0138584, 0.00233616, 0.999079, 0.0428409, -0.0139712, -0.0428042, 0.998986)
    Right Leg.CFrame = CFrame.new(0.0407184, -0.00473893, 0.250109, 0.551302, 0.495983, -0.67087, -0.499831, 0.840177, 0.210407, 0.668008, 0.219324, 0.711099)

[30]
    Time: 0.966667
    HumanoidRootPart.CFrame = CFrame.new(0, 0, 0, 1, 0, 0, 0, 1, 0, 0, 0, 1)
    Torso.CFrame = CFrame.new(0.0487388, -0.0066839, -0.0988672, 0.929564, -0.366056, 0.0437562, 0.367414, 0.929625, -0.028352, -0.0302985, 0.0424317, 0.99864)
    Left Leg.CFrame = CFrame.new(-0.548268, 0.276301, -0.00745231, 0.991653, -0.0969445, 0.0850066, 0.0744291, 0.968764, 0.236553, -0.105284, -0.228251, 0.967893)
    Right Arm.CFrame = CFrame.new(-0.0856903, -0.267175, -0.176341, 0.124268, -0.40296, 0.906742, 0.177382, 0.908126, 0.379265, -0.976265, 0.113709, 0.184329)
    Left Arm.CFrame = CFrame.new(0.282523, -0.0966038, -0.344782, 0.898858, -0.411043, -0.151979, 0.376017, 0.901495, -0.214286, 0.225089, 0.135466, 0.964875)
    Head.CFrame = CFrame.new(0.00260285, -0.000738483, 0.00118005, 0.9999, -0.00293231, 0.0138584, 0.00233616, 0.999079, 0.0428409, -0.0139712, -0.0428042, 0.998986)
    Right Leg.CFrame = CFrame.new(0.0407184, -0.00473893, 0.250109, 0.551302, 0.495983, -0.67087, -0.499831, 0.840177, 0.210407, 0.668008, 0.219324, 0.711099)

[31]
    Time: 1.000000
    HumanoidRootPart.CFrame = CFrame.new(0, 0, 0, 1, 0, 0, 0, 1, 0, 0, 0, 1)
    Torso.CFrame = CFrame.new(0.225507, -0.002633, -0.158018, 0.929899, -0.367744, -0.00726327, 0.367414, 0.929625, -0.028352, 0.0171784, 0.0236959, 0.999572)
    Left Leg.CFrame = CFrame.new(-0.619493, 0.151703, -0.00617886, 0.980154, -0.186617, 0.0668774, 0.179266, 0.978409, 0.10286, -0.0846288, -0.0888295, 0.992445)
    Right Arm.CFrame = CFrame.new(-0.0997104, -0.282791, -0.126326, 0.321971, -0.31238, 0.89373, -0.0259103, 0.940737, 0.338145, -0.946395, -0.13203, 0.294796)
    Left Arm.CFrame = CFrame.new(0.260316, -0.154659, -0.292046, 0.91454, -0.371453, -0.160125, 0.363902, 0.928392, -0.0752625, 0.176615, 0.0105607, 0.984223)
    Head.CFrame = CFrame.new(0.00227761, -0.000989728, 0.00116169, 0.988827, 0.14575, 0.0312896, -0.146935, 0.98835, 0.0396682, -0.0251435, -0.0438225, 0.998723)
    Right Leg.CFrame = CFrame.new(0.0279799, 0.0997488, 0.273713, 0.544301, 0.526446, -0.653139, -0.447086, 0.840832, 0.305148, 0.709824, 0.125917, 0.693033)

[32]
    Time: 1.033333
    HumanoidRootPart.CFrame = CFrame.new(0, 0, 0, 1, 0, 0, 0, 1, 0, 0, 0, 1)
    Torso.CFrame = CFrame.new(0.225507, -0.002633, -0.158018, 0.929899, -0.367744, -0.00726327, 0.367414, 0.929625, -0.028352, 0.0171784, 0.0236959, 0.999572)
    Left Leg.CFrame = CFrame.new(-0.619493, 0.151703, -0.00617886, 0.980154, -0.186617, 0.0668774, 0.179266, 0.978409, 0.10286, -0.0846288, -0.0888295, 0.992445)
    Right Arm.CFrame = CFrame.new(-0.0997104, -0.282791, -0.126326, 0.321971, -0.31238, 0.89373, -0.0259103, 0.940737, 0.338145, -0.946395, -0.13203, 0.294796)
    Left Arm.CFrame = CFrame.new(0.260316, -0.154659, -0.292046, 0.91454, -0.371453, -0.160125, 0.363902, 0.928392, -0.0752625, 0.176615, 0.0105607, 0.984223)
    Head.CFrame = CFrame.new(0.00227761, -0.000989728, 0.00116169, 0.988827, 0.14575, 0.0312896, -0.146935, 0.98835, 0.0396682, -0.0251435, -0.0438225, 0.998723)
    Right Leg.CFrame = CFrame.new(0.0279799, 0.0997488, 0.273713, 0.544301, 0.526446, -0.653139, -0.447086, 0.840832, 0.305148, 0.709824, 0.125917, 0.693033)

[33]
    Time: 1.066667
    HumanoidRootPart.CFrame = CFrame.new(0, 0, 0, 1, 0, 0, 0, 1, 0, 0, 0, 1)
    Torso.CFrame = CFrame.new(0.225507, -0.002633, -0.158018, 0.929899, -0.367744, -0.00726327, 0.367414, 0.929625, -0.028352, 0.0171784, 0.0236959, 0.999572)
    Left Leg.CFrame = CFrame.new(-0.619493, 0.151703, -0.00617886, 0.980154, -0.186617, 0.0668774, 0.179266, 0.978409, 0.10286, -0.0846288, -0.0888295, 0.992445)
    Right Arm.CFrame = CFrame.new(-0.0997104, -0.282791, -0.126326, 0.321971, -0.31238, 0.89373, -0.0259103, 0.940737, 0.338145, -0.946395, -0.13203, 0.294796)
    Left Arm.CFrame = CFrame.new(0.260316, -0.154659, -0.292046, 0.91454, -0.371453, -0.160125, 0.363902, 0.928392, -0.0752625, 0.176615, 0.0105607, 0.984223)
    Head.CFrame = CFrame.new(0.00227761, -0.000989728, 0.00116169, 0.988827, 0.14575, 0.0312896, -0.146935, 0.98835, 0.0396682, -0.0251435, -0.0438225, 0.998723)
    Right Leg.CFrame = CFrame.new(0.0279799, 0.0997488, 0.273713, 0.544301, 0.526446, -0.653139, -0.447086, 0.840832, 0.305148, 0.709824, 0.125917, 0.693033)

[34]
    Time: 1.100000
    HumanoidRootPart.CFrame = CFrame.new(0, 0, 0, 1, 0, 0, 0, 1, 0, 0, 0, 1)
    Torso.CFrame = CFrame.new(0.225507, -0.002633, -0.158018, 0.929899, -0.367744, -0.00726327, 0.367414, 0.929625, -0.028352, 0.0171784, 0.0236959, 0.999572)
    Left Leg.CFrame = CFrame.new(-0.619493, 0.151703, -0.00617886, 0.980154, -0.186617, 0.0668774, 0.179266, 0.978409, 0.10286, -0.0846288, -0.0888295, 0.992445)
    Right Arm.CFrame = CFrame.new(-0.0997104, -0.282791, -0.126326, 0.321971, -0.31238, 0.89373, -0.0259103, 0.940737, 0.338145, -0.946395, -0.13203, 0.294796)
    Left Arm.CFrame = CFrame.new(0.260316, -0.154659, -0.292046, 0.91454, -0.371453, -0.160125, 0.363902, 0.928392, -0.0752625, 0.176615, 0.0105607, 0.984223)
    Head.CFrame = CFrame.new(0.00227761, -0.000989728, 0.00116169, 0.988827, 0.14575, 0.0312896, -0.146935, 0.98835, 0.0396682, -0.0251435, -0.0438225, 0.998723)
    Right Leg.CFrame = CFrame.new(0.0279799, 0.0997488, 0.273713, 0.544301, 0.526446, -0.653139, -0.447086, 0.840832, 0.305148, 0.709824, 0.125917, 0.693033)

[35]
    Time: 1.133333
    HumanoidRootPart.CFrame = CFrame.new(0, 0, 0, 1, 0, 0, 0, 1, 0, 0, 0, 1)
    Torso.CFrame = CFrame.new(0.225507, -0.002633, -0.158018, 0.929899, -0.367744, -0.00726327, 0.367414, 0.929625, -0.028352, 0.0171784, 0.0236959, 0.999572)
    Left Leg.CFrame = CFrame.new(-0.619493, 0.151703, -0.00617886, 0.980154, -0.186617, 0.0668774, 0.179266, 0.978409, 0.10286, -0.0846288, -0.0888295, 0.992445)
    Right Arm.CFrame = CFrame.new(-0.0997104, -0.282791, -0.126326, 0.321971, -0.31238, 0.89373, -0.0259103, 0.940737, 0.338145, -0.946395, -0.13203, 0.294796)
    Left Arm.CFrame = CFrame.new(0.260316, -0.154659, -0.292046, 0.91454, -0.371453, -0.160125, 0.363902, 0.928392, -0.0752625, 0.176615, 0.0105607, 0.984223)
    Head.CFrame = CFrame.new(0.00227761, -0.000989728, 0.00116169, 0.988827, 0.14575, 0.0312896, -0.146935, 0.98835, 0.0396682, -0.0251435, -0.0438225, 0.998723)
    Right Leg.CFrame = CFrame.new(0.0279799, 0.0997488, 0.273713, 0.544301, 0.526446, -0.653139, -0.447086, 0.840832, 0.305148, 0.709824, 0.125917, 0.693033)

[36]
    Time: 1.166667
    HumanoidRootPart.CFrame = CFrame.new(0, 0, 0, 1, 0, 0, 0, 1, 0, 0, 0, 1)
    Torso.CFrame = CFrame.new(0.225507, -0.002633, -0.158018, 0.929899, -0.367744, -0.00726327, 0.367414, 0.929625, -0.028352, 0.0171784, 0.0236959, 0.999572)
    Left Leg.CFrame = CFrame.new(-0.619493, 0.151703, -0.00617886, 0.980154, -0.186617, 0.0668774, 0.179266, 0.978409, 0.10286, -0.0846288, -0.0888295, 0.992445)
    Right Arm.CFrame = CFrame.new(-0.0997104, -0.282791, -0.126326, 0.321971, -0.31238, 0.89373, -0.0259103, 0.940737, 0.338145, -0.946395, -0.13203, 0.294796)
    Left Arm.CFrame = CFrame.new(0.260316, -0.154659, -0.292046, 0.91454, -0.371453, -0.160125, 0.363902, 0.928392, -0.0752625, 0.176615, 0.0105607, 0.984223)
    Head.CFrame = CFrame.new(0.00227761, -0.000989728, 0.00116169, 0.988827, 0.14575, 0.0312896, -0.146935, 0.98835, 0.0396682, -0.0251435, -0.0438225, 0.998723)
    Right Leg.CFrame = CFrame.new(0.0279799, 0.0997488, 0.273713, 0.544301, 0.526446, -0.653139, -0.447086, 0.840832, 0.305148, 0.709824, 0.125917, 0.693033)

[37]
    Time: 1.200000
    HumanoidRootPart.CFrame = CFrame.new(0, 0, 0, 1, 0, 0, 0, 1, 0, 0, 0, 1)
    Torso.CFrame = CFrame.new(0.296149, 0.000905854, -0.197965, 0.980661, -0.195383, -0.0113953, 0.195186, 0.980629, -0.016425, 0.0143837, 0.0138832, 0.9998)
    Left Leg.CFrame = CFrame.new(-0.507319, 0.137249, 0.134648, 0.921973, -0.276484, 0.271149, 0.27003, 0.960878, 0.0616155, -0.277577, 0.0164106, 0.960563)
    Right Arm.CFrame = CFrame.new(-0.10754, -0.252902, -0.217056, 0.771985, -0.0380384, 0.634501, -0.0842303, 0.983283, 0.16143, -0.630035, -0.178066, 0.755876)
    Left Arm.CFrame = CFrame.new(0.181167, -0.25922, -0.152608, 0.931617, -0.207067, -0.298685, 0.270201, 0.944237, 0.188169, 0.243066, -0.256007, 0.935617)
    Head.CFrame = CFrame.new(0.00211358, -0.000359308, 0.00112402, 0.992114, 0.118398, 0.0411288, -0.118768, 0.9929, 0.00666843, -0.0400472, -0.0115006, 0.999132)
    Right Leg.CFrame = CFrame.new(0.186379, 0.0441063, 0.231739, 0.664888, 0.506531, -0.548954, -0.466769, 0.855525, 0.224063, 0.583138, 0.107258, 0.805261)

[38]
    Time: 1.233333
    HumanoidRootPart.CFrame = CFrame.new(0, 0, 0, 1, 0, 0, 0, 1, 0, 0, 0, 1)
    Torso.CFrame = CFrame.new(0.296149, 0.000905854, -0.197965, 0.980661, -0.195383, -0.0113953, 0.195186, 0.980629, -0.016425, 0.0143837, 0.0138832, 0.9998)
    Left Leg.CFrame = CFrame.new(-0.507319, 0.137249, 0.134648, 0.921973, -0.276484, 0.271149, 0.27003, 0.960878, 0.0616155, -0.277577, 0.0164106, 0.960563)
    Right Arm.CFrame = CFrame.new(-0.10754, -0.252902, -0.217056, 0.771985, -0.0380384, 0.634501, -0.0842303, 0.983283, 0.16143, -0.630035, -0.178066, 0.755876)
