[1]
    Time: 0.000000
    HumanoidRootPart.CFrame = CFrame.new(0, 0, 0, 1, 0, 0, 0, 1, 0, 0, 0, 1)
    Torso.CFrame = CFrame.new(-0.857681, 0.183976, -0.119076, 0.938127, -0.290265, 0.188849, 0.299845, 0.953694, -0.0236625, -0.173236, 0.078824, 0.981721)
    Head.CFrame = CFrame.new(-7.45058e-07, 1.93715e-07, 2.26498e-06, 0.919133, 0.133716, -0.370559, -0.360664, 0.664025, -0.654976, 0.158479, 0.735657, 0.658554)
    Left Arm.CFrame = CFrame.new(0.0721873, -0.0890684, 0.0919421, 0.977861, -0.013347, -0.208831, 0.123462, 0.842555, 0.524269, 0.168954, -0.538444, 0.82555)
    Right Arm.CFrame = CFrame.new(0.0825341, -0.754372, -0.197065, -0.324141, -0.76027, 0.562958, 0.875268, -0.0152288, 0.483398, -0.35894, 0.649428, 0.670377)
    Left Leg.CFrame = CFrame.new(-0.487603, 0.0663244, -0.0244249, 0.982446, -0.17556, -0.0630788, 0.170925, 0.982604, -0.0726303, 0.0747324, 0.0605735, 0.995362)
    Right Leg.CFrame = CFrame.new(0.272765, 0.150005, 0.209165, 0.578153, 0.673649, -0.460366, -0.532901, 0.739018, 0.412152, 0.617864, 0.0070427, 0.786253)

[2]
    Time: 0.027027
    HumanoidRootPart.CFrame = CFrame.new(0, 0, 0, 1, 0, 0, 0, 1, 0, 0, 0, 1)
    Torso.CFrame = CFrame.new(-0.812507, 0.122456, -0.19832, 0.929334, -0.319939, 0.184328, 0.33233, 0.942318, -0.0399324, -0.16092, 0.0983683, 0.982053)
    Head.CFrame = CFrame.new(-7.18981e-07, 1.86265e-07, 2.02656e-06, 0.889461, 0.185822, -0.417528, -0.436101, 0.6183, -0.653851, 0.136658, 0.763659, 0.630991)
    Left Arm.CFrame = CFrame.new(0.278159, -0.0495101, 0.128039, 0.959149, 0.177258, -0.220483, -0.0282943, 0.835562, 0.548667, 0.281483, -0.520015, 0.806444)
    Right Arm.CFrame = CFrame.new(0.0616252, -0.732883, -0.172582, -0.190437, -0.840224, 0.507698, 0.929528, 0.012019, 0.368556, -0.315771, 0.542107, 0.778723)
    Left Leg.CFrame = CFrame.new(-0.556617, 0.0469721, -0.0694565, 0.964042, -0.22196, -0.146139, 0.206386, 0.971754, -0.114451, 0.167415, 0.0801742, 0.982621)
    Right Leg.CFrame = CFrame.new(0.202168, 0.322312, 0.15769, 0.628043, 0.547404, -0.553091, -0.307619, 0.827504, 0.469689, 0.714795, -0.124844, 0.6881)

[3]
    Time: 0.054054
    HumanoidRootPart.CFrame = CFrame.new(0, 0, 0, 1, 0, 0, 0, 1, 0, 0, 0, 1)
    Torso.CFrame = CFrame.new(-0.733491, -0.0097127, -0.351581, 0.911126, -0.374262, 0.172561, 0.391743, 0.916542, -0.0805531, -0.128012, 0.140994, 0.9817)
    Head.CFrame = CFrame.new(-6.96629e-07, 2.01166e-07, 1.78814e-06, 0.845115, 0.253496, -0.470659, -0.519751, 0.595587, -0.612483, 0.125056, 0.762244, 0.635095)
    Left Arm.CFrame = CFrame.new(0.477261, -0.0214262, 0.173975, 0.888871, 0.407433, -0.209542, -0.20078, 0.757506, 0.621186, 0.411821, -0.510081, 0.755129)
    Right Arm.CFrame = CFrame.new(-0.0711393, -0.613198, -0.173235, 0.0993469, -0.959957, 0.261939, 0.981764, 0.137442, 0.131339, -0.162081, 0.244114, 0.956106)
    Left Leg.CFrame = CFrame.new(-0.68904, 0.0349822, -0.162658, 0.912581, -0.305192, -0.272128, 0.258047, 0.946105, -0.195696, 0.317187, 0.108367, 0.942151)
    Right Leg.CFrame = CFrame.new(-0.00543806, 0.493893, -0.0333959, 0.582474, 0.265258, -0.76835, 0.180483, 0.879456, 0.440436, 0.792559, -0.395216, 0.464386)

[4]
    Time: 0.081081
    HumanoidRootPart.CFrame = CFrame.new(0, 0, 0, 1, 0, 0, 0, 1, 0, 0, 0, 1)
    Torso.CFrame = CFrame.new(-0.678288, -0.141274, -0.466053, 0.902343, -0.402691, 0.153679, 0.422648, 0.896593, -0.132246, -0.0845337, 0.184283, 0.979231)
    Head.CFrame = CFrame.new(-7.82311e-07, 2.68221e-07, 2.26498e-06, 0.814839, 0.304346, -0.493367, -0.566888, 0.596218, -0.568474, 0.121141, 0.742898, 0.658352)
    Left Arm.CFrame = CFrame.new(0.610756, -0.0611942, 0.195976, 0.782639, 0.613833, -0.103368, -0.363466, 0.585452, 0.724664, 0.50534, -0.52958, 0.681305)
    Right Arm.CFrame = CFrame.new(-0.0679145, -0.405241, -0.134722, 0.354296, -0.932834, -0.0655368, 0.935133, 0.353409, 0.0250709, -0.000225753, -0.0701682, 0.997535)
    Left Leg.CFrame = CFrame.new(-0.762654, 0.0330489, -0.201425, 0.882244, -0.356833, -0.30711, 0.279607, 0.921955, -0.26799, 0.37877, 0.150562, 0.913162)
    Right Leg.CFrame = CFrame.new(-0.0538083, 0.604668, -0.115293, 0.331017, 0.0352083, -0.942968, 0.475768, 0.856763, 0.199002, 0.814907, -0.514507, 0.266853)

[5]
    Time: 0.108108
    HumanoidRootPart.CFrame = CFrame.new(0, 0, 0, 1, 0, 0, 0, 1, 0, 0, 0, 1)
    Torso.CFrame = CFrame.new(-0.671467, -0.260718, -0.518227, 0.92219, -0.3661, 0.124646, 0.384092, 0.904642, -0.184652, -0.0451586, 0.21816, 0.974868)
    Head.CFrame = CFrame.new(-7.45058e-07, 2.23517e-07, 2.38419e-06, 0.829044, 0.312642, -0.463617, -0.546813, 0.626698, -0.555199, 0.116969, 0.713796, 0.690517)
    Left Arm.CFrame = CFrame.new(0.645048, -0.195827, 0.190976, 0.646569, 0.752968, 0.12243, -0.521994, 0.319654, 0.790787, 0.556302, -0.575206, 0.599723)
    Right Arm.CFrame = CFrame.new(0.0578952, -0.227, -0.0476348, 0.573457, -0.778272, -0.255811, 0.816835, 0.567074, 0.105868, 0.0626693, -0.269666, 0.960912)
    Left Leg.CFrame = CFrame.new(-0.75228, 0.00327837, -0.187781, 0.886727, -0.37033, -0.276714, 0.279158, 0.906053, -0.318023, 0.368491, 0.204753, 0.906803)
    Right Leg.CFrame = CFrame.new(-0.0581969, 0.766958, -0.0775912, 0.1567, -0.238844, -0.958331, 0.508238, 0.851484, -0.129111, 0.846841, -0.466829, 0.254817)

[6]
    Time: 0.135135
    HumanoidRootPart.CFrame = CFrame.new(0, 0, 0, 1, 0, 0, 0, 1, 0, 0, 0, 1)
    Torso.CFrame = CFrame.new(-0.678065, -0.35734, -0.562109, 0.965194, -0.248492, 0.0815669, 0.261012, 0.934966, -0.240232, -0.0165666, 0.25316, 0.967283)
    Head.CFrame = CFrame.new(-7.93487e-07, 2.5332e-07, 2.02656e-06, 0.887863, 0.2671, -0.374643, -0.447807, 0.688658, -0.57028, 0.105679, 0.674098, 0.731043)
    Left Arm.CFrame = CFrame.new(0.545246, -0.361189, 0.180213, 0.478589, 0.780352, 0.402497, -0.673584, 0.0322452, 0.738407, 0.563239, -0.624509, 0.541064)
    Right Arm.CFrame = CFrame.new(0.227562, -0.0967593, 0.021654, 0.789601, -0.5383, -0.294555, 0.610217, 0.739325, 0.284665, 0.0645371, -0.404514, 0.912252)
    Left Leg.CFrame = CFrame.new(-0.690638, -0.0423176, -0.128383, 0.919432, -0.356229, -0.16657, 0.274937, 0.885149, -0.375393, 0.281165, 0.299353, 0.911775)
    Right Leg.CFrame = CFrame.new(-0.0245662, 0.905963, 0.00781047, 0.231449, -0.529229, -0.816301, 0.455564, 0.800359, -0.389726, 0.859589, -0.281676, 0.42634)

[7]
    Time: 0.162162
    HumanoidRootPart.CFrame = CFrame.new(0, 0, 0, 1, 0, 0, 0, 1, 0, 0, 0, 1)
    Torso.CFrame = CFrame.new(-0.702029, -0.442423, -0.581198, 0.992441, -0.121092, 0.0199604, 0.121624, 0.948679, -0.291917, 0.0164129, 0.292138, 0.956235)
    Head.CFrame = CFrame.new(-7.0408e-07, 2.6077e-07, 2.26498e-06, 0.938981, 0.214041, -0.269261, -0.334955, 0.747024, -0.574247, 0.0782315, 0.629397, 0.773136)
    Left Arm.CFrame = CFrame.new(0.36216, -0.450115, 0.160371, 0.300156, 0.715941, 0.630346, -0.801003, -0.16966, 0.574117, 0.517978, -0.677233, 0.522546)
    Right Arm.CFrame = CFrame.new(0.274137, -0.0724481, 0.0584478, 0.907272, -0.332632, -0.257321, 0.41822, 0.777888, 0.469023, 0.0441545, -0.533148, 0.844869)
    Left Leg.CFrame = CFrame.new(-0.562699, -0.113024, -0.0568579, 0.950727, -0.309781, 0.0124346, 0.283983, 0.85406, -0.435816, 0.124388, 0.417873, 0.89995)
    Right Leg.CFrame = CFrame.new(0.0988552, 1.02031, 0.107555, 0.452889, -0.668132, -0.590331, 0.411132, 0.744031, -0.526677, 0.791114, -0.00417755, 0.611654)

[8]
    Time: 0.189189
    HumanoidRootPart.CFrame = CFrame.new(0, 0, 0, 1, 0, 0, 0, 1, 0, 0, 0, 1)
    Torso.CFrame = CFrame.new(-0.711712, -0.528772, -0.543028, 0.996133, -0.074633, -0.0463479, 0.0547775, 0.94009, -0.336498, 0.068685, 0.332658, 0.940543)
    Head.CFrame = CFrame.new(-7.6741e-07, 1.00583e-07, 1.90735e-06, 0.953705, 0.215674, -0.209599, -0.297208, 0.782448, -0.547213, 0.0459804, 0.584174, 0.810325)
    Left Arm.CFrame = CFrame.new(0.199426, -0.450592, 0.141054, 0.134965, 0.640766, 0.75578, -0.87806, -0.27609, 0.390877, 0.459123, -0.716375, 0.525369)
    Right Arm.CFrame = CFrame.new(0.165276, -0.128634, 0.0713078, 0.950826, -0.235551, -0.201113, 0.309707, 0.730424, 0.608738, 0.00350844, -0.64109, 0.767458)
    Left Leg.CFrame = CFrame.new(-0.34841, -0.204887, -0.0583527, 0.95793, -0.22136, 0.182674, 0.283797, 0.825434, -0.487972, -0.0427682, 0.519286, 0.85353)
    Right Leg.CFrame = CFrame.new(0.288382, 1.1524, 0.149169, 0.661319, -0.6499, -0.374549, 0.437991, 0.73993, -0.510557, 0.608951, 0.173591, 0.77398)

[9]
    Time: 0.216216
    HumanoidRootPart.CFrame = CFrame.new(0, 0, 0, 1, 0, 0, 0, 1, 0, 0, 0, 1)
    Torso.CFrame = CFrame.new(-0.684959, -0.584509, -0.46046, 0.98753, -0.136144, -0.0790561, 0.0978776, 0.924249, -0.36903, 0.123309, 0.35669, 0.926049)
    Head.CFrame = CFrame.new(-7.45058e-07, 1.2666e-07, 2.02656e-06, 0.930812, 0.277422, -0.237963, -0.36231, 0.786156, -0.50069, 0.0481739, 0.552264, 0.832276)
    Left Arm.CFrame = CFrame.new(0.0695828, -0.467188, 0.171201, -0.117329, 0.649685, 0.751095, -0.860933, -0.443526, 0.249156, 0.495003, -0.617409, 0.611373)
    Right Arm.CFrame = CFrame.new(-0.0554586, -0.177794, 0.080156, 0.956998, -0.250057, -0.147061, 0.279041, 0.654875, 0.702335, -0.0793176, -0.713169, 0.69649)
    Left Leg.CFrame = CFrame.new(-0.103038, -0.262044, -0.138649, 0.949905, -0.121434, 0.287984, 0.259257, 0.820757, -0.509061, -0.174548, 0.558222, 0.811124)
    Right Leg.CFrame = CFrame.new(0.464562, 1.30261, 0.0537186, 0.766273, -0.622522, -0.159035, 0.554809, 0.765922, -0.324886, 0.324057, 0.160717, 0.932286)

[10]
    Time: 0.243243
    HumanoidRootPart.CFrame = CFrame.new(0, 0, 0, 1, 0, 0, 0, 1, 0, 0, 0, 1)
    Torso.CFrame = CFrame.new(-0.642232, -0.618482, -0.380385, 0.962378, -0.253811, -0.0970041, 0.198658, 0.900815, -0.386093, 0.185377, 0.352297, 0.917345)
    Head.CFrame = CFrame.new(-6.4075e-07, 2.5332e-07, 2.26498e-06, 0.873408, 0.359543, -0.328462, -0.483483, 0.720978, -0.496422, 0.0583285, 0.592384, 0.803541)
    Left Arm.CFrame = CFrame.new(-0.0796038, -0.462162, 0.204864, -0.407448, 0.664917, 0.625996, -0.766823, -0.621367, 0.160891, 0.495952, -0.414474, 0.763048)
    Right Arm.CFrame = CFrame.new(-0.30609, -0.174003, 0.0771228, 0.940978, -0.333852, -0.0556967, 0.256877, 0.59726, 0.759799, -0.220395, -0.729262, 0.647768)
    Left Leg.CFrame = CFrame.new(0.136445, -0.2736, -0.239451, 0.937823, -0.0520684, 0.343186, 0.234461, 0.824076, -0.515681, -0.255961, 0.564081, 0.785046)
    Right Leg.CFrame = CFrame.new(0.531839, 1.38595, -0.159466, 0.766173, -0.642602, 0.00643202, 0.642295, 0.765406, -0.040147, 0.0208755, 0.0348908, 0.999173)

[11]
    Time: 0.270270
    HumanoidRootPart.CFrame = CFrame.new(0, 0, 0, 1, 0, 0, 0, 1, 0, 0, 0, 1)
    Torso.CFrame = CFrame.new(-0.59679, -0.619107, -0.306625, 0.926864, -0.358485, -0.11141, 0.294465, 0.878359, -0.376532, 0.232839, 0.316187, 0.91968)
    Head.CFrame = CFrame.new(-6.78003e-07, 1.78814e-07, 2.02656e-06, 0.80188, 0.421466, -0.423504, -0.594792, 0.630325, -0.498912, 0.0566705, 0.651964, 0.756129)
    Left Arm.CFrame = CFrame.new(-0.211454, -0.420677, 0.208775, -0.629143, 0.640184, 0.440844, -0.652619, -0.743133, 0.147787, 0.422217, -0.194724, 0.885334)
    Right Arm.CFrame = CFrame.new(-0.488069, -0.1195, 0.0719302, 0.910202, -0.404738, 0.0878635, 0.192732, 0.601699, 0.775121, -0.366588, -0.688583, 0.625673)
    Left Leg.CFrame = CFrame.new(0.157702, -0.306468, -0.268468, 0.910134, -0.11993, 0.396576, 0.323462, 0.803814, -0.499254, -0.258898, 0.582666, 0.770371)
    Right Leg.CFrame = CFrame.new(0.59786, 1.29552, -0.266866, 0.789556, -0.60653, 0.0934017, 0.59919, 0.79481, 0.0961661, -0.132564, -0.0199631, 0.990973)

[12]
    Time: 0.297297
    HumanoidRootPart.CFrame = CFrame.new(0, 0, 0, 1, 0, 0, 0, 1, 0, 0, 0, 1)
    Torso.CFrame = CFrame.new(-0.552508, -0.586186, -0.241709, 0.894043, -0.428311, -0.13129, 0.36533, 0.866696, -0.339666, 0.259271, 0.255712, 0.931338)
    Head.CFrame = CFrame.new(-8.19564e-07, 2.38419e-07, 1.78814e-06, 0.737184, 0.482789, -0.472731, -0.674619, 0.565299, -0.474686, 0.0380609, 0.668844, 0.742428)
    Left Arm.CFrame = CFrame.new(-0.299037, -0.400037, 0.211827, -0.766033, 0.581877, 0.273152, -0.545615, -0.813255, 0.202286, 0.339848, 0.00592207, 0.940462)
    Right Arm.CFrame = CFrame.new(-0.618847, -0.0274556, 0.080258, 0.848677, -0.462187, 0.25716, 0.131235, 0.655011, 0.744136, -0.512373, -0.597783, 0.616547)
    Left Leg.CFrame = CFrame.new(0.184181, -0.332366, -0.293141, 0.86696, -0.195266, 0.458532, 0.420094, 0.78134, -0.46155, -0.268145, 0.592772, 0.759421)
    Right Leg.CFrame = CFrame.new(0.753235, 1.06929, -0.23609, 0.879523, -0.448279, 0.159642, 0.44641, 0.893462, 0.0494405, -0.164797, 0.0277818, 0.985936)

[13]
    Time: 0.324324
    HumanoidRootPart.CFrame = CFrame.new(0, 0, 0, 1, 0, 0, 0, 1, 0, 0, 0, 1)
    Torso.CFrame = CFrame.new(-0.494595, -0.541654, -0.195682, 0.879398, -0.452443, -0.148168, 0.397013, 0.868682, -0.296263, 0.262753, 0.201708, 0.943544)
    Head.CFrame = CFrame.new(-6.18398e-07, 2.08616e-07, 2.02656e-06, 0.699284, 0.51846, -0.49214, -0.714688, 0.521467, -0.466148, 0.0149555, 0.677696, 0.73519)
    Left Arm.CFrame = CFrame.new(-0.337414, -0.375365, 0.23773, -0.819539, 0.544021, 0.17999, -0.483187, -0.824931, 0.293289, 0.308035, 0.153393, 0.938928)
    Right Arm.CFrame = CFrame.new(-0.699419, 0.0735933, 0.10574, 0.761608, -0.50086, 0.411209, 0.112709, 0.727251, 0.677055, -0.638161, -0.469304, 0.610331)
    Left Leg.CFrame = CFrame.new(0.162416, -0.382748, -0.299391, 0.802036, -0.2753, 0.530045, 0.528983, 0.739478, -0.416352, -0.277335, 0.614315, 0.738717)
    Right Leg.CFrame = CFrame.new(0.902434, 0.698199, -0.162566, 0.952164, -0.238004, 0.191671, 0.258189, 0.962083, -0.0879546, -0.163469, 0.133234, 0.97751)

[14]
    Time: 0.351351
    HumanoidRootPart.CFrame = CFrame.new(0, 0, 0, 1, 0, 0, 0, 1, 0, 0, 0, 1)
    Torso.CFrame = CFrame.new(-0.419897, -0.498518, -0.170961, 0.902156, -0.401682, -0.157371, 0.353927, 0.897706, -0.26241, 0.246678, 0.181038, 0.952037)
    Head.CFrame = CFrame.new(-6.10948e-07, 2.38419e-07, 2.02656e-06, 0.724697, 0.50866, -0.464843, -0.689067, 0.534242, -0.489665, -0.000734605, 0.675167, 0.737664)
    Left Arm.CFrame = CFrame.new(-0.368959, -0.403879, 0.337389, -0.867217, 0.454049, 0.204388, -0.354459, -0.851218, 0.387023, 0.349706, 0.263186, 0.899132)
    Right Arm.CFrame = CFrame.new(-0.72079, 0.17747, 0.166301, 0.648131, -0.507533, 0.567748, 0.124443, 0.806102, 0.578545, -0.751293, -0.30432, 0.585618)
    Left Leg.CFrame = CFrame.new(0.267166, -0.35709, -0.364679, 0.728109, -0.255978, 0.635872, 0.578095, 0.72778, -0.368974, -0.368326, 0.636248, 0.677883)
    Right Leg.CFrame = CFrame.new(0.921315, 0.295312, -0.186942, 0.955371, -0.0980409, 0.278664, 0.152407, 0.971666, -0.180656, -0.253057, 0.215064, 0.943244)

[15]
    Time: 0.378378
    HumanoidRootPart.CFrame = CFrame.new(0, 0, 0, 1, 0, 0, 0, 1, 0, 0, 0, 1)
    Torso.CFrame = CFrame.new(-0.34319, -0.455304, -0.169161, 0.931558, -0.333651, -0.14449, 0.29379, 0.924855, -0.241517, 0.214215, 0.182537, 0.959579)
    Head.CFrame = CFrame.new(-7.15256e-07, 2.38419e-07, 1.90735e-06, 0.76905, 0.469606, -0.433627, -0.639136, 0.573735, -0.512185, 0.00826215, 0.671043, 0.741373)
    Left Arm.CFrame = CFrame.new(-0.41912, -0.40291, 0.466684, -0.911117, 0.315801, 0.264831, -0.162914, -0.86619, 0.472414, 0.378583, 0.387279, 0.840648)
    Right Arm.CFrame = CFrame.new(-0.70897, 0.250017, 0.238715, 0.539353, -0.496595, 0.680068, 0.181559, 0.857188, 0.481938, -0.822274, -0.136463, 0.552489)
    Left Leg.CFrame = CFrame.new(0.313344, -0.344601, -0.413072, 0.642326, -0.234933, 0.729537, 0.624581, 0.712124, -0.320591, -0.444203, 0.661579, 0.60415)
    Right Leg.CFrame = CFrame.new(0.753298, 0.0209662, -0.234097, 0.871786, -0.126664, 0.473229, 0.233985, 0.956347, -0.175075, -0.430395, 0.263357, 0.863367)

[16]
    Time: 0.405405
    HumanoidRootPart.CFrame = CFrame.new(0, 0, 0, 1, 0, 0, 0, 1, 0, 0, 0, 1)
    Torso.CFrame = CFrame.new(-0.241399, -0.410913, -0.197698, 0.941576, -0.319573, -0.106335, 0.289131, 0.928892, -0.231435, 0.172734, 0.187169, 0.967022)
    Head.CFrame = CFrame.new(-7.7486e-07, 1.56462e-07, 1.78814e-06, 0.78302, 0.434809, -0.44477, -0.62028, 0.598941, -0.50648, 0.0461683, 0.672466, 0.738686)
    Left Arm.CFrame = CFrame.new(-0.504628, -0.302551, 0.515083, -0.943375, 0.197865, 0.266259, -0.0205336, -0.83593, 0.548452, 0.331093, 0.511928, 0.792658)
    Right Arm.CFrame = CFrame.new(-0.738581, 0.266464, 0.277799, 0.488397, -0.520773, 0.700188, 0.281857, 0.853533, 0.438222, -0.825848, -0.0166732, 0.563647)
    Left Leg.CFrame = CFrame.new(0.335066, -0.322168, -0.438752, 0.597612, -0.225384, 0.769455, 0.637746, 0.715257, -0.285809, -0.485942, 0.66152, 0.571184)
    Right Leg.CFrame = CFrame.new(0.789922, 0.0687564, -0.331987, 0.75525, -0.117969, 0.644733, 0.214461, 0.974, -0.0730074, -0.619357, 0.193409, 0.760914)

[17]
    Time: 0.432432
    HumanoidRootPart.CFrame = CFrame.new(0, 0, 0, 1, 0, 0, 0, 1, 0, 0, 0, 1)
    Torso.CFrame = CFrame.new(-0.16813, -0.383278, -0.22178, 0.934534, -0.344094, -0.0908017, 0.317676, 0.921617, -0.222944, 0.160398, 0.179503, 0.970593)
    Head.CFrame = CFrame.new(-6.70552e-07, 1.63913e-07, 1.90735e-06, 0.778052, 0.429005, -0.458901, -0.624765, 0.604723, -0.493942, 0.0656044, 0.671018, 0.738533)
    Left Arm.CFrame = CFrame.new(-0.582253, -0.245998, 0.502144, -0.971149, 0.0969823, 0.217864, 0.053461, -0.801782, 0.595221, 0.232405, 0.589696, 0.773464)
    Right Arm.CFrame = CFrame.new(-0.795523, 0.253551, 0.29679, 0.457929, -0.574939, 0.678046, 0.382681, 0.815918, 0.433396, -0.802407, 0.0610111, 0.593651)
    Left Leg.CFrame = CFrame.new(0.253581, -0.39202, -0.363665, 0.54838, -0.290324, 0.784214, 0.710782, 0.655866, -0.254222, -0.440532, 0.696815, 0.566021)
    Right Leg.CFrame = CFrame.new(0.823703, 0.12382, -0.346847, 0.780161, -0.0894047, 0.619157, 0.168953, 0.983068, -0.0709346, -0.602332, 0.159949, 0.782057)

[18]
    Time: 0.459459
    HumanoidRootPart.CFrame = CFrame.new(0, 0, 0, 1, 0, 0, 0, 1, 0, 0, 0, 1)
    Torso.CFrame = CFrame.new(-0.1186, -0.369987, -0.225496, 0.92103, -0.379623, -0.0871149, 0.353093, 0.908216, -0.224656, 0.164404, 0.176155, 0.970536)
    Head.CFrame = CFrame.new(-6.4075e-07, 2.30968e-07, 2.5034e-06, 0.771936, 0.43359, -0.464881, -0.630743, 0.613549, -0.475101, 0.0792276, 0.659968, 0.747104)
    Left Arm.CFrame = CFrame.new(-0.653981, -0.207841, 0.452484, -0.989788, 0.00603268, 0.142422, 0.0869227, -0.766325, 0.636545, 0.112982, 0.642424, 0.757975)
    Right Arm.CFrame = CFrame.new(-0.854734, 0.216762, 0.304154, 0.419478, -0.644366, 0.639399, 0.470903, 0.756644, 0.453585, -0.776072, 0.110826, 0.620829)
    Left Leg.CFrame = CFrame.new(0.239565, -0.390388, -0.344119, 0.528245, -0.316449, 0.78792, 0.732194, 0.639643, -0.233987, -0.429942, 0.700512, 0.56959)
    Right Leg.CFrame = CFrame.new(0.823384, 0.155244, -0.330024, 0.807273, -0.0821973, 0.584426, 0.140973, 0.988445, -0.0557068, -0.573094, 0.127359, 0.809533)

[19]
    Time: 0.486486
    HumanoidRootPart.CFrame = CFrame.new(0, 0, 0, 1, 0, 0, 0, 1, 0, 0, 0, 1)
    Torso.CFrame = CFrame.new(-0.0844283, -0.363028, -0.215136, 0.907703, -0.410919, -0.0849741, 0.383891, 0.894986, -0.227219, 0.169419, 0.173626, 0.970129)
    Head.CFrame = CFrame.new(-7.30157e-07, 1.71363e-07, 1.90735e-06, 0.772054, 0.434533, -0.463804, -0.628704, 0.629043, -0.457205, 0.0930821, 0.644582, 0.758847)
    Left Arm.CFrame = CFrame.new(-0.714505, -0.190918, 0.382852, -0.996662, -0.0625488, 0.0524686, 0.0814607, -0.719172, 0.69004, -0.00542711, 0.692011, 0.721867)
    Right Arm.CFrame = CFrame.new(-0.903581, 0.166169, 0.305173, 0.37367, -0.711543, 0.595044, 0.539216, 0.688616, 0.484823, -0.75473, 0.139694, 0.64099)
    Left Leg.CFrame = CFrame.new(0.225214, -0.386475, -0.319205, 0.510914, -0.336026, 0.791235, 0.744924, 0.632427, -0.212428, -0.429017, 0.697942, 0.573429)
    Right Leg.CFrame = CFrame.new(0.807159, 0.162255, -0.301384, 0.828777, -0.0836699, 0.553289, 0.129263, 0.990642, -0.0438162, -0.544445, 0.107833, 0.831837)

[20]
    Time: 0.513514
    HumanoidRootPart.CFrame = CFrame.new(0, 0, 0, 1, 0, 0, 0, 1, 0, 0, 0, 1)
    Torso.CFrame = CFrame.new(-0.0408831, -0.369677, -0.205563, 0.894958, -0.43822, -0.0837449, 0.410294, 0.88213, -0.231312, 0.17524, 0.172654, 0.969269)
    Head.CFrame = CFrame.new(-6.25849e-07, 1.45286e-07, 2.5034e-06, 0.77663, 0.435667, -0.455016, -0.620761, 0.652228, -0.435034, 0.107244, 0.620317, 0.776985)
    Left Arm.CFrame = CFrame.new(-0.764199, -0.214798, 0.293416, -0.993078, -0.104695, -0.053249, 0.0305737, -0.668118, 0.743427, -0.11341, 0.736652, 0.666694)
    Right Arm.CFrame = CFrame.new(-0.935812, 0.11501, 0.300998, 0.332752, -0.763996, 0.552799, 0.583896, 0.627237, 0.515402, -0.740501, 0.151276, 0.654808)
    Left Leg.CFrame = CFrame.new(0.22261, -0.375146, -0.305026, 0.497768, -0.349671, 0.793699, 0.75028, 0.632687, -0.191801, -0.435095, 0.690968, 0.577282)
    Right Leg.CFrame = CFrame.new(0.808609, 0.169873, -0.281119, 0.847591, -0.0693503, 0.526099, 0.102648, 0.994125, -0.0343296, -0.520627, 0.0831006, 0.84973)

[21]
    Time: 0.540541
    HumanoidRootPart.CFrame = CFrame.new(0, 0, 0, 1, 0, 0, 0, 1, 0, 0, 0, 1)
    Torso.CFrame = CFrame.new(-0.00262786, -0.371574, -0.208417, 0.883145, -0.46174, -0.0827747, 0.432487, 0.869781, -0.237562, 0.181688, 0.174003, 0.967839)
    Head.CFrame = CFrame.new(-6.55651e-07, 1.78814e-07, 1.90735e-06, 0.783956, 0.440587, -0.437374, -0.608829, 0.683402, -0.402852, 0.121411, 0.582104, 0.803999)
    Left Arm.CFrame = CFrame.new(-0.791777, -0.290856, 0.194444, -0.975897, -0.114847, -0.185569, -0.0746837, -0.623229, 0.778466, -0.205056, 0.773561, 0.599629)
    Right Arm.CFrame = CFrame.new(-0.951258, 0.0792021, 0.288939, 0.314553, -0.794042, 0.520149, 0.604645, 0.590019, 0.535053, -0.731752, 0.146203, 0.665705)
    Left Leg.CFrame = CFrame.new(0.192551, -0.396072, -0.265829, 0.488682, -0.358389, 0.795454, 0.763144, 0.61747, -0.190634, -0.422848, 0.700206, 0.575249)
    Right Leg.CFrame = CFrame.new(0.815909, 0.189849, -0.262586, 0.862886, -0.0566394, 0.502215, 0.0794422, 0.996548, -0.024105, -0.499116, 0.060697, 0.864407)

[22]
    Time: 0.567568
    HumanoidRootPart.CFrame = CFrame.new(0, 0, 0, 1, 0, 0, 0, 1, 0, 0, 0, 1)
    Torso.CFrame = CFrame.new(0.0333031, -0.370186, -0.218056, 0.872571, -0.481658, -0.0814022, 0.450612, 0.857998, -0.246553, 0.188597, 0.178454, 0.965705)
    Head.CFrame = CFrame.new(-6.18398e-07, 1.45286e-07, 1.66893e-06, 0.792464, 0.452359, -0.409111, -0.594781, 0.721677, -0.354145, 0.135045, 0.523979, 0.840957)
    Left Arm.CFrame = CFrame.new(-0.776656, -0.422065, 0.102515, -0.932408, -0.0801096, -0.352417, -0.241301, -0.587945, 0.772072, -0.269052, 0.804925, 0.528874)
    Right Arm.CFrame = CFrame.new(-0.946674, 0.0620843, 0.270939, 0.327324, -0.798826, 0.504715, 0.606142, 0.587269, 0.536384, -0.724881, 0.130357, 0.676428)
    Left Leg.CFrame = CFrame.new(0.162057, -0.420462, -0.230352, 0.490225, -0.350977, 0.797807, 0.771103, 0.601336, -0.209272, -0.4063, 0.717781, 0.565429)
    Right Leg.CFrame = CFrame.new(0.810478, 0.217743, -0.238501, 0.874957, -0.0552581, 0.481038, 0.068968, 0.99756, -0.0108536, -0.479264, 0.0426729, 0.876633)

[23]
    Time: 0.594595
    HumanoidRootPart.CFrame = CFrame.new(0, 0, 0, 1, 0, 0, 0, 1, 0, 0, 0, 1)
    Torso.CFrame = CFrame.new(0.0726241, -0.367975, -0.238391, 0.86351, -0.498111, -0.0789689, 0.464775, 0.846753, -0.258831, 0.195794, 0.1868, 0.962689)
    Head.CFrame = CFrame.new(-6.63102e-07, 1.26194e-07, 2.02656e-06, 0.800695, 0.473053, -0.367572, -0.580591, 0.763984, -0.2815, 0.147654, 0.438804, 0.886368)
    Left Arm.CFrame = CFrame.new(-0.695167, -0.578667, 0.0451992, -0.84451, 0.0148355, -0.535334, -0.457402, -0.539897, 0.706608, -0.278542, 0.8416, 0.462734)
    Right Arm.CFrame = CFrame.new(-0.93417, 0.0194089, 0.254046, 0.320848, -0.816607, 0.479802, 0.614632, 0.564947, 0.550511, -0.720613, 0.118272, 0.683175)
    Left Leg.CFrame = CFrame.new(0.142997, -0.434744, -0.210679, 0.497525, -0.336153, 0.799669, 0.775086, 0.586204, -0.235811, -0.3895, 0.737134, 0.552198)
    Right Leg.CFrame = CFrame.new(0.830686, 0.274983, -0.227134, 0.885478, -0.0345776, 0.463392, 0.0423743, 0.999081, -0.00642181, -0.462744, 0.0253221, 0.88613)

[24]
    Time: 0.621622
    HumanoidRootPart.CFrame = CFrame.new(0, 0, 0, 1, 0, 0, 0, 1, 0, 0, 0, 1)
    Torso.CFrame = CFrame.new(0.108727, -0.381891, -0.2817, 0.856206, -0.511187, -0.0748304, 0.475048, 0.835917, -0.274905, 0.20308, 0.199827, 0.958555)
    Head.CFrame = CFrame.new(-6.55651e-07, 2.30968e-07, 1.54972e-06, 0.807176, 0.502958, -0.309031, -0.568421, 0.803468, -0.177022, 0.159262, 0.318548, 0.934432)
    Left Arm.CFrame = CFrame.new(-0.588003, -0.69563, 0.0135359, -0.749608, 0.145566, -0.645677, -0.62043, -0.494336, 0.60885, -0.230554, 0.856996, 0.460872)
    Right Arm.CFrame = CFrame.new(-0.912852, -0.0724008, 0.260279, 0.234568, -0.862469, 0.448471, 0.658016, 0.480454, 0.579809, -0.715537, 0.159096, 0.680217)
    Left Leg.CFrame = CFrame.new(0.127022, -0.434489, -0.193138, 0.49701, -0.336535, 0.799828, 0.78543, 0.566312, -0.249782, -0.368892, 0.752353, 0.545787)
    Right Leg.CFrame = CFrame.new(0.864527, 0.34703, -0.223833, 0.891414, -0.00586146, 0.453151, 0.0113487, 0.999892, -0.0093907, -0.453047, 0.0135135, 0.891384)

[25]
    Time: 0.648649
    HumanoidRootPart.CFrame = CFrame.new(0, 0, 0, 1, 0, 0, 0, 1, 0, 0, 0, 1)
    Torso.CFrame = CFrame.new(0.133313, -0.383631, -0.375114, 0.850877, -0.520898, -0.0683713, 0.481477, 0.825235, -0.295242, 0.210213, 0.218295, 0.952973)
    Head.CFrame = CFrame.new(-5.88596e-07, 1.15484e-07, 1.90735e-06, 0.815634, 0.538361, -0.211915, -0.556358, 0.830329, -0.0319366, 0.158765, 0.143949, 0.976766)
    Left Arm.CFrame = CFrame.new(-0.516376, -0.827923, -0.069566, -0.698707, 0.231982, -0.676752, -0.658288, -0.578868, 0.481216, -0.280116, 0.781727, 0.55717)
    Right Arm.CFrame = CFrame.new(-0.856144, -0.212564, 0.296289, 0.062334, -0.900198, 0.430998, 0.723046, 0.338405, 0.602234, -0.687982, 0.274092, 0.671979)
    Left Leg.CFrame = CFrame.new(0.0722341, -0.43717, -0.134157, 0.480559, -0.368525, 0.795772, 0.820012, 0.510503, -0.258781, -0.310877, 0.776901, 0.547522)
    Right Leg.CFrame = CFrame.new(0.883536, 0.440152, -0.219482, 0.894146, -0.0195998, 0.447346, 0.0200106, 0.999793, 0.00380761, -0.447328, 0.00554704, 0.894353)

[26]
    Time: 0.675676
    HumanoidRootPart.CFrame = CFrame.new(0, 0, 0, 1, 0, 0, 0, 1, 0, 0, 0, 1)
    Torso.CFrame = CFrame.new(0.164018, -0.387462, -0.507288, 0.847826, -0.527693, -0.0522628, 0.486406, 0.813151, -0.319679, 0.21119, 0.245611, 0.946084)
    Head.CFrame = CFrame.new(-5.51343e-07, 1.37836e-07, 2.14577e-06, 0.824791, 0.558671, -0.087214, -0.54625, 0.827108, 0.132303, 0.146049, -0.0614819, 0.987365)
    Left Arm.CFrame = CFrame.new(-0.389775, -0.94829, -0.175222, -0.635773, 0.352587, -0.686641, -0.687112, -0.663815, 0.295343, -0.351668, 0.65957, 0.664302)
    Right Arm.CFrame = CFrame.new(-0.725377, -0.408994, 0.346197, -0.178474, -0.888718, 0.422288, 0.772425, 0.139311, 0.619639, -0.609514, 0.436775, 0.661604)
    Left Leg.CFrame = CFrame.new(-0.00130901, -0.408657, -0.0562407, 0.448191, -0.4269, 0.785418, 0.859728, 0.446576, -0.247867, -0.244934, 0.786337, 0.567169)
    Right Leg.CFrame = CFrame.new(0.930434, 0.571581, -0.231018, 0.893958, -0.0232725, 0.447547, 0.0213046, 0.999729, 0.00943071, -0.447645, 0.00110416, 0.894211)

[27]
    Time: 0.702703
    HumanoidRootPart.CFrame = CFrame.new(0, 0, 0, 1, 0, 0, 0, 1, 0, 0, 0, 1)
    Torso.CFrame = CFrame.new(0.212779, -0.385016, -0.655011, 0.843047, -0.537255, -0.0250596, 0.496133, 0.794819, -0.34945, 0.207662, 0.28217, 0.93662)
    Head.CFrame = CFrame.new(-4.76837e-07, 1.86265e-07, 2.14577e-06, 0.825409, 0.563991, 0.0247828, -0.548619, 0.791013, 0.270767, 0.133107, -0.23709, 0.962326)
    Left Arm.CFrame = CFrame.new(-0.302181, -1.01567, -0.245748, -0.627872, 0.436624, -0.644311, -0.673673, -0.719462, 0.168934, -0.389797, 0.540124, 0.745872)
    Right Arm.CFrame = CFrame.new(-0.487109, -0.643533, 0.37321, -0.443419, -0.791081, 0.421392, 0.770146, -0.0957565, 0.630639, -0.458535, 0.60417, 0.651708)
    Left Leg.CFrame = CFrame.new(-0.098476, -0.316685, 0.036253, 0.413929, -0.497961, 0.762036, 0.888038, 0.404927, -0.217768, -0.200129, 0.766857, 0.609819)
    Right Leg.CFrame = CFrame.new(0.998961, 0.743961, -0.249864, 0.895941, -0.00318064, 0.444162, -0.00186377, 0.999939, 0.0109201, -0.444169, -0.0106116, 0.89588)

[28]
    Time: 0.729730
    HumanoidRootPart.CFrame = CFrame.new(0, 0, 0, 1, 0, 0, 0, 1, 0, 0, 0, 1)
    Torso.CFrame = CFrame.new(0.266655, -0.385251, -0.797704, 0.830203, -0.557435, 0.00553649, 0.515861, 0.764446, -0.386664, 0.211308, 0.323866, 0.922204)
    Head.CFrame = CFrame.new(-5.96046e-07, 2.23517e-07, 1.90735e-06, 0.812213, 0.575208, 0.0971914, -0.570109, 0.747357, 0.341222, 0.123637, -0.332555, 0.934944)
    Left Arm.CFrame = CFrame.new(-0.288807, -1.05345, -0.26851, -0.675205, 0.458675, -0.577682, -0.630153, -0.765759, 0.128527, -0.383413, 0.45081, 0.80608)
    Right Arm.CFrame = CFrame.new(-0.157239, -0.853186, 0.335983, -0.662493, -0.609251, 0.435795, 0.704944, -0.310368, 0.637751, -0.253294, 0.729716, 0.635104)
    Left Leg.CFrame = CFrame.new(-0.304555, -0.01098, 0.211358, 0.397313, -0.57994, 0.711205, 0.892306, 0.425141, -0.15181, -0.214321, 0.694928, 0.686397)
    Right Leg.CFrame = CFrame.new(1.04767, 0.919554, -0.253411, 0.903938, 0.0112092, 0.427517, -0.0217679, 0.999567, 0.0198179, -0.427109, -0.0272205, 0.90379)

[29]
    Time: 0.756757
    HumanoidRootPart.CFrame = CFrame.new(0, 0, 0, 1, 0, 0, 0, 1, 0, 0, 0, 1)
    Torso.CFrame = CFrame.new(0.314795, -0.394525, -0.914991, 0.795409, -0.604941, 0.0370149, 0.559566, 0.709541, -0.428296, 0.232831, 0.361383, 0.90288)
    Head.CFrame = CFrame.new(-5.36442e-07, 2.98023e-07, 1.90735e-06, 0.783088, 0.60921, 0.125049, -0.610799, 0.715547, 0.338994, 0.11704, -0.341842, 0.932441)
    Left Arm.CFrame = CFrame.new(-0.34253, -1.0701, -0.250562, -0.750621, 0.419842, -0.510196, -0.559775, -0.814309, 0.153466, -0.351026, 0.40079, 0.846255)
    Right Arm.CFrame = CFrame.new(0.250611, -1.00179, 0.217169, -0.84732, -0.346332, 0.402619, 0.530479, -0.515809, 0.672706, -0.0253055, 0.783578, 0.620777)
    Left Leg.CFrame = CFrame.new(-0.596788, 0.52134, 0.292596, 0.449523, -0.664627, 0.596825, 0.835439, 0.549304, -0.0175368, -0.316183, 0.506494, 0.80218)
    Right Leg.CFrame = CFrame.new(1.07589, 1.07338, -0.232125, 0.926345, 0.0311412, 0.375388, -0.0483189, 0.998167, 0.0364314, -0.373565, -0.0518864, 0.926152)

[30]
    Time: 0.783784
    HumanoidRootPart.CFrame = CFrame.new(0, 0, 0, 1, 0, 0, 0, 1, 0, 0, 0, 1)
    Torso.CFrame = CFrame.new(0.341974, -0.423459, -0.990609, 0.706095, -0.705406, 0.0619054, 0.641584, 0.600306, -0.477497, 0.299667, 0.376876, 0.87645)
    Head.CFrame = CFrame.new(-5.66244e-07, 2.38419e-07, 1.54972e-06, 0.711096, 0.694336, 0.110638, -0.694462, 0.669032, 0.264799, 0.109839, -0.265131, 0.957936)
    Left Arm.CFrame = CFrame.new(-0.506491, -1.04576, -0.221505, -0.834065, 0.258246, -0.487489, -0.414806, -0.876145, 0.245573, -0.363692, 0.407037, 0.837884)
    Right Arm.CFrame = CFrame.new(0.644389, -0.994868, 0.063892, -0.952891, -0.0790798, 0.292824, 0.276523, -0.623207, 0.731539, 0.12464, 0.778049, 0.615715)
    Left Leg.CFrame = CFrame.new(-0.892648, 0.932243, 0.131616, 0.6021, -0.698684, 0.386414, 0.711913, 0.688906, 0.136342, -0.361463, 0.193002, 0.912193)
    Right Leg.CFrame = CFrame.new(1.07405, 1.19095, -0.168492, 0.968143, 0.0740882, 0.239187, -0.0944844, 0.992701, 0.0749499, -0.231888, -0.0951612, 0.968077)

[31]
    Time: 0.810811
    HumanoidRootPart.CFrame = CFrame.new(0, 0, 0, 1, 0, 0, 0, 1, 0, 0, 0, 1)
    Torso.CFrame = CFrame.new(0.370181, -0.479473, -1.01606, 0.61309, -0.785161, 0.0874182, 0.693214, 0.481592, -0.536213, 0.378914, 0.389346, 0.839544)
    Head.CFrame = CFrame.new(-4.47035e-07, 1.49012e-07, 2.02656e-06, 0.632088, 0.774834, 0.00980655, -0.765273, 0.6222, 0.165002, 0.121747, -0.1118, 0.986245)
    Left Arm.CFrame = CFrame.new(-0.686798, -0.951989, -0.117729, -0.898852, 0.0841822, -0.430091, -0.279707, -0.865702, 0.415119, -0.337386, 0.49343, 0.801685)
    Right Arm.CFrame = CFrame.new(0.832405, -0.896893, 0.0240352, -0.981197, 0.0342258, 0.189952, 0.132634, -0.595408, 0.7924, 0.140219, 0.802694, 0.579673)
    Left Leg.CFrame = CFrame.new(-1.04781, 0.953962, -0.045215, 0.72086, -0.664268, 0.19776, 0.618491, 0.745306, 0.248974, -0.312778, -0.0571624, 0.948105)
    Right Leg.CFrame = CFrame.new(1.0315, 1.26916, -0.121107, 0.990557, 0.100054, 0.0937351, -0.11226, 0.984386, 0.135579, -0.0787065, -0.144822, 0.986323)

[32]
    Time: 0.837838
    HumanoidRootPart.CFrame = CFrame.new(0, 0, 0, 1, 0, 0, 0, 1, 0, 0, 0, 1)
    Torso.CFrame = CFrame.new(0.376928, -0.460191, -0.963124, 0.556019, -0.828612, 0.065153, 0.712739, 0.435, -0.550253, 0.427604, 0.352388, 0.832453)
    Head.CFrame = CFrame.new(-2.5332e-07, 1.49012e-07, 2.02656e-06, 0.573893, 0.813019, -0.0982238, -0.813051, 0.580006, 0.0504094, 0.0979542, 0.0509316, 0.993887)
    Left Arm.CFrame = CFrame.new(-0.652482, -0.954991, -0.0689061, -0.899014, 0.132961, -0.417247, -0.321469, -0.847379, 0.422619, -0.297375, 0.514073, 0.804548)
    Right Arm.CFrame = CFrame.new(0.848278, -0.861682, 0.0702609, -0.988309, 0.00868422, 0.152218, 0.121896, -0.554689, 0.82308, 0.0915816, 0.832012, 0.547145)
    Left Leg.CFrame = CFrame.new(-1.0989, 0.745823, -0.109069, 0.752828, -0.654088, 0.0736126, 0.606168, 0.732535, 0.309762, -0.256536, -0.188576, 0.94796)
    Right Leg.CFrame = CFrame.new(1.02313, 1.25138, -0.121113, 0.990188, 0.138682, 0.0171518, -0.139145, 0.967222, 0.212414, 0.0128683, -0.212717, 0.977029)

[33]
    Time: 0.864865
    HumanoidRootPart.CFrame = CFrame.new(0, 0, 0, 1, 0, 0, 0, 1, 0, 0, 0, 1)
    Torso.CFrame = CFrame.new(0.376189, -0.392419, -0.886847, 0.514334, -0.857193, 0.0260824, 0.715991, 0.412472, -0.563227, 0.472036, 0.308362, 0.82589)
    Head.CFrame = CFrame.new(-5.66244e-07, 7.45058e-08, 1.78814e-06, 0.531432, 0.828537, -0.176371, -0.845148, 0.532717, -0.0440173, 0.0574859, 0.172452, 0.983339)
    Left Arm.CFrame = CFrame.new(-0.586598, -0.925815, 0.0841296, -0.897547, 0.24637, -0.365666, -0.413276, -0.759099, 0.502962, -0.153662, 0.602553, 0.783146)
    Right Arm.CFrame = CFrame.new(0.782809, -0.822917, 0.16835, -0.990437, -0.0853743, 0.10838, 0.137075, -0.519696, 0.843283, -0.0156702, 0.850075, 0.526429)
    Left Leg.CFrame = CFrame.new(-1.06149, 0.492818, -0.115589, 0.77032, -0.637517, -0.0133577, 0.609592, 0.730108, 0.308773, -0.187095, -0.245996, 0.951042)
    Right Leg.CFrame = CFrame.new(1.01125, 1.22778, -0.176076, 0.987719, 0.156226, -0.0022907, -0.146953, 0.933871, 0.326021, 0.0530724, -0.321681, 0.94536)

[34]
    Time: 0.891892
    HumanoidRootPart.CFrame = CFrame.new(0, 0, 0, 1, 0, 0, 0, 1, 0, 0, 0, 1)
    Torso.CFrame = CFrame.new(0.377012, -0.285488, -0.794735, 0.483856, -0.87484, -0.023214, 0.709845, 0.407839, -0.574272, 0.511863, 0.261386, 0.818335)
    Head.CFrame = CFrame.new(-5.21541e-07, 1.49012e-07, 1.78814e-06, 0.500327, 0.835501, -0.227181, -0.865807, 0.484931, -0.123369, 0.00709185, 0.25842, 0.966007)
    Left Arm.CFrame = CFrame.new(-0.529139, -0.795734, 0.311222, -0.881793, 0.376587, -0.283943, -0.463054, -0.576937, 0.672848, 0.0895682, 0.724794, 0.683119)
    Right Arm.CFrame = CFrame.new(0.630107, -0.76945, 0.293806, -0.967453, -0.246421, 0.0575365, 0.175132, -0.487903, 0.855149, -0.182655, 0.837393, 0.51518)
    Left Leg.CFrame = CFrame.new(-0.950122, 0.26283, -0.0994345, 0.791817, -0.606597, -0.0711794, 0.601609, 0.754543, 0.262167, -0.105322, -0.250411, 0.962394)
    Right Leg.CFrame = CFrame.new(0.991675, 1.2003, -0.267936, 0.98647, 0.163937, 0.00154283, -0.145717, 0.872444, 0.466485, 0.0751281, -0.460398, 0.884528)

[35]
    Time: 0.918919
    HumanoidRootPart.CFrame = CFrame.new(0, 0, 0, 1, 0, 0, 0, 1, 0, 0, 0, 1)
    Torso.CFrame = CFrame.new(0.389338, -0.148271, -0.694509, 0.459841, -0.884759, -0.0758169, 0.699724, 0.413589, -0.582521, 0.546748, 0.214816, 0.809272)
    Head.CFrame = CFrame.new(-5.21541e-07, 2.45869e-07, 2.02656e-06, 0.475568, 0.841368, -0.256777, -0.878462, 0.438876, -0.188925, -0.0462624, 0.315415, 0.947826)
    Left Arm.CFrame = CFrame.new(-0.473183, -0.542383, 0.530622, -0.839997, 0.503423, -0.202415, -0.395744, -0.313215, 0.863298, 0.371204, 0.805271, 0.462327)
    Right Arm.CFrame = CFrame.new(0.396464, -0.697787, 0.402741, -0.885875, -0.463876, -0.00662755, 0.230317, -0.452152, 0.861692, -0.402715, 0.761825, 0.507389)
    Left Leg.CFrame = CFrame.new(-0.775818, 0.100349, -0.078044, 0.832604, -0.543862, -0.104812, 0.553667, 0.812162, 0.18397, -0.0149303, -0.211205, 0.977328)
    Right Leg.CFrame = CFrame.new(0.96252, 1.15873, -0.377964, 0.985419, 0.170145, -2.42144e-07, -0.133429, 0.77277, 0.620502, 0.105575, -0.611455, 0.784205)

[36]
    Time: 0.945946
    HumanoidRootPart.CFrame = CFrame.new(0, 0, 0, 1, 0, 0, 0, 1, 0, 0, 0, 1)
    Torso.CFrame = CFrame.new(0.424237, 0.0102132, -0.595157, 0.437731, -0.890412, -0.124732, 0.690283, 0.421708, -0.587938, 0.576108, 0.171259, 0.799231)
    Head.CFrame = CFrame.new(-4.61936e-07, 1.60187e-07, 1.66893e-06, 0.452305, 0.849331, -0.272135, -0.886727, 0.395553, -0.239277, -0.0955816, 0.349536, 0.932035)
    Left Arm.CFrame = CFrame.new(-0.375707, -0.256799, 0.661614, -0.759018, 0.635146, -0.143115, -0.240838, -0.06968, 0.968061, 0.604887, 0.769243, 0.205856)
    Right Arm.CFrame = CFrame.new(0.124968, -0.609588, 0.446409, -0.710387, -0.698135, -0.0891994, 0.293839, -0.409357, 0.863763, -0.639538, 0.587396, 0.495941)
    Left Leg.CFrame = CFrame.new(-0.553919, 0.0121075, -0.0533045, 0.895984, -0.428348, -0.117181, 0.439026, 0.894102, 0.0885317, 0.0668494, -0.130768, 0.989157)
    Right Leg.CFrame = CFrame.new(0.923906, 1.08838, -0.459804, 0.982816, 0.182385, -0.0284207, -0.0972777, 0.642625, 0.75998, 0.156873, -0.744156, 0.649325)

[37]
    Time: 0.972973
    HumanoidRootPart.CFrame = CFrame.new(0, 0, 0, 1, 0, 0, 0, 1, 0, 0, 0, 1)
    Torso.CFrame = CFrame.new(0.489962, 0.177841, -0.509892, 0.413338, -0.895844, -0.16314, 0.685737, 0.424115, -0.591516, 0.599097, 0.132625, 0.789616)
    Head.CFrame = CFrame.new(-4.76837e-07, 1.63913e-07, 1.54972e-06, 0.426031, 0.860224, -0.2802, -0.894722, 0.354722, -0.271375, -0.13405, 0.366316, 0.920784)
    Left Arm.CFrame = CFrame.new(-0.216672, -0.024707, 0.677222, -0.595925, 0.793321, -0.124559, -0.0863635, 0.0908957, 0.992109, 0.798383, 0.601979, 0.0143471)
    Right Arm.CFrame = CFrame.new(-0.104219, -0.516311, 0.408754, -0.433673, -0.880355, -0.192099, 0.358487, -0.36416, 0.859578, -0.826689, 0.303911, 0.473522)
    Left Leg.CFrame = CFrame.new(-0.24139, -0.0170853, -0.0168562, 0.972575, -0.204893, -0.110079, 0.204705, 0.978736, -0.0131289, 0.110428, -0.00976529, 0.993836)
    Right Leg.CFrame = CFrame.new(0.831293, 1.04929, -0.44882, 0.96669, 0.202605, -0.1564, 0.025918, 0.530429, 0.847333, 0.254633, -0.823162, 0.50751)

[38]
    Time: 1.000000
    HumanoidRootPart.CFrame = CFrame.new(0, 0, 0, 1, 0, 0, 0, 1, 0, 0, 0, 1)
    Torso.CFrame = CFrame.new(0.569778, 0.325128, -0.455072, 0.382558, -0.90533, -0.184464, 0.689817, 0.412691, -0.594844, 0.614656, 0.100316, 0.78239)
    Head.CFrame = CFrame.new(-3.42727e-07, 1.56462e-07, 1.90735e-06, 0.392293, 0.873718, -0.287616, -0.906676, 0.31458, -0.28103, -0.155062, 0.371021, 0.915587)
    Left Arm.CFrame = CFrame.new(-0.0743733, 0.134192, 0.589184, -0.34582, 0.926101, -0.150813, 0.0431631, 0.176261, 0.983397, 0.937308, 0.333569, -0.100928)
    Right Arm.CFrame = CFrame.new(-0.230422, -0.423131, 0.324629, -0.0878799, -0.94632, -0.311054, 0.425939, -0.317974, 0.847035, -0.900474, -0.0580527, 0.431019)
    Left Leg.CFrame = CFrame.new(-0.210888, -0.0951467, -0.017036, 0.991624, -0.103705, -0.0769839, 0.0937571, 0.987946, -0.123178, 0.0888303, 0.114929, 0.989394)
    Right Leg.CFrame = CFrame.new(0.641561, 1.07247, -0.383866, 0.894713, 0.214468, -0.39178, 0.253111, 0.479254, 0.840387, 0.367999, -0.851069, 0.374511)

[39]
