[1]
    Time: 0.000000
    HumanoidRootPart.CFrame = CFrame.new(0, 0, 0, 1, 0, 0, 0, 1, 0, 0, 0, 1)
    Torso.CFrame = CFrame.new(-0.249959, 0.155434, -0.0876412, 0.904853, -0.415748, -0.091619, 0.423252, 0.901677, 0.0885269, 0.0458058, -0.118882, 0.991851)
    Left Leg.CFrame = CFrame.new(-0.311146, -0.107161, 0.110807, 0.817631, -0.497774, 0.289311, 0.53465, 0.842886, -0.0607625, -0.213611, 0.204362, 0.955305)
    Right Arm.CFrame = CFrame.new(-0.767594, -0.0961165, 0.110869, 0.728184, -0.351965, 0.588107, 0.443205, 0.896336, -0.0123379, -0.522798, 0.269636, 0.808689)
    Head.CFrame = CFrame.new(1.08033e-07, 4.47035e-08, 1.19209e-07, 0.945602, 0.318061, -0.0683722, -0.325295, 0.927365, -0.184873, 0.00460495, 0.197057, 0.980381)
    Left Arm.CFrame = CFrame.new(0.810357, -0.137889, 0.110983, 0.763991, 0.37747, -0.523291, -0.436251, 0.899743, 0.0121045, 0.475397, 0.219039, 0.852068)
    Right Leg.CFrame = CFrame.new(0.358464, 0.34958, -0.0326482, 0.899244, -0.427502, 0.0927456, 0.429007, 0.903292, 0.0040628, -0.0855132, 0.036135, 0.995682)

[2]
    Time: 0.083333
    HumanoidRootPart.CFrame = CFrame.new(0, 0, 0, 1, 0, 0, 0, 1, 0, 0, 0, 1)
    Torso.CFrame = CFrame.new(-0.398879, 0.240442, -0.305565, 0.898734, -0.387244, -0.205716, 0.422093, 0.891116, 0.166585, 0.118808, -0.236547, 0.964329)
    Left Leg.CFrame = CFrame.new(-0.18795, -0.230387, 0.0825599, 0.579373, -0.756756, 0.302734, 0.795409, 0.606028, -0.00734388, -0.177908, 0.245052, 0.953047)
    Right Arm.CFrame = CFrame.new(-0.861684, -0.16877, 0.102117, 0.705126, -0.471311, 0.529777, 0.551576, 0.834087, 0.00789671, -0.445602, 0.286644, 0.8481)
    Head.CFrame = CFrame.new(8.9407e-08, 7.45058e-08, 1.19209e-07, 0.956102, 0.29177, 0.0271679, -0.270778, 0.915127, -0.298699, -0.112014, 0.278231, 0.95396)
    Left Arm.CFrame = CFrame.new(1.19198, -0.239244, 0.117608, 0.574934, 0.578518, -0.578591, -0.629069, 0.764724, 0.139533, 0.523185, 0.283752, 0.803593)
    Right Leg.CFrame = CFrame.new(0.265722, 0.134179, -0.0027715, 0.986106, -0.165994, -0.00641395, 0.166118, 0.985455, 0.0358113, 0.000376336, -0.0363792, 0.999338)

[3]
    Time: 0.166667
    HumanoidRootPart.CFrame = CFrame.new(0, 0, 0, 1, 0, 0, 0, 1, 0, 0, 0, 1)
    Torso.CFrame = CFrame.new(-0.203088, 0.160021, -0.231016, 0.965897, -0.232248, -0.114469, 0.243667, 0.964845, 0.0984933, 0.0875696, -0.123027, 0.988532)
    Left Leg.CFrame = CFrame.new(-0.576426, -0.202658, 0.298597, 0.444592, -0.804443, 0.393966, 0.868075, 0.495405, 0.0319457, -0.220871, 0.327789, 0.91857)
    Right Arm.CFrame = CFrame.new(-0.924057, -0.22526, 0.0408524, 0.712817, -0.583521, 0.389095, 0.638923, 0.76908, -0.0171186, -0.289256, 0.260804, 0.921039)
    Head.CFrame = CFrame.new(7.45058e-08, 0, 2.38419e-07, 0.981617, 0.188725, -0.0284641, -0.190804, 0.966734, -0.170353, -0.00463262, 0.172652, 0.984972)
    Left Arm.CFrame = CFrame.new(1.06926, -0.18806, -0.0136366, 0.708692, 0.563781, -0.424155, -0.603005, 0.796126, 0.0506804, 0.366254, 0.219851, 0.90417)
    Right Leg.CFrame = CFrame.new(0.594407, 0.138846, -0.00689942, 0.96829, 0.248809, 0.022554, -0.247712, 0.967892, -0.0427168, -0.0324582, 0.0357753, 0.998833)

[4]
    Time: 0.250000
    HumanoidRootPart.CFrame = CFrame.new(0, 0, 0, 1, 0, 0, 0, 1, 0, 0, 0, 1)
    Torso.CFrame = CFrame.new(-0.038776, 0.136787, 0.0256498, 0.995194, -0.083899, -0.0504889, 0.0887003, 0.990834, 0.101887, 0.041478, -0.105875, 0.993514)
    Left Leg.CFrame = CFrame.new(-0.82734, -0.13116, -0.072535, 0.665568, -0.74209, -0.079509, 0.738904, 0.670187, -0.0697829, 0.105071, -0.0123043, 0.994389)
    Right Arm.CFrame = CFrame.new(-0.859037, -0.110173, -0.144881, 0.834029, -0.49087, 0.251877, 0.51667, 0.855027, -0.0445112, -0.193512, 0.167261, 0.966735)
    Head.CFrame = CFrame.new(1.00583e-07, 3.72529e-08, 4.76837e-07, 0.996883, 0.0567424, -0.0548148, -0.0640283, 0.987808, -0.141899, 0.0460948, 0.144966, 0.988362)
    Left Arm.CFrame = CFrame.new(0.859037, -0.110173, -0.144881, 0.834029, 0.49087, -0.251877, -0.51667, 0.855027, -0.0445112, 0.193512, 0.167261, 0.966735)
    Right Leg.CFrame = CFrame.new(-0.0538875, -0.0184426, -0.00323486, 0.973717, 0.195772, -0.116396, -0.201024, 0.978957, -0.0351185, 0.107071, 0.0575937, 0.992582)

[5]
    Time: 0.416667
    HumanoidRootPart.CFrame = CFrame.new(0, 0, 0, 1, 0, 0, 0, 1, 0, 0, 0, 1)
    Torso.CFrame = CFrame.new(0.133433, 0.0742794, -0.0111411, 0.969768, 0.239545, 0.0465705, -0.243142, 0.964746, 0.100732, -0.0207989, -0.10901, 0.993823)
    Left Leg.CFrame = CFrame.new(-0.968614, 0.203978, -0.168341, 0.774608, -0.612482, -0.157632, 0.629951, 0.769307, 0.106439, 0.0560754, -0.181749, 0.981745)
    Right Arm.CFrame = CFrame.new(-0.746324, -0.103385, -0.0181085, 0.850322, -0.366872, 0.377303, 0.409685, 0.911475, -0.0370251, -0.330319, 0.186059, 0.92535)
    Head.CFrame = CFrame.new(7.07805e-08, 8.19564e-08, -2.98023e-07, 0.968292, -0.249469, -0.0132812, 0.244636, 0.957626, -0.152007, 0.0506396, 0.143938, 0.98829)
    Left Arm.CFrame = CFrame.new(0.725305, -0.0745668, -0.0086208, 0.812725, 0.349557, -0.466141, -0.41389, 0.909464, -0.0396216, 0.410089, 0.225133, 0.883823)
    Right Leg.CFrame = CFrame.new(-0.130727, 0.0103365, -0.0174826, 0.924562, 0.269237, -0.269622, -0.273308, 0.96165, 0.023075, 0.265495, 0.0523556, 0.96269)

[6]
    Time: 0.583333
    HumanoidRootPart.CFrame = CFrame.new(0, 0, 0, 1, 0, 0, 0, 1, 0, 0, 0, 1)
    Torso.CFrame = CFrame.new(0.249959, 0.155434, -0.0876412, 0.904853, 0.415748, 0.0916188, -0.423252, 0.901677, 0.0885269, -0.0458056, -0.118882, 0.991851)
    Left Leg.CFrame = CFrame.new(-0.358464, 0.34958, -0.0326477, 0.899141, 0.427719, -0.092745, -0.429225, 0.903189, 0.00406226, 0.0855036, 0.0361559, 0.995682)
    Right Arm.CFrame = CFrame.new(-0.810357, -0.137889, 0.110983, 0.763991, -0.37747, 0.523291, 0.436251, 0.899744, 0.0121046, -0.475397, 0.219039, 0.852068)
    Head.CFrame = CFrame.new(5.96046e-08, 3.72529e-08, 1.19209e-07, 0.945602, -0.318062, 0.0683724, 0.325295, 0.927365, -0.184873, -0.00460507, 0.197058, 0.980381)
    Left Arm.CFrame = CFrame.new(0.767594, -0.0961167, 0.110869, 0.728184, 0.351965, -0.588107, -0.443205, 0.896336, -0.012338, 0.522798, 0.269636, 0.808689)
    Right Leg.CFrame = CFrame.new(0.311147, -0.107161, 0.110807, 0.817511, 0.497972, -0.289311, -0.534853, 0.842757, -0.0607625, 0.213561, 0.204413, 0.955305)

[7]
    Time: 0.666667
    HumanoidRootPart.CFrame = CFrame.new(0, 0, 0, 1, 0, 0, 0, 1, 0, 0, 0, 1)
    Torso.CFrame = CFrame.new(0.398879, 0.240442, -0.305565, 0.898734, 0.387244, 0.205716, -0.422093, 0.891116, 0.166585, -0.118808, -0.236547, 0.964329)
    Left Leg.CFrame = CFrame.new(-0.265766, 0.134202, -0.00277209, 0.986071, 0.166203, 0.00641484, -0.166326, 0.98542, 0.0358111, -0.000369486, -0.0363793, 0.999338)
    Right Arm.CFrame = CFrame.new(-1.19198, -0.239243, 0.117608, 0.574934, -0.578518, 0.578592, 0.629069, 0.764724, 0.139533, -0.523185, 0.283752, 0.803593)
    Head.CFrame = CFrame.new(4.47035e-08, 5.96046e-08, 0, 0.956103, -0.29177, -0.0271678, 0.270779, 0.915127, -0.298699, 0.112014, 0.278231, 0.95396)
    Left Arm.CFrame = CFrame.new(0.861684, -0.16877, 0.102117, 0.705126, 0.471311, -0.529777, -0.551576, 0.834087, 0.0078966, 0.445602, 0.286644, 0.8481)
    Right Leg.CFrame = CFrame.new(0.18795, -0.230387, 0.0825597, 0.579191, 0.756895, -0.302734, -0.795555, 0.605837, -0.00734418, 0.177849, 0.245095, 0.953047)

[8]
    Time: 0.750000
    HumanoidRootPart.CFrame = CFrame.new(0, 0, 0, 1, 0, 0, 0, 1, 0, 0, 0, 1)
    Torso.CFrame = CFrame.new(0.203088, 0.160021, -0.231016, 0.965898, 0.232248, 0.114468, -0.243667, 0.964845, 0.0984934, -0.0875694, -0.123027, 0.988532)
    Left Leg.CFrame = CFrame.new(-0.594407, 0.138846, -0.00689918, 0.96835, -0.248575, -0.0225533, 0.247478, 0.967951, -0.042717, 0.0324489, 0.0357835, 0.998833)
    Right Arm.CFrame = CFrame.new(-1.06926, -0.18806, -0.0136366, 0.708692, -0.563781, 0.424155, 0.603005, 0.796126, 0.0506806, -0.366254, 0.21985, 0.90417)
    Head.CFrame = CFrame.new(9.68575e-08, 1.49012e-08, 4.76837e-07, 0.981617, -0.188725, 0.0284643, 0.190804, 0.966734, -0.170353, 0.00463247, 0.172652, 0.984972)
    Left Arm.CFrame = CFrame.new(0.924057, -0.22526, 0.0408525, 0.712817, 0.583521, -0.389095, -0.638923, 0.76908, -0.0171188, 0.289256, 0.260804, 0.921039)
    Right Leg.CFrame = CFrame.new(0.576425, -0.202659, 0.298596, 0.444398, 0.804551, -0.393965, -0.868194, 0.495195, 0.0319456, 0.220792, 0.327842, 0.91857)

[9]
    Time: 0.833333
    HumanoidRootPart.CFrame = CFrame.new(0, 0, 0, 1, 0, 0, 0, 1, 0, 0, 0, 1)
    Torso.CFrame = CFrame.new(0.038776, 0.136787, 0.0256498, 0.995194, 0.083899, 0.0504888, -0.0887003, 0.990834, 0.101887, -0.0414778, -0.105875, 0.993514)
    Left Leg.CFrame = CFrame.new(0.0538355, -0.0184531, -0.00322932, 0.973758, -0.195568, 0.116396, 0.200818, 0.978999, -0.0351185, -0.107084, 0.0575714, 0.992582)
    Right Arm.CFrame = CFrame.new(-0.859037, -0.110172, -0.144882, 0.834029, -0.49087, 0.251877, 0.51667, 0.855027, -0.0445111, -0.193512, 0.167261, 0.966735)
    Head.CFrame = CFrame.new(5.21541e-08, 2.23517e-08, 7.15256e-07, 0.996883, -0.0567425, 0.0548149, 0.0640284, 0.987808, -0.141899, -0.046095, 0.144966, 0.988362)
    Left Arm.CFrame = CFrame.new(0.859037, -0.110173, -0.144881, 0.834029, 0.49087, -0.251877, -0.51667, 0.855027, -0.0445113, 0.193512, 0.167261, 0.966735)
    Right Leg.CFrame = CFrame.new(0.82734, -0.131159, -0.0725353, 0.665389, 0.742251, 0.0795096, -0.739066, 0.670009, -0.069783, -0.105069, -0.01233, 0.994389)

[10]
    Time: 1.000000
    HumanoidRootPart.CFrame = CFrame.new(0, 0, 0, 1, 0, 0, 0, 1, 0, 0, 0, 1)
    Torso.CFrame = CFrame.new(-0.133433, 0.0742794, -0.0111411, 0.969768, -0.239545, -0.0465707, 0.243142, 0.964746, 0.100732, 0.020799, -0.10901, 0.993823)
    Left Leg.CFrame = CFrame.new(0.130679, 0.0103223, -0.0174688, 0.924619, -0.269042, 0.269623, 0.273105, 0.961707, 0.023075, -0.265506, 0.0522999, 0.962689)
    Right Arm.CFrame = CFrame.new(-0.725305, -0.0745666, -0.00862098, 0.812725, -0.349557, 0.466141, 0.41389, 0.909464, -0.0396214, -0.410089, 0.225132, 0.883823)
    Head.CFrame = CFrame.new(8.56817e-08, 8.19564e-08, -2.38419e-07, 0.968292, 0.249469, 0.0132814, -0.244636, 0.957626, -0.152007, -0.0506397, 0.143938, 0.98829)
    Left Arm.CFrame = CFrame.new(0.746324, -0.103385, -0.0181085, 0.850322, 0.366872, -0.377303, -0.409685, 0.911475, -0.0370253, 0.330319, 0.186059, 0.92535)
    Right Leg.CFrame = CFrame.new(0.968612, 0.203974, -0.168341, 0.77446, 0.61267, 0.157633, -0.630137, 0.769154, 0.106439, -0.0560319, -0.181763, 0.981745)

[11]
    Time: 1.166667
    HumanoidRootPart.CFrame = CFrame.new(0, 0, 0, 1, 0, 0, 0, 1, 0, 0, 0, 1)
    Torso.CFrame = CFrame.new(-0.249959, 0.155434, -0.0876412, 0.904853, -0.415748, -0.091619, 0.423252, 0.901677, 0.0885269, 0.0458058, -0.118882, 0.991851)
    Left Leg.CFrame = CFrame.new(-0.311146, -0.107161, 0.110807, 0.817631, -0.497774, 0.289311, 0.53465, 0.842886, -0.0607625, -0.213611, 0.204362, 0.955305)
    Right Arm.CFrame = CFrame.new(-0.767594, -0.0961165, 0.110869, 0.728184, -0.351965, 0.588107, 0.443205, 0.896336, -0.0123379, -0.522798, 0.269636, 0.808689)
    Head.CFrame = CFrame.new(1.08033e-07, 4.47035e-08, 1.19209e-07, 0.945602, 0.318061, -0.0683722, -0.325295, 0.927365, -0.184873, 0.00460495, 0.197057, 0.980381)
    Left Arm.CFrame = CFrame.new(0.810357, -0.137889, 0.110983, 0.763991, 0.37747, -0.523291, -0.436251, 0.899743, 0.0121045, 0.475397, 0.219039, 0.852068)
    Right Leg.CFrame = CFrame.new(0.358464, 0.34958, -0.0326482, 0.899244, -0.427502, 0.0927456, 0.429007, 0.903292, 0.0040628, -0.0855132, 0.036135, 0.995682)
