[1]
    Time: 0.000000
    HumanoidRootPart.CFrame = CFrame.new(0, 0, 0, 1, 0, 0, 0, 1, 0, 0, 0, 1)
    Torso.CFrame = CFrame.new(0.0132362, 0.361909, -0.251459, 0.999825, 0.0132342, 0.0132361, 0.0152238, -0.98639, -0.163718, 0.0108893, 0.163891, -0.986418)
    Left Leg.CFrame = CFrame.new(-0.0425945, 0.147894, 0.201994, 0.910265, -0.129889, 0.393125, 0.0722096, 0.984768, 0.15817, -0.407682, -0.11559, 0.905778)
    Right Arm.CFrame = CFrame.new(0.137475, 0.705418, -0.0464204, -0.733426, -0.134679, 0.666294, 0.059218, -0.989109, -0.134746, 0.677185, -0.0593697, 0.733414)
    Head.CFrame = CFrame.new(8.77772e-08, -7.24685e-09, -2.38419e-07, 0.993925, -0.109967, -0.00456355, 0.0980416, 0.86577, 0.490744, -0.0500148, -0.48821, 0.871292)
    Right Leg.CFrame = CFrame.new(0.294074, 0.226838, 0.221658, 0.935254, 0.282462, -0.213343, -0.243627, 0.950888, 0.190939, 0.256798, -0.1266, 0.958137)
    Left Arm.CFrame = CFrame.new(-0.174698, 0.699676, -0.0686447, -0.799911, 0.144817, -0.582384, -0.0773785, -0.987235, -0.139209, -0.59511, -0.0662906, 0.800906)

[2]
    Time: 0.016667
    HumanoidRootPart.CFrame = CFrame.new(0, 0, 0, 1, 0, 0, 0, 1, 0, 0, 0, 1)
    Torso.CFrame = CFrame.new(0.0132362, 0.361909, -0.251459, 0.999825, 0.0132342, 0.0132361, 0.0152238, -0.98639, -0.163718, 0.0108893, 0.163891, -0.986418)
    Left Leg.CFrame = CFrame.new(-0.0425945, 0.147894, 0.201994, 0.910265, -0.129889, 0.393125, 0.0722096, 0.984768, 0.15817, -0.407682, -0.11559, 0.905778)
    Right Arm.CFrame = CFrame.new(0.137475, 0.705418, -0.0464204, -0.733426, -0.134679, 0.666294, 0.059218, -0.989109, -0.134746, 0.677185, -0.0593697, 0.733414)
    Head.CFrame = CFrame.new(8.77772e-08, -7.24685e-09, -2.38419e-07, 0.993925, -0.109967, -0.00456355, 0.0980416, 0.86577, 0.490744, -0.0500148, -0.48821, 0.871292)
    Right Leg.CFrame = CFrame.new(0.294074, 0.226838, 0.221658, 0.935254, 0.282462, -0.213343, -0.243627, 0.950888, 0.190939, 0.256798, -0.1266, 0.958137)
    Left Arm.CFrame = CFrame.new(-0.174698, 0.699676, -0.0686447, -0.799911, 0.144817, -0.582384, -0.0773785, -0.987235, -0.139209, -0.59511, -0.0662906, 0.800906)

[3]
    Time: 0.033333
    HumanoidRootPart.CFrame = CFrame.new(0, 0, 0, 1, 0, 0, 0, 1, 0, 0, 0, 1)
    Torso.CFrame = CFrame.new(0.0132362, 0.361909, -0.251459, 0.999825, 0.0132342, 0.0132361, 0.0152238, -0.98639, -0.163718, 0.0108893, 0.163891, -0.986418)
    Left Leg.CFrame = CFrame.new(-0.0425945, 0.147894, 0.201994, 0.910265, -0.129889, 0.393125, 0.0722096, 0.984768, 0.15817, -0.407682, -0.11559, 0.905778)
    Right Arm.CFrame = CFrame.new(0.137475, 0.705418, -0.0464204, -0.733426, -0.134679, 0.666294, 0.059218, -0.989109, -0.134746, 0.677185, -0.0593697, 0.733414)
    Head.CFrame = CFrame.new(8.77772e-08, -7.24685e-09, -2.38419e-07, 0.993925, -0.109967, -0.00456355, 0.0980416, 0.86577, 0.490744, -0.0500148, -0.48821, 0.871292)
    Right Leg.CFrame = CFrame.new(0.294074, 0.226838, 0.221658, 0.935254, 0.282462, -0.213343, -0.243627, 0.950888, 0.190939, 0.256798, -0.1266, 0.958137)
    Left Arm.CFrame = CFrame.new(-0.174698, 0.699676, -0.0686447, -0.799911, 0.144817, -0.582384, -0.0773785, -0.987235, -0.139209, -0.59511, -0.0662906, 0.800906)

[4]
    Time: 0.050000
    HumanoidRootPart.CFrame = CFrame.new(0, 0, 0, 1, 0, 0, 0, 1, 0, 0, 0, 1)
    Torso.CFrame = CFrame.new(0.0132362, 0.361909, -0.251459, 0.999825, 0.0132342, 0.0132361, 0.0152238, -0.98639, -0.163718, 0.0108893, 0.163891, -0.986418)
    Left Leg.CFrame = CFrame.new(-0.0425945, 0.147894, 0.201994, 0.910265, -0.129889, 0.393125, 0.0722096, 0.984768, 0.15817, -0.407682, -0.11559, 0.905778)
    Right Arm.CFrame = CFrame.new(0.137475, 0.705418, -0.0464204, -0.733426, -0.134679, 0.666294, 0.059218, -0.989109, -0.134746, 0.677185, -0.0593697, 0.733414)
    Head.CFrame = CFrame.new(8.77772e-08, -7.24685e-09, -2.38419e-07, 0.993925, -0.109967, -0.00456355, 0.0980416, 0.86577, 0.490744, -0.0500148, -0.48821, 0.871292)
    Right Leg.CFrame = CFrame.new(0.294074, 0.226838, 0.221658, 0.935254, 0.282462, -0.213343, -0.243627, 0.950888, 0.190939, 0.256798, -0.1266, 0.958137)
    Left Arm.CFrame = CFrame.new(-0.174698, 0.699676, -0.0686447, -0.799911, 0.144817, -0.582384, -0.0773785, -0.987235, -0.139209, -0.59511, -0.0662906, 0.800906)

[5]
    Time: 0.066667
    HumanoidRootPart.CFrame = CFrame.new(0, 0, 0, 1, 0, 0, 0, 1, 0, 0, 0, 1)
    Torso.CFrame = CFrame.new(0.0132362, 0.361909, -0.251459, 0.999825, 0.0132342, 0.0132361, 0.0152238, -0.98639, -0.163718, 0.0108893, 0.163891, -0.986418)
    Left Leg.CFrame = CFrame.new(-0.0425945, 0.147894, 0.201994, 0.910265, -0.129889, 0.393125, 0.0722096, 0.984768, 0.15817, -0.407682, -0.11559, 0.905778)
    Right Arm.CFrame = CFrame.new(0.137475, 0.705418, -0.0464204, -0.733426, -0.134679, 0.666294, 0.059218, -0.989109, -0.134746, 0.677185, -0.0593697, 0.733414)
    Head.CFrame = CFrame.new(8.77772e-08, -7.24685e-09, -2.38419e-07, 0.993925, -0.109967, -0.00456355, 0.0980416, 0.86577, 0.490744, -0.0500148, -0.48821, 0.871292)
    Right Leg.CFrame = CFrame.new(0.294074, 0.226838, 0.221658, 0.935254, 0.282462, -0.213343, -0.243627, 0.950888, 0.190939, 0.256798, -0.1266, 0.958137)
    Left Arm.CFrame = CFrame.new(-0.174698, 0.699676, -0.0686447, -0.799911, 0.144817, -0.582384, -0.0773785, -0.987235, -0.139209, -0.59511, -0.0662906, 0.800906)

[6]
    Time: 0.083333
    HumanoidRootPart.CFrame = CFrame.new(0, 0, 0, 1, 0, 0, 0, 1, 0, 0, 0, 1)
    Torso.CFrame = CFrame.new(0.0132362, 0.361909, -0.251459, 0.999825, 0.0132342, 0.0132361, 0.0152238, -0.98639, -0.163718, 0.0108893, 0.163891, -0.986418)
    Left Leg.CFrame = CFrame.new(-0.0425945, 0.147894, 0.201994, 0.910265, -0.129889, 0.393125, 0.0722096, 0.984768, 0.15817, -0.407682, -0.11559, 0.905778)
    Right Arm.CFrame = CFrame.new(0.137475, 0.705418, -0.0464204, -0.733426, -0.134679, 0.666294, 0.059218, -0.989109, -0.134746, 0.677185, -0.0593697, 0.733414)
    Head.CFrame = CFrame.new(8.77772e-08, -7.24685e-09, -2.38419e-07, 0.993925, -0.109967, -0.00456355, 0.0980416, 0.86577, 0.490744, -0.0500148, -0.48821, 0.871292)
    Right Leg.CFrame = CFrame.new(0.294074, 0.226838, 0.221658, 0.935254, 0.282462, -0.213343, -0.243627, 0.950888, 0.190939, 0.256798, -0.1266, 0.958137)
    Left Arm.CFrame = CFrame.new(-0.174698, 0.699676, -0.0686447, -0.799911, 0.144817, -0.582384, -0.0773785, -0.987235, -0.139209, -0.59511, -0.0662906, 0.800906)

[7]
    Time: 0.100000
    HumanoidRootPart.CFrame = CFrame.new(0, 0, 0, 1, 0, 0, 0, 1, 0, 0, 0, 1)
    Torso.CFrame = CFrame.new(-0.00587425, 0.285651, -0.134359, 0.658335, -0.656684, -0.367915, -0.74287, -0.487986, -0.458272, 0.121403, 0.575009, -0.809089)
    Left Leg.CFrame = CFrame.new(-0.311143, 0.56449, 0.109127, 0.878801, -0.160454, 0.449403, 0.0220507, 0.954422, 0.297646, -0.476678, -0.251662, 0.842285)
    Right Arm.CFrame = CFrame.new(0.177094, 0.898706, -0.19969, -0.830057, -0.526598, -0.183577, 0.541577, -0.839695, -0.040081, -0.133042, -0.13269, 0.982188)
    Head.CFrame = CFrame.new(1.04308e-07, 1.3411e-07, 2.38419e-07, 0.853214, -0.378895, 0.358418, 0.38707, 0.920596, 0.0517701, -0.349574, 0.0945619, 0.932125)
    Right Leg.CFrame = CFrame.new(0.413489, 0.115143, 0.0227208, 0.94207, 0.335357, 0.00637799, -0.335385, 0.94154, 0.0319185, 0.00469905, -0.0322083, 0.99947)
    Left Arm.CFrame = CFrame.new(-0.50857, 0.50764, -0.136385, -0.750917, 0.649914, 0.117199, -0.612312, -0.751668, 0.24509, 0.247382, 0.11228, 0.96239)

[8]
    Time: 0.116667
    HumanoidRootPart.CFrame = CFrame.new(0, 0, 0, 1, 0, 0, 0, 1, 0, 0, 0, 1)
    Torso.CFrame = CFrame.new(-0.00587425, 0.285651, -0.134359, 0.658335, -0.656684, -0.367915, -0.74287, -0.487986, -0.458272, 0.121403, 0.575009, -0.809089)
    Left Leg.CFrame = CFrame.new(-0.311143, 0.56449, 0.109127, 0.878801, -0.160454, 0.449403, 0.0220507, 0.954422, 0.297646, -0.476678, -0.251662, 0.842285)
    Right Arm.CFrame = CFrame.new(0.177094, 0.898706, -0.19969, -0.830057, -0.526598, -0.183577, 0.541577, -0.839695, -0.040081, -0.133042, -0.13269, 0.982188)
    Head.CFrame = CFrame.new(1.04308e-07, 1.3411e-07, 2.38419e-07, 0.853214, -0.378895, 0.358418, 0.38707, 0.920596, 0.0517701, -0.349574, 0.0945619, 0.932125)
    Right Leg.CFrame = CFrame.new(0.413489, 0.115143, 0.0227208, 0.94207, 0.335357, 0.00637799, -0.335385, 0.94154, 0.0319185, 0.00469905, -0.0322083, 0.99947)
    Left Arm.CFrame = CFrame.new(-0.50857, 0.50764, -0.136385, -0.750917, 0.649914, 0.117199, -0.612312, -0.751668, 0.24509, 0.247382, 0.11228, 0.96239)

[9]
    Time: 0.133333
    HumanoidRootPart.CFrame = CFrame.new(0, 0, 0, 1, 0, 0, 0, 1, 0, 0, 0, 1)
    Torso.CFrame = CFrame.new(-0.00587425, 0.285651, -0.134359, 0.658335, -0.656684, -0.367915, -0.74287, -0.487986, -0.458272, 0.121403, 0.575009, -0.809089)
    Left Leg.CFrame = CFrame.new(-0.311143, 0.56449, 0.109127, 0.878801, -0.160454, 0.449403, 0.0220507, 0.954422, 0.297646, -0.476678, -0.251662, 0.842285)
    Right Arm.CFrame = CFrame.new(0.177094, 0.898706, -0.19969, -0.830057, -0.526598, -0.183577, 0.541577, -0.839695, -0.040081, -0.133042, -0.13269, 0.982188)
    Head.CFrame = CFrame.new(1.04308e-07, 1.3411e-07, 2.38419e-07, 0.853214, -0.378895, 0.358418, 0.38707, 0.920596, 0.0517701, -0.349574, 0.0945619, 0.932125)
    Right Leg.CFrame = CFrame.new(0.413489, 0.115143, 0.0227208, 0.94207, 0.335357, 0.00637799, -0.335385, 0.94154, 0.0319185, 0.00469905, -0.0322083, 0.99947)
    Left Arm.CFrame = CFrame.new(-0.50857, 0.50764, -0.136385, -0.750917, 0.649914, 0.117199, -0.612312, -0.751668, 0.24509, 0.247382, 0.11228, 0.96239)

[10]
    Time: 0.150000
    HumanoidRootPart.CFrame = CFrame.new(0, 0, 0, 1, 0, 0, 0, 1, 0, 0, 0, 1)
    Torso.CFrame = CFrame.new(-0.00587425, 0.285651, -0.134359, 0.658335, -0.656684, -0.367915, -0.74287, -0.487986, -0.458272, 0.121403, 0.575009, -0.809089)
    Left Leg.CFrame = CFrame.new(-0.311143, 0.56449, 0.109127, 0.878801, -0.160454, 0.449403, 0.0220507, 0.954422, 0.297646, -0.476678, -0.251662, 0.842285)
    Right Arm.CFrame = CFrame.new(0.177094, 0.898706, -0.19969, -0.830057, -0.526598, -0.183577, 0.541577, -0.839695, -0.040081, -0.133042, -0.13269, 0.982188)
    Head.CFrame = CFrame.new(1.04308e-07, 1.3411e-07, 2.38419e-07, 0.853214, -0.378895, 0.358418, 0.38707, 0.920596, 0.0517701, -0.349574, 0.0945619, 0.932125)
    Right Leg.CFrame = CFrame.new(0.413489, 0.115143, 0.0227208, 0.94207, 0.335357, 0.00637799, -0.335385, 0.94154, 0.0319185, 0.00469905, -0.0322083, 0.99947)
    Left Arm.CFrame = CFrame.new(-0.50857, 0.50764, -0.136385, -0.750917, 0.649914, 0.117199, -0.612312, -0.751668, 0.24509, 0.247382, 0.11228, 0.96239)

[11]
    Time: 0.166667
    HumanoidRootPart.CFrame = CFrame.new(0, 0, 0, 1, 0, 0, 0, 1, 0, 0, 0, 1)
    Torso.CFrame = CFrame.new(0.448872, 0.373484, -0.486976, 0.257019, -0.287336, -0.922702, -0.615448, 0.687461, -0.385514, 0.745094, 0.66696, -0.000149765)
    Left Leg.CFrame = CFrame.new(-0.232213, 0.369887, 0.0431772, 0.864481, -0.425881, 0.267018, 0.328083, 0.880499, 0.342173, -0.380834, -0.208198, 0.900899)
    Right Arm.CFrame = CFrame.new(0.29408, 0.558022, 0.122527, 0.0977391, -0.703485, -0.703957, 0.906841, -0.22844, 0.354195, -0.409983, -0.672996, 0.615622)
    Head.CFrame = CFrame.new(2.77068e-07, 1.22935e-07, 0, 0.926636, -0.350218, 0.136723, 0.361529, 0.929846, -0.0684416, -0.103162, 0.11285, 0.988242)
    Right Leg.CFrame = CFrame.new(0.944177, 0.539819, -0.300523, 0.866663, 0.219979, 0.447778, -0.361165, 0.895832, 0.258932, -0.344174, -0.386129, 0.855832)
    Left Arm.CFrame = CFrame.new(-0.634701, 0.134317, -0.403844, 0.192034, 0.96421, -0.182817, -0.770466, 0.0327382, -0.63664, -0.60787, 0.263111, 0.749178)

[12]
    Time: 0.183333
    HumanoidRootPart.CFrame = CFrame.new(0, 0, 0, 1, 0, 0, 0, 1, 0, 0, 0, 1)
    Torso.CFrame = CFrame.new(0.448872, 0.373484, -0.486976, 0.257019, -0.287336, -0.922702, -0.615448, 0.687461, -0.385514, 0.745094, 0.66696, -0.000149765)
    Left Leg.CFrame = CFrame.new(-0.232213, 0.369887, 0.0431772, 0.864481, -0.425881, 0.267018, 0.328083, 0.880499, 0.342173, -0.380834, -0.208198, 0.900899)
    Right Arm.CFrame = CFrame.new(0.29408, 0.558022, 0.122527, 0.0977391, -0.703485, -0.703957, 0.906841, -0.22844, 0.354195, -0.409983, -0.672996, 0.615622)
    Head.CFrame = CFrame.new(2.77068e-07, 1.22935e-07, 0, 0.926636, -0.350218, 0.136723, 0.361529, 0.929846, -0.0684416, -0.103162, 0.11285, 0.988242)
    Right Leg.CFrame = CFrame.new(0.944177, 0.539819, -0.300523, 0.866663, 0.219979, 0.447778, -0.361165, 0.895832, 0.258932, -0.344174, -0.386129, 0.855832)
    Left Arm.CFrame = CFrame.new(-0.634701, 0.134317, -0.403844, 0.192034, 0.96421, -0.182817, -0.770466, 0.0327382, -0.63664, -0.60787, 0.263111, 0.749178)

[13]
    Time: 0.200000
    HumanoidRootPart.CFrame = CFrame.new(0, 0, 0, 1, 0, 0, 0, 1, 0, 0, 0, 1)
    Torso.CFrame = CFrame.new(0.448872, 0.373484, -0.486976, 0.257019, -0.287336, -0.922702, -0.615448, 0.687461, -0.385514, 0.745094, 0.66696, -0.000149765)
    Left Leg.CFrame = CFrame.new(-0.232213, 0.369887, 0.0431772, 0.864481, -0.425881, 0.267018, 0.328083, 0.880499, 0.342173, -0.380834, -0.208198, 0.900899)
    Right Arm.CFrame = CFrame.new(0.29408, 0.558022, 0.122527, 0.0977391, -0.703485, -0.703957, 0.906841, -0.22844, 0.354195, -0.409983, -0.672996, 0.615622)
    Head.CFrame = CFrame.new(2.77068e-07, 1.22935e-07, 0, 0.926636, -0.350218, 0.136723, 0.361529, 0.929846, -0.0684416, -0.103162, 0.11285, 0.988242)
    Right Leg.CFrame = CFrame.new(0.944177, 0.539819, -0.300523, 0.866663, 0.219979, 0.447778, -0.361165, 0.895832, 0.258932, -0.344174, -0.386129, 0.855832)
    Left Arm.CFrame = CFrame.new(-0.634701, 0.134317, -0.403844, 0.192034, 0.96421, -0.182817, -0.770466, 0.0327382, -0.63664, -0.60787, 0.263111, 0.749178)

[14]
    Time: 0.216667
    HumanoidRootPart.CFrame = CFrame.new(0, 0, 0, 1, 0, 0, 0, 1, 0, 0, 0, 1)
    Torso.CFrame = CFrame.new(0.448872, 0.373484, -0.486976, 0.257019, -0.287336, -0.922702, -0.615448, 0.687461, -0.385514, 0.745094, 0.66696, -0.000149765)
    Left Leg.CFrame = CFrame.new(-0.232213, 0.369887, 0.0431772, 0.864481, -0.425881, 0.267018, 0.328083, 0.880499, 0.342173, -0.380834, -0.208198, 0.900899)
    Right Arm.CFrame = CFrame.new(0.29408, 0.558022, 0.122527, 0.0977391, -0.703485, -0.703957, 0.906841, -0.22844, 0.354195, -0.409983, -0.672996, 0.615622)
    Head.CFrame = CFrame.new(2.77068e-07, 1.22935e-07, 0, 0.926636, -0.350218, 0.136723, 0.361529, 0.929846, -0.0684416, -0.103162, 0.11285, 0.988242)
    Right Leg.CFrame = CFrame.new(0.944177, 0.539819, -0.300523, 0.866663, 0.219979, 0.447778, -0.361165, 0.895832, 0.258932, -0.344174, -0.386129, 0.855832)
    Left Arm.CFrame = CFrame.new(-0.634701, 0.134317, -0.403844, 0.192034, 0.96421, -0.182817, -0.770466, 0.0327382, -0.63664, -0.60787, 0.263111, 0.749178)

[15]
    Time: 0.233333
    HumanoidRootPart.CFrame = CFrame.new(0, 0, 0, 1, 0, 0, 0, 1, 0, 0, 0, 1)
    Torso.CFrame = CFrame.new(0.448872, 0.373484, -0.486976, 0.257019, -0.287336, -0.922702, -0.615448, 0.687461, -0.385514, 0.745094, 0.66696, -0.000149765)
    Left Leg.CFrame = CFrame.new(-0.232213, 0.369887, 0.0431772, 0.864481, -0.425881, 0.267018, 0.328083, 0.880499, 0.342173, -0.380834, -0.208198, 0.900899)
    Right Arm.CFrame = CFrame.new(0.29408, 0.558022, 0.122527, 0.0977391, -0.703485, -0.703957, 0.906841, -0.22844, 0.354195, -0.409983, -0.672996, 0.615622)
    Head.CFrame = CFrame.new(2.77068e-07, 1.22935e-07, 0, 0.926636, -0.350218, 0.136723, 0.361529, 0.929846, -0.0684416, -0.103162, 0.11285, 0.988242)
    Right Leg.CFrame = CFrame.new(0.944177, 0.539819, -0.300523, 0.866663, 0.219979, 0.447778, -0.361165, 0.895832, 0.258932, -0.344174, -0.386129, 0.855832)
    Left Arm.CFrame = CFrame.new(-0.634701, 0.134317, -0.403844, 0.192034, 0.96421, -0.182817, -0.770466, 0.0327382, -0.63664, -0.60787, 0.263111, 0.749178)

[16]
    Time: 0.250000
    HumanoidRootPart.CFrame = CFrame.new(0, 0, 0, 1, 0, 0, 0, 1, 0, 0, 0, 1)
    Torso.CFrame = CFrame.new(0.448872, 0.373484, -0.486976, 0.257019, -0.287336, -0.922702, -0.615448, 0.687461, -0.385514, 0.745094, 0.66696, -0.000149765)
    Left Leg.CFrame = CFrame.new(-0.232213, 0.369887, 0.0431772, 0.864481, -0.425881, 0.267018, 0.328083, 0.880499, 0.342173, -0.380834, -0.208198, 0.900899)
    Right Arm.CFrame = CFrame.new(0.29408, 0.558022, 0.122527, 0.0977391, -0.703485, -0.703957, 0.906841, -0.22844, 0.354195, -0.409983, -0.672996, 0.615622)
    Head.CFrame = CFrame.new(2.77068e-07, 1.22935e-07, 0, 0.926636, -0.350218, 0.136723, 0.361529, 0.929846, -0.0684416, -0.103162, 0.11285, 0.988242)
    Right Leg.CFrame = CFrame.new(0.944177, 0.539819, -0.300523, 0.866663, 0.219979, 0.447778, -0.361165, 0.895832, 0.258932, -0.344174, -0.386129, 0.855832)
    Left Arm.CFrame = CFrame.new(-0.634701, 0.134317, -0.403844, 0.192034, 0.96421, -0.182817, -0.770466, 0.0327382, -0.63664, -0.60787, 0.263111, 0.749178)

[17]
    Time: 0.266667
    HumanoidRootPart.CFrame = CFrame.new(0, 0, 0, 1, 0, 0, 0, 1, 0, 0, 0, 1)
    Torso.CFrame = CFrame.new(0.481411, 0.42705, -1.08957, 0.634817, -0.0868801, -0.767762, 0.699575, 0.486477, 0.523388, 0.328027, -0.869363, 0.369603)
    Left Leg.CFrame = CFrame.new(-0.452019, 0.773293, 0.0933273, 0.94332, 0.126482, 0.306838, -0.274295, 0.817604, 0.506247, -0.186841, -0.561717, 0.805956)
    Right Arm.CFrame = CFrame.new(-0.42401, 0.10171, -0.00978643, 0.42951, 0.867633, -0.250467, 0.192166, 0.18319, 0.964113, 0.88238, -0.462227, -0.0880475)
    Head.CFrame = CFrame.new(1.3411e-07, 4.65661e-08, -1.78814e-07, 0.990857, -0.134638, -0.00864534, 0.133068, 0.985849, -0.101954, 0.0222498, 0.0998712, 0.994752)
    Right Leg.CFrame = CFrame.new(0.719182, 0.00670093, -0.040814, 0.986456, -0.13422, 0.0942851, 0.150352, 0.969676, -0.192674, -0.0655655, 0.20424, 0.976723)
    Left Arm.CFrame = CFrame.new(0.0493852, -0.0432025, -0.0458878, 0.325904, -0.860254, 0.39211, 0.880623, 0.427116, 0.205121, -0.343932, 0.278451, 0.896758)

[18]
    Time: 0.283333
    HumanoidRootPart.CFrame = CFrame.new(0, 0, 0, 1, 0, 0, 0, 1, 0, 0, 0, 1)
    Torso.CFrame = CFrame.new(0.481411, 0.42705, -1.08957, 0.634817, -0.0868801, -0.767762, 0.699575, 0.486477, 0.523388, 0.328027, -0.869363, 0.369603)
    Left Leg.CFrame = CFrame.new(-0.452019, 0.773293, 0.0933273, 0.94332, 0.126482, 0.306838, -0.274295, 0.817604, 0.506247, -0.186841, -0.561717, 0.805956)
    Right Arm.CFrame = CFrame.new(-0.42401, 0.10171, -0.00978643, 0.42951, 0.867633, -0.250467, 0.192166, 0.18319, 0.964113, 0.88238, -0.462227, -0.0880475)
    Head.CFrame = CFrame.new(1.3411e-07, 4.65661e-08, -1.78814e-07, 0.990857, -0.134638, -0.00864534, 0.133068, 0.985849, -0.101954, 0.0222498, 0.0998712, 0.994752)
    Right Leg.CFrame = CFrame.new(0.719182, 0.00670093, -0.040814, 0.986456, -0.13422, 0.0942851, 0.150352, 0.969676, -0.192674, -0.0655655, 0.20424, 0.976723)
    Left Arm.CFrame = CFrame.new(0.0493852, -0.0432025, -0.0458878, 0.325904, -0.860254, 0.39211, 0.880623, 0.427116, 0.205121, -0.343932, 0.278451, 0.896758)

[19]
    Time: 0.300000
    HumanoidRootPart.CFrame = CFrame.new(0, 0, 0, 1, 0, 0, 0, 1, 0, 0, 0, 1)
    Torso.CFrame = CFrame.new(0.481411, 0.42705, -1.08957, 0.634817, -0.0868801, -0.767762, 0.699575, 0.486477, 0.523388, 0.328027, -0.869363, 0.369603)
    Left Leg.CFrame = CFrame.new(-0.452019, 0.773293, 0.0933273, 0.94332, 0.126482, 0.306838, -0.274295, 0.817604, 0.506247, -0.186841, -0.561717, 0.805956)
    Right Arm.CFrame = CFrame.new(-0.42401, 0.10171, -0.00978643, 0.42951, 0.867633, -0.250467, 0.192166, 0.18319, 0.964113, 0.88238, -0.462227, -0.0880475)
    Head.CFrame = CFrame.new(1.3411e-07, 4.65661e-08, -1.78814e-07, 0.990857, -0.134638, -0.00864534, 0.133068, 0.985849, -0.101954, 0.0222498, 0.0998712, 0.994752)
    Right Leg.CFrame = CFrame.new(0.719182, 0.00670093, -0.040814, 0.986456, -0.13422, 0.0942851, 0.150352, 0.969676, -0.192674, -0.0655655, 0.20424, 0.976723)
    Left Arm.CFrame = CFrame.new(0.0493852, -0.0432025, -0.0458878, 0.325904, -0.860254, 0.39211, 0.880623, 0.427116, 0.205121, -0.343932, 0.278451, 0.896758)

[20]
    Time: 0.316667
    HumanoidRootPart.CFrame = CFrame.new(0, 0, 0, 1, 0, 0, 0, 1, 0, 0, 0, 1)
    Torso.CFrame = CFrame.new(0.481411, 0.42705, -1.08957, 0.634817, -0.0868801, -0.767762, 0.699575, 0.486477, 0.523388, 0.328027, -0.869363, 0.369603)
    Left Leg.CFrame = CFrame.new(-0.452019, 0.773293, 0.0933273, 0.94332, 0.126482, 0.306838, -0.274295, 0.817604, 0.506247, -0.186841, -0.561717, 0.805956)
    Right Arm.CFrame = CFrame.new(-0.42401, 0.10171, -0.00978643, 0.42951, 0.867633, -0.250467, 0.192166, 0.18319, 0.964113, 0.88238, -0.462227, -0.0880475)
    Head.CFrame = CFrame.new(1.3411e-07, 4.65661e-08, -1.78814e-07, 0.990857, -0.134638, -0.00864534, 0.133068, 0.985849, -0.101954, 0.0222498, 0.0998712, 0.994752)
    Right Leg.CFrame = CFrame.new(0.719182, 0.00670093, -0.040814, 0.986456, -0.13422, 0.0942851, 0.150352, 0.969676, -0.192674, -0.0655655, 0.20424, 0.976723)
    Left Arm.CFrame = CFrame.new(0.0493852, -0.0432025, -0.0458878, 0.325904, -0.860254, 0.39211, 0.880623, 0.427116, 0.205121, -0.343932, 0.278451, 0.896758)

[21]
    Time: 0.333333
    HumanoidRootPart.CFrame = CFrame.new(0, 0, 0, 1, 0, 0, 0, 1, 0, 0, 0, 1)
    Torso.CFrame = CFrame.new(0.123412, 0.0838504, -1.19584, 0.999229, -0.0121295, -0.0373431, 0.0392619, 0.317472, 0.947454, 0.000363274, -0.94819, 0.317704)
    Left Leg.CFrame = CFrame.new(-0.358724, 0.153379, 0.00970495, 0.928539, 0.327638, 0.174553, -0.340498, 0.938977, 0.0488184, -0.147906, -0.104765, 0.983437)
    Right Arm.CFrame = CFrame.new(-0.365363, -0.27452, 0.0286782, 0.248484, 0.945259, -0.21152, -0.672484, 0.325515, 0.664685, 0.697152, -0.02292, 0.716557)
    Head.CFrame = CFrame.new(7.32252e-08, 3.62052e-08, -5.96046e-08, 0.991929, -0.0892454, -0.0900647, 0.0723041, 0.981658, -0.176405, 0.104156, 0.168469, 0.980189)
    Right Leg.CFrame = CFrame.new(0.268284, 0.100012, 0.0189737, 0.950643, -0.294574, -0.0974907, 0.298976, 0.953662, 0.0337968, 0.0830176, -0.061276, 0.994663)
    Left Arm.CFrame = CFrame.new(0.46175, -0.114578, -0.104917, 0.285422, -0.941883, 0.177174, 0.764883, 0.335254, 0.550053, -0.577485, -0.0214799, 0.816119)

[22]
    Time: 0.350000
    HumanoidRootPart.CFrame = CFrame.new(0, 0, 0, 1, 0, 0, 0, 1, 0, 0, 0, 1)
    Torso.CFrame = CFrame.new(0.123412, 0.0838504, -1.19584, 0.999229, -0.0121295, -0.0373431, 0.0392619, 0.317472, 0.947454, 0.000363274, -0.94819, 0.317704)
    Left Leg.CFrame = CFrame.new(-0.358724, 0.153379, 0.00970495, 0.928539, 0.327638, 0.174553, -0.340498, 0.938977, 0.0488184, -0.147906, -0.104765, 0.983437)
    Right Arm.CFrame = CFrame.new(-0.365363, -0.27452, 0.0286782, 0.248484, 0.945259, -0.21152, -0.672484, 0.325515, 0.664685, 0.697152, -0.02292, 0.716557)
    Head.CFrame = CFrame.new(7.32252e-08, 3.62052e-08, -5.96046e-08, 0.991929, -0.0892454, -0.0900647, 0.0723041, 0.981658, -0.176405, 0.104156, 0.168469, 0.980189)
    Right Leg.CFrame = CFrame.new(0.268284, 0.100012, 0.0189737, 0.950643, -0.294574, -0.0974907, 0.298976, 0.953662, 0.0337968, 0.0830176, -0.061276, 0.994663)
    Left Arm.CFrame = CFrame.new(0.46175, -0.114578, -0.104917, 0.285422, -0.941883, 0.177174, 0.764883, 0.335254, 0.550053, -0.577485, -0.0214799, 0.816119)

[23]
    Time: 0.366667
    HumanoidRootPart.CFrame = CFrame.new(0, 0, 0, 1, 0, 0, 0, 1, 0, 0, 0, 1)
    Torso.CFrame = CFrame.new(0.123412, 0.0838504, -1.19584, 0.999229, -0.0121295, -0.0373431, 0.0392619, 0.317472, 0.947454, 0.000363274, -0.94819, 0.317704)
    Left Leg.CFrame = CFrame.new(-0.358724, 0.153379, 0.00970495, 0.928539, 0.327638, 0.174553, -0.340498, 0.938977, 0.0488184, -0.147906, -0.104765, 0.983437)
    Right Arm.CFrame = CFrame.new(-0.365363, -0.27452, 0.0286782, 0.248484, 0.945259, -0.21152, -0.672484, 0.325515, 0.664685, 0.697152, -0.02292, 0.716557)
    Head.CFrame = CFrame.new(7.32252e-08, 3.62052e-08, -5.96046e-08, 0.991929, -0.0892454, -0.0900647, 0.0723041, 0.981658, -0.176405, 0.104156, 0.168469, 0.980189)
    Right Leg.CFrame = CFrame.new(0.268284, 0.100012, 0.0189737, 0.950643, -0.294574, -0.0974907, 0.298976, 0.953662, 0.0337968, 0.0830176, -0.061276, 0.994663)
    Left Arm.CFrame = CFrame.new(0.46175, -0.114578, -0.104917, 0.285422, -0.941883, 0.177174, 0.764883, 0.335254, 0.550053, -0.577485, -0.0214799, 0.816119)

[24]
    Time: 0.383333
    HumanoidRootPart.CFrame = CFrame.new(0, 0, 0, 1, 0, 0, 0, 1, 0, 0, 0, 1)
    Torso.CFrame = CFrame.new(0.123412, 0.0838504, -1.19584, 0.999229, -0.0121295, -0.0373431, 0.0392619, 0.317472, 0.947454, 0.000363274, -0.94819, 0.317704)
    Left Leg.CFrame = CFrame.new(-0.358724, 0.153379, 0.00970495, 0.928539, 0.327638, 0.174553, -0.340498, 0.938977, 0.0488184, -0.147906, -0.104765, 0.983437)
    Right Arm.CFrame = CFrame.new(-0.365363, -0.27452, 0.0286782, 0.248484, 0.945259, -0.21152, -0.672484, 0.325515, 0.664685, 0.697152, -0.02292, 0.716557)
    Head.CFrame = CFrame.new(7.32252e-08, 3.62052e-08, -5.96046e-08, 0.991929, -0.0892454, -0.0900647, 0.0723041, 0.981658, -0.176405, 0.104156, 0.168469, 0.980189)
    Right Leg.CFrame = CFrame.new(0.268284, 0.100012, 0.0189737, 0.950643, -0.294574, -0.0974907, 0.298976, 0.953662, 0.0337968, 0.0830176, -0.061276, 0.994663)
    Left Arm.CFrame = CFrame.new(0.46175, -0.114578, -0.104917, 0.285422, -0.941883, 0.177174, 0.764883, 0.335254, 0.550053, -0.577485, -0.0214799, 0.816119)

[25]
    Time: 0.400000
    HumanoidRootPart.CFrame = CFrame.new(0, 0, 0, 1, 0, 0, 0, 1, 0, 0, 0, 1)
    Torso.CFrame = CFrame.new(-0.278921, 0.42705, -1.05813, 0.634818, 0.0868801, 0.767762, -0.699575, 0.486477, 0.523388, -0.328027, -0.869363, 0.369603)
    Left Leg.CFrame = CFrame.new(-0.288298, 0.172654, -0.0709261, 0.934666, 0.327131, 0.13923, -0.350749, 0.912442, 0.210771, -0.0580898, -0.245836, 0.967569)
    Right Arm.CFrame = CFrame.new(-0.35523, 0.0747511, -0.11842, 0.545993, 0.827988, -0.127779, -0.837206, 0.533541, -0.120084, -0.0312523, 0.172542, 0.984506)
    Head.CFrame = CFrame.new(0, -1.86265e-08, 0, 0.990857, 0.134638, 0.00864536, -0.133068, 0.985849, -0.101954, -0.0222498, 0.0998712, 0.994752)
    Right Leg.CFrame = CFrame.new(0.777055, 0.122061, 0.085465, 0.958229, -0.216483, 0.186903, 0.207894, 0.976014, 0.0646327, -0.196412, -0.0230767, 0.98025)
    Left Arm.CFrame = CFrame.new(0.48641, 0.117684, -0.0966021, 0.342345, -0.905407, 0.251073, -0.152826, 0.210002, 0.965683, -0.927062, -0.368967, -0.0664766)

[26]
    Time: 0.416667
    HumanoidRootPart.CFrame = CFrame.new(0, 0, 0, 1, 0, 0, 0, 1, 0, 0, 0, 1)
    Torso.CFrame = CFrame.new(-0.278921, 0.42705, -1.05813, 0.634818, 0.0868801, 0.767762, -0.699575, 0.486477, 0.523388, -0.328027, -0.869363, 0.369603)
    Left Leg.CFrame = CFrame.new(-0.288298, 0.172654, -0.0709261, 0.934666, 0.327131, 0.13923, -0.350749, 0.912442, 0.210771, -0.0580898, -0.245836, 0.967569)
    Right Arm.CFrame = CFrame.new(-0.35523, 0.0747511, -0.11842, 0.545993, 0.827988, -0.127779, -0.837206, 0.533541, -0.120084, -0.0312523, 0.172542, 0.984506)
    Head.CFrame = CFrame.new(0, -1.86265e-08, 0, 0.990857, 0.134638, 0.00864536, -0.133068, 0.985849, -0.101954, -0.0222498, 0.0998712, 0.994752)
    Right Leg.CFrame = CFrame.new(0.777055, 0.122061, 0.085465, 0.958229, -0.216483, 0.186903, 0.207894, 0.976014, 0.0646327, -0.196412, -0.0230767, 0.98025)
    Left Arm.CFrame = CFrame.new(0.48641, 0.117684, -0.0966021, 0.342345, -0.905407, 0.251073, -0.152826, 0.210002, 0.965683, -0.927062, -0.368967, -0.0664766)

[27]
    Time: 0.433333
    HumanoidRootPart.CFrame = CFrame.new(0, 0, 0, 1, 0, 0, 0, 1, 0, 0, 0, 1)
    Torso.CFrame = CFrame.new(-0.278921, 0.42705, -1.05813, 0.634818, 0.0868801, 0.767762, -0.699575, 0.486477, 0.523388, -0.328027, -0.869363, 0.369603)
    Left Leg.CFrame = CFrame.new(-0.288298, 0.172654, -0.0709261, 0.934666, 0.327131, 0.13923, -0.350749, 0.912442, 0.210771, -0.0580898, -0.245836, 0.967569)
    Right Arm.CFrame = CFrame.new(-0.35523, 0.0747511, -0.11842, 0.545993, 0.827988, -0.127779, -0.837206, 0.533541, -0.120084, -0.0312523, 0.172542, 0.984506)
    Head.CFrame = CFrame.new(0, -1.86265e-08, 0, 0.990857, 0.134638, 0.00864536, -0.133068, 0.985849, -0.101954, -0.0222498, 0.0998712, 0.994752)
    Right Leg.CFrame = CFrame.new(0.777055, 0.122061, 0.085465, 0.958229, -0.216483, 0.186903, 0.207894, 0.976014, 0.0646327, -0.196412, -0.0230767, 0.98025)
    Left Arm.CFrame = CFrame.new(0.48641, 0.117684, -0.0966021, 0.342345, -0.905407, 0.251073, -0.152826, 0.210002, 0.965683, -0.927062, -0.368967, -0.0664766)

[28]
    Time: 0.450000
    HumanoidRootPart.CFrame = CFrame.new(0, 0, 0, 1, 0, 0, 0, 1, 0, 0, 0, 1)
    Torso.CFrame = CFrame.new(-0.278921, 0.42705, -1.05813, 0.634818, 0.0868801, 0.767762, -0.699575, 0.486477, 0.523388, -0.328027, -0.869363, 0.369603)
    Left Leg.CFrame = CFrame.new(-0.288298, 0.172654, -0.0709261, 0.934666, 0.327131, 0.13923, -0.350749, 0.912442, 0.210771, -0.0580898, -0.245836, 0.967569)
    Right Arm.CFrame = CFrame.new(-0.35523, 0.0747511, -0.11842, 0.545993, 0.827988, -0.127779, -0.837206, 0.533541, -0.120084, -0.0312523, 0.172542, 0.984506)
    Head.CFrame = CFrame.new(0, -1.86265e-08, 0, 0.990857, 0.134638, 0.00864536, -0.133068, 0.985849, -0.101954, -0.0222498, 0.0998712, 0.994752)
    Right Leg.CFrame = CFrame.new(0.777055, 0.122061, 0.085465, 0.958229, -0.216483, 0.186903, 0.207894, 0.976014, 0.0646327, -0.196412, -0.0230767, 0.98025)
    Left Arm.CFrame = CFrame.new(0.48641, 0.117684, -0.0966021, 0.342345, -0.905407, 0.251073, -0.152826, 0.210002, 0.965683, -0.927062, -0.368967, -0.0664766)

[29]
    Time: 0.466667
    HumanoidRootPart.CFrame = CFrame.new(0, 0, 0, 1, 0, 0, 0, 1, 0, 0, 0, 1)
    Torso.CFrame = CFrame.new(-0.278921, 0.42705, -1.05813, 0.634818, 0.0868801, 0.767762, -0.699575, 0.486477, 0.523388, -0.328027, -0.869363, 0.369603)
    Left Leg.CFrame = CFrame.new(-0.288298, 0.172654, -0.0709261, 0.934666, 0.327131, 0.13923, -0.350749, 0.912442, 0.210771, -0.0580898, -0.245836, 0.967569)
    Right Arm.CFrame = CFrame.new(-0.35523, 0.0747511, -0.11842, 0.545993, 0.827988, -0.127779, -0.837206, 0.533541, -0.120084, -0.0312523, 0.172542, 0.984506)
    Head.CFrame = CFrame.new(0, -1.86265e-08, 0, 0.990857, 0.134638, 0.00864536, -0.133068, 0.985849, -0.101954, -0.0222498, 0.0998712, 0.994752)
    Right Leg.CFrame = CFrame.new(0.777055, 0.122061, 0.085465, 0.958229, -0.216483, 0.186903, 0.207894, 0.976014, 0.0646327, -0.196412, -0.0230767, 0.98025)
    Left Arm.CFrame = CFrame.new(0.48641, 0.117684, -0.0966021, 0.342345, -0.905407, 0.251073, -0.152826, 0.210002, 0.965683, -0.927062, -0.368967, -0.0664766)

[30]
    Time: 0.483333
    HumanoidRootPart.CFrame = CFrame.new(0, 0, 0, 1, 0, 0, 0, 1, 0, 0, 0, 1)
    Torso.CFrame = CFrame.new(-0.278921, 0.42705, -1.05813, 0.634818, 0.0868801, 0.767762, -0.699575, 0.486477, 0.523388, -0.328027, -0.869363, 0.369603)
    Left Leg.CFrame = CFrame.new(-0.288298, 0.172654, -0.0709261, 0.934666, 0.327131, 0.13923, -0.350749, 0.912442, 0.210771, -0.0580898, -0.245836, 0.967569)
    Right Arm.CFrame = CFrame.new(-0.35523, 0.0747511, -0.11842, 0.545993, 0.827988, -0.127779, -0.837206, 0.533541, -0.120084, -0.0312523, 0.172542, 0.984506)
    Head.CFrame = CFrame.new(0, -1.86265e-08, 0, 0.990857, 0.134638, 0.00864536, -0.133068, 0.985849, -0.101954, -0.0222498, 0.0998712, 0.994752)
    Right Leg.CFrame = CFrame.new(0.777055, 0.122061, 0.085465, 0.958229, -0.216483, 0.186903, 0.207894, 0.976014, 0.0646327, -0.196412, -0.0230767, 0.98025)
    Left Arm.CFrame = CFrame.new(0.48641, 0.117684, -0.0966021, 0.342345, -0.905407, 0.251073, -0.152826, 0.210002, 0.965683, -0.927062, -0.368967, -0.0664766)

[31]
    Time: 0.500000
    HumanoidRootPart.CFrame = CFrame.new(0, 0, 0, 1, 0, 0, 0, 1, 0, 0, 0, 1)
    Torso.CFrame = CFrame.new(-0.336763, 0.326644, -0.486995, 0.257019, 0.287336, 0.922702, 0.615448, 0.687461, -0.385514, -0.745094, 0.66696, -0.000149635)
    Left Leg.CFrame = CFrame.new(-0.806931, 0.0913517, -0.0965213, 0.973197, 0.00925908, -0.229789, -0.00370243, 0.999691, 0.0246004, 0.229946, -0.0230904, 0.97293)
    Right Arm.CFrame = CFrame.new(0.556271, 0.243921, 0.0678103, 0.423611, -0.870692, -0.2499, -0.132698, 0.213252, -0.967944, 0.896072, 0.443193, -0.0252032)
    Head.CFrame = CFrame.new(1.9744e-07, 8.19564e-08, -5.96046e-08, 0.926636, 0.350218, -0.136723, -0.361529, 0.929846, -0.0684415, 0.103162, 0.11285, 0.988242)
    Right Leg.CFrame = CFrame.new(-0.220899, -0.0108839, -0.0241606, 0.802428, 0.409409, -0.434159, -0.385748, 0.910966, 0.14608, 0.455311, 0.0502573, 0.888913)
    Left Arm.CFrame = CFrame.new(-0.347637, 0.50969, 0.138554, 0.242116, 0.575976, 0.780789, -0.910271, -0.143701, 0.388274, 0.335837, -0.804737, 0.489502)

[32]
    Time: 0.516667
    HumanoidRootPart.CFrame = CFrame.new(0, 0, 0, 1, 0, 0, 0, 1, 0, 0, 0, 1)
    Torso.CFrame = CFrame.new(-0.336763, 0.326644, -0.486995, 0.257019, 0.287336, 0.922702, 0.615448, 0.687461, -0.385514, -0.745094, 0.66696, -0.000149635)
    Left Leg.CFrame = CFrame.new(-0.806931, 0.0913517, -0.0965213, 0.973197, 0.00925908, -0.229789, -0.00370243, 0.999691, 0.0246004, 0.229946, -0.0230904, 0.97293)
    Right Arm.CFrame = CFrame.new(0.556271, 0.243921, 0.0678103, 0.423611, -0.870692, -0.2499, -0.132698, 0.213252, -0.967944, 0.896072, 0.443193, -0.0252032)
    Head.CFrame = CFrame.new(1.9744e-07, 8.19564e-08, -5.96046e-08, 0.926636, 0.350218, -0.136723, -0.361529, 0.929846, -0.0684415, 0.103162, 0.11285, 0.988242)
    Right Leg.CFrame = CFrame.new(-0.220899, -0.0108839, -0.0241606, 0.802428, 0.409409, -0.434159, -0.385748, 0.910966, 0.14608, 0.455311, 0.0502573, 0.888913)
    Left Arm.CFrame = CFrame.new(-0.347637, 0.50969, 0.138554, 0.242116, 0.575976, 0.780789, -0.910271, -0.143701, 0.388274, 0.335837, -0.804737, 0.489502)

[33]
    Time: 0.533333
    HumanoidRootPart.CFrame = CFrame.new(0, 0, 0, 1, 0, 0, 0, 1, 0, 0, 0, 1)
    Torso.CFrame = CFrame.new(-0.336763, 0.326644, -0.486995, 0.257019, 0.287336, 0.922702, 0.615448, 0.687461, -0.385514, -0.745094, 0.66696, -0.000149635)
    Left Leg.CFrame = CFrame.new(-0.806931, 0.0913517, -0.0965213, 0.973197, 0.00925908, -0.229789, -0.00370243, 0.999691, 0.0246004, 0.229946, -0.0230904, 0.97293)
    Right Arm.CFrame = CFrame.new(0.556271, 0.243921, 0.0678103, 0.423611, -0.870692, -0.2499, -0.132698, 0.213252, -0.967944, 0.896072, 0.443193, -0.0252032)
    Head.CFrame = CFrame.new(1.9744e-07, 8.19564e-08, -5.96046e-08, 0.926636, 0.350218, -0.136723, -0.361529, 0.929846, -0.0684415, 0.103162, 0.11285, 0.988242)
    Right Leg.CFrame = CFrame.new(-0.220899, -0.0108839, -0.0241606, 0.802428, 0.409409, -0.434159, -0.385748, 0.910966, 0.14608, 0.455311, 0.0502573, 0.888913)
    Left Arm.CFrame = CFrame.new(-0.347637, 0.50969, 0.138554, 0.242116, 0.575976, 0.780789, -0.910271, -0.143701, 0.388274, 0.335837, -0.804737, 0.489502)

[34]
    Time: 0.550000
    HumanoidRootPart.CFrame = CFrame.new(0, 0, 0, 1, 0, 0, 0, 1, 0, 0, 0, 1)
    Torso.CFrame = CFrame.new(-0.336763, 0.326644, -0.486995, 0.257019, 0.287336, 0.922702, 0.615448, 0.687461, -0.385514, -0.745094, 0.66696, -0.000149635)
    Left Leg.CFrame = CFrame.new(-0.806931, 0.0913517, -0.0965213, 0.973197, 0.00925908, -0.229789, -0.00370243, 0.999691, 0.0246004, 0.229946, -0.0230904, 0.97293)
    Right Arm.CFrame = CFrame.new(0.556271, 0.243921, 0.0678103, 0.423611, -0.870692, -0.2499, -0.132698, 0.213252, -0.967944, 0.896072, 0.443193, -0.0252032)
    Head.CFrame = CFrame.new(1.9744e-07, 8.19564e-08, -5.96046e-08, 0.926636, 0.350218, -0.136723, -0.361529, 0.929846, -0.0684415, 0.103162, 0.11285, 0.988242)
    Right Leg.CFrame = CFrame.new(-0.220899, -0.0108839, -0.0241606, 0.802428, 0.409409, -0.434159, -0.385748, 0.910966, 0.14608, 0.455311, 0.0502573, 0.888913)
    Left Arm.CFrame = CFrame.new(-0.347637, 0.50969, 0.138554, 0.242116, 0.575976, 0.780789, -0.910271, -0.143701, 0.388274, 0.335837, -0.804737, 0.489502)

[35]
    Time: 0.566667
    HumanoidRootPart.CFrame = CFrame.new(0, 0, 0, 1, 0, 0, 0, 1, 0, 0, 0, 1)
    Torso.CFrame = CFrame.new(0.00587425, 0.285651, -0.134359, 0.658335, 0.656684, 0.367914, 0.74287, -0.487986, -0.458272, -0.121403, 0.575009, -0.809089)
    Left Leg.CFrame = CFrame.new(-0.313893, -0.0637408, 0.194428, 0.915531, -0.314736, 0.250488, 0.306825, 0.949106, 0.0711017, -0.260118, 0.0117606, 0.965505)
    Right Arm.CFrame = CFrame.new(0.339859, 0.478923, -0.149943, -0.797392, -0.590599, -0.123927, 0.571932, -0.805135, 0.157011, -0.192509, 0.0543217, 0.979791)
    Head.CFrame = CFrame.new(5.96046e-08, 2.98023e-08, 1.19209e-07, 0.653368, 0.754351, -0.0637558, -0.617106, 0.579488, 0.532329, 0.438509, -0.308463, 0.844133)
    Right Leg.CFrame = CFrame.new(1.05347, 0.2397, -0.155213, 0.973556, -0.0214057, 0.227443, 0.0176478, 0.999672, 0.0185437, -0.227765, -0.0140397, 0.973615)
    Left Arm.CFrame = CFrame.new(-0.348213, 0.828024, -0.0900122, -0.873447, 0.464136, 0.1472, -0.481155, -0.8691, -0.114693, 0.0746975, -0.171005, 0.982435)

[36]
    Time: 0.583333
    HumanoidRootPart.CFrame = CFrame.new(0, 0, 0, 1, 0, 0, 0, 1, 0, 0, 0, 1)
    Torso.CFrame = CFrame.new(0.00587425, 0.285651, -0.134359, 0.658335, 0.656684, 0.367914, 0.74287, -0.487986, -0.458272, -0.121403, 0.575009, -0.809089)
    Left Leg.CFrame = CFrame.new(-0.313893, -0.0637408, 0.194428, 0.915531, -0.314736, 0.250488, 0.306825, 0.949106, 0.0711017, -0.260118, 0.0117606, 0.965505)
    Right Arm.CFrame = CFrame.new(0.339859, 0.478923, -0.149943, -0.797392, -0.590599, -0.123927, 0.571932, -0.805135, 0.157011, -0.192509, 0.0543217, 0.979791)
    Head.CFrame = CFrame.new(5.96046e-08, 2.98023e-08, 1.19209e-07, 0.653368, 0.754351, -0.0637558, -0.617106, 0.579488, 0.532329, 0.438509, -0.308463, 0.844133)
    Right Leg.CFrame = CFrame.new(1.05347, 0.2397, -0.155213, 0.973556, -0.0214057, 0.227443, 0.0176478, 0.999672, 0.0185437, -0.227765, -0.0140397, 0.973615)
    Left Arm.CFrame = CFrame.new(-0.348213, 0.828024, -0.0900122, -0.873447, 0.464136, 0.1472, -0.481155, -0.8691, -0.114693, 0.0746975, -0.171005, 0.982435)

[37]
    Time: 0.600000
    HumanoidRootPart.CFrame = CFrame.new(0, 0, 0, 1, 0, 0, 0, 1, 0, 0, 0, 1)
    Torso.CFrame = CFrame.new(0.00587425, 0.285651, -0.134359, 0.658335, 0.656684, 0.367914, 0.74287, -0.487986, -0.458272, -0.121403, 0.575009, -0.809089)
    Left Leg.CFrame = CFrame.new(-0.313893, -0.0637408, 0.194428, 0.915531, -0.314736, 0.250488, 0.306825, 0.949106, 0.0711017, -0.260118, 0.0117606, 0.965505)
    Right Arm.CFrame = CFrame.new(0.339859, 0.478923, -0.149943, -0.797392, -0.590599, -0.123927, 0.571932, -0.805135, 0.157011, -0.192509, 0.0543217, 0.979791)
    Head.CFrame = CFrame.new(5.96046e-08, 2.98023e-08, 1.19209e-07, 0.653368, 0.754351, -0.0637558, -0.617106, 0.579488, 0.532329, 0.438509, -0.308463, 0.844133)
    Right Leg.CFrame = CFrame.new(1.05347, 0.2397, -0.155213, 0.973556, -0.0214057, 0.227443, 0.0176478, 0.999672, 0.0185437, -0.227765, -0.0140397, 0.973615)
    Left Arm.CFrame = CFrame.new(-0.348213, 0.828024, -0.0900122, -0.873447, 0.464136, 0.1472, -0.481155, -0.8691, -0.114693, 0.0746975, -0.171005, 0.982435)

[38]
    Time: 0.616667
    HumanoidRootPart.CFrame = CFrame.new(0, 0, 0, 1, 0, 0, 0, 1, 0, 0, 0, 1)
    Torso.CFrame = CFrame.new(0.00587425, 0.285651, -0.134359, 0.658335, 0.656684, 0.367914, 0.74287, -0.487986, -0.458272, -0.121403, 0.575009, -0.809089)
    Left Leg.CFrame = CFrame.new(-0.313893, -0.0637408, 0.194428, 0.915531, -0.314736, 0.250488, 0.306825, 0.949106, 0.0711017, -0.260118, 0.0117606, 0.965505)
    Right Arm.CFrame = CFrame.new(0.339859, 0.478923, -0.149943, -0.797392, -0.590599, -0.123927, 0.571932, -0.805135, 0.157011, -0.192509, 0.0543217, 0.979791)
    Head.CFrame = CFrame.new(5.96046e-08, 2.98023e-08, 1.19209e-07, 0.653368, 0.754351, -0.0637558, -0.617106, 0.579488, 0.532329, 0.438509, -0.308463, 0.844133)
    Right Leg.CFrame = CFrame.new(1.05347, 0.2397, -0.155213, 0.973556, -0.0214057, 0.227443, 0.0176478, 0.999672, 0.0185437, -0.227765, -0.0140397, 0.973615)
    Left Arm.CFrame = CFrame.new(-0.348213, 0.828024, -0.0900122, -0.873447, 0.464136, 0.1472, -0.481155, -0.8691, -0.114693, 0.0746975, -0.171005, 0.982435)
