[1]
    Time: 0.000000
    HumanoidRootPart.CFrame = CFrame.new(0, 0, 0, 1, 0, 0, 0, 1, 0, 0, 0, 1)
    Torso.CFrame = CFrame.new(1.4211, 0.0765244, -0.392653, 0.957468, -0.170217, -0.232982, 0.192542, 0.9783, 0.0765242, 0.214901, -0.118128, 0.969466)
    Head.CFrame = CFrame.new(5.58794e-08, -4.47035e-08, -3.57628e-07, 0.94847, 0.0521231, 0.312552, -0.0495504, 0.998641, -0.0161739, -0.31297, -0.00014662, 0.949763)
    Left Arm.CFrame = CFrame.new(-0.673156, 0.438987, 0.479537, -0.37602, -0.486312, 0.788739, 0.775148, -0.631469, -0.0198036, 0.507695, 0.603943, 0.614409)
    Right Arm.CFrame = CFrame.new(-0.015368, -0.345392, -0.221837, 0.392055, -0.047457, -0.918717, 0.199905, 0.9792, 0.0347264, 0.897959, -0.19727, 0.393387)
    Left Leg.CFrame = CFrame.new(-0.749364, -0.0642438, 0.0571098, 0.845819, -0.523333, 0.103502, 0.527977, 0.848973, -0.0220141, -0.0763495, 0.0732666, 0.994386)
    Right Leg.CFrame = CFrame.new(0.691484, 0.0233859, 0.225575, 0.63984, 0.714662, -0.282599, -0.685809, 0.696922, 0.209679, 0.3468, 0.0596478, 0.936041)

[2]
    Time: 0.033333
    HumanoidRootPart.CFrame = CFrame.new(0, 0, 0, 1, 0, 0, 0, 1, 0, 0, 0, 1)
    Torso.CFrame = CFrame.new(1.37212, 0.0463271, 0.458641, 0.971922, -0.153302, -0.178512, 0.163934, 0.985383, 0.0463269, 0.1688, -0.0742902, 0.982847)
    Head.CFrame = CFrame.new(0, 2.23517e-08, 1.19209e-07, 0.961542, 0.0281573, 0.273211, -0.0213098, 0.999381, -0.0279988, -0.27383, 0.0211, 0.961547)
    Left Arm.CFrame = CFrame.new(-0.499945, 0.574508, 0.232834, -0.508572, -0.362217, 0.781123, 0.29608, -0.925454, -0.236374, 0.808512, 0.111062, 0.577905)
    Right Arm.CFrame = CFrame.new(-0.0448039, -0.261857, -0.0133341, 0.410332, -0.0166522, -0.911784, 0.448324, 0.87435, 0.185791, 0.794125, -0.485011, 0.366239)
    Left Leg.CFrame = CFrame.new(-0.137532, -0.115171, 0.0249414, 0.944976, -0.250428, 0.210492, 0.254472, 0.967046, 0.00810584, -0.205586, 0.0459045, 0.977562)
    Right Leg.CFrame = CFrame.new(-0.116396, -0.0986409, 0.0284743, 0.865319, 0.324847, -0.381703, -0.289429, 0.945593, 0.14861, 0.409211, -0.0181198, 0.91226)

[3]
    Time: 0.066667
    HumanoidRootPart.CFrame = CFrame.new(0, 0, 0, 1, 0, 0, 0, 1, 0, 0, 0, 1)
    Torso.CFrame = CFrame.new(1.29896, 0.0603947, 1.18445, 0.976483, -0.197439, -0.0865983, 0.194644, 0.980071, -0.0396941, 0.0927095, 0.0219048, 0.995452)
    Head.CFrame = CFrame.new(2.36556e-07, -1.67638e-08, -5.36442e-07, 0.976435, 0.0652853, 0.205702, -0.0566349, 0.997256, -0.0476703, -0.20825, 0.034897, 0.977453)
    Left Arm.CFrame = CFrame.new(-0.202446, 0.783062, 0.331878, -0.488637, -0.0488245, 0.87112, -0.519705, -0.785691, -0.335554, 0.700815, -0.616689, 0.358543)
    Right Arm.CFrame = CFrame.new(-0.0627332, -0.0818043, 0.302417, 0.437531, -0.0768261, -0.895916, 0.777911, 0.532085, 0.334275, 0.451022, -0.843198, 0.292567)
    Left Leg.CFrame = CFrame.new(-0.267754, -0.0578382, 0.164921, 0.89083, -0.25643, 0.375054, 0.271959, 0.962235, 0.0119358, -0.363951, 0.0913666, 0.926926)
    Right Leg.CFrame = CFrame.new(-0.241352, -0.0836395, 0.0457362, 0.709438, 0.202217, -0.675134, -0.217219, 0.974056, 0.0634934, 0.670458, 0.101608, 0.734958)

[4]
    Time: 0.100000
    HumanoidRootPart.CFrame = CFrame.new(0, 0, 0, 1, 0, 0, 0, 1, 0, 0, 0, 1)
    Torso.CFrame = CFrame.new(1.21569, 0.141858, 1.42586, 0.986417, -0.16409, 0.00746396, 0.163344, 0.975116, -0.149894, 0.0173179, 0.149077, 0.988674)
    Head.CFrame = CFrame.new(2.56114e-07, 5.02914e-08, 1.19209e-07, 0.990152, 0.0276765, 0.137235, -0.0297189, 0.999476, 0.0128557, -0.136807, -0.0168076, 0.990455)
    Left Arm.CFrame = CFrame.new(0.0577172, 0.667639, 0.365685, -0.169935, 0.147963, 0.974284, -0.970019, -0.19942, -0.138906, 0.173739, -0.968679, 0.177416)
    Right Arm.CFrame = CFrame.new(-0.0235164, 0.0731751, 0.416452, 0.357502, -0.253551, -0.898835, 0.929813, 0.186711, 0.317154, 0.0874081, -0.949131, 0.302505)
    Left Leg.CFrame = CFrame.new(-0.446189, 0.257148, 0.450862, 0.737132, -0.257984, 0.624564, 0.262948, 0.960917, 0.086579, -0.622491, 0.100408, 0.77616)
    Right Leg.CFrame = CFrame.new(-0.138723, -0.0626506, 0.29518, 0.483702, 0.118625, -0.867157, -0.362258, 0.929057, -0.0749749, 0.796745, 0.3504, 0.49236)

[5]
    Time: 0.133333
    HumanoidRootPart.CFrame = CFrame.new(0, 0, 0, 1, 0, 0, 0, 1, 0, 0, 0, 1)
    Torso.CFrame = CFrame.new(1.10312, 0.240923, 1.47242, 0.991246, -0.10241, 0.08333, 0.120102, 0.961561, -0.246935, -0.0548382, 0.254781, 0.965443)
    Head.CFrame = CFrame.new(2.00293e-07, -2.38884e-07, -1.19209e-07, 0.99905, -0.000539628, 0.0435787, -0.00453223, 0.993216, 0.1162, -0.0433458, -0.116287, 0.992269)
    Left Arm.CFrame = CFrame.new(0.185474, 0.462831, 0.335493, 0.0340218, 0.086791, 0.995646, -0.981632, 0.190025, 0.0169784, -0.187724, -0.977935, 0.0916618)
    Right Arm.CFrame = CFrame.new(0.0332587, 0.172066, 0.433352, 0.161442, -0.37304, -0.913662, 0.919228, -0.280039, 0.276763, -0.359105, -0.884545, 0.297699)
    Left Leg.CFrame = CFrame.new(-0.657706, 0.60789, 1.04097, 0.333268, -0.465206, 0.82007, 0.809773, 0.586732, 0.00375555, -0.482908, 0.662819, 0.572251)
    Right Leg.CFrame = CFrame.new(0.105589, 0.290619, 1.13341, 0.291925, 0.222217, -0.930268, -0.848317, 0.509382, -0.14453, 0.441745, 0.831354, 0.337212)

[6]
    Time: 0.166667
    HumanoidRootPart.CFrame = CFrame.new(0, 0, 0, 1, 0, 0, 0, 1, 0, 0, 0, 1)
    Torso.CFrame = CFrame.new(0.961518, 0.257777, 1.49023, 0.987273, -0.0753038, 0.140079, 0.113068, 0.951761, -0.285248, -0.111842, 0.297456, 0.948162)
    Head.CFrame = CFrame.new(-2.18861e-08, -8.19564e-08, -5.96046e-08, 0.997141, 0.028687, -0.0699043, -0.0170237, 0.986634, 0.162058, 0.0736189, -0.160404, 0.984302)
    Left Arm.CFrame = CFrame.new(0.235084, 0.218276, 0.270468, 0.0552365, 0.0183321, 0.998305, -0.931528, 0.360885, 0.0449147, -0.35945, -0.93243, 0.0370109)
    Right Arm.CFrame = CFrame.new(0.0735632, 0.205831, 0.482543, -0.0937114, -0.298636, -0.949755, 0.582089, -0.790355, 0.191081, -0.807707, -0.534935, 0.247898)
    Left Leg.CFrame = CFrame.new(-0.600466, 0.781082, 1.10955, 0.0622335, -0.477507, 0.876421, 0.856766, 0.475977, 0.198492, -0.511937, 0.738535, 0.438734)
    Right Leg.CFrame = CFrame.new(0.161235, 0.474864, 1.20217, 0.167698, 0.266378, -0.949168, -0.909408, 0.413504, -0.0446259, 0.380598, 0.870665, 0.31159)

[7]
    Time: 0.200000
    HumanoidRootPart.CFrame = CFrame.new(0, 0, 0, 1, 0, 0, 0, 1, 0, 0, 0, 1)
    Torso.CFrame = CFrame.new(0.798048, 0.254859, 1.46621, 0.979214, -0.0809379, 0.18598, 0.129486, 0.955221, -0.266058, -0.156117, 0.284609, 0.945846)
    Head.CFrame = CFrame.new(7.41566e-08, 8.6613e-08, -4.17233e-07, 0.983183, 0.0720745, -0.167799, -0.0409967, 0.982482, 0.181792, 0.177962, -0.171856, 0.968914)
    Left Arm.CFrame = CFrame.new(0.260888, -0.0320053, 0.169783, 0.0752348, -0.0549278, 0.995652, -0.862417, 0.497653, 0.0926213, -0.500577, -0.865635, -0.00992969)
    Right Arm.CFrame = CFrame.new(0.0965696, 0.176826, 0.577741, -0.206772, -0.0949281, -0.973773, 0.0689042, -0.994224, 0.0822905, -0.97596, -0.0500817, 0.212119)
    Left Leg.CFrame = CFrame.new(-0.580774, 0.860038, 0.94125, 0.360776, -0.401215, 0.841942, 0.720175, 0.693449, 0.0218544, -0.592612, 0.598461, 0.539125)
    Right Leg.CFrame = CFrame.new(0.199282, 0.71961, 0.924298, 0.20639, 0.240382, -0.948483, -0.734485, 0.678516, 0.012138, 0.646479, 0.694141, 0.316596)

[8]
    Time: 0.233333
    HumanoidRootPart.CFrame = CFrame.new(0, 0, 0, 1, 0, 0, 0, 1, 0, 0, 0, 1)
    Torso.CFrame = CFrame.new(0.623993, 0.236284, 1.36671, 0.972629, -0.0736734, 0.220376, 0.122117, 0.96894, -0.21504, -0.197688, 0.236066, 0.951416)
    Head.CFrame = CFrame.new(1.21072e-07, 4.09782e-08, -1.19209e-07, 0.966014, 0.0857859, -0.243842, -0.0389459, 0.980859, 0.190786, 0.255541, -0.174805, 0.950864)
    Left Arm.CFrame = CFrame.new(0.304658, -0.257627, 0.0233427, 0.140232, -0.117259, 0.983151, -0.661511, 0.727728, 0.18115, -0.736708, -0.675768, 0.0244831)
    Right Arm.CFrame = CFrame.new(0.114722, 0.120037, 0.702564, -0.189865, 0.0537689, -0.980337, -0.326816, -0.945019, 0.0114637, -0.92582, 0.322566, 0.196998)
    Left Leg.CFrame = CFrame.new(-0.615418, 0.700572, 0.546993, 0.594094, -0.303878, 0.744789, 0.418981, 0.907282, 0.0359693, -0.686664, 0.290683, 0.66633)
    Right Leg.CFrame = CFrame.new(0.204904, 0.322314, 0.676448, 0.301115, 0.169033, -0.938487, -0.576261, 0.816389, -0.0378528, 0.759772, 0.552211, 0.343234)

[9]
    Time: 0.266667
    HumanoidRootPart.CFrame = CFrame.new(0, 0, 0, 1, 0, 0, 0, 1, 0, 0, 0, 1)
    Torso.CFrame = CFrame.new(0.450384, 0.196859, 1.04227, 0.960938, -0.140047, 0.238715, 0.175095, 0.975597, -0.132484, -0.214335, 0.169106, 0.96201)
    Head.CFrame = CFrame.new(-2.52388e-07, 1.2666e-07, 3.57628e-07, 0.947467, 0.151803, -0.281534, -0.109689, 0.981032, 0.159829, 0.300456, -0.120551, 0.946147)
    Left Arm.CFrame = CFrame.new(0.358492, -0.432161, -0.147441, 0.202016, -0.15219, 0.967485, -0.294876, 0.932563, 0.208268, -0.933937, -0.327361, 0.143515)
    Right Arm.CFrame = CFrame.new(0.12297, 0.08004, 0.811585, -0.139717, 0.105735, -0.98453, -0.58855, -0.808454, -0.00330247, -0.796296, 0.578984, 0.175186)
    Left Leg.CFrame = CFrame.new(-0.464303, 0.243216, -0.0181486, 0.826755, -0.121335, 0.549322, 0.0287364, 0.984297, 0.174163, -0.561828, -0.128205, 0.817259)
    Right Leg.CFrame = CFrame.new(0.00860239, -0.157385, 0.10102, 0.41048, 0.0725145, -0.908982, -0.311196, 0.948128, -0.064893, 0.857125, 0.309509, 0.411753)

[10]
    Time: 0.300000
    HumanoidRootPart.CFrame = CFrame.new(0, 0, 0, 1, 0, 0, 0, 1, 0, 0, 0, 1)
    Torso.CFrame = CFrame.new(0.289212, 0.130411, 0.181985, 0.950566, -0.200159, 0.237402, 0.210709, 0.977351, -0.0196582, -0.22809, 0.0687091, 0.971213)
    Head.CFrame = CFrame.new(1.45286e-07, 7.45058e-09, 1.19209e-07, 0.932586, 0.178922, -0.313481, -0.182785, 0.983001, 0.0172857, 0.311245, 0.0411792, 0.949437)
    Left Arm.CFrame = CFrame.new(0.405522, -0.533677, -0.290078, 0.244231, -0.178834, 0.953084, 0.049744, 0.983864, 0.171862, -0.96844, 0.00543616, 0.249186)
    Right Arm.CFrame = CFrame.new(0.10943, 0.0947797, 0.893907, -0.122853, 0.090044, -0.988332, -0.752712, -0.657489, 0.0336626, -0.646786, 0.748064, 0.148552)
    Left Leg.CFrame = CFrame.new(-0.238765, 0.0666068, -0.139885, 0.928892, -0.0639414, 0.364788, -0.0303437, 0.968531, 0.247035, -0.369105, -0.240538, 0.897721)
    Right Leg.CFrame = CFrame.new(-0.193458, -0.187688, 0.0113376, 0.723673, 0.0812305, -0.685346, -0.197145, 0.976002, -0.0924899, 0.661386, 0.202045, 0.72232)

[11]
    Time: 0.333333
    HumanoidRootPart.CFrame = CFrame.new(0, 0, 0, 1, 0, 0, 0, 1, 0, 0, 0, 1)
    Torso.CFrame = CFrame.new(0.114191, 0.0674701, -0.384208, 0.963482, -0.180455, 0.197834, 0.170272, 0.983084, 0.06747, -0.206663, -0.0313205, 0.977911)
    Head.CFrame = CFrame.new(7.63685e-08, 3.72529e-09, -1.78814e-07, 0.940622, 0.122738, -0.31649, -0.177446, 0.972602, -0.150192, 0.289385, 0.197434, 0.93663)
    Left Arm.CFrame = CFrame.new(0.425714, -0.565489, -0.348421, 0.259391, -0.189842, 0.94693, 0.188329, 0.97161, 0.143201, -0.947232, 0.14119, 0.287779)
    Right Arm.CFrame = CFrame.new(0.095393, 0.110529, 0.98736, -0.218065, 0.124901, -0.967909, -0.81379, -0.570712, 0.109697, -0.538696, 0.811596, 0.226096)
    Left Leg.CFrame = CFrame.new(-1.03069, 0.315264, 0.0890192, 0.7511, -0.567767, 0.336884, 0.458636, 0.815789, 0.352337, -0.474872, -0.110133, 0.873137)
    Right Leg.CFrame = CFrame.new(0.53967, -0.218081, 0.391435, 0.73319, 0.52049, -0.437632, -0.619034, 0.777234, -0.112714, 0.281476, 0.35355, 0.892062)

[12]
    Time: 0.366667
    HumanoidRootPart.CFrame = CFrame.new(0, 0, 0, 1, 0, 0, 0, 1, 0, 0, 0, 1)
    Torso.CFrame = CFrame.new(-0.065763, 0.0989728, -0.13357, 0.98113, -0.0932517, 0.169375, 0.0936612, 0.995588, 0.00558828, -0.169149, 0.0103811, 0.985536)
    Head.CFrame = CFrame.new(-3.72529e-09, 9.31323e-10, 1.19209e-07, 0.948521, 0.0411608, -0.314027, -0.0908178, 0.985229, -0.145178, 0.303413, 0.166224, 0.938249)
    Left Arm.CFrame = CFrame.new(0.393074, -0.521737, -0.240631, 0.250289, -0.148993, 0.956638, 0.0337733, 0.98883, 0.14517, -0.967582, -0.00402575, 0.252525)
    Right Arm.CFrame = CFrame.new(0.104305, 0.444646, 0.609503, -0.315876, 0.177294, -0.932089, -0.722333, -0.681901, 0.115086, -0.615189, 0.709632, 0.343462)
    Left Leg.CFrame = CFrame.new(-0.685751, 0.260887, 0.0874013, 0.798146, -0.36676, 0.477965, 0.226619, 0.917851, 0.325874, -0.558218, -0.151779, 0.815693)
    Right Leg.CFrame = CFrame.new(0.190001, -0.17619, 0.204237, 0.892877, 0.220164, -0.392808, -0.314874, 0.928863, -0.195111, 0.321909, 0.297895, 0.898684)

[13]
    Time: 0.400000
    HumanoidRootPart.CFrame = CFrame.new(0, 0, 0, 1, 0, 0, 0, 1, 0, 0, 0, 1)
    Torso.CFrame = CFrame.new(-0.202927, 0.173099, 0.432016, 0.991164, -0.02776, 0.129702, 0.0442105, 0.991079, -0.125731, -0.125055, 0.130354, 0.983549)
    Head.CFrame = CFrame.new(9.38307e-08, -4.79631e-08, -4.76837e-07, 0.950301, -0.00719753, -0.31125, -0.00789541, 0.998854, -0.0472042, 0.311233, 0.0473157, 0.949155)
    Left Arm.CFrame = CFrame.new(0.328615, -0.38788, 0.0100914, 0.172942, -0.0334634, 0.984363, -0.448435, 0.887151, 0.108944, -0.876925, -0.460264, 0.138419)
    Right Arm.CFrame = CFrame.new(0.122016, 0.762425, 0.272199, -0.424457, 0.152333, -0.892542, -0.281465, -0.959108, -0.0298404, -0.86059, 0.238553, 0.449976)
    Left Leg.CFrame = CFrame.new(-0.102592, 0.0516964, -0.160291, 0.75376, 0.0437908, 0.65569, -0.189519, 0.969869, 0.153091, -0.629229, -0.23966, 0.739347)
    Right Leg.CFrame = CFrame.new(0.0180266, -0.0920565, 0.0317186, 0.883064, -0.0408619, -0.467471, -0.0257428, 0.990483, -0.135208, 0.468547, 0.131431, 0.873607)

[14]
    Time: 0.433333
    HumanoidRootPart.CFrame = CFrame.new(0, 0, 0, 1, 0, 0, 0, 1, 0, 0, 0, 1)
    Torso.CFrame = CFrame.new(-0.339265, 0.247408, 1.02795, 0.997129, 0.00138924, 0.0757137, 0.0181581, 0.966276, -0.256868, -0.0735172, 0.257505, 0.963476)
    Head.CFrame = CFrame.new(7.77509e-08, -4.45289e-08, 3.57628e-07, 0.959531, -0.0266977, -0.280336, 0.0487247, 0.996221, 0.0718992, 0.277357, -0.0826488, 0.957205)
    Left Arm.CFrame = CFrame.new(0.2951, -0.150852, 0.257215, -0.051886, 0.037774, 0.997938, -0.945022, 0.321211, -0.0612934, -0.322863, -0.946254, 0.019031)
    Right Arm.CFrame = CFrame.new(-0.101087, 0.589774, 0.411669, -0.442247, -0.0246363, -0.896555, 0.535807, -0.808895, -0.242072, -0.719255, -0.587436, 0.370932)
    Left Leg.CFrame = CFrame.new(-0.322762, 0.0281907, 0.201472, 0.639343, 0.0128812, 0.768814, 0.140023, 0.981191, -0.132882, -0.756065, 0.192608, 0.625514)
    Right Leg.CFrame = CFrame.new(0.577326, 0.406137, 0.323852, 0.721603, 0.199586, -0.662913, -0.257339, 0.966261, 0.0107957, 0.642702, 0.162803, 0.748618)

[15]
    Time: 0.466667
    HumanoidRootPart.CFrame = CFrame.new(0, 0, 0, 1, 0, 0, 0, 1, 0, 0, 0, 1)
    Torso.CFrame = CFrame.new(-0.482163, 0.281997, 1.39183, 0.99979, 0.0127277, 0.0160401, -0.00701484, 0.948846, -0.315663, -0.0192372, 0.315484, 0.948736)
    Head.CFrame = CFrame.new(5.64178e-08, 1.18744e-07, 3.57628e-07, 0.981172, -0.0403908, -0.188867, 0.0692159, 0.98647, 0.148614, 0.180309, -0.158888, 0.970692)
    Left Arm.CFrame = CFrame.new(0.323231, 0.106642, 0.361676, -0.248374, -0.0461904, 0.967562, -0.921289, -0.297291, -0.250688, 0.299227, -0.953669, 0.031285)
    Right Arm.CFrame = CFrame.new(-0.0251546, 0.269191, 0.399048, -0.250172, -0.151753, -0.956235, 0.94782, -0.239966, -0.209888, -0.197613, -0.958847, 0.203867)
    Left Leg.CFrame = CFrame.new(-0.495396, 0.00455528, 0.739148, 0.541327, -0.193427, 0.818261, 0.699458, 0.643661, -0.310578, -0.466609, 0.740463, 0.483725)
    Right Leg.CFrame = CFrame.new(0.219297, 0.403778, 0.712901, 0.498381, 0.0766108, -0.863566, -0.384765, 0.912161, -0.141134, 0.776899, 0.402608, 0.484081)

[16]
    Time: 0.500000
    HumanoidRootPart.CFrame = CFrame.new(0, 0, 0, 1, 0, 0, 0, 1, 0, 0, 0, 1)
    Torso.CFrame = CFrame.new(-0.629271, 0.248443, 1.44625, 0.998218, 0.0372065, -0.0466563, -0.050015, 0.948104, -0.314001, 0.0325522, 0.315775, 0.948276)
    Head.CFrame = CFrame.new(1.55298e-07, 5.02914e-08, 0, 0.996073, -0.0751214, -0.0468578, 0.0828629, 0.977395, 0.194508, 0.0311868, -0.197627, 0.979781)
    Left Arm.CFrame = CFrame.new(0.352189, 0.298344, 0.372818, -0.321169, -0.150393, 0.935004, -0.696246, -0.631756, -0.340774, 0.641944, -0.760439, 0.0981902)
    Right Arm.CFrame = CFrame.new(0.0609338, 0.0959414, 0.378516, -0.0960908, -0.18392, -0.978233, 0.980569, 0.151375, -0.124781, 0.17103, -0.971215, 0.1658)
    Left Leg.CFrame = CFrame.new(-0.480833, 0.135205, 0.932108, 0.263845, -0.372527, 0.889724, 0.940546, 0.303928, -0.151662, -0.213914, 0.876842, 0.430569)
    Right Leg.CFrame = CFrame.new(0.309365, 0.64847, 1.33651, 0.260673, 0.290762, -0.920601, -0.777664, 0.628304, -0.0217567, 0.572092, 0.72159, 0.389897)

[17]
    Time: 0.533333
    HumanoidRootPart.CFrame = CFrame.new(0, 0, 0, 1, 0, 0, 0, 1, 0, 0, 0, 1)
    Torso.CFrame = CFrame.new(-0.772895, 0.163167, 1.45296, 0.986937, 0.112014, -0.115794, -0.138262, 0.957833, -0.251871, 0.0826979, 0.264591, 0.960808)
    Head.CFrame = CFrame.new(1.86265e-09, 5.96046e-08, 1.19209e-07, 0.980138, -0.164955, 0.110091, 0.140485, 0.969328, 0.201663, -0.13998, -0.182191, 0.973248)
    Left Arm.CFrame = CFrame.new(0.299804, 0.517916, 0.34332, -0.318771, -0.233835, 0.918535, -0.397514, -0.846763, -0.353518, 0.860446, -0.477822, 0.176971)
    Right Arm.CFrame = CFrame.new(0.129161, 0.0403301, 0.369825, 0.00983633, -0.199191, -0.979911, 0.926162, 0.371275, -0.066174, 0.376998, -0.906906, 0.188135)
    Left Leg.CFrame = CFrame.new(-0.391362, 0.0394182, 0.920006, 0.200441, -0.313096, 0.928329, 0.936842, 0.338468, -0.0881247, -0.286619, 0.887361, 0.361164)
    Right Leg.CFrame = CFrame.new(0.337706, 0.79473, 1.22454, 0.390679, 0.248604, -0.886322, -0.631169, 0.773216, -0.0613317, 0.670071, 0.58338, 0.458991)

[18]
    Time: 0.566667
    HumanoidRootPart.CFrame = CFrame.new(0, 0, 0, 1, 0, 0, 0, 1, 0, 0, 0, 1)
    Torso.CFrame = CFrame.new(-0.897203, 0.0285249, 1.43932, 0.964657, 0.195523, -0.176654, -0.217174, 0.969598, -0.112762, 0.149236, 0.147141, 0.977792)
    Head.CFrame = CFrame.new(2.79397e-08, -5.21541e-08, -1.78814e-07, 0.933681, -0.252338, 0.254096, 0.2208, 0.964287, 0.146283, -0.281935, -0.0804773, 0.956052)
    Left Arm.CFrame = CFrame.new(0.233294, 0.894553, 0.293598, -0.253864, -0.279101, 0.926097, 0.111029, -0.959543, -0.258745, 0.960846, 0.0371372, 0.274582)
    Right Arm.CFrame = CFrame.new(0.173164, -0.00406596, 0.357361, 0.127987, -0.189752, -0.973455, 0.837087, 0.54706, 0.00342143, 0.531888, -0.815304, 0.228855)
    Left Leg.CFrame = CFrame.new(-0.262049, -0.309087, 0.663793, 0.260426, -0.199106, 0.944741, 0.862286, 0.488147, -0.134818, -0.434329, 0.849747, 0.298812)
    Right Leg.CFrame = CFrame.new(0.327648, 0.738969, 0.79433, 0.587288, 0.141153, -0.796975, -0.235972, 0.971758, -0.00177782, 0.774216, 0.189108, 0.60401)

[19]
    Time: 0.600000
    HumanoidRootPart.CFrame = CFrame.new(0, 0, 0, 1, 0, 0, 0, 1, 0, 0, 0, 1)
    Torso.CFrame = CFrame.new(-0.984371, -0.0955696, 1.32917, 0.956957, 0.197647, -0.212531, -0.19376, 0.980266, 0.0391791, 0.216081, 0.00368735, 0.976368)
    Head.CFrame = CFrame.new(8.19564e-08, 3.72529e-08, 2.38419e-07, 0.907168, -0.235653, 0.348589, 0.240587, 0.970172, 0.0297526, -0.345203, 0.0568754, 0.936803)
    Left Arm.CFrame = CFrame.new(0.0491831, 0.86015, 0.23753, -0.187379, -0.256355, 0.948247, 0.597845, -0.795724, -0.0969837, 0.779404, 0.548731, 0.302362)
    Right Arm.CFrame = CFrame.new(0.181364, -0.138242, 0.314549, 0.294004, -0.105275, -0.949989, 0.653735, 0.747226, 0.119513, 0.697275, -0.656178, 0.28851)
    Left Leg.CFrame = CFrame.new(-0.144295, -0.291783, 0.138931, 0.453093, -0.184135, 0.872239, 0.574328, 0.808614, -0.127637, -0.681802, 0.558783, 0.472131)
    Right Leg.CFrame = CFrame.new(0.0208308, 0.335222, 0.167574, 0.70251, 0.00150939, -0.711673, 0.236842, 0.942501, 0.235792, 0.671108, -0.3342, 0.661759)

[20]
    Time: 0.633333
    HumanoidRootPart.CFrame = CFrame.new(0, 0, 0, 1, 0, 0, 0, 1, 0, 0, 0, 1)
    Torso.CFrame = CFrame.new(-1.02802, -0.108921, 0.885503, 0.951779, 0.215692, -0.218157, -0.189557, 0.972599, 0.134609, 0.241214, -0.0867644, 0.966586)
    Head.CFrame = CFrame.new(2.01166e-07, 8.19564e-08, -3.57628e-07, 0.905711, -0.227017, 0.357982, 0.271671, 0.959134, -0.0790984, -0.325396, 0.168894, 0.930372)
    Left Arm.CFrame = CFrame.new(-0.0171638, 0.580609, 0.386633, -0.167546, -0.230793, 0.958469, 0.76289, -0.646146, -0.0222295, 0.624441, 0.727482, 0.284329)
    Right Arm.CFrame = CFrame.new(-0.000682287, -0.397676, 0.0567195, 0.493145, 0.0678898, -0.867294, 0.144051, 0.976815, 0.15837, 0.857938, -0.203034, 0.471932)
    Left Leg.CFrame = CFrame.new(-0.0709109, -0.252241, -0.000922918, 0.725195, -0.152668, 0.671405, 0.39698, 0.889431, -0.22654, -0.562583, 0.43082, 0.705616)
    Right Leg.CFrame = CFrame.new(-0.0749293, 0.177668, -0.0317581, 0.831907, -0.0508426, -0.552581, 0.322152, 0.855055, 0.406325, 0.451829, -0.516039, 0.727705)

[21]
    Time: 0.666667
    HumanoidRootPart.CFrame = CFrame.new(0, 0, 0, 1, 0, 0, 0, 1, 0, 0, 0, 1)
    Torso.CFrame = CFrame.new(-1.11597, -0.103267, -0.152021, 0.953328, 0.248981, -0.170807, -0.225518, 0.963311, 0.14551, 0.200769, -0.100199, 0.974501)
    Head.CFrame = CFrame.new(1.33179e-07, 3.72529e-08, 0, 0.922711, -0.257116, 0.287223, 0.303787, 0.943667, -0.131172, -0.237316, 0.208288, 0.94884)
    Left Arm.CFrame = CFrame.new(0.00463466, 0.44123, 0.445064, -0.163351, -0.234092, 0.958393, 0.749696, -0.660926, -0.0336545, 0.641305, 0.713006, 0.283461)
    Right Arm.CFrame = CFrame.new(-0.179754, -0.536769, -0.169757, 0.600291, 0.205558, -0.772914, -0.243931, 0.967417, 0.0678355, 0.761675, 0.147817, 0.630874)
    Left Leg.CFrame = CFrame.new(-0.618689, -0.374929, 0.198662, 0.848098, -0.331972, 0.412947, 0.498688, 0.763437, -0.410456, -0.178999, 0.554038, 0.81302)
    Right Leg.CFrame = CFrame.new(0.679288, 0.370464, 0.000274062, 0.960773, 0.209615, -0.181596, -0.0842688, 0.844473, 0.528928, 0.264225, -0.492877, 0.82901)

[22]
    Time: 0.700000
    HumanoidRootPart.CFrame = CFrame.new(0, 0, 0, 1, 0, 0, 0, 1, 0, 0, 0, 1)
    Torso.CFrame = CFrame.new(-1.1882, -0.112084, -0.378326, 0.95497, 0.273445, -0.115154, -0.257311, 0.956504, 0.137443, 0.147729, -0.101624, 0.983793)
    Head.CFrame = CFrame.new(-2.42144e-08, -5.40167e-08, 2.38419e-07, 0.934789, -0.289915, 0.205229, 0.324029, 0.932704, -0.158331, -0.145515, 0.214506, 0.965822)
    Left Arm.CFrame = CFrame.new(0.0234916, 0.508868, 0.505065, -0.0996941, -0.220999, 0.970165, 0.827036, -0.560525, -0.0426984, 0.553238, 0.798105, 0.238655)
    Right Arm.CFrame = CFrame.new(-0.0888517, -0.489588, -0.0815225, 0.645576, 0.153156, -0.748181, -0.102798, 0.988196, 0.113587, 0.756746, 0.00358215, 0.6537)
    Left Leg.CFrame = CFrame.new(-0.934277, -0.132061, 0.289141, 0.810211, -0.489062, 0.323074, 0.578961, 0.75374, -0.310935, -0.0914471, 0.43897, 0.893836)
    Right Leg.CFrame = CFrame.new(1.02428, 0.409021, -0.243013, 0.948052, 0.293758, 0.122082, -0.314587, 0.808752, 0.496946, 0.0472482, -0.509536, 0.859151)

[23]
    Time: 0.733333
    HumanoidRootPart.CFrame = CFrame.new(0, 0, 0, 1, 0, 0, 0, 1, 0, 0, 0, 1)
    Torso.CFrame = CFrame.new(-1.1583, -0.0932693, 0.0981278, 0.964933, 0.25192, -0.073766, -0.244628, 0.964919, 0.0953374, 0.0951955, -0.073949, 0.992708)
    Head.CFrame = CFrame.new(1.28173e-07, 4.65661e-08, -1.19209e-07, 0.957895, -0.257312, 0.127392, 0.272392, 0.954692, -0.119855, -0.0907799, 0.149509, 0.984584)
    Left Arm.CFrame = CFrame.new(0.056689, 0.629206, 0.420319, -0.0555909, -0.200671, 0.97808, 0.598901, -0.790503, -0.128146, 0.798891, 0.57865, 0.164127)
    Right Arm.CFrame = CFrame.new(0.114196, -0.219165, 0.241095, 0.579238, -0.00445042, -0.815147, 0.344134, 0.907839, 0.239583, 0.738956, -0.419295, 0.527386)
    Left Leg.CFrame = CFrame.new(-0.32959, -0.296775, 0.251196, 0.925646, -0.159953, 0.34292, 0.27489, 0.907039, -0.318928, -0.260028, 0.38948, 0.883567)
    Right Leg.CFrame = CFrame.new(0.174758, 0.0606799, 0.0763453, 0.993053, -0.117522, -0.00593278, 0.112536, 0.933766, 0.339731, -0.0343859, -0.338038, 0.940504)

[24]
    Time: 0.766667
    HumanoidRootPart.CFrame = CFrame.new(0, 0, 0, 1, 0, 0, 0, 1, 0, 0, 0, 1)
    Torso.CFrame = CFrame.new(-1.09111, -0.0309577, 0.856479, 0.9791, 0.198963, -0.042157, -0.198916, 0.980002, 0.0053474, 0.0423778, 0.00315005, 0.999097)
    Head.CFrame = CFrame.new(1.28057e-07, -3.72529e-09, 3.57628e-07, 0.985246, -0.169453, 0.0240078, 0.170007, 0.985167, -0.0233128, -0.0197013, 0.0270503, 0.99944)
    Left Arm.CFrame = CFrame.new(0.124603, 0.73027, 0.352734, -0.0751632, -0.229895, 0.970309, -0.331672, -0.911895, -0.241747, 0.940396, -0.339995, -0.00770862)
    Right Arm.CFrame = CFrame.new(0.230097, 0.158792, 0.472071, 0.362549, -0.104994, -0.926032, 0.847811, 0.449773, 0.280929, 0.387008, -0.88695, 0.25208)
    Left Leg.CFrame = CFrame.new(-0.0282579, -0.130738, 0.153186, 0.825661, -0.00275353, 0.56416, 0.158106, 0.961046, -0.226702, -0.541559, 0.276376, 0.793933)
    Right Leg.CFrame = CFrame.new(-0.00339539, -0.00144768, 0.0792327, 0.922664, -0.11618, -0.367687, 0.189104, 0.967325, 0.168882, 0.336052, -0.225353, 0.914486)

[25]
    Time: 0.800000
    HumanoidRootPart.CFrame = CFrame.new(0, 0, 0, 1, 0, 0, 0, 1, 0, 0, 0, 1)
    Torso.CFrame = CFrame.new(-1.00377, 0.0522188, 1.33616, 0.994313, 0.105708, -0.0129116, -0.10649, 0.988, -0.111873, 0.000930769, 0.112612, 0.993639)
    Head.CFrame = CFrame.new(4.56348e-08, 5.21541e-08, 0, 0.9949, -0.051431, -0.0867665, 0.0600061, 0.993246, 0.0993059, 0.081073, -0.104006, 0.991267)
    Left Arm.CFrame = CFrame.new(0.207562, 0.720917, 0.359349, -0.16009, -0.250539, 0.954778, -0.926875, -0.294539, -0.232701, 0.339521, -0.922213, -0.185066)
    Right Arm.CFrame = CFrame.new(0.121964, 0.41871, 0.438807, 0.185556, -0.0573883, -0.980957, 0.977182, -0.0942387, 0.190355, -0.103368, -0.993894, 0.0385923)
    Left Leg.CFrame = CFrame.new(0.119106, 0.0573351, 0.0663443, 0.652167, 0.0324466, 0.75738, 0.193352, 0.958921, -0.207573, -0.733003, 0.281813, 0.619103)
    Right Leg.CFrame = CFrame.new(0.208303, 0.168252, 0.40395, 0.67089, 0.134608, -0.729238, -0.162637, 0.986154, 0.0324073, 0.723503, 0.0968591, 0.683493)

[26]
    Time: 0.833333
    HumanoidRootPart.CFrame = CFrame.new(0, 0, 0, 1, 0, 0, 0, 1, 0, 0, 0, 1)
    Torso.CFrame = CFrame.new(-0.884897, 0.142707, 1.52057, 0.998869, 0.0369077, 0.0299732, -0.0295421, 0.975731, -0.216972, -0.0372537, 0.215841, 0.975718)
    Head.CFrame = CFrame.new(3.46918e-08, 5.21541e-08, 0, 0.989517, 0.0424927, -0.138024, -0.00825199, 0.970808, 0.239717, 0.144181, -0.236065, 0.960981)
    Left Arm.CFrame = CFrame.new(0.232539, 0.395887, 0.360433, -0.126721, -0.186241, 0.974298, -0.990046, 0.0843885, -0.112638, -0.0612415, -0.978873, -0.195081)
    Right Arm.CFrame = CFrame.new(-0.0764346, 0.563125, 0.349725, 0.0758522, 0.0332176, -0.996566, 0.89442, -0.444043, 0.0532768, -0.440749, -0.895389, -0.0633922)
    Left Leg.CFrame = CFrame.new(-0.242888, 0.167457, 0.722806, 0.494016, -0.230632, 0.838306, 0.667797, 0.71808, -0.195979, -0.556772, 0.656635, 0.508758)
    Right Leg.CFrame = CFrame.new(0.197023, 0.412122, 0.871531, 0.380201, 0.268193, -0.885166, -0.623606, 0.781117, -0.0311871, 0.683054, 0.563852, 0.464228)

[27]
    Time: 0.866667
    HumanoidRootPart.CFrame = CFrame.new(0, 0, 0, 1, 0, 0, 0, 1, 0, 0, 0, 1)
    Torso.CFrame = CFrame.new(-0.742806, 0.220024, 1.53265, 0.99598, 0.0341914, 0.0827897, -0.00947943, 0.959323, -0.282152, -0.0890693, 0.280233, 0.955791)
    Head.CFrame = CFrame.new(1.29745e-07, -2.04891e-07, -4.17233e-07, 0.977722, 0.0788512, -0.19453, -0.00642492, 0.937568, 0.347743, 0.209805, -0.338747, 0.917187)
    Left Arm.CFrame = CFrame.new(0.236018, 0.122468, 0.338579, 0.00363769, -0.125957, 0.992029, -0.969388, 0.243108, 0.0344217, -0.245506, -0.961787, -0.121217)
    Right Arm.CFrame = CFrame.new(-0.194428, 0.688995, 0.287671, -0.0562799, 0.170978, -0.983666, 0.729636, -0.665471, -0.157416, -0.681516, -0.726578, -0.0872994)
    Left Leg.CFrame = CFrame.new(-0.377659, -0.0603633, 1.14308, 0.436572, -0.338611, 0.833515, 0.885315, 0.326529, -0.331053, -0.160069, 0.882452, 0.442331)
    Right Leg.CFrame = CFrame.new(0.15092, 0.0422154, 1.12209, 0.329035, 0.252903, -0.909822, -0.864119, 0.469195, -0.182085, 0.380834, 0.846106, 0.37292)

[28]
    Time: 0.900000
    HumanoidRootPart.CFrame = CFrame.new(0, 0, 0, 1, 0, 0, 0, 1, 0, 0, 0, 1)
    Torso.CFrame = CFrame.new(-0.600184, 0.25464, 1.52082, 0.990908, 0.0430566, 0.127468, -0.0002521, 0.948003, -0.318261, -0.134543, 0.315335, 0.939394)
    Head.CFrame = CFrame.new(1.54138e-07, 2.03028e-07, 1.19209e-07, 0.965329, 0.104351, -0.239272, 0.00758403, 0.905023, 0.425294, 0.260927, -0.412364, 0.872854)
    Left Arm.CFrame = CFrame.new(0.242984, -0.00598764, 0.276279, 0.101717, -0.126614, 0.986723, -0.903002, 0.404435, 0.144982, -0.417422, -0.90576, -0.0731949)
    Right Arm.CFrame = CFrame.new(-0.167126, 0.854486, 0.250691, -0.202973, 0.336907, -0.9194, 0.326131, -0.862075, -0.3879, -0.923277, -0.378577, 0.0651017)
    Left Leg.CFrame = CFrame.new(-0.402435, 0.163097, 1.0609, 0.606024, -0.199758, 0.769955, 0.662421, 0.662622, -0.349473, -0.440379, 0.721824, 0.533889)
    Right Leg.CFrame = CFrame.new(0.181542, -0.146033, 0.940011, 0.47803, 0.142267, -0.866745, -0.720626, 0.627711, -0.29441, 0.502181, 0.765336, 0.402586)

[29]
    Time: 0.933333
    HumanoidRootPart.CFrame = CFrame.new(0, 0, 0, 1, 0, 0, 0, 1, 0, 0, 0, 1)
    Torso.CFrame = CFrame.new(-0.470257, 0.248434, 1.4927, 0.975115, 0.161148, 0.152259, -0.102516, 0.936687, -0.334827, -0.196575, 0.310885, 0.929897)
    Head.CFrame = CFrame.new(9.31323e-09, -1.22935e-07, -1.19209e-07, 0.949225, 0.020628, -0.31392, 0.126458, 0.888664, 0.440777, 0.288062, -0.458094, 0.840934)
    Left Arm.CFrame = CFrame.new(0.257755, -0.0975612, 0.154788, 0.171738, -0.163369, 0.971502, -0.743582, 0.62538, 0.236612, -0.646214, -0.763027, -0.0140769)
    Right Arm.CFrame = CFrame.new(-0.0223365, 0.925865, 0.22616, -0.255145, 0.501985, -0.826385, -0.375711, -0.838982, -0.393637, -0.890922, 0.210048, 0.402663)
    Left Leg.CFrame = CFrame.new(-0.254679, 0.280235, 0.47186, 0.695623, 0.0582088, 0.716045, -0.0225307, 0.997989, -0.0592404, -0.718054, 0.025076, 0.695536)
    Right Leg.CFrame = CFrame.new(0.12559, -0.369884, 0.234195, 0.744873, -0.0972432, -0.660082, -0.196002, 0.913779, -0.355797, 0.637768, 0.394401, 0.661589)

[30]
    Time: 0.966667
    HumanoidRootPart.CFrame = CFrame.new(0, 0, 0, 1, 0, 0, 0, 1, 0, 0, 0, 1)
    Torso.CFrame = CFrame.new(-0.333092, 0.110513, 1.28016, 0.946802, 0.26871, 0.177092, -0.232674, 0.951737, -0.200148, -0.222326, 0.148296, 0.963628)
    Head.CFrame = CFrame.new(1.84402e-07, 5.58794e-08, 0, 0.927514, -0.101092, -0.359858, 0.213005, 0.934069, 0.286609, 0.307158, -0.342485, 0.887895)
    Left Arm.CFrame = CFrame.new(0.286315, -0.253252, -0.056435, 0.208519, -0.224801, 0.951832, -0.349877, 0.891672, 0.28724, -0.913294, -0.392919, 0.107278)
    Right Arm.CFrame = CFrame.new(0.228542, 0.744942, 0.330611, -0.200966, 0.601585, -0.773116, -0.845596, -0.504971, -0.173127, -0.494551, 0.618951, 0.61018)
    Left Leg.CFrame = CFrame.new(-0.00426016, 0.00267154, -0.112787, 0.905416, 0.159085, 0.393591, -0.277147, 0.923802, 0.264157, -0.321577, -0.348254, 0.880515)
    Right Leg.CFrame = CFrame.new(0.125364, -0.260204, 0.107437, 0.991183, -0.117715, -0.0608171, 0.101866, 0.970541, -0.218344, 0.0847278, 0.210224, 0.973975)

[31]
    Time: 1.000000
    HumanoidRootPart.CFrame = CFrame.new(0, 0, 0, 1, 0, 0, 0, 1, 0, 0, 0, 1)
    Torso.CFrame = CFrame.new(-0.162504, -0.0903675, 0.605092, 0.93474, 0.314237, 0.165878, -0.320497, 0.947177, 0.0117128, -0.153436, -0.0641119, 0.986077)
    Head.CFrame = CFrame.new(3.21306e-08, -5.68107e-08, -5.96046e-08, 0.930111, -0.232234, -0.284538, 0.238473, 0.971062, -0.0130301, 0.27933, -0.0557351, 0.958576)
    Left Arm.CFrame = CFrame.new(0.299244, -0.468589, -0.338557, 0.245657, -0.144156, 0.958578, 0.227093, 0.96992, 0.0876644, -0.942381, 0.196151, 0.271004)
    Right Arm.CFrame = CFrame.new(0.369842, 0.584413, 0.433728, -0.182526, 0.639732, -0.74661, -0.950496, -0.30904, -0.0324303, -0.251479, 0.703731, 0.664471)
    Left Leg.CFrame = CFrame.new(-0.175676, 0.0729135, 0.0443001, 0.981005, -0.170808, 0.0919433, 0.142887, 0.95685, 0.253025, -0.131195, -0.235082, 0.963081)
    Right Leg.CFrame = CFrame.new(0.476791, -0.0877519, 0.0125872, 0.867018, 0.192324, 0.459665, -0.163576, 0.981242, -0.102016, -0.470662, 0.0132596, 0.882214)

[32]
    Time: 1.033333
    HumanoidRootPart.CFrame = CFrame.new(0, 0, 0, 1, 0, 0, 0, 1, 0, 0, 0, 1)
    Torso.CFrame = CFrame.new(-0.0397309, -0.146746, -0.380255, 0.94189, 0.284664, 0.178356, -0.299838, 0.951822, 0.0642811, -0.151465, -0.114023, 0.981864)
    Head.CFrame = CFrame.new(1.43424e-07, 7.45058e-09, -1.19209e-07, 0.933678, -0.271003, -0.2341, 0.22103, 0.950429, -0.2187, 0.281763, 0.152452, 0.947295)
    Left Arm.CFrame = CFrame.new(0.309552, -0.559541, -0.428673, 0.262575, -0.238373, 0.935004, 0.131701, 0.96879, 0.210001, -0.955882, 0.0679996, 0.285774)
    Right Arm.CFrame = CFrame.new(0.312322, 0.610648, 0.385893, -0.232023, 0.65286, -0.721068, -0.929643, -0.366971, -0.0331204, -0.286234, 0.662651, 0.692072)
    Left Leg.CFrame = CFrame.new(-0.793131, 0.364061, 0.13618, 0.71165, -0.620929, 0.328637, 0.464817, 0.766916, 0.442475, -0.526783, -0.162131, 0.834394)
    Right Leg.CFrame = CFrame.new(0.984189, -0.0408491, -0.0512841, 0.744695, 0.665141, 0.0549238, -0.662695, 0.746691, -0.0573396, -0.0791502, 0.00630265, 0.996843)

[33]
    Time: 1.066667
    HumanoidRootPart.CFrame = CFrame.new(0, 0, 0, 1, 0, 0, 0, 1, 0, 0, 0, 1)
    Torso.CFrame = CFrame.new(0.1251, -0.0700729, -0.0674429, 0.97365, 0.212258, 0.0833829, -0.211952, 0.977199, -0.0126133, -0.0841589, -0.00539227, 0.996438)
    Head.CFrame = CFrame.new(8.3819e-08, 9.31323e-09, 0, 0.964329, -0.217876, -0.15033, 0.187847, 0.963395, -0.19127, 0.186501, 0.156208, 0.969957)
    Left Arm.CFrame = CFrame.new(0.34889, -0.60646, -0.246719, 0.243345, -0.312942, 0.918069, -0.0666514, 0.938889, 0.337706, -0.967647, -0.14337, 0.207616)
    Right Arm.CFrame = CFrame.new(0.193869, 0.677647, 0.281887, -0.329476, 0.612855, -0.71823, -0.815878, -0.567646, -0.110093, -0.475172, 0.549715, 0.687041)
    Left Leg.CFrame = CFrame.new(-0.699727, 0.137607, 0.196626, 0.871288, -0.357548, 0.336181, 0.330251, 0.933855, 0.13729, -0.363032, -0.00859557, 0.931737)
    Right Leg.CFrame = CFrame.new(0.630161, 0.0944488, 0.0516248, 0.9255, 0.368073, -0.0892901, -0.356273, 0.926044, 0.124552, 0.128531, -0.083461, 0.988187)

[34]
    Time: 1.100000
    HumanoidRootPart.CFrame = CFrame.new(0, 0, 0, 1, 0, 0, 0, 1, 0, 0, 0, 1)
    Torso.CFrame = CFrame.new(0.378674, 0.0687566, 0.740798, 0.977751, 0.175349, -0.115136, -0.192385, 0.968356, -0.158981, 0.0836159, 0.177594, 0.980545)
    Head.CFrame = CFrame.new(1.49012e-07, 1.11759e-08, 0, 0.979596, -0.199601, 0.0234829, 0.199333, 0.979842, 0.0132713, -0.0256585, -0.00831965, 0.999636)
    Left Arm.CFrame = CFrame.new(0.414742, -0.325442, 0.0766786, 0.169627, -0.309788, 0.935552, -0.396251, 0.847754, 0.35256, -0.902337, -0.430518, 0.0210483)
    Right Arm.CFrame = CFrame.new(0.0878711, 0.757758, 0.200151, -0.464032, 0.46104, -0.756384, -0.457227, -0.856001, -0.241257, -0.758694, 0.233889, 0.608012)
    Left Leg.CFrame = CFrame.new(-0.267088, -0.152362, 0.0754869, 0.928852, 0.168537, 0.329894, -0.0670676, 0.952306, -0.297682, -0.364331, 0.254377, 0.895855)
    Right Leg.CFrame = CFrame.new(0.0643791, 0.145157, 0.0440376, 0.946465, -0.174244, -0.271742, 0.247221, 0.932558, 0.263091, 0.207573, -0.316186, 0.92571)

[35]
    Time: 1.133333
    HumanoidRootPart.CFrame = CFrame.new(0, 0, 0, 1, 0, 0, 0, 1, 0, 0, 0, 1)
    Torso.CFrame = CFrame.new(0.579753, 0.147563, 1.47831, 0.963677, 0.144545, -0.224572, -0.197275, 0.952075, -0.233743, 0.180023, 0.269555, 0.946008)
    Head.CFrame = CFrame.new(-8.19564e-08, -4.09782e-08, 1.19209e-07, 0.965934, -0.220994, 0.134658, 0.199041, 0.966976, 0.159184, -0.16539, -0.126959, 0.978022)
    Left Arm.CFrame = CFrame.new(0.478588, 0.142442, 0.340355, 0.0174024, -0.277334, 0.960616, -0.80394, 0.567335, 0.178356, -0.594456, -0.775381, -0.213087)
    Right Arm.CFrame = CFrame.new(0.0693839, 0.792417, 0.218867, -0.499581, 0.137547, -0.855278, 0.273215, -0.911904, -0.306243, -0.822054, -0.386668, 0.417989)
    Left Leg.CFrame = CFrame.new(-0.185903, -0.0759541, 0.173406, 0.673542, 0.131805, 0.727302, 0.191279, 0.919373, -0.343752, -0.71397, 0.370649, 0.594025)
    Right Leg.CFrame = CFrame.new(0.0191237, 0.261825, 0.269329, 0.594703, -0.16904, -0.785973, 0.260799, 0.965338, -0.0102836, 0.760469, -0.198866, 0.618175)

[36]
    Time: 1.166667
    HumanoidRootPart.CFrame = CFrame.new(0, 0, 0, 1, 0, 0, 0, 1, 0, 0, 0, 1)
    Torso.CFrame = CFrame.new(0.672497, 0.141435, 1.70308, 0.977651, 0.111372, -0.17831, -0.149739, 0.964224, -0.218749, 0.147568, 0.24056, 0.959351)
    Head.CFrame = CFrame.new(9.12696e-08, 1.49012e-08, -5.36442e-07, 0.971886, -0.20614, 0.113768, 0.180826, 0.962953, 0.200059, -0.150793, -0.173862, 0.973156)
    Left Arm.CFrame = CFrame.new(0.513959, 0.439776, 0.407481, -0.199536, -0.290606, 0.935806, -0.975255, -0.0338861, -0.21847, 0.0951997, -0.956243, -0.276653)
    Right Arm.CFrame = CFrame.new(0.124308, 0.671737, 0.301408, -0.273369, -0.176298, -0.945615, 0.895938, -0.404458, -0.183602, -0.350093, -0.897403, 0.268519)
    Left Leg.CFrame = CFrame.new(-0.145184, 0.0953013, 0.745763, 0.280157, -0.104905, 0.954205, 0.756422, 0.636142, -0.15215, -0.591049, 0.764407, 0.257572)
    Right Leg.CFrame = CFrame.new(-0.127197, 0.491142, 0.811154, 0.260815, 0.00291171, -0.965384, -0.429403, 0.895977, -0.113308, 0.864632, 0.444092, 0.234935)

[37]
    Time: 1.200000
    HumanoidRootPart.CFrame = CFrame.new(0, 0, 0, 1, 0, 0, 0, 1, 0, 0, 0, 1)
    Torso.CFrame = CFrame.new(0.738339, 0.170312, 1.69835, 0.9913, 0.0653796, -0.114237, -0.091451, 0.966324, -0.24053, 0.0946644, 0.248884, 0.963896)
    Head.CFrame = CFrame.new(2.49129e-07, -1.3411e-07, 1.19209e-07, 0.981626, -0.173383, 0.079675, 0.144333, 0.947804, 0.284316, -0.124812, -0.267593, 0.955414)
    Left Arm.CFrame = CFrame.new(0.490622, 0.762517, 0.362087, -0.342824, -0.393042, 0.853223, -0.504851, -0.688868, -0.520179, 0.79221, -0.60908, 0.0377326)
    Right Arm.CFrame = CFrame.new(0.166978, 0.42956, 0.346045, 0.0271493, -0.257876, -0.965796, 0.968382, 0.246471, -0.0385881, 0.247992, -0.934212, 0.256414)
    Left Leg.CFrame = CFrame.new(-0.167208, 0.692315, 1.05657, 0.116795, -0.206793, 0.971388, 0.819354, 0.572809, 0.023427, -0.561265, 0.793175, 0.236338)
    Right Leg.CFrame = CFrame.new(-0.153693, 0.00399923, 1.10873, 0.0738983, 0.090412, -0.993159, -0.924879, 0.378707, -0.0343422, 0.373012, 0.92109, 0.111606)

[38]
    Time: 1.233333
    HumanoidRootPart.CFrame = CFrame.new(0, 0, 0, 1, 0, 0, 0, 1, 0, 0, 0, 1)
    Torso.CFrame = CFrame.new(0.84864, 0.14757, 1.65134, 0.996929, 0.033526, -0.0707676, -0.0470964, 0.978703, -0.199805, 0.0625618, 0.202525, 0.977277)
    Head.CFrame = CFrame.new(4.6799e-08, -4.09782e-08, -2.38419e-07, 0.98653, -0.146114, 0.0735446, 0.116909, 0.944254, 0.307762, -0.114413, -0.295018, 0.948617)
    Left Arm.CFrame = CFrame.new(0.349454, 0.919292, 0.291648, -0.353832, -0.493339, 0.794619, 0.230533, -0.869369, -0.437095, 0.906453, 0.0285282, 0.421341)
    Right Arm.CFrame = CFrame.new(0.177022, 0.17318, 0.343422, 0.198197, -0.18881, -0.961805, 0.739612, 0.672725, 0.020349, 0.643188, -0.715396, 0.272979)
    Left Leg.CFrame = CFrame.new(-0.302396, 0.514504, 1.18727, 0.271418, -0.273729, 0.922716, 0.783328, 0.619865, -0.0465303, -0.559222, 0.735418, 0.382662)
    Right Leg.CFrame = CFrame.new(-0.130972, 0.0988892, 0.901391, 0.102092, 0.127091, -0.986623, -0.837425, 0.546309, -0.016281, 0.536932, 0.827886, 0.162203)

[39]
    Time: 1.266667
