[1]
    Time: 0.000000
    HumanoidRootPart.CFrame = CFrame.new(0, 0, 0, 1, 0, 0, 0, 1, 0, 0, 0, 1)
    Torso.CFrame = CFrame.new(0.0728976, -0.0434, 0.0410089, 0.558788, -0.820098, 0.123273, 0.829289, 0.553635, -0.0759437, -0.00596698, 0.144665, 0.989463)
    Head.CFrame = CFrame.new(8.3819e-09, 1.19209e-07, 1.3411e-07, 0.826023, 0.52885, -0.194947, -0.516896, 0.848676, 0.112106, 0.224734, 0.00816556, 0.974386)
    Left Arm.CFrame = CFrame.new(0.500476, 0.213795, -0.294557, 0.831098, -0.3234, 0.452426, 0.4727, 0.839371, -0.268347, -0.29297, 0.436884, 0.850471)
    Right Arm.CFrame = CFrame.new(-0.47823, 0.207888, -0.330289, 0.819287, 0.18187, -0.543776, -0.435603, 0.81411, -0.384023, 0.372852, 0.551496, 0.746213)
    Left Leg.CFrame = CFrame.new(-0.28048, 0.0740454, 0.127498, 0.962287, -0.0964658, 0.254356, 0.0762015, 0.993167, 0.0883898, -0.261144, -0.0656751, 0.963063)
    Right Leg.CFrame = CFrame.new(0.117868, 0.0501901, 0.0121566, 0.988634, -0.149777, -0.0130683, 0.149917, 0.988639, 0.0108471, 0.0112951, -0.0126829, 0.999856)

[2]
    Time: 0.033333
    HumanoidRootPart.CFrame = CFrame.new(0, 0, 0, 1, 0, 0, 0, 1, 0, 0, 0, 1)
    Torso.CFrame = CFrame.new(0.0788848, -0.0242221, 0.00997591, 0.522018, -0.848017, 0.091455, 0.852929, 0.519375, -0.0525454, -0.00294005, 0.105434, 0.994422)
    Head.CFrame = CFrame.new(3.72529e-09, -1.19209e-07, -1.11759e-08, 0.822626, 0.554918, -0.123903, -0.551132, 0.83179, 0.0661782, 0.139784, 0.0138468, 0.990085)
    Left Arm.CFrame = CFrame.new(0.528709, 0.215303, -0.267807, 0.868245, -0.265659, 0.419019, 0.366473, 0.912711, -0.180706, -0.334438, 0.310457, 0.889814)
    Right Arm.CFrame = CFrame.new(-0.493763, 0.233737, -0.333447, 0.799892, 0.186087, -0.570565, -0.466561, 0.790803, -0.39617, 0.377483, 0.583097, 0.719378)
    Left Leg.CFrame = CFrame.new(-0.316553, 0.0532773, 0.11997, 0.96323, -0.150372, 0.222654, 0.132976, 0.986909, 0.0912623, -0.233463, -0.0582999, 0.970617)
    Right Leg.CFrame = CFrame.new(-0.0021556, 0.0179777, 0.0163286, 0.989833, -0.134333, -0.0467525, 0.135331, 0.990619, 0.0189362, 0.0437702, -0.0250709, 0.998727)

[3]
    Time: 0.066667
    HumanoidRootPart.CFrame = CFrame.new(0, 0, 0, 1, 0, 0, 0, 1, 0, 0, 0, 1)
    Torso.CFrame = CFrame.new(0.0858199, -0.00822521, -0.0161262, 0.488389, -0.870275, 0.0640123, 0.872624, 0.487254, -0.0333461, -0.00216993, 0.0721446, 0.997392)
    Head.CFrame = CFrame.new(7.45058e-09, 1.19209e-07, -1.86265e-09, 0.822629, 0.565053, -0.0632173, -0.564981, 0.824844, 0.0207221, 0.0638534, 0.0186699, 0.997785)
    Left Arm.CFrame = CFrame.new(0.612213, 0.192385, -0.196558, 0.94972, -0.0601574, 0.307268, 0.0364202, 0.995933, 0.0824132, -0.310976, -0.0670784, 0.948048)
    Right Arm.CFrame = CFrame.new(-0.526042, 0.273907, -0.330089, 0.800426, 0.17116, -0.574476, -0.465464, 0.781345, -0.415743, 0.377706, 0.60017, 0.705078)
    Left Leg.CFrame = CFrame.new(-0.340315, 0.0304147, 0.108525, 0.962025, -0.191186, 0.194818, 0.175479, 0.97988, 0.0950995, -0.20908, -0.0573023, 0.976218)
    Right Leg.CFrame = CFrame.new(-0.0442182, 0.0241187, 0.0187738, 0.993289, -0.0798389, -0.0836901, 0.0822636, 0.996272, 0.025975, 0.0813043, -0.0326857, 0.996153)

[4]
    Time: 0.100000
    HumanoidRootPart.CFrame = CFrame.new(0, 0, 0, 1, 0, 0, 0, 1, 0, 0, 0, 1)
    Torso.CFrame = CFrame.new(0.0927539, 0.00456238, 0.0243461, 0.462469, -0.885697, 0.0407933, 0.886632, 0.462116, -0.0182582, -0.00267995, 0.0446125, 0.999001)
    Head.CFrame = CFrame.new(-9.31323e-10, 1.19209e-07, -3.72529e-09, 0.827962, 0.56062, -0.0135884, -0.560785, 0.827686, -0.021355, -0.000725063, 0.0253013, 0.99968)
    Left Arm.CFrame = CFrame.new(0.733551, 0.092281, -0.0299191, 0.93034, 0.33959, 0.138367, -0.362193, 0.792019, 0.49145, 0.0573028, -0.507331, 0.859844)
    Right Arm.CFrame = CFrame.new(-0.570964, 0.322189, -0.317622, 0.817756, 0.143387, -0.557418, -0.440275, 0.779624, -0.445357, 0.370719, 0.609611, 0.700673)
    Left Leg.CFrame = CFrame.new(-0.294278, -0.00467372, 0.0656793, 0.968692, -0.18623, 0.164176, 0.16996, 0.979487, 0.108261, -0.18097, -0.0769692, 0.980472)
    Right Leg.CFrame = CFrame.new(-0.0751087, -0.0127747, 0.0208522, 0.993059, -0.0375586, -0.111458, 0.0414208, 0.998611, 0.0325731, 0.11008, -0.0369641, 0.993235)

[5]
    Time: 0.133333
    HumanoidRootPart.CFrame = CFrame.new(0, 0, 0, 1, 0, 0, 0, 1, 0, 0, 0, 1)
    Torso.CFrame = CFrame.new(0.098408, 0.0138527, 0.102906, 0.445156, -0.895185, 0.0219059, 0.895446, 0.445117, -0.00688397, -0.00358828, 0.02268, 0.999736)
    Head.CFrame = CFrame.new(-5.58794e-09, 1.19209e-07, -4.42378e-09, 0.839552, 0.542744, 0.0241152, -0.540815, 0.839142, -0.0579712, -0.0516996, 0.035628, 0.998027)
    Left Arm.CFrame = CFrame.new(0.793712, -0.0207453, 0.319567, 0.605825, 0.794945, 0.0322175, -0.435815, 0.29771, 0.849373, 0.665613, -0.528613, 0.526809)
    Right Arm.CFrame = CFrame.new(-0.624739, 0.370835, -0.292435, 0.84748, 0.109512, -0.519408, -0.397891, 0.778741, -0.485021, 0.351369, 0.617714, 0.703541)
    Left Leg.CFrame = CFrame.new(-0.274144, -0.0298635, 0.00919425, 0.978964, -0.17034, 0.112308, 0.157632, 0.980922, 0.113776, -0.129546, -0.0936803, 0.987138)
    Right Leg.CFrame = CFrame.new(-0.139028, -0.0563807, 0.0155625, 0.979094, 0.000792513, -0.203409, 0.00634793, 0.999386, 0.0344664, 0.203312, -0.0350379, 0.978487)

[6]
    Time: 0.166667
    HumanoidRootPart.CFrame = CFrame.new(0, 0, 0, 1, 0, 0, 0, 1, 0, 0, 0, 1)
    Torso.CFrame = CFrame.new(0.100914, 0.0192319, 0.178342, 0.436701, -0.899576, 0.00743152, 0.899597, 0.43672, 0.000940274, -0.00409134, 0.00627476, 0.999972)
    Head.CFrame = CFrame.new(0, 8.34465e-07, 6.51926e-09, 0.85745, 0.512259, 0.0486778, -0.507209, 0.85734, -0.0877948, -0.0867071, 0.0505898, 0.994949)
    Left Arm.CFrame = CFrame.new(0.682575, -0.0301877, 0.723642, 0.0791407, 0.993696, 0.0794077, -0.185777, -0.06356, 0.980534, 0.9794, -0.0923529, 0.179575)
    Right Arm.CFrame = CFrame.new(-0.682164, 0.411687, -0.251255, 0.884599, 0.0778756, -0.459805, -0.344902, 0.772871, -0.532646, 0.31389, 0.629766, 0.710541)
    Left Leg.CFrame = CFrame.new(-0.479144, -0.0234919, -0.0354983, 0.970063, -0.242045, 0.019756, 0.23934, 0.96665, 0.0911403, -0.0411575, -0.0836836, 0.995642)
    Right Leg.CFrame = CFrame.new(-0.251653, -0.0444982, -0.0152755, 0.92024, 0.0393137, -0.389375, -0.026047, 0.998888, 0.0393037, 0.390488, -0.0260283, 0.92024)

[7]
    Time: 0.200000
    HumanoidRootPart.CFrame = CFrame.new(0, 0, 0, 1, 0, 0, 0, 1, 0, 0, 0, 1)
    Torso.CFrame = CFrame.new(0.098052, 0.0206074, 0.243344, 0.437072, -0.899423, -0.00264519, 0.89942, 0.437055, 0.00521287, -0.00353248, -0.00465754, 0.999983)
    Head.CFrame = CFrame.new(-1.86265e-09, 4.76837e-07, -1.11759e-08, 0.880836, 0.469773, 0.0586634, -0.461996, 0.880012, -0.110171, -0.10338, 0.0699407, 0.99218)
    Left Arm.CFrame = CFrame.new(0.428365, -0.0223279, 0.963736, -0.358435, 0.913588, 0.192045, -0.011233, -0.209919, 0.977654, 0.933487, 0.348267, 0.0855046)
    Right Arm.CFrame = CFrame.new(-0.735475, 0.437655, -0.193697, 0.923298, 0.0581194, -0.379661, -0.287848, 0.759152, -0.583807, 0.254291, 0.648313, 0.717653)
    Left Leg.CFrame = CFrame.new(-0.738, 0.00913399, -0.133462, 0.943695, -0.318613, -0.0890169, 0.324657, 0.943651, 0.0642014, 0.0635452, -0.0894864, 0.993959)
    Right Leg.CFrame = CFrame.new(-0.372594, 0.00797594, -0.0779263, 0.799674, 0.0754893, -0.59567, -0.0534833, 0.997077, 0.0545642, 0.598048, -0.0117774, 0.801374)

[8]
    Time: 0.233333
    HumanoidRootPart.CFrame = CFrame.new(0, 0, 0, 1, 0, 0, 0, 1, 0, 0, 0, 1)
    Torso.CFrame = CFrame.new(0.0881594, 0.0182025, 0.27911, 0.446063, -0.89496, -0.00864286, 0.895, 0.446023, 0.00618771, -0.00168284, -0.0104955, 0.999944)
    Head.CFrame = CFrame.new(4.65661e-10, -5.96046e-07, -8.3819e-09, 0.907884, 0.415851, 0.0530474, -0.407123, 0.904777, -0.125015, -0.0999839, 0.0919028, 0.990736)
    Left Arm.CFrame = CFrame.new(0.138441, -0.0566657, 0.964881, -0.59214, 0.776291, 0.216203, -0.0291136, -0.28873, 0.956968, 0.805309, 0.560364, 0.193569)
    Right Arm.CFrame = CFrame.new(-0.774976, 0.444719, -0.126052, 0.956626, 0.0589209, -0.285299, -0.233843, 0.739359, -0.6314, 0.173736, 0.670729, 0.721068)
    Left Leg.CFrame = CFrame.new(-0.955803, 0.0823843, -0.275503, 0.911114, -0.358786, -0.202832, 0.374316, 0.926311, 0.042864, 0.172506, -0.114977, 0.978275)
    Right Leg.CFrame = CFrame.new(-0.393576, 0.0767574, -0.0542828, 0.635932, 0.150426, -0.756942, -0.146354, 0.986528, 0.0730972, 0.75774, 0.0642942, 0.649381)

[9]
    Time: 0.266667
    HumanoidRootPart.CFrame = CFrame.new(0, 0, 0, 1, 0, 0, 0, 1, 0, 0, 0, 1)
    Torso.CFrame = CFrame.new(0.0712115, 0.0131114, 0.283871, 0.463329, -0.886113, -0.0114118, 0.886186, 0.463304, 0.00493653, 0.000912811, -0.0124002, 0.999923)
    Head.CFrame = CFrame.new(4.65661e-10, -3.57628e-07, 2.79397e-09, 0.935658, 0.351407, 0.0325221, -0.344449, 0.9294, -0.132555, -0.0768068, 0.112824, 0.990642)
    Left Arm.CFrame = CFrame.new(-0.00828357, -0.0697322, 0.808998, -0.598263, 0.786783, 0.151836, -0.149125, -0.295498, 0.943633, 0.787301, 0.541897, 0.294114)
    Right Arm.CFrame = CFrame.new(-0.792509, 0.433622, -0.0635145, 0.978025, 0.0845963, -0.190551, -0.192175, 0.720186, -0.666634, 0.0808385, 0.688604, 0.720617)
    Left Leg.CFrame = CFrame.new(-1.09494, 0.182622, -0.437939, 0.87705, -0.35218, -0.326727, 0.383581, 0.922848, 0.0349172, 0.289222, -0.155949, 0.944474)
    Right Leg.CFrame = CFrame.new(-0.374301, 0.106123, 0.0991542, 0.484458, 0.222796, -0.845968, -0.291888, 0.952778, 0.0837733, 0.824683, 0.20634, 0.526612)

[10]
    Time: 0.300000
    HumanoidRootPart.CFrame = CFrame.new(0, 0, 0, 1, 0, 0, 0, 1, 0, 0, 0, 1)
    Torso.CFrame = CFrame.new(0.0488555, 0.00694483, 0.259985, 0.488387, -0.872544, -0.0120502, 0.872621, 0.488389, 0.00300158, 0.00326619, -0.0119812, 0.999923)
    Head.CFrame = CFrame.new(2.79397e-09, -2.38419e-07, 1.02445e-08, 0.960491, 0.278308, 0.00101858, -0.275704, 0.951991, -0.133042, -0.0379963, 0.127505, 0.99111)
    Left Arm.CFrame = CFrame.new(-0.0113491, -0.0477324, 0.629745, -0.380373, 0.919143, 0.10244, -0.282225, -0.220844, 0.933583, 0.880719, 0.326198, 0.343408)
    Right Arm.CFrame = CFrame.new(-0.794973, 0.417026, -0.016429, 0.986473, 0.119963, -0.111718, -0.16389, 0.707433, -0.687516, -0.00344267, 0.696525, 0.717524)
    Left Leg.CFrame = CFrame.new(-1.14126, 0.26985, -0.612068, 0.828086, -0.302288, -0.472116, 0.366597, 0.929138, 0.048091, 0.424122, -0.212898, 0.880224)
    Right Leg.CFrame = CFrame.new(-0.376021, 0.114628, 0.196525, 0.431834, 0.25983, -0.863717, -0.376666, 0.92206, 0.0890608, 0.819538, 0.28687, 0.496045)

[11]
    Time: 0.333333
    HumanoidRootPart.CFrame = CFrame.new(0, 0, 0, 1, 0, 0, 0, 1, 0, 0, 0, 1)
    Torso.CFrame = CFrame.new(0.0233585, 0.000744396, 0.2099, 0.520618, -0.853715, -0.0113199, 0.853776, 0.520638, 0.00131932, 0.00476725, -0.0103515, 0.999935)
    Head.CFrame = CFrame.new(9.31323e-10, -2.38419e-07, -1.62981e-09, 0.979245, 0.199774, -0.0342046, -0.202535, 0.970903, -0.127777, 0.00768277, 0.132053, 0.991213)
    Left Arm.CFrame = CFrame.new(0.0261697, -0.0213773, 0.498296, 0.0085365, 0.962661, 0.270577, -0.437009, -0.239787, 0.866906, 0.899417, -0.125645, 0.418644)
    Right Arm.CFrame = CFrame.new(-0.794542, 0.407925, 0.0144202, 0.987266, 0.146702, -0.0615229, -0.147709, 0.701784, -0.696908, -0.0590613, 0.697121, 0.714516)
    Left Leg.CFrame = CFrame.new(-1.07004, 0.264668, -0.733936, 0.75606, -0.201108, -0.622839, 0.311751, 0.947393, 0.0725247, 0.575487, -0.249001, 0.778981)
    Right Leg.CFrame = CFrame.new(-0.402328, 0.107117, 0.146951, 0.466851, 0.268909, -0.842459, -0.360305, 0.927831, 0.0964966, 0.807608, 0.25849, 0.530048)

[12]
    Time: 0.366667
    HumanoidRootPart.CFrame = CFrame.new(0, 0, 0, 1, 0, 0, 0, 1, 0, 0, 0, 1)
    Torso.CFrame = CFrame.new(-0.0054392, -0.00629954, 0.135766, 0.559187, -0.82896, -0.0116264, 0.829009, 0.559235, -0.00105258, 0.00737444, -0.00904979, 0.999932)
    Head.CFrame = CFrame.new(-1.86265e-09, 1.19209e-07, -5.12227e-09, 0.990683, 0.119781, -0.0648087, -0.126971, 0.984446, -0.12143, 0.0492556, 0.128527, 0.990482)
    Left Arm.CFrame = CFrame.new(0.0607196, -0.018338, 0.454556, 0.229842, 0.771843, 0.592816, -0.658736, -0.325006, 0.678556, 0.716408, -0.546471, 0.43374)
    Right Arm.CFrame = CFrame.new(-0.794163, 0.408918, 0.0269607, 0.985509, 0.163191, -0.0462787, -0.149002, 0.702461, -0.69595, -0.0810634, 0.69276, 0.716598)
    Left Leg.CFrame = CFrame.new(-0.927266, 0.174069, -0.696549, 0.687002, -0.0821719, -0.721995, 0.207187, 0.974494, 0.0862323, 0.696493, -0.208827, 0.686504)
    Right Leg.CFrame = CFrame.new(-0.507655, 0.0988664, -0.0611026, 0.536285, 0.223408, -0.813933, -0.232067, 0.966196, 0.112299, 0.811507, 0.12866, 0.570002)

[13]
    Time: 0.400000
    HumanoidRootPart.CFrame = CFrame.new(0, 0, 0, 1, 0, 0, 0, 1, 0, 0, 0, 1)
    Torso.CFrame = CFrame.new(-0.0331031, -0.0148895, 0.039407, 0.603129, -0.797546, -0.0124978, 0.797561, 0.603218, -0.00496384, 0.0114978, -0.0069739, 0.99991)
    Head.CFrame = CFrame.new(5.82077e-09, -3.57628e-07, 5.58794e-09, 0.995585, 0.0419898, -0.0839452, -0.0518292, 0.991577, -0.1187, 0.0782539, 0.122527, 0.989375)
    Left Arm.CFrame = CFrame.new(0.105426, -0.0826341, 0.481786, 0.155718, 0.652964, 0.741208, -0.694248, -0.461437, 0.552354, 0.702689, -0.600594, 0.381465)
    Right Arm.CFrame = CFrame.new(-0.793176, 0.416876, 0.0308275, 0.982754, 0.17795, -0.0502925, -0.163063, 0.705664, -0.689528, -0.0872112, 0.685837, 0.722511)
    Left Leg.CFrame = CFrame.new(-0.797762, 0.0820857, -0.55785, 0.651979, 0.00446261, -0.758224, 0.0978178, 0.991132, 0.0899415, 0.751901, -0.132805, 0.645761)
    Right Leg.CFrame = CFrame.new(-0.589486, 0.0725923, -0.194705, 0.606287, 0.173797, -0.776022, -0.130878, 0.984328, 0.1182, 0.784402, 0.029898, 0.619531)

[14]
    Time: 0.433333
    HumanoidRootPart.CFrame = CFrame.new(0, 0, 0, 1, 0, 0, 0, 1, 0, 0, 0, 1)
    Torso.CFrame = CFrame.new(-0.052852, -0.0247954, -0.0776265, 0.651354, -0.758708, -0.00998375, 0.758638, 0.65143, -0.0103334, 0.0143437, -0.000843365, 0.999897)
    Head.CFrame = CFrame.new(2.79397e-09, 1.19209e-07, 6.75209e-09, 0.995667, -0.0305823, -0.0878221, 0.0198894, 0.992557, -0.120146, 0.0908428, 0.117879, 0.988864)
    Left Arm.CFrame = CFrame.new(0.125298, -0.181423, 0.588522, -0.0798112, 0.666842, 0.740913, -0.486943, -0.674643, 0.554745, 0.86978, -0.316508, 0.378558)
    Right Arm.CFrame = CFrame.new(-0.790386, 0.427478, 0.0347214, 0.97873, 0.197272, -0.0563121, -0.182171, 0.709481, -0.680772, -0.0943443, 0.67655, 0.730328)
    Left Leg.CFrame = CFrame.new(-0.831844, 0.0946025, -0.548075, 0.669024, -0.0194548, -0.742987, 0.127216, 0.987903, 0.0886806, 0.732273, -0.153846, 0.663406)
    Right Leg.CFrame = CFrame.new(-0.476257, 0.0913736, -0.0632976, 0.647284, 0.209478, -0.7329, -0.198991, 0.974594, 0.102818, 0.735817, 0.0792852, 0.672523)

[15]
    Time: 0.466667
    HumanoidRootPart.CFrame = CFrame.new(0, 0, 0, 1, 0, 0, 0, 1, 0, 0, 0, 1)
    Torso.CFrame = CFrame.new(-0.0649331, -0.0362079, -0.14106, 0.702934, -0.711242, -0.00424223, 0.711088, 0.702886, -0.0174891, 0.0154208, 0.00927711, 0.999838)
    Head.CFrame = CFrame.new(-7.45058e-09, 1.19209e-07, 0, 0.991907, -0.0961662, -0.0829047, 0.0856025, 0.988743, -0.122719, 0.0937728, 0.114629, 0.988973)
    Left Arm.CFrame = CFrame.new(0.0828643, -0.251897, 0.77019, -0.381104, 0.557727, 0.737361, -0.123121, -0.821063, 0.557402, 0.916297, 0.121643, 0.381578)
    Right Arm.CFrame = CFrame.new(-0.786371, 0.439718, 0.0379107, 0.973694, 0.218893, -0.063297, -0.20414, 0.714588, -0.669097, -0.101229, 0.664417, 0.740475)
    Left Leg.CFrame = CFrame.new(-0.917955, 0.139138, -0.567797, 0.712799, -0.0843446, -0.696278, 0.202187, 0.97531, 0.0888357, 0.671594, -0.204098, 0.712254)
    Right Leg.CFrame = CFrame.new(-0.286519, 0.0970579, 0.107864, 0.673884, 0.271817, -0.687019, -0.301425, 0.950108, 0.0802476, 0.674554, 0.153005, 0.722195)

[16]
    Time: 0.500000
    HumanoidRootPart.CFrame = CFrame.new(0, 0, 0, 1, 0, 0, 0, 1, 0, 0, 0, 1)
    Torso.CFrame = CFrame.new(-0.0726981, -0.049291, -0.0917175, 0.756606, -0.65387, 0.0014238, 0.653666, 0.756312, -0.0267103, 0.0163882, 0.0211399, 0.999642)
    Head.CFrame = CFrame.new(-3.72529e-09, -2.38419e-07, -7.45058e-09, 0.984956, -0.15483, -0.0767449, 0.144613, 0.981635, -0.12442, 0.0945993, 0.11145, 0.989257)
    Left Arm.CFrame = CFrame.new(-0.0332588, -0.234866, 0.956615, -0.604373, 0.313845, 0.732281, 0.272485, -0.782283, 0.560165, 0.748656, 0.538084, 0.387272)
    Right Arm.CFrame = CFrame.new(-0.781784, 0.452646, 0.0396849, 0.968075, 0.240625, -0.0702232, -0.226835, 0.721763, -0.653914, -0.106663, 0.648967, 0.753303)
    Left Leg.CFrame = CFrame.new(-0.8476, 0.107229, -0.455654, 0.768472, -0.0676599, -0.636296, 0.165427, 0.981597, 0.0954096, 0.61813, -0.178578, 0.765522)
    Right Leg.CFrame = CFrame.new(-0.317565, 0.0837045, 0.026652, 0.748756, 0.202086, -0.631288, -0.20625, 0.976144, 0.0678561, 0.629941, 0.0793931, 0.772575)

[17]
    Time: 0.533333
    HumanoidRootPart.CFrame = CFrame.new(0, 0, 0, 1, 0, 0, 0, 1, 0, 0, 0, 1)
    Torso.CFrame = CFrame.new(-0.0769163, -0.0640873, 0.0268805, 0.81034, -0.585926, 0.0062814, 0.585706, 0.809627, -0.038116, 0.0172476, 0.034566, 0.999254)
    Head.CFrame = CFrame.new(-7.45058e-09, -1.19209e-07, -3.72529e-09, 0.975889, -0.20688, -0.0695733, 0.197196, 0.972329, -0.12526, 0.0935618, 0.10852, 0.989682)
    Left Arm.CFrame = CFrame.new(-0.163768, -0.153333, 1.06938, -0.683272, 0.0611374, 0.7276, 0.543237, -0.623276, 0.562513, 0.487885, 0.779609, 0.392655)
    Right Arm.CFrame = CFrame.new(-0.777369, 0.465372, 0.0393647, 0.962505, 0.260364, -0.0761308, -0.24818, 0.731905, -0.634604, -0.109507, 0.629703, 0.769079)
    Left Leg.CFrame = CFrame.new(-0.844896, 0.111636, -0.432505, 0.780168, -0.0704679, -0.621588, 0.175661, 0.978336, 0.10956, 0.6004, -0.194662, 0.775645)
    Right Leg.CFrame = CFrame.new(-0.286241, 0.0840322, 0.0275081, 0.771688, 0.17559, -0.611281, -0.176503, 0.982506, 0.0594096, 0.611019, 0.0620447, 0.789181)

[18]
    Time: 0.566667
    HumanoidRootPart.CFrame = CFrame.new(0, 0, 0, 1, 0, 0, 0, 1, 0, 0, 0, 1)
    Torso.CFrame = CFrame.new(-0.0783913, -0.0805543, 0.177435, 0.86181, -0.507141, 0.00954815, 0.506911, 0.860448, -0.0516804, 0.0179936, 0.0493788, 0.998618)
    Head.CFrame = CFrame.new(-3.72529e-09, 1.19209e-07, 0, 0.965568, -0.252755, -0.0615967, 0.243754, 0.961711, -0.125281, 0.0909037, 0.105953, 0.990207)
    Left Arm.CFrame = CFrame.new(-0.229526, -0.0935366, 1.09704, -0.685801, -0.0573606, 0.725525, 0.639876, -0.522485, 0.563533, 0.346751, 0.850717, 0.395024)
    Right Arm.CFrame = CFrame.new(-0.77395, 0.477038, 0.0363021, 0.95779, 0.276063, -0.08017, -0.266116, 0.746003, -0.61046, -0.108718, 0.606027, 0.787979)
    Left Leg.CFrame = CFrame.new(-0.952073, 0.152345, -0.536758, 0.731546, -0.115704, -0.671903, 0.267209, 0.955312, 0.126416, 0.627248, -0.272015, 0.729771)
    Right Leg.CFrame = CFrame.new(-0.158871, 0.11658, 0.130962, 0.72949, 0.219507, -0.647812, -0.244263, 0.968259, 0.0530308, 0.63889, 0.119549, 0.759952)

[19]
    Time: 0.600000
    HumanoidRootPart.CFrame = CFrame.new(0, 0, 0, 1, 0, 0, 0, 1, 0, 0, 0, 1)
    Torso.CFrame = CFrame.new(-0.0779341, -0.0985389, 0.315167, 0.908484, -0.417789, 0.0104374, 0.417504, 0.906187, -0.0671935, 0.0186145, 0.0654019, 0.997685)
    Head.CFrame = CFrame.new(3.72529e-08, -3.57628e-07, -2.42144e-08, 0.954654, -0.292964, -0.0529989, 0.284765, 0.950471, -0.124556, 0.0868642, 0.103816, 0.990796)
    Left Arm.CFrame = CFrame.new(-0.182121, -0.116762, 1.05205, -0.680401, 0.0386882, 0.731818, 0.565439, -0.60754, 0.55783, 0.46619, 0.793346, 0.391496)
    Right Arm.CFrame = CFrame.new(-0.772413, 0.486766, 0.0298754, 0.954851, 0.285646, -0.0816534, -0.278521, 0.765066, -0.580603, -0.103376, 0.577131, 0.810082)
    Left Leg.CFrame = CFrame.new(-0.931328, 0.129006, -0.565624, 0.687321, -0.101657, -0.719204, 0.284043, 0.948928, 0.13732, 0.668512, -0.298666, 0.681094)
    Right Leg.CFrame = CFrame.new(-0.218957, 0.108206, 0.0917253, 0.699968, 0.156934, -0.696718, -0.185031, 0.982098, 0.0353243, 0.689789, 0.104186, 0.716475)

[20]
    Time: 0.633333
    HumanoidRootPart.CFrame = CFrame.new(0, 0, 0, 1, 0, 0, 0, 1, 0, 0, 0, 1)
    Torso.CFrame = CFrame.new(-0.0763257, -0.117762, 0.335127, 0.947786, -0.318802, 0.00822192, 0.318336, 0.944228, -0.0842373, 0.0190916, 0.0824562, 0.996412)
    Head.CFrame = CFrame.new(-7.45058e-09, 2.38419e-07, 2.6077e-08, 0.943638, -0.32805, -0.0439419, 0.320745, 0.939123, -0.123169, 0.0816725, 0.102133, 0.991412)
    Left Arm.CFrame = CFrame.new(-0.0643934, -0.170079, 0.923495, -0.605875, 0.278453, 0.745238, 0.314667, -0.776481, 0.54595, 0.730685, 0.565279, 0.38283)
    Right Arm.CFrame = CFrame.new(-0.772796, 0.494948, 0.0192143, 0.953755, 0.289162, -0.0820812, -0.286063, 0.789331, -0.543253, -0.0922983, 0.541611, 0.835547)
    Left Leg.CFrame = CFrame.new(-0.783372, 0.0685164, -0.448447, 0.688055, -0.0480912, -0.724063, 0.207924, 0.969031, 0.133219, 0.695232, -0.24221, 0.676746)
    Right Leg.CFrame = CFrame.new(-0.423833, 0.0371728, -0.104775, 0.694445, 0.0282817, -0.718989, -0.0249076, 0.999573, 0.0152647, 0.719114, 0.00730516, 0.694854)

[21]
    Time: 0.666667
    HumanoidRootPart.CFrame = CFrame.new(0, 0, 0, 1, 0, 0, 0, 1, 0, 0, 0, 1)
    Torso.CFrame = CFrame.new(-0.074271, -0.137817, 0.265268, 0.977304, -0.211827, 0.00231083, 0.210949, 0.972141, -0.102187, 0.0193995, 0.100355, 0.994763)
    Head.CFrame = CFrame.new(3.72529e-09, 1.19209e-07, -1.76951e-08, 0.932866, -0.358562, -0.0345702, 0.352214, 0.928037, -0.121217, 0.0755461, 0.100903, 0.992024)
    Left Arm.CFrame = CFrame.new(0.0393359, -0.170903, 0.734603, -0.410838, 0.506996, 0.757738, -0.0518206, -0.842761, 0.535788, 0.910235, 0.180855, 0.372511)
    Right Arm.CFrame = CFrame.new(-0.774385, 0.502229, 0.00437617, 0.953765, 0.288364, -0.0847292, -0.291063, 0.815901, -0.499588, -0.0749322, 0.501151, 0.862109)
    Left Leg.CFrame = CFrame.new(-0.54035, 0.00535607, -0.233372, 0.718361, 0.0371958, -0.694675, 0.0635368, 0.990889, 0.118756, 0.692763, -0.129444, 0.709453)
    Right Leg.CFrame = CFrame.new(-0.462481, -0.0505166, -0.144912, 0.703799, 0.0199754, -0.710118, -0.00952741, 0.99978, 0.0186845, 0.710335, -0.0063872, 0.703834)

[22]
    Time: 0.700000
    HumanoidRootPart.CFrame = CFrame.new(0, 0, 0, 1, 0, 0, 0, 1, 0, 0, 0, 1)
    Torso.CFrame = CFrame.new(-0.0723514, -0.15819, 0.160554, 0.995039, -0.099186, -0.00767299, 0.0975511, 0.98794, -0.120247, 0.0195073, 0.118902, 0.992714)
    Head.CFrame = CFrame.new(5.58794e-09, -1.19209e-07, 8.3819e-09, 0.922562, -0.385037, -0.0250137, 0.379685, 0.917457, -0.118798, 0.0686906, 0.100101, 0.992603)
    Left Arm.CFrame = CFrame.new(0.0821577, -0.114172, 0.572726, -0.184121, 0.621131, 0.761772, -0.363027, -0.763196, 0.534549, 0.913406, -0.178123, 0.366008)
    Right Arm.CFrame = CFrame.new(-0.776873, 0.508143, -0.0137299, 0.954482, 0.283812, -0.0917314, -0.293786, 0.841471, -0.453449, -0.0515045, 0.459759, 0.886549)
    Left Leg.CFrame = CFrame.new(-0.476823, -0.0674058, -0.173233, 0.7669, 0.013005, -0.641635, 0.053638, 0.994998, 0.0842723, 0.639521, -0.0990421, 0.762367)
    Right Leg.CFrame = CFrame.new(-0.437926, -0.102042, -0.115447, 0.740493, 0.0400619, -0.670869, -0.0254123, 0.999177, 0.0316217, 0.671583, -0.00636985, 0.740902)

[23]
    Time: 0.733333
    HumanoidRootPart.CFrame = CFrame.new(0, 0, 0, 1, 0, 0, 0, 1, 0, 0, 0, 1)
    Torso.CFrame = CFrame.new(-0.0709849, -0.178294, 0.0412111, 0.999629, 0.0162642, -0.0218294, -0.0191157, 0.990315, -0.137515, 0.0193814, 0.137881, 0.990259)
    Head.CFrame = CFrame.new(-7.91624e-09, -1.19209e-07, -6.47269e-08, 0.912857, -0.407989, -0.015392, 0.403651, 0.907528, -0.116014, 0.0613012, 0.0996912, 0.993128)
    Left Arm.CFrame = CFrame.new(0.0875103, -0.0783021, 0.50712, -0.0763067, 0.657073, 0.749955, -0.48469, -0.681746, 0.547995, 0.871351, -0.321681, 0.370498)
    Right Arm.CFrame = CFrame.new(-0.779823, 0.51248, -0.0340702, 0.955326, 0.276237, -0.105097, -0.294712, 0.863522, -0.409237, -0.0222925, 0.421928, 0.906355)
    Left Leg.CFrame = CFrame.new(-0.431362, -0.0423479, -0.145451, 0.828382, -0.0219448, -0.559733, 0.0650926, 0.996235, 0.0572709, 0.556368, -0.0838746, 0.826692)
    Right Leg.CFrame = CFrame.new(-0.384842, -0.0501546, -0.0774323, 0.800908, 0.0328928, -0.597883, -0.00886027, 0.999032, 0.0430981, 0.598722, -0.0292224, 0.800424)

[24]
    Time: 0.766667
    HumanoidRootPart.CFrame = CFrame.new(0, 0, 0, 1, 0, 0, 0, 1, 0, 0, 0, 1)
    Torso.CFrame = CFrame.new(-0.0704036, -0.19753, -0.0852389, 0.990529, 0.131367, -0.039947, -0.135986, 0.978813, -0.153076, 0.0189916, 0.157058, 0.987407)
    Head.CFrame = CFrame.new(-6.51926e-09, 0, 0, 0.903803, -0.427909, -0.00581717, 0.424583, 0.898314, -0.112963, 0.0535637, 0.0996267, 0.993582)
    Left Arm.CFrame = CFrame.new(0.0891751, -0.134827, 0.57488, -0.20259, 0.656114, 0.726961, -0.359027, -0.740427, 0.568214, 0.911074, -0.145885, 0.385566)
    Right Arm.CFrame = CFrame.new(-0.7827, 0.515359, -0.0555595, 0.955521, 0.266374, -0.126593, -0.294662, 0.88036, -0.371672, 0.0124437, 0.392442, 0.919692)
    Left Leg.CFrame = CFrame.new(-0.663145, 0.00525725, -0.260572, 0.861791, -0.215678, -0.459127, 0.258693, 0.965429, 0.0320496, 0.436342, -0.146391, 0.887792)
    Right Leg.CFrame = CFrame.new(-0.157923, 0.0737743, 0.0734788, 0.862442, 0.0886972, -0.498323, -0.0793205, 0.996046, 0.0400148, 0.499902, 0.00501498, 0.866067)

[25]
    Time: 0.800000
    HumanoidRootPart.CFrame = CFrame.new(0, 0, 0, 1, 0, 0, 0, 1, 0, 0, 0, 1)
    Torso.CFrame = CFrame.new(-0.070654, -0.21534, -0.150554, 0.968084, 0.24296, -0.0615087, -0.249955, 0.953903, -0.166104, 0.0183167, 0.176177, 0.984188)
    Head.CFrame = CFrame.new(-1.49012e-08, 0, -1.49012e-08, 0.895394, -0.44526, 0.00360298, 0.442927, 0.889816, -0.109741, 0.0456573, 0.0998573, 0.993954)
    Left Arm.CFrame = CFrame.new(0.0496618, -0.218944, 0.744641, -0.466295, 0.536668, 0.703248, -0.051306, -0.810031, 0.584138, 0.88314, 0.236299, 0.405247)
    Right Arm.CFrame = CFrame.new(-0.784915, 0.517241, -0.0771194, 0.95408, 0.254691, -0.157684, -0.294918, 0.890879, -0.345483, 0.0524865, 0.376122, 0.925083)
    Left Leg.CFrame = CFrame.new(-0.726884, 0.00845325, -0.252472, 0.883985, -0.307095, -0.352507, 0.332496, 0.943026, 0.0122553, 0.32866, -0.128039, 0.935729)
    Right Leg.CFrame = CFrame.new(0.0840095, 0.135531, 0.177668, 0.90782, 0.14398, -0.393868, -0.139717, 0.989398, 0.0396541, 0.395401, 0.01903, 0.918311)

[26]
    Time: 0.833333
    HumanoidRootPart.CFrame = CFrame.new(0, 0, 0, 1, 0, 0, 0, 1, 0, 0, 0, 1)
    Torso.CFrame = CFrame.new(-0.0716229, -0.231269, -0.103193, 0.933499, 0.34818, -0.0857385, -0.358161, 0.91693, -0.175953, 0.0173528, 0.19496, 0.980658)
    Head.CFrame = CFrame.new(4.47035e-08, -1.19209e-07, 1.86265e-08, 0.887578, -0.460481, 0.0127623, 0.459108, 0.881981, -0.106438, 0.0377566, 0.100332, 0.994237)
    Left Arm.CFrame = CFrame.new(-0.0419923, -0.254575, 0.903672, -0.662953, 0.314658, 0.679326, 0.247652, -0.764135, 0.595623, 0.706514, 0.563106, 0.42866)
    Right Arm.CFrame = CFrame.new(-0.788589, 0.515268, -0.0978562, 0.951998, 0.232865, -0.198681, -0.289676, 0.895128, -0.33887, 0.0989339, 0.380157, 0.919616)
    Left Leg.CFrame = CFrame.new(-0.731838, 0.0314232, -0.204215, 0.914038, -0.299163, -0.273924, 0.311031, 0.950401, -0.000120502, 0.260374, -0.085088, 0.961751)
    Right Leg.CFrame = CFrame.new(0.195569, 0.16884, 0.175726, 0.935619, 0.133629, -0.326741, -0.126765, 0.99103, 0.0423255, 0.329466, 0.00181761, 0.944166)

[27]
    Time: 0.866667
    HumanoidRootPart.CFrame = CFrame.new(0, 0, 0, 1, 0, 0, 0, 1, 0, 0, 0, 1)
    Torso.CFrame = CFrame.new(-0.0730822, -0.245006, 0.0134027, 0.888686, 0.444708, -0.111679, -0.458233, 0.869953, -0.182222, 0.0161197, 0.213113, 0.976894)
    Head.CFrame = CFrame.new(2.23517e-08, 0, 1.19209e-07, 0.880266, -0.47399, 0.0215551, 0.473529, 0.874719, -0.103141, 0.0300332, 0.100999, 0.994433)
    Left Arm.CFrame = CFrame.new(-0.0917175, -0.278853, 0.952122, -0.727745, 0.201275, 0.655649, 0.343735, -0.720202, 0.602624, 0.593493, 0.663926, 0.454938)
    Right Arm.CFrame = CFrame.new(-0.795005, 0.507759, -0.117638, 0.949449, 0.194969, -0.246038, -0.275168, 0.89411, -0.353341, 0.151095, 0.403181, 0.90256)
    Left Leg.CFrame = CFrame.new(-0.808698, 0.117957, -0.174488, 0.93533, -0.252351, -0.247941, 0.263251, 0.964663, 0.0112538, 0.236339, -0.0757958, 0.96871)
    Right Leg.CFrame = CFrame.new(0.309107, 0.200573, 0.184894, 0.936079, 0.15673, -0.314945, -0.157493, 0.987248, 0.0232054, 0.314566, 0.0278784, 0.948826)

[28]
    Time: 0.900000
    HumanoidRootPart.CFrame = CFrame.new(0, 0, 0, 1, 0, 0, 0, 1, 0, 0, 0, 1)
    Torso.CFrame = CFrame.new(-0.0747449, -0.256397, 0.162028, 0.836052, 0.530937, -0.138286, -0.548454, 0.815508, -0.184784, 0.014665, 0.230333, 0.973002)
    Head.CFrame = CFrame.new(-2.98023e-08, 2.38419e-07, 5.21541e-08, 0.873344, -0.486187, 0.0298734, 0.486576, 0.867904, -0.0999307, 0.0226577, 0.10181, 0.994546)
    Left Arm.CFrame = CFrame.new(-0.0357468, -0.371583, 0.887152, -0.747329, 0.27847, 0.603285, 0.213631, -0.759036, 0.615001, 0.629175, 0.588489, 0.50776)
    Right Arm.CFrame = CFrame.new(-0.802469, 0.496876, -0.136552, 0.944493, 0.145032, -0.294786, -0.255844, 0.887596, -0.383038, 0.206098, 0.437196, 0.875433)
    Left Leg.CFrame = CFrame.new(-0.842107, 0.238273, -0.16421, 0.952523, -0.152469, -0.263536, 0.174285, 0.982784, 0.061333, 0.249647, -0.104351, 0.962698)
    Right Leg.CFrame = CFrame.new(0.386369, 0.213893, 0.194742, 0.925723, 0.184426, -0.330187, -0.197934, 0.980188, -0.00743927, 0.322273, 0.0722405, 0.943886)

[29]
    Time: 0.933333
    HumanoidRootPart.CFrame = CFrame.new(0, 0, 0, 1, 0, 0, 0, 1, 0, 0, 0, 1)
    Torso.CFrame = CFrame.new(-0.0763198, -0.265449, 0.298006, 0.778248, 0.606022, -0.164521, -0.627821, 0.756352, -0.183772, 0.0130662, 0.24631, 0.969103)
    Head.CFrame = CFrame.new(-7.45058e-09, -7.15256e-07, 2.98023e-08, 0.866674, -0.497455, 0.0376068, 0.498624, 0.861387, -0.0968841, 0.0158015, 0.102719, 0.994585)
    Left Arm.CFrame = CFrame.new(0.118345, -0.51496, 0.730183, -0.738139, 0.45944, 0.49403, -0.0712186, -0.781251, 0.620142, 0.670879, 0.422566, 0.609392)
    Right Arm.CFrame = CFrame.new(-0.809591, 0.484556, -0.154402, 0.936231, 0.0881773, -0.340143, -0.235623, 0.875661, -0.421544, 0.260679, 0.474809, 0.840597)
    Left Leg.CFrame = CFrame.new(-0.820136, 0.325733, -0.17771, 0.953778, -0.0425577, -0.297484, 0.0863429, 0.986992, 0.135619, 0.287842, -0.155034, 0.945046)
    Right Leg.CFrame = CFrame.new(0.431386, 0.204162, 0.19466, 0.918327, 0.204563, -0.338863, -0.230054, 0.972499, -0.0363689, 0.322104, 0.111354, 0.940132)

[30]
    Time: 0.966667
    HumanoidRootPart.CFrame = CFrame.new(0, 0, 0, 1, 0, 0, 0, 1, 0, 0, 0, 1)
    Torso.CFrame = CFrame.new(-0.0775583, -0.272301, 0.316499, 0.71794, 0.669836, -0.189426, -0.696011, 0.695222, -0.179542, 0.0114294, 0.260743, 0.965341)
    Head.CFrame = CFrame.new(4.84288e-08, -2.38419e-07, -2.38419e-07, 0.8601, -0.508168, 0.0446413, 0.510034, 0.854994, -0.0940746, 0.00963771, 0.103682, 0.994564)
    Left Arm.CFrame = CFrame.new(0.378473, -0.605378, 0.476753, -0.614257, 0.714393, 0.335159, -0.4711, -0.67273, 0.570525, 0.633051, 0.192555, 0.74978)
    Right Arm.CFrame = CFrame.new(-0.815393, 0.472595, -0.170551, 0.925121, 0.0308138, -0.37842, -0.217645, 0.85972, -0.462073, 0.311097, 0.509835, 0.802052)
    Left Leg.CFrame = CFrame.new(-0.858641, 0.382642, -0.200913, 0.947625, -0.0407013, -0.31678, 0.0983483, 0.98084, 0.168169, 0.303865, -0.190515, 0.933472)
    Right Leg.CFrame = CFrame.new(0.535231, 0.211998, 0.186955, 0.917612, 0.257155, -0.303081, -0.28445, 0.957447, -0.0488321, 0.277626, 0.131019, 0.951713)

[31]
    Time: 1.000000
    HumanoidRootPart.CFrame = CFrame.new(0, 0, 0, 1, 0, 0, 0, 1, 0, 0, 0, 1)
    Torso.CFrame = CFrame.new(-0.0782846, -0.277191, 0.24557, 0.657626, 0.722849, -0.212172, -0.753279, 0.634647, -0.172609, 0.00988397, 0.273337, 0.961868)
    Head.CFrame = CFrame.new(-4.47035e-08, -2.38419e-07, 2.08616e-07, 0.85345, -0.518687, 0.0508591, 0.521157, 0.848534, -0.0915729, 0.00434208, 0.104658, 0.994499)
    Left Arm.CFrame = CFrame.new(0.696294, -0.522179, 0.176715, -0.302011, 0.939527, 0.161492, -0.840605, -0.342358, 0.419731, 0.449637, -0.00898793, 0.893166)
    Right Arm.CFrame = CFrame.new(-0.81936, 0.462619, -0.183963, 0.912944, -0.0197495, -0.407606, -0.204071, 0.842874, -0.497913, 0.353395, 0.537748, 0.765467)
    Left Leg.CFrame = CFrame.new(-0.851332, 0.3779, -0.177615, 0.954037, -0.0644229, -0.292683, 0.112586, 0.982133, 0.150799, 0.277738, -0.176819, 0.944244)
    Right Leg.CFrame = CFrame.new(0.584953, 0.217003, 0.138716, 0.937167, 0.262721, -0.229554, -0.279402, 0.959219, -0.0428492, 0.208935, 0.104294, 0.972352)

[32]
    Time: 1.033333
    HumanoidRootPart.CFrame = CFrame.new(0, 0, 0, 1, 0, 0, 0, 1, 0, 0, 0, 1)
    Torso.CFrame = CFrame.new(-0.0784123, -0.280414, 0.140291, 0.599519, 0.765973, -0.232084, -0.800315, 0.576835, -0.163579, 0.00857716, 0.283808, 0.958843)
    Head.CFrame = CFrame.new(2.6077e-08, -3.57628e-07, -2.98023e-08, 0.846533, -0.529368, 0.056138, 0.532337, 0.841794, -0.0894489, 9.4831e-05, 0.105606, 0.994408)
    Left Arm.CFrame = CFrame.new(0.952103, -0.236514, -0.0606097, 0.15251, 0.987701, 0.0344447, -0.973944, 0.144285, 0.17497, 0.167848, -0.0602322, 0.983971)
    Right Arm.CFrame = CFrame.new(-0.821338, 0.456081, -0.193372, 0.902369, -0.0559259, -0.427319, -0.19617, 0.829562, -0.522823, 0.383728, 0.555607, 0.737601)
    Left Leg.CFrame = CFrame.new(-0.745094, 0.331876, -0.119122, 0.969737, -0.0340069, -0.241772, 0.0664852, 0.989613, 0.127459, 0.234926, -0.139675, 0.961925)
    Right Leg.CFrame = CFrame.new(0.523769, 0.206404, 0.083131, 0.968837, 0.193156, -0.155061, -0.199532, 0.979534, -0.0264929, 0.14677, 0.0566063, 0.98755)

[33]
    Time: 1.066667
    HumanoidRootPart.CFrame = CFrame.new(0, 0, 0, 1, 0, 0, 0, 1, 0, 0, 0, 1)
    Torso.CFrame = CFrame.new(-0.0779447, -0.282289, 0.0209887, 0.545482, 0.800392, -0.24864, -0.838087, 0.523617, -0.153084, 0.00766492, 0.291887, 0.956422)
    Head.CFrame = CFrame.new(-5.96046e-08, 1.19209e-07, 8.9407e-08, 0.83914, -0.540557, 0.0603521, 0.543908, 0.834542, -0.0877735, -0.00291972, 0.10648, 0.994311)
    Left Arm.CFrame = CFrame.new(1.054, 0.126144, -0.16239, 0.579022, 0.81525, -0.010017, -0.812682, 0.576126, -0.0873433, -0.0654356, 0.0587142, 0.996128)
    Right Arm.CFrame = CFrame.new(-0.82127, 0.45431, -0.197513, 0.896242, -0.0703012, -0.437959, -0.194788, 0.824683, -0.530995, 0.398508, 0.561209, 0.725422)
    Left Leg.CFrame = CFrame.new(-0.59294, 0.267081, -0.0613956, 0.982934, 0.0232836, -0.182478, -0.00468544, 0.994807, 0.101676, 0.183897, -0.0990855, 0.977939)
    Right Leg.CFrame = CFrame.new(0.401282, 0.181488, 0.0438462, 0.992687, 0.0829271, -0.0877187, -0.0835188, 0.996502, -0.00304958, 0.0871588, 0.0103531, 0.996141)

[34]
    Time: 1.100000
    HumanoidRootPart.CFrame = CFrame.new(0, 0, 0, 1, 0, 0, 0, 1, 0, 0, 0, 1)
    Torso.CFrame = CFrame.new(-0.0769731, -0.283109, -0.104737, 0.496984, 0.827431, -0.261467, -0.867729, 0.476407, -0.141715, 0.00730516, 0.297312, 0.954752)
    Head.CFrame = CFrame.new(-9.31323e-09, -2.38419e-07, -4.47035e-08, 0.831039, -0.552593, 0.0633721, 0.556196, 0.826524, -0.0866216, -0.00451212, 0.107233, 0.994224)
    Left Arm.CFrame = CFrame.new(1.02331, 0.415959, -0.15892, 0.850633, 0.525715, 0.00679093, -0.500832, 0.814166, -0.293773, -0.15997, 0.246492, 0.955851)
    Right Arm.CFrame = CFrame.new(-0.818864, 0.457803, -0.197512, 0.89295, -0.065862, -0.445312, -0.201914, 0.825542, -0.526983, 0.402333, 0.560484, 0.723869)
    Left Leg.CFrame = CFrame.new(-0.489441, 0.228275, -0.0222222, 0.990486, 0.0511629, -0.127754, -0.0420445, 0.996441, 0.0730522, 0.131037, -0.0669852, 0.989112)
    Right Leg.CFrame = CFrame.new(0.318696, 0.173512, 0.0269004, 0.999478, 0.000713848, -0.0323158, 2.89296e-05, 0.999733, 0.0230932, 0.0323236, -0.0230821, 0.999211)

[35]
    Time: 1.133333
    HumanoidRootPart.CFrame = CFrame.new(0, 0, 0, 1, 0, 0, 0, 1, 0, 0, 0, 1)
    Torso.CFrame = CFrame.new(-0.0756734, -0.283095, -0.260993, 0.454987, 0.848475, -0.270329, -0.890465, 0.436108, -0.129928, 0.00765175, 0.299834, 0.953961)
    Head.CFrame = CFrame.new(1.67638e-08, 1.19209e-07, 7.45058e-08, 0.821969, -0.565804, 0.065066, 0.569515, 0.817462, -0.0860744, -0.00448784, 0.107806, 0.994162)
    Left Arm.CFrame = CFrame.new(0.938142, 0.579139, -0.121822, 0.968189, 0.246783, 0.0413309, -0.206811, 0.882212, -0.423004, -0.140853, 0.401, 0.905185)
    Right Arm.CFrame = CFrame.new(-0.814295, 0.465303, -0.195571, 0.889211, -0.0520931, -0.454522, -0.217212, 0.826306, -0.519651, 0.402645, 0.560807, 0.723445)
    Left Leg.CFrame = CFrame.new(-0.603168, 0.293674, 0.0134238, 0.994566, -0.0562952, -0.0875769, 0.0593887, 0.997687, 0.0330828, 0.0855119, -0.0381038, 0.995608)
    Right Leg.CFrame = CFrame.new(0.491549, 0.268603, 0.0215557, 0.996198, 0.0859181, 0.0144073, -0.0864539, 0.995386, 0.0416373, -0.0107632, -0.0427244, 0.999029)

[36]
    Time: 1.166667
    HumanoidRootPart.CFrame = CFrame.new(0, 0, 0, 1, 0, 0, 0, 1, 0, 0, 0, 1)
    Torso.CFrame = CFrame.new(-0.0751235, -0.282842, -0.380886, 0.418844, 0.86494, -0.276495, -0.90802, 0.401729, -0.1188, 0.00832149, 0.300821, 0.953644)
    Head.CFrame = CFrame.new(3.72529e-08, 1.19209e-07, 7.45058e-08, 0.812162, -0.579046, 0.0714111, 0.583388, 0.804476, -0.111702, 0.00723204, 0.13238, 0.991173)
    Left Arm.CFrame = CFrame.new(0.857953, 0.630587, -0.0991326, 0.996691, 0.0529102, 0.0617076, -0.0165872, 0.875559, -0.482826, -0.0795756, 0.480205, 0.873539)
    Right Arm.CFrame = CFrame.new(-0.808011, 0.475514, -0.192184, 0.884909, -0.031544, -0.464694, -0.238194, 0.826717, -0.509708, 0.400249, 0.561733, 0.724056)
    Left Leg.CFrame = CFrame.new(-0.768554, 0.353597, 0.0584902, 0.97984, -0.192429, -0.0537026, 0.192454, 0.981295, -0.00482314, 0.0536262, -0.00560921, 0.998545)
    Right Leg.CFrame = CFrame.new(0.710088, 0.363869, 0.00258219, 0.97713, 0.205622, 0.0541838, -0.208449, 0.976602, 0.0529097, -0.0420363, -0.062994, 0.997128)

[37]
    Time: 1.200000
    HumanoidRootPart.CFrame = CFrame.new(0, 0, 0, 1, 0, 0, 0, 1, 0, 0, 0, 1)
    Torso.CFrame = CFrame.new(-0.0762647, -0.28268, -0.447567, 0.387472, 0.878012, -0.280999, -0.921839, 0.371941, -0.108962, 0.00884519, 0.301255, 0.953502)
    Head.CFrame = CFrame.new(-9.31323e-09, -2.38419e-07, 7.45058e-08, 0.80329, -0.589535, 0.0847025, 0.594701, 0.786178, -0.168095, 0.0325067, 0.185402, 0.982125)
    Left Arm.CFrame = CFrame.new(0.799168, 0.631832, -0.0939524, 0.995275, -0.0681817, 0.0691351, 0.0939801, 0.855431, -0.509318, -0.0244147, 0.513409, 0.857797)
    Right Arm.CFrame = CFrame.new(-0.800496, 0.48716, -0.187844, 0.879991, -0.00677082, -0.474943, -0.26238, 0.826572, -0.497931, 0.395946, 0.56279, 0.725599)
    Left Leg.CFrame = CFrame.new(-0.894921, 0.348749, 0.106213, 0.954911, -0.296074, -0.0219846, 0.295193, 0.954752, -0.0362249, 0.0317151, 0.028102, 0.999102)
    Right Leg.CFrame = CFrame.new(0.8798, 0.394974, -0.0202245, 0.95197, 0.29343, 0.0874603, -0.299043, 0.95237, 0.0597266, -0.0657687, -0.0830121, 0.994376)

[38]
    Time: 1.233333
    HumanoidRootPart.CFrame = CFrame.new(0, 0, 0, 1, 0, 0, 0, 1, 0, 0, 0, 1)
    Torso.CFrame = CFrame.new(-0.10843, -0.282417, -0.47008, 0.360898, 0.888547, -0.28326, -0.93256, 0.346839, -0.100178, 0.00923303, 0.300311, 0.953797)
    Head.CFrame = CFrame.new(-8.9407e-08, 1.19209e-07, -4.47035e-08, 0.797121, -0.595779, 0.0982101, 0.601026, 0.76724, -0.223852, 0.0580157, 0.237464, 0.969662)
    Left Arm.CFrame = CFrame.new(0.759063, 0.631957, -0.0916475, 0.985718, -0.149426, 0.0776722, 0.167702, 0.828802, -0.53382, 0.0153909, 0.539221, 0.842024)
    Right Arm.CFrame = CFrame.new(-0.792338, 0.499021, -0.183045, 0.874597, 0.0196611, -0.484451, -0.287318, 0.825857, -0.485189, 0.390549, 0.563537, 0.727941)
