[1]
    Time: 0.000000
    HumanoidRootPart.CFrame = CFrame.new(0, 0, 0, 1, 0, 0, 0, 1, 0, 0, 0, 1)
    Torso.CFrame = CFrame.new(-0.000572486, 0.0245926, -0.0222566, 0.920365, -0.391055, -0.00209651, 0.390939, 0.919931, 0.0298976, -0.00976294, -0.0283363, 0.999551)
    Left Leg.CFrame = CFrame.new(0.222334, 0.0163788, -0.010762, 0.679161, -0.0598724, 0.731543, 0.086801, 0.996225, 0.000949412, -0.728839, 0.0628539, 0.681794)
    Right Arm.CFrame = CFrame.new(0.0704869, -0.446168, -0.110739, 0.967302, -0.251188, -0.0350832, 0.253514, 0.953478, 0.163126, -0.00752427, -0.166687, 0.985981)
    Left Arm.CFrame = CFrame.new(-0.0704864, -0.446168, -0.110739, 0.967302, 0.251188, 0.0350838, -0.253514, 0.953478, 0.163126, 0.00752373, -0.166687, 0.985981)
    Head.CFrame = CFrame.new(9.26666e-08, 8.49832e-09, 0.016662, 0.991459, 0.130042, -0.00993356, -0.130248, 0.991188, -0.0241012, 0.00671184, 0.0251891, 0.99966)
    Right Leg.CFrame = CFrame.new(0.362873, -0.020622, -0.12834, 0.882511, 0.128804, 0.452309, -0.123094, 0.991498, -0.0421766, -0.453896, -0.0184551, 0.890864)

[2]
    Time: 0.041667
    HumanoidRootPart.CFrame = CFrame.new(0, 0, 0, 1, 0, 0, 0, 1, 0, 0, 0, 1)
    Torso.CFrame = CFrame.new(-0.0163858, 0.0203554, -0.0222566, 0.920365, -0.391055, -0.00209651, 0.390939, 0.919931, 0.0298976, -0.00976294, -0.0283363, 0.999551)
    Left Leg.CFrame = CFrame.new(0.222624, 0.0202725, -0.0112771, 0.679411, -0.058487, 0.731424, 0.0794139, 0.996824, 0.0059426, -0.729448, 0.0540477, 0.681897)
    Right Arm.CFrame = CFrame.new(0.0704869, -0.446168, -0.110739, 0.967302, -0.251188, -0.0350832, 0.253514, 0.953478, 0.163126, -0.00752427, -0.166687, 0.985981)
    Left Arm.CFrame = CFrame.new(-0.0704865, -0.446169, -0.110739, 0.967302, 0.251188, 0.0350838, -0.253514, 0.953478, 0.163126, 0.00752373, -0.166687, 0.985981)
    Head.CFrame = CFrame.new(9.31323e-08, 4.65661e-09, 0.0166619, 0.991459, 0.130042, -0.00993356, -0.130248, 0.991188, -0.0241012, 0.00671184, 0.0251891, 0.99966)
    Right Leg.CFrame = CFrame.new(0.362561, -0.0233824, -0.128252, 0.8829, 0.12754, 0.451909, -0.118056, 0.991784, -0.0492604, -0.454479, -0.00985838, 0.890703)

[3]
    Time: 0.083333
    HumanoidRootPart.CFrame = CFrame.new(0, 0, 0, 1, 0, 0, 0, 1, 0, 0, 0, 1)
    Torso.CFrame = CFrame.new(-0.023305, 0.0185014, -0.0222566, 0.920365, -0.391055, -0.00209651, 0.390939, 0.919931, 0.0298976, -0.00976294, -0.0283363, 0.999551)
    Left Leg.CFrame = CFrame.new(0.222888, 0.0219477, -0.011661, 0.679531, -0.0578074, 0.731366, 0.076072, 0.997069, 0.00812814, -0.729692, 0.0501131, 0.681937)
    Right Arm.CFrame = CFrame.new(0.0704869, -0.446168, -0.110739, 0.967302, -0.251188, -0.0350832, 0.253514, 0.953478, 0.163126, -0.00752427, -0.166687, 0.985981)
    Left Arm.CFrame = CFrame.new(-0.0704865, -0.446168, -0.110739, 0.967302, 0.251188, 0.0350838, -0.253514, 0.953478, 0.163126, 0.00752373, -0.166687, 0.985981)
    Head.CFrame = CFrame.new(9.49949e-08, 1.11759e-08, 0.0166622, 0.991459, 0.130042, -0.00993356, -0.130248, 0.991188, -0.0241012, 0.00671184, 0.0251891, 0.99966)
    Right Leg.CFrame = CFrame.new(0.362183, -0.0246004, -0.128098, 0.883091, 0.126863, 0.451727, -0.115711, 0.991902, -0.0523588, -0.454711, -0.00603238, 0.890619)

[4]
    Time: 0.125000
    HumanoidRootPart.CFrame = CFrame.new(0, 0, 0, 1, 0, 0, 0, 1, 0, 0, 0, 1)
    Torso.CFrame = CFrame.new(0.0491736, -0.0360614, -0.064815, 0.898546, -0.431362, 0.0808855, 0.43261, 0.901578, 0.00230408, -0.0739185, 0.0329216, 0.996721)
    Left Leg.CFrame = CFrame.new(-0.140671, 0.190408, 0.341412, 0.65379, -0.2498, 0.714254, 0.31076, 0.949298, 0.0475503, -0.689918, 0.190874, 0.698269)
    Right Arm.CFrame = CFrame.new(0.12854, -0.501826, -0.154407, 0.896651, -0.442579, -0.0118829, 0.441544, 0.891941, 0.0973665, -0.0324936, -0.0925508, 0.995178)
    Left Arm.CFrame = CFrame.new(-0.128539, -0.501826, -0.154407, 0.896638, 0.442605, 0.0118854, -0.441571, 0.891927, 0.0973723, 0.0324966, -0.0925561, 0.995177)
    Head.CFrame = CFrame.new(5.96046e-08, 7.45058e-09, 0.0166624, 0.98168, 0.17715, -0.0701551, -0.175091, 0.983946, 0.0345326, 0.0751463, -0.0216165, 0.996938)
    Right Leg.CFrame = CFrame.new(0.36515, -0.0378715, -0.119432, 0.911344, 0.103953, 0.398304, -0.0675294, 0.992235, -0.104451, -0.406069, 0.0682935, 0.911287)

[5]
    Time: 0.166667
    HumanoidRootPart.CFrame = CFrame.new(0, 0, 0, 1, 0, 0, 0, 1, 0, 0, 0, 1)
    Torso.CFrame = CFrame.new(0.22094, -0.162045, -0.193525, 0.815088, -0.508781, 0.277081, 0.544433, 0.836194, -0.0661225, -0.198052, 0.204748, 0.958569)
    Left Leg.CFrame = CFrame.new(-0.44945, 0.571011, 0.482827, 0.606022, -0.4223, 0.674092, 0.441574, 0.883473, 0.156487, -0.661627, 0.202827, 0.72188)
    Right Arm.CFrame = CFrame.new(0.257264, -0.630891, -0.249405, 0.55962, -0.822627, 0.10055, 0.828103, 0.559844, -0.0286441, -0.0327287, 0.0992951, 0.99452)
    Left Arm.CFrame = CFrame.new(-0.25726, -0.630895, -0.249405, 0.559478, 0.822721, -0.100568, -0.828199, 0.559702, -0.0286403, 0.0327252, 0.0993137, 0.994518)
    Head.CFrame = CFrame.new(-1.49012e-08, 8.9407e-08, 0.016662, 0.937659, 0.302546, -0.171058, -0.270939, 0.944562, 0.18546, 0.217685, -0.127551, 0.967649)
    Right Leg.CFrame = CFrame.new(0.378401, -0.0542654, -0.092398, 0.961903, 0.0283282, 0.271919, 0.0352701, 0.973447, -0.22618, -0.271105, 0.227154, 0.935363)

[6]
    Time: 0.208333
    HumanoidRootPart.CFrame = CFrame.new(0, 0, 0, 1, 0, 0, 0, 1, 0, 0, 0, 1)
    Torso.CFrame = CFrame.new(0.398889, -0.303104, -0.396738, 0.670294, -0.554133, 0.493601, 0.693234, 0.704928, -0.150013, -0.264826, 0.442734, 0.856653)
    Left Leg.CFrame = CFrame.new(-0.549231, 0.903899, 0.331031, 0.634844, -0.449656, 0.628318, 0.37879, 0.889906, 0.254137, -0.673418, 0.0766629, 0.735276)
    Right Arm.CFrame = CFrame.new(0.393616, -0.76877, -0.344767, -0.00489487, -0.961414, 0.275061, 0.997943, -0.0222798, -0.0601148, 0.0639235, 0.274201, 0.959546)
    Left Arm.CFrame = CFrame.new(-0.393616, -0.76878, -0.344766, -0.00517248, 0.9614, -0.275106, -0.997938, -0.0225623, -0.0600838, -0.0639715, 0.274228, 0.959534)
    Head.CFrame = CFrame.new(2.98023e-08, 1.49012e-07, 0.0166624, 0.864891, 0.463647, -0.192339, -0.376351, 0.852521, 0.362723, 0.332149, -0.241329, 0.911832)
    Right Leg.CFrame = CFrame.new(0.421552, -0.0290154, -0.0312856, 0.988528, -0.0827048, 0.126382, 0.123561, 0.924043, -0.36177, -0.0868623, 0.373236, 0.923661)

[7]
    Time: 0.250000
    HumanoidRootPart.CFrame = CFrame.new(0, 0, 0, 1, 0, 0, 0, 1, 0, 0, 0, 1)
    Torso.CFrame = CFrame.new(0.495105, -0.421969, -0.611273, 0.533016, -0.550752, 0.642313, 0.824487, 0.508595, -0.248097, -0.190038, 0.661819, 0.725177)
    Left Leg.CFrame = CFrame.new(-0.542935, 1.08458, 0.124236, 0.826883, -0.291813, 0.480739, 0.216211, 0.954095, 0.207257, -0.519151, -0.0674361, 0.852018)
    Right Arm.CFrame = CFrame.new(0.461736, -0.836795, -0.388721, -0.409818, -0.837856, 0.360621, 0.901533, -0.432234, 0.020284, 0.138878, 0.333425, 0.932492)
    Left Arm.CFrame = CFrame.new(-0.461735, -0.836795, -0.388721, -0.409818, 0.837856, -0.36062, -0.901533, -0.432234, 0.0202836, -0.138878, 0.333424, 0.932492)
    Head.CFrame = CFrame.new(-5.96046e-08, -2.98023e-08, 0.0166622, 0.801428, 0.597822, -0.0179337, -0.537742, 0.733364, 0.415946, 0.261814, -0.323707, 0.909213)
    Right Leg.CFrame = CFrame.new(0.458553, 0.0874563, 0.105497, 0.979829, -0.199333, -0.0141887, 0.172379, 0.878982, -0.444607, 0.101096, 0.433193, 0.895613)

[8]
    Time: 0.291667
    HumanoidRootPart.CFrame = CFrame.new(0, 0, 0, 1, 0, 0, 0, 1, 0, 0, 0, 1)
    Torso.CFrame = CFrame.new(0.474321, -0.515309, -0.784229, 0.448746, -0.520717, 0.726278, 0.893077, 0.290649, -0.34342, -0.0322676, 0.802731, 0.595468)
    Left Leg.CFrame = CFrame.new(-0.431726, 1.23439, -0.114016, 0.970937, -0.022842, 0.238244, -0.022726, 0.982139, 0.186781, -0.238255, -0.186767, 0.953075)
    Right Arm.CFrame = CFrame.new(0.402448, -0.750792, -0.350405, -0.594201, -0.724875, 0.348542, 0.793712, -0.598588, 0.108232, 0.130179, 0.340953, 0.931023)
    Left Arm.CFrame = CFrame.new(-0.399008, -0.750766, -0.350013, -0.591459, 0.72306, -0.356876, -0.794319, -0.598595, 0.10364, -0.138687, 0.344772, 0.928385)
    Head.CFrame = CFrame.new(2.01166e-07, -5.96046e-08, 0.0166619, 0.752908, 0.628823, 0.194193, -0.648034, 0.656882, 0.385432, 0.114806, -0.416039, 0.902071)
    Right Leg.CFrame = CFrame.new(0.385824, 0.233883, 0.264477, 0.930526, -0.349165, -0.110479, 0.25157, 0.828653, -0.500048, 0.266148, 0.437514, 0.858922)

[9]
    Time: 0.333333
    HumanoidRootPart.CFrame = CFrame.new(0, 0, 0, 1, 0, 0, 0, 1, 0, 0, 0, 1)
    Torso.CFrame = CFrame.new(0.387371, -0.581774, -0.898963, 0.412824, -0.487402, 0.769426, 0.905215, 0.12606, -0.405826, 0.100806, 0.86403, 0.493244)
    Left Leg.CFrame = CFrame.new(-0.236139, 1.31763, -0.340112, 0.967499, 0.243639, 0.067714, -0.252853, 0.928595, 0.271618, 0.00329803, -0.279912, 0.96002)
    Right Arm.CFrame = CFrame.new(0.253704, -0.561548, -0.260325, -0.695818, -0.646054, 0.313771, 0.71048, -0.683119, 0.169018, 0.105148, 0.340534, 0.934334)
    Left Arm.CFrame = CFrame.new(-0.246817, -0.561504, -0.259581, -0.691019, 0.642481, -0.331228, -0.712317, -0.683154, 0.160951, -0.122872, 0.347159, 0.929722)
    Head.CFrame = CFrame.new(-1.49012e-08, -3.12924e-07, 0.0166619, 0.771889, 0.553319, 0.313091, -0.635739, 0.668024, 0.386755, 0.00484642, -0.497576, 0.867407)
    Right Leg.CFrame = CFrame.new(0.264935, 0.322032, 0.35657, 0.86093, -0.49183, -0.130006, 0.351153, 0.759444, -0.547664, 0.36809, 0.425849, 0.826536)

[10]
    Time: 0.375000
    HumanoidRootPart.CFrame = CFrame.new(0, 0, 0, 1, 0, 0, 0, 1, 0, 0, 0, 1)
    Torso.CFrame = CFrame.new(0.314191, -0.628104, -0.932419, 0.42658, -0.49198, 0.758937, 0.886278, 0.0600219, -0.459247, 0.180388, 0.868535, 0.461635)
    Left Leg.CFrame = CFrame.new(-0.225146, 1.23207, -0.434709, 0.897378, 0.430131, -0.0984863, -0.37727, 0.863648, 0.334336, 0.228865, -0.26287, 0.937294)
    Right Arm.CFrame = CFrame.new(0.0740604, -0.397441, -0.154269, -0.79289, -0.536645, 0.288682, 0.599388, -0.772213, 0.210765, 0.109818, 0.340146, 0.933938)
    Left Arm.CFrame = CFrame.new(-0.0740599, -0.397441, -0.154269, -0.79289, 0.536645, -0.288682, -0.599388, -0.772213, 0.210764, -0.109818, 0.340145, 0.933939)
    Head.CFrame = CFrame.new(2.23517e-07, 8.19564e-08, 0.0166624, 0.916101, 0.376619, -0.13754, -0.377279, 0.925833, 0.0222513, 0.135719, 0.0315065, 0.990246)
    Right Leg.CFrame = CFrame.new(0.196227, 0.383367, 0.386237, 0.826228, -0.544385, -0.144887, 0.393906, 0.74216, -0.542251, 0.402723, 0.39095, 0.82763)

[11]
    Time: 0.416667
    HumanoidRootPart.CFrame = CFrame.new(0, 0, 0, 1, 0, 0, 0, 1, 0, 0, 0, 1)
    Torso.CFrame = CFrame.new(0.258249, -0.699481, -0.797592, 0.624141, -0.505925, 0.595388, 0.773776, 0.294675, -0.560747, 0.10825, 0.810683, 0.575392)
    Left Leg.CFrame = CFrame.new(-0.462521, 0.935356, -0.254135, 0.90474, 0.387201, -0.177542, -0.354998, 0.915747, 0.188107, 0.235419, -0.107161, 0.965968)
    Right Arm.CFrame = CFrame.new(-0.0880011, -0.344363, -0.0648406, -0.905994, -0.330179, 0.264871, 0.383092, -0.905743, 0.181303, 0.180043, 0.265729, 0.947086)
    Left Arm.CFrame = CFrame.new(0.0632119, -0.345897, -0.0664286, -0.918537, 0.333525, -0.21225, -0.375029, -0.904978, 0.200921, -0.12507, 0.264153, 0.956337)
    Head.CFrame = CFrame.new(-4.47035e-08, 0, 0.0166621, 0.925826, 0.370737, -0.0734875, -0.369868, 0.928731, 0.0256064, 0.0777433, 0.00347367, 0.996967)
    Right Leg.CFrame = CFrame.new(0.350876, 0.450766, 0.270314, 0.909879, -0.400403, -0.108615, 0.33369, 0.86187, -0.381878, 0.246517, 0.311219, 0.917808)

[12]
    Time: 0.458333
    HumanoidRootPart.CFrame = CFrame.new(0, 0, 0, 1, 0, 0, 0, 1, 0, 0, 0, 1)
    Torso.CFrame = CFrame.new(0.0569906, -0.62006, -0.408778, 0.92118, -0.313908, 0.229978, 0.387889, 0.788006, -0.478109, -0.031142, 0.52963, 0.847657)
    Left Leg.CFrame = CFrame.new(-0.475427, 0.41052, 0.109121, 0.979178, 0.143329, 0.143761, -0.131666, 0.987412, -0.0876491, -0.154515, 0.0668956, 0.985723)
    Right Arm.CFrame = CFrame.new(-0.227602, -0.321717, -0.000434577, -0.966442, -0.0205403, 0.256064, 0.0300677, -0.998991, 0.0333479, 0.255121, 0.0399278, 0.966084)
    Left Arm.CFrame = CFrame.new(0.164428, -0.33343, -0.00174284, -0.991707, 0.0115513, -0.127999, -0.0202586, -0.997552, 0.0669342, -0.126913, 0.0689719, 0.989513)
    Head.CFrame = CFrame.new(8.9407e-08, -8.19564e-08, 0.0166621, 0.991995, 0.0990321, 0.0783469, -0.0924591, 0.99221, -0.0834951, -0.0860052, 0.0755828, 0.993424)
    Right Leg.CFrame = CFrame.new(0.602757, 0.317947, -0.0570809, 0.980814, -0.111728, 0.159754, 0.130037, 0.985484, -0.109139, -0.145241, 0.127819, 0.981105)

[13]
    Time: 0.500000
    HumanoidRootPart.CFrame = CFrame.new(0, 0, 0, 1, 0, 0, 0, 1, 0, 0, 0, 1)
    Torso.CFrame = CFrame.new(-0.090027, -0.270331, 0.0340726, 0.998007, -0.0610455, 0.0159763, 0.0619278, 0.996137, -0.0622646, -0.0121136, 0.0631299, 0.997932)
    Left Leg.CFrame = CFrame.new(-0.297413, 0.229287, 0.224984, 0.875164, -0.103955, 0.472526, 0.123331, 0.992314, -0.0101146, -0.467843, 0.0671292, 0.881258)
    Right Arm.CFrame = CFrame.new(-0.353163, -0.206922, 0.0414387, -0.894549, 0.31671, 0.315399, -0.38279, -0.907155, -0.174761, 0.230767, -0.277064, 0.932728)
    Left Arm.CFrame = CFrame.new(0.245597, -0.246322, 0.0446671, -0.926327, -0.361796, -0.104986, 0.374564, -0.914309, -0.154078, -0.0402453, -0.182051, 0.982465)
    Head.CFrame = CFrame.new(9.31323e-08, -1.11759e-08, 0.0166615, 0.993946, -0.0803007, 0.0749844, 0.0865529, 0.99268, -0.0842311, -0.0676717, 0.0902114, 0.993621)
    Right Leg.CFrame = CFrame.new(0.90432, 0.0928531, -0.320978, 0.817497, 0.454124, 0.354217, -0.514878, 0.851852, 0.0961693, -0.258068, -0.260997, 0.930205)

[14]
    Time: 0.541667
    HumanoidRootPart.CFrame = CFrame.new(0, 0, 0, 1, 0, 0, 0, 1, 0, 0, 0, 1)
    Torso.CFrame = CFrame.new(-0.101072, 0.00422794, 0.387518, 0.999702, -0.0163002, -0.0181666, 0.0205139, 0.964436, 0.263521, 0.013225, -0.263815, 0.964483)
    Left Leg.CFrame = CFrame.new(-0.280023, 0.333564, 0.179623, 0.860814, -0.130338, 0.491946, 0.0619752, 0.986301, 0.15287, -0.505132, -0.101104, 0.8571)
    Right Arm.CFrame = CFrame.new(-0.469865, 0.199598, 0.0664889, -0.720995, 0.543439, 0.42993, -0.686387, -0.645219, -0.335507, 0.0950712, -0.536997, 0.83821)
    Left Arm.CFrame = CFrame.new(0.320074, 0.134591, 0.0786688, -0.750449, -0.641352, -0.15967, 0.649603, -0.671209, -0.357064, 0.121831, -0.371681, 0.920332)
    Head.CFrame = CFrame.new(9.73232e-08, -1.0361e-08, 0.0166628, 0.999638, -0.0101877, 0.0249028, 0.00790738, 0.99591, 0.0900081, -0.0257178, -0.0897787, 0.99563)
    Right Leg.CFrame = CFrame.new(0.936273, -0.294846, -0.40598, 0.42466, 0.707858, 0.564447, -0.8997, 0.260392, 0.350337, 0.101012, -0.656607, 0.747438)

[15]
    Time: 0.583333
    HumanoidRootPart.CFrame = CFrame.new(0, 0, 0, 1, 0, 0, 0, 1, 0, 0, 0, 1)
    Torso.CFrame = CFrame.new(-0.0954642, 0.141061, 0.658405, 0.999679, 0.0135539, -0.0214121, -0.00322049, 0.906045, 0.42317, 0.0251359, -0.422965, 0.905797)
    Left Leg.CFrame = CFrame.new(-0.12013, 0.342407, 0.068414, 0.867584, 0.0487288, 0.494897, -0.184851, 0.95548, 0.229976, -0.461657, -0.291006, 0.837967)
    Right Arm.CFrame = CFrame.new(-0.559235, 0.743476, 0.0798753, -0.566176, 0.63107, 0.530279, -0.822901, -0.395474, -0.407963, -0.0477415, -0.667346, 0.743216)
    Left Arm.CFrame = CFrame.new(0.377922, 0.672279, 0.101056, -0.587773, -0.776177, -0.228193, 0.762442, -0.437107, -0.477095, 0.270565, -0.454407, 0.84871)
    Head.CFrame = CFrame.new(8.3819e-08, 1.58441e-07, 0.0166614, 0.998246, 0.0222489, 0.0548611, -0.0376713, 0.953593, 0.298733, -0.0456687, -0.300276, 0.952758)
    Right Leg.CFrame = CFrame.new(0.708728, -0.422385, -0.36993, 0.219596, 0.578522, 0.785551, -0.949034, -0.0599186, 0.309424, 0.226078, -0.813463, 0.535879)

[16]
    Time: 0.625000
    HumanoidRootPart.CFrame = CFrame.new(0, 0, 0, 1, 0, 0, 0, 1, 0, 0, 0, 1)
    Torso.CFrame = CFrame.new(-0.0870303, 0.182626, 0.773719, 0.99939, 0.0318122, -0.0144286, -0.0213461, 0.883141, 0.468622, 0.0276504, -0.468028, 0.883281)
    Left Leg.CFrame = CFrame.new(0.0565934, 0.251753, -0.0097695, 0.8385, 0.204439, 0.505096, -0.364771, 0.899208, 0.241592, -0.404796, -0.386819, 0.82856)
    Right Arm.CFrame = CFrame.new(-0.594804, 1.0153, 0.0838373, -0.506619, 0.64746, 0.569327, -0.855502, -0.29554, -0.425174, -0.107024, -0.702462, 0.703629)
    Left Arm.CFrame = CFrame.new(0.400888, 0.944876, 0.109416, -0.522931, -0.817066, -0.242788, 0.779439, -0.343092, -0.524178, 0.344989, -0.463347, 0.816267)
    Head.CFrame = CFrame.new(8.3819e-08, -5.12227e-08, 0.0166624, 0.997931, 0.0344259, 0.054297, -0.0528797, 0.91986, 0.388666, -0.0365655, -0.390733, 0.919777)
    Right Leg.CFrame = CFrame.new(0.657483, -0.462755, -0.369696, 0.142827, 0.538645, 0.830338, -0.960047, -0.128581, 0.248549, 0.240645, -0.832663, 0.49876)

[17]
    Time: 0.666667
    HumanoidRootPart.CFrame = CFrame.new(0, 0, 0, 1, 0, 0, 0, 1, 0, 0, 0, 1)
    Torso.CFrame = CFrame.new(-0.0820663, 0.109439, 0.796903, 0.999157, 0.040133, -0.00860421, -0.03399, 0.926542, 0.374652, 0.0230081, -0.374043, 0.927126)
    Left Leg.CFrame = CFrame.new(0.102395, 0.229824, -0.0124561, 0.778297, 0.319169, 0.540726, -0.471341, 0.865938, 0.167299, -0.414839, -0.385075, 0.824394)
    Right Arm.CFrame = CFrame.new(-0.548272, 1.00805, 0.0498304, -0.528291, 0.65696, 0.537877, -0.845895, -0.352561, -0.400203, -0.0732832, -0.666411, 0.741974)
    Left Arm.CFrame = CFrame.new(0.352655, 0.935637, 0.0588189, -0.539775, -0.822169, -0.18078, 0.77245, -0.398384, -0.494582, 0.334609, -0.406607, 0.850122)
    Head.CFrame = CFrame.new(8.75443e-08, -1.01514e-07, 0.0166624, 0.99861, 0.0379074, 0.0366321, -0.0502132, 0.895559, 0.442101, -0.0160473, -0.443326, 0.896217)
    Right Leg.CFrame = CFrame.new(0.708911, -0.442145, -0.391637, 0.206024, 0.529306, 0.823037, -0.94146, -0.122143, 0.314219, 0.266846, -0.839593, 0.473156)

[18]
    Time: 0.708333
    HumanoidRootPart.CFrame = CFrame.new(0, 0, 0, 1, 0, 0, 0, 1, 0, 0, 0, 1)
    Torso.CFrame = CFrame.new(-0.0812185, -0.0911451, 0.786282, 0.999254, 0.0376999, -0.00836911, -0.0364785, 0.992597, 0.115848, 0.0126746, -0.115456, 0.993232)
    Left Leg.CFrame = CFrame.new(0.214542, 0.0935248, -0.0430336, 0.562854, 0.606197, 0.56189, -0.7213, 0.692199, -0.0242444, -0.403637, -0.391645, 0.826856)
    Right Arm.CFrame = CFrame.new(-0.446667, 0.966289, -0.0243326, -0.604721, 0.652595, 0.456544, -0.796393, -0.501535, -0.337966, 0.00841792, -0.567964, 0.823011)
    Left Arm.CFrame = CFrame.new(0.248185, 0.879719, -0.0528817, -0.61022, -0.788816, -0.0734944, 0.74449, -0.539256, -0.393621, 0.270862, -0.294911, 0.91633)
    Head.CFrame = CFrame.new(9.11532e-08, 1.10827e-07, 0.0166627, 0.999274, 0.0344546, 0.0162683, -0.0375825, 0.821005, 0.569683, 0.00627185, -0.56988, 0.821704)
    Right Leg.CFrame = CFrame.new(0.835098, -0.409443, -0.458947, 0.326505, 0.509818, 0.795914, -0.879695, -0.144104, 0.453179, 0.345734, -0.848127, 0.401433)

[19]
    Time: 0.750000
    HumanoidRootPart.CFrame = CFrame.new(0, 0, 0, 1, 0, 0, 0, 1, 0, 0, 0, 1)
    Torso.CFrame = CFrame.new(-0.0782399, -0.349393, 0.612117, 0.999561, 0.0278163, -0.0101555, -0.0294245, 0.971538, -0.235048, 0.00332824, 0.235244, 0.971931)
    Left Leg.CFrame = CFrame.new(0.242942, -0.159465, -0.0961716, 0.172148, 0.862545, 0.475794, -0.906014, 0.328226, -0.26722, -0.386658, -0.385075, 0.837981)
    Right Arm.CFrame = CFrame.new(-0.347406, 0.859913, -0.0966298, -0.743561, 0.572307, 0.345805, -0.660692, -0.708453, -0.248153, 0.102967, -0.412988, 0.904897)
    Left Arm.CFrame = CFrame.new(0.146694, 0.73498, -0.163658, -0.746422, -0.664217, 0.0408753, 0.636753, -0.73071, -0.246187, 0.19339, -0.157732, 0.96836)
    Head.CFrame = CFrame.new(9.59262e-08, -7.49715e-08, 0.0166619, 0.999718, 0.0236972, 0.00129749, -0.0176053, 0.703838, 0.710142, 0.0159151, -0.709965, 0.704057)
    Right Leg.CFrame = CFrame.new(0.966129, -0.352093, -0.506229, 0.435691, 0.517044, 0.736776, -0.758982, -0.228986, 0.609517, 0.483858, -0.824761, 0.29266)

[20]
    Time: 0.791667
    HumanoidRootPart.CFrame = CFrame.new(0, 0, 0, 1, 0, 0, 0, 1, 0, 0, 0, 1)
    Torso.CFrame = CFrame.new(-0.065604, -0.546318, 0.214277, 0.999835, 0.0158054, -0.00892198, -0.0181137, 0.838028, -0.545326, -0.00114223, 0.545398, 0.838177)
    Left Leg.CFrame = CFrame.new(0.136972, -0.245509, -0.0891204, -0.151945, 0.947774, 0.280422, -0.898146, -0.0139586, -0.439476, -0.41261, -0.318636, 0.85336)
    Right Arm.CFrame = CFrame.new(-0.308928, 0.65925, -0.124902, -0.919379, 0.322896, 0.224679, -0.356705, -0.925114, -0.130099, 0.165845, -0.199755, 0.965709)
    Left Arm.CFrame = CFrame.new(0.10829, 0.459558, -0.211663, -0.921357, -0.368945, 0.122397, 0.362083, -0.929119, -0.0750517, 0.141411, -0.0248317, 0.989639)
    Head.CFrame = CFrame.new(8.9407e-08, -2.67755e-07, 0.0166621, 0.999954, 0.00807558, -0.00523628, -0.00057669, 0.593347, 0.804947, 0.00960717, -0.804906, 0.593324)
    Right Leg.CFrame = CFrame.new(1.06888, -0.253453, -0.452096, 0.485625, 0.60259, 0.633288, -0.571279, -0.329579, 0.751677, 0.661672, -0.726817, 0.184195)

[21]
    Time: 0.833333
    HumanoidRootPart.CFrame = CFrame.new(0, 0, 0, 1, 0, 0, 0, 1, 0, 0, 0, 1)
    Torso.CFrame = CFrame.new(-0.0395107, -0.601858, -0.371245, 0.999957, 0.00846315, -0.0036676, -0.00846314, 0.683744, -0.729672, -0.00366763, 0.729672, 0.683787)
    Left Leg.CFrame = CFrame.new(-0.0420704, 0.158703, 0.0509354, 0.698085, 0.680331, 0.223221, -0.663688, 0.731809, -0.154832, -0.268692, -0.0400633, 0.962393)
    Right Arm.CFrame = CFrame.new(-0.46529, 0.123354, -0.0481939, -0.180493, -0.978121, 0.103448, 0.982077, -0.185024, -0.0359371, 0.0542911, 0.0951071, 0.993985)
    Left Arm.CFrame = CFrame.new(0.360916, -0.00231531, -0.0979288, -0.196085, 0.979432, 0.0475671, -0.965132, -0.201346, 0.167274, 0.173411, -0.0131085, 0.984762)
    Head.CFrame = CFrame.new(8.84756e-08, 3.12575e-08, 0.016662, 0.999953, -0.00674732, -0.00697492, 0.00954067, 0.552027, 0.833771, -0.00177553, -0.833799, 0.552066)
    Right Leg.CFrame = CFrame.new(0.0653585, 0.146886, 0.0513003, 0.706157, -0.684949, -0.179409, 0.662247, 0.728576, -0.174946, 0.250542, 0.00472614, 0.968094)

[22]
    Time: 0.875000
    HumanoidRootPart.CFrame = CFrame.new(0, 0, 0, 1, 0, 0, 0, 1, 0, 0, 0, 1)
    Torso.CFrame = CFrame.new(-0.00247808, -0.58745, -0.903203, 0.99995, 0.00989623, 0.00124341, -0.00420301, 0.531142, -0.847272, -0.00904523, 0.847225, 0.531157)
    Left Leg.CFrame = CFrame.new(0.268431, 0.0983073, 0.47227, 0.515227, 0.776415, 0.362934, -0.26954, 0.54877, -0.791328, -0.813566, 0.309889, 0.492016)
    Right Arm.CFrame = CFrame.new(-0.617042, -0.274239, 0.0139341, 0.955774, -0.273711, 0.107604, 0.264998, 0.960172, 0.088579, -0.127563, -0.0561467, 0.99024)
    Left Arm.CFrame = CFrame.new(0.617042, -0.274239, 0.0139338, 0.955774, 0.27371, -0.107604, -0.264998, 0.960172, 0.0885788, 0.127563, -0.0561468, 0.99024)
    Head.CFrame = CFrame.new(8.76607e-08, 2.74649e-08, 0.0166621, 0.999858, -0.0136582, -0.00982235, 0.01555, 0.527479, 0.849425, -0.00642051, -0.849458, 0.527617)
    Right Leg.CFrame = CFrame.new(-0.241104, 0.087168, 0.472297, 0.530929, -0.772032, -0.3494, 0.268989, 0.544527, -0.79444, 0.803591, 0.327807, 0.496774)

[23]
    Time: 0.916667
    HumanoidRootPart.CFrame = CFrame.new(0, 0, 0, 1, 0, 0, 0, 1, 0, 0, 0, 1)
    Torso.CFrame = CFrame.new(0.0381567, -0.535029, -0.897958, 0.99995, 0.00989153, 0.00124217, -0.00425408, 0.536061, -0.844168, -0.009016, 0.844121, 0.536077)
    Left Leg.CFrame = CFrame.new(0.244629, 0.0727466, 0.474165, 0.524168, 0.785183, 0.32975, -0.273944, 0.522085, -0.807702, -0.806351, 0.333039, 0.488757)
    Right Arm.CFrame = CFrame.new(-0.710759, -0.256842, 0.00925839, 0.960688, -0.268674, 0.0699466, 0.255923, 0.954669, 0.152019, -0.107619, -0.128142, 0.9859)
    Left Arm.CFrame = CFrame.new(0.725908, -0.253203, 0.00813985, 0.962478, 0.260642, -0.075511, -0.254047, 0.963285, 0.0868428, 0.0953735, -0.0644009, 0.993356)
    Head.CFrame = CFrame.new(9.17353e-08, -3.11149e-07, 0.016662, 0.999898, -0.0142909, -0.000429685, 0.00939062, 0.633782, 0.773455, -0.010781, -0.77338, 0.633851)
    Right Leg.CFrame = CFrame.new(-0.262135, 0.081011, 0.455597, 0.498103, -0.797421, -0.340608, 0.293584, 0.524695, -0.799064, 0.815905, 0.298019, 0.495462)

[24]
    Time: 0.958333
    HumanoidRootPart.CFrame = CFrame.new(0, 0, 0, 1, 0, 0, 0, 1, 0, 0, 0, 1)
    Torso.CFrame = CFrame.new(0.0817976, -0.503038, -0.879678, 0.99995, 0.00988369, 0.00124002, -0.00438019, 0.548089, -0.836409, -0.00894645, 0.836362, 0.548105)
    Left Leg.CFrame = CFrame.new(0.215418, 0.0530444, 0.473271, 0.540687, 0.779411, 0.316507, -0.266108, 0.515395, -0.814589, -0.798025, 0.356212, 0.486075)
    Right Arm.CFrame = CFrame.new(-0.75867, -0.217549, 0.00326204, 0.963383, -0.268124, 0.00132218, 0.264407, 0.950823, 0.161321, -0.0445111, -0.155064, 0.986901)
    Left Arm.CFrame = CFrame.new(0.78142, -0.20725, -0.00499469, 0.967727, 0.251996, -0.00147219, -0.250625, 0.963038, 0.0987198, 0.0262948, -0.0951652, 0.995114)
    Head.CFrame = CFrame.new(7.45058e-08, -7.06059e-08, 0.0166624, 0.999741, -0.0128509, 0.0187805, -0.00424457, 0.705496, 0.708701, -0.0223572, -0.708597, 0.705259)
    Right Leg.CFrame = CFrame.new(-0.279618, 0.0812317, 0.435675, 0.470159, -0.808958, -0.352898, 0.307621, 0.524976, -0.79358, 0.827236, 0.26455, 0.495674)

[25]
    Time: 1.000000
    HumanoidRootPart.CFrame = CFrame.new(0, 0, 0, 1, 0, 0, 0, 1, 0, 0, 0, 1)
    Torso.CFrame = CFrame.new(0.123811, -0.485376, -0.844604, 0.99995, 0.00988215, 0.00123947, -0.00454011, 0.563055, -0.826407, -0.00886457, 0.82636, 0.563072)
    Left Leg.CFrame = CFrame.new(0.182954, 0.0313864, 0.461259, 0.55568, 0.768429, 0.31739, -0.253979, 0.520402, -0.815277, -0.791653, 0.372423, 0.484342)
    Right Arm.CFrame = CFrame.new(-0.776152, -0.178423, -0.00301105, 0.959535, -0.271549, -0.0745247, 0.280728, 0.94318, 0.177773, 0.0220161, -0.191501, 0.981246)
    Left Arm.CFrame = CFrame.new(0.801408, -0.161717, -0.0192381, 0.966761, 0.243719, 0.0772974, -0.252815, 0.956341, 0.146616, -0.0381896, -0.161285, 0.986169)
    Head.CFrame = CFrame.new(8.3819e-08, -1.06753e-07, 0.0166622, 0.999005, -0.0099552, 0.0434737, -0.0218613, 0.740326, 0.671892, -0.0388736, -0.672174, 0.739372)
    Right Leg.CFrame = CFrame.new(-0.287993, 0.0785488, 0.407434, 0.444209, -0.812797, -0.376881, 0.318139, 0.536349, -0.78174, 0.837536, 0.227355, 0.496833)

[26]
    Time: 1.041667
    HumanoidRootPart.CFrame = CFrame.new(0, 0, 0, 1, 0, 0, 0, 1, 0, 0, 0, 1)
    Torso.CFrame = CFrame.new(0.159564, -0.476216, -0.789012, 0.99995, 0.00989623, 0.00124341, -0.00469212, 0.576748, -0.816909, -0.00880145, 0.816862, 0.576766)
    Left Leg.CFrame = CFrame.new(0.150932, -0.000314116, 0.427597, 0.558966, 0.762406, 0.326028, -0.246915, 0.528394, -0.812301, -0.791574, 0.373548, 0.483603)
    Right Arm.CFrame = CFrame.new(-0.778454, -0.161945, -0.00864816, 0.953601, -0.273235, -0.126444, 0.298191, 0.915119, 0.271366, 0.0415643, -0.296479, 0.954134)
    Left Arm.CFrame = CFrame.new(0.803762, -0.142169, -0.0283293, 0.9646, 0.233341, 0.122876, -0.257712, 0.932923, 0.251474, -0.0559548, -0.274239, 0.960033)
    Head.CFrame = CFrame.new(8.89413e-08, 2.82889e-08, 0.0166622, 0.997532, -0.00776945, 0.0697754, -0.0415516, 0.735764, 0.675962, -0.0565901, -0.677193, 0.733626)
    Right Leg.CFrame = CFrame.new(-0.282238, 0.0597327, 0.363348, 0.415242, -0.815705, -0.402739, 0.331821, 0.54802, -0.767834, 0.847035, 0.1852, 0.498229)

[27]
    Time: 1.083333
    HumanoidRootPart.CFrame = CFrame.new(0, 0, 0, 1, 0, 0, 0, 1, 0, 0, 0, 1)
    Torso.CFrame = CFrame.new(0.205018, -0.432926, -0.659905, 0.99197, 0.123713, 0.0262927, -0.0598992, 0.642629, -0.763832, -0.111392, 0.756123, 0.644879)
    Left Leg.CFrame = CFrame.new(0.244789, 0.0341936, 0.404124, 0.496763, 0.733473, 0.463943, -0.20087, 0.61722, -0.760717, -0.844321, 0.284704, 0.453945)
    Right Arm.CFrame = CFrame.new(-0.417257, -0.348647, 0.00118494, 0.865901, -0.466691, 0.180043, 0.242683, 0.706675, 0.664616, -0.437402, -0.531798, 0.725169)
    Left Arm.CFrame = CFrame.new(0.483098, -0.407448, 0.21381, 0.581197, 0.657707, -0.479199, -0.276794, 0.713534, 0.643625, 0.765242, -0.241434, 0.596753)
    Head.CFrame = CFrame.new(6.70552e-08, 7.45058e-09, 0.0166621, 0.997041, -0.0768619, -0.00110367, 0.0574356, 0.73535, 0.675249, -0.0510893, -0.673314, 0.737589)
    Right Leg.CFrame = CFrame.new(-0.159479, -0.035807, 0.262448, 0.470624, -0.779079, -0.414186, 0.32613, 0.589773, -0.738788, 0.819849, 0.212613, 0.531642)

[28]
    Time: 1.125000
    HumanoidRootPart.CFrame = CFrame.new(0, 0, 0, 1, 0, 0, 0, 1, 0, 0, 0, 1)
    Torso.CFrame = CFrame.new(0.283386, -0.150311, -0.339964, 0.944476, 0.309535, 0.110244, -0.238258, 0.876199, -0.418938, -0.226272, 0.36941, 0.901298)
    Left Leg.CFrame = CFrame.new(0.387987, 0.208814, 0.345981, 0.331551, 0.357197, 0.873203, 0.0531067, 0.917022, -0.395286, -0.941941, 0.177431, 0.28507)
    Right Arm.CFrame = CFrame.new(-0.0552159, -0.533254, 0.0191147, 0.663868, -0.656952, 0.357343, 0.0630927, 0.525323, 0.84856, -0.745184, -0.540787, 0.390194)
    Left Arm.CFrame = CFrame.new(0.150201, -0.669405, 0.471475, -0.245337, 0.806319, -0.5382, 0.0175375, 0.558767, 0.829139, 0.969279, 0.19398, -0.151227)
    Head.CFrame = CFrame.new(-1.49012e-08, 1.04308e-07, 0.0166622, 0.962464, -0.246942, -0.112614, 0.271397, 0.871969, 0.407449, -0.00242012, -0.422718, 0.906258)
    Right Leg.CFrame = CFrame.new(-0.105453, -0.121342, 0.0785884, 0.666325, -0.488344, -0.5635, 0.18428, 0.840109, -0.510154, 0.722532, 0.236086, 0.649777)

[29]
    Time: 1.166667
    HumanoidRootPart.CFrame = CFrame.new(0, 0, 0, 1, 0, 0, 0, 1, 0, 0, 0, 1)
    Torso.CFrame = CFrame.new(0.260927, 0.416269, -0.112853, 0.890083, 0.362063, 0.27688, -0.433982, 0.858881, 0.271998, -0.139327, -0.362262, 0.921604)
    Left Leg.CFrame = CFrame.new(0.361419, 0.330383, -0.0698737, 0.051324, -0.449769, 0.891669, 0.0293701, 0.893139, 0.44882, -0.99825, 0.00315318, 0.0590494)
    Right Arm.CFrame = CFrame.new(-0.406922, -0.173076, -0.0559459, 0.976229, 0.189114, -0.105888, -0.141374, 0.925914, 0.350281, 0.164286, -0.326985, 0.93064)
    Left Arm.CFrame = CFrame.new(0.406922, -0.173076, -0.0559462, 0.976229, -0.189115, 0.105888, 0.141374, 0.925914, 0.350281, -0.164287, -0.326985, 0.93064)
    Head.CFrame = CFrame.new(0, -4.47035e-08, 0.0166621, 0.909635, -0.404532, -0.0944371, 0.386697, 0.907642, -0.163251, 0.151755, 0.11198, 0.982054)
    Right Leg.CFrame = CFrame.new(0.286821, 0.282147, 0.229959, 0.809943, 0.240164, -0.535083, -0.188441, 0.970506, 0.150357, 0.555412, -0.0209491, 0.831311)

[30]
    Time: 1.208333
    HumanoidRootPart.CFrame = CFrame.new(0, 0, 0, 1, 0, 0, 0, 1, 0, 0, 0, 1)
    Torso.CFrame = CFrame.new(0.131209, 0.433931, -0.0385785, 0.848691, 0.414678, 0.328276, -0.509383, 0.807891, 0.29638, -0.142309, -0.418754, 0.89688)
    Left Leg.CFrame = CFrame.new(-0.14003, 0.0661219, -0.0282953, 0.791919, -0.517399, -0.324289, 0.572961, 0.813256, 0.101641, 0.211141, -0.266296, 0.940482)
    Right Arm.CFrame = CFrame.new(-0.508997, 0.234094, -0.148656, 0.742717, 0.669589, 0.00471653, -0.653402, 0.723187, 0.223756, 0.146414, -0.16927, 0.974634)
    Left Arm.CFrame = CFrame.new(0.509135, 0.333789, -0.180129, 0.746528, -0.665341, -0.00407388, 0.649119, 0.726955, 0.22401, -0.146082, -0.169874, 0.974578)
    Head.CFrame = CFrame.new(2.98023e-08, -1.04308e-07, 0.016662, 0.898161, -0.396054, -0.190916, 0.392113, 0.917981, -0.0596557, 0.198884, -0.0212803, 0.979792)
    Right Leg.CFrame = CFrame.new(0.184965, 0.530277, -0.0903839, 0.903001, -0.171549, -0.393903, 0.353367, 0.818041, 0.453808, 0.244378, -0.548981, 0.799312)

[31]
    Time: 1.250000
    HumanoidRootPart.CFrame = CFrame.new(0, 0, 0, 1, 0, 0, 0, 1, 0, 0, 0, 1)
    Torso.CFrame = CFrame.new(0.0821248, 0.447504, -0.0199869, 0.824832, 0.434916, 0.361248, -0.547189, 0.774854, 0.31652, -0.142255, -0.458747, 0.877106)
    Left Leg.CFrame = CFrame.new(-0.129303, 0.0807379, -0.0275729, 0.756092, -0.58144, -0.300421, 0.636, 0.761046, 0.127726, 0.154369, -0.28764, 0.945216)
    Right Arm.CFrame = CFrame.new(-0.560365, 0.518891, -0.217984, 0.514629, 0.849429, 0.116734, -0.856964, 0.505166, 0.102082, 0.027741, -0.152572, 0.987903)
    Left Arm.CFrame = CFrame.new(0.560609, 0.617155, -0.245968, 0.526717, -0.842025, -0.116465, 0.84962, 0.517177, 0.103316, -0.0267618, -0.153369, 0.987807)
    Head.CFrame = CFrame.new(2.98023e-08, -1.49012e-08, 0.0166621, 0.906994, -0.327326, -0.264991, 0.350761, 0.935376, 0.0451531, 0.233086, -0.133902, 0.963193)
    Right Leg.CFrame = CFrame.new(-0.19079, 0.265664, -0.1273, 0.785881, -0.51803, -0.337694, 0.608608, 0.551258, 0.570711, -0.109488, -0.654034, 0.7485)

[32]
    Time: 1.291667
    HumanoidRootPart.CFrame = CFrame.new(0, 0, 0, 1, 0, 0, 0, 1, 0, 0, 0, 1)
    Torso.CFrame = CFrame.new(0.0779797, 0.459012, -0.0250635, 0.818275, 0.43653, 0.373989, -0.55807, 0.759238, 0.334835, -0.137781, -0.482699, 0.86488)
    Left Leg.CFrame = CFrame.new(-0.125744, 0.0795872, -0.0264162, 0.735684, -0.611156, -0.291989, 0.662728, 0.738522, 0.123999, 0.139858, -0.284734, 0.948349)
    Right Arm.CFrame = CFrame.new(-0.581, 0.704648, -0.2616, 0.370929, 0.901542, 0.222784, -0.924894, 0.380222, 0.00127514, -0.0835579, -0.206525, 0.974867)
    Left Arm.CFrame = CFrame.new(0.581212, 0.752346, -0.272095, 0.385047, -0.895326, -0.223896, 0.918919, 0.394435, 0.00302973, 0.0856, -0.206909, 0.974608)
    Head.CFrame = CFrame.new(1.19209e-07, 0, 0.0166618, 0.924049, -0.243623, -0.294586, 0.290292, 0.948595, 0.12609, 0.248725, -0.202029, 0.94727)
    Right Leg.CFrame = CFrame.new(-0.174931, 0.28407, -0.133224, 0.787174, -0.53567, -0.305638, 0.59452, 0.527289, 0.607052, -0.16402, -0.659564, 0.733535)

[33]
    Time: 1.333333
    HumanoidRootPart.CFrame = CFrame.new(0, 0, 0, 1, 0, 0, 0, 1, 0, 0, 0, 1)
    Torso.CFrame = CFrame.new(0.0755093, 0.468968, -0.0300918, 0.827075, 0.423376, 0.369729, -0.546368, 0.760032, 0.351899, -0.13202, -0.493055, 0.859923)
    Left Leg.CFrame = CFrame.new(-0.130779, 0.0708113, -0.0263492, 0.72624, -0.617765, -0.301565, 0.669445, 0.735264, 0.105973, 0.156263, -0.278843, 0.947538)
    Right Arm.CFrame = CFrame.new(-0.593631, 0.81043, -0.276954, 0.30377, 0.909928, 0.28241, -0.942646, 0.330088, -0.049604, -0.138356, -0.251144, 0.958011)
    Left Arm.CFrame = CFrame.new(0.593631, 0.81043, -0.276954, 0.30377, -0.909928, -0.282409, 0.942646, 0.330088, -0.0496041, 0.138356, -0.251143, 0.958011)
    Head.CFrame = CFrame.new(5.96046e-08, -1.49012e-08, 0.0166621, 0.943397, -0.177416, -0.280223, 0.227265, 0.961164, 0.156572, 0.241562, -0.211395, 0.94708)
    Right Leg.CFrame = CFrame.new(-0.177173, 0.30178, -0.148831, 0.775636, -0.54939, -0.310739, 0.597201, 0.479429, 0.643039, -0.204302, -0.684338, 0.699959)

[34]
    Time: 1.375000
    HumanoidRootPart.CFrame = CFrame.new(0, 0, 0, 1, 0, 0, 0, 1, 0, 0, 0, 1)
    Torso.CFrame = CFrame.new(0.0629604, 0.476346, -0.0368366, 0.84573, 0.397845, 0.355613, -0.517749, 0.773091, 0.366424, -0.129142, -0.494014, 0.85981)
    Left Leg.CFrame = CFrame.new(-0.144152, 0.0603039, -0.0287325, 0.721112, -0.610138, -0.328221, 0.665849, 0.741228, 0.0850043, 0.191422, -0.279844, 0.940768)
    Right Arm.CFrame = CFrame.new(-0.617056, 0.868851, -0.260241, 0.27709, 0.914542, 0.294675, -0.94969, 0.307269, -0.0606137, -0.145978, -0.263055, 0.953673)
    Left Arm.CFrame = CFrame.new(0.616709, 0.8496, -0.27554, 0.240925, -0.924917, -0.29408, 0.961287, 0.269159, -0.0590032, 0.133727, -0.26848, 0.953958)
    Head.CFrame = CFrame.new(8.9407e-08, 1.49012e-08, 0.0166624, 0.961228, -0.125178, -0.245706, 0.166802, 0.973475, 0.156599, 0.219586, -0.191511, 0.956611)
    Right Leg.CFrame = CFrame.new(-0.190057, 0.316482, -0.16912, 0.769861, -0.541974, -0.337014, 0.599562, 0.433206, 0.672947, -0.218723, -0.720136, 0.658456)

[35]
    Time: 1.416667
    HumanoidRootPart.CFrame = CFrame.new(0, 0, 0, 1, 0, 0, 0, 1, 0, 0, 0, 1)
    Torso.CFrame = CFrame.new(0.0478585, 0.477544, -0.0515289, 0.866289, 0.368407, 0.33737, -0.482481, 0.792054, 0.373982, -0.129438, -0.486752, 0.863897)
    Left Leg.CFrame = CFrame.new(-0.160699, 0.0514448, -0.0330069, 0.71952, -0.592963, -0.361506, 0.654567, 0.752961, 0.0677611, 0.23202, -0.285385, 0.929904)
    Right Arm.CFrame = CFrame.new(-0.649156, 0.904171, -0.216605, 0.259525, 0.916631, 0.304032, -0.954767, 0.290845, -0.0618739, -0.145142, -0.274222, 0.95065)
    Left Arm.CFrame = CFrame.new(0.648486, 0.880815, -0.262426, 0.171658, -0.936951, -0.304394, 0.978739, 0.197405, -0.055687, 0.112265, -0.288363, 0.950917)
    Head.CFrame = CFrame.new(1.19209e-07, 2.68221e-07, 0.0166621, 0.974306, -0.0748148, -0.212439, 0.111049, 0.980171, 0.164114, 0.195948, -0.183488, 0.963295)
    Right Leg.CFrame = CFrame.new(-0.204464, 0.323783, -0.185158, 0.782878, -0.503552, -0.365428, 0.591774, 0.421299, 0.687249, -0.192111, -0.754282, 0.627815)

[36]
    Time: 1.458333
    HumanoidRootPart.CFrame = CFrame.new(0, 0, 0, 1, 0, 0, 0, 1, 0, 0, 0, 1)
    Torso.CFrame = CFrame.new(0.0776191, 0.470297, -0.0783041, 0.884462, 0.346377, 0.312649, -0.44951, 0.812235, 0.371774, -0.12517, -0.469359, 0.874091)
    Left Leg.CFrame = CFrame.new(-0.170239, 0.0361271, -0.0348843, 0.733659, -0.562232, -0.381628, 0.620426, 0.783308, 0.0387289, 0.277158, -0.265186, 0.923504)
    Right Arm.CFrame = CFrame.new(-0.68204, 0.922033, -0.157161, 0.247086, 0.915664, 0.317028, -0.959767, 0.276306, -0.0500229, -0.133401, -0.291913, 0.947096)
    Left Arm.CFrame = CFrame.new(0.681077, 0.903389, -0.225673, 0.100479, -0.944204, -0.31366, 0.991558, 0.121001, -0.046606, 0.0819587, -0.306329, 0.948391)
    Head.CFrame = CFrame.new(5.96046e-08, -8.9407e-08, 0.0166618, 0.983118, -0.0364272, -0.179311, 0.0691678, 0.981252, 0.179888, 0.169397, -0.189253, 0.967206)
    Right Leg.CFrame = CFrame.new(-0.198783, 0.325207, -0.137358, 0.791212, -0.467651, -0.394063, 0.591034, 0.419286, 0.689114, -0.15704, -0.77814, 0.608142)

[37]
    Time: 1.500000
    HumanoidRootPart.CFrame = CFrame.new(0, 0, 0, 1, 0, 0, 0, 1, 0, 0, 0, 1)
    Torso.CFrame = CFrame.new(0.183559, 0.454286, -0.121179, 0.897543, 0.346417, 0.272786, -0.42907, 0.828706, 0.359367, -0.101569, -0.439592, 0.892436)
    Left Leg.CFrame = CFrame.new(-0.411344, -0.153173, -0.133277, 0.682392, -0.631637, -0.367933, 0.67184, 0.740281, -0.0248147, 0.288048, -0.230259, 0.929521)
    Right Arm.CFrame = CFrame.new(-0.707841, 0.928058, -0.0930181, 0.235551, 0.910383, 0.340173, -0.965843, 0.25818, -0.0221578, -0.107998, -0.323335, 0.940102)
    Left Arm.CFrame = CFrame.new(0.706545, 0.91656, -0.153413, 0.0292853, -0.946375, -0.321741, 0.998316, 0.043816, -0.0380133, 0.0500722, -0.320086, 0.946064)
    Head.CFrame = CFrame.new(1.19209e-07, -2.98023e-08, 0.0166624, 0.98983, -0.0253944, -0.139968, 0.0539885, 0.977383, 0.204471, 0.13161, -0.209948, 0.968814)
    Right Leg.CFrame = CFrame.new(-0.15639, 0.325233, -0.00397736, 0.776838, -0.463414, -0.426345, 0.611492, 0.393525, 0.686452, -0.150334, -0.793968, 0.589079)

[38]
    Time: 1.541667
    HumanoidRootPart.CFrame = CFrame.new(0, 0, 0, 1, 0, 0, 0, 1, 0, 0, 0, 1)
    Torso.CFrame = CFrame.new(0.325602, 0.426754, -0.243221, 0.889075, 0.404121, 0.215017, -0.455763, 0.825316, 0.333366, -0.0427373, -0.394384, 0.917951)
    Left Leg.CFrame = CFrame.new(-0.669112, -0.247118, -0.212716, 0.662003, -0.691418, -0.289297, 0.691325, 0.712399, -0.120659, 0.289521, -0.120121, 0.949604)
    Right Arm.CFrame = CFrame.new(-0.718744, 0.927803, -0.0352656, 0.221257, 0.898004, 0.380307, -0.973044, 0.229294, 0.0246808, -0.0650387, -0.375517, 0.924531)
    Left Arm.CFrame = CFrame.new(0.716933, 0.919466, -0.0338423, -0.042671, -0.943707, -0.328018, 0.99884, -0.0329612, -0.0351069, 0.0223187, -0.329135, 0.944019)
