[1]
    Time: 0.000000
    HumanoidRootPart.CFrame = CFrame.new(0, 0, 0, 1, 0, 0, 0, 1, 0, 0, 0, 1)
    Torso.CFrame = CFrame.new(0, 0, -0.271695, 0.993874, 0.0865577, -0.0687239, -0.0867931, 0.996226, -0.000440418, 0.0684265, 0.00640248, 0.997636)
    Left Leg.CFrame = CFrame.new(-0.38294, 0.21929, 0.0890179, 0.915352, -0.313288, 0.252944, 0.235727, 0.926233, 0.294151, -0.326439, -0.209627, 0.92168)
    Right Arm.CFrame = CFrame.new(-0.0976639, -0.0230753, 0.525522, 0.928663, 0.10048, -0.357056, 0.370791, -0.277329, 0.886342, -0.00996208, -0.955506, -0.294802)
    Head.CFrame = CFrame.new(0, 5.72205e-06, 4.76837e-07, 0.991777, -0.0941595, 0.0866768, 0.0955831, 0.995344, -0.012413, -0.0851044, 0.0205958, 0.996159)
    Right Leg.CFrame = CFrame.new(0.386972, 0.329185, 0.0242758, 0.961202, 0.214286, -0.173701, -0.12155, 0.894302, 0.430638, 0.247621, -0.392817, 0.885651)
    Left Arm.CFrame = CFrame.new(-0.340847, -0.52874, 0.241395, -0.0124609, 0.916738, -0.399294, -0.283448, 0.379707, 0.880613, 0.958907, 0.124152, 0.255117)

[2]
    Time: 0.066667
    HumanoidRootPart.CFrame = CFrame.new(0, 0, 0, 1, 0, 0, 0, 1, 0, 0, 0, 1)
    Torso.CFrame = CFrame.new(0, 0, -0.0985913, 0.993408, 0.109567, -0.0337055, -0.109635, 0.993972, -0.000151564, 0.0334857, 0.00384585, 0.999432)
    Left Leg.CFrame = CFrame.new(-0.352699, 0.0919662, 0.0473137, 0.91609, -0.315985, 0.246846, 0.21664, 0.908074, 0.358425, -0.337412, -0.274873, 0.900332)
    Right Arm.CFrame = CFrame.new(-0.0984592, -0.0944734, 0.505053, 0.943026, 0.00806739, -0.33262, 0.329669, -0.157693, 0.930834, -0.0449424, -0.987455, -0.151368)
    Right Leg.CFrame = CFrame.new(0.343618, 0.132391, 0.0116577, 0.963787, 0.186909, -0.190207, -0.102666, 0.918352, 0.382216, 0.246117, -0.348847, 0.904285)
    Left Arm.CFrame = CFrame.new(-0.340845, -0.52874, 0.241396, 0.00854244, 0.885775, -0.464036, -0.20924, 0.455363, 0.865369, 0.977827, 0.0897027, 0.18923)

[3]
    Time: 0.133333
    HumanoidRootPart.CFrame = CFrame.new(0, 0, 0, 1, 0, 0, 0, 1, 0, 0, 0, 1)
    Torso.CFrame = CFrame.new(0, 0, -0.0163231, 0.989902, 0.135283, 0.0423373, -0.13535, 0.990797, -0.00129058, -0.0421223, -0.0044528, 0.999102)
    Left Leg.CFrame = CFrame.new(-0.321966, 0.0846394, 0.00997162, 0.917178, -0.317363, 0.240967, 0.17685, 0.866096, 0.467548, -0.357083, -0.386209, 0.85049)
    Right Arm.CFrame = CFrame.new(-0.0991478, -0.196715, 0.485618, 0.95419, -0.00301778, -0.299187, 0.298957, -0.0308702, 0.953767, -0.0121142, -0.999519, -0.0285539)
    Head.CFrame = CFrame.new(9.53674e-07, 1.90735e-06, 0, 0.982237, -0.148738, -0.114402, 0.148091, 0.988872, -0.0141809, 0.115239, -0.00301292, 0.993333)
    Right Leg.CFrame = CFrame.new(0.299541, 0.00471437, -0.00746727, 0.964774, 0.168429, -0.202098, -0.107855, 0.953892, 0.280102, 0.239957, -0.248437, 0.938456)
    Left Arm.CFrame = CFrame.new(-0.340847, -0.52874, 0.241395, 0.00614243, 0.912426, -0.409196, -0.233754, 0.399177, 0.886576, 0.972276, 0.0902055, 0.215735)

[4]
    Time: 0.200000
    HumanoidRootPart.CFrame = CFrame.new(0, 0, 0, 1, 0, 0, 0, 1, 0, 0, 0, 1)
    Torso.CFrame = CFrame.new(0, 0, 0.0100491, 0.989526, 0.120013, 0.080217, -0.120246, 0.992742, -0.00194019, -0.0798676, -0.00772592, 0.996776)
    Left Leg.CFrame = CFrame.new(-0.297102, 0.0784708, -0.0242157, 0.926262, -0.29589, 0.233428, 0.14276, 0.848675, 0.509283, -0.348796, -0.438405, 0.828337)
    Right Arm.CFrame = CFrame.new(-0.100248, -0.283386, 0.461073, 0.959395, -0.0260655, -0.280861, 0.281065, 0.00444607, 0.959678, -0.0237658, -0.99965, 0.0115916)
    Head.CFrame = CFrame.new(0, 0, 0, 0.980313, -0.119126, -0.157465, 0.125835, 0.991492, 0.0333072, 0.152158, -0.052466, 0.986963)
    Right Leg.CFrame = CFrame.new(0.255707, -0.0250337, -0.0249777, 0.948216, 0.176078, -0.264353, -0.121161, 0.96986, 0.211401, 0.293609, -0.168425, 0.940971)
    Left Arm.CFrame = CFrame.new(-0.340851, -0.528741, 0.241397, -0.0189174, 0.910992, -0.411989, -0.289263, 0.389454, 0.874444, 0.957063, 0.135715, 0.256148)

[5]
    Time: 0.233333
    HumanoidRootPart.CFrame = CFrame.new(0, 0, 0, 1, 0, 0, 0, 1, 0, 0, 0, 1)
    Torso.CFrame = CFrame.new(0, 0, 0.000506878, 0.98607, 0.156756, 0.0556214, -0.156748, 0.987628, -0.00453111, -0.0556435, -0.00425056, 0.998442)
    Left Leg.CFrame = CFrame.new(-0.291334, 0.0548506, -0.0256052, 0.924383, -0.307199, 0.22615, 0.162294, 0.853228, 0.495643, -0.345219, -0.421462, 0.838567)
    Right Leg.CFrame = CFrame.new(0.255629, 0.00853384, -0.0242891, 0.964168, 0.134719, -0.228541, -0.0765149, 0.966072, 0.246676, 0.254019, -0.22035, 0.941764)

[6]
    Time: 0.300000
    HumanoidRootPart.CFrame = CFrame.new(0, 0, 0, 1, 0, 0, 0, 1, 0, 0, 0, 1)
    Torso.CFrame = CFrame.new(0, 0, -0.0237086, 0.973199, 0.227131, -0.0359781, -0.22748, 0.973765, -0.00589051, 0.0336963, 0.013917, 0.999335)
    Left Leg.CFrame = CFrame.new(-0.292025, 0.0231695, -0.0278339, 0.922775, -0.306736, 0.233237, 0.206401, 0.904572, 0.373024, -0.3254, -0.296077, 0.898027)
    Right Arm.CFrame = CFrame.new(-0.0198212, -0.2829, 0.442283, 0.940908, -0.2212, -0.256442, 0.257295, -0.0254555, 0.965997, -0.220206, -0.974896, 0.0329623)
    Head.CFrame = CFrame.new(3.8147e-06, -7.62939e-06, 9.53674e-07, 0.968524, -0.247053, -0.0304318, 0.24632, 0.968842, -0.0259187, 0.0358869, 0.0176069, 0.999201)
    Right Leg.CFrame = CFrame.new(0.313791, 0.102113, -0.0417233, 0.958358, 0.123485, -0.257492, -0.0186272, 0.926785, 0.375129, 0.284962, -0.354712, 0.890492)
    Left Arm.CFrame = CFrame.new(-0.260412, -0.529817, 0.244284, 0.123035, 0.921936, -0.367281, -0.366805, 0.386131, 0.846378, 0.922126, 0.0305861, 0.385679)

[7]
    Time: 0.366667
    HumanoidRootPart.CFrame = CFrame.new(0, 0, 0, 1, 0, 0, 0, 1, 0, 0, 0, 1)
    Torso.CFrame = CFrame.new(0, 0, -0.133247, 0.981831, 0.187527, -0.0290014, -0.188377, 0.981638, -0.0300137, 0.0228405, 0.0349316, 0.999129)
    Left Leg.CFrame = CFrame.new(-0.414835, 0.142307, 0.0312605, 0.909652, -0.337493, 0.24214, 0.233555, 0.897649, 0.373736, -0.34349, -0.283417, 0.895371)
    Right Arm.CFrame = CFrame.new(-0.0429382, -0.281636, 0.450076, 0.944797, -0.110567, -0.308437, 0.309399, -0.008784, 0.950891, -0.107846, -0.99383, 0.0259102)
    Head.CFrame = CFrame.new(6.67572e-06, -7.62939e-06, 1.66893e-06, 0.985392, -0.170222, 0.00527347, 0.170202, 0.9854, 0.00415301, -0.00590341, -0.00319478, 0.999978)
    Right Leg.CFrame = CFrame.new(0.42561, 0.213814, 0.0119753, 0.931948, 0.18683, -0.310753, -0.0702409, 0.933821, 0.350776, 0.355723, -0.305078, 0.883396)
    Left Arm.CFrame = CFrame.new(-0.31179, -0.527323, 0.266352, 0.0463765, 0.958391, -0.281665, -0.386669, 0.27721, 0.879569, 0.921052, 0.0681198, 0.383437)

[8]
    Time: 0.433333
    HumanoidRootPart.CFrame = CFrame.new(0, 0, 0, 1, 0, 0, 0, 1, 0, 0, 0, 1)
    Torso.CFrame = CFrame.new(0, 0, -0.221213, 0.996033, 0.0848712, 0.0267331, -0.0846027, 0.996354, -0.0110226, -0.0275711, 0.00871718, 0.999582)
    Left Leg.CFrame = CFrame.new(-0.536083, 0.254438, 0.0902028, 0.897879, -0.383815, 0.215638, 0.262963, 0.86041, 0.436515, -0.353078, -0.335232, 0.873473)
    Right Arm.CFrame = CFrame.new(-0.0981159, -0.328822, 0.459663, 0.935105, 0.0880654, -0.343253, 0.345407, -0.0100326, 0.938399, 0.0791968, -0.996064, -0.0398)
    Head.CFrame = CFrame.new(5.24521e-06, -7.62939e-06, 1.90735e-06, 0.986708, -0.0982753, -0.129423, 0.0953349, 0.99503, -0.0287376, 0.131604, 0.0160171, 0.991173)
    Right Leg.CFrame = CFrame.new(0.435951, 0.214693, 0.0873461, 0.886523, 0.296919, -0.354846, -0.193227, 0.934437, 0.29915, 0.420405, -0.196637, 0.885773)
    Left Arm.CFrame = CFrame.new(-0.342405, -0.528081, 0.222576, -0.0371746, 0.946645, -0.320127, -0.3703, 0.284493, 0.884274, 0.928168, 0.151415, 0.339967)

[9]
    Time: 0.500000
    HumanoidRootPart.CFrame = CFrame.new(0, 0, 0, 1, 0, 0, 0, 1, 0, 0, 0, 1)
    Torso.CFrame = CFrame.new(-0.0137463, 0, -0.255716, 0.998424, 0.0386083, -0.0407405, -0.0402996, 0.998324, -0.041542, 0.0390684, 0.0431184, 0.998306)
    Left Leg.CFrame = CFrame.new(-0.378103, 0.25541, 0.0870447, 0.931237, -0.244736, 0.270004, 0.158576, 0.939244, 0.304423, -0.328103, -0.240674, 0.913468)
    Right Arm.CFrame = CFrame.new(-0.0949364, -0.28501, 0.458161, 0.946941, 0.132344, -0.292894, 0.308385, -0.117361, 0.943994, 0.0905577, -0.984231, -0.151947)
    Right Leg.CFrame = CFrame.new(0.326317, 0.323545, 0.0761776, 0.896326, 0.233449, -0.376964, -0.0859589, 0.925533, 0.368781, 0.434984, -0.298144, 0.849646)
    Left Arm.CFrame = CFrame.new(-0.383255, -0.526591, 0.216476, -0.0845337, 0.944622, -0.317084, -0.353276, 0.269138, 0.895969, 0.931692, 0.187758, 0.310962)

[10]
    Time: 0.566667
    HumanoidRootPart.CFrame = CFrame.new(0, 0, 0, 1, 0, 0, 0, 1, 0, 0, 0, 1)
    Torso.CFrame = CFrame.new(-0.0445576, 0, -0.169717, 0.99414, -0.00812283, -0.107796, 0.00590036, 0.999764, -0.0209202, 0.107941, 0.0201616, 0.993953)
    Left Leg.CFrame = CFrame.new(-0.225439, 0.128209, 0.0322571, 0.943225, -0.174552, 0.282591, 0.115945, 0.970294, 0.212336, -0.31126, -0.167515, 0.935444)
    Right Arm.CFrame = CFrame.new(-0.108007, -0.224315, 0.449049, 0.932976, 0.104319, -0.344489, 0.358051, -0.171102, 0.917891, 0.0368105, -0.979715, -0.196986)
    Head.CFrame = CFrame.new(4.29153e-06, -7.62939e-06, 2.14577e-06, 0.994752, 0.0276031, 0.0985168, -0.0248268, 0.999262, -0.0292963, -0.0992528, 0.0266967, 0.994704)
    Right Leg.CFrame = CFrame.new(0.109219, 0.292176, 0.0723248, 0.898883, 0.170888, -0.403493, 0.0180836, 0.905568, 0.423814, 0.437816, -0.388256, 0.81091)
    Left Arm.CFrame = CFrame.new(-0.424109, -0.525101, 0.210376, -0.0929759, 0.901255, -0.423196, -0.3511, 0.368058, 0.860966, 0.93171, 0.228633, 0.28221)

[11]
    Time: 0.666667
    HumanoidRootPart.CFrame = CFrame.new(0, 0, 0, 1, 0, 0, 0, 1, 0, 0, 0, 1)
    Torso.CFrame = CFrame.new(-0.0437808, 0, -0.0533884, 0.999355, -0.0348074, 0.00881526, 0.0349835, 0.999174, -0.0206712, -0.00808846, 0.0209663, 0.999747)
    Left Leg.CFrame = CFrame.new(-0.128761, 0.139711, -0.0563612, 0.955206, -0.0994614, 0.278728, -0.016865, 0.922006, 0.386806, -0.295461, -0.37418, 0.879029)
    Right Arm.CFrame = CFrame.new(-0.161686, -0.291562, 0.446588, 0.968566, 0.128168, -0.213197, 0.214008, 0.00756831, 0.976802, 0.126809, -0.991723, -0.0200987)
    Head.CFrame = CFrame.new(4.29153e-06, -9.53674e-06, 1.66893e-06, 0.997069, 0.0195647, -0.0739699, -0.0213343, 0.999503, -0.0232098, 0.0734791, 0.0247199, 0.99699)
    Right Leg.CFrame = CFrame.new(0.0185146, 0.0767734, -0.00281811, 0.955819, 0.0909785, -0.279521, -0.00918297, 0.959677, 0.280955, 0.293811, -0.265975, 0.918113)
    Left Arm.CFrame = CFrame.new(-0.424112, -0.525101, 0.210376, -0.0882572, 0.905149, -0.415831, -0.348961, 0.362908, 0.864016, 0.932972, 0.221365, 0.283833)

[12]
    Time: 0.733333
    HumanoidRootPart.CFrame = CFrame.new(0, 0, 0, 1, 0, 0, 0, 1, 0, 0, 0, 1)
    Torso.CFrame = CFrame.new(-0.0437808, 0, -0.02279, 0.999876, 0.0157524, 0.000706331, -0.0156873, 0.998279, -0.056505, -0.00159521, 0.0564869, 0.998402)
    Left Leg.CFrame = CFrame.new(-0.0902119, 0.101279, -0.0550861, 0.976642, -0.0159093, 0.214281, -0.0597075, 0.937886, 0.341767, -0.206408, -0.346578, 0.91503)
    Head.CFrame = CFrame.new(3.8147e-06, -9.53674e-06, 1.90735e-06, 0.998911, -0.0361816, 0.0294666, 0.036076, 0.999341, 0.00410893, -0.0295958, -0.00304142, 0.999557)
    Right Leg.CFrame = CFrame.new(0.0184441, 0.0571535, -0.00306559, 0.953603, 0.0262057, -0.299925, 0.0572255, 0.962266, 0.266024, 0.295579, -0.270845, 0.91612)

[13]
    Time: 0.800000
    HumanoidRootPart.CFrame = CFrame.new(0, 0, 0, 1, 0, 0, 0, 1, 0, 0, 0, 1)
    Torso.CFrame = CFrame.new(-0.0437808, 0, -0.0533884, 0.995135, 0.0979097, -0.0109278, -0.0984382, 0.99265, -0.0703931, 0.00395528, 0.0711263, 0.997459)
    Left Leg.CFrame = CFrame.new(-0.0883808, 0.130899, -0.0550752, 0.976244, -0.0389821, 0.213138, -0.0390777, 0.935875, 0.350157, -0.213121, -0.350167, 0.91212)
    Right Arm.CFrame = CFrame.new(-0.161682, -0.291563, 0.446588, 0.893674, -0.175227, -0.413088, 0.413592, -0.0353874, 0.909774, -0.174035, -0.983892, 0.0408477)
    Head.CFrame = CFrame.new(3.8147e-06, -9.53674e-06, 2.14577e-06, 0.992973, -0.0970475, 0.0677259, 0.0948744, 0.994888, 0.0346054, -0.070738, -0.0279368, 0.997104)
    Right Leg.CFrame = CFrame.new(0.0940723, 0.0870258, -0.0109854, 0.95184, 0.00775336, -0.306497, 0.0821087, 0.956718, 0.279194, 0.295396, -0.290914, 0.910005)
    Left Arm.CFrame = CFrame.new(-0.288378, -0.534727, 0.196916, 0.0161485, 0.930528, -0.365864, -0.353837, 0.347552, 0.868336, 0.935168, 0.115434, 0.334868)

[14]
    Time: 0.866667
    HumanoidRootPart.CFrame = CFrame.new(0, 0, 0, 1, 0, 0, 0, 1, 0, 0, 0, 1)
    Torso.CFrame = CFrame.new(-0.0437808, 0, -0.15954, 0.989646, 0.130357, -0.0600667, -0.134961, 0.987591, -0.0803117, 0.0488521, 0.0875868, 0.994958)
    Left Leg.CFrame = CFrame.new(-0.123684, 0.211789, -0.0250607, 0.957072, -0.0821462, 0.277965, 0.00178406, 0.96065, 0.277756, -0.289843, -0.265337, 0.919558)
    Right Arm.CFrame = CFrame.new(-0.162323, -0.284208, 0.446224, 0.860462, -0.177989, -0.477415, 0.441111, -0.20872, 0.872844, -0.255003, -0.961642, -0.101083)
    Head.CFrame = CFrame.new(3.8147e-06, -9.53674e-06, 2.14577e-06, 0.992097, -0.0963825, 0.0803311, 0.0937235, 0.994938, 0.0362471, -0.083418, -0.0284318, 0.996109)
    Right Leg.CFrame = CFrame.new(0.233921, 0.244157, -0.0188465, 0.953086, 0.04717, -0.299001, 0.0638652, 0.934212, 0.350955, 0.295885, -0.353586, 0.887372)
    Left Arm.CFrame = CFrame.new(-0.138678, -0.550536, 0.250503, -0.00866087, 0.943109, -0.33237, -0.502252, 0.283311, 0.816993, 0.864678, 0.174009, 0.471225)

[15]
    Time: 0.966667
    HumanoidRootPart.CFrame = CFrame.new(0, 0, 0, 1, 0, 0, 0, 1, 0, 0, 0, 1)
    Torso.CFrame = CFrame.new(-0.0198145, 0, -0.341387, 0.995691, -0.0658428, -0.0653075, 0.0598053, 0.994104, -0.090449, 0.0708779, 0.0861535, 0.993757)
    Left Leg.CFrame = CFrame.new(-0.639479, 0.316951, 0.163308, 0.95037, -0.241422, 0.196244, 0.210604, 0.963481, 0.165379, -0.229003, -0.115842, 0.966508)
    Right Arm.CFrame = CFrame.new(-0.162968, -0.276853, 0.445865, 0.712693, -0.0906688, -0.695591, 0.628061, -0.359163, 0.690319, -0.312421, -0.92886, -0.199027)
    Head.CFrame = CFrame.new(4.05312e-06, -5.72205e-06, 2.6226e-06, 0.993863, 0.0857286, 0.0699022, -0.0880314, 0.995649, 0.0305515, -0.0669789, -0.0365176, 0.997086)
    Right Leg.CFrame = CFrame.new(0.46269, 0.422187, -0.0153904, 0.874709, 0.303975, -0.377469, -0.109403, 0.882593, 0.457231, 0.472138, -0.358648, 0.805268)
    Left Arm.CFrame = CFrame.new(-0.184456, -0.544183, 0.203167, -0.186712, 0.919788, -0.345148, -0.618557, 0.162879, 0.768672, 0.763233, 0.357015, 0.538531)

[16]
    Time: 1.066667
    HumanoidRootPart.CFrame = CFrame.new(0, 0, 0, 1, 0, 0, 0, 1, 0, 0, 0, 1)
    Torso.CFrame = CFrame.new(-0.0198145, 0, -0.197637, 0.997975, -0.063526, -0.00330548, 0.0630607, 0.994816, -0.0797814, 0.00835653, 0.0794114, 0.996807)
    Left Leg.CFrame = CFrame.new(-0.447857, 0.221622, 0.180345, 0.96397, -0.16548, 0.208274, 0.118859, 0.968391, 0.219295, -0.23798, -0.186638, 0.953169)
    Right Leg.CFrame = CFrame.new(0.304052, 0.226984, -0.0341406, 0.880598, 0.232047, -0.413161, -0.080162, 0.932278, 0.352748, 0.467035, -0.277509, 0.839563)

[17]
    Time: 1.133333
    HumanoidRootPart.CFrame = CFrame.new(0, 0, 0, 1, 0, 0, 0, 1, 0, 0, 0, 1)
    Torso.CFrame = CFrame.new(-0.0198145, 0, -0.0649307, 0.997276, -0.0631615, 0.0380842, 0.0642064, 0.997575, -0.0268664, -0.0362949, 0.0292384, 0.998913)
    Left Leg.CFrame = CFrame.new(-0.324173, 0.107578, 0.191277, 0.96575, -0.153771, 0.209001, 0.0953972, 0.959483, 0.265124, -0.241302, -0.236105, 0.941291)
    Right Arm.CFrame = CFrame.new(-0.452986, 0.0476635, 0.215229, 0.735917, -0.147345, 0.660844, -0.237285, 0.858006, 0.455546, -0.634131, -0.492052, 0.596458)
    Right Leg.CFrame = CFrame.new(0.202293, 0.0466485, -0.0462208, 0.878508, 0.241664, -0.412095, -0.117808, 0.945564, 0.303362, 0.462975, -0.217958, 0.859156)

[18]
    Time: 1.233333
    HumanoidRootPart.CFrame = CFrame.new(0, 0, 0, 1, 0, 0, 0, 1, 0, 0, 0, 1)
    Torso.CFrame = CFrame.new(-0.0198145, 0, 0.0184846, 0.999767, -0.0195914, 0.00902869, 0.0194552, 0.999699, 0.0149334, -0.00931855, -0.0147542, 0.999848)
    Left Leg.CFrame = CFrame.new(-0.288179, 0.00244927, 0.125242, 0.968267, -0.186762, 0.166067, 0.135786, 0.950995, 0.277794, -0.209811, -0.246429, 0.946178)
    Right Arm.CFrame = CFrame.new(-0.311268, 0.130552, 0.332873, 0.575359, 0.270657, 0.77182, -0.363394, 0.929997, -0.0552305, -0.732739, -0.248697, 0.633437)
    Head.CFrame = CFrame.new(3.8147e-06, -5.72205e-06, 1.43051e-06, 0.999555, 0.0221511, 0.0199634, -0.0215955, 0.999385, -0.0276286, -0.0205632, 0.0271852, 0.999419)
    Right Leg.CFrame = CFrame.new(0.0779896, 0.0738776, -0.0255699, 0.884328, 0.217337, -0.413193, -0.0822219, 0.943704, 0.32041, 0.459569, -0.249374, 0.852414)
    Left Arm.CFrame = CFrame.new(0.109503, 0.152775, 0.206015, 0.994682, 0.0543497, 0.0874852, -0.102975, 0.508694, 0.854767, 0.00195317, -0.85923, 0.511585)

[19]
    Time: 1.300000
    HumanoidRootPart.CFrame = CFrame.new(0, 0, 0, 1, 0, 0, 0, 1, 0, 0, 0, 1)
    Torso.CFrame = CFrame.new(-0.0198145, 0, -0.0480011, 0.998723, -0.0395115, 0.0314879, 0.0384959, 0.998739, 0.0322324, -0.0327218, -0.0309791, 0.998984)
    Left Leg.CFrame = CFrame.new(-0.266331, 0.0780201, 0.0798597, 0.969555, -0.204212, 0.135131, 0.137699, 0.911, 0.388739, -0.202489, -0.358297, 0.911384)
    Right Arm.CFrame = CFrame.new(-0.053297, 0.121518, 0.300316, 0.483008, 0.203667, 0.8516, -0.311453, 0.94893, -0.0502949, -0.818352, -0.24094, 0.521774)
    Head.CFrame = CFrame.new(4.76837e-06, -5.72205e-06, 1.43051e-06, 0.997918, 0.0610044, 0.0209414, -0.0603365, 0.997691, -0.0311671, -0.0227943, 0.0298387, 0.999295)
    Right Leg.CFrame = CFrame.new(-0.00423431, 0.107813, -0.0684834, 0.887719, 0.201024, -0.414179, -0.0584933, 0.941592, 0.331636, 0.456655, -0.270173, 0.847628)
    Left Arm.CFrame = CFrame.new(0.0117683, -0.00411797, 0.311271, 0.92584, -0.0379302, 0.376007, -0.377706, -0.0598153, 0.923991, -0.0125562, -0.997488, -0.0697059)

[20]
    Time: 1.366667
    HumanoidRootPart.CFrame = CFrame.new(0, 0, 0, 1, 0, 0, 0, 1, 0, 0, 0, 1)
    Torso.CFrame = CFrame.new(0, 0, 0, 1, 0, 0, 0, 1, 0, 0, 0, 1)
    Left Leg.CFrame = CFrame.new(-0.298914, 0.167904, 0.0258725, 0.98407, -0.144537, 0.103513, 0.0866917, 0.898467, 0.430396, -0.155211, -0.414566, 0.896685)
    Right Arm.CFrame = CFrame.new(-8.7738e-05, -0.0101473, 0.3639, 0.456218, -0.279585, 0.844806, 0.0607347, 0.95693, 0.283894, -0.887793, -0.0782084, 0.453549)
    Head.CFrame = CFrame.new(4.29153e-06, -5.72205e-06, 1.19209e-06, 0.997982, 0.0631045, 0.00705584, -0.0634909, 0.990063, 0.125474, 0.000932254, -0.125669, 0.992072)
    Right Leg.CFrame = CFrame.new(0.17531, 0.247487, -0.0381532, 0.90616, 0.243087, -0.346096, -0.101825, 0.919642, 0.379328, 0.410494, -0.308491, 0.858096)
    Left Arm.CFrame = CFrame.new(0.116402, -0.104445, 0.404108, 0.942934, -0.124998, 0.308627, -0.329684, -0.220414, 0.918001, -0.0467227, -0.967364, -0.249046)

[21]
    Time: 1.433333
    HumanoidRootPart.CFrame = CFrame.new(0, 0, 0, 1, 0, 0, 0, 1, 0, 0, 0, 1)
    Torso.CFrame = CFrame.new(0, 0, 0, 1, 0, 0, 0, 1, 0, 0, 0, 1)
    Left Leg.CFrame = CFrame.new(-0.330524, 0.181778, -0.0264113, 0.99379, -0.0825675, 0.074587, 0.0376959, 0.880531, 0.472488, -0.104688, -0.466742, 0.878176)
    Right Leg.CFrame = CFrame.new(0.355957, 0.266651, 0.0407126, 0.919363, 0.28157, -0.274754, -0.147437, 0.89409, 0.422924, 0.364738, -0.348312, 0.863507)

[22]
    Time: 1.466667
    HumanoidRootPart.CFrame = CFrame.new(0, 0, 0, 1, 0, 0, 0, 1, 0, 0, 0, 1)
    Torso.CFrame = CFrame.new(-0.0198145, 0, -0.273815, 0.993279, -0.115455, -0.00813718, 0.114394, 0.989984, -0.0827435, 0.0176088, 0.0812566, 0.996538)
    Left Leg.CFrame = CFrame.new(-0.34531, 0.211909, -0.0518849, 0.995299, -0.041846, 0.0873422, -0.00655731, 0.870652, 0.491856, -0.0966269, -0.490116, 0.866285)
    Right Arm.CFrame = CFrame.new(0.37702, -0.295114, 0.311713, 0.18219, -0.954515, 0.236024, 0.390275, 0.290523, 0.87366, -0.902492, -0.0670575, 0.425454)
    Head.CFrame = CFrame.new(4.29153e-06, -3.8147e-06, 9.53674e-07, 0.997325, 0.0660311, -0.0313498, -0.0622609, 0.992098, 0.10893, 0.0382949, -0.106687, 0.993555)
    Right Leg.CFrame = CFrame.new(0.443995, 0.321905, 0.0798769, 0.926681, 0.287485, -0.242106, -0.165653, 0.890619, 0.423504, 0.337375, -0.352348, 0.872943)
    Left Arm.CFrame = CFrame.new(0.244308, -0.254873, 0.340523, 0.9408, -0.238164, 0.241192, -0.262563, -0.0620192, 0.96292, -0.214374, -0.969243, -0.120881)

[23]
    Time: 1.533333
    HumanoidRootPart.CFrame = CFrame.new(0, 0, 0, 1, 0, 0, 0, 1, 0, 0, 0, 1)
    Torso.CFrame = CFrame.new(-0.0198145, 0, -0.285783, 0.987176, -0.159628, -0.00185635, 0.15781, 0.977559, -0.139548, 0.0240904, 0.137465, 0.990214)
    Left Leg.CFrame = CFrame.new(-0.339832, 0.243679, -0.0511229, 0.990417, 0.0620114, 0.123401, -0.112809, 0.878711, 0.463833, -0.0796712, -0.473309, 0.877286)
    Right Arm.CFrame = CFrame.new(0.357426, -0.297915, 0.308542, 0.137736, -0.987204, 0.080359, 0.412945, 0.13098, 0.901289, -0.900281, -0.0909557, 0.425701)
    Head.CFrame = CFrame.new(4.29153e-06, -1.52588e-05, 1.90735e-06, 0.989504, 0.138084, -0.0426055, -0.127696, 0.973537, 0.189522, 0.0676481, -0.182092, 0.980952)
    Right Leg.CFrame = CFrame.new(0.442282, 0.334185, 0.0795746, 0.933164, 0.245386, -0.262659, -0.116226, 0.897456, 0.425516, 0.340141, -0.366548, 0.865994)
    Left Arm.CFrame = CFrame.new(0.229197, -0.278216, 0.413498, 0.959709, -0.143717, 0.241463, -0.245438, -0.0103368, 0.969357, -0.136817, -0.989565, -0.0451939)

[24]
    Time: 1.666667
    HumanoidRootPart.CFrame = CFrame.new(0, 0, 0, 1, 0, 0, 0, 1, 0, 0, 0, 1)
    Torso.CFrame = CFrame.new(0.00501347, 0, -0.146712, 0.981852, -0.184217, -0.045057, 0.180468, 0.980596, -0.0765652, 0.0582874, 0.0670443, 0.996046)
    Left Leg.CFrame = CFrame.new(-0.409733, 0.0703731, -0.00478649, 0.998434, -0.0232643, 0.0508752, 0.00218876, 0.924976, 0.38002, -0.0558992, -0.379313, 0.923578)
    Right Arm.CFrame = CFrame.new(0.357431, -0.297915, 0.308543, 0.191754, -0.964877, 0.179563, 0.452755, 0.249293, 0.856076, -0.870772, -0.0828581, 0.484656)
    Head.CFrame = CFrame.new(4.29153e-06, -2.09808e-05, 1.43051e-06, 0.9884, 0.131942, 0.075208, -0.136745, 0.988618, 0.0627317, -0.066075, -0.0722884, 0.995193)
    Right Leg.CFrame = CFrame.new(0.173418, 0.233157, 0.0432954, 0.934586, 0.20805, -0.288555, -0.0533546, 0.883951, 0.464525, 0.351713, -0.418743, 0.837229)
    Left Arm.CFrame = CFrame.new(0.229195, -0.278216, 0.413496, 0.95364, -0.123184, 0.274583, -0.252088, 0.171396, 0.952405, -0.164384, -0.977471, 0.132396)

[25]
    Time: 1.733333
    HumanoidRootPart.CFrame = CFrame.new(0, 0, 0, 1, 0, 0, 0, 1, 0, 0, 0, 1)
    Torso.CFrame = CFrame.new(0.00501347, 0, -0.108245, 0.986308, -0.16487, 0.00380617, 0.164728, 0.98384, -0.0701682, 0.00782395, 0.0698345, 0.997528)
    Left Leg.CFrame = CFrame.new(-0.305918, 0.0899915, 0.00626111, 0.997267, 0.0185214, 0.0715239, -0.0486624, 0.89309, 0.447237, -0.0555938, -0.449495, 0.891551)
    Right Arm.CFrame = CFrame.new(0.365931, -0.321398, 0.270041, 0.193547, -0.962015, 0.192526, 0.518991, 0.266926, 0.812034, -0.832579, -0.0572474, 0.55094)
    Head.CFrame = CFrame.new(3.33786e-06, -1.90735e-05, 1.43051e-06, 0.989882, 0.133483, -0.0481184, -0.1288, 0.987582, 0.089955, 0.0595284, -0.0828472, 0.994783)
    Right Leg.CFrame = CFrame.new(0.168718, 0.134301, -0.0154662, 0.935736, 0.188568, -0.298062, -0.0436771, 0.900528, 0.432598, 0.349987, -0.391779, 0.850892)
    Left Arm.CFrame = CFrame.new(0.215069, -0.265241, 0.386826, 0.943133, -0.147188, 0.298054, -0.283281, 0.113271, 0.952324, -0.173932, -0.982601, 0.0651339)

[26]
    Time: 1.800000
    HumanoidRootPart.CFrame = CFrame.new(0, 0, 0, 1, 0, 0, 0, 1, 0, 0, 0, 1)
    Torso.CFrame = CFrame.new(0.00501347, 0, -0.117489, 0.987449, -0.151613, 0.044243, 0.154301, 0.985853, -0.0654642, -0.0336919, 0.0714693, 0.996874)
    Left Leg.CFrame = CFrame.new(-0.30467, 0.142625, 0.0192964, 0.99589, 0.00807453, 0.0902124, -0.0511703, 0.87199, 0.486841, -0.0747333, -0.489456, 0.86882)
    Right Arm.CFrame = CFrame.new(0.367567, -0.35717, 0.275892, 0.214403, -0.952167, 0.217737, 0.489492, 0.297651, 0.819635, -0.845239, -0.0691514, 0.529896)
    Head.CFrame = CFrame.new(3.33786e-06, -2.09808e-05, 1.43051e-06, 0.984555, 0.135202, -0.111227, -0.123431, 0.986602, 0.106687, 0.124161, -0.0913106, 0.988052)
    Right Leg.CFrame = CFrame.new(0.191174, 0.117177, -0.0369697, 0.91564, 0.221569, -0.335425, -0.0814025, 0.919301, 0.385044, 0.39367, -0.325257, 0.859785)
    Left Arm.CFrame = CFrame.new(0.200953, -0.252265, 0.360153, 0.963617, -0.140206, 0.227564, -0.220393, 0.0649205, 0.973248, -0.151228, -0.987992, 0.0316581)

[27]
    Time: 1.866667
    HumanoidRootPart.CFrame = CFrame.new(0, 0, 0, 1, 0, 0, 0, 1, 0, 0, 0, 1)
    Torso.CFrame = CFrame.new(0.00501347, 0, -0.169917, 0.996047, -0.0882971, -0.00967966, 0.087701, 0.994864, -0.0505432, 0.0140928, 0.0494945, 0.998675)
    Left Leg.CFrame = CFrame.new(-0.356337, 0.155269, 0.0102177, 0.987665, -0.117073, 0.103982, 0.0608584, 0.898867, 0.433974, -0.144273, -0.422293, 0.894905)
    Right Arm.CFrame = CFrame.new(0.369799, -0.35828, 0.251166, 0.131981, -0.957212, 0.257537, 0.485875, 0.288929, 0.824891, -0.864006, 0.0162614, 0.503219)
    Head.CFrame = CFrame.new(3.33786e-06, -2.28882e-05, 2.86102e-06, 0.998404, 0.0546909, -0.0140855, -0.0541457, 0.997864, 0.0365471, 0.0160542, -0.0357261, 0.999233)
    Right Leg.CFrame = CFrame.new(0.282507, 0.221936, 0.00169563, 0.943759, 0.225728, -0.241589, -0.102811, 0.894815, 0.434437, 0.314242, -0.385166, 0.867698)
    Left Arm.CFrame = CFrame.new(0.200939, -0.252267, 0.360153, 0.965898, -0.138772, 0.218593, -0.20582, 0.100708, 0.973394, -0.157094, -0.98519, 0.0687121)

[28]
    Time: 1.966667
    HumanoidRootPart.CFrame = CFrame.new(0, 0, 0, 1, 0, 0, 0, 1, 0, 0, 0, 1)
    Torso.CFrame = CFrame.new(0.00501347, 0, -0.249102, 0.999958, -0.00919087, 0.000437734, 0.00920125, 0.998698, -0.0501663, 2.39071e-05, 0.0501682, 0.998741)
    Left Leg.CFrame = CFrame.new(-0.442665, 0.227594, 0.0215964, 0.960365, -0.24296, 0.136632, 0.151122, 0.865706, 0.477195, -0.234222, -0.437633, 0.868111)
    Right Arm.CFrame = CFrame.new(0.369793, -0.358279, 0.251165, 0.0828608, -0.952256, 0.29384, 0.514494, 0.293397, 0.805738, -0.853481, 0.0844148, 0.514241)
    Head.CFrame = CFrame.new(4.29153e-06, -2.47955e-05, 2.86102e-06, 0.999, 0.00443559, -0.0445002, -0.00299596, 0.999472, 0.0323659, 0.0446202, -0.0322002, 0.998485)
    Right Leg.CFrame = CFrame.new(0.383026, 0.273784, 0.00201702, 0.941919, 0.243234, -0.23157, -0.132675, 0.902944, 0.408765, 0.308521, -0.3543, 0.882772)
    Left Arm.CFrame = CFrame.new(0.200949, -0.252263, 0.360153, 0.912585, -0.124828, 0.389366, -0.378391, 0.103035, 0.919894, -0.154947, -0.986814, 0.0467949)

[29]
    Time: 2.033333
    HumanoidRootPart.CFrame = CFrame.new(0, 0, 0, 1, 0, 0, 0, 1, 0, 0, 0, 1)
    Torso.CFrame = CFrame.new(0.00501347, 0, -0.230866, 0.99542, -0.0636351, 0.0713479, 0.0673191, 0.996454, -0.0504748, -0.0678829, 0.0550466, 0.996174)
    Left Leg.CFrame = CFrame.new(-0.471491, 0.273403, 0.0151086, 0.963241, -0.220008, 0.154149, 0.103967, 0.834414, 0.541243, -0.247702, -0.505321, 0.826616)
    Right Arm.CFrame = CFrame.new(0.369801, -0.358279, 0.251163, 0.146271, -0.955974, 0.254396, 0.5975, 0.290331, 0.747463, -0.788415, 0.0426695, 0.613662)
    Head.CFrame = CFrame.new(3.57628e-06, -2.47955e-05, 1.43051e-06, 0.986484, 0.0566622, -0.153748, -0.0503479, 0.997733, 0.0446598, 0.15593, -0.0363153, 0.9871)
    Right Leg.CFrame = CFrame.new(0.387613, 0.189272, -0.00239182, 0.906365, 0.290207, -0.307053, -0.180131, 0.922832, 0.340489, 0.382171, -0.253297, 0.888699)
    Left Arm.CFrame = CFrame.new(0.179296, -0.251167, 0.358693, 0.92325, -0.0815862, 0.375438, -0.377362, -0.00900652, 0.926022, -0.0721693, -0.996625, -0.0391028)

[30]
    Time: 2.100000
    HumanoidRootPart.CFrame = CFrame.new(0, 0, 0, 1, 0, 0, 0, 1, 0, 0, 0, 1)
    Torso.CFrame = CFrame.new(0.00501347, 0, -0.148002, 0.998027, -0.0533615, 0.0330918, 0.0550015, 0.997193, -0.0508056, -0.0302878, 0.0525255, 0.99816)
    Left Leg.CFrame = CFrame.new(-0.354839, 0.167405, -0.00109124, 0.969767, -0.16835, 0.176662, 0.062805, 0.871727, 0.48595, -0.235811, -0.460163, 0.855946)
    Head.CFrame = CFrame.new(4.05312e-06, -2.28882e-05, 7.15256e-07, 0.997647, 0.0584191, -0.0358864, -0.0570717, 0.997666, 0.0374884, 0.0379926, -0.0353521, 0.998652)
    Right Leg.CFrame = CFrame.new(0.306053, 0.152329, -0.0195608, 0.925893, 0.236305, -0.294759, -0.115736, 0.920133, 0.374112, 0.359622, -0.312274, 0.879294)
    Left Arm.CFrame = CFrame.new(0.1793, -0.251167, 0.358692, 0.906681, -0.119466, 0.404547, -0.39584, 0.0903909, 0.91386, -0.145742, -0.988715, 0.0346663)

[31]
    Time: 2.166667
    HumanoidRootPart.CFrame = CFrame.new(0, 0, 0, 1, 0, 0, 0, 1, 0, 0, 0, 1)
    Torso.CFrame = CFrame.new(0.0259628, 0, -0.0391171, 0.996524, -0.0388693, 0.0736765, 0.0426723, 0.997799, -0.0507647, -0.0715412, 0.0537322, 0.995989)
    Left Leg.CFrame = CFrame.new(-0.236446, 0.0937636, -0.0189371, 0.972353, -0.11348, 0.204088, -0.0110668, 0.850604, 0.525691, -0.233253, -0.513416, 0.825831)
    Right Arm.CFrame = CFrame.new(0.369804, -0.358279, 0.251163, 0.177374, -0.96494, 0.193464, 0.593227, 0.261685, 0.761316, -0.785251, -0.0202697, 0.618846)
    Head.CFrame = CFrame.new(3.8147e-06, -2.67029e-05, 4.76837e-07, 0.996411, 0.0578427, -0.0617977, -0.0556767, 0.997792, 0.0362162, 0.0637561, -0.0326456, 0.997431)
    Right Leg.CFrame = CFrame.new(0.227484, 0.0582137, -0.0385251, 0.892175, 0.203811, -0.403095, -0.0722381, 0.945308, 0.318078, 0.445877, -0.254662, 0.858103)
    Left Arm.CFrame = CFrame.new(0.1793, -0.251167, 0.358692, 0.891586, -0.116474, 0.437616, -0.428317, 0.0968694, 0.898421, -0.147035, -0.988458, 0.0364795)

[32]
    Time: 2.233333
    HumanoidRootPart.CFrame = CFrame.new(0, 0, 0, 1, 0, 0, 0, 1, 0, 0, 0, 1)
    Torso.CFrame = CFrame.new(0.0702491, 0, -0.0506897, 0.994895, -0.0449723, 0.0903385, 0.0496954, 0.997475, -0.0507311, -0.0878289, 0.0549615, 0.994618)
    Left Leg.CFrame = CFrame.new(-0.239927, 0.165694, -0.0498183, 0.947588, -0.120204, 0.296021, -0.0595224, 0.843886, 0.533209, -0.313902, -0.522882, 0.792502)
    Head.CFrame = CFrame.new(3.33786e-06, -2.28882e-05, 4.76837e-07, 0.99338, 0.0572261, -0.0996062, -0.0535987, 0.997811, 0.0387232, 0.101604, -0.0331281, 0.994273)
    Right Leg.CFrame = CFrame.new(0.042469, 0.0777174, 0.0615234, 0.869784, 0.10683, -0.481728, -0.0209776, 0.983405, 0.180207, 0.492986, -0.146636, 0.857592)
    Left Arm.CFrame = CFrame.new(0.179302, -0.251167, 0.358693, 0.889571, -0.119826, 0.4408, -0.440904, 0.0270902, 0.897145, -0.119442, -0.992425, -0.028733)

[33]
    Time: 2.333333
    HumanoidRootPart.CFrame = CFrame.new(0, 0, 0, 1, 0, 0, 0, 1, 0, 0, 0, 1)
    Torso.CFrame = CFrame.new(0.0926952, 0, -0.10868, 0.997962, -0.0438023, 0.0464019, 0.0461545, 0.997637, -0.0508966, -0.0440628, 0.0529345, 0.997625)
    Left Leg.CFrame = CFrame.new(-0.383133, 0.139385, -0.03988, 0.976405, -0.165985, 0.138142, 0.0672435, 0.841584, 0.535923, -0.205213, -0.513989, 0.832888)
    Right Arm.CFrame = CFrame.new(0.369806, -0.358279, 0.251163, 0.145702, -0.974965, 0.16797, 0.587153, 0.221865, 0.778478, -0.796256, -0.0148016, 0.604779)
    Head.CFrame = CFrame.new(3.09944e-06, -2.28882e-05, 9.53674e-07, 0.988828, 0.110895, -0.0996055, -0.107512, 0.993449, 0.0387229, 0.103247, -0.0275814, 0.994274)
    Right Leg.CFrame = CFrame.new(0.136431, 0.0732094, -0.00909376, 0.747651, 0.206917, -0.631034, -0.0594491, 0.967259, 0.24673, 0.661426, -0.146953, 0.735473)
    Left Arm.CFrame = CFrame.new(0.0947857, -0.245026, 0.396158, 0.926451, -0.0916293, 0.365094, -0.365302, 0.0150889, 0.930766, -0.0907944, -0.995679, -0.0194932)

[34]
    Time: 2.433333
    HumanoidRootPart.CFrame = CFrame.new(0, 0, 0, 1, 0, 0, 0, 1, 0, 0, 0, 1)
    Torso.CFrame = CFrame.new(0.0926952, 0, -0.256717, 0.998971, 0.0305027, -0.033563, -0.0319864, 0.998493, -0.044595, 0.0321521, 0.0456227, 0.998441)
    Left Leg.CFrame = CFrame.new(-0.443453, 0.192986, -0.0362387, 0.927525, -0.286943, 0.239502, 0.144427, 0.866172, 0.478421, -0.34473, -0.409157, 0.844839)
    Right Arm.CFrame = CFrame.new(0.44301, -0.268717, 0.245915, 0.114588, -0.97511, 0.189813, 0.49788, 0.221714, 0.838426, -0.859642, -0.00156999, 0.510894)
    Head.CFrame = CFrame.new(3.33786e-06, -1.71661e-05, -4.76837e-07, 0.998738, -0.0145627, 0.0480701, 0.0126049, 0.999089, 0.040783, -0.0486202, -0.0401256, 0.998011)
    Right Leg.CFrame = CFrame.new(0.379745, 0.280404, 0.0545011, 0.77408, 0.278328, -0.568625, -0.0799958, 0.933978, 0.348259, 0.628013, -0.224093, 0.745239)
    Left Arm.CFrame = CFrame.new(0.0947838, -0.245026, 0.396157, 0.926798, -0.131328, 0.35185, -0.352967, 0.0154458, 0.935508, -0.128293, -0.991218, -0.0320395)

[35]
    Time: 2.533333
    HumanoidRootPart.CFrame = CFrame.new(0, 0, 0, 1, 0, 0, 0, 1, 0, 0, 0, 1)
    Torso.CFrame = CFrame.new(0.134311, 0, -0.19155, 0.998937, 0.0199262, 0.0415771, -0.0181188, 0.998893, -0.0434041, -0.0423959, 0.0426046, 0.998192)
    Left Leg.CFrame = CFrame.new(-0.443617, 0.18936, -0.0360808, 0.918083, -0.295851, 0.263809, 0.107575, 0.826519, 0.552533, -0.381511, -0.478892, 0.79064)
    Right Arm.CFrame = CFrame.new(0.448957, -0.401883, 0.24669, 0.106871, -0.976056, 0.189454, 0.580898, 0.215937, 0.784811, -0.80693, 0.0261793, 0.590067)
    Head.CFrame = CFrame.new(3.33786e-06, -1.14441e-05, 0, 0.993618, -0.0160954, -0.111641, 0.0195337, 0.999366, 0.029772, 0.111091, -0.0317628, 0.993303)
    Right Leg.CFrame = CFrame.new(0.34857, 0.146936, 0.0253963, 0.855719, 0.274672, -0.438521, -0.142325, 0.939732, 0.310882, 0.497482, -0.203615, 0.843239)
    Left Arm.CFrame = CFrame.new(0.0947857, -0.245026, 0.396158, 0.929278, -0.136728, 0.343143, -0.358831, -0.113727, 0.926448, -0.0876473, -0.984059, -0.154746)

[36]
    Time: 2.600000
    HumanoidRootPart.CFrame = CFrame.new(0, 0, 0, 1, 0, 0, 0, 1, 0, 0, 0, 1)
    Torso.CFrame = CFrame.new(0.156657, 0, -0.144228, 0.998314, 0.00524434, 0.0578089, -0.00283089, 0.999124, -0.0417517, -0.0579772, 0.0415177, 0.997454)
    Left Leg.CFrame = CFrame.new(-0.501722, 0.145681, -0.00941324, 0.905531, -0.329278, 0.267561, 0.137069, 0.823848, 0.549987, -0.401528, -0.461356, 0.791155)
    Right Arm.CFrame = CFrame.new(0.447653, -0.371933, 0.247693, 0.104445, -0.973198, 0.20488, 0.621934, 0.22467, 0.750148, -0.776073, 0.0490725, 0.628731)
    Head.CFrame = CFrame.new(2.86102e-06, -1.14441e-05, 0, 0.98704, 0.0213001, -0.159055, -0.0162133, 0.999317, 0.0332111, 0.159654, -0.0302018, 0.986711)
    Right Leg.CFrame = CFrame.new(0.146347, 0.0992835, 0.0381756, 0.906505, 0.167671, -0.387473, -0.0662697, 0.96289, 0.261632, 0.416962, -0.211493, 0.883976)
    Left Arm.CFrame = CFrame.new(0.0684643, -0.243926, 0.396231, 0.91201, -0.242977, 0.330454, -0.364006, -0.108138, 0.925098, -0.189043, -0.963986, -0.187068)

[37]
    Time: 2.700000
    HumanoidRootPart.CFrame = CFrame.new(0, 0, 0, 1, 0, 0, 0, 1, 0, 0, 0, 1)
    Torso.CFrame = CFrame.new(0.167934, 0, -0.0652561, 0.992911, -0.013216, 0.118125, 0.0182134, 0.99898, -0.0413264, -0.117459, 0.0431849, 0.992138)
    Left Leg.CFrame = CFrame.new(-0.498743, 0.233212, 0.02579, 0.94809, -0.264167, 0.177034, 0.120504, 0.813637, 0.568746, -0.294285, -0.51789, 0.803235)
    Right Arm.CFrame = CFrame.new(0.44825, -0.368423, 0.206853, 0.137726, -0.973438, 0.182892, 0.661848, 0.227822, 0.714181, -0.736878, 0.0226853, 0.675645)
    Head.CFrame = CFrame.new(3.8147e-06, -7.62939e-06, -4.76837e-07, 0.99281, 0.0217619, -0.117709, -0.0180276, 0.999303, 0.0326971, 0.118338, -0.03034, 0.99251)
    Right Leg.CFrame = CFrame.new(0.0134392, 0.0480274, -0.0217075, 0.970324, 0.0671873, -0.232285, -0.0263563, 0.984286, 0.174601, 0.240366, -0.163298, 0.956848)
    Left Arm.CFrame = CFrame.new(0.0684624, -0.243926, 0.396231, 0.883188, -0.246489, 0.399027, -0.440365, -0.142978, 0.886361, -0.161426, -0.958541, -0.234821)

[38]
    Time: 2.800000
    HumanoidRootPart.CFrame = CFrame.new(0, 0, 0, 1, 0, 0, 0, 1, 0, 0, 0, 1)
    Torso.CFrame = CFrame.new(0.212434, 0.0158997, -0.0534263, 0.997623, -0.0023186, 0.0688723, 0.0055748, 0.998873, -0.0471242, -0.0686855, 0.0473962, 0.996512)
    Left Leg.CFrame = CFrame.new(-0.504091, 0.13952, 0.0309463, 0.960758, -0.235246, 0.146984, 0.133886, 0.857345, 0.497025, -0.242939, -0.457841, 0.855197)
    Right Arm.CFrame = CFrame.new(0.448252, -0.368422, 0.206854, 0.163535, -0.973108, 0.162224, 0.693749, 0.230346, 0.682388, -0.701405, 0.000948577, 0.712762)
    Head.CFrame = CFrame.new(3.33786e-06, -9.53674e-06, -2.38419e-07, 0.99337, 0.0217271, -0.112893, -0.0182417, 0.999327, 0.0318155, 0.113508, -0.0295452, 0.993098)
    Right Leg.CFrame = CFrame.new(0.0134296, 0.048027, -0.021708, 0.926698, 0.0829305, -0.366542, -0.00729804, 0.979135, 0.203079, 0.375736, -0.185518, 0.907968)
    Left Arm.CFrame = CFrame.new(0.0684624, -0.243925, 0.396232, 0.88013, -0.259989, 0.397212, -0.431474, -0.0891239, 0.897712, -0.197994, -0.96149, -0.190619)

[39]
    Time: 2.900000
    HumanoidRootPart.CFrame = CFrame.new(0, 0, 0, 1, 0, 0, 0, 1, 0, 0, 0, 1)
    Torso.CFrame = CFrame.new(0.212434, -0.0781536, -0.075299, 0.98938, -0.120523, 0.0812486, 0.128351, 0.986753, -0.0992194, -0.0682141, 0.108594, 0.991743)
    Left Leg.CFrame = CFrame.new(-0.500927, 0.150144, 0.0302181, 0.971846, -0.138122, 0.190889, 0.0338338, 0.88357, 0.467075, -0.233177, -0.447466, 0.863367)
    Right Arm.CFrame = CFrame.new(0.283834, -0.385951, 0.199968, 0.239999, -0.965135, 0.104473, 0.644718, 0.238922, 0.726123, -0.725768, -0.106913, 0.679581)
    Head.CFrame = CFrame.new(2.6226e-06, -1.90735e-06, -9.53674e-07, 0.993039, 0.080806, -0.085694, -0.069548, 0.989452, 0.127077, 0.0950587, -0.120233, 0.988184)
    Right Leg.CFrame = CFrame.new(0.0134296, 0.0480267, -0.0217083, 0.875301, 0.137752, -0.463543, -0.0454989, 0.977776, 0.204654, 0.481433, -0.158043, 0.862116)
    Left Arm.CFrame = CFrame.new(-0.0420628, -0.231755, 0.397225, 0.860803, 0.121994, 0.4941, -0.466837, -0.197366, 0.862038, 0.202682, -0.972709, -0.112942)

[40]
    Time: 3.000000
    HumanoidRootPart.CFrame = CFrame.new(0, 0, 0, 1, 0, 0, 0, 1, 0, 0, 0, 1)
    Torso.CFrame = CFrame.new(0.12571, -0.0781536, -0.195739, 0.977461, -0.203391, 0.0565852, 0.210058, 0.963777, -0.164347, -0.0211088, 0.172529, 0.984778)
    Left Leg.CFrame = CFrame.new(-0.827295, 0.298418, -0.0169575, 0.992076, -0.125624, 0.00173494, 0.109137, 0.868554, 0.483428, -0.0622369, -0.479408, 0.875382)
    Right Arm.CFrame = CFrame.new(0.283842, -0.385948, 0.19997, 0.0857431, -0.939333, 0.332117, 0.686318, 0.297327, 0.663749, -0.722229, 0.171026, 0.670176)
    Head.CFrame = CFrame.new(2.38419e-06, 0, -9.53674e-07, 0.995958, 0.0835138, -0.0330595, -0.0791554, 0.990047, 0.116368, 0.0424488, -0.113281, 0.992656)
    Right Leg.CFrame = CFrame.new(0.253305, 0.16812, 0.11141, 0.82424, 0.235925, -0.514751, -0.165958, 0.969797, 0.178746, 0.541374, -0.0619024, 0.8385)
    Left Arm.CFrame = CFrame.new(0.0254421, -0.497599, 0.202564, 0.579428, 0.650843, 0.490578, -0.424025, -0.273314, 0.863424, 0.696036, -0.70831, 0.117608)

[41]
    Time: 3.066667
    HumanoidRootPart.CFrame = CFrame.new(0, 0, 0, 1, 0, 0, 0, 1, 0, 0, 0, 1)
    Torso.CFrame = CFrame.new(0.12571, -0.0781536, -0.22545, 0.978282, -0.205775, 0.0249117, 0.205835, 0.950282, -0.233658, 0.0244077, 0.233711, 0.972)
    Left Leg.CFrame = CFrame.new(-0.941437, 0.355494, -0.0675828, 0.994385, -0.104574, 0.0162153, 0.0858355, 0.886657, 0.454392, -0.0618951, -0.450448, 0.890654)
    Right Arm.CFrame = CFrame.new(0.283842, -0.385948, 0.199972, -0.16243, -0.830905, 0.532178, 0.625622, 0.330347, 0.70673, -0.763029, 0.447737, 0.466175)
