[1]
    Time: 0.000000
    HumanoidRootPart.CFrame = CFrame.new(0, 0, 0, 1, 0, 0, 0, 1, 0, 0, 0, 1)
    Torso.CFrame = CFrame.new(-0.658865, -0.0793047, -0.440937, 0.809674, -0.356471, 0.466215, 0.513495, 0.814947, -0.268671, -0.284167, 0.456936, 0.842887)
    Head.CFrame = CFrame.new(2.23517e-07, -1.19209e-07, -2.38419e-07, 0.813449, 0.423349, -0.398844, -0.284612, 0.887743, 0.361814, 0.507244, -0.180801, 0.842624)
    Left Arm.CFrame = CFrame.new(-0.266141, 0.261221, 0.753592, 0.0996725, -0.362665, 0.926574, 0.687909, -0.647702, -0.327512, 0.718921, 0.670042, 0.184922)
    Right Arm.CFrame = CFrame.new(0.235236, -0.208344, 0.69842, -0.0761981, 0.183014, -0.980153, -0.462057, -0.877573, -0.127939, -0.88357, 0.443138, 0.151432)
    Left Leg.CFrame = CFrame.new(-0.904379, 1.02834, -0.341123, 0.946298, 0.319331, -0.0504842, -0.179237, 0.648154, 0.740116, 0.269064, -0.691321, 0.670582)
    Right Leg.CFrame = CFrame.new(0.742037, -0.0220294, -0.192731, 0.975187, -0.176108, -0.134153, 0.0332306, 0.71555, -0.697771, 0.218876, 0.675999, 0.703646)

[2]
    Time: 0.033333
    HumanoidRootPart.CFrame = CFrame.new(0, 0, 0, 1, 0, 0, 0, 1, 0, 0, 0, 1)
    Torso.CFrame = CFrame.new(-0.650227, -0.0830472, -0.420166, 0.816456, -0.355505, 0.45499, 0.502494, 0.825624, -0.256601, -0.284428, 0.438133, 0.852725)
    Head.CFrame = CFrame.new(2.98023e-08, 5.96046e-08, 1.19209e-07, 0.818372, 0.395034, -0.417391, -0.285919, 0.909897, 0.300561, 0.498515, -0.126631, 0.857583)
    Left Arm.CFrame = CFrame.new(-0.336317, 0.14194, 0.813172, 0.08132, -0.356566, 0.930724, 0.708266, -0.636338, -0.305668, 0.701246, 0.684057, 0.200797)
    Right Arm.CFrame = CFrame.new(0.245422, -0.28999, 0.762854, -0.101037, 0.143179, -0.984526, -0.530604, -0.844855, -0.0684136, -0.841577, 0.515481, 0.161333)
    Left Leg.CFrame = CFrame.new(-0.907173, 0.994689, -0.318715, 0.953025, 0.296823, -0.0603245, -0.160431, 0.663603, 0.73068, 0.256914, -0.686678, 0.68005)
    Right Leg.CFrame = CFrame.new(0.720975, -0.0451511, -0.20475, 0.976792, -0.162083, -0.140021, 0.0218588, 0.72575, -0.687611, 0.21307, 0.668592, 0.71245)

[3]
    Time: 0.066667
    HumanoidRootPart.CFrame = CFrame.new(0, 0, 0, 1, 0, 0, 0, 1, 0, 0, 0, 1)
    Torso.CFrame = CFrame.new(-0.619802, -0.0942357, -0.359662, 0.838594, -0.348665, 0.418561, 0.466423, 0.856507, -0.221008, -0.281443, 0.380563, 0.880887)
    Head.CFrame = CFrame.new(2.98023e-07, 1.3411e-07, 2.38419e-07, 0.837828, 0.352613, -0.416783, -0.286199, 0.933805, 0.214707, 0.464902, -0.0606046, 0.883285)
    Left Arm.CFrame = CFrame.new(-0.426585, 0.00948632, 0.787082, -0.0748584, -0.32975, 0.941096, 0.694774, -0.694227, -0.187985, 0.715322, 0.639776, 0.28107)
    Right Arm.CFrame = CFrame.new(0.222496, -0.28141, 0.792117, -0.18336, 0.0562292, -0.981436, -0.578077, -0.81367, 0.0613836, -0.795114, 0.578601, 0.181699)
    Left Leg.CFrame = CFrame.new(-0.906182, 0.889939, -0.252545, 0.970288, 0.225865, -0.086754, -0.102896, 0.709717, 0.696932, 0.218984, -0.667298, 0.71187)
    Right Leg.CFrame = CFrame.new(0.653455, -0.108514, -0.231913, 0.981033, -0.117704, -0.154012, -0.011661, 0.757256, -0.653014, 0.193489, 0.642424, 0.741521)

[4]
    Time: 0.100000
    HumanoidRootPart.CFrame = CFrame.new(0, 0, 0, 1, 0, 0, 0, 1, 0, 0, 0, 1)
    Torso.CFrame = CFrame.new(-0.560932, -0.110243, -0.271244, 0.876033, -0.326323, 0.355076, 0.402531, 0.900277, -0.165739, -0.265583, 0.288122, 0.920028)
    Head.CFrame = CFrame.new(5.21541e-08, -2.98023e-08, -3.57628e-07, 0.872354, 0.303592, -0.383185, -0.274876, 0.952774, 0.129091, 0.40428, -0.00728511, 0.914607)
    Left Arm.CFrame = CFrame.new(-0.458307, 0.0206084, 0.743112, -0.217886, -0.288611, 0.932325, 0.673278, -0.736021, -0.0704963, 0.706556, 0.612354, 0.354683)
    Right Arm.CFrame = CFrame.new(0.206917, -0.189957, 0.783081, -0.238022, 0.00446631, -0.97125, -0.578772, -0.803704, 0.138142, -0.77998, 0.595013, 0.193884)
    Left Leg.CFrame = CFrame.new(-0.87544, 0.716902, -0.157059, 0.987261, 0.10806, -0.116782, -0.0106481, 0.77721, 0.629151, 0.15875, -0.619893, 0.76846)
    Right Leg.CFrame = CFrame.new(0.541216, -0.188293, -0.24665, 0.985487, -0.0416751, -0.164556, -0.0640631, 0.806403, -0.587885, 0.157199, 0.589895, 0.79203)

[5]
    Time: 0.133333
    HumanoidRootPart.CFrame = CFrame.new(0, 0, 0, 1, 0, 0, 0, 1, 0, 0, 0, 1)
    Torso.CFrame = CFrame.new(-0.469377, -0.12643, -0.177427, 0.922365, -0.277728, 0.268532, 0.313708, 0.944124, -0.101079, -0.225455, 0.177472, 0.957953)
    Head.CFrame = CFrame.new(1.78814e-07, -4.47035e-08, -4.17233e-07, 0.916328, 0.244925, -0.316787, -0.240451, 0.969169, 0.053798, 0.320197, 0.0268751, 0.94697)
    Left Arm.CFrame = CFrame.new(-0.466741, 0.143414, 0.665915, -0.350238, -0.228499, 0.908362, 0.610109, -0.791493, 0.0361395, 0.710704, 0.566858, 0.41662)
    Right Arm.CFrame = CFrame.new(0.207136, 0.00204265, 0.723007, -0.267038, -0.0321028, -0.963151, -0.543565, -0.820266, 0.178046, -0.795756, 0.571081, 0.201592)
    Left Leg.CFrame = CFrame.new(-0.791012, 0.499132, -0.0673349, 0.990878, -0.0377723, -0.129361, 0.10037, 0.847402, 0.521378, 0.089927, -0.529606, 0.843464)
    Right Leg.CFrame = CFrame.new(0.421789, -0.245931, -0.212319, 0.985717, 0.0633777, -0.156029, -0.132893, 0.861825, -0.489487, 0.103447, 0.503231, 0.857938)

[6]
    Time: 0.166667
    HumanoidRootPart.CFrame = CFrame.new(0, 0, 0, 1, 0, 0, 0, 1, 0, 0, 0, 1)
    Torso.CFrame = CFrame.new(-0.346815, -0.138932, -0.101296, 0.965387, -0.199153, 0.168425, 0.208932, 0.977015, -0.0423041, -0.156128, 0.0760291, 0.984806)
    Head.CFrame = CFrame.new(8.19564e-08, 1.86265e-08, 1.19209e-07, 0.959672, 0.172374, -0.222075, -0.176349, 0.984326, 0.00196182, 0.218932, 0.0372799, 0.975028)
    Left Arm.CFrame = CFrame.new(-0.439434, 0.301171, 0.527968, -0.433039, -0.153168, 0.888266, 0.497042, -0.862668, 0.0935587, 0.751949, 0.482021, 0.4497)
    Right Arm.CFrame = CFrame.new(0.19948, 0.205258, 0.58179, -0.269178, -0.064584, -0.960922, -0.454739, -0.871002, 0.185924, -0.848973, 0.487016, 0.205086)
    Left Leg.CFrame = CFrame.new(-0.671154, 0.277479, -0.00715733, 0.976977, -0.180495, -0.113742, 0.210196, 0.905603, 0.368376, 0.0365149, -0.383803, 0.922693)
    Right Leg.CFrame = CFrame.new(0.377419, -0.24296, -0.131681, 0.973287, 0.192804, -0.124658, -0.224976, 0.90924, -0.350242, 0.0458159, 0.368931, 0.928327)

[7]
    Time: 0.200000
    HumanoidRootPart.CFrame = CFrame.new(0, 0, 0, 1, 0, 0, 0, 1, 0, 0, 0, 1)
    Torso.CFrame = CFrame.new(-0.201811, -0.145794, -0.055804, 0.993193, -0.0974114, 0.0638595, 0.0977623, 0.995207, -0.0023848, -0.0633211, 0.00861162, 0.997956)
    Head.CFrame = CFrame.new(1.17347e-07, -1.86265e-09, 1.19209e-07, 0.990556, 0.0817536, -0.110069, -0.085195, 0.996, -0.0269272, 0.107427, 0.0360502, 0.993559)
    Left Arm.CFrame = CFrame.new(-0.383811, 0.419102, 0.367997, -0.471987, -0.0797845, 0.877988, 0.370871, -0.921457, 0.115638, 0.799802, 0.3802, 0.464506)
    Right Arm.CFrame = CFrame.new(0.173341, 0.347839, 0.405203, -0.261248, -0.0974171, -0.960343, -0.341579, -0.92119, 0.186367, -0.902814, 0.376721, 0.207383)
    Left Leg.CFrame = CFrame.new(-0.550364, 0.0742446, 0.0204797, 0.956452, -0.282941, -0.0717184, 0.291259, 0.941266, 0.170841, 0.0191682, -0.18429, 0.982685)
    Right Leg.CFrame = CFrame.new(0.422197, -0.168841, -0.0533823, 0.949703, 0.304139, -0.0745879, -0.312532, 0.935527, -0.16466, 0.0196997, 0.179689, 0.983526)

[8]
    Time: 0.233333
    HumanoidRootPart.CFrame = CFrame.new(0, 0, 0, 1, 0, 0, 0, 1, 0, 0, 0, 1)
    Torso.CFrame = CFrame.new(-0.0462029, -0.146164, -0.0437512, 0.999047, 0.0151454, -0.0409349, -0.0146219, 0.999808, 0.0130587, 0.0411249, -0.0124477, 0.999076)
    Head.CFrame = CFrame.new(6.75209e-08, -1.851e-08, -1.19209e-07, 0.999688, -0.0224764, 0.0109057, 0.0228608, 0.999072, -0.0365087, -0.010075, 0.0367466, 0.999274)
    Left Arm.CFrame = CFrame.new(-0.354393, 0.461124, 0.292664, -0.483317, -0.048623, 0.874094, 0.312588, -0.942224, 0.120428, 0.817737, 0.331436, 0.470591)
    Right Arm.CFrame = CFrame.new(0.151232, 0.400548, 0.317511, -0.260407, -0.116752, -0.958414, -0.289381, -0.937588, 0.192841, -0.921112, 0.327564, 0.210368)
    Left Leg.CFrame = CFrame.new(-0.439243, -0.0935726, -0.0153144, 0.950212, -0.311185, -0.0161602, 0.310403, 0.949825, -0.0385094, 0.0273328, 0.0315759, 0.999128)
    Right Leg.CFrame = CFrame.new(0.510184, -0.0387912, 0.014016, 0.937619, 0.347268, -0.0165818, -0.34643, 0.937243, 0.03951, 0.0292617, -0.0313009, 0.999082)

[9]
    Time: 0.266667
    HumanoidRootPart.CFrame = CFrame.new(0, 0, 0, 1, 0, 0, 0, 1, 0, 0, 0, 1)
    Torso.CFrame = CFrame.new(0.183647, -0.138185, -0.105312, 0.961057, 0.178806, -0.210708, -0.196335, 0.978363, -0.0652632, 0.19448, 0.104091, 0.975368)
    Head.CFrame = CFrame.new(1.56462e-07, 5.58794e-09, 2.38419e-07, 0.960978, -0.196398, 0.194806, 0.186215, 0.980051, 0.0694589, -0.204561, -0.0304727, 0.978379)
    Left Arm.CFrame = CFrame.new(-0.341476, 0.388905, 0.368469, -0.388449, -0.142893, 0.910324, 0.348453, -0.937325, 0.00155848, 0.853046, 0.317811, 0.413894)
    Right Arm.CFrame = CFrame.new(0.116173, 0.380827, 0.3205, -0.231639, -0.0489438, -0.97157, -0.318517, -0.939865, 0.123287, -0.919179, 0.33802, 0.20212)
    Left Leg.CFrame = CFrame.new(-0.437419, -0.209862, -0.150657, 0.983095, -0.176294, 0.0494372, 0.182695, 0.926699, -0.328407, 0.012083, 0.331888, 0.943241)
    Right Leg.CFrame = CFrame.new(0.73886, 0.312539, 0.038601, 0.975783, 0.214361, 0.0435615, -0.216305, 0.915934, 0.338049, 0.0325653, -0.339285, 0.94012)

[10]
    Time: 0.300000
    HumanoidRootPart.CFrame = CFrame.new(0, 0, 0, 1, 0, 0, 0, 1, 0, 0, 0, 1)
    Torso.CFrame = CFrame.new(0.441647, -0.0864078, -0.288094, 0.835656, 0.32264, -0.444502, -0.442985, 0.874355, -0.198158, 0.324719, 0.3625, 0.873585)
    Head.CFrame = CFrame.new(1.6694e-07, -6.9791e-08, 2.38419e-07, 0.822334, -0.425276, 0.378031, 0.318086, 0.894448, 0.3143, -0.471793, -0.138213, 0.870809)
    Left Arm.CFrame = CFrame.new(-0.365197, 0.124072, 0.621527, -0.131302, -0.339994, 0.931216, 0.474258, -0.846425, -0.242166, 0.87054, 0.40984, 0.272383)
    Right Arm.CFrame = CFrame.new(0.0949665, 0.251051, 0.551257, -0.159554, 0.0954052, -0.982568, -0.493084, -0.869971, -0.00440342, -0.855226, 0.483786, 0.18585)
    Left Leg.CFrame = CFrame.new(-0.624404, -0.162514, -0.251911, 0.991673, 0.127342, 0.0191956, -0.0881332, 0.77977, -0.619832, -0.0938984, 0.612979, 0.7845)
    Right Leg.CFrame = CFrame.new(0.851874, 0.857395, -0.183065, 0.984244, -0.17628, -0.0137875, 0.143624, 0.751556, 0.643844, -0.103135, -0.635679, 0.765033)

[11]
    Time: 0.333333
    HumanoidRootPart.CFrame = CFrame.new(0, 0, 0, 1, 0, 0, 0, 1, 0, 0, 0, 1)
    Torso.CFrame = CFrame.new(0.545772, -0.0433166, -0.393123, 0.764153, 0.353021, -0.539858, -0.542304, 0.804766, -0.241367, 0.349252, 0.477209, 0.806409)
    Head.CFrame = CFrame.new(-9.49949e-08, 1.55531e-07, 2.38419e-07, 0.736239, -0.504479, 0.451059, 0.330598, 0.849711, 0.410727, -0.590472, -0.153274, 0.792369)
    Left Arm.CFrame = CFrame.new(-0.386352, -0.100727, 0.696676, 0.10213, -0.462807, 0.880556, 0.421309, -0.781752, -0.459742, 0.901148, 0.417939, 0.115144)
    Right Arm.CFrame = CFrame.new(0.107405, 0.112695, 0.770081, -0.0555428, 0.198682, -0.978489, -0.628716, -0.768272, -0.12031, -0.775649, 0.608509, 0.167587)
    Left Leg.CFrame = CFrame.new(-0.710697, -0.107693, -0.229883, 0.960399, 0.272195, -0.0595296, -0.232918, 0.667047, -0.707671, -0.152915, 0.693512, 0.70403)
    Right Leg.CFrame = CFrame.new(0.781242, 1.02985, -0.327457, 0.922214, -0.373944, -0.0984269, 0.323801, 0.607676, 0.725178, -0.211365, -0.70064, 0.68149)

[12]
    Time: 0.366667
    HumanoidRootPart.CFrame = CFrame.new(0, 0, 0, 1, 0, 0, 0, 1, 0, 0, 0, 1)
    Torso.CFrame = CFrame.new(0.541847, -0.0462288, -0.379969, 0.768898, 0.354066, -0.532384, -0.534736, 0.812582, -0.231881, 0.350504, 0.462978, 0.814125)
    Head.CFrame = CFrame.new(-3.95812e-08, -9.01055e-08, -5.96046e-08, 0.735816, -0.480967, 0.476703, 0.328092, 0.869015, 0.370362, -0.592394, -0.116116, 0.797237)
    Left Arm.CFrame = CFrame.new(-0.417618, -0.141148, 0.710627, 0.0949408, -0.447414, 0.889273, 0.462097, -0.771426, -0.437457, 0.881733, 0.452463, 0.133509)
    Right Arm.CFrame = CFrame.new(0.132247, 0.00332993, 0.823343, -0.0751687, 0.180967, -0.980612, -0.63342, -0.768174, -0.0932078, -0.770148, 0.614133, 0.172371)
    Left Leg.CFrame = CFrame.new(-0.690121, -0.145149, -0.229754, 0.960705, 0.268071, -0.0719957, -0.238608, 0.665068, -0.707637, -0.141815, 0.697009, 0.702899)
    Right Leg.CFrame = CFrame.new(0.767638, 0.997347, -0.318874, 0.926226, -0.36242, -0.103714, 0.3206, 0.612606, 0.722447, -0.198294, -0.7024, 0.683603)

[13]
    Time: 0.400000
    HumanoidRootPart.CFrame = CFrame.new(0, 0, 0, 1, 0, 0, 0, 1, 0, 0, 0, 1)
    Torso.CFrame = CFrame.new(0.526539, -0.0554877, -0.341011, 0.784921, 0.35481, -0.507946, -0.509859, 0.835688, -0.204133, 0.352056, 0.419209, 0.836851)
    Head.CFrame = CFrame.new(-1.21072e-07, -6.42613e-08, 3.57628e-07, 0.752582, -0.439997, 0.489922, 0.332699, 0.89612, 0.293735, -0.568271, -0.0580627, 0.82079)
    Left Arm.CFrame = CFrame.new(-0.454694, -0.149045, 0.727998, -0.0203587, -0.38105, 0.92433, 0.574281, -0.761247, -0.301171, 0.818405, 0.524694, 0.234328)
    Right Arm.CFrame = CFrame.new(0.131775, -0.109693, 0.813342, -0.167887, 0.0948425, -0.981233, -0.579877, -0.814446, 0.0204944, -0.797218, 0.572436, 0.191732)
    Left Leg.CFrame = CFrame.new(-0.640673, -0.199013, -0.25017, 0.971755, 0.230813, -0.0491752, -0.198514, 0.686803, -0.699209, -0.127613, 0.689222, 0.713224)
    Right Leg.CFrame = CFrame.new(0.782679, 0.934401, -0.281943, 0.949015, -0.305291, -0.0785361, 0.26698, 0.645946, 0.715175, -0.167606, -0.69968, 0.694519)

[14]
    Time: 0.433333
    HumanoidRootPart.CFrame = CFrame.new(0, 0, 0, 1, 0, 0, 0, 1, 0, 0, 0, 1)
    Torso.CFrame = CFrame.new(0.493624, -0.0705887, -0.281343, 0.814065, 0.348986, -0.464228, -0.464999, 0.870553, -0.160973, 0.347958, 0.346908, 0.870965)
    Head.CFrame = CFrame.new(1.22935e-07, 1.10827e-07, 4.76837e-07, 0.784885, -0.38053, 0.489032, 0.333633, 0.924578, 0.183967, -0.522153, 0.0187638, 0.852645)
    Left Arm.CFrame = CFrame.new(-0.478662, -0.150797, 0.718996, -0.172887, -0.320223, 0.931433, 0.63301, -0.760632, -0.144006, 0.754592, 0.564709, 0.334208)
    Right Arm.CFrame = CFrame.new(0.111296, -0.156665, 0.783018, -0.238823, 0.0101511, -0.97101, -0.524553, -0.842849, 0.120204, -0.817195, 0.538054, 0.206616)
    Left Leg.CFrame = CFrame.new(-0.554414, -0.271597, -0.267394, 0.986354, 0.164452, -0.00778025, -0.126162, 0.724642, -0.677479, -0.105775, 0.669216, 0.735501)
    Right Leg.CFrame = CFrame.new(0.800131, 0.826132, -0.224618, 0.978027, -0.205758, -0.033575, 0.170762, 0.698242, 0.695197, -0.119599, -0.685655, 0.718035)

[15]
    Time: 0.466667
    HumanoidRootPart.CFrame = CFrame.new(0, 0, 0, 1, 0, 0, 0, 1, 0, 0, 0, 1)
    Torso.CFrame = CFrame.new(0.436599, -0.0894279, -0.211751, 0.855278, 0.327729, -0.401364, -0.399817, 0.91011, -0.108842, 0.329615, 0.253562, 0.909429)
    Head.CFrame = CFrame.new(2.86847e-07, -7.63685e-08, 2.38419e-07, 0.831686, -0.315303, 0.457036, 0.320352, 0.944794, 0.068844, -0.453511, 0.0891557, 0.88678)
    Left Arm.CFrame = CFrame.new(-0.484493, -0.0872679, 0.703669, -0.299657, -0.269611, 0.915159, 0.637106, -0.770557, -0.0183984, 0.710142, 0.57754, 0.402673)
    Right Arm.CFrame = CFrame.new(0.107836, -0.104636, 0.751382, -0.275138, -0.0397904, -0.960581, -0.496725, -0.84957, 0.177468, -0.823142, 0.525973, 0.213984)
    Left Leg.CFrame = CFrame.new(-0.450359, -0.333619, -0.258817, 0.996897, 0.0668348, 0.0415855, -0.0257527, 0.776138, -0.630036, -0.0743847, 0.627011, 0.775451)
    Right Leg.CFrame = CFrame.new(0.80284, 0.675675, -0.154306, 0.997282, -0.0703415, 0.0219333, 0.0393951, 0.760595, 0.648031, -0.062266, -0.645405, 0.761298)

[16]
    Time: 0.500000
    HumanoidRootPart.CFrame = CFrame.new(0, 0, 0, 1, 0, 0, 0, 1, 0, 0, 0, 1)
    Torso.CFrame = CFrame.new(0.351152, -0.109053, -0.145377, 0.903038, 0.283262, -0.322931, -0.317464, 0.946526, -0.0574968, 0.289376, 0.154441, 0.944674)
    Head.CFrame = CFrame.new(8.56817e-08, 3.53903e-08, -2.38419e-07, 0.886628, -0.254541, 0.386133, 0.28213, 0.959252, -0.0154753, -0.36646, 0.122661, 0.922313)
    Left Arm.CFrame = CFrame.new(-0.486333, 0.0929279, 0.661148, -0.39499, -0.217036, 0.89268, 0.598908, -0.797658, 0.0710694, 0.696629, 0.562705, 0.445052)
    Right Arm.CFrame = CFrame.new(0.13039, 0.0575246, 0.687579, -0.290789, -0.0692688, -0.954276, -0.470863, -0.857877, 0.205754, -0.832904, 0.509165, 0.216845)
    Left Leg.CFrame = CFrame.new(-0.369972, -0.357967, -0.208353, 0.995039, -0.0575371, 0.0811584, 0.0926629, 0.832907, -0.545601, -0.0362052, 0.550415, 0.834106)
    Right Leg.CFrame = CFrame.new(0.776232, 0.495348, -0.0857935, 0.994241, 0.081282, 0.069842, -0.106504, 0.821782, 0.55976, -0.0118967, -0.563975, 0.825706)

[17]
    Time: 0.533333
    HumanoidRootPart.CFrame = CFrame.new(0, 0, 0, 1, 0, 0, 0, 1, 0, 0, 0, 1)
    Torso.CFrame = CFrame.new(0.237842, -0.126551, -0.0924802, 0.948498, 0.213187, -0.234313, -0.223195, 0.97463, -0.0167338, 0.224801, 0.0681694, 0.972017)
    Head.CFrame = CFrame.new(8.00937e-08, 2.80561e-08, -3.57628e-07, 0.939673, -0.195388, 0.280781, 0.215669, 0.975522, -0.0429292, -0.265521, 0.100895, 0.958811)
    Left Arm.CFrame = CFrame.new(-0.449522, 0.281314, 0.537359, -0.44642, -0.147935, 0.88251, 0.496104, -0.861705, 0.106509, 0.744708, 0.485365, 0.458073)
    Right Arm.CFrame = CFrame.new(0.149232, 0.238307, 0.553623, -0.285778, -0.0916243, -0.953906, -0.411557, -0.88721, 0.208515, -0.86542, 0.452176, 0.215837)
    Left Leg.CFrame = CFrame.new(-0.345993, -0.331777, -0.123256, 0.977988, -0.18677, 0.0930422, 0.208625, 0.883704, -0.418978, -0.00396906, 0.429167, 0.903217)
    Right Leg.CFrame = CFrame.new(0.717049, 0.30428, -0.0361225, 0.971372, 0.22008, 0.0894551, -0.237066, 0.873571, 0.425057, 0.0154009, -0.434095, 0.900736)

[18]
    Time: 0.566667
    HumanoidRootPart.CFrame = CFrame.new(0, 0, 0, 1, 0, 0, 0, 1, 0, 0, 0, 1)
    Torso.CFrame = CFrame.new(0.102305, -0.139525, -0.0581036, 0.98273, 0.121313, -0.139735, -0.12149, 0.992566, 0.00729928, 0.139582, 0.00980316, 0.990162)
    Head.CFrame = CFrame.new(8.3819e-08, -1.76951e-08, -3.57628e-07, 0.979746, -0.118963, 0.16108, 0.126629, 0.991216, -0.0381595, -0.155125, 0.057784, 0.986203)
    Left Arm.CFrame = CFrame.new(-0.381904, 0.413019, 0.375645, -0.467659, -0.0754248, 0.880685, 0.369496, -0.921804, 0.117263, 0.802974, 0.380249, 0.458959)
    Right Arm.CFrame = CFrame.new(0.149284, 0.360255, 0.391459, -0.270864, -0.112011, -0.956079, -0.328375, -0.92288, 0.201153, -0.904877, 0.368437, 0.213193)
    Left Leg.CFrame = CFrame.new(-0.382179, -0.250141, -0.0322805, 0.955344, -0.287307, 0.0690824, 0.295368, 0.921619, -0.251745, 0.00866038, 0.260908, 0.965325)
    Right Leg.CFrame = CFrame.new(0.63398, 0.121327, -0.0174006, 0.945572, 0.317911, 0.0694767, -0.325, 0.911825, 0.2509, 0.0164133, -0.259824, 0.965517)

[19]
    Time: 0.600000
    HumanoidRootPart.CFrame = CFrame.new(0, 0, 0, 1, 0, 0, 0, 1, 0, 0, 0, 1)
    Torso.CFrame = CFrame.new(-0.0472775, -0.146164, -0.0437512, 0.999047, 0.0151454, -0.0409349, -0.0146219, 0.999808, 0.0130587, 0.0411249, -0.0124477, 0.999076)
    Head.CFrame = CFrame.new(7.49715e-08, -5.93718e-09, 0, 0.998959, -0.0224764, 0.0396982, 0.023903, 0.999072, -0.035835, -0.0388559, 0.0367466, 0.998569)
    Left Arm.CFrame = CFrame.new(-0.34627, 0.462248, 0.296961, -0.471588, -0.0430956, 0.880765, 0.31421, -0.94146, 0.122172, 0.82394, 0.33436, 0.457522)
    Right Arm.CFrame = CFrame.new(0.151232, 0.400548, 0.317511, -0.260407, -0.116752, -0.958414, -0.289381, -0.937588, 0.192841, -0.921112, 0.327564, 0.210368)
    Left Leg.CFrame = CFrame.new(-0.45607, -0.104173, 0.00158632, 0.943997, -0.329204, 0.022232, 0.32981, 0.943433, -0.0340529, -0.00976405, 0.0394782, 0.999173)
    Right Leg.CFrame = CFrame.new(0.545829, -0.0504298, 0.00552738, 0.934623, 0.354782, 0.0246848, -0.355398, 0.934291, 0.028129, -0.0130832, -0.035063, 0.9993)

[20]
    Time: 0.633333
    HumanoidRootPart.CFrame = CFrame.new(0, 0, 0, 1, 0, 0, 0, 1, 0, 0, 0, 1)
    Torso.CFrame = CFrame.new(-0.282471, -0.150238, -0.111934, 0.979882, -0.154346, 0.126529, 0.164626, 0.983484, -0.0752182, -0.11283, 0.0945349, 0.989107)
    Head.CFrame = CFrame.new(9.31323e-08, 4.65661e-08, 2.38419e-07, 0.979884, 0.137794, -0.144364, -0.130748, 0.989761, 0.0572549, 0.150775, -0.037228, 0.987867)
    Left Arm.CFrame = CFrame.new(-0.365135, 0.417108, 0.413598, -0.395226, -0.146296, 0.90686, 0.446511, -0.893353, 0.0504805, 0.80276, 0.424874, 0.418399)
    Right Arm.CFrame = CFrame.new(0.168333, 0.279267, 0.416066, -0.227308, -0.0465133, -0.972711, -0.340998, -0.931817, 0.124244, -0.912168, 0.359935, 0.195949)
    Left Leg.CFrame = CFrame.new(-0.687221, 0.241968, 0.00887299, 0.976269, -0.199569, -0.0840898, 0.215401, 0.934998, 0.281747, 0.0223958, -0.293174, 0.955797)
    Right Leg.CFrame = CFrame.new(0.497479, -0.169871, -0.0849263, 0.97026, 0.22513, -0.0889473, -0.24113, 0.931156, -0.273506, 0.0212494, 0.286819, 0.957749)

[21]
    Time: 0.666667
    HumanoidRootPart.CFrame = CFrame.new(0, 0, 0, 1, 0, 0, 0, 1, 0, 0, 0, 1)
    Torso.CFrame = CFrame.new(-0.551075, -0.115704, -0.321611, 0.87491, -0.317065, 0.366063, 0.412662, 0.883701, -0.220868, -0.253461, 0.3443, 0.903999)
    Head.CFrame = CFrame.new(8.9407e-08, 6.70552e-08, 1.19209e-07, 0.876265, 0.347786, -0.333475, -0.260804, 0.9243, 0.278657, 0.405144, -0.157206, 0.900636)
    Left Arm.CFrame = CFrame.new(-0.325839, 0.336541, 0.623038, -0.124611, -0.312923, 0.941568, 0.635458, -0.753975, -0.166479, 0.762014, 0.577582, 0.292804)
    Right Arm.CFrame = CFrame.new(0.197411, -0.00497562, 0.589206, -0.139124, 0.0986739, -0.985347, -0.41412, -0.909638, -0.0326217, -0.899527, 0.403513, 0.167415)
    Left Leg.CFrame = CFrame.new(-0.896555, 0.80132, -0.197572, 0.983152, 0.153229, -0.0996662, -0.0567127, 0.774041, 0.63059, 0.173771, -0.614313, 0.76969)
    Right Leg.CFrame = CFrame.new(0.640783, -0.112417, -0.196252, 0.986708, -0.059902, -0.151058, -0.0415701, 0.805601, -0.590998, 0.157094, 0.589423, 0.792403)

[22]
    Time: 0.700000
    HumanoidRootPart.CFrame = CFrame.new(0, 0, 0, 1, 0, 0, 0, 1, 0, 0, 0, 1)
    Torso.CFrame = CFrame.new(-0.658865, -0.0793047, -0.440937, 0.809674, -0.356471, 0.466215, 0.513495, 0.814947, -0.268671, -0.284167, 0.456936, 0.842887)
    Head.CFrame = CFrame.new(2.23517e-07, -1.19209e-07, -2.38419e-07, 0.813449, 0.423349, -0.398844, -0.284612, 0.887743, 0.361814, 0.507244, -0.180801, 0.842624)
    Left Arm.CFrame = CFrame.new(-0.266141, 0.261221, 0.753592, 0.0996725, -0.362665, 0.926574, 0.687909, -0.647702, -0.327512, 0.718921, 0.670042, 0.184922)
    Right Arm.CFrame = CFrame.new(0.235236, -0.208344, 0.69842, -0.0761981, 0.183014, -0.980153, -0.462057, -0.877573, -0.127939, -0.88357, 0.443138, 0.151432)
    Left Leg.CFrame = CFrame.new(-0.904379, 1.02834, -0.341123, 0.946298, 0.319331, -0.0504842, -0.179237, 0.648154, 0.740116, 0.269064, -0.691321, 0.670582)
    Right Leg.CFrame = CFrame.new(0.742037, -0.0220294, -0.192731, 0.975187, -0.176108, -0.134153, 0.0332306, 0.71555, -0.697771, 0.218876, 0.675999, 0.703646)

[23]
    Time: 0.733333
    HumanoidRootPart.CFrame = CFrame.new(0, 0, 0, 1, 0, 0, 0, 1, 0, 0, 0, 1)
    Torso.CFrame = CFrame.new(-0.650227, -0.0830472, -0.420166, 0.816456, -0.355505, 0.45499, 0.502494, 0.825624, -0.256601, -0.284428, 0.438133, 0.852725)
    Head.CFrame = CFrame.new(2.98023e-08, 5.96046e-08, 1.19209e-07, 0.818372, 0.395034, -0.417391, -0.285919, 0.909897, 0.300561, 0.498515, -0.126631, 0.857583)
    Left Arm.CFrame = CFrame.new(-0.336317, 0.14194, 0.813172, 0.08132, -0.356566, 0.930724, 0.708266, -0.636338, -0.305668, 0.701246, 0.684057, 0.200797)
    Right Arm.CFrame = CFrame.new(0.245422, -0.28999, 0.762854, -0.101037, 0.143179, -0.984526, -0.530604, -0.844855, -0.0684136, -0.841577, 0.515481, 0.161333)
    Left Leg.CFrame = CFrame.new(-0.907173, 0.994689, -0.318715, 0.953025, 0.296823, -0.0603245, -0.160431, 0.663603, 0.73068, 0.256914, -0.686678, 0.68005)
    Right Leg.CFrame = CFrame.new(0.720975, -0.0451511, -0.20475, 0.976792, -0.162083, -0.140021, 0.0218588, 0.72575, -0.687611, 0.21307, 0.668592, 0.71245)

[24]
    Time: 0.766667
    HumanoidRootPart.CFrame = CFrame.new(0, 0, 0, 1, 0, 0, 0, 1, 0, 0, 0, 1)
    Torso.CFrame = CFrame.new(-0.619802, -0.0942357, -0.359662, 0.838594, -0.348665, 0.418561, 0.466423, 0.856507, -0.221008, -0.281443, 0.380563, 0.880887)
    Head.CFrame = CFrame.new(2.98023e-07, 1.3411e-07, 2.38419e-07, 0.837828, 0.352613, -0.416783, -0.286199, 0.933805, 0.214707, 0.464902, -0.0606046, 0.883285)
    Left Arm.CFrame = CFrame.new(-0.426585, 0.00948632, 0.787082, -0.0748584, -0.32975, 0.941096, 0.694774, -0.694227, -0.187985, 0.715322, 0.639776, 0.28107)
    Right Arm.CFrame = CFrame.new(0.222496, -0.28141, 0.792117, -0.18336, 0.0562292, -0.981436, -0.578077, -0.81367, 0.0613836, -0.795114, 0.578601, 0.181699)
    Left Leg.CFrame = CFrame.new(-0.906182, 0.889939, -0.252545, 0.970288, 0.225865, -0.086754, -0.102896, 0.709717, 0.696932, 0.218984, -0.667298, 0.71187)
    Right Leg.CFrame = CFrame.new(0.653455, -0.108514, -0.231913, 0.981033, -0.117704, -0.154012, -0.011661, 0.757256, -0.653014, 0.193489, 0.642424, 0.741521)

[25]
    Time: 0.800000
    HumanoidRootPart.CFrame = CFrame.new(0, 0, 0, 1, 0, 0, 0, 1, 0, 0, 0, 1)
    Torso.CFrame = CFrame.new(-0.560932, -0.110243, -0.271244, 0.876033, -0.326323, 0.355076, 0.402531, 0.900277, -0.165739, -0.265583, 0.288122, 0.920028)
    Head.CFrame = CFrame.new(5.21541e-08, -2.98023e-08, -3.57628e-07, 0.872354, 0.303592, -0.383185, -0.274876, 0.952774, 0.129091, 0.40428, -0.00728511, 0.914607)
    Left Arm.CFrame = CFrame.new(-0.458307, 0.0206084, 0.743112, -0.217886, -0.288611, 0.932325, 0.673278, -0.736021, -0.0704963, 0.706556, 0.612354, 0.354683)
    Right Arm.CFrame = CFrame.new(0.206917, -0.189957, 0.783081, -0.238022, 0.00446631, -0.97125, -0.578772, -0.803704, 0.138142, -0.77998, 0.595013, 0.193884)
    Left Leg.CFrame = CFrame.new(-0.87544, 0.716902, -0.157059, 0.987261, 0.10806, -0.116782, -0.0106481, 0.77721, 0.629151, 0.15875, -0.619893, 0.76846)
    Right Leg.CFrame = CFrame.new(0.541216, -0.188293, -0.24665, 0.985487, -0.0416751, -0.164556, -0.0640631, 0.806403, -0.587885, 0.157199, 0.589895, 0.79203)

[26]
    Time: 0.833333
    HumanoidRootPart.CFrame = CFrame.new(0, 0, 0, 1, 0, 0, 0, 1, 0, 0, 0, 1)
    Torso.CFrame = CFrame.new(-0.469377, -0.12643, -0.177427, 0.922365, -0.277728, 0.268532, 0.313708, 0.944124, -0.101079, -0.225455, 0.177472, 0.957953)
    Head.CFrame = CFrame.new(1.78814e-07, -4.47035e-08, -4.17233e-07, 0.916328, 0.244925, -0.316787, -0.240451, 0.969169, 0.053798, 0.320197, 0.0268751, 0.94697)
    Left Arm.CFrame = CFrame.new(-0.466741, 0.143414, 0.665915, -0.350238, -0.228499, 0.908362, 0.610109, -0.791493, 0.0361395, 0.710704, 0.566858, 0.41662)
    Right Arm.CFrame = CFrame.new(0.207136, 0.00204265, 0.723007, -0.267038, -0.0321028, -0.963151, -0.543565, -0.820266, 0.178046, -0.795756, 0.571081, 0.201592)
    Left Leg.CFrame = CFrame.new(-0.791012, 0.499132, -0.0673349, 0.990878, -0.0377723, -0.129361, 0.10037, 0.847402, 0.521378, 0.089927, -0.529606, 0.843464)
    Right Leg.CFrame = CFrame.new(0.421789, -0.245931, -0.212319, 0.985717, 0.0633777, -0.156029, -0.132893, 0.861825, -0.489487, 0.103447, 0.503231, 0.857938)

[27]
    Time: 0.866667
    HumanoidRootPart.CFrame = CFrame.new(0, 0, 0, 1, 0, 0, 0, 1, 0, 0, 0, 1)
    Torso.CFrame = CFrame.new(-0.346815, -0.138932, -0.101296, 0.965387, -0.199153, 0.168425, 0.208932, 0.977015, -0.0423041, -0.156128, 0.0760291, 0.984806)
    Head.CFrame = CFrame.new(8.19564e-08, 1.86265e-08, 1.19209e-07, 0.959672, 0.172374, -0.222075, -0.176349, 0.984326, 0.00196182, 0.218932, 0.0372799, 0.975028)
    Left Arm.CFrame = CFrame.new(-0.439434, 0.301171, 0.527968, -0.433039, -0.153168, 0.888266, 0.497042, -0.862668, 0.0935587, 0.751949, 0.482021, 0.4497)
    Right Arm.CFrame = CFrame.new(0.19948, 0.205258, 0.58179, -0.269178, -0.064584, -0.960922, -0.454739, -0.871002, 0.185924, -0.848973, 0.487016, 0.205086)
    Left Leg.CFrame = CFrame.new(-0.671154, 0.277479, -0.00715733, 0.976977, -0.180495, -0.113742, 0.210196, 0.905603, 0.368376, 0.0365149, -0.383803, 0.922693)
    Right Leg.CFrame = CFrame.new(0.377419, -0.24296, -0.131681, 0.973287, 0.192804, -0.124658, -0.224976, 0.90924, -0.350242, 0.0458159, 0.368931, 0.928327)

[28]
    Time: 0.900000
    HumanoidRootPart.CFrame = CFrame.new(0, 0, 0, 1, 0, 0, 0, 1, 0, 0, 0, 1)
    Torso.CFrame = CFrame.new(-0.201811, -0.145794, -0.055804, 0.993193, -0.0974114, 0.0638595, 0.0977623, 0.995207, -0.0023848, -0.0633211, 0.00861162, 0.997956)
    Head.CFrame = CFrame.new(1.17347e-07, -1.86265e-09, 1.19209e-07, 0.990556, 0.0817536, -0.110069, -0.085195, 0.996, -0.0269272, 0.107427, 0.0360502, 0.993559)
    Left Arm.CFrame = CFrame.new(-0.383811, 0.419102, 0.367997, -0.471987, -0.0797845, 0.877988, 0.370871, -0.921457, 0.115638, 0.799802, 0.3802, 0.464506)
    Right Arm.CFrame = CFrame.new(0.173341, 0.347839, 0.405203, -0.261248, -0.0974171, -0.960343, -0.341579, -0.92119, 0.186367, -0.902814, 0.376721, 0.207383)
    Left Leg.CFrame = CFrame.new(-0.550364, 0.0742446, 0.0204797, 0.956452, -0.282941, -0.0717184, 0.291259, 0.941266, 0.170841, 0.0191682, -0.18429, 0.982685)
    Right Leg.CFrame = CFrame.new(0.422197, -0.168841, -0.0533823, 0.949703, 0.304139, -0.0745879, -0.312532, 0.935527, -0.16466, 0.0196997, 0.179689, 0.983526)

[29]
    Time: 0.933333
    HumanoidRootPart.CFrame = CFrame.new(0, 0, 0, 1, 0, 0, 0, 1, 0, 0, 0, 1)
    Torso.CFrame = CFrame.new(-0.0462029, -0.146164, -0.0437512, 0.999047, 0.0151454, -0.0409349, -0.0146219, 0.999808, 0.0130587, 0.0411249, -0.0124477, 0.999076)
    Head.CFrame = CFrame.new(6.75209e-08, -1.851e-08, -1.19209e-07, 0.999688, -0.0224764, 0.0109057, 0.0228608, 0.999072, -0.0365087, -0.010075, 0.0367466, 0.999274)
    Left Arm.CFrame = CFrame.new(-0.354393, 0.461124, 0.292664, -0.483317, -0.048623, 0.874094, 0.312588, -0.942224, 0.120428, 0.817737, 0.331436, 0.470591)
    Right Arm.CFrame = CFrame.new(0.151232, 0.400548, 0.317511, -0.260407, -0.116752, -0.958414, -0.289381, -0.937588, 0.192841, -0.921112, 0.327564, 0.210368)
    Left Leg.CFrame = CFrame.new(-0.439243, -0.0935726, -0.0153144, 0.950212, -0.311185, -0.0161602, 0.310403, 0.949825, -0.0385094, 0.0273328, 0.0315759, 0.999128)
    Right Leg.CFrame = CFrame.new(0.510184, -0.0387912, 0.014016, 0.937619, 0.347268, -0.0165818, -0.34643, 0.937243, 0.03951, 0.0292617, -0.0313009, 0.999082)

[30]
    Time: 0.966667
    HumanoidRootPart.CFrame = CFrame.new(0, 0, 0, 1, 0, 0, 0, 1, 0, 0, 0, 1)
    Torso.CFrame = CFrame.new(0.183647, -0.138185, -0.105312, 0.961057, 0.178806, -0.210708, -0.196335, 0.978363, -0.0652632, 0.19448, 0.104091, 0.975368)
    Head.CFrame = CFrame.new(1.56462e-07, 5.58794e-09, 2.38419e-07, 0.960978, -0.196398, 0.194806, 0.186215, 0.980051, 0.0694589, -0.204561, -0.0304727, 0.978379)
    Left Arm.CFrame = CFrame.new(-0.341476, 0.388905, 0.368469, -0.388449, -0.142893, 0.910324, 0.348453, -0.937325, 0.00155848, 0.853046, 0.317811, 0.413894)
    Right Arm.CFrame = CFrame.new(0.116173, 0.380827, 0.3205, -0.231639, -0.0489438, -0.97157, -0.318517, -0.939865, 0.123287, -0.919179, 0.33802, 0.20212)
    Left Leg.CFrame = CFrame.new(-0.437419, -0.209862, -0.150657, 0.983095, -0.176294, 0.0494372, 0.182695, 0.926699, -0.328407, 0.012083, 0.331888, 0.943241)
    Right Leg.CFrame = CFrame.new(0.73886, 0.312539, 0.038601, 0.975783, 0.214361, 0.0435615, -0.216305, 0.915934, 0.338049, 0.0325653, -0.339285, 0.94012)

[31]
    Time: 1.000000
    HumanoidRootPart.CFrame = CFrame.new(0, 0, 0, 1, 0, 0, 0, 1, 0, 0, 0, 1)
    Torso.CFrame = CFrame.new(0.441647, -0.0864078, -0.288094, 0.835656, 0.32264, -0.444502, -0.442985, 0.874355, -0.198158, 0.324719, 0.3625, 0.873585)
    Head.CFrame = CFrame.new(1.6694e-07, -6.9791e-08, 2.38419e-07, 0.822334, -0.425276, 0.378031, 0.318086, 0.894448, 0.3143, -0.471793, -0.138213, 0.870809)
    Left Arm.CFrame = CFrame.new(-0.365197, 0.124072, 0.621527, -0.131302, -0.339994, 0.931216, 0.474258, -0.846425, -0.242166, 0.87054, 0.40984, 0.272383)
    Right Arm.CFrame = CFrame.new(0.0949665, 0.251051, 0.551257, -0.159554, 0.0954052, -0.982568, -0.493084, -0.869971, -0.00440342, -0.855226, 0.483786, 0.18585)
    Left Leg.CFrame = CFrame.new(-0.624404, -0.162514, -0.251911, 0.991673, 0.127342, 0.0191956, -0.0881332, 0.77977, -0.619832, -0.0938984, 0.612979, 0.7845)
    Right Leg.CFrame = CFrame.new(0.851874, 0.857395, -0.183065, 0.984244, -0.17628, -0.0137875, 0.143624, 0.751556, 0.643844, -0.103135, -0.635679, 0.765033)

[32]
    Time: 1.033333
    HumanoidRootPart.CFrame = CFrame.new(0, 0, 0, 1, 0, 0, 0, 1, 0, 0, 0, 1)
    Torso.CFrame = CFrame.new(0.545772, -0.0433166, -0.393123, 0.764153, 0.353021, -0.539858, -0.542304, 0.804766, -0.241367, 0.349252, 0.477209, 0.806409)
    Head.CFrame = CFrame.new(-9.49949e-08, 1.55531e-07, 2.38419e-07, 0.736239, -0.504479, 0.451059, 0.330598, 0.849711, 0.410727, -0.590472, -0.153274, 0.792369)
    Left Arm.CFrame = CFrame.new(-0.386352, -0.100727, 0.696676, 0.10213, -0.462807, 0.880556, 0.421309, -0.781752, -0.459742, 0.901148, 0.417939, 0.115144)
    Right Arm.CFrame = CFrame.new(0.107405, 0.112695, 0.770081, -0.0555428, 0.198682, -0.978489, -0.628716, -0.768272, -0.12031, -0.775649, 0.608509, 0.167587)
    Left Leg.CFrame = CFrame.new(-0.710697, -0.107693, -0.229883, 0.960399, 0.272195, -0.0595296, -0.232918, 0.667047, -0.707671, -0.152915, 0.693512, 0.70403)
    Right Leg.CFrame = CFrame.new(0.781242, 1.02985, -0.327457, 0.922214, -0.373944, -0.0984269, 0.323801, 0.607676, 0.725178, -0.211365, -0.70064, 0.68149)

[33]
    Time: 1.066667
    HumanoidRootPart.CFrame = CFrame.new(0, 0, 0, 1, 0, 0, 0, 1, 0, 0, 0, 1)
    Torso.CFrame = CFrame.new(0.541847, -0.0462288, -0.379969, 0.768898, 0.354066, -0.532384, -0.534736, 0.812582, -0.231881, 0.350504, 0.462978, 0.814125)
    Head.CFrame = CFrame.new(-3.95812e-08, -9.01055e-08, -5.96046e-08, 0.735816, -0.480967, 0.476703, 0.328092, 0.869015, 0.370362, -0.592394, -0.116116, 0.797237)
    Left Arm.CFrame = CFrame.new(-0.417618, -0.141148, 0.710627, 0.0949408, -0.447414, 0.889273, 0.462097, -0.771426, -0.437457, 0.881733, 0.452463, 0.133509)
    Right Arm.CFrame = CFrame.new(0.132247, 0.00332993, 0.823343, -0.0751687, 0.180967, -0.980612, -0.63342, -0.768174, -0.0932078, -0.770148, 0.614133, 0.172371)
    Left Leg.CFrame = CFrame.new(-0.690121, -0.145149, -0.229754, 0.960705, 0.268071, -0.0719957, -0.238608, 0.665068, -0.707637, -0.141815, 0.697009, 0.702899)
    Right Leg.CFrame = CFrame.new(0.767638, 0.997347, -0.318874, 0.926226, -0.36242, -0.103714, 0.3206, 0.612606, 0.722447, -0.198294, -0.7024, 0.683603)

[34]
    Time: 1.100000
    HumanoidRootPart.CFrame = CFrame.new(0, 0, 0, 1, 0, 0, 0, 1, 0, 0, 0, 1)
    Torso.CFrame = CFrame.new(0.526539, -0.0554877, -0.341011, 0.784921, 0.35481, -0.507946, -0.509859, 0.835688, -0.204133, 0.352056, 0.419209, 0.836851)
    Head.CFrame = CFrame.new(-1.21072e-07, -6.42613e-08, 3.57628e-07, 0.752582, -0.439997, 0.489922, 0.332699, 0.89612, 0.293735, -0.568271, -0.0580627, 0.82079)
    Left Arm.CFrame = CFrame.new(-0.454694, -0.149045, 0.727998, -0.0203587, -0.38105, 0.92433, 0.574281, -0.761247, -0.301171, 0.818405, 0.524694, 0.234328)
    Right Arm.CFrame = CFrame.new(0.131775, -0.109693, 0.813342, -0.167887, 0.0948425, -0.981233, -0.579877, -0.814446, 0.0204944, -0.797218, 0.572436, 0.191732)
    Left Leg.CFrame = CFrame.new(-0.640673, -0.199013, -0.25017, 0.971755, 0.230813, -0.0491752, -0.198514, 0.686803, -0.699209, -0.127613, 0.689222, 0.713224)
    Right Leg.CFrame = CFrame.new(0.782679, 0.934401, -0.281943, 0.949015, -0.305291, -0.0785361, 0.26698, 0.645946, 0.715175, -0.167606, -0.69968, 0.694519)

[35]
    Time: 1.133333
    HumanoidRootPart.CFrame = CFrame.new(0, 0, 0, 1, 0, 0, 0, 1, 0, 0, 0, 1)
    Torso.CFrame = CFrame.new(0.493624, -0.0705887, -0.281343, 0.814065, 0.348986, -0.464228, -0.464999, 0.870553, -0.160973, 0.347958, 0.346908, 0.870965)
    Head.CFrame = CFrame.new(1.22935e-07, 1.10827e-07, 4.76837e-07, 0.784885, -0.38053, 0.489032, 0.333633, 0.924578, 0.183967, -0.522153, 0.0187638, 0.852645)
    Left Arm.CFrame = CFrame.new(-0.478662, -0.150797, 0.718996, -0.172887, -0.320223, 0.931433, 0.63301, -0.760632, -0.144006, 0.754592, 0.564709, 0.334208)
    Right Arm.CFrame = CFrame.new(0.111296, -0.156665, 0.783018, -0.238823, 0.0101511, -0.97101, -0.524553, -0.842849, 0.120204, -0.817195, 0.538054, 0.206616)
    Left Leg.CFrame = CFrame.new(-0.554414, -0.271597, -0.267394, 0.986354, 0.164452, -0.00778025, -0.126162, 0.724642, -0.677479, -0.105775, 0.669216, 0.735501)
    Right Leg.CFrame = CFrame.new(0.800131, 0.826132, -0.224618, 0.978027, -0.205758, -0.033575, 0.170762, 0.698242, 0.695197, -0.119599, -0.685655, 0.718035)

[36]
    Time: 1.166667
    HumanoidRootPart.CFrame = CFrame.new(0, 0, 0, 1, 0, 0, 0, 1, 0, 0, 0, 1)
    Torso.CFrame = CFrame.new(0.436599, -0.0894279, -0.211751, 0.855278, 0.327729, -0.401364, -0.399817, 0.91011, -0.108842, 0.329615, 0.253562, 0.909429)
    Head.CFrame = CFrame.new(2.86847e-07, -7.63685e-08, 2.38419e-07, 0.831686, -0.315303, 0.457036, 0.320352, 0.944794, 0.068844, -0.453511, 0.0891557, 0.88678)
    Left Arm.CFrame = CFrame.new(-0.484493, -0.0872679, 0.703669, -0.299657, -0.269611, 0.915159, 0.637106, -0.770557, -0.0183984, 0.710142, 0.57754, 0.402673)
    Right Arm.CFrame = CFrame.new(0.107836, -0.104636, 0.751382, -0.275138, -0.0397904, -0.960581, -0.496725, -0.84957, 0.177468, -0.823142, 0.525973, 0.213984)
    Left Leg.CFrame = CFrame.new(-0.450359, -0.333619, -0.258817, 0.996897, 0.0668348, 0.0415855, -0.0257527, 0.776138, -0.630036, -0.0743847, 0.627011, 0.775451)
    Right Leg.CFrame = CFrame.new(0.80284, 0.675675, -0.154306, 0.997282, -0.0703415, 0.0219333, 0.0393951, 0.760595, 0.648031, -0.062266, -0.645405, 0.761298)

[37]
    Time: 1.200000
    HumanoidRootPart.CFrame = CFrame.new(0, 0, 0, 1, 0, 0, 0, 1, 0, 0, 0, 1)
    Torso.CFrame = CFrame.new(0.351152, -0.109053, -0.145377, 0.903038, 0.283262, -0.322931, -0.317464, 0.946526, -0.0574968, 0.289376, 0.154441, 0.944674)
    Head.CFrame = CFrame.new(8.56817e-08, 3.53903e-08, -2.38419e-07, 0.886628, -0.254541, 0.386133, 0.28213, 0.959252, -0.0154753, -0.36646, 0.122661, 0.922313)
    Left Arm.CFrame = CFrame.new(-0.486333, 0.0929279, 0.661148, -0.39499, -0.217036, 0.89268, 0.598908, -0.797658, 0.0710694, 0.696629, 0.562705, 0.445052)
    Right Arm.CFrame = CFrame.new(0.13039, 0.0575246, 0.687579, -0.290789, -0.0692688, -0.954276, -0.470863, -0.857877, 0.205754, -0.832904, 0.509165, 0.216845)
    Left Leg.CFrame = CFrame.new(-0.369972, -0.357967, -0.208353, 0.995039, -0.0575371, 0.0811584, 0.0926629, 0.832907, -0.545601, -0.0362052, 0.550415, 0.834106)
    Right Leg.CFrame = CFrame.new(0.776232, 0.495348, -0.0857935, 0.994241, 0.081282, 0.069842, -0.106504, 0.821782, 0.55976, -0.0118967, -0.563975, 0.825706)

[38]
    Time: 1.233333
    HumanoidRootPart.CFrame = CFrame.new(0, 0, 0, 1, 0, 0, 0, 1, 0, 0, 0, 1)
    Torso.CFrame = CFrame.new(0.237842, -0.126551, -0.0924802, 0.948498, 0.213187, -0.234313, -0.223195, 0.97463, -0.0167338, 0.224801, 0.0681694, 0.972017)
    Head.CFrame = CFrame.new(8.00937e-08, 2.80561e-08, -3.57628e-07, 0.939673, -0.195388, 0.280781, 0.215669, 0.975522, -0.0429292, -0.265521, 0.100895, 0.958811)
    Left Arm.CFrame = CFrame.new(-0.449522, 0.281314, 0.537359, -0.44642, -0.147935, 0.88251, 0.496104, -0.861705, 0.106509, 0.744708, 0.485365, 0.458073)
    Right Arm.CFrame = CFrame.new(0.149232, 0.238307, 0.553623, -0.285778, -0.0916243, -0.953906, -0.411557, -0.88721, 0.208515, -0.86542, 0.452176, 0.215837)
