[1]
    Time: 0.000000
    HumanoidRootPart.CFrame = CFrame.new(0, 0, 0, 1, 0, 0, 0, 1, 0, 0, 0, 1)
    Torso.CFrame = CFrame.new(-0.141649, 0.0804676, -0.761983, 0.800642, 0.489756, -0.345125, -0.544136, 0.835482, -0.0767158, 0.250774, 0.249217, 0.935416)
    Head.CFrame = CFrame.new(1.49477e-07, -5.37839e-08, 9.53674e-07, 0.90721, -0.366022, 0.20736, 0.348921, 0.930052, 0.115139, -0.234999, -0.032103, 0.971465)
    Left Arm.CFrame = CFrame.new(-0.288445, -0.477206, -0.533563, -0.613831, 0.663642, -0.427542, -0.646041, -0.733537, -0.211081, -0.453699, 0.146641, 0.879007)
    Right Arm.CFrame = CFrame.new(0.216615, -0.103694, 0.481043, -0.564196, -0.752479, -0.339792, 0.363402, -0.595865, 0.716159, -0.741365, 0.280573, 0.609637)
    Left Leg.CFrame = CFrame.new(0.10251, 0.0484562, 0.520027, 0.516441, 0.0867447, 0.851918, 0.592249, 0.682365, -0.428508, -0.61849, 0.725847, 0.301027)
    Right Leg.CFrame = CFrame.new(-0.0572372, 0.082903, 0.0310858, -0.571193, -0.612801, -0.546089, 0.815973, -0.496088, -0.296792, -0.0890335, -0.615119, 0.783391)

[2]
    Time: 0.033333
    HumanoidRootPart.CFrame = CFrame.new(0, 0, 0, 1, 0, 0, 0, 1, 0, 0, 0, 1)
    Torso.CFrame = CFrame.new(-0.156441, 0.0818905, -0.698129, 0.799765, 0.492897, -0.34268, -0.544683, 0.835796, -0.0690355, 0.252383, 0.241864, 0.936912)
    Head.CFrame = CFrame.new(9.91859e-08, -4.93601e-08, 7.15256e-07, 0.904874, -0.370271, 0.210006, 0.352718, 0.928378, 0.117069, -0.238312, -0.0318598, 0.970666)
    Left Arm.CFrame = CFrame.new(-0.35086, -0.449658, -0.583563, -0.656547, 0.603143, -0.452951, -0.568911, -0.790258, -0.227667, -0.495264, 0.108215, 0.861976)
    Right Arm.CFrame = CFrame.new(0.19967, -0.0163772, 0.456571, -0.486317, -0.756463, -0.437332, 0.287957, -0.611293, 0.737157, -0.824971, 0.232559, 0.515111)
    Left Leg.CFrame = CFrame.new(0.0885955, -0.00766528, 0.480487, 0.498243, 0.068595, 0.86432, 0.604003, 0.687724, -0.402762, -0.62204, 0.722725, 0.301222)
    Right Leg.CFrame = CFrame.new(-0.0456084, 0.106916, -0.00698447, -0.513306, -0.602493, -0.611161, 0.847975, -0.465694, -0.253115, -0.132114, -0.648175, 0.749943)

[3]
    Time: 0.066667
    HumanoidRootPart.CFrame = CFrame.new(0, 0, 0, 1, 0, 0, 0, 1, 0, 0, 0, 1)
    Torso.CFrame = CFrame.new(-0.19405, 0.0768072, -0.521857, 0.817309, 0.484219, -0.312312, -0.521344, 0.852265, -0.0429584, 0.245371, 0.197932, 0.949008)
    Head.CFrame = CFrame.new(2.98023e-08, -9.31323e-08, 7.15256e-07, 0.912158, -0.3561, 0.202881, 0.342978, 0.934243, 0.0977564, -0.224351, -0.0195855, 0.974312)
    Left Arm.CFrame = CFrame.new(-0.349877, -0.428949, -0.589241, -0.623338, 0.61944, -0.477225, -0.594378, -0.771902, -0.225571, -0.508098, 0.143045, 0.849338)
    Right Arm.CFrame = CFrame.new(0.15771, -0.0293435, 0.391468, -0.380966, -0.787283, -0.48482, 0.348436, -0.60795, 0.713434, -0.856421, 0.102865, 0.505926)
    Left Leg.CFrame = CFrame.new(0.0732808, -0.106011, 0.333139, 0.453643, 0.00010705, 0.891184, 0.602483, 0.736821, -0.306773, -0.656675, 0.676088, 0.334189)
    Right Leg.CFrame = CFrame.new(-0.213699, 0.493015, -0.193246, -0.206309, -0.624977, -0.752888, 0.977342, -0.168826, -0.127671, -0.0473158, -0.762169, 0.645647)

[4]
    Time: 0.100000
    HumanoidRootPart.CFrame = CFrame.new(0, 0, 0, 1, 0, 0, 0, 1, 0, 0, 0, 1)
    Torso.CFrame = CFrame.new(-0.251452, 0.0547585, -0.263926, 0.856172, 0.452129, -0.250098, -0.468077, 0.883674, -0.00487718, 0.2188, 0.121241, 0.968208)
    Head.CFrame = CFrame.new(1.58325e-07, -1.11759e-08, 1.43051e-06, 0.931565, -0.31713, 0.177804, 0.312206, 0.948375, 0.0557795, -0.186315, 0.00354941, 0.982484)
    Left Arm.CFrame = CFrame.new(-0.335328, -0.354924, -0.570267, -0.526125, 0.664781, -0.530338, -0.680259, -0.703236, -0.206655, -0.510333, 0.252041, 0.822213)
    Right Arm.CFrame = CFrame.new(0.112552, -0.0306358, 0.284503, -0.218758, -0.822385, -0.525193, 0.454269, -0.562178, 0.691083, -0.863588, -0.0873992, 0.496566)
    Left Leg.CFrame = CFrame.new(0.0765657, -0.0742617, 0.228857, 0.440043, -0.0722748, 0.895063, 0.529491, 0.825923, -0.193624, -0.725259, 0.559131, 0.401711)
    Right Leg.CFrame = CFrame.new(-0.198991, 0.780234, -0.343491, 0.139149, -0.496808, -0.856633, 0.985564, 0.153728, 0.070937, 0.0964465, -0.854137, 0.511027)

[5]
    Time: 0.133333
    HumanoidRootPart.CFrame = CFrame.new(0, 0, 0, 1, 0, 0, 0, 1, 0, 0, 0, 1)
    Torso.CFrame = CFrame.new(-0.316504, 0.0164906, 0.0339429, 0.902145, 0.395881, -0.171503, -0.395118, 0.917757, 0.0400485, 0.173252, 0.0316344, 0.984369)
    Head.CFrame = CFrame.new(1.09896e-07, -7.82311e-08, 7.15256e-07, 0.954041, -0.264691, 0.140514, 0.266766, 0.963752, 0.00420915, -0.136535, 0.0334686, 0.99007)
    Left Arm.CFrame = CFrame.new(-0.329769, -0.225275, -0.512075, -0.402823, 0.703032, -0.586071, -0.80735, -0.574579, -0.134333, -0.431185, 0.419052, 0.799047)
    Right Arm.CFrame = CFrame.new(0.0899791, -0.00873259, 0.152386, -0.0311311, -0.839698, -0.54216, 0.591639, -0.45267, 0.667124, -0.805602, -0.299995, 0.51089)
    Left Leg.CFrame = CFrame.new(0.0841551, -0.0195752, 0.110963, 0.474688, -0.140231, 0.868911, 0.402438, 0.912566, -0.0725757, -0.782761, 0.384133, 0.489619)
    Right Leg.CFrame = CFrame.new(-0.0246787, 1.06756, -0.395495, 0.466219, -0.22951, -0.85438, 0.798237, 0.525483, 0.294424, 0.381389, -0.819263, 0.428194)

[6]
    Time: 0.166667
    HumanoidRootPart.CFrame = CFrame.new(0, 0, 0, 1, 0, 0, 0, 1, 0, 0, 0, 1)
    Torso.CFrame = CFrame.new(-0.390828, -0.0265854, 0.287607, 0.955367, 0.282646, -0.0859326, -0.276263, 0.957826, 0.0790442, 0.10465, -0.0517763, 0.99316)
    Head.CFrame = CFrame.new(1.39698e-07, -2.23517e-08, 1.19209e-07, 0.980926, -0.172875, 0.0888755, 0.177366, 0.9831, -0.0453314, -0.0795369, 0.0602303, 0.995011)
    Left Arm.CFrame = CFrame.new(-0.350842, -0.0177815, -0.417475, -0.364608, 0.70193, -0.611846, -0.92273, -0.360585, 0.136192, -0.125025, 0.614226, 0.779163)
    Right Arm.CFrame = CFrame.new(0.100868, 0.0106164, 0.0331767, 0.0832414, -0.828908, -0.553157, 0.784838, -0.287524, 0.548962, -0.614085, -0.479835, 0.626624)
    Left Leg.CFrame = CFrame.new(0.226949, 0.0368213, -0.18891, 0.607184, -0.134867, 0.783031, 0.120178, 0.98974, 0.0772811, -0.78542, 0.0471794, 0.617162)
    Right Leg.CFrame = CFrame.new(0.194574, 1.04458, -0.191306, 0.620454, 0.0881732, -0.77927, 0.473399, 0.750094, 0.461793, 0.625243, -0.655427, 0.423658)

[7]
    Time: 0.200000
    HumanoidRootPart.CFrame = CFrame.new(0, 0, 0, 1, 0, 0, 0, 1, 0, 0, 0, 1)
    Torso.CFrame = CFrame.new(-0.47998, -0.0436259, 0.357575, 0.995397, 0.0957254, -0.00473786, -0.0948134, 0.990728, 0.0973009, 0.0140081, -0.0964038, 0.995244)
    Head.CFrame = CFrame.new(1.19209e-07, -5.96046e-08, 8.34465e-07, 0.999287, -0.028588, 0.0246455, 0.0302789, 0.997001, -0.0712138, -0.0225358, 0.0719094, 0.997157)
    Left Arm.CFrame = CFrame.new(-0.346943, 0.0924785, -0.384891, -0.407315, 0.688851, -0.599649, -0.889259, -0.149516, 0.432277, 0.208118, 0.709316, 0.673467)
    Right Arm.CFrame = CFrame.new(0.0651835, -0.0925132, 0.0214702, 0.114113, -0.83331, -0.540899, 0.875555, -0.172917, 0.451112, -0.469447, -0.525065, 0.709877)
    Left Leg.CFrame = CFrame.new(0.00431985, 0.173767, -0.0582505, 0.765179, -0.223828, 0.603657, 0.0729485, 0.961725, 0.264128, -0.639672, -0.15807, 0.752219)
    Right Leg.CFrame = CFrame.new(0.25397, 0.838636, 0.0596573, 0.605282, 0.337294, -0.721018, 0.129449, 0.852022, 0.507249, 0.785415, -0.400364, 0.472051)

[8]
    Time: 0.233333
    HumanoidRootPart.CFrame = CFrame.new(0, 0, 0, 1, 0, 0, 0, 1, 0, 0, 0, 1)
    Torso.CFrame = CFrame.new(-0.563626, -0.0392388, 0.374331, 0.993679, -0.0958142, 0.0584973, 0.0909981, 0.992626, 0.0800847, -0.0657392, -0.0742553, 0.99507)
    Head.CFrame = CFrame.new(1.59489e-07, -8.56817e-08, 1.19209e-06, 0.993877, 0.107143, -0.0269855, -0.108351, 0.992944, -0.0481926, 0.0216316, 0.0508215, 0.998474)
    Left Arm.CFrame = CFrame.new(-0.411736, -0.128619, -0.237543, -0.548671, 0.582359, -0.599848, -0.809704, -0.191488, 0.554718, 0.208181, 0.790057, 0.576602)
    Right Arm.CFrame = CFrame.new(-0.0226257, -0.26865, -0.0109996, 0.0715192, -0.824335, -0.561566, 0.926457, -0.15369, 0.343595, -0.369545, -0.54484, 0.752719)
    Left Leg.CFrame = CFrame.new(-0.296552, 0.378667, -0.047116, 0.895863, -0.202107, 0.395706, 0.00719386, 0.897045, 0.44188, -0.444273, -0.393017, 0.805083)
    Right Leg.CFrame = CFrame.new(0.0831616, 0.4734, 0.2479, 0.525984, 0.37934, -0.761211, -0.162729, 0.923373, 0.347708, 0.834782, -0.059018, 0.547409)

[9]
    Time: 0.266667
    HumanoidRootPart.CFrame = CFrame.new(0, 0, 0, 1, 0, 0, 0, 1, 0, 0, 0, 1)
    Torso.CFrame = CFrame.new(-0.632436, -0.0170988, 0.330988, 0.958672, -0.262205, 0.110439, 0.259082, 0.964942, 0.0419976, -0.117579, -0.0116492, 0.992995)
    Head.CFrame = CFrame.new(1.71363e-07, -3.35276e-08, 3.57628e-07, 0.974171, 0.218964, -0.055194, -0.218984, 0.975711, 0.00574536, 0.0551115, 0.0064897, 0.998459)
    Left Arm.CFrame = CFrame.new(-0.444746, -0.314977, -0.0362827, -0.645115, 0.481324, -0.593425, -0.747782, -0.23813, 0.619772, 0.156999, 0.843576, 0.513547)
    Right Arm.CFrame = CFrame.new(-0.15828, -0.416174, -0.0513039, 0.0618363, -0.824903, -0.561882, 0.923901, -0.165673, 0.344904, -0.377601, -0.540451, 0.751885)
    Left Leg.CFrame = CFrame.new(-0.497392, 0.604191, -0.196876, 0.966656, -0.0623239, 0.248379, -0.106685, 0.78374, 0.611858, -0.232798, -0.617954, 0.750958)
    Right Leg.CFrame = CFrame.new(-0.264179, 0.106268, -0.00462103, 0.517927, 0.18951, -0.834169, -0.179735, 0.977492, 0.110475, 0.83633, 0.0927111, 0.540331)

[10]
    Time: 0.300000
    HumanoidRootPart.CFrame = CFrame.new(0, 0, 0, 1, 0, 0, 0, 1, 0, 0, 0, 1)
    Torso.CFrame = CFrame.new(-0.686526, 0.0174864, 0.199069, 0.906006, -0.393551, 0.155791, 0.39937, 0.916766, -0.00666077, -0.140202, 0.0682528, 0.987768)
    Head.CFrame = CFrame.new(2.01631e-07, -4.09782e-08, 1.19209e-06, 0.950584, 0.304492, -0.0606133, -0.300019, 0.95114, 0.0729439, 0.0798627, -0.0511541, 0.995492)
    Left Arm.CFrame = CFrame.new(-0.428257, -0.450778, 0.202189, -0.711119, 0.42833, -0.557533, -0.691323, -0.281627, 0.665402, 0.127996, 0.858615, 0.496385)
    Right Arm.CFrame = CFrame.new(-0.318806, -0.554016, -0.0790382, 0.015352, -0.857719, -0.513889, 0.895475, -0.216861, 0.38871, -0.444847, -0.466143, 0.764737)
    Left Leg.CFrame = CFrame.new(-0.501242, 0.811675, -0.393313, 0.949595, 0.149528, 0.27552, -0.30757, 0.614276, 0.726681, -0.060586, -0.774794, 0.629303)
    Right Leg.CFrame = CFrame.new(-0.326476, 0.0145442, -0.21267, 0.477718, 0.0449136, -0.877365, -0.160254, 0.986391, -0.0367621, 0.863773, 0.158163, 0.478414)

[11]
    Time: 0.333333
    HumanoidRootPart.CFrame = CFrame.new(0, 0, 0, 1, 0, 0, 0, 1, 0, 0, 0, 1)
    Torso.CFrame = CFrame.new(-0.724789, 0.0483813, -0.0335996, 0.85222, -0.485917, 0.193922, 0.503951, 0.861995, -0.0547596, -0.140551, 0.144394, 0.979487)
    Head.CFrame = CFrame.new(1.88826e-07, -3.07336e-08, 8.34465e-07, 0.931462, 0.359311, -0.0572311, -0.35068, 0.928517, 0.121982, 0.0969696, -0.0935518, 0.990881)
    Left Arm.CFrame = CFrame.new(-0.283769, -0.52551, 0.426554, -0.725995, 0.513892, -0.456997, -0.656067, -0.318328, 0.684283, 0.206173, 0.796607, 0.568252)
    Right Arm.CFrame = CFrame.new(-0.397292, -0.705364, -0.172551, -0.160869, -0.879285, -0.448307, 0.898312, -0.318601, 0.302539, -0.408849, -0.354051, 0.841125)
    Left Leg.CFrame = CFrame.new(-0.26024, 0.927153, -0.482965, 0.765695, 0.381532, 0.517827, -0.641781, 0.399666, 0.654511, 0.0427589, -0.833487, 0.550882)
    Right Leg.CFrame = CFrame.new(-0.0195525, -0.0408877, 0.150541, 0.408096, 0.122041, -0.904745, -0.419696, 0.905173, -0.0672104, 0.810748, 0.407146, 0.420618)

[12]
    Time: 0.366667
    HumanoidRootPart.CFrame = CFrame.new(0, 0, 0, 1, 0, 0, 0, 1, 0, 0, 0, 1)
    Torso.CFrame = CFrame.new(-0.74612, 0.069498, -0.3639, 0.812189, -0.540053, 0.220662, 0.568503, 0.817573, -0.0915339, -0.130975, 0.19979, 0.971046)
    Head.CFrame = CFrame.new(1.21072e-07, -1.37836e-07, 1.19209e-06, 0.922435, 0.381311, -0.0609512, -0.370929, 0.918845, 0.134665, 0.107354, -0.101612, 0.989015)
    Left Arm.CFrame = CFrame.new(-0.233027, -0.739245, 0.27615, -0.816431, 0.577318, 0.0120469, -0.501024, -0.718602, 0.482272, 0.287081, 0.387706, 0.875939)
    Right Arm.CFrame = CFrame.new(-0.0902662, -0.907817, -0.238751, -0.665548, -0.688566, -0.287962, 0.686836, -0.716032, 0.124717, -0.292066, -0.114778, 0.949486)
    Left Leg.CFrame = CFrame.new(0.0711865, 0.784779, -0.408265, 0.329801, 0.576611, 0.747497, -0.936761, 0.101671, 0.334878, 0.117096, -0.810668, 0.573677)
    Right Leg.CFrame = CFrame.new(0.148456, -0.0737002, 0.438954, 0.34024, 0.186318, -0.921695, -0.651207, 0.753779, -0.0880167, 0.678355, 0.630161, 0.377797)

[13]
    Time: 0.400000
    HumanoidRootPart.CFrame = CFrame.new(0, 0, 0, 1, 0, 0, 0, 1, 0, 0, 0, 1)
    Torso.CFrame = CFrame.new(-0.752537, 0.0803884, -0.69303, 0.797113, -0.558045, 0.230644, 0.590725, 0.799831, -0.106368, -0.125118, 0.221034, 0.967207)
    Head.CFrame = CFrame.new(1.85333e-07, -1.49012e-08, 1.3113e-06, 0.925819, 0.370576, -0.0743777, -0.361446, 0.925584, 0.112472, 0.110522, -0.0772455, 0.990867)
    Left Arm.CFrame = CFrame.new(-0.657106, -0.482529, 0.0388211, -0.864166, 0.29302, 0.409093, -0.297743, -0.953132, 0.053746, 0.405668, -0.0753593, 0.910908)
    Right Arm.CFrame = CFrame.new(0.594506, -0.644196, -0.39336, -0.963145, -0.262222, 0.0599253, 0.266218, -0.961146, 0.072982, 0.0384593, 0.0862456, 0.995531)
    Left Leg.CFrame = CFrame.new(0.116543, 0.220083, -0.19014, -0.228094, 0.59683, 0.769264, -0.940283, -0.340064, -0.014966, 0.252667, -0.72674, 0.638756)
    Right Leg.CFrame = CFrame.new(0.17564, -0.0762749, 0.560756, 0.333124, 0.203755, -0.920604, -0.742946, 0.657911, -0.123224, 0.580568, 0.725008, 0.370545)

[14]
    Time: 0.433333
    HumanoidRootPart.CFrame = CFrame.new(0, 0, 0, 1, 0, 0, 0, 1, 0, 0, 0, 1)
    Torso.CFrame = CFrame.new(-0.733322, 0.0701309, -0.724247, 0.819593, -0.529724, 0.218312, 0.55874, 0.823299, -0.0999408, -0.126795, 0.20389, 0.970748)
    Head.CFrame = CFrame.new(6.33299e-08, -3.72529e-09, 7.15256e-07, 0.944305, 0.317641, -0.0859797, -0.31298, 0.947635, 0.0634937, 0.101646, -0.0330476, 0.994272)
    Left Arm.CFrame = CFrame.new(-0.621725, -0.061614, -0.0286206, -0.788493, 0.367267, 0.49335, -0.471174, -0.87627, -0.100724, 0.395315, -0.311874, 0.863979)
    Right Arm.CFrame = CFrame.new(0.659112, -0.240499, -0.547599, -0.906012, -0.32645, 0.269395, 0.369202, -0.920784, 0.125881, 0.206961, 0.213511, 0.954767)
    Left Leg.CFrame = CFrame.new(0.133821, 0.128197, -0.23818, -0.340968, 0.537352, 0.771358, -0.91886, -0.363833, -0.152712, 0.198586, -0.760841, 0.617807)
    Right Leg.CFrame = CFrame.new(0.168314, -0.0622213, 0.507715, 0.377172, 0.218309, -0.900046, -0.711406, 0.690534, -0.13063, 0.592995, 0.689568, 0.415756)

[15]
    Time: 0.466667
    HumanoidRootPart.CFrame = CFrame.new(0, 0, 0, 1, 0, 0, 0, 1, 0, 0, 0, 1)
    Torso.CFrame = CFrame.new(-0.693062, 0.0504411, -0.565341, 0.871014, -0.454859, 0.185576, 0.474885, 0.876312, -0.0810045, -0.125777, 0.158683, 0.979285)
    Head.CFrame = CFrame.new(8.19564e-08, -8.00937e-08, 1.07288e-06, 0.968624, 0.233265, -0.0857556, -0.233268, 0.97236, 0.0101322, 0.0857489, 0.0101896, 0.996265)
    Left Arm.CFrame = CFrame.new(-0.596161, 0.0141982, -0.0421963, -0.744619, 0.411645, 0.525444, -0.545863, -0.828585, -0.124421, 0.384157, -0.379467, 0.841682)
    Right Arm.CFrame = CFrame.new(0.647101, -0.160765, -0.583553, -0.855522, -0.39249, 0.337689, 0.45761, -0.878299, 0.138507, 0.242229, 0.273026, 0.931011)
    Left Leg.CFrame = CFrame.new(0.250195, 0.311102, -0.387374, -0.156231, 0.479304, 0.863631, -0.98559, -0.133052, -0.104451, 0.0648437, -0.867505, 0.493184)
    Right Leg.CFrame = CFrame.new(0.168113, -0.0540533, 0.416639, 0.431661, 0.260503, -0.863601, -0.649795, 0.753844, -0.0973976, 0.625648, 0.603206, 0.494679)

[16]
    Time: 0.500000
    HumanoidRootPart.CFrame = CFrame.new(0, 0, 0, 1, 0, 0, 0, 1, 0, 0, 0, 1)
    Torso.CFrame = CFrame.new(-0.638636, 0.023875, -0.271367, 0.926279, -0.350066, 0.139501, 0.359637, 0.931763, -0.0497888, -0.112552, 0.0962881, 0.988969)
    Head.CFrame = CFrame.new(6.89179e-08, -3.91155e-08, 1.19209e-06, 0.988579, 0.132695, -0.0714448, -0.136156, 0.989621, -0.0459529, 0.0646057, 0.0551556, 0.996386)
    Left Arm.CFrame = CFrame.new(-0.52127, 0.0195063, -0.0455046, -0.660809, 0.493281, 0.56569, -0.641623, -0.762322, -0.0847645, 0.389425, -0.418972, 0.82025)
    Right Arm.CFrame = CFrame.new(0.626876, -0.222653, -0.587119, -0.831379, -0.412059, 0.372849, 0.478991, -0.871534, 0.104866, 0.28174, 0.265775, 0.921947)
    Left Leg.CFrame = CFrame.new(0.277893, 0.742397, -0.51524, 0.12381, 0.3075, 0.943459, -0.929411, 0.369044, 0.00168503, -0.347659, -0.877069, 0.331485)
    Right Leg.CFrame = CFrame.new(0.0937475, -0.0137949, 0.237917, 0.493584, 0.277431, -0.824261, -0.512085, 0.858755, -0.0176052, 0.702954, 0.430781, 0.565936)

[17]
    Time: 0.533333
    HumanoidRootPart.CFrame = CFrame.new(0, 0, 0, 1, 0, 0, 0, 1, 0, 0, 0, 1)
    Torso.CFrame = CFrame.new(-0.574444, -0.00529823, 0.0428829, 0.96684, -0.240186, 0.0867834, 0.241896, 0.970255, -0.00959518, -0.0818974, 0.0302696, 0.996181)
    Head.CFrame = CFrame.new(7.54371e-08, -5.4948e-08, 4.76837e-07, 0.99888, 0.0347137, -0.032165, -0.0373399, 0.99568, -0.0850128, 0.0290749, 0.0861186, 0.995861)
    Left Arm.CFrame = CFrame.new(-0.439527, -0.157553, -0.0202389, -0.563567, 0.567551, 0.600231, -0.705351, -0.708813, 0.00795477, 0.429967, -0.418891, 0.799787)
    Right Arm.CFrame = CFrame.new(0.551156, -0.419095, -0.563981, -0.78027, -0.469562, 0.413148, 0.533094, -0.844767, 0.0466818, 0.327094, 0.256671, 0.909466)
    Left Leg.CFrame = CFrame.new(0.121124, 0.871608, -0.29871, 0.251598, 0.0357247, 0.967172, -0.62988, 0.764763, 0.135607, -0.734813, -0.643321, 0.214915)
    Right Leg.CFrame = CFrame.new(0.0077752, 0.0623404, 0.0928558, 0.542886, 0.253803, -0.800537, -0.317165, 0.944608, 0.0843935, 0.777612, 0.208086, 0.593312)

[18]
    Time: 0.566667
    HumanoidRootPart.CFrame = CFrame.new(0, 0, 0, 1, 0, 0, 0, 1, 0, 0, 0, 1)
    Torso.CFrame = CFrame.new(-0.505184, -0.0299162, 0.275403, 0.987111, -0.156956, 0.031262, 0.155978, 0.987255, 0.0315975, -0.0358229, -0.026314, 0.999012)
    Head.CFrame = CFrame.new(7.52916e-08, -4.30737e-08, 4.76837e-07, 0.99939, -0.0286555, 0.0199807, 0.0303078, 0.99566, -0.0879881, -0.0173726, 0.08854, 0.995921)
    Left Arm.CFrame = CFrame.new(-0.248876, -0.470223, 0.00518811, -0.492483, 0.701199, 0.515539, -0.742085, -0.647808, 0.172205, 0.454721, -0.297766, 0.839384)
    Right Arm.CFrame = CFrame.new(0.323713, -0.682684, -0.465773, -0.689376, -0.616861, 0.379793, 0.658889, -0.75182, -0.025135, 0.301041, 0.232914, 0.92473)
    Left Leg.CFrame = CFrame.new(0.0313752, 0.607232, 0.00965381, 0.286644, -0.163796, 0.943931, -0.256598, 0.936152, 0.240368, -0.923034, -0.31111, 0.226313)
    Right Leg.CFrame = CFrame.new(-0.0760214, 0.161647, -0.0250803, 0.486356, 0.293022, -0.823162, -0.149628, 0.956105, 0.25194, 0.860854, 0.000635624, 0.508852)

[19]
    Time: 0.600000
    HumanoidRootPart.CFrame = CFrame.new(0, 0, 0, 1, 0, 0, 0, 1, 0, 0, 0, 1)
    Torso.CFrame = CFrame.new(-0.430947, -0.0432812, 0.353477, 0.994375, -0.102367, -0.0271811, 0.10372, 0.993129, 0.0541948, 0.0214466, -0.0567092, 0.99816)
    Head.CFrame = CFrame.new(1.06753e-07, -6.51926e-08, 1.43051e-06, 0.995633, -0.0561779, 0.0745533, 0.0605029, 0.996535, -0.0570801, -0.0710883, 0.0613416, 0.995582)
    Left Arm.CFrame = CFrame.new(-0.00301607, -0.648973, -0.00116038, -0.442071, 0.867982, 0.226232, -0.831223, -0.491208, 0.260351, 0.337107, -0.0729553, 0.938636)
    Right Arm.CFrame = CFrame.new(0.0137394, -0.811147, -0.288748, -0.535608, -0.805096, 0.254841, 0.829689, -0.557911, -0.01877, 0.15729, 0.201385, 0.966801)
    Left Leg.CFrame = CFrame.new(0.106608, 0.207282, -0.0712889, 0.3805, -0.212768, 0.899972, -0.0561613, 0.966061, 0.252137, -0.923074, -0.146482, 0.355637)
    Right Leg.CFrame = CFrame.new(-0.0106699, 0.358625, 0.105515, 0.320172, 0.368275, -0.872848, -0.0444761, 0.926175, 0.374461, 0.946315, -0.0810712, 0.312915)

[20]
    Time: 0.633333
    HumanoidRootPart.CFrame = CFrame.new(0, 0, 0, 1, 0, 0, 0, 1, 0, 0, 0, 1)
    Torso.CFrame = CFrame.new(-0.346074, -0.0319574, 0.324924, 0.995711, 0.0123967, -0.0916803, -0.00931082, 0.999378, 0.034011, 0.0920449, -0.0330115, 0.995208)
    Head.CFrame = CFrame.new(8.00828e-08, -3.37604e-08, 4.76837e-07, 0.982133, -0.137081, 0.128932, 0.135636, 0.990558, 0.0199644, -0.130451, -0.0021198, 0.991453)
    Left Arm.CFrame = CFrame.new(0.057522, -0.737266, -0.106585, -0.431961, 0.900587, -0.0485065, -0.898215, -0.424725, 0.113219, 0.0813617, 0.0924755, 0.992385)
    Right Arm.CFrame = CFrame.new(-0.103364, -0.857032, -0.0677103, -0.474782, -0.866739, 0.152789, 0.879084, -0.458681, 0.129699, -0.0423339, 0.195893, 0.979711)
    Left Leg.CFrame = CFrame.new(0.211821, 0.0630786, -0.274798, 0.444924, -0.156, 0.881877, 0.0670456, 0.987751, 0.140903, -0.893055, -0.00356525, 0.449933)
    Right Leg.CFrame = CFrame.new(0.0652005, 0.67709, 0.137246, 0.305935, 0.305712, -0.901634, 0.158702, 0.917416, 0.364913, 0.938732, -0.25473, 0.232152)

[21]
    Time: 0.666667
    HumanoidRootPart.CFrame = CFrame.new(0, 0, 0, 1, 0, 0, 0, 1, 0, 0, 0, 1)
    Torso.CFrame = CFrame.new(-0.258363, 0.000995841, 0.209138, 0.970721, 0.174982, -0.164564, -0.17832, 0.983957, -0.00561874, 0.160941, 0.0347993, 0.98635)
    Head.CFrame = CFrame.new(6.6706e-08, -5.12227e-08, 9.53674e-07, 0.953202, -0.254783, 0.162762, 0.239549, 0.96491, 0.107546, -0.184451, -0.0635234, 0.980787)
    Left Arm.CFrame = CFrame.new(0.0353501, -0.754297, -0.302353, -0.411139, 0.890751, -0.19372, -0.88858, -0.439044, -0.132917, -0.203447, 0.117488, 0.972011)
    Right Arm.CFrame = CFrame.new(-0.0509216, -0.862444, 0.191941, -0.533191, -0.841132, 0.0905795, 0.806432, -0.472976, 0.354909, -0.255684, 0.262281, 0.930502)
    Left Leg.CFrame = CFrame.new(0.22067, -0.0269556, -0.302793, 0.447283, -0.065511, 0.89199, 0.204275, 0.978436, -0.0305723, -0.870752, 0.195885, 0.45102)
    Right Leg.CFrame = CFrame.new(0.0584782, 0.968256, -0.0368806, 0.400326, 0.0804318, -0.912836, 0.450911, 0.849912, 0.272636, 0.797758, -0.52075, 0.303975)

[22]
    Time: 0.700000
    HumanoidRootPart.CFrame = CFrame.new(0, 0, 0, 1, 0, 0, 0, 1, 0, 0, 0, 1)
    Torso.CFrame = CFrame.new(-0.184015, 0.0410501, -0.0322468, 0.911173, 0.334563, -0.240482, -0.354455, 0.934059, -0.0435283, 0.210062, 0.124902, 0.969677)
    Head.CFrame = CFrame.new(2.4098e-07, 2.04891e-08, 1.07288e-06, 0.918078, -0.354336, 0.177703, 0.328402, 0.930949, 0.159645, -0.222001, -0.0882089, 0.971048)
    Left Arm.CFrame = CFrame.new(0.0325134, -0.657976, -0.395471, -0.332933, 0.90564, -0.262626, -0.885434, -0.396038, -0.243228, -0.324287, 0.151559, 0.933739)
    Right Arm.CFrame = CFrame.new(-0.0144955, -0.727822, 0.346559, -0.526376, -0.849386, 0.0383694, 0.74601, -0.43972, 0.500115, -0.407919, 0.291872, 0.865108)
    Left Leg.CFrame = CFrame.new(0.248041, -0.103225, -0.357915, 0.428429, 0.0742999, 0.900516, 0.253021, 0.946878, -0.198502, -0.867427, 0.312893, 0.38687)
    Right Leg.CFrame = CFrame.new(-0.140459, 1.06052, -0.282176, 0.388227, -0.278247, -0.878554, 0.771576, 0.619445, 0.14477, 0.503934, -0.734075, 0.455174)

[23]
    Time: 0.733333
    HumanoidRootPart.CFrame = CFrame.new(0, 0, 0, 1, 0, 0, 0, 1, 0, 0, 0, 1)
    Torso.CFrame = CFrame.new(-0.144239, 0.0710562, -0.402943, 0.84034, 0.447552, -0.30582, -0.488092, 0.870158, -0.0677604, 0.235785, 0.20621, 0.949675)
    Head.CFrame = CFrame.new(1.18627e-07, -9.94187e-08, 1.19209e-06, 0.893467, -0.406121, 0.191787, 0.377794, 0.91051, 0.168055, -0.242875, -0.0776954, 0.966941)
    Left Arm.CFrame = CFrame.new(-0.00784487, -0.583047, -0.418756, -0.348012, 0.885626, -0.307497, -0.874197, -0.425039, -0.234781, -0.338626, 0.187106, 0.92213)
    Right Arm.CFrame = CFrame.new(0.0645337, -0.551608, 0.418188, -0.561454, -0.826254, -0.0455457, 0.66089, -0.480848, 0.576203, -0.49799, 0.293411, 0.816037)
    Left Leg.CFrame = CFrame.new(0.058342, -0.166011, 0.21508, 0.451811, 0.065649, 0.889695, 0.537503, 0.77592, -0.330212, -0.71201, 0.627406, 0.315282)
    Right Leg.CFrame = CFrame.new(-0.37477, 0.829656, -0.312169, 0.0966767, -0.615742, -0.781995, 0.986449, 0.163915, -0.00711367, 0.132561, -0.77071, 0.623245)

[24]
    Time: 0.766667
    HumanoidRootPart.CFrame = CFrame.new(0, 0, 0, 1, 0, 0, 0, 1, 0, 0, 0, 1)
    Torso.CFrame = CFrame.new(-0.141649, 0.0804676, -0.761983, 0.800642, 0.489756, -0.345125, -0.544136, 0.835482, -0.0767159, 0.250774, 0.249217, 0.935416)
    Head.CFrame = CFrame.new(1.30618e-07, -1.16415e-07, 1.07288e-06, 0.894526, -0.395499, 0.208335, 0.371896, 0.917028, 0.144063, -0.248026, -0.0513893, 0.96739)
    Left Arm.CFrame = CFrame.new(-0.161092, -0.551543, -0.4834, -0.534821, 0.7567, -0.375993, -0.742359, -0.633324, -0.21864, -0.40357, 0.162189, 0.900459)
    Right Arm.CFrame = CFrame.new(0.189953, -0.314155, 0.472697, -0.62086, -0.755932, -0.207606, 0.489058, -0.580475, 0.651054, -0.612662, 0.302682, 0.730088)
    Left Leg.CFrame = CFrame.new(0.0856003, 0.0072692, 0.506886, 0.502836, 0.0818468, 0.860498, 0.607193, 0.675081, -0.419026, -0.615202, 0.733189, 0.289758)
    Right Leg.CFrame = CFrame.new(-0.259431, 0.371433, -0.0623833, -0.380867, -0.679465, -0.627111, 0.920133, -0.345327, -0.184674, -0.0910786, -0.647362, 0.756722)

[25]
    Time: 0.800000
    HumanoidRootPart.CFrame = CFrame.new(0, 0, 0, 1, 0, 0, 0, 1, 0, 0, 0, 1)
    Torso.CFrame = CFrame.new(-0.138602, 0.0743691, -0.816499, 0.796596, 0.489856, -0.354227, -0.546809, 0.833735, -0.0767159, 0.257752, 0.254806, 0.932008)
    Head.CFrame = CFrame.new(4.35393e-08, -7.63685e-08, 5.96046e-07, 0.904403, -0.368573, 0.214964, 0.34987, 0.928975, 0.120816, -0.244226, -0.0340571, 0.96912)
    Left Arm.CFrame = CFrame.new(-0.287066, -0.476519, -0.536391, -0.612513, 0.664729, -0.427742, -0.645387, -0.732994, -0.21493, -0.456402, 0.144412, 0.877976)
    Right Arm.CFrame = CFrame.new(0.219206, -0.109139, 0.476347, -0.567778, -0.750435, -0.338344, 0.370927, -0.60016, 0.708676, -0.734875, 0.27687, 0.619114)
    Left Leg.CFrame = CFrame.new(0.10827, 0.0606672, 0.542342, 0.525921, 0.0880672, 0.845962, 0.601488, 0.664714, -0.443134, -0.601348, 0.741889, 0.296616)
    Right Leg.CFrame = CFrame.new(-0.0518244, 0.0835624, 0.0349888, -0.595209, -0.599751, -0.534812, 0.796744, -0.527033, -0.295694, -0.104521, -0.602109, 0.791543)
