[1]
    Time: 0.000000
    HumanoidRootPart.CFrame = CFrame.new(0, 0, 0, 1, 0, 0, 0, 1, 0, 0, 0, 1)
    Torso.CFrame = CFrame.new(0.0044136, 0.0425949, -0.0611763, 1, 0, 0, 0, 1, -4.37114e-08, 0, 4.37114e-08, 1)
    Left Leg.CFrame = CFrame.new(-1.00255, 0.668891, 0.138126, 0.91466, -0.39035, 0.104999, 0.397616, 0.915603, -0.0597806, -0.0728017, 0.096428, 0.992674)
    Right Leg.CFrame = CFrame.new(0.305988, 0.000255942, 0.0411188, 0.965098, 0.221584, -0.139595, -0.228784, 0.972749, -0.0376413, 0.12745, 0.0682648, 0.989493)
    Left Arm.CFrame = CFrame.new(-0.30654, 0.85468, 0.188806, -0.631353, 0.297862, 0.716011, -0.148442, -0.95264, 0.26541, 0.761156, 0.061281, 0.645667)
    Right Arm.CFrame = CFrame.new(0.137961, -0.318776, 0.0715408, -0.62508, -0.730317, 0.275522, 0.777105, -0.615434, 0.131717, 0.0733701, 0.296443, 0.952228)

[2]
    Time: 0.034583
    HumanoidRootPart.CFrame = CFrame.new(0, 0, 0, 1, 0, 0, 0, 1, 0, 0, 0, 1)
    Torso.CFrame = CFrame.new(0.0044136, 0.0425949, -0.0611763, 1, 0, 0, 0, 1, -4.37114e-08, 0, 4.37114e-08, 1)
    Left Leg.CFrame = CFrame.new(-1.00255, 0.668891, 0.138126, 0.91466, -0.39035, 0.104999, 0.397616, 0.915603, -0.0597806, -0.0728017, 0.096428, 0.992674)
    Right Leg.CFrame = CFrame.new(0.305988, 0.000255942, 0.0411188, 0.965098, 0.221584, -0.139595, -0.228784, 0.972749, -0.0376413, 0.12745, 0.0682648, 0.989493)
    Left Arm.CFrame = CFrame.new(-0.30654, 0.85468, 0.188806, -0.631353, 0.297862, 0.716011, -0.148442, -0.95264, 0.26541, 0.761156, 0.061281, 0.645667)
    Right Arm.CFrame = CFrame.new(0.137961, -0.318776, 0.0715408, -0.62508, -0.730317, 0.275522, 0.777105, -0.615434, 0.131717, 0.0733701, 0.296443, 0.952228)

[3]
    Time: 0.069167
    HumanoidRootPart.CFrame = CFrame.new(0, 0, 0, 1, 0, 0, 0, 1, 0, 0, 0, 1)
    Torso.CFrame = CFrame.new(0.0044136, 0.0425949, -0.0611763, 1, 0, 0, 0, 1, -4.37114e-08, 0, 4.37114e-08, 1)
    Left Leg.CFrame = CFrame.new(-1.00255, 0.668891, 0.138126, 0.91466, -0.39035, 0.104999, 0.397616, 0.915603, -0.0597806, -0.0728017, 0.096428, 0.992674)
    Right Leg.CFrame = CFrame.new(0.305988, 0.000255942, 0.0411188, 0.965098, 0.221584, -0.139595, -0.228784, 0.972749, -0.0376413, 0.12745, 0.0682648, 0.989493)
    Left Arm.CFrame = CFrame.new(-0.30654, 0.85468, 0.188806, -0.631353, 0.297862, 0.716011, -0.148442, -0.95264, 0.26541, 0.761156, 0.061281, 0.645667)
    Right Arm.CFrame = CFrame.new(0.137961, -0.318776, 0.0715408, -0.62508, -0.730317, 0.275522, 0.777105, -0.615434, 0.131717, 0.0733701, 0.296443, 0.952228)

[4]
    Time: 0.103333
    HumanoidRootPart.CFrame = CFrame.new(0, 0, 0, 1, 0, 0, 0, 1, 0, 0, 0, 1)
    Torso.CFrame = CFrame.new(0.0044136, 0.0425949, -0.0611763, 1, 0, 0, 0, 1, -4.37114e-08, 0, 4.37114e-08, 1)
    Left Leg.CFrame = CFrame.new(-1.00255, 0.668891, 0.138126, 0.91466, -0.39035, 0.104999, 0.397616, 0.915603, -0.0597806, -0.0728017, 0.096428, 0.992674)
    Right Leg.CFrame = CFrame.new(0.305988, 0.000255942, 0.0411188, 0.965098, 0.221584, -0.139595, -0.228784, 0.972749, -0.0376413, 0.12745, 0.0682648, 0.989493)
    Left Arm.CFrame = CFrame.new(-0.30654, 0.85468, 0.188806, -0.631353, 0.297862, 0.716011, -0.148442, -0.95264, 0.26541, 0.761156, 0.061281, 0.645667)
    Right Arm.CFrame = CFrame.new(0.137961, -0.318776, 0.0715408, -0.62508, -0.730317, 0.275522, 0.777105, -0.615434, 0.131717, 0.0733701, 0.296443, 0.952228)

[5]
    Time: 0.137917
    HumanoidRootPart.CFrame = CFrame.new(0, 0, 0, 1, 0, 0, 0, 1, 0, 0, 0, 1)
    Torso.CFrame = CFrame.new(0.0044136, 0.0425949, -0.0611763, 1, 0, 0, 0, 1, -4.37114e-08, 0, 4.37114e-08, 1)
    Left Leg.CFrame = CFrame.new(-1.00255, 0.668891, 0.138126, 0.91466, -0.39035, 0.104999, 0.397616, 0.915603, -0.0597806, -0.0728017, 0.096428, 0.992674)
    Right Leg.CFrame = CFrame.new(0.305988, 0.000255942, 0.0411188, 0.965098, 0.221584, -0.139595, -0.228784, 0.972749, -0.0376413, 0.12745, 0.0682648, 0.989493)
    Left Arm.CFrame = CFrame.new(-0.30654, 0.85468, 0.188806, -0.631353, 0.297862, 0.716011, -0.148442, -0.95264, 0.26541, 0.761156, 0.061281, 0.645667)
    Right Arm.CFrame = CFrame.new(0.137961, -0.318776, 0.0715408, -0.62508, -0.730317, 0.275522, 0.777105, -0.615434, 0.131717, 0.0733701, 0.296443, 0.952228)

[6]
    Time: 0.172500
    HumanoidRootPart.CFrame = CFrame.new(0, 0, 0, 1, 0, 0, 0, 1, 0, 0, 0, 1)
    Torso.CFrame = CFrame.new(0.0044136, 0.0425949, -0.0611763, 1, 0, 0, 0, 1, -4.37114e-08, 0, 4.37114e-08, 1)
    Left Leg.CFrame = CFrame.new(-0.998838, 0.807568, 0.156687, 0.915126, -0.388658, 0.107193, 0.397054, 0.914939, -0.0723488, -0.0699561, 0.108769, 0.991602)
    Right Leg.CFrame = CFrame.new(0.582761, 0.0324956, 0.0802907, 0.905899, 0.400159, -0.138635, -0.408933, 0.911656, -0.0407184, 0.110093, 0.093579, 0.989506)
    Left Arm.CFrame = CFrame.new(-0.30654, 0.85468, 0.188806, -0.631353, 0.297862, 0.716011, -0.148442, -0.95264, 0.26541, 0.761156, 0.061281, 0.645667)
    Right Arm.CFrame = CFrame.new(0.137961, -0.318776, 0.0715408, -0.62508, -0.730317, 0.275522, 0.777105, -0.615434, 0.131717, 0.0733701, 0.296443, 0.952228)

[7]
    Time: 0.207083
    HumanoidRootPart.CFrame = CFrame.new(0, 0, 0, 1, 0, 0, 0, 1, 0, 0, 0, 1)
    Torso.CFrame = CFrame.new(0.0044136, 0.0425949, 0.257303, 1, 0, 0, 0, 1, -4.37114e-08, 0, 4.37114e-08, 1)
    Left Leg.CFrame = CFrame.new(-1.00255, 0.668891, 0.138126, 0.91466, -0.39035, 0.104999, 0.397616, 0.915602, -0.0597806, -0.0728017, 0.096428, 0.992674)
    Right Leg.CFrame = CFrame.new(0.613546, 0.0340084, 0.0820634, 0.898043, 0.418232, -0.136388, -0.427661, 0.902669, -0.0478974, 0.103081, 0.101342, 0.989497)
    Left Arm.CFrame = CFrame.new(-0.633283, 0.118348, 0.228312, -0.960086, 0.27287, -0.0614615, -0.254062, -0.758834, 0.599686, 0.116997, 0.591365, 0.797872)
    Right Arm.CFrame = CFrame.new(0.368672, -0.261194, 0.0988331, -0.855182, -0.453957, 0.250174, 0.509718, -0.824143, 0.246933, 0.0940823, 0.33869, 0.936182)

[8]
    Time: 0.241250
    HumanoidRootPart.CFrame = CFrame.new(0, 0, 0, 1, 0, 0, 0, 1, 0, 0, 0, 1)
    Torso.CFrame = CFrame.new(0.0044136, 0.0425949, 0.323653, 1, 0, 0, 0, 1, -4.37114e-08, 0, 4.37114e-08, 1)
    Left Leg.CFrame = CFrame.new(-0.994222, 0.20355, 0.00092566, 0.827519, -0.561437, 0.000862953, 0.561407, 0.827457, -0.0117353, 0.00587458, 0.0101956, 0.999931)
    Right Leg.CFrame = CFrame.new(0.896069, 0.0430967, 0.0144324, 0.802575, 0.595925, -0.0273278, -0.59613, 0.799448, -0.0742311, -0.022389, 0.0758669, 0.996867)
    Left Arm.CFrame = CFrame.new(-0.406807, -0.170912, 0.249299, -0.831878, 0.477904, -0.282113, -0.553333, -0.675385, 0.487522, 0.0424536, 0.561661, 0.826277)
    Right Arm.CFrame = CFrame.new(0.59394, -0.0690259, 0.12198, -0.963226, -0.202014, 0.17716, 0.256964, -0.885253, 0.38768, 0.0785144, 0.418948, 0.90461)

[9]
    Time: 0.275833
    HumanoidRootPart.CFrame = CFrame.new(0, 0, 0, 1, 0, 0, 0, 1, 0, 0, 0, 1)
    Torso.CFrame = CFrame.new(0.0044136, 0.0425949, 0.323653, 1, 0, 0, 0, 1, -4.37114e-08, 0, 4.37114e-08, 1)
    Left Leg.CFrame = CFrame.new(-0.994222, 0.20355, 0.00092566, 0.827519, -0.561437, 0.000862953, 0.561407, 0.827457, -0.0117353, 0.00587458, 0.0101956, 0.999931)
    Right Leg.CFrame = CFrame.new(0.896069, 0.0430967, 0.0144324, 0.802575, 0.595925, -0.0273278, -0.59613, 0.799448, -0.0742311, -0.022389, 0.0758669, 0.996867)
    Left Arm.CFrame = CFrame.new(-0.406807, -0.170912, 0.249299, -0.831878, 0.477904, -0.282113, -0.553333, -0.675385, 0.487522, 0.0424536, 0.561661, 0.826277)
    Right Arm.CFrame = CFrame.new(0.59394, -0.0690259, 0.12198, -0.963226, -0.202014, 0.17716, 0.256964, -0.885253, 0.38768, 0.0785144, 0.418948, 0.90461)

[10]
    Time: 0.310417
    HumanoidRootPart.CFrame = CFrame.new(0, 0, 0, 1, 0, 0, 0, 1, 0, 0, 0, 1)
    Torso.CFrame = CFrame.new(0.0044136, 0.0425949, 0.190953, 1, 0, 0, 0, 1, -4.37114e-08, 0, 4.37114e-08, 1)
    Left Leg.CFrame = CFrame.new(0.114292, -0.0337139, -0.0281194, 0.962106, 0.0848616, 0.259133, -0.0690251, 0.995182, -0.0696291, -0.263794, 0.0491038, 0.963329)
    Right Leg.CFrame = CFrame.new(0.969787, 0.57003, -0.0137771, 0.956295, 0.292343, 0.00595777, -0.292403, 0.956042, 0.0219872, 0.000731931, -0.0227683, 0.999741)
    Left Arm.CFrame = CFrame.new(-0.406807, -0.170912, 0.249299, -0.831878, 0.477904, -0.282113, -0.553333, -0.675385, 0.487522, 0.0424536, 0.561661, 0.826277)
    Right Arm.CFrame = CFrame.new(0.698309, 0.279465, 0.139462, -0.991672, -0.122363, -0.0401671, 0.0902929, -0.88298, 0.460644, -0.0918324, 0.453181, 0.886676)

[11]
    Time: 0.345000
    HumanoidRootPart.CFrame = CFrame.new(0, 0, 0, 1, 0, 0, 0, 1, 0, 0, 0, 1)
    Torso.CFrame = CFrame.new(0.0044136, 0.0425949, -0.0213661, 1, 0, 0, 0, 1, -4.37114e-08, 0, 4.37114e-08, 1)
    Left Leg.CFrame = CFrame.new(-0.105603, -0.0251944, -0.00548613, 0.995889, 0.0185261, 0.0886627, -0.0111898, 0.996525, -0.0825428, -0.0898838, 0.0812114, 0.992636)
    Right Leg.CFrame = CFrame.new(1.0237, 0.712984, -0.0163346, 0.945272, 0.326103, 0.0108126, -0.326211, 0.94524, 0.01035, -0.00684538, -0.0133107, 0.999888)
    Left Arm.CFrame = CFrame.new(-0.406807, -0.170913, 0.249299, -0.831878, 0.477904, -0.282113, -0.553333, -0.675385, 0.487522, 0.0424536, 0.561661, 0.826277)
    Right Arm.CFrame = CFrame.new(0.170425, 0.941904, -0.0357724, -0.774224, -0.343195, -0.531785, 0.234561, -0.935975, 0.262548, -0.587842, 0.0785348, 0.805155)

[12]
    Time: 0.379167
    HumanoidRootPart.CFrame = CFrame.new(0, 0, 0, 1, 0, 0, 0, 1, 0, 0, 0, 1)
    Torso.CFrame = CFrame.new(0.0044136, 0.0425949, -0.0213661, 1, 0, 0, 0, 1, -4.37114e-08, 0, 4.37114e-08, 1)
    Left Leg.CFrame = CFrame.new(-0.105603, -0.0251944, -0.00548613, 0.995889, 0.0185261, 0.0886627, -0.0111898, 0.996525, -0.0825428, -0.0898838, 0.0812114, 0.992636)
    Right Leg.CFrame = CFrame.new(1.0237, 0.712984, -0.0163346, 0.945272, 0.326103, 0.0108126, -0.326211, 0.94524, 0.01035, -0.00684538, -0.0133107, 0.999888)
    Left Arm.CFrame = CFrame.new(-0.406807, -0.170913, 0.249299, -0.831878, 0.477904, -0.282113, -0.553333, -0.675385, 0.487522, 0.0424536, 0.561661, 0.826277)
    Right Arm.CFrame = CFrame.new(0.170425, 0.941904, -0.0357724, -0.774224, -0.343195, -0.531785, 0.234561, -0.935975, 0.262548, -0.587842, 0.0785348, 0.805155)

[13]
    Time: 0.413750
    HumanoidRootPart.CFrame = CFrame.new(0, 0, 0, 1, 0, 0, 0, 1, 0, 0, 0, 1)
    Torso.CFrame = CFrame.new(0.0044136, 0.0425949, -0.0213661, 1, 0, 0, 0, 1, -4.37114e-08, 0, 4.37114e-08, 1)
    Left Leg.CFrame = CFrame.new(-0.105603, -0.0251944, -0.00548613, 0.995889, 0.0185261, 0.0886627, -0.0111898, 0.996525, -0.0825428, -0.0898838, 0.0812114, 0.992636)
    Right Leg.CFrame = CFrame.new(1.0237, 0.712984, -0.0163346, 0.945272, 0.326103, 0.0108126, -0.326211, 0.94524, 0.01035, -0.00684538, -0.0133107, 0.999888)
    Left Arm.CFrame = CFrame.new(-0.406807, -0.170913, 0.249299, -0.831878, 0.477904, -0.282113, -0.553333, -0.675385, 0.487522, 0.0424536, 0.561661, 0.826277)
    Right Arm.CFrame = CFrame.new(0.170425, 0.941904, -0.0357724, -0.774224, -0.343195, -0.531785, 0.234561, -0.935975, 0.262548, -0.587842, 0.0785348, 0.805155)

[14]
    Time: 0.448333
    HumanoidRootPart.CFrame = CFrame.new(0, 0, 0, 1, 0, 0, 0, 1, 0, 0, 0, 1)
    Torso.CFrame = CFrame.new(0.0044136, 0.0425949, -0.0213661, 1, 0, 0, 0, 1, -4.37114e-08, 0, 4.37114e-08, 1)
    Left Leg.CFrame = CFrame.new(-0.105603, -0.0251944, -0.00548613, 0.995889, 0.0185261, 0.0886627, -0.0111898, 0.996525, -0.0825428, -0.0898838, 0.0812114, 0.992636)
    Right Leg.CFrame = CFrame.new(1.0237, 0.712984, -0.0163346, 0.945272, 0.326103, 0.0108126, -0.326211, 0.94524, 0.01035, -0.00684538, -0.0133107, 0.999888)
    Left Arm.CFrame = CFrame.new(-0.406807, -0.170913, 0.249299, -0.831878, 0.477904, -0.282113, -0.553333, -0.675385, 0.487522, 0.0424536, 0.561661, 0.826277)
    Right Arm.CFrame = CFrame.new(0.170425, 0.941904, -0.0357724, -0.774224, -0.343195, -0.531785, 0.234561, -0.935975, 0.262548, -0.587842, 0.0785348, 0.805155)

[15]
    Time: 0.482917
    HumanoidRootPart.CFrame = CFrame.new(0, 0, 0, 1, 0, 0, 0, 1, 0, 0, 0, 1)
    Torso.CFrame = CFrame.new(0.0044136, 0.0425949, -0.0213661, 1, 0, 0, 0, 1, -4.37114e-08, 0, 4.37114e-08, 1)
    Left Leg.CFrame = CFrame.new(-0.105603, -0.0251944, -0.00548613, 0.995889, 0.0185261, 0.0886627, -0.0111898, 0.996525, -0.0825428, -0.0898838, 0.0812114, 0.992636)
    Right Leg.CFrame = CFrame.new(1.0237, 0.712984, -0.0163346, 0.945272, 0.326103, 0.0108126, -0.326211, 0.94524, 0.01035, -0.00684538, -0.0133107, 0.999888)
    Left Arm.CFrame = CFrame.new(-0.406807, -0.170913, 0.249299, -0.831878, 0.477904, -0.282113, -0.553333, -0.675385, 0.487522, 0.0424536, 0.561661, 0.826277)
    Right Arm.CFrame = CFrame.new(0.170425, 0.941904, -0.0357724, -0.774224, -0.343195, -0.531785, 0.234561, -0.935975, 0.262548, -0.587842, 0.0785348, 0.805155)

[16]
    Time: 0.517083
    HumanoidRootPart.CFrame = CFrame.new(0, 0, 0, 1, 0, 0, 0, 1, 0, 0, 0, 1)
    Torso.CFrame = CFrame.new(0.0044136, 0.0425949, -0.0213661, 1, 0, 0, 0, 1, -4.37114e-08, 0, 4.37114e-08, 1)
    Left Leg.CFrame = CFrame.new(-0.105603, -0.0251944, -0.00548613, 0.995889, 0.0185261, 0.0886627, -0.0111898, 0.996525, -0.0825428, -0.0898838, 0.0812114, 0.992636)
    Right Leg.CFrame = CFrame.new(1.0237, 0.712984, -0.0163346, 0.945272, 0.326103, 0.0108126, -0.326211, 0.94524, 0.01035, -0.00684538, -0.0133107, 0.999888)
    Left Arm.CFrame = CFrame.new(-0.406807, -0.170913, 0.249299, -0.831878, 0.477904, -0.282113, -0.553333, -0.675385, 0.487522, 0.0424536, 0.561661, 0.826277)
    Right Arm.CFrame = CFrame.new(0.170425, 0.941904, -0.0357724, -0.774224, -0.343195, -0.531785, 0.234561, -0.935975, 0.262548, -0.587842, 0.0785348, 0.805155)

[17]
    Time: 0.551667
    HumanoidRootPart.CFrame = CFrame.new(0, 0, 0, 1, 0, 0, 0, 1, 0, 0, 0, 1)
    Torso.CFrame = CFrame.new(0.0044136, 0.0425949, 0.137874, 1, 0, 0, 0, 1, -4.37114e-08, 0, 4.37114e-08, 1)
    Left Leg.CFrame = CFrame.new(-0.680718, 0.0999361, 0.196644, 0.865069, -0.428175, 0.261384, 0.462832, 0.882203, -0.0866327, -0.1935, 0.19592, 0.961339)
    Right Leg.CFrame = CFrame.new(0.993676, 0.374097, -0.0217196, 0.885898, 0.463822, 0.0073173, -0.462302, 0.881477, 0.0963047, 0.0382181, -0.0886989, 0.995325)
    Left Arm.CFrame = CFrame.new(-0.406807, -0.170912, 0.249299, -0.831878, 0.477904, -0.282113, -0.553333, -0.675385, 0.487522, 0.0424536, 0.561661, 0.826277)
    Right Arm.CFrame = CFrame.new(0.698309, 0.279465, 0.139462, -0.991672, -0.122363, -0.0401671, 0.0902929, -0.88298, 0.460644, -0.0918324, 0.453181, 0.886676)

[18]
    Time: 0.586250
    HumanoidRootPart.CFrame = CFrame.new(0, 0, 0, 1, 0, 0, 0, 1, 0, 0, 0, 1)
    Torso.CFrame = CFrame.new(0.0044136, 0.0425949, 0.257303, 1, 0, 0, 0, 1, -4.37114e-08, 0, 4.37114e-08, 1)
    Left Leg.CFrame = CFrame.new(-0.989425, 0.242457, 0.172953, 0.774562, -0.610955, 0.163668, 0.623025, 0.781593, -0.0308739, -0.109059, 0.125883, 0.986032)
    Right Leg.CFrame = CFrame.new(0.845526, 0.0465485, 0.211598, 0.738665, 0.631026, -0.237023, -0.661551, 0.746109, -0.0753135, 0.12932, 0.212435, 0.96858)
    Left Arm.CFrame = CFrame.new(-0.406807, -0.170912, 0.249299, -0.831878, 0.477904, -0.282113, -0.553333, -0.675385, 0.487522, 0.0424536, 0.561661, 0.826277)
    Right Arm.CFrame = CFrame.new(0.59394, -0.0690259, 0.12198, -0.963226, -0.202014, 0.17716, 0.256964, -0.885253, 0.38768, 0.0785144, 0.418948, 0.90461)

[19]
    Time: 0.620833
    HumanoidRootPart.CFrame = CFrame.new(0, 0, 0, 1, 0, 0, 0, 1, 0, 0, 0, 1)
    Torso.CFrame = CFrame.new(0.0044136, 0.0425949, 0.257303, 1, 0, 0, 0, 1, -4.37114e-08, 0, 4.37114e-08, 1)
    Left Leg.CFrame = CFrame.new(-0.989425, 0.242457, 0.172953, 0.774562, -0.610955, 0.163668, 0.623025, 0.781593, -0.0308739, -0.109059, 0.125883, 0.986032)
    Right Leg.CFrame = CFrame.new(0.845526, 0.0465485, 0.211598, 0.738665, 0.631026, -0.237023, -0.661551, 0.746109, -0.0753135, 0.12932, 0.212435, 0.96858)
    Left Arm.CFrame = CFrame.new(-0.406807, -0.170912, 0.249299, -0.831878, 0.477904, -0.282113, -0.553333, -0.675385, 0.487522, 0.0424536, 0.561661, 0.826277)
    Right Arm.CFrame = CFrame.new(0.59394, -0.0690259, 0.12198, -0.963226, -0.202014, 0.17716, 0.256964, -0.885253, 0.38768, 0.0785144, 0.418948, 0.90461)

[20]
    Time: 0.655000
    HumanoidRootPart.CFrame = CFrame.new(0, 0, 0, 1, 0, 0, 0, 1, 0, 0, 0, 1)
    Torso.CFrame = CFrame.new(0.0044136, 0.0425949, 0.151143, 1, 0, 0, 0, 1, -4.37114e-08, 0, 4.37114e-08, 1)
    Left Leg.CFrame = CFrame.new(-0.989425, 0.242457, 0.172953, 0.774562, -0.610955, 0.163668, 0.623025, 0.781593, -0.0308739, -0.109059, 0.125883, 0.986032)
    Right Leg.CFrame = CFrame.new(0.174146, -0.0109508, 0.0419019, 0.9633, 0.159847, -0.215642, -0.173158, 0.983902, -0.044193, 0.205106, 0.0799113, 0.975472)
    Left Arm.CFrame = CFrame.new(-0.633283, 0.118349, 0.228312, -0.960086, 0.27287, -0.0614615, -0.254062, -0.758834, 0.599686, 0.116997, 0.591365, 0.797872)
    Right Arm.CFrame = CFrame.new(0.368672, -0.261194, 0.0988331, -0.855182, -0.453957, 0.250174, 0.509718, -0.824143, 0.246933, 0.0940823, 0.33869, 0.936182)

[21]
    Time: 0.689583
    HumanoidRootPart.CFrame = CFrame.new(0, 0, 0, 1, 0, 0, 0, 1, 0, 0, 0, 1)
    Torso.CFrame = CFrame.new(0.0044136, 0.0425949, -0.00809669, 1, 0, 0, 0, 1, -4.37114e-08, 0, 4.37114e-08, 1)
    Left Leg.CFrame = CFrame.new(-0.990497, 0.610784, 0.130565, 0.918138, -0.382308, 0.104231, 0.389165, 0.9195, -0.0554036, -0.0746592, 0.0914312, 0.993009)
    Right Leg.CFrame = CFrame.new(0.0584851, -0.0146151, 0.00590968, 0.988232, 0.0617339, -0.139951, -0.0674537, 0.997054, -0.0364999, 0.137285, 0.0455107, 0.989486)
    Left Arm.CFrame = CFrame.new(-0.306536, 0.85468, 0.188806, -0.631353, 0.297862, 0.716011, -0.148442, -0.95264, 0.26541, 0.761156, 0.061281, 0.645667)
    Right Arm.CFrame = CFrame.new(0.137961, -0.318776, 0.0715408, -0.62508, -0.730317, 0.275522, 0.777105, -0.615434, 0.131717, 0.0733701, 0.296443, 0.952228)

[22]
    Time: 0.724167
    HumanoidRootPart.CFrame = CFrame.new(0, 0, 0, 1, 0, 0, 0, 1, 0, 0, 0, 1)
    Torso.CFrame = CFrame.new(0.0044136, 0.0425949, -0.00809669, 1, 0, 0, 0, 1, -4.37114e-08, 0, 4.37114e-08, 1)
    Left Leg.CFrame = CFrame.new(-0.990497, 0.610784, 0.130565, 0.918138, -0.382308, 0.104231, 0.389165, 0.9195, -0.0554036, -0.0746592, 0.0914312, 0.993009)
    Right Leg.CFrame = CFrame.new(0.0584851, -0.0146151, 0.00590968, 0.988232, 0.0617339, -0.139951, -0.0674537, 0.997054, -0.0364999, 0.137285, 0.0455107, 0.989486)
    Left Arm.CFrame = CFrame.new(-0.306536, 0.85468, 0.188806, -0.631353, 0.297862, 0.716011, -0.148442, -0.95264, 0.26541, 0.761156, 0.061281, 0.645667)
    Right Arm.CFrame = CFrame.new(0.137961, -0.318776, 0.0715408, -0.62508, -0.730317, 0.275522, 0.777105, -0.615434, 0.131717, 0.0733701, 0.296443, 0.952228)

[23]
    Time: 0.758750
    HumanoidRootPart.CFrame = CFrame.new(0, 0, 0, 1, 0, 0, 0, 1, 0, 0, 0, 1)
    Torso.CFrame = CFrame.new(0.0044136, 0.0425949, -0.00809669, 1, 0, 0, 0, 1, -4.37114e-08, 0, 4.37114e-08, 1)
    Left Leg.CFrame = CFrame.new(-0.990497, 0.610784, 0.130565, 0.918138, -0.382308, 0.104231, 0.389165, 0.9195, -0.0554036, -0.0746592, 0.0914312, 0.993009)
    Right Leg.CFrame = CFrame.new(0.0584851, -0.0146151, 0.00590968, 0.988232, 0.0617339, -0.139951, -0.0674537, 0.997054, -0.0364999, 0.137285, 0.0455107, 0.989486)
    Left Arm.CFrame = CFrame.new(-0.306536, 0.85468, 0.188806, -0.631353, 0.297862, 0.716011, -0.148442, -0.95264, 0.26541, 0.761156, 0.061281, 0.645667)
    Right Arm.CFrame = CFrame.new(0.137961, -0.318776, 0.0715408, -0.62508, -0.730317, 0.275522, 0.777105, -0.615434, 0.131717, 0.0733701, 0.296443, 0.952228)

[24]
    Time: 0.792917
    HumanoidRootPart.CFrame = CFrame.new(0, 0, 0, 1, 0, 0, 0, 1, 0, 0, 0, 1)
    Torso.CFrame = CFrame.new(0.0044136, 0.0425949, -0.00809669, 1, 0, 0, 0, 1, -4.37114e-08, 0, 4.37114e-08, 1)
    Left Leg.CFrame = CFrame.new(-0.990497, 0.610784, 0.130565, 0.918138, -0.382308, 0.104231, 0.389165, 0.9195, -0.0554036, -0.0746592, 0.0914312, 0.993009)
    Right Leg.CFrame = CFrame.new(0.0584851, -0.0146151, 0.00590968, 0.988232, 0.0617339, -0.139951, -0.0674537, 0.997054, -0.0364999, 0.137285, 0.0455107, 0.989486)
    Left Arm.CFrame = CFrame.new(-0.306536, 0.85468, 0.188806, -0.631353, 0.297862, 0.716011, -0.148442, -0.95264, 0.26541, 0.761156, 0.061281, 0.645667)
    Right Arm.CFrame = CFrame.new(0.137961, -0.318776, 0.0715408, -0.62508, -0.730317, 0.275522, 0.777105, -0.615434, 0.131717, 0.0733701, 0.296443, 0.952228)

[25]
    Time: 0.827500
    HumanoidRootPart.CFrame = CFrame.new(0, 0, 0, 1, 0, 0, 0, 1, 0, 0, 0, 1)
    Torso.CFrame = CFrame.new(0.0044136, 0.0425949, -0.00809669, 1, 0, 0, 0, 1, -4.37114e-08, 0, 4.37114e-08, 1)
    Left Leg.CFrame = CFrame.new(-0.990497, 0.610784, 0.130565, 0.918138, -0.382308, 0.104231, 0.389165, 0.9195, -0.0554036, -0.0746592, 0.0914312, 0.993009)
    Right Leg.CFrame = CFrame.new(0.0584851, -0.0146151, 0.00590968, 0.988232, 0.0617339, -0.139951, -0.0674537, 0.997054, -0.0364999, 0.137285, 0.0455107, 0.989486)
    Left Arm.CFrame = CFrame.new(-0.306536, 0.85468, 0.188806, -0.631353, 0.297862, 0.716011, -0.148442, -0.95264, 0.26541, 0.761156, 0.061281, 0.645667)
    Right Arm.CFrame = CFrame.new(0.137961, -0.318776, 0.0715408, -0.62508, -0.730317, 0.275522, 0.777105, -0.615434, 0.131717, 0.0733701, 0.296443, 0.952228)

[26]
    Time: 0.862083
    HumanoidRootPart.CFrame = CFrame.new(0, 0, 0, 1, 0, 0, 0, 1, 0, 0, 0, 1)
    Torso.CFrame = CFrame.new(0.0044136, 0.0425949, -0.00809669, 1, 0, 0, 0, 1, -4.37114e-08, 0, 4.37114e-08, 1)
    Left Leg.CFrame = CFrame.new(-0.990497, 0.610784, 0.130565, 0.918138, -0.382308, 0.104231, 0.389165, 0.9195, -0.0554036, -0.0746592, 0.0914312, 0.993009)
    Right Leg.CFrame = CFrame.new(0.0584851, -0.0146151, 0.00590968, 0.988232, 0.0617339, -0.139951, -0.0674537, 0.997054, -0.0364999, 0.137285, 0.0455107, 0.989486)
    Left Arm.CFrame = CFrame.new(-0.306536, 0.85468, 0.188806, -0.631353, 0.297862, 0.716011, -0.148442, -0.95264, 0.26541, 0.761156, 0.061281, 0.645667)
    Right Arm.CFrame = CFrame.new(0.137961, -0.318776, 0.0715408, -0.62508, -0.730317, 0.275522, 0.777105, -0.615434, 0.131717, 0.0733701, 0.296443, 0.952228)

[27]
    Time: 0.896667
    HumanoidRootPart.CFrame = CFrame.new(0, 0, 0, 1, 0, 0, 0, 1, 0, 0, 0, 1)
    Torso.CFrame = CFrame.new(0.0044136, 0.0425949, 0.204224, 1, 0, 0, 0, 1, -4.37114e-08, 0, 4.37114e-08, 1)
    Left Leg.CFrame = CFrame.new(-0.990497, 0.610784, 0.130565, 0.918138, -0.382308, 0.104231, 0.389166, 0.9195, -0.0554036, -0.0746592, 0.0914312, 0.993009)
    Right Leg.CFrame = CFrame.new(0.0584806, -0.014615, 0.00590956, 0.988232, 0.0617332, -0.139951, -0.067453, 0.997055, -0.0364999, 0.137285, 0.0455105, 0.989486)
    Left Arm.CFrame = CFrame.new(-0.306536, 0.85468, 0.188806, -0.631353, 0.297862, 0.716011, -0.148442, -0.95264, 0.26541, 0.761156, 0.061281, 0.645667)
    Right Arm.CFrame = CFrame.new(0.137961, -0.318776, 0.0715408, -0.62508, -0.730317, 0.275522, 0.777105, -0.615434, 0.131717, 0.0733701, 0.296443, 0.952228)

[28]
    Time: 0.930833
    HumanoidRootPart.CFrame = CFrame.new(0, 0, 0, 1, 0, 0, 0, 1, 0, 0, 0, 1)
    Torso.CFrame = CFrame.new(0.0044136, 0.0425949, 0.283843, 1, 0, 0, 0, 1, -4.37114e-08, 0, 4.37114e-08, 1)
    Left Leg.CFrame = CFrame.new(-0.990497, 0.610783, 0.130565, 0.918138, -0.382308, 0.104231, 0.389166, 0.9195, -0.0554036, -0.0746591, 0.0914312, 0.993009)
    Right Leg.CFrame = CFrame.new(0.0584806, -0.014614, 0.00590956, 0.988232, 0.0617332, -0.139951, -0.067453, 0.997055, -0.0364999, 0.137285, 0.0455105, 0.989486)
    Left Arm.CFrame = CFrame.new(-0.30654, 0.85468, 0.188806, -0.631353, 0.297862, 0.716011, -0.148442, -0.95264, 0.26541, 0.761156, 0.061281, 0.645667)
    Right Arm.CFrame = CFrame.new(0.137961, -0.318776, 0.0715408, -0.62508, -0.730317, 0.275522, 0.777105, -0.615434, 0.131717, 0.0733701, 0.296443, 0.952228)

[29]
    Time: 0.965417
    HumanoidRootPart.CFrame = CFrame.new(0, 0, 0, 1, 0, 0, 0, 1, 0, 0, 0, 1)
    Torso.CFrame = CFrame.new(0.0044136, 0.0425949, 0.283843, 1, 0, 0, 0, 1, -4.37114e-08, 0, 4.37114e-08, 1)
    Left Leg.CFrame = CFrame.new(-0.990497, 0.610783, 0.130565, 0.918138, -0.382308, 0.104231, 0.389166, 0.9195, -0.0554036, -0.0746591, 0.0914312, 0.993009)
    Right Leg.CFrame = CFrame.new(0.0584806, -0.014614, 0.00590956, 0.988232, 0.0617332, -0.139951, -0.067453, 0.997055, -0.0364999, 0.137285, 0.0455105, 0.989486)
    Left Arm.CFrame = CFrame.new(-0.30654, 0.85468, 0.188806, -0.631353, 0.297862, 0.716011, -0.148442, -0.95264, 0.26541, 0.761156, 0.061281, 0.645667)
    Right Arm.CFrame = CFrame.new(0.137961, -0.318776, 0.0715408, -0.62508, -0.730317, 0.275522, 0.777105, -0.615434, 0.131717, 0.0733701, 0.296443, 0.952228)

[30]
    Time: 1.000000
    HumanoidRootPart.CFrame = CFrame.new(0, 0, 0, 1, 0, 0, 0, 1, 0, 0, 0, 1)
    Torso.CFrame = CFrame.new(0.0044136, 0.0425949, 0.124603, 1, 0, 0, 0, 1, -4.37114e-08, 0, 4.37114e-08, 1)
    Left Leg.CFrame = CFrame.new(-0.990497, 0.610783, 0.130565, 0.918138, -0.382308, 0.104231, 0.389166, 0.9195, -0.0554037, -0.0746592, 0.0914312, 0.993009)
    Right Leg.CFrame = CFrame.new(0.0584806, -0.014615, 0.00590956, 0.988232, 0.0617332, -0.139951, -0.067453, 0.997055, -0.0364999, 0.137285, 0.0455105, 0.989486)
    Left Arm.CFrame = CFrame.new(-0.30654, 0.85468, 0.188806, -0.631353, 0.297862, 0.716011, -0.148442, -0.95264, 0.26541, 0.761156, 0.061281, 0.645667)
    Right Arm.CFrame = CFrame.new(0.137961, -0.318776, 0.0715408, -0.62508, -0.730317, 0.275522, 0.777105, -0.615434, 0.131717, 0.0733701, 0.296443, 0.952228)

[31]
    Time: 1.034583
    HumanoidRootPart.CFrame = CFrame.new(0, 0, 0, 1, 0, 0, 0, 1, 0, 0, 0, 1)
    Torso.CFrame = CFrame.new(0.0044136, 0.0425949, -0.0213661, 1, 0, 0, 0, 1, -4.37114e-08, 0, 4.37114e-08, 1)
    Left Leg.CFrame = CFrame.new(-0.990497, 0.610784, 0.130565, 0.918138, -0.382308, 0.104231, 0.389165, 0.9195, -0.0554036, -0.0746592, 0.0914312, 0.993009)
    Right Leg.CFrame = CFrame.new(0.149551, -0.0104848, 0.0188672, 0.982803, 0.120565, -0.139864, -0.126833, 0.991242, -0.0367788, 0.134205, 0.0538857, 0.989487)
    Left Arm.CFrame = CFrame.new(-0.30654, 0.85468, 0.188806, -0.631353, 0.297862, 0.716011, -0.148442, -0.95264, 0.26541, 0.761156, 0.061281, 0.645667)
    Right Arm.CFrame = CFrame.new(0.137961, -0.318776, 0.0715408, -0.62508, -0.730317, 0.275522, 0.777105, -0.615434, 0.131717, 0.0733701, 0.296443, 0.952228)

[32]
    Time: 1.069167
    HumanoidRootPart.CFrame = CFrame.new(0, 0, 0, 1, 0, 0, 0, 1, 0, 0, 0, 1)
    Torso.CFrame = CFrame.new(0.0044136, 0.0425949, -0.0213661, 1, 0, 0, 0, 1, -4.37114e-08, 0, 4.37114e-08, 1)
    Left Leg.CFrame = CFrame.new(-0.990497, 0.610784, 0.130565, 0.918138, -0.382308, 0.104231, 0.389165, 0.9195, -0.0554036, -0.0746592, 0.0914312, 0.993009)
    Right Leg.CFrame = CFrame.new(0.149551, -0.0104848, 0.0188672, 0.982803, 0.120565, -0.139864, -0.126833, 0.991242, -0.0367788, 0.134205, 0.0538857, 0.989487)
    Left Arm.CFrame = CFrame.new(-0.30654, 0.85468, 0.188806, -0.631353, 0.297862, 0.716011, -0.148442, -0.95264, 0.26541, 0.761156, 0.061281, 0.645667)
    Right Arm.CFrame = CFrame.new(0.137961, -0.318776, 0.0715408, -0.62508, -0.730317, 0.275522, 0.777105, -0.615434, 0.131717, 0.0733701, 0.296443, 0.952228)

[33]
    Time: 1.103333
    HumanoidRootPart.CFrame = CFrame.new(0, 0, 0, 1, 0, 0, 0, 1, 0, 0, 0, 1)
    Torso.CFrame = CFrame.new(0.0044136, 0.0425949, -0.0213661, 1, 0, 0, 0, 1, -4.37114e-08, 0, 4.37114e-08, 1)
    Left Leg.CFrame = CFrame.new(-0.990497, 0.610784, 0.130565, 0.918138, -0.382308, 0.104231, 0.389165, 0.9195, -0.0554036, -0.0746592, 0.0914312, 0.993009)
    Right Leg.CFrame = CFrame.new(0.149551, -0.0104848, 0.0188672, 0.982803, 0.120565, -0.139864, -0.126833, 0.991242, -0.0367788, 0.134205, 0.0538857, 0.989487)
    Left Arm.CFrame = CFrame.new(-0.30654, 0.85468, 0.188806, -0.631353, 0.297862, 0.716011, -0.148442, -0.95264, 0.26541, 0.761156, 0.061281, 0.645667)
    Right Arm.CFrame = CFrame.new(0.137961, -0.318776, 0.0715408, -0.62508, -0.730317, 0.275522, 0.777105, -0.615434, 0.131717, 0.0733701, 0.296443, 0.952228)

[34]
    Time: 1.137917
    HumanoidRootPart.CFrame = CFrame.new(0, 0, 0, 1, 0, 0, 0, 1, 0, 0, 0, 1)
    Torso.CFrame = CFrame.new(0.0044136, 0.0425949, -0.0213661, 1, 0, 0, 0, 1, -4.37114e-08, 0, 4.37114e-08, 1)
    Left Leg.CFrame = CFrame.new(-0.990497, 0.610784, 0.130565, 0.918138, -0.382308, 0.104231, 0.389165, 0.9195, -0.0554036, -0.0746592, 0.0914312, 0.993009)
    Right Leg.CFrame = CFrame.new(0.149551, -0.0104848, 0.0188672, 0.982803, 0.120565, -0.139864, -0.126833, 0.991242, -0.0367788, 0.134205, 0.0538857, 0.989487)
    Left Arm.CFrame = CFrame.new(-0.30654, 0.85468, 0.188806, -0.631353, 0.297862, 0.716011, -0.148442, -0.95264, 0.26541, 0.761156, 0.061281, 0.645667)
    Right Arm.CFrame = CFrame.new(0.137961, -0.318776, 0.0715408, -0.62508, -0.730317, 0.275522, 0.777105, -0.615434, 0.131717, 0.0733701, 0.296443, 0.952228)

[35]
    Time: 1.172500
    HumanoidRootPart.CFrame = CFrame.new(0, 0, 0, 1, 0, 0, 0, 1, 0, 0, 0, 1)
    Torso.CFrame = CFrame.new(0.0044136, 0.0425949, -0.0213661, 1, 0, 0, 0, 1, -4.37114e-08, 0, 4.37114e-08, 1)
    Left Leg.CFrame = CFrame.new(-0.990497, 0.610784, 0.130565, 0.918138, -0.382308, 0.104231, 0.389165, 0.9195, -0.0554036, -0.0746592, 0.0914312, 0.993009)
    Right Leg.CFrame = CFrame.new(0.149551, -0.0104848, 0.0188672, 0.982803, 0.120565, -0.139864, -0.126833, 0.991242, -0.0367788, 0.134205, 0.0538857, 0.989487)
    Left Arm.CFrame = CFrame.new(-0.30654, 0.85468, 0.188806, -0.631353, 0.297862, 0.716011, -0.148442, -0.95264, 0.26541, 0.761156, 0.061281, 0.645667)
    Right Arm.CFrame = CFrame.new(0.137961, -0.318776, 0.0715408, -0.62508, -0.730317, 0.275522, 0.777105, -0.615434, 0.131717, 0.0733701, 0.296443, 0.952228)

[36]
    Time: 1.207083
    HumanoidRootPart.CFrame = CFrame.new(0, 0, 0, 1, 0, 0, 0, 1, 0, 0, 0, 1)
    Torso.CFrame = CFrame.new(0.0044136, 0.0425949, -0.0213661, 1, 0, 0, 0, 1, -4.37114e-08, 0, 4.37114e-08, 1)
    Left Leg.CFrame = CFrame.new(-0.990497, 0.610784, 0.130565, 0.918138, -0.382308, 0.104231, 0.389165, 0.9195, -0.0554036, -0.0746592, 0.0914312, 0.993009)
    Right Leg.CFrame = CFrame.new(0.149551, -0.0104848, 0.0188672, 0.982803, 0.120565, -0.139864, -0.126833, 0.991242, -0.0367788, 0.134205, 0.0538857, 0.989487)
    Left Arm.CFrame = CFrame.new(-0.30654, 0.85468, 0.188806, -0.631353, 0.297862, 0.716011, -0.148442, -0.95264, 0.26541, 0.761156, 0.061281, 0.645667)
    Right Arm.CFrame = CFrame.new(0.137961, -0.318776, 0.0715408, -0.62508, -0.730317, 0.275522, 0.777105, -0.615434, 0.131717, 0.0733701, 0.296443, 0.952228)

[37]
    Time: 1.241250
    HumanoidRootPart.CFrame = CFrame.new(0, 0, 0, 1, 0, 0, 0, 1, 0, 0, 0, 1)
    Torso.CFrame = CFrame.new(0.0044136, 0.0425949, -0.0213661, 1, 0, 0, 0, 1, -4.37114e-08, 0, 4.37114e-08, 1)
    Left Leg.CFrame = CFrame.new(-1.00435, 0.768039, 0.151231, 0.913775, -0.392008, 0.10651, 0.400053, 0.913934, -0.0684266, -0.0705192, 0.105136, 0.991954)
    Right Leg.CFrame = CFrame.new(0.513295, 0.022572, 0.0704967, 0.924343, 0.355364, -0.138949, -0.363756, 0.930647, -0.039711, 0.115201, 0.0872503, 0.989503)
    Left Arm.CFrame = CFrame.new(-0.30654, 0.854681, 0.188806, -0.631353, 0.297862, 0.716011, -0.148442, -0.95264, 0.26541, 0.761156, 0.061281, 0.645667)
    Right Arm.CFrame = CFrame.new(0.137961, -0.318776, 0.0715408, -0.62508, -0.730317, 0.275522, 0.777105, -0.615434, 0.131717, 0.0733701, 0.296443, 0.952228)

[38]
    Time: 1.275833
    HumanoidRootPart.CFrame = CFrame.new(0, 0, 0, 1, 0, 0, 0, 1, 0, 0, 0, 1)
    Torso.CFrame = CFrame.new(0.0044136, 0.0425949, 0.137874, 1, 0, 0, 0, 1, -4.37114e-08, 0, 4.37114e-08, 1)
    Left Leg.CFrame = CFrame.new(-1.00293, 0.781018, 0.153007, 0.914113, -0.39116, 0.106729, 0.399317, 0.914161, -0.069686, -0.0703095, 0.10632, 0.991843)
    Right Leg.CFrame = CFrame.new(0.772038, 0.0640326, 0.103847, 0.843245, 0.520265, -0.135134, -0.530384, 0.846168, -0.0518916, 0.0873486, 0.11543, 0.989468)
    Left Arm.CFrame = CFrame.new(-0.633283, 0.118349, 0.228312, -0.960086, 0.27287, -0.0614615, -0.254062, -0.758834, 0.599686, 0.116997, 0.591365, 0.797872)
    Right Arm.CFrame = CFrame.new(0.368672, -0.261194, 0.0988331, -0.855182, -0.453957, 0.250174, 0.509718, -0.824143, 0.246933, 0.0940823, 0.33869, 0.936182)

[39]
    Time: 1.310417
    HumanoidRootPart.CFrame = CFrame.new(0, 0, 0, 1, 0, 0, 0, 1, 0, 0, 0, 1)
    Torso.CFrame = CFrame.new(0.0044136, 0.0425949, 0.257303, 1, 0, 0, 0, 1, -4.37114e-08, 0, 4.37114e-08, 1)
    Left Leg.CFrame = CFrame.new(-1.04725, 0.231813, 0.00180107, 0.803094, -0.595851, 0.00131114, 0.595819, 0.803023, -0.0124288, 0.00635285, 0.0107627, 0.999922)
    Right Leg.CFrame = CFrame.new(0.958862, 0.0565477, 0.0194545, 0.769949, 0.637397, -0.0300813, -0.637549, 0.766452, -0.0779944, -0.0266575, 0.0792299, 0.9965)
    Left Arm.CFrame = CFrame.new(-0.406807, -0.170912, 0.249299, -0.831878, 0.477904, -0.282113, -0.553333, -0.675385, 0.487522, 0.0424536, 0.561661, 0.826277)
    Right Arm.CFrame = CFrame.new(0.59394, -0.0690259, 0.12198, -0.963226, -0.202014, 0.17716, 0.256964, -0.885253, 0.38768, 0.0785144, 0.418948, 0.90461)

[40]
    Time: 1.345000
    HumanoidRootPart.CFrame = CFrame.new(0, 0, 0, 1, 0, 0, 0, 1, 0, 0, 0, 1)
    Torso.CFrame = CFrame.new(0.0044136, 0.0425949, 0.257303, 1, 0, 0, 0, 1, -4.37114e-08, 0, 4.37114e-08, 1)
    Left Leg.CFrame = CFrame.new(-1.04725, 0.231813, 0.00180107, 0.803094, -0.595851, 0.00131114, 0.595819, 0.803023, -0.0124288, 0.00635285, 0.0107627, 0.999922)
    Right Leg.CFrame = CFrame.new(0.958862, 0.0565477, 0.0194545, 0.769949, 0.637397, -0.0300813, -0.637549, 0.766452, -0.0779944, -0.0266575, 0.0792299, 0.9965)
    Left Arm.CFrame = CFrame.new(-0.406807, -0.170912, 0.249299, -0.831878, 0.477904, -0.282113, -0.553333, -0.675385, 0.487522, 0.0424536, 0.561661, 0.826277)
    Right Arm.CFrame = CFrame.new(0.59394, -0.0690259, 0.12198, -0.963226, -0.202014, 0.17716, 0.256964, -0.885253, 0.38768, 0.0785144, 0.418948, 0.90461)

[41]
    Time: 1.379167
    HumanoidRootPart.CFrame = CFrame.new(0, 0, 0, 1, 0, 0, 0, 1, 0, 0, 0, 1)
    Torso.CFrame = CFrame.new(0.0044136, 0.0425949, 0.151143, 1, 0, 0, 0, 1, -4.37114e-08, 0, 4.37114e-08, 1)
    Left Leg.CFrame = CFrame.new(-0.0457902, -0.0202551, 0.0156496, 0.965631, -0.0171287, 0.25935, 0.036815, 0.996779, -0.0712434, -0.257295, 0.078343, 0.963152)
    Right Leg.CFrame = CFrame.new(0.986627, 0.60507, -0.0149824, 0.952899, 0.303229, 0.00597287, -0.303285, 0.952627, 0.0228036, 0.00122479, -0.023541, 0.999722)
    Left Arm.CFrame = CFrame.new(-0.406807, -0.170912, 0.249299, -0.831878, 0.477904, -0.282113, -0.553333, -0.675385, 0.487522, 0.0424536, 0.561661, 0.826277)
    Right Arm.CFrame = CFrame.new(0.698309, 0.279465, 0.139462, -0.991672, -0.122363, -0.0401671, 0.0902929, -0.88298, 0.460644, -0.0918324, 0.453181, 0.886676)

[42]
    Time: 1.413750
    HumanoidRootPart.CFrame = CFrame.new(0, 0, 0, 1, 0, 0, 0, 1, 0, 0, 0, 1)
    Torso.CFrame = CFrame.new(0.0044136, 0.0425949, -0.00809669, 1, 0, 0, 0, 1, -4.37114e-08, 0, 4.37114e-08, 1)
    Left Leg.CFrame = CFrame.new(0.0254938, -0.0392238, -0.018232, 0.99073, 0.10283, 0.0887746, -0.0956245, 0.99204, -0.0819279, -0.0964926, 0.0726794, 0.992677)
    Right Leg.CFrame = CFrame.new(1.02144, 0.700435, -0.0161114, 0.945775, 0.324643, 0.0108109, -0.32475, 0.945745, 0.0102073, -0.0069106, -0.0131646, 0.99989)
    Left Arm.CFrame = CFrame.new(-0.406807, -0.170913, 0.249299, -0.831878, 0.477904, -0.282113, -0.553333, -0.675385, 0.487522, 0.0424536, 0.561661, 0.826277)
    Right Arm.CFrame = CFrame.new(0.170425, 0.941903, -0.0357724, -0.774224, -0.343195, -0.531785, 0.234561, -0.935975, 0.262548, -0.587842, 0.0785348, 0.805155)

[43]
    Time: 1.448333
    HumanoidRootPart.CFrame = CFrame.new(0, 0, 0, 1, 0, 0, 0, 1, 0, 0, 0, 1)
    Torso.CFrame = CFrame.new(0.0044136, 0.0425949, -0.00809669, 1, 0, 0, 0, 1, -4.37114e-08, 0, 4.37114e-08, 1)
    Left Leg.CFrame = CFrame.new(0.0254938, -0.0392238, -0.018232, 0.99073, 0.10283, 0.0887746, -0.0956245, 0.99204, -0.0819279, -0.0964926, 0.0726794, 0.992677)
    Right Leg.CFrame = CFrame.new(1.02144, 0.700435, -0.0161114, 0.945775, 0.324643, 0.0108109, -0.32475, 0.945745, 0.0102073, -0.0069106, -0.0131646, 0.99989)
    Left Arm.CFrame = CFrame.new(-0.406807, -0.170913, 0.249299, -0.831878, 0.477904, -0.282113, -0.553333, -0.675385, 0.487522, 0.0424536, 0.561661, 0.826277)
    Right Arm.CFrame = CFrame.new(0.170425, 0.941903, -0.0357724, -0.774224, -0.343195, -0.531785, 0.234561, -0.935975, 0.262548, -0.587842, 0.0785348, 0.805155)

[44]
    Time: 1.482917
    HumanoidRootPart.CFrame = CFrame.new(0, 0, 0, 1, 0, 0, 0, 1, 0, 0, 0, 1)
    Torso.CFrame = CFrame.new(0.0044136, 0.0425949, -0.00809669, 1, 0, 0, 0, 1, -4.37114e-08, 0, 4.37114e-08, 1)
    Left Leg.CFrame = CFrame.new(0.0254938, -0.0392238, -0.018232, 0.99073, 0.10283, 0.0887746, -0.0956245, 0.99204, -0.0819279, -0.0964926, 0.0726794, 0.992677)
    Right Leg.CFrame = CFrame.new(1.02144, 0.700435, -0.0161114, 0.945775, 0.324643, 0.0108109, -0.32475, 0.945745, 0.0102073, -0.0069106, -0.0131646, 0.99989)
    Left Arm.CFrame = CFrame.new(-0.406807, -0.170913, 0.249299, -0.831878, 0.477904, -0.282113, -0.553333, -0.675385, 0.487522, 0.0424536, 0.561661, 0.826277)
    Right Arm.CFrame = CFrame.new(0.170425, 0.941903, -0.0357724, -0.774224, -0.343195, -0.531785, 0.234561, -0.935975, 0.262548, -0.587842, 0.0785348, 0.805155)

[45]
    Time: 1.517083
    HumanoidRootPart.CFrame = CFrame.new(0, 0, 0, 1, 0, 0, 0, 1, 0, 0, 0, 1)
    Torso.CFrame = CFrame.new(0.0044136, 0.0425949, -0.00809669, 1, 0, 0, 0, 1, -4.37114e-08, 0, 4.37114e-08, 1)
    Left Leg.CFrame = CFrame.new(0.0254938, -0.0392238, -0.018232, 0.99073, 0.10283, 0.0887746, -0.0956245, 0.99204, -0.0819279, -0.0964926, 0.0726794, 0.992677)
    Right Leg.CFrame = CFrame.new(1.02144, 0.700435, -0.0161114, 0.945775, 0.324643, 0.0108109, -0.32475, 0.945745, 0.0102073, -0.0069106, -0.0131646, 0.99989)
    Left Arm.CFrame = CFrame.new(-0.406807, -0.170913, 0.249299, -0.831878, 0.477904, -0.282113, -0.553333, -0.675385, 0.487522, 0.0424536, 0.561661, 0.826277)
    Right Arm.CFrame = CFrame.new(0.170425, 0.941903, -0.0357724, -0.774224, -0.343195, -0.531785, 0.234561, -0.935975, 0.262548, -0.587842, 0.0785348, 0.805155)

[46]
    Time: 1.551667
    HumanoidRootPart.CFrame = CFrame.new(0, 0, 0, 1, 0, 0, 0, 1, 0, 0, 0, 1)
    Torso.CFrame = CFrame.new(0.0044136, 0.0425949, -0.00809669, 1, 0, 0, 0, 1, -4.37114e-08, 0, 4.37114e-08, 1)
    Left Leg.CFrame = CFrame.new(0.0254938, -0.0392238, -0.018232, 0.99073, 0.10283, 0.0887746, -0.0956245, 0.99204, -0.0819279, -0.0964926, 0.0726794, 0.992677)
    Right Leg.CFrame = CFrame.new(1.02144, 0.700435, -0.0161114, 0.945775, 0.324643, 0.0108109, -0.32475, 0.945745, 0.0102073, -0.0069106, -0.0131646, 0.99989)
    Left Arm.CFrame = CFrame.new(-0.406807, -0.170913, 0.249299, -0.831878, 0.477904, -0.282113, -0.553333, -0.675385, 0.487522, 0.0424536, 0.561661, 0.826277)
    Right Arm.CFrame = CFrame.new(0.170425, 0.941903, -0.0357724, -0.774224, -0.343195, -0.531785, 0.234561, -0.935975, 0.262548, -0.587842, 0.0785348, 0.805155)

[47]
    Time: 1.586250
    HumanoidRootPart.CFrame = CFrame.new(0, 0, 0, 1, 0, 0, 0, 1, 0, 0, 0, 1)
    Torso.CFrame = CFrame.new(0.0044136, 0.0425949, -0.00809669, 1, 0, 0, 0, 1, -4.37114e-08, 0, 4.37114e-08, 1)
    Left Leg.CFrame = CFrame.new(0.0254938, -0.0392238, -0.018232, 0.99073, 0.10283, 0.0887746, -0.0956245, 0.99204, -0.0819279, -0.0964926, 0.0726794, 0.992677)
    Right Leg.CFrame = CFrame.new(1.02144, 0.700435, -0.0161114, 0.945775, 0.324643, 0.0108109, -0.32475, 0.945745, 0.0102073, -0.0069106, -0.0131646, 0.99989)
    Left Arm.CFrame = CFrame.new(-0.406807, -0.170913, 0.249299, -0.831878, 0.477904, -0.282113, -0.553333, -0.675385, 0.487522, 0.0424536, 0.561661, 0.826277)
    Right Arm.CFrame = CFrame.new(0.170425, 0.941903, -0.0357724, -0.774224, -0.343195, -0.531785, 0.234561, -0.935975, 0.262548, -0.587842, 0.0785348, 0.805155)
