[1]
    Time: 0.000000
    HumanoidRootPart.CFrame = CFrame.new(0, 0, 0, 1, 0, 0, 0, 1, 0, 0, 0, 1)
    Torso.CFrame = CFrame.new(0, 0, -0, 1, 0, -0, -0, 0.999962, -0.008687, 0, 0.008687, 0.999962)
    Left Leg.CFrame = CFrame.new(-0.004462, 6.7e-05, -0, 0.999906, 0.013689, 0, -0.013689, 0.999906, -0, -0, 0, 1)
    Right Arm.CFrame = CFrame.new(0.164417, -0.072689, 0.063197, 0.996236, 0.082422, -0.026848, -0.086633, 0.936076, -0.340965, -0.002971, 0.342007, 0.939693)
    Head.CFrame = CFrame.new(0, 0, 0, 1, -0, 0, 0, 0.999962, 0.008687, -0, -0.008687, 0.999962)
    Left Arm.CFrame = CFrame.new(-0.164418, -0.072689, 0.063197, 0.996236, -0.082422, 0.026848, 0.086633, 0.936076, -0.340965, 0.002971, 0.342007, 0.939693)
    Right Leg.CFrame = CFrame.new(0.004411, 6.6e-05, 0, 0.999909, -0.013479, 0, 0.013478, 0.999909, 0, -0, -0, 1)

[2]
    Time: 0.133333
    HumanoidRootPart.CFrame = CFrame.new(0, 0, 0, 1, 0, 0, 0, 1, 0, 0, 0, 1)
    Torso.CFrame = CFrame.new(0.137358, 0, -0.039245, 0.998038, 0.058961, -0.021049, -0.059141, 0.998217, -0.008064, 0.020536, 0.009293, 0.999746)
    Left Leg.CFrame = CFrame.new(-0.197026, -0.047917, -0.003351, 0.993946, -0.109715, -0.005794, 0.108332, 0.987474, -0.114715, 0.018307, 0.113393, 0.993382)
    Right Arm.CFrame = CFrame.new(0.164417, -0.072689, 0.063197, 0.996236, 0.082422, -0.026848, -0.086633, 0.936076, -0.340965, -0.002971, 0.342007, 0.939693)
    Head.CFrame = CFrame.new(0, 0, 0, 0.998038, -0.059141, 0.020536, 0.058961, 0.998217, 0.009293, -0.021049, -0.008064, 0.999746)
    Left Arm.CFrame = CFrame.new(-0.164418, -0.07269, 0.063197, 0.996236, -0.082422, 0.026848, 0.086633, 0.936076, -0.340965, 0.002971, 0.342007, 0.939693)
    Right Leg.CFrame = CFrame.new(0.269136, 0.085635, -0.004976, 0.992621, 0.121115, -0.005844, -0.119651, 0.986158, 0.114788, 0.019666, -0.113242, 0.993373)

[3]
    Time: 0.200000
    HumanoidRootPart.CFrame = CFrame.new(0, 0, 0, 1, 0, 0, 0, 1, 0, 0, 0, 1)
    Torso.CFrame = CFrame.new(0.482714, 0, -0.235471, 0.975109, 0.161938, -0.151455, -0.163828, 0.986489, 0, 0.149408, 0.024813, 0.988464)
    Left Leg.CFrame = CFrame.new(-0.2753, -0.221978, -0.082708, 0.98947, -0.092323, -0.111467, 0.024025, 0.864225, -0.502531, 0.142728, 0.494562, 0.857343)
    Right Arm.CFrame = CFrame.new(0.164417, -0.072689, 0.063197, 0.996236, 0.082422, -0.026848, -0.086633, 0.936076, -0.340965, -0.002971, 0.342007, 0.939693)
    Head.CFrame = CFrame.new(0, 0, -0, 0.975109, -0.163828, 0.149408, 0.161938, 0.986489, 0.024813, -0.151455, 0, 0.988464)
    Left Arm.CFrame = CFrame.new(-0.164417, -0.072689, 0.063197, 0.996236, -0.082422, 0.026848, 0.086633, 0.936076, -0.340965, 0.002971, 0.342007, 0.939693)
    Right Leg.CFrame = CFrame.new(0.438053, 0.417839, -0.099413, 0.978371, 0.163225, -0.127072, -0.074386, 0.850822, 0.520163, 0.193019, -0.49946, 0.844561)

[4]
    Time: 0.300000
    HumanoidRootPart.CFrame = CFrame.new(0, 0, 0, 1, 0, 0, 0, 1, 0, 0, 0, 1)
    Torso.CFrame = CFrame.new(0.294338, 0, -0.129509, 0.992805, 0.086526, -0.082779, -0.087293, 0.996167, -0.005684, 0.08197, 0.012869, 0.996552)
    Left Leg.CFrame = CFrame.new(-0.310769, -0.126005, -0.037368, 0.986055, -0.150314, -0.071429, 0.122012, 0.944838, -0.303965, 0.113179, 0.291011, 0.950002)
    Right Arm.CFrame = CFrame.new(0.164417, -0.072689, 0.063197, 0.996236, 0.082422, -0.026848, -0.086633, 0.936076, -0.340965, -0.002971, 0.342007, 0.939693)
    Head.CFrame = CFrame.new(0, -0, 0, 0.992805, -0.087293, 0.08197, 0.086526, 0.996166, 0.012869, -0.082779, -0.005684, 0.996552)
    Left Arm.CFrame = CFrame.new(-0.164418, -0.072689, 0.063197, 0.996236, -0.082422, 0.026848, 0.086633, 0.936076, -0.340965, 0.002971, 0.342007, 0.939693)
    Right Leg.CFrame = CFrame.new(0.417833, 0.246531, -0.01936, 0.975517, 0.206176, -0.076535, -0.17313, 0.934557, 0.310854, 0.135617, -0.289993, 0.947371)

[5]
    Time: 0.450000
    HumanoidRootPart.CFrame = CFrame.new(0, 0, 0, 1, 0, 0, 0, 1, 0, 0, 0, 1)
    Torso.CFrame = CFrame.new(0.137358, 0, -0.039245, 0.998038, 0.058961, -0.021049, -0.059141, 0.998217, -0.008064, 0.020536, 0.009293, 0.999746)
    Left Leg.CFrame = CFrame.new(-0.197026, -0.047917, -0.003351, 0.993946, -0.109715, -0.005794, 0.108332, 0.987474, -0.114715, 0.018307, 0.113393, 0.993382)
    Right Arm.CFrame = CFrame.new(0.164417, -0.072689, 0.063197, 0.996236, 0.082422, -0.026848, -0.086633, 0.936076, -0.340965, -0.002971, 0.342007, 0.939693)
    Head.CFrame = CFrame.new(0, 0, 0, 0.998038, -0.059141, 0.020536, 0.058961, 0.998217, 0.009293, -0.021049, -0.008064, 0.999746)
    Left Arm.CFrame = CFrame.new(-0.164418, -0.07269, 0.063197, 0.996236, -0.082422, 0.026848, 0.086633, 0.936076, -0.340965, 0.002971, 0.342007, 0.939693)
    Right Leg.CFrame = CFrame.new(0.269136, 0.085635, -0.004976, 0.992621, 0.121115, -0.005844, -0.119651, 0.986158, 0.114788, 0.019666, -0.113242, 0.993373)

[6]
    Time: 0.500000
    HumanoidRootPart.CFrame = CFrame.new(0, 0, 0, 1, 0, 0, 0, 1, 0, 0, 0, 1)
    Torso.CFrame = CFrame.new(0, 0, -0, 1, 0, -0, -0, 0.999962, -0.008687, 0, 0.008687, 0.999962)
    Left Leg.CFrame = CFrame.new(-0.004462, 6.7e-05, -0, 0.999906, 0.013689, 0, -0.013689, 0.999906, -0, -0, 0, 1)
    Right Arm.CFrame = CFrame.new(0.164417, -0.072689, 0.063197, 0.996236, 0.082422, -0.026848, -0.086633, 0.936076, -0.340965, -0.002971, 0.342007, 0.939693)
    Head.CFrame = CFrame.new(0, 0, 0, 1, -0, 0, 0, 0.999962, 0.008687, -0, -0.008687, 0.999962)
    Left Arm.CFrame = CFrame.new(-0.164418, -0.072689, 0.063197, 0.996236, -0.082422, 0.026848, 0.086633, 0.936076, -0.340965, 0.002971, 0.342007, 0.939693)
    Right Leg.CFrame = CFrame.new(0.004411, 6.6e-05, 0, 0.999909, -0.013479, 0, 0.013478, 0.999909, 0, -0, -0, 1)

[7]
    Time: 0.633333
    HumanoidRootPart.CFrame = CFrame.new(0, 0, 0, 1, 0, 0, 0, 1, 0, 0, 0, 1)
    Torso.CFrame = CFrame.new(-0.137358, 0, -0.039245, 0.998038, -0.059141, 0.020536, 0.058961, 0.998217, 0.009293, -0.021049, -0.008064, 0.999746)
    Left Leg.CFrame = CFrame.new(-0.272726, 0.078863, -0.004628, 0.98873, -0.149647, 0.004276, 0.148153, 0.982167, 0.115755, -0.021522, -0.113817, 0.993269)
    Right Arm.CFrame = CFrame.new(0.164417, -0.072689, 0.063197, 0.996236, 0.082422, -0.026848, -0.086633, 0.936076, -0.340965, -0.002971, 0.342007, 0.939693)
    Head.CFrame = CFrame.new(0, 0, 0, 0.998038, 0.058961, -0.021049, -0.059141, 0.998217, -0.008064, 0.020536, 0.009293, 0.999746)
    Left Arm.CFrame = CFrame.new(-0.164418, -0.072689, 0.063197, 0.996236, -0.082422, 0.026848, 0.086633, 0.936076, -0.340965, 0.002971, 0.342007, 0.939693)
    Right Leg.CFrame = CFrame.new(0.193869, -0.053904, -0.003714, 0.990729, 0.135789, 0.004205, -0.134398, 0.984156, -0.115649, -0.019842, 0.114012, 0.993281)

[8]
    Time: 0.700000
    HumanoidRootPart.CFrame = CFrame.new(0, 0, 0, 1, 0, 0, 0, 1, 0, 0, 0, 1)
    Torso.CFrame = CFrame.new(-0.482714, 0, -0.235471, 0.975109, -0.163828, 0.149408, 0.161938, 0.986489, 0.024812, -0.151454, 0, 0.988464)
    Left Leg.CFrame = CFrame.new(-0.452841, 0.404374, -0.095764, 0.971859, -0.203913, 0.117939, 0.112653, 0.84203, 0.527537, -0.20688, -0.499405, 0.841305)
    Right Arm.CFrame = CFrame.new(0.164417, -0.072689, 0.063197, 0.996236, 0.082422, -0.026848, -0.086633, 0.936076, -0.340965, -0.002971, 0.342007, 0.939693)
    Head.CFrame = CFrame.new(0, -0, 0, 0.975109, 0.161938, -0.151454, -0.163828, 0.986489, 0, 0.149408, 0.024812, 0.988464)
    Left Arm.CFrame = CFrame.new(-0.164418, -0.072689, 0.063197, 0.996236, -0.082422, 0.026848, 0.086633, 0.936076, -0.340965, 0.002971, 0.342007, 0.939693)
    Right Leg.CFrame = CFrame.new(0.264899, -0.233977, -0.085985, 0.986862, 0.125207, 0.102114, -0.056348, 0.859056, -0.50877, -0.151423, 0.496332, 0.854825)

[9]
    Time: 0.800000
    HumanoidRootPart.CFrame = CFrame.new(0, 0, 0, 1, 0, 0, 0, 1, 0, 0, 0, 1)
    Torso.CFrame = CFrame.new(-0.294338, 0, -0.129509, 0.992805, -0.087292, 0.081969, 0.086525, 0.996167, 0.012869, -0.082778, -0.005684, 0.996552)
    Left Leg.CFrame = CFrame.new(-0.424279, 0.235327, -0.017449, 0.968991, -0.236245, 0.072422, 0.202623, 0.927442, 0.314318, -0.141424, -0.289897, 0.946551)
    Right Arm.CFrame = CFrame.new(0.164417, -0.072689, 0.063197, 0.996236, 0.082422, -0.026848, -0.086633, 0.936076, -0.340965, -0.002971, 0.342007, 0.939693)
    Head.CFrame = CFrame.new(0, -0, 0, 0.992805, 0.086525, -0.082778, -0.087292, 0.996167, -0.005684, 0.081969, 0.012869, 0.996552)
    Left Arm.CFrame = CFrame.new(-0.164418, -0.072689, 0.063197, 0.996236, -0.082422, 0.026848, 0.086633, 0.936076, -0.340965, 0.002971, 0.342007, 0.939693)
    Right Leg.CFrame = CFrame.new(0.306751, -0.1358, -0.038964, 0.981805, 0.177577, 0.067274, -0.148963, 0.939947, -0.3071, -0.117768, 0.29149, 0.949297)

[10]
    Time: 0.950000
    HumanoidRootPart.CFrame = CFrame.new(0, 0, 0, 1, 0, 0, 0, 1, 0, 0, 0, 1)
    Torso.CFrame = CFrame.new(-0.137358, 0, -0.039245, 0.998038, -0.059141, 0.020536, 0.058961, 0.998217, 0.009293, -0.021049, -0.008064, 0.999746)
    Left Leg.CFrame = CFrame.new(-0.272726, 0.078863, -0.004628, 0.98873, -0.149647, 0.004276, 0.148153, 0.982167, 0.115755, -0.021522, -0.113817, 0.993269)
    Right Arm.CFrame = CFrame.new(0.164417, -0.072689, 0.063197, 0.996236, 0.082422, -0.026848, -0.086633, 0.936076, -0.340965, -0.002971, 0.342007, 0.939693)
    Head.CFrame = CFrame.new(0, 0, 0, 0.998038, 0.058961, -0.021049, -0.059141, 0.998217, -0.008064, 0.020536, 0.009293, 0.999746)
    Left Arm.CFrame = CFrame.new(-0.164418, -0.072689, 0.063197, 0.996236, -0.082422, 0.026848, 0.086633, 0.936076, -0.340965, 0.002971, 0.342007, 0.939693)
    Right Leg.CFrame = CFrame.new(0.193869, -0.053904, -0.003714, 0.990729, 0.135789, 0.004205, -0.134398, 0.984156, -0.115649, -0.019842, 0.114012, 0.993281)

[11]
    Time: 1.000000
    HumanoidRootPart.CFrame = CFrame.new(0, 0, 0, 1, 0, 0, 0, 1, 0, 0, 0, 1)
    Torso.CFrame = CFrame.new(0, 0, -0, 1, 0, -0, -0, 0.999962, -0.008687, 0, 0.008687, 0.999962)
    Left Leg.CFrame = CFrame.new(-0.004462, 6.7e-05, -0, 0.999906, 0.013689, 0, -0.013689, 0.999906, -0, -0, 0, 1)
    Right Arm.CFrame = CFrame.new(0.164417, -0.072689, 0.063197, 0.996236, 0.082422, -0.026848, -0.086633, 0.936076, -0.340965, -0.002971, 0.342007, 0.939693)
    Head.CFrame = CFrame.new(0, 0, 0, 1, -0, 0, 0, 0.999962, 0.008687, -0, -0.008687, 0.999962)
    Left Arm.CFrame = CFrame.new(-0.164418, -0.072689, 0.063197, 0.996236, -0.082422, 0.026848, 0.086633, 0.936076, -0.340965, 0.002971, 0.342007, 0.939693)
    Right Leg.CFrame = CFrame.new(0.004411, 6.6e-05, 0, 0.999909, -0.013479, 0, 0.013478, 0.999909, 0, -0, -0, 1)

[12]
    Time: 1.133333
    HumanoidRootPart.CFrame = CFrame.new(0, 0, 0, 1, 0, 0, 0, 1, 0, 0, 0, 1)
    Torso.CFrame = CFrame.new(0.137358, 0, -0.039245, 0.998038, 0.058961, -0.021049, -0.059141, 0.998217, -0.008064, 0.020536, 0.009293, 0.999746)
    Left Leg.CFrame = CFrame.new(-0.197026, -0.047917, -0.003351, 0.993946, -0.109715, -0.005794, 0.108332, 0.987474, -0.114715, 0.018307, 0.113393, 0.993382)
    Right Arm.CFrame = CFrame.new(0.164417, -0.072689, 0.063197, 0.996236, 0.082422, -0.026848, -0.086633, 0.936076, -0.340965, -0.002971, 0.342007, 0.939693)
    Head.CFrame = CFrame.new(0, 0, 0, 0.998038, -0.059141, 0.020536, 0.058961, 0.998217, 0.009293, -0.021049, -0.008064, 0.999746)
    Left Arm.CFrame = CFrame.new(-0.164418, -0.07269, 0.063197, 0.996236, -0.082422, 0.026848, 0.086633, 0.936076, -0.340965, 0.002971, 0.342007, 0.939693)
    Right Leg.CFrame = CFrame.new(0.269136, 0.085635, -0.004976, 0.992621, 0.121115, -0.005844, -0.119651, 0.986158, 0.114788, 0.019666, -0.113242, 0.993373)

[13]
    Time: 1.200000
    HumanoidRootPart.CFrame = CFrame.new(0, 0, 0, 1, 0, 0, 0, 1, 0, 0, 0, 1)
    Torso.CFrame = CFrame.new(0.482714, 0, -0.235471, 0.975109, 0.161938, -0.151455, -0.163828, 0.986489, 0, 0.149408, 0.024813, 0.988464)
    Left Leg.CFrame = CFrame.new(-0.2753, -0.221978, -0.082708, 0.98947, -0.092323, -0.111467, 0.024025, 0.864225, -0.502531, 0.142728, 0.494562, 0.857343)
    Right Arm.CFrame = CFrame.new(0.164417, -0.072689, 0.063197, 0.996236, 0.082422, -0.026848, -0.086633, 0.936076, -0.340965, -0.002971, 0.342007, 0.939693)
    Head.CFrame = CFrame.new(0, 0, -0, 0.975109, -0.163828, 0.149408, 0.161938, 0.986489, 0.024813, -0.151455, 0, 0.988464)
    Left Arm.CFrame = CFrame.new(-0.164417, -0.072689, 0.063197, 0.996236, -0.082422, 0.026848, 0.086633, 0.936076, -0.340965, 0.002971, 0.342007, 0.939693)
    Right Leg.CFrame = CFrame.new(0.438053, 0.417839, -0.099413, 0.978371, 0.163225, -0.127072, -0.074386, 0.850822, 0.520163, 0.193019, -0.49946, 0.844561)

[14]
    Time: 1.300000
    HumanoidRootPart.CFrame = CFrame.new(0, 0, 0, 1, 0, 0, 0, 1, 0, 0, 0, 1)
    Torso.CFrame = CFrame.new(0.294338, 0, -0.129509, 0.992805, 0.086526, -0.082779, -0.087293, 0.996167, -0.005684, 0.08197, 0.012869, 0.996552)
    Left Leg.CFrame = CFrame.new(-0.310769, -0.126005, -0.037368, 0.986055, -0.150314, -0.071429, 0.122012, 0.944838, -0.303965, 0.113179, 0.291011, 0.950002)
    Right Arm.CFrame = CFrame.new(0.164417, -0.072689, 0.063197, 0.996236, 0.082422, -0.026848, -0.086633, 0.936076, -0.340965, -0.002971, 0.342007, 0.939693)
    Head.CFrame = CFrame.new(0, -0, 0, 0.992805, -0.087293, 0.08197, 0.086526, 0.996166, 0.012869, -0.082779, -0.005684, 0.996552)
    Left Arm.CFrame = CFrame.new(-0.164418, -0.072689, 0.063197, 0.996236, -0.082422, 0.026848, 0.086633, 0.936076, -0.340965, 0.002971, 0.342007, 0.939693)
    Right Leg.CFrame = CFrame.new(0.417833, 0.246531, -0.01936, 0.975517, 0.206176, -0.076535, -0.17313, 0.934557, 0.310854, 0.135617, -0.289993, 0.947371)

[15]
    Time: 1.450000
    HumanoidRootPart.CFrame = CFrame.new(0, 0, 0, 1, 0, 0, 0, 1, 0, 0, 0, 1)
    Torso.CFrame = CFrame.new(0.137358, 0, -0.039245, 0.998038, 0.058961, -0.021049, -0.059141, 0.998217, -0.008064, 0.020536, 0.009293, 0.999746)
    Left Leg.CFrame = CFrame.new(-0.197026, -0.047917, -0.003351, 0.993946, -0.109715, -0.005794, 0.108332, 0.987474, -0.114715, 0.018307, 0.113393, 0.993382)
    Right Arm.CFrame = CFrame.new(0.164417, -0.072689, 0.063197, 0.996236, 0.082422, -0.026848, -0.086633, 0.936076, -0.340965, -0.002971, 0.342007, 0.939693)
    Head.CFrame = CFrame.new(0, 0, 0, 0.998038, -0.059141, 0.020536, 0.058961, 0.998217, 0.009293, -0.021049, -0.008064, 0.999746)
    Left Arm.CFrame = CFrame.new(-0.164418, -0.07269, 0.063197, 0.996236, -0.082422, 0.026848, 0.086633, 0.936076, -0.340965, 0.002971, 0.342007, 0.939693)
    Right Leg.CFrame = CFrame.new(0.269136, 0.085635, -0.004976, 0.992621, 0.121115, -0.005844, -0.119651, 0.986158, 0.114788, 0.019666, -0.113242, 0.993373)

[16]
    Time: 1.500000
    HumanoidRootPart.CFrame = CFrame.new(0, 0, 0, 1, 0, 0, 0, 1, 0, 0, 0, 1)
    Torso.CFrame = CFrame.new(0, 0, -0, 1, 0, -0, -0, 0.999962, -0.008687, 0, 0.008687, 0.999962)
    Left Leg.CFrame = CFrame.new(-0.004462, 6.7e-05, -0, 0.999906, 0.013689, 0, -0.013689, 0.999906, -0, -0, 0, 1)
    Right Arm.CFrame = CFrame.new(0.164417, -0.072689, 0.063197, 0.996236, 0.082422, -0.026848, -0.086633, 0.936076, -0.340965, -0.002971, 0.342007, 0.939693)
    Head.CFrame = CFrame.new(0, 0, 0, 1, -0, 0, 0, 0.999962, 0.008687, -0, -0.008687, 0.999962)
    Left Arm.CFrame = CFrame.new(-0.164418, -0.072689, 0.063197, 0.996236, -0.082422, 0.026848, 0.086633, 0.936076, -0.340965, 0.002971, 0.342007, 0.939693)
    Right Leg.CFrame = CFrame.new(0.004411, 6.6e-05, 0, 0.999909, -0.013479, 0, 0.013478, 0.999909, 0, -0, -0, 1)

[17]
    Time: 1.633333
    HumanoidRootPart.CFrame = CFrame.new(0, 0, 0, 1, 0, 0, 0, 1, 0, 0, 0, 1)
    Torso.CFrame = CFrame.new(-0.137358, 0, -0.039245, 0.998038, -0.059141, 0.020536, 0.058961, 0.998217, 0.009293, -0.021049, -0.008064, 0.999746)
    Left Leg.CFrame = CFrame.new(-0.272726, 0.078863, -0.004628, 0.98873, -0.149647, 0.004276, 0.148153, 0.982167, 0.115755, -0.021522, -0.113817, 0.993269)
    Right Arm.CFrame = CFrame.new(0.164417, -0.072689, 0.063197, 0.996236, 0.082422, -0.026848, -0.086633, 0.936076, -0.340965, -0.002971, 0.342007, 0.939693)
    Head.CFrame = CFrame.new(0, 0, 0, 0.998038, 0.058961, -0.021049, -0.059141, 0.998217, -0.008064, 0.020536, 0.009293, 0.999746)
    Left Arm.CFrame = CFrame.new(-0.164418, -0.072689, 0.063197, 0.996236, -0.082422, 0.026848, 0.086633, 0.936076, -0.340965, 0.002971, 0.342007, 0.939693)
    Right Leg.CFrame = CFrame.new(0.193869, -0.053904, -0.003714, 0.990729, 0.135789, 0.004205, -0.134398, 0.984156, -0.115649, -0.019842, 0.114012, 0.993281)

[18]
    Time: 1.700000
    HumanoidRootPart.CFrame = CFrame.new(0, 0, 0, 1, 0, 0, 0, 1, 0, 0, 0, 1)
    Torso.CFrame = CFrame.new(-0.482714, 0, -0.235471, 0.975109, -0.163828, 0.149408, 0.161938, 0.986489, 0.024812, -0.151454, 0, 0.988464)
    Left Leg.CFrame = CFrame.new(-0.452841, 0.404374, -0.095764, 0.971859, -0.203913, 0.117939, 0.112653, 0.84203, 0.527537, -0.20688, -0.499405, 0.841305)
    Right Arm.CFrame = CFrame.new(0.164417, -0.072689, 0.063197, 0.996236, 0.082422, -0.026848, -0.086633, 0.936076, -0.340965, -0.002971, 0.342007, 0.939693)
    Head.CFrame = CFrame.new(0, -0, 0, 0.975109, 0.161938, -0.151454, -0.163828, 0.986489, 0, 0.149408, 0.024812, 0.988464)
    Left Arm.CFrame = CFrame.new(-0.164418, -0.072689, 0.063197, 0.996236, -0.082422, 0.026848, 0.086633, 0.936076, -0.340965, 0.002971, 0.342007, 0.939693)
    Right Leg.CFrame = CFrame.new(0.264899, -0.233977, -0.085985, 0.986862, 0.125207, 0.102114, -0.056348, 0.859056, -0.50877, -0.151423, 0.496332, 0.854825)

[19]
    Time: 1.800000
    HumanoidRootPart.CFrame = CFrame.new(0, 0, 0, 1, 0, 0, 0, 1, 0, 0, 0, 1)
    Torso.CFrame = CFrame.new(-0.294338, 0, -0.129509, 0.992805, -0.087292, 0.081969, 0.086525, 0.996167, 0.012869, -0.082778, -0.005684, 0.996552)
    Left Leg.CFrame = CFrame.new(-0.424279, 0.235327, -0.017449, 0.968991, -0.236245, 0.072422, 0.202623, 0.927442, 0.314318, -0.141424, -0.289897, 0.946551)
    Right Arm.CFrame = CFrame.new(0.164417, -0.072689, 0.063197, 0.996236, 0.082422, -0.026848, -0.086633, 0.936076, -0.340965, -0.002971, 0.342007, 0.939693)
    Head.CFrame = CFrame.new(0, -0, 0, 0.992805, 0.086525, -0.082778, -0.087292, 0.996167, -0.005684, 0.081969, 0.012869, 0.996552)
    Left Arm.CFrame = CFrame.new(-0.164418, -0.072689, 0.063197, 0.996236, -0.082422, 0.026848, 0.086633, 0.936076, -0.340965, 0.002971, 0.342007, 0.939693)
    Right Leg.CFrame = CFrame.new(0.306751, -0.1358, -0.038964, 0.981805, 0.177577, 0.067274, -0.148963, 0.939947, -0.3071, -0.117768, 0.29149, 0.949297)

[20]
    Time: 1.950000
    HumanoidRootPart.CFrame = CFrame.new(0, 0, 0, 1, 0, 0, 0, 1, 0, 0, 0, 1)
    Torso.CFrame = CFrame.new(-0.137358, 0, -0.039245, 0.998038, -0.059141, 0.020536, 0.058961, 0.998217, 0.009293, -0.021049, -0.008064, 0.999746)
    Left Leg.CFrame = CFrame.new(-0.272726, 0.078863, -0.004628, 0.98873, -0.149647, 0.004276, 0.148153, 0.982167, 0.115755, -0.021522, -0.113817, 0.993269)
    Right Arm.CFrame = CFrame.new(0.164417, -0.072689, 0.063197, 0.996236, 0.082422, -0.026848, -0.086633, 0.936076, -0.340965, -0.002971, 0.342007, 0.939693)
    Head.CFrame = CFrame.new(0, 0, 0, 0.998038, 0.058961, -0.021049, -0.059141, 0.998217, -0.008064, 0.020536, 0.009293, 0.999746)
    Left Arm.CFrame = CFrame.new(-0.164418, -0.072689, 0.063197, 0.996236, -0.082422, 0.026848, 0.086633, 0.936076, -0.340965, 0.002971, 0.342007, 0.939693)
    Right Leg.CFrame = CFrame.new(0.193869, -0.053904, -0.003714, 0.990729, 0.135789, 0.004205, -0.134398, 0.984156, -0.115649, -0.019842, 0.114012, 0.993281)

[21]
    Time: 2.000000
    HumanoidRootPart.CFrame = CFrame.new(0, 0, 0, 1, 0, 0, 0, 1, 0, 0, 0, 1)
    Torso.CFrame = CFrame.new(0, 0, -0, 1, 0, -0, -0, 0.999962, -0.008687, 0, 0.008687, 0.999962)
    Left Leg.CFrame = CFrame.new(-0.004462, 6.7e-05, -0, 0.999906, 0.013689, 0, -0.013689, 0.999906, -0, -0, 0, 1)
    Right Arm.CFrame = CFrame.new(0.164417, -0.072689, 0.063197, 0.996236, 0.082422, -0.026848, -0.086633, 0.936076, -0.340965, -0.002971, 0.342007, 0.939693)
    Head.CFrame = CFrame.new(0, 0, 0, 1, -0, 0, 0, 0.999962, 0.008687, -0, -0.008687, 0.999962)
    Left Arm.CFrame = CFrame.new(-0.164418, -0.072689, 0.063197, 0.996236, -0.082422, 0.026848, 0.086633, 0.936076, -0.340965, 0.002971, 0.342007, 0.939693)
    Right Leg.CFrame = CFrame.new(0.004411, 6.6e-05, 0, 0.999909, -0.013479, 0, 0.013478, 0.999909, 0, -0, -0, 1)

[22]
    Time: 2.133333
    HumanoidRootPart.CFrame = CFrame.new(0, 0, 0, 1, 0, 0, 0, 1, 0, 0, 0, 1)
    Torso.CFrame = CFrame.new(0.137358, 0, -0.039245, 0.998038, 0.058961, -0.021049, -0.059141, 0.998217, -0.008064, 0.020536, 0.009293, 0.999746)
    Left Leg.CFrame = CFrame.new(-0.197026, -0.047917, -0.003351, 0.993946, -0.109715, -0.005794, 0.108332, 0.987474, -0.114715, 0.018307, 0.113393, 0.993382)
    Right Arm.CFrame = CFrame.new(0.164417, -0.072689, 0.063197, 0.996236, 0.082422, -0.026848, -0.086633, 0.936076, -0.340965, -0.002971, 0.342007, 0.939693)
    Head.CFrame = CFrame.new(0, 0, 0, 0.998038, -0.059141, 0.020536, 0.058961, 0.998217, 0.009293, -0.021049, -0.008064, 0.999746)
    Left Arm.CFrame = CFrame.new(-0.164418, -0.07269, 0.063197, 0.996236, -0.082422, 0.026848, 0.086633, 0.936076, -0.340965, 0.002971, 0.342007, 0.939693)
    Right Leg.CFrame = CFrame.new(0.269136, 0.085635, -0.004976, 0.992621, 0.121115, -0.005844, -0.119651, 0.986158, 0.114788, 0.019666, -0.113242, 0.993373)

[23]
    Time: 2.200000
    HumanoidRootPart.CFrame = CFrame.new(0, 0, 0, 1, 0, 0, 0, 1, 0, 0, 0, 1)
    Torso.CFrame = CFrame.new(0.482714, 0, -0.235471, 0.975109, 0.161938, -0.151455, -0.163828, 0.986489, 0, 0.149408, 0.024813, 0.988464)
    Left Leg.CFrame = CFrame.new(-0.2753, -0.221978, -0.082708, 0.98947, -0.092323, -0.111467, 0.024025, 0.864225, -0.502531, 0.142728, 0.494562, 0.857343)
    Right Arm.CFrame = CFrame.new(0.164417, -0.072689, 0.063197, 0.996236, 0.082422, -0.026848, -0.086633, 0.936076, -0.340965, -0.002971, 0.342007, 0.939693)
    Head.CFrame = CFrame.new(0, 0, -0, 0.975109, -0.163828, 0.149408, 0.161938, 0.986489, 0.024813, -0.151455, 0, 0.988464)
    Left Arm.CFrame = CFrame.new(-0.164417, -0.072689, 0.063197, 0.996236, -0.082422, 0.026848, 0.086633, 0.936076, -0.340965, 0.002971, 0.342007, 0.939693)
    Right Leg.CFrame = CFrame.new(0.438053, 0.417839, -0.099413, 0.978371, 0.163225, -0.127072, -0.074386, 0.850822, 0.520163, 0.193019, -0.49946, 0.844561)

[24]
    Time: 2.300000
    HumanoidRootPart.CFrame = CFrame.new(0, 0, 0, 1, 0, 0, 0, 1, 0, 0, 0, 1)
    Torso.CFrame = CFrame.new(0.294338, 0, -0.129509, 0.992805, 0.086526, -0.082779, -0.087293, 0.996167, -0.005684, 0.08197, 0.012869, 0.996552)
    Left Leg.CFrame = CFrame.new(-0.310769, -0.126005, -0.037368, 0.986055, -0.150314, -0.071429, 0.122012, 0.944838, -0.303965, 0.113179, 0.291011, 0.950002)
    Right Arm.CFrame = CFrame.new(0.164417, -0.072689, 0.063197, 0.996236, 0.082422, -0.026848, -0.086633, 0.936076, -0.340965, -0.002971, 0.342007, 0.939693)
    Head.CFrame = CFrame.new(0, -0, 0, 0.992805, -0.087293, 0.08197, 0.086526, 0.996166, 0.012869, -0.082779, -0.005684, 0.996552)
    Left Arm.CFrame = CFrame.new(-0.164418, -0.072689, 0.063197, 0.996236, -0.082422, 0.026848, 0.086633, 0.936076, -0.340965, 0.002971, 0.342007, 0.939693)
    Right Leg.CFrame = CFrame.new(0.417833, 0.246531, -0.01936, 0.975517, 0.206176, -0.076535, -0.17313, 0.934557, 0.310854, 0.135617, -0.289993, 0.947371)

[25]
    Time: 2.450000
    HumanoidRootPart.CFrame = CFrame.new(0, 0, 0, 1, 0, 0, 0, 1, 0, 0, 0, 1)
    Torso.CFrame = CFrame.new(0.137358, 0, -0.039245, 0.998038, 0.058961, -0.021049, -0.059141, 0.998217, -0.008064, 0.020536, 0.009293, 0.999746)
    Left Leg.CFrame = CFrame.new(-0.197026, -0.047917, -0.003351, 0.993946, -0.109715, -0.005794, 0.108332, 0.987474, -0.114715, 0.018307, 0.113393, 0.993382)
    Right Arm.CFrame = CFrame.new(0.164417, -0.072689, 0.063197, 0.996236, 0.082422, -0.026848, -0.086633, 0.936076, -0.340965, -0.002971, 0.342007, 0.939693)
    Head.CFrame = CFrame.new(0, 0, 0, 0.998038, -0.059141, 0.020536, 0.058961, 0.998217, 0.009293, -0.021049, -0.008064, 0.999746)
    Left Arm.CFrame = CFrame.new(-0.164418, -0.07269, 0.063197, 0.996236, -0.082422, 0.026848, 0.086633, 0.936076, -0.340965, 0.002971, 0.342007, 0.939693)
    Right Leg.CFrame = CFrame.new(0.269136, 0.085635, -0.004976, 0.992621, 0.121115, -0.005844, -0.119651, 0.986158, 0.114788, 0.019666, -0.113242, 0.993373)

[26]
    Time: 2.500000
    HumanoidRootPart.CFrame = CFrame.new(0, 0, 0, 1, 0, 0, 0, 1, 0, 0, 0, 1)
    Torso.CFrame = CFrame.new(0, 0, -0, 1, 0, -0, -0, 0.999962, -0.008687, 0, 0.008687, 0.999962)
    Left Leg.CFrame = CFrame.new(-0.004462, 6.7e-05, -0, 0.999906, 0.013689, 0, -0.013689, 0.999906, -0, -0, 0, 1)
    Right Arm.CFrame = CFrame.new(0.164417, -0.072689, 0.063197, 0.996236, 0.082422, -0.026848, -0.086633, 0.936076, -0.340965, -0.002971, 0.342007, 0.939693)
    Head.CFrame = CFrame.new(0, 0, 0, 1, -0, 0, 0, 0.999962, 0.008687, -0, -0.008687, 0.999962)
    Left Arm.CFrame = CFrame.new(-0.164418, -0.072689, 0.063197, 0.996236, -0.082422, 0.026848, 0.086633, 0.936076, -0.340965, 0.002971, 0.342007, 0.939693)
    Right Leg.CFrame = CFrame.new(0.004411, 6.6e-05, 0, 0.999909, -0.013479, 0, 0.013478, 0.999909, 0, -0, -0, 1)

[27]
    Time: 2.633333
    HumanoidRootPart.CFrame = CFrame.new(0, 0, 0, 1, 0, 0, 0, 1, 0, 0, 0, 1)
    Torso.CFrame = CFrame.new(-0.137358, 0, -0.039245, 0.998038, -0.059141, 0.020536, 0.058961, 0.998217, 0.009293, -0.021049, -0.008064, 0.999746)
    Left Leg.CFrame = CFrame.new(-0.272726, 0.078863, -0.004628, 0.98873, -0.149647, 0.004276, 0.148153, 0.982167, 0.115755, -0.021522, -0.113817, 0.993269)
    Right Arm.CFrame = CFrame.new(0.164417, -0.072689, 0.063197, 0.996236, 0.082422, -0.026848, -0.086633, 0.936076, -0.340965, -0.002971, 0.342007, 0.939693)
    Head.CFrame = CFrame.new(0, 0, 0, 0.998038, 0.058961, -0.021049, -0.059141, 0.998217, -0.008064, 0.020536, 0.009293, 0.999746)
    Left Arm.CFrame = CFrame.new(-0.164418, -0.072689, 0.063197, 0.996236, -0.082422, 0.026848, 0.086633, 0.936076, -0.340965, 0.002971, 0.342007, 0.939693)
    Right Leg.CFrame = CFrame.new(0.193869, -0.053904, -0.003714, 0.990729, 0.135789, 0.004205, -0.134398, 0.984156, -0.115649, -0.019842, 0.114012, 0.993281)

[28]
    Time: 2.700000
    HumanoidRootPart.CFrame = CFrame.new(0, 0, 0, 1, 0, 0, 0, 1, 0, 0, 0, 1)
    Torso.CFrame = CFrame.new(-0.482714, 0, -0.235471, 0.975109, -0.163828, 0.149408, 0.161938, 0.986489, 0.024812, -0.151454, 0, 0.988464)
    Left Leg.CFrame = CFrame.new(-0.452841, 0.404374, -0.095764, 0.971859, -0.203913, 0.117939, 0.112653, 0.84203, 0.527537, -0.20688, -0.499405, 0.841305)
    Right Arm.CFrame = CFrame.new(0.164417, -0.072689, 0.063197, 0.996236, 0.082422, -0.026848, -0.086633, 0.936076, -0.340965, -0.002971, 0.342007, 0.939693)
    Head.CFrame = CFrame.new(0, -0, 0, 0.975109, 0.161938, -0.151454, -0.163828, 0.986489, 0, 0.149408, 0.024812, 0.988464)
    Left Arm.CFrame = CFrame.new(-0.164418, -0.072689, 0.063197, 0.996236, -0.082422, 0.026848, 0.086633, 0.936076, -0.340965, 0.002971, 0.342007, 0.939693)
    Right Leg.CFrame = CFrame.new(0.264899, -0.233977, -0.085985, 0.986862, 0.125207, 0.102114, -0.056348, 0.859056, -0.50877, -0.151423, 0.496332, 0.854825)

[29]
    Time: 2.800000
    HumanoidRootPart.CFrame = CFrame.new(0, 0, 0, 1, 0, 0, 0, 1, 0, 0, 0, 1)
    Torso.CFrame = CFrame.new(-0.294338, 0, -0.129509, 0.992805, -0.087292, 0.081969, 0.086525, 0.996167, 0.012869, -0.082778, -0.005684, 0.996552)
    Left Leg.CFrame = CFrame.new(-0.424279, 0.235327, -0.017449, 0.968991, -0.236245, 0.072422, 0.202623, 0.927442, 0.314318, -0.141424, -0.289897, 0.946551)
    Right Arm.CFrame = CFrame.new(0.164417, -0.072689, 0.063197, 0.996236, 0.082422, -0.026848, -0.086633, 0.936076, -0.340965, -0.002971, 0.342007, 0.939693)
    Head.CFrame = CFrame.new(0, -0, 0, 0.992805, 0.086525, -0.082778, -0.087292, 0.996167, -0.005684, 0.081969, 0.012869, 0.996552)
    Left Arm.CFrame = CFrame.new(-0.164418, -0.072689, 0.063197, 0.996236, -0.082422, 0.026848, 0.086633, 0.936076, -0.340965, 0.002971, 0.342007, 0.939693)
    Right Leg.CFrame = CFrame.new(0.306751, -0.1358, -0.038964, 0.981805, 0.177577, 0.067274, -0.148963, 0.939947, -0.3071, -0.117768, 0.29149, 0.949297)

[30]
    Time: 2.950000
    HumanoidRootPart.CFrame = CFrame.new(0, 0, 0, 1, 0, 0, 0, 1, 0, 0, 0, 1)
    Torso.CFrame = CFrame.new(-0.137358, 0, -0.039245, 0.998038, -0.059141, 0.020536, 0.058961, 0.998217, 0.009293, -0.021049, -0.008064, 0.999746)
    Left Leg.CFrame = CFrame.new(-0.272726, 0.078863, -0.004628, 0.98873, -0.149647, 0.004276, 0.148153, 0.982167, 0.115755, -0.021522, -0.113817, 0.993269)
    Right Arm.CFrame = CFrame.new(0.164417, -0.072689, 0.063197, 0.996236, 0.082422, -0.026848, -0.086633, 0.936076, -0.340965, -0.002971, 0.342007, 0.939693)
    Head.CFrame = CFrame.new(0, 0, 0, 0.998038, 0.058961, -0.021049, -0.059141, 0.998217, -0.008064, 0.020536, 0.009293, 0.999746)
    Left Arm.CFrame = CFrame.new(-0.164418, -0.072689, 0.063197, 0.996236, -0.082422, 0.026848, 0.086633, 0.936076, -0.340965, 0.002971, 0.342007, 0.939693)
    Right Leg.CFrame = CFrame.new(0.193869, -0.053904, -0.003714, 0.990729, 0.135789, 0.004205, -0.134398, 0.984156, -0.115649, -0.019842, 0.114012, 0.993281)

[31]
    Time: 3.000000
    HumanoidRootPart.CFrame = CFrame.new(0, 0, 0, 1, 0, 0, 0, 1, 0, 0, 0, 1)
    Torso.CFrame = CFrame.new(0, 0, -0, 1, 0, -0, 0, 0.999962, 0.008687, 0, -0.008687, 0.999962)
    Left Leg.CFrame = CFrame.new(-0.004463, -5.7e-05, -0, 0.999903, -0.013899, 0, 0.013899, 0.999903, -0, -0, 0, 1)
    Right Arm.CFrame = CFrame.new(0.164417, -0.072689, 0.063197, 0.996236, 0.082422, -0.026848, -0.086633, 0.936076, -0.340965, -0.002971, 0.342007, 0.939693)
    Head.CFrame = CFrame.new(0, 0, 0, 1, -0, 0, 0, 0.999962, -0.008687, -0, 0.008687, 0.999962)
    Left Arm.CFrame = CFrame.new(-0.164418, -0.072689, 0.063197, 0.996236, -0.082422, 0.026848, 0.086633, 0.936076, -0.340965, 0.002971, 0.342007, 0.939693)
    Right Leg.CFrame = CFrame.new(0.004411, -5.6e-05, 0, 0.9999, 0.014109, 0, -0.014109, 0.9999, 0, -0, -0, 1)

[32]
    Time: 3.150000
    HumanoidRootPart.CFrame = CFrame.new(0, 0, 0, 1, 0, 0, 0, 1, 0, 0, 0, 1)
    Torso.CFrame = CFrame.new(-0, 0, -0.633056, 1, 0, -0, -0, 0.992106, -0.125403, 0, 0.125403, 0.992106)
    Left Leg.CFrame = CFrame.new(-0.921865, 0.575351, -0.531758, 0.873573, -0.268041, -0.406232, 0.393812, 0.879743, 0.266391, 0.285976, -0.39269, 0.874078)
    Right Arm.CFrame = CFrame.new(-0.015534, -0.262904, 0.233962, 0.086824, -0.699769, 0.709073, 0.984808, 0.167731, 0.044943, -0.150384, 0.694398, 0.703701)
    Head.CFrame = CFrame.new(0, -0, -0, 1, -0, 0, 0, 0.992106, 0.125403, -0, -0.125403, 0.992106)
    Left Arm.CFrame = CFrame.new(-0.036862, -0.268066, 0.233962, 0.086824, 0.699769, -0.709073, -0.984808, 0.167731, 0.044943, 0.150384, 0.694398, 0.703701)
    Right Leg.CFrame = CFrame.new(0.921867, 0.575331, -0.531753, 0.873507, 0.268255, 0.406232, -0.394028, 0.879646, 0.266391, -0.28588, -0.392761, 0.874078)

[33]
    Time: 3.216667
    HumanoidRootPart.CFrame = CFrame.new(0, 0, 0, 1, 0, 0, 0, 1, 0, 0, 0, 1)
    Torso.CFrame = CFrame.new(0, 0, -0.771069, 1, 0, -0, -0, 0.972635, -0.232339, 0, 0.232339, 0.972635)
    Left Leg.CFrame = CFrame.new(-0.754192, 0.850612, -0.547238, 0.946196, -0.085705, -0.312039, 0.20123, 0.911003, 0.359971, 0.253417, -0.403395, 0.879234)
    Right Arm.CFrame = CFrame.new(0.056895, -0.236442, 0.15929, 0.025505, -0.704674, 0.709073, 0.995679, 0.081261, 0.044943, -0.089291, 0.704863, 0.703701)
    Head.CFrame = CFrame.new(0, -0, -0, 1, -0, 0, 0, 0.972635, 0.232339, -0, -0.232339, 0.972635)
    Left Arm.CFrame = CFrame.new(-0.109291, -0.241605, 0.15929, 0.025505, 0.704674, -0.709073, -0.995679, 0.081261, 0.044943, 0.08929, 0.704863, 0.703701)
    Right Leg.CFrame = CFrame.new(0.754245, 0.85052, -0.547219, 0.946172, 0.085971, 0.312039, -0.201486, 0.910947, 0.359971, -0.253304, -0.403466, 0.879234)

[34]
    Time: 3.316667
    HumanoidRootPart.CFrame = CFrame.new(0, 0, 0, 1, 0, 0, 0, 1, 0, 0, 0, 1)
    Torso.CFrame = CFrame.new(0, 0.077444, 0.410434, 1, 0, -0, 0, 0.996902, 0.078659, 0, -0.078659, 0.996902)
    Left Leg.CFrame = CFrame.new(-0.863674, -0.339018, -0.353819, 0.294111, -0.632016, -0.716976, 0.806324, -0.238695, 0.541172, -0.513168, -0.737279, 0.439407)
    Right Arm.CFrame = CFrame.new(0.056895, -0.236442, 0.15929, 0.025505, -0.704674, 0.709073, 0.995679, 0.081261, 0.044943, -0.089291, 0.704862, 0.703702)
    Head.CFrame = CFrame.new(0, -0, 0, 1, -0, 0, 0, 0.996902, -0.078659, -0, 0.078659, 0.996902)
    Left Arm.CFrame = CFrame.new(-0.109291, -0.241605, 0.15929, 0.025505, 0.704674, -0.709073, -0.995679, 0.081261, 0.044943, 0.08929, 0.704862, 0.703702)
    Right Leg.CFrame = CFrame.new(0.863674, -0.339018, -0.353819, 0.293958, 0.632086, 0.716977, -0.806266, -0.23889, 0.541171, 0.513345, -0.737156, 0.439407)

[35]
    Time: 3.383333
    HumanoidRootPart.CFrame = CFrame.new(0, 0, 0, 1, 0, 0, 0, 1, 0, 0, 0, 1)
    Torso.CFrame = CFrame.new(0, 0.082935, 0.480026, 1, 0, -0, 0, 0.986253, 0.165245, 0, -0.165245, 0.986253)
    Left Leg.CFrame = CFrame.new(-0.792934, -0.416005, -0.255373, 0.16591, -0.607907, -0.776481, 0.745896, -0.437701, 0.502052, -0.645068, -0.66247, 0.380817)
    Right Arm.CFrame = CFrame.new(0.056894, -0.236442, 0.15929, 0.025505, -0.704674, 0.709072, 0.995679, 0.081261, 0.044943, -0.089291, 0.704862, 0.703702)
    Head.CFrame = CFrame.new(0, 0, 0, 1, -0, 0, 0, 0.986253, -0.165245, -0, 0.165245, 0.986253)
    Left Arm.CFrame = CFrame.new(-0.109291, -0.241604, 0.15929, 0.025505, 0.704674, -0.709073, -0.995679, 0.081261, 0.044943, 0.08929, 0.704862, 0.703702)
    Right Leg.CFrame = CFrame.new(0.792934, -0.416005, -0.255373, 0.165763, 0.607947, 0.776481, -0.745791, -0.437882, 0.502052, 0.645228, -0.662314, 0.380817)

[36]
    Time: 3.483333
    HumanoidRootPart.CFrame = CFrame.new(0, 0, 0, 1, 0, 0, 0, 1, 0, 0, 0, 1)
    Torso.CFrame = CFrame.new(-0, 0.042675, 0.234157, 1, 0, -0, 0, 0.997229, 0.074392, 0, -0.074392, 0.997229)
    Left Leg.CFrame = CFrame.new(-0.974167, 0.418766, -0.294565, 0.793507, -0.598854, -0.10826, 0.555909, 0.640911, 0.529337, -0.247611, -0.480216, 0.841476)
    Right Arm.CFrame = CFrame.new(0.066602, -0.528257, 0.140416, -0.157747, -0.687264, 0.709073, 0.982784, -0.179208, 0.044943, 0.096184, 0.703955, 0.703702)
    Head.CFrame = CFrame.new(0, -0, -0, 1, -0, 0, 0, 0.997229, -0.074392, -0, 0.074392, 0.997229)
    Left Arm.CFrame = CFrame.new(-0.118998, -0.53342, 0.140416, -0.157747, 0.687264, -0.709073, -0.982784, -0.179208, 0.044943, -0.096184, 0.703955, 0.703702)
    Right Leg.CFrame = CFrame.new(0.974162, 0.418752, -0.294557, 0.793361, 0.599048, 0.108261, -0.556066, 0.640775, 0.529337, 0.247728, -0.480156, 0.841476)

[37]
    Time: 3.550000
    HumanoidRootPart.CFrame = CFrame.new(0, 0, 0, 1, 0, 0, 0, 1, 0, 0, 0, 1)
    Torso.CFrame = CFrame.new(-0, 0.018238, 0.065205, 1, 0, -0, 0, 0.998834, 0.048279, 0, -0.048279, 0.998834)
    Left Leg.CFrame = CFrame.new(-0.849726, 0.128193, -0.332846, 0.811034, -0.44135, -0.383971, 0.532563, 0.828641, 0.172424, 0.242075, -0.344331, 0.907103)
    Right Arm.CFrame = CFrame.new(0.133876, -0.742102, 0.086286, -0.274693, -0.64943, 0.709073, 0.936734, -0.347144, 0.044943, 0.216963, 0.676558, 0.703702)
    Head.CFrame = CFrame.new(0, -0, 0, 1, -0, 0, 0, 0.998834, -0.048279, -0, 0.048279, 0.998834)
    Left Arm.CFrame = CFrame.new(-0.186272, -0.747265, 0.086286, -0.274693, 0.649431, -0.709073, -0.936734, -0.347144, 0.044943, -0.216963, 0.676558, 0.703702)
    Right Leg.CFrame = CFrame.new(0.813846, 0.1443, -0.28944, 0.835701, 0.434546, 0.335818, -0.522613, 0.817163, 0.243146, -0.16876, -0.3787, 0.910003)

[38]
    Time: 3.583333
    HumanoidRootPart.CFrame = CFrame.new(0, 0, 0, 1, 0, 0, 0, 1, 0, 0, 0, 1)
    Torso.CFrame = CFrame.new(-0.446404, 0, -0.162588, 0.984808, 0, 0.173648, 0, 1, 0, -0.173648, 0, 0.984808)
    Left Leg.CFrame = CFrame.new(-0.291313, 0.363033, -0.010643, 0.923724, -0.253498, 0.28718, 0.04866, 0.821283, 0.568442, -0.379955, -0.511109, 0.770975)
    Right Arm.CFrame = CFrame.new(-0.089358, 0.721252, 0.113042, -0.992662, 0.055824, -0.107262, 0.041654, -0.674895, -0.736737, -0.113518, -0.735799, 0.667618)
    Head.CFrame = CFrame.new(0, -0, -0, 0.963904, -0, -0.266249, 0, 1, -0, 0.266249, -0, 0.963904)
    Left Arm.CFrame = CFrame.new(0.042643, 0.745592, -0.412342, -0.996745, 0.077145, 0.02341, -0.055919, -0.870744, 0.488547, 0.058073, 0.485648, 0.872224)
    Right Leg.CFrame = CFrame.new(0.379782, -0.235795, -0.135085, 0.966756, 0.163334, 0.196738, -0.059002, 0.89113, -0.449896, -0.248802, 0.423332, 0.871141)

[39]
    Time: 3.683333
    HumanoidRootPart.CFrame = CFrame.new(0, 0, 0, 1, 0, 0, 0, 1, 0, 0, 0, 1)
    Torso.CFrame = CFrame.new(-0.348291, 0, -0.12, 0.991804, 0, 0.12777, 0, 1, 0, -0.12777, 0, 0.991804)
    Left Leg.CFrame = CFrame.new(-0.334449, 0.28554, 0.028051, 0.93703, -0.262222, 0.230682, 0.134064, 0.879972, 0.455715, -0.322492, -0.396092, 0.859715)
    Right Arm.CFrame = CFrame.new(-0.089358, 0.748143, -0.009273, -0.992662, 0.055824, -0.107262, 0.014914, -0.823761, -0.566741, -0.119996, -0.564182, 0.816884)
    Head.CFrame = CFrame.new(0, -0, -0, 0.975219, -0, -0.221241, 0, 1, -0, 0.221241, -0, 0.975219)
    Left Arm.CFrame = CFrame.new(0.042642, 0.775868, -0.343503, -0.996745, 0.077145, 0.02341, -0.065826, -0.946433, 0.316119, 0.046543, 0.313549, 0.948431)
    Right Leg.CFrame = CFrame.new(0.42116, -0.175374, -0.100927, 0.968588, 0.203502, 0.142909, -0.146411, 0.931225, -0.333742, -0.200998, 0.302335, 0.931769)

[40]
    Time: 3.750000
    HumanoidRootPart.CFrame = CFrame.new(0, 0, 0, 1, 0, 0, 0, 1, 0, 0, 0, 1)
    Torso.CFrame = CFrame.new(-0.083387, 0, -0.04, 0.999192, 0, 0.040195, 0, 1, 0, -0.040195, 0, 0.999192)
    Left Leg.CFrame = CFrame.new(-0.3553, 0.086589, 0.046216, 0.96957, -0.230674, 0.081997, 0.215495, 0.963095, 0.161274, -0.116172, -0.138697, 0.983497)
    Right Arm.CFrame = CFrame.new(-0.070787, 0.811264, -0.158582, -0.997711, 0.009397, -0.066967, 0.003582, -0.981562, -0.191108, -0.067528, -0.19091, 0.979282)
    Head.CFrame = CFrame.new(0, -0, -0, 0.999192, -0, -0.040195, 0, 1, 0, 0.040195, -0, 0.999192)
    Left Arm.CFrame = CFrame.new(0.04169, 0.87397, -0.222516, -0.996745, 0.079524, 0.013235, -0.079783, -0.996605, -0.020323, 0.011574, -0.021312, 0.999706)
    Right Leg.CFrame = CFrame.new(0.36927, -0.039384, -0.028087, 0.976499, 0.215514, -0.001772, -0.215428, 0.975797, -0.037568, -0.006367, 0.037067, 0.999292)

[41]
    Time: 3.850000
    HumanoidRootPart.CFrame = CFrame.new(0, 0, 0, 1, 0, 0, 0, 1, 0, 0, 0, 1)
    Torso.CFrame = CFrame.new(0, 0, 0, 1, 0, 0, 0, 1, 0, 0, 0, 1)
    Left Leg.CFrame = CFrame.new(-0.236522, 0.001561, 0.034482, 0.988989, -0.145139, 0.028901, 0.14384, 0.988672, 0.042863, -0.034795, -0.038234, 0.998663)
    Right Arm.CFrame = CFrame.new(-0.070787, 0.798406, -0.374468, -0.997711, 0.009397, -0.066967, -0.01301, -0.998471, 0.053718, -0.06636, 0.054467, 0.996308)
    Head.CFrame = CFrame.new(0, 0, 0, 1, 0, 0, 0, 1, 0, 0, 0, 1)
    Left Arm.CFrame = CFrame.new(0.042643, 0.861421, -0.131144, -0.996745, 0.077145, 0.02341, -0.080546, -0.965235, -0.248666, 0.003413, -0.249742, 0.968307)
    Right Leg.CFrame = CFrame.new(0.275616, 0.008183, -0.01771, 0.983068, 0.175444, -0.052893, -0.171056, 0.982133, 0.078448, 0.065711, -0.068072, 0.995514)

[42]
    Time: 3.916667
    HumanoidRootPart.CFrame = CFrame.new(0, 0, 0, 1, 0, 0, 0, 1, 0, 0, 0, 1)
    Torso.CFrame = CFrame.new(-0.083387, 0, -0.04, 0.999192, 0, 0.040195, 0, 1, 0, -0.040195, 0, 0.999192)
    Left Leg.CFrame = CFrame.new(-0.3553, 0.086589, 0.046216, 0.96957, -0.230674, 0.081997, 0.215495, 0.963095, 0.161274, -0.116172, -0.138697, 0.983497)
    Right Arm.CFrame = CFrame.new(-0.070787, 0.791642, -0.276317, -0.997711, 0.009397, -0.066967, 0.003582, -0.981562, -0.191108, -0.067528, -0.19091, 0.979282)
    Head.CFrame = CFrame.new(0, -0, -0, 0.999192, -0, -0.040195, 0, 1, 0, 0.040195, -0, 0.999192)
