[1]
    Time: 0.000000
    HumanoidRootPart.CFrame = CFrame.new(0, 0, 0, 1, 0, 0, 0, 1, 0, 0, 0, 1)
    Torso.CFrame = CFrame.new(0.000318362, -0.00474137, 0.0347133, 0.996789, -0.0800733, -0.000325139, 0.0800739, 0.996777, 0.00484109, -6.3549e-05, -0.00485157, 0.999988)
    Left Leg.CFrame = CFrame.new(-0.00214686, -0.0261977, 0.0111272, 0.977269, -0.0343123, 0.20921, 0.0392573, 0.999038, -0.0195288, -0.208339, 0.0272979, 0.977676)
    Right Arm.CFrame = CFrame.new(-0.397662, -0.237764, -0.04184, 0.877245, 0.112719, 0.466622, -0.205157, 0.966832, 0.152141, -0.433996, -0.229196, 0.871273)
    Head.CFrame = CFrame.new(8.73069e-08, 4.97086e-07, 0, 0.996706, 0.0800738, -0.0128418, -0.0801288, 0.996777, -0.00382457, 0.0124942, 0.00484096, 0.99991)
    Left Arm.CFrame = CFrame.new(0.255285, -0.236042, -0.0581502, 0.798386, -0.0539086, -0.599728, 0.179496, 0.97201, 0.151581, 0.57477, -0.228669, 0.785716)
    Right Leg.CFrame = CFrame.new(-0.159271, -0.0255312, -0.000202, 0.931597, 0.026972, -0.36249, -0.0362755, 0.999163, -0.0188825, 0.361677, 0.0307403, 0.931796)

[2]
    Time: 0.038333
    HumanoidRootPart.CFrame = CFrame.new(0, 0, 0, 1, 0, 0, 0, 1, 0, 0, 0, 1)
    Torso.CFrame = CFrame.new(-0.0143877, -0.598976, 0.0347133, 0.770593, -0.63732, -0.00304312, 0.637327, 0.770584, 0.00377907, -6.34838e-05, -0.00485159, 0.999988)
    Left Leg.CFrame = CFrame.new(0.165798, 0.0276086, -0.024456, 0.976127, -0.0998216, 0.192904, 0.0867301, 0.993391, 0.0751786, -0.199134, -0.0566532, 0.978333)
    Right Arm.CFrame = CFrame.new(-0.397662, -0.237764, -0.0418401, 0.877245, 0.112719, 0.466622, -0.205157, 0.966832, 0.152141, -0.433996, -0.229196, 0.871273)
    Head.CFrame = CFrame.new(6.14091e-08, 4.82425e-07, 5.96046e-07, 0.996706, 0.080074, -0.0128418, -0.0801287, 0.996777, -0.00382457, 0.0124942, 0.00484098, 0.99991)
    Left Arm.CFrame = CFrame.new(0.255285, -0.236042, -0.0581502, 0.798386, -0.0539087, -0.599728, 0.179496, 0.97201, 0.151581, 0.57477, -0.228669, 0.785716)
    Right Leg.CFrame = CFrame.new(-0.520883, -0.023737, -0.272688, 0.321821, -0.00440235, -0.94679, -0.0333226, 0.999317, -0.0159732, 0.946214, 0.0366899, 0.321455)

[3]
    Time: 0.077083
    HumanoidRootPart.CFrame = CFrame.new(0, 0, 0, 1, 0, 0, 0, 1, 0, 0, 0, 1)
    Torso.CFrame = CFrame.new(-0.0143877, -0.598976, 0.0347133, 0.770593, -0.63732, -0.00304312, 0.637327, 0.770584, 0.00377907, -6.34838e-05, -0.00485159, 0.999988)
    Left Leg.CFrame = CFrame.new(0.165636, 0.027585, -0.0243912, 0.976189, -0.0998239, 0.192586, 0.0867615, 0.993392, 0.0751285, -0.198813, -0.0566307, 0.9784)
    Right Arm.CFrame = CFrame.new(-0.397662, -0.237764, -0.0418401, 0.877245, 0.112719, 0.466622, -0.205157, 0.966832, 0.152141, -0.433996, -0.229196, 0.871273)
    Head.CFrame = CFrame.new(6.14091e-08, 4.82425e-07, 5.96046e-07, 0.996706, 0.080074, -0.0128418, -0.0801287, 0.996777, -0.00382457, 0.0124942, 0.00484098, 0.99991)
    Left Arm.CFrame = CFrame.new(0.255285, -0.236042, -0.0581502, 0.798386, -0.0539087, -0.599728, 0.179496, 0.97201, 0.151581, 0.57477, -0.228669, 0.785716)
    Right Leg.CFrame = CFrame.new(-0.520793, -0.0237373, -0.272519, 0.322159, -0.00438925, -0.946675, -0.0333242, 0.999317, -0.0159738, 0.946099, 0.0366933, 0.321793)

[4]
    Time: 0.115417
    HumanoidRootPart.CFrame = CFrame.new(0, 0, 0, 1, 0, 0, 0, 1, 0, 0, 0, 1)
    Torso.CFrame = CFrame.new(-0.0143877, -0.598976, 0.0347133, 0.770593, -0.63732, -0.00304312, 0.637327, 0.770584, 0.00377907, -6.34838e-05, -0.00485159, 0.999988)
    Left Leg.CFrame = CFrame.new(0.16538, 0.027548, -0.0242892, 0.976288, -0.0998277, 0.192086, 0.0868107, 0.993394, 0.0750496, -0.198309, -0.0565949, 0.978504)
    Right Arm.CFrame = CFrame.new(-0.397662, -0.237764, -0.0418401, 0.877245, 0.112719, 0.466622, -0.205157, 0.966832, 0.152141, -0.433996, -0.229196, 0.871273)
    Head.CFrame = CFrame.new(6.14091e-08, 4.82425e-07, 5.96046e-07, 0.996706, 0.080074, -0.0128418, -0.0801287, 0.996777, -0.00382457, 0.0124942, 0.00484098, 0.99991)
    Left Arm.CFrame = CFrame.new(0.255285, -0.236042, -0.0581502, 0.798386, -0.0539087, -0.599728, 0.179496, 0.97201, 0.151581, 0.57477, -0.228669, 0.785716)
    Right Leg.CFrame = CFrame.new(-0.520651, -0.023738, -0.272253, 0.322692, -0.00436866, -0.946494, -0.0333268, 0.999317, -0.0159747, 0.945917, 0.0366985, 0.322326)

[5]
    Time: 0.153750
    HumanoidRootPart.CFrame = CFrame.new(0, 0, 0, 1, 0, 0, 0, 1, 0, 0, 0, 1)
    Torso.CFrame = CFrame.new(-0.0143877, -0.598976, 0.0347133, 0.770593, -0.63732, -0.00304312, 0.637327, 0.770584, 0.00377907, -6.34838e-05, -0.00485159, 0.999988)
    Left Leg.CFrame = CFrame.new(0.165047, 0.0274996, -0.0241565, 0.976415, -0.0998325, 0.191433, 0.0868749, 0.993396, 0.0749468, -0.197651, -0.0565485, 0.97864)
    Right Arm.CFrame = CFrame.new(-0.397662, -0.237764, -0.0418401, 0.877245, 0.112719, 0.466622, -0.205157, 0.966832, 0.152141, -0.433996, -0.229196, 0.871273)
    Head.CFrame = CFrame.new(6.14091e-08, 4.82425e-07, 5.96046e-07, 0.996706, 0.080074, -0.0128418, -0.0801287, 0.996777, -0.00382457, 0.0124942, 0.00484098, 0.99991)
    Left Arm.CFrame = CFrame.new(0.255285, -0.236042, -0.0581502, 0.798386, -0.0539087, -0.599728, 0.179496, 0.97201, 0.151581, 0.57477, -0.228669, 0.785716)
    Right Leg.CFrame = CFrame.new(-0.520466, -0.023739, -0.271906, 0.323386, -0.00434174, -0.946257, -0.0333302, 0.999317, -0.0159759, 0.94568, 0.0367053, 0.32302)

[6]
    Time: 0.192500
    HumanoidRootPart.CFrame = CFrame.new(0, 0, 0, 1, 0, 0, 0, 1, 0, 0, 0, 1)
    Torso.CFrame = CFrame.new(0.000318362, -0.00474137, 0.0347133, 0.996789, -0.0800733, -0.000325139, 0.0800739, 0.996777, 0.00484109, -6.3549e-05, -0.00485157, 0.999988)
    Left Leg.CFrame = CFrame.new(-0.00356772, -0.0262046, 0.0111953, 0.977818, -0.0343849, 0.206614, 0.0392601, 0.999038, -0.0195414, -0.205743, 0.0272196, 0.978227)
    Right Arm.CFrame = CFrame.new(-0.397662, -0.237764, -0.04184, 0.877245, 0.112719, 0.466622, -0.205157, 0.966832, 0.152141, -0.433996, -0.229196, 0.871273)
    Head.CFrame = CFrame.new(8.73069e-08, 4.97086e-07, 0, 0.996706, 0.0800738, -0.0128418, -0.0801288, 0.996777, -0.00382457, 0.0124942, 0.00484096, 0.99991)
    Left Arm.CFrame = CFrame.new(0.255285, -0.236042, -0.0581502, 0.798386, -0.0539086, -0.599728, 0.179496, 0.97201, 0.151581, 0.57477, -0.228669, 0.785716)
    Right Leg.CFrame = CFrame.new(-0.157884, -0.025538, 9.10759e-05, 0.932551, 0.027053, -0.360024, -0.03628, 0.999163, -0.0188946, 0.359212, 0.0306818, 0.932752)

[7]
    Time: 0.230833
    HumanoidRootPart.CFrame = CFrame.new(0, 0, 0, 1, 0, 0, 0, 1, 0, 0, 0, 1)
    Torso.CFrame = CFrame.new(0.000318362, -0.00474137, 0.0347133, 0.996789, -0.0800733, -0.000325139, 0.0800739, 0.996777, 0.00484109, -6.3549e-05, -0.00485157, 0.999988)
    Left Leg.CFrame = CFrame.new(-0.00408509, -0.0262071, 0.0112193, 0.978017, -0.0344112, 0.205668, 0.0392612, 0.999038, -0.019546, -0.204797, 0.027191, 0.978427)
    Right Arm.CFrame = CFrame.new(-0.397662, -0.237764, -0.04184, 0.877245, 0.112719, 0.466622, -0.205157, 0.966832, 0.152141, -0.433996, -0.229196, 0.871273)
    Head.CFrame = CFrame.new(8.73069e-08, 4.97086e-07, 0, 0.996706, 0.0800738, -0.0128418, -0.0801288, 0.996777, -0.00382457, 0.0124942, 0.00484096, 0.99991)
    Left Arm.CFrame = CFrame.new(0.255285, -0.236042, -0.0581502, 0.798386, -0.0539086, -0.599728, 0.179496, 0.97201, 0.151581, 0.57477, -0.228669, 0.785716)
    Right Leg.CFrame = CFrame.new(-0.157379, -0.0255404, 0.000196576, 0.932896, 0.0270825, -0.359126, -0.0362817, 0.999163, -0.0188991, 0.358313, 0.0306605, 0.933098)

[8]
    Time: 0.269167
    HumanoidRootPart.CFrame = CFrame.new(0, 0, 0, 1, 0, 0, 0, 1, 0, 0, 0, 1)
    Torso.CFrame = CFrame.new(0.000318362, -0.00474137, 0.0347133, 0.996789, -0.0800733, -0.000325139, 0.0800739, 0.996777, 0.00484109, -6.3549e-05, -0.00485157, 0.999988)
    Left Leg.CFrame = CFrame.new(-0.00463567, -0.0262098, 0.0112441, 0.978227, -0.0344393, 0.204661, 0.0392622, 0.999038, -0.0195508, -0.203791, 0.0271606, 0.978638)
    Right Arm.CFrame = CFrame.new(-0.397662, -0.237764, -0.04184, 0.877245, 0.112719, 0.466622, -0.205157, 0.966832, 0.152141, -0.433996, -0.229196, 0.871273)
    Head.CFrame = CFrame.new(8.73069e-08, 4.97086e-07, 0, 0.996706, 0.0800738, -0.0128418, -0.0801288, 0.996777, -0.00382457, 0.0124942, 0.00484096, 0.99991)
    Left Arm.CFrame = CFrame.new(0.255285, -0.236042, -0.0581502, 0.798386, -0.0539086, -0.599728, 0.179496, 0.97201, 0.151581, 0.57477, -0.228669, 0.785716)
    Right Leg.CFrame = CFrame.new(-0.156842, -0.025543, 0.000308514, 0.933263, 0.0271139, -0.35817, -0.0362834, 0.999163, -0.0189038, 0.357357, 0.0306377, 0.933465)

[9]
    Time: 0.307500
    HumanoidRootPart.CFrame = CFrame.new(0, 0, 0, 1, 0, 0, 0, 1, 0, 0, 0, 1)
    Torso.CFrame = CFrame.new(-0.030781, -0.547661, 0.0347133, 0.86245, 0.506136, 0.00251045, -0.506142, 0.86244, 0.00415204, -6.36228e-05, -0.00485156, 0.999988)
    Left Leg.CFrame = CFrame.new(0.42333, -0.0241488, -0.236065, 0.395059, 0.000437504, 0.918656, 0.0363876, 0.999208, -0.016124, -0.917935, 0.0397976, 0.39473)
    Right Arm.CFrame = CFrame.new(-0.397662, -0.237764, -0.0418399, 0.877245, 0.112719, 0.466622, -0.205157, 0.966832, 0.152141, -0.433996, -0.229196, 0.871273)
    Head.CFrame = CFrame.new(1.20635e-07, 4.61005e-07, 2.38419e-07, 0.996706, 0.0800738, -0.0128418, -0.0801288, 0.996777, -0.00382456, 0.0124942, 0.00484095, 0.99991)
    Left Arm.CFrame = CFrame.new(0.255285, -0.236042, -0.0581502, 0.798386, -0.0539086, -0.599728, 0.179496, 0.97201, 0.151581, 0.57477, -0.228669, 0.785716)
    Right Leg.CFrame = CFrame.new(-0.317019, 0.0278749, -0.0607514, 0.933891, 0.105032, -0.341784, -0.0842896, 0.993612, 0.0750302, 0.347481, -0.0412612, 0.936779)

[10]
    Time: 0.346250
    HumanoidRootPart.CFrame = CFrame.new(0, 0, 0, 1, 0, 0, 0, 1, 0, 0, 0, 1)
    Torso.CFrame = CFrame.new(-0.030781, -0.547661, 0.0347133, 0.86245, 0.506136, 0.00251045, -0.506142, 0.86244, 0.00415204, -6.36228e-05, -0.00485156, 0.999988)
    Left Leg.CFrame = CFrame.new(0.423022, -0.0241504, -0.235583, 0.396038, 0.000394963, 0.918234, 0.0363923, 0.999207, -0.016126, -0.917513, 0.0398032, 0.39571)
    Right Arm.CFrame = CFrame.new(-0.397662, -0.237764, -0.0418399, 0.877245, 0.112719, 0.466622, -0.205157, 0.966832, 0.152141, -0.433996, -0.229196, 0.871273)
    Head.CFrame = CFrame.new(1.20635e-07, 4.61005e-07, 2.38419e-07, 0.996706, 0.0800738, -0.0128418, -0.0801288, 0.996777, -0.00382456, 0.0124942, 0.00484095, 0.99991)
    Left Arm.CFrame = CFrame.new(0.255285, -0.236042, -0.0581502, 0.798386, -0.0539086, -0.599728, 0.179496, 0.97201, 0.151581, 0.57477, -0.228669, 0.785716)
    Right Leg.CFrame = CFrame.new(-0.316574, 0.027805, -0.0604877, 0.93422, 0.105028, -0.340885, -0.0843821, 0.993616, 0.0748817, 0.346573, -0.0411914, 0.937118)

[11]
    Time: 0.384583
    HumanoidRootPart.CFrame = CFrame.new(0, 0, 0, 1, 0, 0, 0, 1, 0, 0, 0, 1)
    Torso.CFrame = CFrame.new(-0.030781, -0.547661, 0.0347133, 0.86245, 0.506136, 0.00251045, -0.506142, 0.86244, 0.00415204, -6.36228e-05, -0.00485156, 0.999988)
    Left Leg.CFrame = CFrame.new(0.422718, -0.0241518, -0.235107, 0.397006, 0.00035292, 0.917816, 0.0363971, 0.999207, -0.0161279, -0.917094, 0.0398087, 0.396678)
    Right Arm.CFrame = CFrame.new(-0.397662, -0.237764, -0.0418399, 0.877245, 0.112719, 0.466622, -0.205157, 0.966832, 0.152141, -0.433996, -0.229196, 0.871273)
    Head.CFrame = CFrame.new(1.20635e-07, 4.61005e-07, 2.38419e-07, 0.996706, 0.0800738, -0.0128418, -0.0801288, 0.996777, -0.00382456, 0.0124942, 0.00484095, 0.99991)
    Left Arm.CFrame = CFrame.new(0.255285, -0.236042, -0.0581502, 0.798386, -0.0539086, -0.599728, 0.179496, 0.97201, 0.151581, 0.57477, -0.228669, 0.785716)
    Right Leg.CFrame = CFrame.new(-0.316134, 0.0277358, -0.0602276, 0.934544, 0.105024, -0.339996, -0.0844733, 0.993619, 0.0747347, 0.345675, -0.0411224, 0.937453)

[12]
    Time: 0.422917
    HumanoidRootPart.CFrame = CFrame.new(0, 0, 0, 1, 0, 0, 0, 1, 0, 0, 0, 1)
    Torso.CFrame = CFrame.new(-0.030781, -0.547661, 0.0347133, 0.86245, 0.506136, 0.00251045, -0.506142, 0.86244, 0.00415204, -6.36228e-05, -0.00485156, 0.999988)
    Left Leg.CFrame = CFrame.new(0.422421, -0.0241531, -0.234644, 0.397947, 0.000311987, 0.917409, 0.0364017, 0.999207, -0.0161299, -0.916686, 0.039814, 0.39762)
    Right Arm.CFrame = CFrame.new(-0.397662, -0.237764, -0.0418399, 0.877245, 0.112719, 0.466622, -0.205157, 0.966832, 0.152141, -0.433996, -0.229196, 0.871273)
    Head.CFrame = CFrame.new(1.20635e-07, 4.61005e-07, 2.38419e-07, 0.996706, 0.0800738, -0.0128418, -0.0801288, 0.996777, -0.00382456, 0.0124942, 0.00484095, 0.99991)
    Left Arm.CFrame = CFrame.new(0.255285, -0.236042, -0.0581502, 0.798386, -0.0539086, -0.599728, 0.179496, 0.97201, 0.151581, 0.57477, -0.228669, 0.785716)
    Right Leg.CFrame = CFrame.new(-0.315706, 0.0276682, -0.059975, 0.934859, 0.10502, -0.339131, -0.084562, 0.993622, 0.0745917, 0.344802, -0.0410553, 0.937777)

[13]
    Time: 0.461667
    HumanoidRootPart.CFrame = CFrame.new(0, 0, 0, 1, 0, 0, 0, 1, 0, 0, 0, 1)
    Torso.CFrame = CFrame.new(0.000318362, -0.181752, 0.0347133, 0.996789, -0.0800733, -0.000325139, 0.0800739, 0.996777, 0.00484109, -6.3549e-05, -0.00485157, 0.999988)
    Left Leg.CFrame = CFrame.new(-0.00741728, -0.0262231, 0.0113608, 0.979273, -0.0345803, 0.199573, 0.0392676, 0.999037, -0.0195755, -0.198704, 0.0270065, 0.979687)
    Right Arm.CFrame = CFrame.new(-0.397662, -0.237764, -0.04184, 0.877245, 0.112719, 0.466622, -0.205157, 0.966832, 0.152141, -0.433996, -0.229196, 0.871273)
    Head.CFrame = CFrame.new(8.47922e-08, 4.73628e-07, 2.38419e-07, 0.996706, 0.0800738, -0.0128418, -0.0801288, 0.996777, -0.00382457, 0.0124942, 0.00484096, 0.99991)
    Left Arm.CFrame = CFrame.new(0.255285, -0.236042, -0.0581502, 0.798386, -0.0539086, -0.599728, 0.179496, 0.97201, 0.151581, 0.57477, -0.228669, 0.785716)
    Right Leg.CFrame = CFrame.new(-0.154125, -0.0255562, 0.000865579, 0.9351, 0.0272718, -0.353333, -0.0362921, 0.999162, -0.0189276, 0.352521, 0.0305223, 0.935306)

[14]
    Time: 0.500000
    HumanoidRootPart.CFrame = CFrame.new(0, 0, 0, 1, 0, 0, 0, 1, 0, 0, 0, 1)
    Torso.CFrame = CFrame.new(0.000318362, -0.181752, 0.0347133, 0.996789, -0.0800733, -0.000325139, 0.0800739, 0.996777, 0.00484109, -6.3549e-05, -0.00485157, 0.999988)
    Left Leg.CFrame = CFrame.new(-0.00792137, -0.0262256, 0.0113804, 0.979459, -0.0346058, 0.198651, 0.0392686, 0.999037, -0.0195799, -0.197782, 0.0269785, 0.979875)
    Right Arm.CFrame = CFrame.new(-0.397662, -0.237764, -0.04184, 0.877245, 0.112719, 0.466622, -0.205157, 0.966832, 0.152141, -0.433996, -0.229196, 0.871273)
    Head.CFrame = CFrame.new(8.47922e-08, 4.73628e-07, 2.38419e-07, 0.996706, 0.0800738, -0.0128418, -0.0801288, 0.996777, -0.00382457, 0.0124942, 0.00484096, 0.99991)
    Left Arm.CFrame = CFrame.new(0.255285, -0.236042, -0.0581502, 0.798386, -0.0539086, -0.599728, 0.179496, 0.97201, 0.151581, 0.57477, -0.228669, 0.785716)
    Right Leg.CFrame = CFrame.new(-0.153633, -0.0255588, 0.00096488, 0.93543, 0.0273004, -0.352456, -0.0362936, 0.999162, -0.018932, 0.351644, 0.0305014, 0.935637)

[15]
    Time: 0.538333
    HumanoidRootPart.CFrame = CFrame.new(0, 0, 0, 1, 0, 0, 0, 1, 0, 0, 0, 1)
    Torso.CFrame = CFrame.new(0.000318362, -0.181752, 0.0347133, 0.996789, -0.0800733, -0.000325139, 0.0800739, 0.996777, 0.00484109, -6.3549e-05, -0.00485157, 0.999988)
    Left Leg.CFrame = CFrame.new(-0.00839835, -0.0262278, 0.0113983, 0.979635, -0.0346299, 0.197778, 0.0392695, 0.999037, -0.0195842, -0.196909, 0.026952, 0.980051)
    Right Arm.CFrame = CFrame.new(-0.397662, -0.237764, -0.04184, 0.877245, 0.112719, 0.466622, -0.205157, 0.966832, 0.152141, -0.433996, -0.229196, 0.871273)
    Head.CFrame = CFrame.new(8.47922e-08, 4.73628e-07, 2.38419e-07, 0.996706, 0.0800738, -0.0128418, -0.0801288, 0.996777, -0.00382457, 0.0124942, 0.00484096, 0.99991)
    Left Arm.CFrame = CFrame.new(0.255285, -0.236042, -0.0581502, 0.798386, -0.0539086, -0.599728, 0.179496, 0.97201, 0.151581, 0.57477, -0.228669, 0.785716)
    Right Leg.CFrame = CFrame.new(-0.153166, -0.0255611, 0.0010587, 0.935742, 0.0273274, -0.351625, -0.0362951, 0.999162, -0.018936, 0.350813, 0.0304815, 0.935949)

[16]
    Time: 0.577083
    HumanoidRootPart.CFrame = CFrame.new(0, 0, 0, 1, 0, 0, 0, 1, 0, 0, 0, 1)
    Torso.CFrame = CFrame.new(-0.0320236, -0.346575, 0.0347133, 0.637327, 0.770584, 0.00377914, -0.770593, 0.63732, 0.00304303, -6.36203e-05, -0.00485165, 0.999988)
    Left Leg.CFrame = CFrame.new(-0.00884943, -0.02623, 0.0114156, 0.9798, -0.0346539, 0.196956, 0.0392719, 0.999037, -0.0195883, -0.196088, 0.0269274, 0.980217)
    Right Arm.CFrame = CFrame.new(-0.397662, -0.237764, -0.0418401, 0.877245, 0.112719, 0.466623, -0.205157, 0.966832, 0.152141, -0.433996, -0.229196, 0.871273)
    Head.CFrame = CFrame.new(9.18517e-08, 5.08502e-07, 3.57628e-07, 0.996706, 0.0800739, -0.0128418, -0.0801286, 0.996777, -0.00382458, 0.0124942, 0.00484104, 0.99991)
    Left Arm.CFrame = CFrame.new(0.255285, -0.236042, -0.0581502, 0.798386, -0.0539086, -0.599727, 0.179496, 0.97201, 0.151581, 0.57477, -0.228669, 0.785716)
    Right Leg.CFrame = CFrame.new(-0.152726, -0.0255634, 0.00114703, 0.936035, 0.0273539, -0.350843, -0.0362978, 0.999162, -0.0189399, 0.350031, 0.0304632, 0.936243)

[17]
    Time: 0.615417
    HumanoidRootPart.CFrame = CFrame.new(0, 0, 0, 1, 0, 0, 0, 1, 0, 0, 0, 1)
    Torso.CFrame = CFrame.new(-0.0330637, -0.285215, 0.0347133, 0.080074, 0.996777, 0.00484113, -0.996789, 0.0800733, 0.000325085, -6.36036e-05, -0.00485159, 0.999988)
    Left Leg.CFrame = CFrame.new(-0.00926788, -0.0262321, 0.0114305, 0.979953, -0.034674, 0.196187, 0.0392714, 0.999037, -0.0195919, -0.195318, 0.0269036, 0.980371)
    Right Arm.CFrame = CFrame.new(-0.397662, -0.237764, -0.04184, 0.877245, 0.112719, 0.466622, -0.205157, 0.966832, 0.152141, -0.433996, -0.229196, 0.871273)
    Head.CFrame = CFrame.new(4.33356e-08, 5.02914e-07, 1.19209e-07, 0.996706, 0.0800738, -0.0128418, -0.0801287, 0.996777, -0.00382461, 0.0124942, 0.00484098, 0.99991)
    Left Arm.CFrame = CFrame.new(0.255285, -0.236042, -0.0581503, 0.798386, -0.0539086, -0.599728, 0.179496, 0.97201, 0.151581, 0.57477, -0.228669, 0.785716)
    Right Leg.CFrame = CFrame.new(-0.152317, -0.0255654, 0.00122833, 0.936308, 0.0273765, -0.350111, -0.0362978, 0.999162, -0.0189434, 0.349299, 0.0304451, 0.936516)

[18]
    Time: 0.653750
    HumanoidRootPart.CFrame = CFrame.new(0, 0, 0, 1, 0, 0, 0, 1, 0, 0, 0, 1)
    Torso.CFrame = CFrame.new(-0.0321594, -0.213503, 0.0347133, -0.579383, 0.815046, 0.00391742, -0.815055, -0.579376, -0.00286277, -6.36198e-05, -0.00485156, 0.999988)
    Left Leg.CFrame = CFrame.new(-0.0096595, -0.0262341, 0.0114442, 0.980096, -0.0346934, 0.195469, 0.0392719, 0.999036, -0.0195953, -0.194601, 0.0268818, 0.980514)
    Right Arm.CFrame = CFrame.new(-0.397662, -0.237764, -0.04184, 0.877245, 0.112719, 0.466622, -0.205157, 0.966832, 0.152141, -0.433996, -0.229196, 0.871273)
    Head.CFrame = CFrame.new(6.23986e-08, 4.93601e-07, 4.76837e-07, 0.996706, 0.0800738, -0.0128418, -0.0801287, 0.996777, -0.00382455, 0.0124942, 0.00484095, 0.99991)
    Left Arm.CFrame = CFrame.new(0.255285, -0.236042, -0.0581503, 0.798386, -0.0539086, -0.599727, 0.179496, 0.97201, 0.151581, 0.57477, -0.228669, 0.785716)
    Right Leg.CFrame = CFrame.new(-0.151934, -0.0255674, 0.00130439, 0.936562, 0.0273986, -0.349428, -0.036299, 0.999161, -0.0189468, 0.348616, 0.0304287, 0.936772)

[19]
    Time: 0.692500
    HumanoidRootPart.CFrame = CFrame.new(0, 0, 0, 1, 0, 0, 0, 1, 0, 0, 0, 1)
    Torso.CFrame = CFrame.new(-0.029053, -0.18222, 0.0347133, -0.986017, 0.166644, 0.000745785, -0.166645, -0.986005, -0.00479439, -6.36084e-05, -0.00485149, 0.999988)
    Left Leg.CFrame = CFrame.new(-0.0100242, -0.0262358, 0.0114566, 0.980228, -0.0347117, 0.194801, 0.0392724, 0.999036, -0.0195986, -0.193933, 0.0268614, 0.980647)
    Right Arm.CFrame = CFrame.new(-0.397662, -0.237764, -0.04184, 0.877245, 0.112719, 0.466622, -0.205157, 0.966832, 0.152141, -0.433996, -0.229196, 0.871273)
    Head.CFrame = CFrame.new(8.86212e-08, 5.09899e-07, 4.76837e-07, 0.996706, 0.0800737, -0.0128418, -0.0801286, 0.996777, -0.00382462, 0.0124942, 0.00484089, 0.99991)
    Left Arm.CFrame = CFrame.new(0.255284, -0.236042, -0.0581505, 0.798386, -0.0539086, -0.599728, 0.179496, 0.97201, 0.151581, 0.57477, -0.228669, 0.785716)
    Right Leg.CFrame = CFrame.new(-0.151577, -0.0255692, 0.00137484, 0.936799, 0.0274192, -0.348793, -0.0362999, 0.999161, -0.0189501, 0.347981, 0.0304134, 0.937008)

[20]
    Time: 0.730833
    HumanoidRootPart.CFrame = CFrame.new(0, 0, 0, 1, 0, 0, 0, 1, 0, 0, 0, 1)
    Torso.CFrame = CFrame.new(-0.029053, -0.18222, 0.0347133, -0.986017, 0.166644, 0.000745785, -0.166645, -0.986005, -0.00479439, -6.36084e-05, -0.00485149, 0.999988)
    Left Leg.CFrame = CFrame.new(-0.0103625, -0.0262375, 0.0114682, 0.980351, -0.0347287, 0.194181, 0.039273, 0.999036, -0.0196016, -0.193314, 0.0268426, 0.98077)
    Right Arm.CFrame = CFrame.new(-0.397662, -0.237764, -0.04184, 0.877245, 0.112719, 0.466622, -0.205157, 0.966832, 0.152141, -0.433996, -0.229196, 0.871273)
    Head.CFrame = CFrame.new(8.86212e-08, 5.09899e-07, 4.76837e-07, 0.996706, 0.0800737, -0.0128418, -0.0801286, 0.996777, -0.00382462, 0.0124942, 0.00484089, 0.99991)
    Left Arm.CFrame = CFrame.new(0.255284, -0.236042, -0.0581505, 0.798386, -0.0539086, -0.599728, 0.179496, 0.97201, 0.151581, 0.57477, -0.228669, 0.785716)
    Right Leg.CFrame = CFrame.new(-0.151246, -0.0255708, 0.00143981, 0.937018, 0.0274383, -0.348203, -0.036301, 0.999161, -0.018953, 0.347391, 0.0303992, 0.937228)

[21]
    Time: 0.769167
    HumanoidRootPart.CFrame = CFrame.new(0, 0, 0, 1, 0, 0, 0, 1, 0, 0, 0, 1)
    Torso.CFrame = CFrame.new(-0.029053, -0.18222, 0.0347133, -0.986017, 0.166644, 0.000745785, -0.166645, -0.986005, -0.00479439, -6.36084e-05, -0.00485149, 0.999988)
    Left Leg.CFrame = CFrame.new(-0.0106758, -0.026239, 0.0114788, 0.980464, -0.0347444, 0.193608, 0.0392736, 0.999036, -0.0196044, -0.19274, 0.0268251, 0.980883)
    Right Arm.CFrame = CFrame.new(-0.397662, -0.237764, -0.04184, 0.877245, 0.112719, 0.466622, -0.205157, 0.966832, 0.152141, -0.433996, -0.229196, 0.871273)
    Head.CFrame = CFrame.new(8.86212e-08, 5.09899e-07, 4.76837e-07, 0.996706, 0.0800737, -0.0128418, -0.0801286, 0.996777, -0.00382462, 0.0124942, 0.00484089, 0.99991)
    Left Arm.CFrame = CFrame.new(0.255284, -0.236042, -0.0581505, 0.798386, -0.0539086, -0.599728, 0.179496, 0.97201, 0.151581, 0.57477, -0.228669, 0.785716)
    Right Leg.CFrame = CFrame.new(-0.15094, -0.0255723, 0.00150001, 0.93722, 0.027456, -0.347657, -0.0363019, 0.999161, -0.0189556, 0.346845, 0.0303861, 0.93743)

[22]
    Time: 0.807500
    HumanoidRootPart.CFrame = CFrame.new(0, 0, 0, 1, 0, 0, 0, 1, 0, 0, 0, 1)
    Torso.CFrame = CFrame.new(0.0317501, -0.398581, 0.0347133, -0.702064, -0.712106, -0.00349943, 0.712114, -0.702056, -0.00336093, -6.34578e-05, -0.00485159, 0.999988)
    Left Leg.CFrame = CFrame.new(-0.0109655, -0.0262402, 0.0114886, 0.980568, -0.034759, 0.193077, 0.0392743, 0.999036, -0.019607, -0.19221, 0.0268089, 0.980988)
    Right Arm.CFrame = CFrame.new(-0.397662, -0.237764, -0.0418402, 0.877244, 0.112719, 0.466622, -0.205157, 0.966832, 0.152141, -0.433996, -0.229196, 0.871273)
    Head.CFrame = CFrame.new(7.96863e-08, 5.25266e-07, 5.96046e-07, 0.996706, 0.0800737, -0.0128418, -0.0801288, 0.996777, -0.00382456, 0.0124942, 0.00484097, 0.99991)
    Left Arm.CFrame = CFrame.new(0.255284, -0.236042, -0.0581504, 0.798386, -0.0539085, -0.599728, 0.179496, 0.97201, 0.151581, 0.57477, -0.228669, 0.785716)
    Right Leg.CFrame = CFrame.new(-0.150656, -0.0255731, 0.0015558, 0.937406, 0.0274729, -0.347152, -0.0363036, 0.999161, -0.0189581, 0.34634, 0.0303743, 0.937617)

[23]
    Time: 0.846250
    HumanoidRootPart.CFrame = CFrame.new(0, 0, 0, 1, 0, 0, 0, 1, 0, 0, 0, 1)
    Torso.CFrame = CFrame.new(0.0317501, -0.398581, 0.0347133, -0.702064, -0.712106, -0.00349943, 0.712114, -0.702056, -0.00336093, -6.34578e-05, -0.00485159, 0.999988)
    Left Leg.CFrame = CFrame.new(-0.0112326, -0.0262415, 0.0114973, 0.980664, -0.0347724, 0.192587, 0.0392748, 0.999036, -0.0196094, -0.19172, 0.026794, 0.981084)
    Right Arm.CFrame = CFrame.new(-0.397662, -0.237764, -0.0418402, 0.877244, 0.112719, 0.466622, -0.205157, 0.966832, 0.152141, -0.433996, -0.229196, 0.871273)
    Head.CFrame = CFrame.new(7.96863e-08, 5.25266e-07, 5.96046e-07, 0.996706, 0.0800737, -0.0128418, -0.0801288, 0.996777, -0.00382456, 0.0124942, 0.00484097, 0.99991)
    Left Arm.CFrame = CFrame.new(0.255284, -0.236042, -0.0581504, 0.798386, -0.0539085, -0.599728, 0.179496, 0.97201, 0.151581, 0.57477, -0.228669, 0.785716)
    Right Leg.CFrame = CFrame.new(-0.150395, -0.0255744, 0.00160694, 0.937579, 0.0274879, -0.346686, -0.0363044, 0.999161, -0.0189604, 0.345873, 0.030363, 0.93779)

[24]
    Time: 0.884583
    HumanoidRootPart.CFrame = CFrame.new(0, 0, 0, 1, 0, 0, 0, 1, 0, 0, 0, 1)
    Torso.CFrame = CFrame.new(0.0317501, -0.398581, 0.0347133, -0.702064, -0.712106, -0.00349943, 0.712114, -0.702056, -0.00336093, -6.34578e-05, -0.00485159, 0.999988)
    Left Leg.CFrame = CFrame.new(-0.0114789, -0.0262427, 0.0115051, 0.980752, -0.0347848, 0.192136, 0.0392753, 0.999036, -0.0196115, -0.191269, 0.0267802, 0.981172)
    Right Arm.CFrame = CFrame.new(-0.397662, -0.237764, -0.0418402, 0.877244, 0.112719, 0.466622, -0.205157, 0.966832, 0.152141, -0.433996, -0.229196, 0.871273)
    Head.CFrame = CFrame.new(7.96863e-08, 5.25266e-07, 5.96046e-07, 0.996706, 0.0800737, -0.0128418, -0.0801288, 0.996777, -0.00382456, 0.0124942, 0.00484097, 0.99991)
    Left Arm.CFrame = CFrame.new(0.255284, -0.236042, -0.0581504, 0.798386, -0.0539085, -0.599728, 0.179496, 0.97201, 0.151581, 0.57477, -0.228669, 0.785716)
    Right Leg.CFrame = CFrame.new(-0.150154, -0.0255755, 0.00165379, 0.937737, 0.0275018, -0.346256, -0.0363051, 0.999161, -0.0189625, 0.345444, 0.0303526, 0.937948)

[25]
    Time: 0.922917
    HumanoidRootPart.CFrame = CFrame.new(0, 0, 0, 1, 0, 0, 0, 1, 0, 0, 0, 1)
    Torso.CFrame = CFrame.new(0.0317501, -0.398581, 0.0347133, -0.702064, -0.712106, -0.00349943, 0.712114, -0.702056, -0.00336093, -6.34578e-05, -0.00485159, 0.999988)
    Left Leg.CFrame = CFrame.new(-0.0117053, -0.0262438, 0.0115123, 0.980832, -0.0347961, 0.191721, 0.0392757, 0.999036, -0.0196135, -0.190854, 0.0267676, 0.981253)
    Right Arm.CFrame = CFrame.new(-0.397662, -0.237764, -0.0418402, 0.877244, 0.112719, 0.466622, -0.205157, 0.966832, 0.152141, -0.433996, -0.229196, 0.871273)
    Head.CFrame = CFrame.new(7.96863e-08, 5.25266e-07, 5.96046e-07, 0.996706, 0.0800737, -0.0128418, -0.0801288, 0.996777, -0.00382456, 0.0124942, 0.00484097, 0.99991)
    Left Arm.CFrame = CFrame.new(0.255284, -0.236042, -0.0581504, 0.798386, -0.0539085, -0.599728, 0.179496, 0.97201, 0.151581, 0.57477, -0.228669, 0.785716)
    Right Leg.CFrame = CFrame.new(-0.149932, -0.0255766, 0.00169683, 0.937882, 0.0275145, -0.345861, -0.0363058, 0.999161, -0.0189645, 0.345049, 0.0303432, 0.938094)

[26]
    Time: 0.961667
    HumanoidRootPart.CFrame = CFrame.new(0, 0, 0, 1, 0, 0, 0, 1, 0, 0, 0, 1)
    Torso.CFrame = CFrame.new(-0.029053, -0.231199, 0.0347133, -0.986017, 0.166644, 0.000745785, -0.166645, -0.986005, -0.00479441, -6.36128e-05, -0.00485151, 0.999988)
    Left Leg.CFrame = CFrame.new(-0.0119131, -0.026245, 0.0115185, 0.980906, -0.0348065, 0.191341, 0.039276, 0.999036, -0.0196154, -0.190474, 0.0267559, 0.981328)
    Right Arm.CFrame = CFrame.new(-0.397662, -0.237764, -0.04184, 0.877245, 0.112719, 0.466622, -0.205157, 0.966832, 0.152141, -0.433996, -0.229196, 0.871273)
    Head.CFrame = CFrame.new(9.03674e-08, 5.11762e-07, 4.76837e-07, 0.996706, 0.0800737, -0.0128418, -0.0801286, 0.996777, -0.00382464, 0.0124942, 0.00484091, 0.99991)
    Left Arm.CFrame = CFrame.new(0.255285, -0.236042, -0.0581505, 0.798386, -0.0539086, -0.599728, 0.179496, 0.97201, 0.151581, 0.57477, -0.228669, 0.785716)
    Right Leg.CFrame = CFrame.new(-0.149729, -0.0255781, 0.00173581, 0.938016, 0.0275257, -0.345498, -0.0363057, 0.999161, -0.0189663, 0.344686, 0.0303342, 0.938228)

[27]
    Time: 1.000000
    HumanoidRootPart.CFrame = CFrame.new(0, 0, 0, 1, 0, 0, 0, 1, 0, 0, 0, 1)
    Torso.CFrame = CFrame.new(-0.029053, -0.231199, 0.0347133, -0.986017, 0.166644, 0.000745785, -0.166645, -0.986005, -0.00479441, -6.36128e-05, -0.00485151, 0.999988)
    Left Leg.CFrame = CFrame.new(-0.0121038, -0.026246, 0.0115244, 0.980974, -0.0348161, 0.190991, 0.0392763, 0.999036, -0.019617, -0.190124, 0.0267453, 0.981396)
    Right Arm.CFrame = CFrame.new(-0.397662, -0.237764, -0.04184, 0.877245, 0.112719, 0.466622, -0.205157, 0.966832, 0.152141, -0.433996, -0.229196, 0.871273)
    Head.CFrame = CFrame.new(9.03674e-08, 5.11762e-07, 4.76837e-07, 0.996706, 0.0800737, -0.0128418, -0.0801286, 0.996777, -0.00382464, 0.0124942, 0.00484091, 0.99991)
    Left Arm.CFrame = CFrame.new(0.255285, -0.236042, -0.0581505, 0.798386, -0.0539086, -0.599728, 0.179496, 0.97201, 0.151581, 0.57477, -0.228669, 0.785716)
    Right Leg.CFrame = CFrame.new(-0.149543, -0.0255791, 0.00177181, 0.938138, 0.0275364, -0.345165, -0.0363063, 0.999161, -0.018968, 0.344353, 0.0303262, 0.93835)

[28]
    Time: 1.038333
    HumanoidRootPart.CFrame = CFrame.new(0, 0, 0, 1, 0, 0, 0, 1, 0, 0, 0, 1)
    Torso.CFrame = CFrame.new(-0.029053, -0.231199, 0.0347133, -0.986017, 0.166644, 0.000745785, -0.166645, -0.986005, -0.00479441, -6.36128e-05, -0.00485151, 0.999988)
    Left Leg.CFrame = CFrame.new(-0.0122782, -0.0262468, 0.0115298, 0.981036, -0.0348248, 0.190672, 0.0392767, 0.999036, -0.0196186, -0.189805, 0.0267355, 0.981458)
    Right Arm.CFrame = CFrame.new(-0.397662, -0.237764, -0.04184, 0.877245, 0.112719, 0.466622, -0.205157, 0.966832, 0.152141, -0.433996, -0.229196, 0.871273)
    Head.CFrame = CFrame.new(9.03674e-08, 5.11762e-07, 4.76837e-07, 0.996706, 0.0800737, -0.0128418, -0.0801286, 0.996777, -0.00382464, 0.0124942, 0.00484091, 0.99991)
    Left Arm.CFrame = CFrame.new(0.255285, -0.236042, -0.0581505, 0.798386, -0.0539086, -0.599728, 0.179496, 0.97201, 0.151581, 0.57477, -0.228669, 0.785716)
    Right Leg.CFrame = CFrame.new(-0.149372, -0.0255799, 0.00180495, 0.93825, 0.0275462, -0.344861, -0.0363068, 0.999161, -0.0189694, 0.344049, 0.0303188, 0.938462)

[29]
    Time: 1.077083
    HumanoidRootPart.CFrame = CFrame.new(0, 0, 0, 1, 0, 0, 0, 1, 0, 0, 0, 1)
    Torso.CFrame = CFrame.new(-0.132159, -0.399069, 0.0347133, -0.579383, 0.815046, 0.00391741, -0.815055, -0.579376, -0.00286279, -6.36361e-05, -0.00485156, 0.999988)
    Left Leg.CFrame = CFrame.new(-0.0124383, -0.0262475, 0.0115349, 0.981092, -0.0348333, 0.19038, 0.0392776, 0.999036, -0.01962, -0.189513, 0.0267266, 0.981514)
    Right Arm.CFrame = CFrame.new(-0.397662, -0.237764, -0.04184, 0.877245, 0.112719, 0.466622, -0.205157, 0.966832, 0.152141, -0.433996, -0.229196, 0.871273)
    Head.CFrame = CFrame.new(8.14034e-08, 5.12227e-07, 4.76837e-07, 0.996706, 0.0800738, -0.0128418, -0.0801287, 0.996777, -0.00382455, 0.0124942, 0.00484096, 0.99991)
    Left Arm.CFrame = CFrame.new(0.255285, -0.236042, -0.0581504, 0.798386, -0.0539086, -0.599727, 0.179496, 0.97201, 0.151581, 0.57477, -0.228669, 0.785716)
    Right Leg.CFrame = CFrame.new(-0.149217, -0.0255811, 0.00183511, 0.938351, 0.0275552, -0.344583, -0.0363074, 0.999161, -0.0189708, 0.343771, 0.0303121, 0.938564)

[30]
    Time: 1.115417
    HumanoidRootPart.CFrame = CFrame.new(0, 0, 0, 1, 0, 0, 0, 1, 0, 0, 0, 1)
    Torso.CFrame = CFrame.new(-0.132159, -0.399069, 0.0347133, -0.579383, 0.815046, 0.00391741, -0.815055, -0.579376, -0.00286279, -6.36361e-05, -0.00485156, 0.999988)
    Left Leg.CFrame = CFrame.new(-0.0125829, -0.0262482, 0.0115392, 0.981143, -0.0348406, 0.190115, 0.0392779, 0.999036, -0.0196213, -0.189248, 0.0267186, 0.981566)
    Right Arm.CFrame = CFrame.new(-0.397662, -0.237764, -0.04184, 0.877245, 0.112719, 0.466622, -0.205157, 0.966832, 0.152141, -0.433996, -0.229196, 0.871273)
    Head.CFrame = CFrame.new(8.14034e-08, 5.12227e-07, 4.76837e-07, 0.996706, 0.0800738, -0.0128418, -0.0801287, 0.996777, -0.00382455, 0.0124942, 0.00484096, 0.99991)
    Left Arm.CFrame = CFrame.new(0.255285, -0.236042, -0.0581504, 0.798386, -0.0539086, -0.599727, 0.179496, 0.97201, 0.151581, 0.57477, -0.228669, 0.785716)
    Right Leg.CFrame = CFrame.new(-0.149075, -0.0255818, 0.00186241, 0.938444, 0.0275633, -0.34433, -0.0363079, 0.999161, -0.018972, 0.343519, 0.0303061, 0.938657)

[31]
    Time: 1.153750
    HumanoidRootPart.CFrame = CFrame.new(0, 0, 0, 1, 0, 0, 0, 1, 0, 0, 0, 1)
    Torso.CFrame = CFrame.new(-0.132159, -0.399069, 0.0347133, -0.579383, 0.815046, 0.00391741, -0.815055, -0.579376, -0.00286279, -6.36361e-05, -0.00485156, 0.999988)
    Left Leg.CFrame = CFrame.new(-0.012714, -0.0262489, 0.0115432, 0.98119, -0.0348471, 0.189875, 0.0392781, 0.999036, -0.0196224, -0.189008, 0.0267112, 0.981612)
    Right Arm.CFrame = CFrame.new(-0.397662, -0.237764, -0.04184, 0.877245, 0.112719, 0.466622, -0.205157, 0.966832, 0.152141, -0.433996, -0.229196, 0.871273)
    Head.CFrame = CFrame.new(8.14034e-08, 5.12227e-07, 4.76837e-07, 0.996706, 0.0800738, -0.0128418, -0.0801287, 0.996777, -0.00382455, 0.0124942, 0.00484096, 0.99991)
    Left Arm.CFrame = CFrame.new(0.255285, -0.236042, -0.0581504, 0.798386, -0.0539086, -0.599727, 0.179496, 0.97201, 0.151581, 0.57477, -0.228669, 0.785716)
    Right Leg.CFrame = CFrame.new(-0.148947, -0.0255824, 0.00188696, 0.938528, 0.0275707, -0.344101, -0.0363083, 0.999161, -0.0189731, 0.34329, 0.0303005, 0.938741)

[32]
    Time: 1.192500
    HumanoidRootPart.CFrame = CFrame.new(0, 0, 0, 1, 0, 0, 0, 1, 0, 0, 0, 1)
    Torso.CFrame = CFrame.new(-0.132159, -0.399069, 0.0347133, -0.579383, 0.815046, 0.00391741, -0.815055, -0.579376, -0.00286279, -6.36361e-05, -0.00485156, 0.999988)
    Left Leg.CFrame = CFrame.new(-0.0128322, -0.0262494, 0.0115467, 0.981231, -0.034853, 0.189658, 0.0392783, 0.999036, -0.0196235, -0.188791, 0.0267046, 0.981654)
    Right Arm.CFrame = CFrame.new(-0.397662, -0.237764, -0.04184, 0.877245, 0.112719, 0.466622, -0.205157, 0.966832, 0.152141, -0.433996, -0.229196, 0.871273)
    Head.CFrame = CFrame.new(8.14034e-08, 5.12227e-07, 4.76837e-07, 0.996706, 0.0800738, -0.0128418, -0.0801287, 0.996777, -0.00382455, 0.0124942, 0.00484096, 0.99991)
    Left Arm.CFrame = CFrame.new(0.255285, -0.236042, -0.0581504, 0.798386, -0.0539086, -0.599727, 0.179496, 0.97201, 0.151581, 0.57477, -0.228669, 0.785716)
    Right Leg.CFrame = CFrame.new(-0.148831, -0.025583, 0.00190926, 0.938603, 0.0275773, -0.343895, -0.0363086, 0.999161, -0.0189742, 0.343083, 0.0302955, 0.938816)

[33]
    Time: 1.230833
    HumanoidRootPart.CFrame = CFrame.new(0, 0, 0, 1, 0, 0, 0, 1, 0, 0, 0, 1)
    Torso.CFrame = CFrame.new(-0.029053, -0.250555, 0.0347133, -0.986017, 0.166644, 0.000745785, -0.166645, -0.986005, -0.0047944, -6.36114e-05, -0.0048515, 0.999988)
    Left Leg.CFrame = CFrame.new(-0.0129371, -0.02625, 0.0115494, 0.981269, -0.0348578, 0.189464, 0.0392779, 0.999036, -0.0196244, -0.188597, 0.0266986, 0.981692)
    Right Arm.CFrame = CFrame.new(-0.397662, -0.237764, -0.04184, 0.877245, 0.112719, 0.466622, -0.205157, 0.966832, 0.152141, -0.433996, -0.229196, 0.871273)
    Head.CFrame = CFrame.new(8.80682e-08, 4.80097e-07, 4.76837e-07, 0.996706, 0.0800737, -0.0128418, -0.0801286, 0.996777, -0.00382464, 0.0124942, 0.0048409, 0.99991)
    Left Arm.CFrame = CFrame.new(0.255284, -0.236042, -0.0581505, 0.798386, -0.0539086, -0.599728, 0.179496, 0.97201, 0.151581, 0.57477, -0.228669, 0.785716)
    Right Leg.CFrame = CFrame.new(-0.148727, -0.025583, 0.00192916, 0.938671, 0.0275833, -0.34371, -0.0363088, 0.99916, -0.0189751, 0.342899, 0.0302909, 0.938884)

[34]
    Time: 1.269167
    HumanoidRootPart.CFrame = CFrame.new(0, 0, 0, 1, 0, 0, 0, 1, 0, 0, 0, 1)
    Torso.CFrame = CFrame.new(-0.029053, -0.250555, 0.0347133, -0.986017, 0.166644, 0.000745785, -0.166645, -0.986005, -0.0047944, -6.36114e-05, -0.0048515, 0.999988)
    Left Leg.CFrame = CFrame.new(-0.0130311, -0.0262504, 0.0115521, 0.981302, -0.0348624, 0.189292, 0.039278, 0.999036, -0.0196253, -0.188425, 0.0266933, 0.981725)
    Right Arm.CFrame = CFrame.new(-0.397662, -0.237764, -0.04184, 0.877245, 0.112719, 0.466622, -0.205157, 0.966832, 0.152141, -0.433996, -0.229196, 0.871273)
    Head.CFrame = CFrame.new(8.80682e-08, 4.80097e-07, 4.76837e-07, 0.996706, 0.0800737, -0.0128418, -0.0801286, 0.996777, -0.00382464, 0.0124942, 0.0048409, 0.99991)
    Left Arm.CFrame = CFrame.new(0.255284, -0.236042, -0.0581505, 0.798386, -0.0539086, -0.599728, 0.179496, 0.97201, 0.151581, 0.57477, -0.228669, 0.785716)
    Right Leg.CFrame = CFrame.new(-0.148635, -0.0255834, 0.00194669, 0.93873, 0.0275886, -0.343546, -0.0363091, 0.99916, -0.0189759, 0.342734, 0.030287, 0.938944)

[35]
    Time: 1.307500
    HumanoidRootPart.CFrame = CFrame.new(0, 0, 0, 1, 0, 0, 0, 1, 0, 0, 0, 1)
    Torso.CFrame = CFrame.new(-0.029053, -0.250555, 0.0347133, -0.986017, 0.166644, 0.000745785, -0.166645, -0.986005, -0.0047944, -6.36114e-05, -0.0048515, 0.999988)
    Left Leg.CFrame = CFrame.new(-0.0131137, -0.0262508, 0.0115544, 0.981331, -0.0348666, 0.18914, 0.0392782, 0.999036, -0.019626, -0.188274, 0.0266887, 0.981754)
    Right Arm.CFrame = CFrame.new(-0.397662, -0.237764, -0.04184, 0.877245, 0.112719, 0.466622, -0.205157, 0.966832, 0.152141, -0.433996, -0.229196, 0.871273)
    Head.CFrame = CFrame.new(8.80682e-08, 4.80097e-07, 4.76837e-07, 0.996706, 0.0800737, -0.0128418, -0.0801286, 0.996777, -0.00382464, 0.0124942, 0.0048409, 0.99991)
    Left Arm.CFrame = CFrame.new(0.255284, -0.236042, -0.0581505, 0.798386, -0.0539086, -0.599728, 0.179496, 0.97201, 0.151581, 0.57477, -0.228669, 0.785716)
    Right Leg.CFrame = CFrame.new(-0.148555, -0.0255839, 0.00196207, 0.938783, 0.0275932, -0.343402, -0.0363094, 0.99916, -0.0189767, 0.34259, 0.0302836, 0.938997)

[36]
    Time: 1.346250
    HumanoidRootPart.CFrame = CFrame.new(0, 0, 0, 1, 0, 0, 0, 1, 0, 0, 0, 1)
    Torso.CFrame = CFrame.new(0.0317501, -0.398581, 0.0347133, -0.702064, -0.712106, -0.00349943, 0.712114, -0.702056, -0.00336093, -6.34578e-05, -0.00485159, 0.999988)
    Left Leg.CFrame = CFrame.new(-0.0131852, -0.026251, 0.0115567, 0.981356, -0.0348701, 0.189009, 0.0392784, 0.999036, -0.0196267, -0.188143, 0.0266847, 0.981779)
    Right Arm.CFrame = CFrame.new(-0.397662, -0.237764, -0.0418402, 0.877244, 0.112719, 0.466622, -0.205157, 0.966832, 0.152141, -0.433996, -0.229196, 0.871273)
    Head.CFrame = CFrame.new(7.96863e-08, 5.25266e-07, 5.96046e-07, 0.996706, 0.0800737, -0.0128418, -0.0801288, 0.996777, -0.00382456, 0.0124942, 0.00484097, 0.99991)
    Left Arm.CFrame = CFrame.new(0.255284, -0.236042, -0.0581504, 0.798386, -0.0539085, -0.599728, 0.179496, 0.97201, 0.151581, 0.57477, -0.228669, 0.785716)
    Right Leg.CFrame = CFrame.new(-0.148484, -0.0255837, 0.00197577, 0.938829, 0.0275978, -0.343278, -0.0363103, 0.99916, -0.0189772, 0.342465, 0.0302808, 0.939042)

[37]
    Time: 1.384583
    HumanoidRootPart.CFrame = CFrame.new(0, 0, 0, 1, 0, 0, 0, 1, 0, 0, 0, 1)
    Torso.CFrame = CFrame.new(-0.0235807, -0.2046, 0.0347133, -0.0800742, -0.996777, -0.00484094, 0.996789, -0.0800736, -0.000325234, -6.34446e-05, -0.00485151, 0.999988)
    Left Leg.CFrame = CFrame.new(-0.0132455, -0.0262508, 0.0115583, 0.981377, -0.0348732, 0.188899, 0.0392786, 0.999036, -0.0196271, -0.188032, 0.0266813, 0.9818)
    Right Arm.CFrame = CFrame.new(-0.397662, -0.237763, -0.0418403, 0.877245, 0.112719, 0.466622, -0.205157, 0.966832, 0.152141, -0.433996, -0.229196, 0.871273)
    Head.CFrame = CFrame.new(8.97562e-08, 5.01052e-07, 3.57628e-07, 0.996706, 0.0800738, -0.0128418, -0.0801288, 0.996777, -0.00382454, 0.0124942, 0.00484101, 0.99991)
    Left Arm.CFrame = CFrame.new(0.255284, -0.236042, -0.0581504, 0.798386, -0.0539086, -0.599728, 0.179496, 0.97201, 0.151581, 0.57477, -0.228669, 0.785716)
