[1]
    Time: 0.000000
    HumanoidRootPart.CFrame = CFrame.new(0, 0, 0, 1, 0, 0, 0, 1, 0, 0, 0, 1)
    Torso.CFrame = CFrame.new(0.0338669, 0.263551, -0.0359492, 0.811517, 0.583346, 0.0338668, -0.570272, 0.77803, 0.263551, 0.127392, -0.23319, 0.964051)
    Left Leg.CFrame = CFrame.new(0.58258, 0.10505, -0.393273, 0.324435, -0.32566, 0.888081, 0.344673, 0.915019, 0.209622, -0.880876, 0.238089, 0.409111)
    Right Arm.CFrame = CFrame.new(0.71651, -0.605976, 0.0447044, -0.917023, -0.0893212, 0.388704, 0.355927, -0.623028, 0.696529, 0.179958, 0.777083, 0.603123)
    Head.CFrame = CFrame.new(6.33299e-08, -1.86265e-08, 1.19209e-07, 0.764272, -0.641709, -0.0640179, 0.643357, 0.765534, 0.00701992, 0.0445031, -0.0465515, 0.997924)
    Left Arm.CFrame = CFrame.new(-0.628452, 0.259213, 0.0173831, -0.487105, 0.775745, 0.401183, -0.423176, -0.611485, 0.668586, 0.76397, 0.155901, 0.626135)
    Right Leg.CFrame = CFrame.new(0.366333, 0.0252175, -0.00032258, 0.940883, 0.326951, 0.0885571, -0.334608, 0.937774, 0.0928313, -0.0526952, -0.116975, 0.991736)

[2]
    Time: 0.033333
    HumanoidRootPart.CFrame = CFrame.new(0, 0, 0, 1, 0, 0, 0, 1, 0, 0, 0, 1)
    Torso.CFrame = CFrame.new(0.0338669, 0.263551, -0.0359492, 0.811517, 0.583346, 0.0338668, -0.570272, 0.77803, 0.263551, 0.127392, -0.23319, 0.964051)
    Left Leg.CFrame = CFrame.new(0.58258, 0.10505, -0.393273, 0.324435, -0.32566, 0.888081, 0.344673, 0.915019, 0.209622, -0.880876, 0.238089, 0.409111)
    Right Arm.CFrame = CFrame.new(0.71651, -0.605976, 0.0447044, -0.917023, -0.0893212, 0.388704, 0.355927, -0.623028, 0.696529, 0.179958, 0.777083, 0.603123)
    Head.CFrame = CFrame.new(6.33299e-08, -1.86265e-08, 1.19209e-07, 0.764272, -0.641709, -0.0640179, 0.643357, 0.765534, 0.00701992, 0.0445031, -0.0465515, 0.997924)
    Left Arm.CFrame = CFrame.new(-0.628452, 0.259213, 0.0173831, -0.487105, 0.775745, 0.401183, -0.423176, -0.611485, 0.668586, 0.76397, 0.155901, 0.626135)
    Right Leg.CFrame = CFrame.new(0.366333, 0.0252175, -0.00032258, 0.940883, 0.326951, 0.0885571, -0.334608, 0.937774, 0.0928313, -0.0526952, -0.116975, 0.991736)

[3]
    Time: 0.066667
    HumanoidRootPart.CFrame = CFrame.new(0, 0, 0, 1, 0, 0, 0, 1, 0, 0, 0, 1)
    Torso.CFrame = CFrame.new(0.0338669, 0.263551, -0.0359492, 0.811517, 0.583346, 0.0338668, -0.570272, 0.77803, 0.263551, 0.127392, -0.23319, 0.964051)
    Left Leg.CFrame = CFrame.new(0.58258, 0.10505, -0.393273, 0.324435, -0.32566, 0.888081, 0.344673, 0.915019, 0.209622, -0.880876, 0.238089, 0.409111)
    Right Arm.CFrame = CFrame.new(0.71651, -0.605976, 0.0447044, -0.917023, -0.0893212, 0.388704, 0.355927, -0.623028, 0.696529, 0.179958, 0.777083, 0.603123)
    Head.CFrame = CFrame.new(6.33299e-08, -1.86265e-08, 1.19209e-07, 0.764272, -0.641709, -0.0640179, 0.643357, 0.765534, 0.00701992, 0.0445031, -0.0465515, 0.997924)
    Left Arm.CFrame = CFrame.new(-0.628452, 0.259213, 0.0173831, -0.487105, 0.775745, 0.401183, -0.423176, -0.611485, 0.668586, 0.76397, 0.155901, 0.626135)
    Right Leg.CFrame = CFrame.new(0.366333, 0.0252175, -0.00032258, 0.940883, 0.326951, 0.0885571, -0.334608, 0.937774, 0.0928313, -0.0526952, -0.116975, 0.991736)

[4]
    Time: 0.100000
    HumanoidRootPart.CFrame = CFrame.new(0, 0, 0, 1, 0, 0, 0, 1, 0, 0, 0, 1)
    Torso.CFrame = CFrame.new(0.0449777, 0.342484, -0.0659113, 0.814975, 0.577748, 0.0449777, -0.553771, 0.75358, 0.354197, 0.170742, -0.313569, 0.934089)
    Left Leg.CFrame = CFrame.new(0.626117, 0.152791, -0.41899, 0.296828, -0.380539, 0.875833, 0.391323, 0.885095, 0.25194, -0.871068, 0.26795, 0.411635)
    Right Arm.CFrame = CFrame.new(0.664184, -0.676087, 0.0746583, -0.884222, -0.140563, 0.445413, 0.43869, -0.577267, 0.688704, 0.160316, 0.804366, 0.572096)
    Head.CFrame = CFrame.new(6.70552e-08, -4.47035e-08, 2.38419e-07, 0.768558, -0.637768, -0.0507021, 0.636691, 0.77022, -0.0372396, 0.062802, -0.00366079, 0.998019)
    Left Arm.CFrame = CFrame.new(-0.618485, 0.204434, 0.0103004, -0.471705, 0.812312, 0.342992, -0.483163, -0.563508, 0.670084, 0.737596, 0.150362, 0.658289)
    Right Leg.CFrame = CFrame.new(0.361332, 0.0411869, 0.0251319, 0.908516, 0.408262, 0.0889937, -0.416792, 0.900568, 0.12354, -0.0297083, -0.14933, 0.988341)

[5]
    Time: 0.133333
    HumanoidRootPart.CFrame = CFrame.new(0, 0, 0, 1, 0, 0, 0, 1, 0, 0, 0, 1)
    Torso.CFrame = CFrame.new(0.0449777, 0.342484, -0.0659113, 0.814975, 0.577748, 0.0449777, -0.553771, 0.75358, 0.354197, 0.170742, -0.313569, 0.934089)
    Left Leg.CFrame = CFrame.new(0.626117, 0.152791, -0.41899, 0.296828, -0.380539, 0.875833, 0.391323, 0.885095, 0.25194, -0.871068, 0.26795, 0.411635)
    Right Arm.CFrame = CFrame.new(0.664184, -0.676087, 0.0746583, -0.884222, -0.140563, 0.445413, 0.43869, -0.577267, 0.688704, 0.160316, 0.804366, 0.572096)
    Head.CFrame = CFrame.new(6.70552e-08, -4.47035e-08, 2.38419e-07, 0.768558, -0.637768, -0.0507021, 0.636691, 0.77022, -0.0372396, 0.062802, -0.00366079, 0.998019)
    Left Arm.CFrame = CFrame.new(-0.618485, 0.204434, 0.0103004, -0.471705, 0.812312, 0.342992, -0.483163, -0.563508, 0.670084, 0.737596, 0.150362, 0.658289)
    Right Leg.CFrame = CFrame.new(0.361332, 0.0411869, 0.0251319, 0.908516, 0.408262, 0.0889937, -0.416792, 0.900568, 0.12354, -0.0297083, -0.14933, 0.988341)

[6]
    Time: 0.166667
    HumanoidRootPart.CFrame = CFrame.new(0, 0, 0, 1, 0, 0, 0, 1, 0, 0, 0, 1)
    Torso.CFrame = CFrame.new(0.0449777, 0.342484, -0.0659113, 0.814975, 0.577748, 0.0449777, -0.553771, 0.75358, 0.354197, 0.170742, -0.313569, 0.934089)
    Left Leg.CFrame = CFrame.new(0.626117, 0.152791, -0.41899, 0.296828, -0.380539, 0.875833, 0.391323, 0.885095, 0.25194, -0.871068, 0.26795, 0.411635)
    Right Arm.CFrame = CFrame.new(0.664184, -0.676087, 0.0746583, -0.884222, -0.140563, 0.445413, 0.43869, -0.577267, 0.688704, 0.160316, 0.804366, 0.572096)
    Head.CFrame = CFrame.new(6.70552e-08, -4.47035e-08, 2.38419e-07, 0.768558, -0.637768, -0.0507021, 0.636691, 0.77022, -0.0372396, 0.062802, -0.00366079, 0.998019)
    Left Arm.CFrame = CFrame.new(-0.618485, 0.204434, 0.0103004, -0.471705, 0.812312, 0.342992, -0.483163, -0.563508, 0.670084, 0.737596, 0.150362, 0.658289)
    Right Leg.CFrame = CFrame.new(0.361332, 0.0411869, 0.0251319, 0.908516, 0.408262, 0.0889937, -0.416792, 0.900568, 0.12354, -0.0297083, -0.14933, 0.988341)

[7]
    Time: 0.200000
    HumanoidRootPart.CFrame = CFrame.new(0, 0, 0, 1, 0, 0, 0, 1, 0, 0, 0, 1)
    Torso.CFrame = CFrame.new(0.0436208, 0.359745, -0.0726194, 0.816357, 0.575898, 0.0436208, -0.548351, 0.749165, 0.371567, 0.181306, -0.327251, 0.927381)
    Left Leg.CFrame = CFrame.new(0.632013, 0.15979, -0.421995, 0.29698, -0.389241, 0.871948, 0.401916, 0.879273, 0.255621, -0.866179, 0.274536, 0.417569)
    Right Arm.CFrame = CFrame.new(0.65122, -0.681206, 0.083751, -0.878025, -0.150002, 0.454502, 0.453258, -0.565593, 0.688957, 0.153718, 0.810928, 0.564594)
    Head.CFrame = CFrame.new(1.11759e-07, -3.72529e-09, 2.38419e-07, 0.770247, -0.63639, -0.0415681, 0.634642, 0.771291, -0.0483686, 0.0628424, 0.0108749, 0.997964)
    Left Arm.CFrame = CFrame.new(-0.616574, 0.195291, 0.00936794, -0.465717, 0.820146, 0.332367, -0.498632, -0.553489, 0.667095, 0.731077, 0.144949, 0.66672)
    Right Leg.CFrame = CFrame.new(0.420979, 0.0239763, -0.0148824, 0.884227, 0.421108, 0.202019, -0.446515, 0.889037, 0.101182, -0.136994, -0.179673, 0.974141)

[8]
    Time: 0.233333
    HumanoidRootPart.CFrame = CFrame.new(0, 0, 0, 1, 0, 0, 0, 1, 0, 0, 0, 1)
    Torso.CFrame = CFrame.new(0.0436208, 0.359745, -0.0726194, 0.816357, 0.575898, 0.0436208, -0.548351, 0.749165, 0.371567, 0.181306, -0.327251, 0.927381)
    Left Leg.CFrame = CFrame.new(0.632013, 0.15979, -0.421995, 0.29698, -0.389241, 0.871948, 0.401916, 0.879273, 0.255621, -0.866179, 0.274536, 0.417569)
    Right Arm.CFrame = CFrame.new(0.65122, -0.681206, 0.083751, -0.878025, -0.150002, 0.454502, 0.453258, -0.565593, 0.688957, 0.153718, 0.810928, 0.564594)
    Head.CFrame = CFrame.new(1.11759e-07, -3.72529e-09, 2.38419e-07, 0.770247, -0.63639, -0.0415681, 0.634642, 0.771291, -0.0483686, 0.0628424, 0.0108749, 0.997964)
    Left Arm.CFrame = CFrame.new(-0.616574, 0.195291, 0.00936794, -0.465717, 0.820146, 0.332367, -0.498632, -0.553489, 0.667095, 0.731077, 0.144949, 0.66672)
    Right Leg.CFrame = CFrame.new(0.420979, 0.0239763, -0.0148824, 0.884227, 0.421108, 0.202019, -0.446515, 0.889037, 0.101182, -0.136994, -0.179673, 0.974141)

[9]
    Time: 0.266667
    HumanoidRootPart.CFrame = CFrame.new(0, 0, 0, 1, 0, 0, 0, 1, 0, 0, 0, 1)
    Torso.CFrame = CFrame.new(0.0436208, 0.359745, -0.0726194, 0.816357, 0.575898, 0.0436208, -0.548351, 0.749165, 0.371567, 0.181306, -0.327251, 0.927381)
    Left Leg.CFrame = CFrame.new(0.632013, 0.15979, -0.421995, 0.29698, -0.389241, 0.871948, 0.401916, 0.879273, 0.255621, -0.866179, 0.274536, 0.417569)
    Right Arm.CFrame = CFrame.new(0.65122, -0.681206, 0.083751, -0.878025, -0.150002, 0.454502, 0.453258, -0.565593, 0.688957, 0.153718, 0.810928, 0.564594)
    Head.CFrame = CFrame.new(1.11759e-07, -3.72529e-09, 2.38419e-07, 0.770247, -0.63639, -0.0415681, 0.634642, 0.771291, -0.0483686, 0.0628424, 0.0108749, 0.997964)
    Left Arm.CFrame = CFrame.new(-0.616574, 0.195291, 0.00936794, -0.465717, 0.820146, 0.332367, -0.498632, -0.553489, 0.667095, 0.731077, 0.144949, 0.66672)
    Right Leg.CFrame = CFrame.new(0.420979, 0.0239763, -0.0148824, 0.884227, 0.421108, 0.202019, -0.446515, 0.889037, 0.101182, -0.136994, -0.179673, 0.974141)

[10]
    Time: 0.300000
    HumanoidRootPart.CFrame = CFrame.new(0, 0, 0, 1, 0, 0, 0, 1, 0, 0, 0, 1)
    Torso.CFrame = CFrame.new(0.0386857, 0.373824, -0.0781877, 0.82476, 0.564159, 0.0386857, -0.538955, 0.763519, 0.355762, 0.171169, -0.314268, 0.933776)
    Left Leg.CFrame = CFrame.new(0.634047, 0.159458, -0.448979, 0.225522, -0.369279, 0.901539, 0.364229, 0.890233, 0.273535, -0.903591, 0.266679, 0.33527)
    Right Arm.CFrame = CFrame.new(0.638763, -0.671765, 0.0623454, -0.867408, -0.152645, 0.473607, 0.468197, -0.572682, 0.672924, 0.168508, 0.805441, 0.568217)
    Head.CFrame = CFrame.new(1.63913e-07, -7.82311e-08, -2.98023e-07, 0.779441, -0.626435, -0.00709004, 0.623909, 0.777222, -0.0816379, 0.0566514, 0.0592084, 0.996637)
    Left Arm.CFrame = CFrame.new(-0.615201, 0.196762, 0.00757909, -0.485045, 0.808414, 0.333463, -0.486502, -0.56632, 0.66528, 0.726669, 0.160461, 0.667986)
    Right Leg.CFrame = CFrame.new(0.353321, 0.0492889, 0.0307028, 0.910247, 0.411609, 0.0450356, -0.413923, 0.901674, 0.12511, 0.010889, -0.132522, 0.99112)

[11]
    Time: 0.333333
    HumanoidRootPart.CFrame = CFrame.new(0, 0, 0, 1, 0, 0, 0, 1, 0, 0, 0, 1)
    Torso.CFrame = CFrame.new(0.0386857, 0.373824, -0.0781877, 0.82476, 0.564159, 0.0386857, -0.538955, 0.763519, 0.355762, 0.171169, -0.314268, 0.933776)
    Left Leg.CFrame = CFrame.new(0.634047, 0.159458, -0.448979, 0.225522, -0.369279, 0.901539, 0.364229, 0.890233, 0.273535, -0.903591, 0.266679, 0.33527)
    Right Arm.CFrame = CFrame.new(0.638763, -0.671765, 0.0623454, -0.867408, -0.152645, 0.473607, 0.468197, -0.572682, 0.672924, 0.168508, 0.805441, 0.568217)
    Head.CFrame = CFrame.new(1.63913e-07, -7.82311e-08, -2.98023e-07, 0.779441, -0.626435, -0.00709004, 0.623909, 0.777222, -0.0816379, 0.0566514, 0.0592084, 0.996637)
    Left Arm.CFrame = CFrame.new(-0.615201, 0.196762, 0.00757909, -0.485045, 0.808414, 0.333463, -0.486502, -0.56632, 0.66528, 0.726669, 0.160461, 0.667986)
    Right Leg.CFrame = CFrame.new(0.353321, 0.0492889, 0.0307028, 0.910247, 0.411609, 0.0450356, -0.413923, 0.901674, 0.12511, 0.010889, -0.132522, 0.99112)

[12]
    Time: 0.366667
    HumanoidRootPart.CFrame = CFrame.new(0, 0, 0, 1, 0, 0, 0, 1, 0, 0, 0, 1)
    Torso.CFrame = CFrame.new(0.0386857, 0.373824, -0.0781877, 0.82476, 0.564159, 0.0386857, -0.538955, 0.763519, 0.355762, 0.171169, -0.314268, 0.933776)
    Left Leg.CFrame = CFrame.new(0.634047, 0.159458, -0.448979, 0.225522, -0.369279, 0.901539, 0.364229, 0.890233, 0.273535, -0.903591, 0.266679, 0.33527)
    Right Arm.CFrame = CFrame.new(0.638763, -0.671765, 0.0623454, -0.867408, -0.152645, 0.473607, 0.468197, -0.572682, 0.672924, 0.168508, 0.805441, 0.568217)
    Head.CFrame = CFrame.new(1.63913e-07, -7.82311e-08, -2.98023e-07, 0.779441, -0.626435, -0.00709004, 0.623909, 0.777222, -0.0816379, 0.0566514, 0.0592084, 0.996637)
    Left Arm.CFrame = CFrame.new(-0.615201, 0.196762, 0.00757909, -0.485045, 0.808414, 0.333463, -0.486502, -0.56632, 0.66528, 0.726669, 0.160461, 0.667986)
    Right Leg.CFrame = CFrame.new(0.353321, 0.0492889, 0.0307028, 0.910247, 0.411609, 0.0450356, -0.413923, 0.901674, 0.12511, 0.010889, -0.132522, 0.99112)

[13]
    Time: 0.400000
    HumanoidRootPart.CFrame = CFrame.new(0, 0, 0, 1, 0, 0, 0, 1, 0, 0, 0, 1)
    Torso.CFrame = CFrame.new(0.110376, 0.170506, -0.724209, 0.82497, 0.564159, 0.0339027, -0.540275, 0.804812, -0.245723, -0.165912, 0.184397, 0.968747)
    Left Leg.CFrame = CFrame.new(0.287469, 0.729323, 0.127184, 0.00861688, 0.0452659, 0.998938, 0.247641, 0.96776, -0.0459893, -0.968813, 0.247775, -0.00287067)
    Right Arm.CFrame = CFrame.new(0.424857, -0.700171, 0.0180268, -0.853377, -0.300775, 0.425773, 0.518485, -0.574411, 0.633423, 0.0540512, 0.761306, 0.646136)
    Head.CFrame = CFrame.new(1.49012e-08, 4.47035e-08, -2.38419e-07, 0.82497, -0.537435, -0.174893, 0.564159, 0.801627, 0.197785, 0.0339028, -0.261834, 0.964517)
    Left Arm.CFrame = CFrame.new(-0.76922, 0.038753, -0.0132449, -0.122054, 0.84867, 0.514648, -0.73067, -0.427764, 0.532108, 0.671732, -0.311092, 0.672308)
    Right Leg.CFrame = CFrame.new(0.516593, 0.599903, 0.0447733, 0.802031, 0.00140577, -0.597281, -0.165202, 0.961508, -0.219571, 0.573982, 0.274774, 0.771391)

[14]
    Time: 0.433333
    HumanoidRootPart.CFrame = CFrame.new(0, 0, 0, 1, 0, 0, 0, 1, 0, 0, 0, 1)
    Torso.CFrame = CFrame.new(0.110376, 0.170506, -0.805539, 0.82497, 0.564159, 0.0339027, -0.540275, 0.804812, -0.245723, -0.165912, 0.184397, 0.968747)
    Left Leg.CFrame = CFrame.new(0.297755, 0.803281, 0.137393, 0.00132626, 0.0428752, 0.99908, 0.261577, 0.96428, -0.0417291, -0.965182, 0.261392, -0.00993629)
    Right Arm.CFrame = CFrame.new(0.424857, -0.700172, 0.0180266, -0.853377, -0.300775, 0.425773, 0.518485, -0.574411, 0.633423, 0.0540512, 0.761306, 0.646136)
    Head.CFrame = CFrame.new(1.3411e-07, -7.45058e-08, -2.38419e-07, 0.82497, -0.537435, -0.174893, 0.564159, 0.801627, 0.197785, 0.0339028, -0.261834, 0.964517)
    Left Arm.CFrame = CFrame.new(-0.631596, 0.000945747, -0.0810385, -0.122054, 0.84867, 0.514648, -0.73067, -0.427764, 0.532108, 0.671732, -0.311092, 0.672308)
    Right Leg.CFrame = CFrame.new(0.515429, 0.676329, 0.0670726, 0.801232, 0.00857482, -0.598293, -0.173728, 0.960158, -0.218895, 0.572579, 0.279326, 0.770799)

[15]
    Time: 0.466667
    HumanoidRootPart.CFrame = CFrame.new(0, 0, 0, 1, 0, 0, 0, 1, 0, 0, 0, 1)
    Torso.CFrame = CFrame.new(0.110376, 0.170506, -0.693676, 0.82497, 0.564159, 0.0339027, -0.540275, 0.804812, -0.245723, -0.165912, 0.184397, 0.968747)
    Left Leg.CFrame = CFrame.new(0.283638, 0.701872, 0.121744, 0.0111528, 0.0461822, 0.998871, 0.241634, 0.969204, -0.0475085, -0.970303, 0.241891, -0.000349861)
    Right Arm.CFrame = CFrame.new(0.424856, -0.700171, 0.0180268, -0.853377, -0.300775, 0.425773, 0.518485, -0.574411, 0.633423, 0.0540512, 0.761306, 0.646136)
    Head.CFrame = CFrame.new(1.49012e-08, 1.04308e-07, -2.38419e-07, 0.82497, -0.537435, -0.174893, 0.564159, 0.801627, 0.197785, 0.0339028, -0.261834, 0.964517)
    Left Arm.CFrame = CFrame.new(-0.631596, 0.000945985, -0.0810387, -0.122054, 0.84867, 0.514648, -0.73067, -0.427764, 0.532108, 0.671732, -0.311092, 0.672308)
    Right Leg.CFrame = CFrame.new(0.515571, 0.571472, 0.0353427, 0.802301, -0.00201187, -0.596916, -0.16113, 0.962143, -0.219815, 0.574761, 0.272539, 0.771604)

[16]
    Time: 0.500000
    HumanoidRootPart.CFrame = CFrame.new(0, 0, 0, 1, 0, 0, 0, 1, 0, 0, 0, 1)
    Torso.CFrame = CFrame.new(0.057363, 0.293033, -0.234426, 0.979715, 0.200391, 0.00124698, -0.197941, 0.966728, 0.16204, 0.0312658, -0.159, 0.986783)
    Left Leg.CFrame = CFrame.new(0.555462, 0.144588, -0.447245, 0.186725, -0.414193, 0.89083, 0.583853, 0.776053, 0.238447, -0.790095, 0.47559, 0.386736)
    Right Arm.CFrame = CFrame.new(0.452258, -0.745979, 0.0786495, -0.87492, -0.461979, 0.145226, 0.397761, -0.514499, 0.759656, -0.276226, 0.722403, 0.633903)
    Head.CFrame = CFrame.new(9.31323e-08, 1.95578e-08, 2.38419e-07, 0.979715, -0.197258, 0.0353191, 0.200391, 0.963263, -0.178795, 0.00124706, 0.182246, 0.983252)
    Left Arm.CFrame = CFrame.new(-0.690306, -0.365674, -0.258264, -0.282465, 0.959015, 0.0224382, -0.753355, -0.23625, 0.613712, 0.593861, 0.156449, 0.789211)
    Right Leg.CFrame = CFrame.new(-0.289729, 0.0267999, -0.125739, 0.570801, 0.179266, -0.80128, -0.427162, 0.898251, -0.103332, 0.701227, 0.401259, 0.589298)

[17]
    Time: 0.533333
    HumanoidRootPart.CFrame = CFrame.new(0, 0, 0, 1, 0, 0, 0, 1, 0, 0, 0, 1)
    Torso.CFrame = CFrame.new(0.057363, 0.293033, -0.0661321, 0.979715, 0.200391, 0.00124698, -0.197941, 0.966728, 0.16204, 0.0312658, -0.159, 0.986783)
    Left Leg.CFrame = CFrame.new(0.556981, 0.146471, -0.446615, 0.185473, -0.416265, 0.890125, 0.583795, 0.775328, 0.240937, -0.790433, 0.474963, 0.386816)
    Right Arm.CFrame = CFrame.new(0.452258, -0.745979, 0.0786495, -0.87492, -0.461979, 0.145226, 0.397761, -0.514499, 0.759656, -0.276226, 0.722403, 0.633903)
    Head.CFrame = CFrame.new(8.56817e-08, 3.44589e-08, 2.38419e-07, 0.979715, -0.197258, 0.0353191, 0.200391, 0.963263, -0.178795, 0.00124706, 0.182246, 0.983252)
    Left Arm.CFrame = CFrame.new(-0.690306, -0.365674, -0.258264, -0.282465, 0.959015, 0.0224382, -0.753355, -0.23625, 0.613712, 0.593861, 0.156449, 0.789211)
    Right Leg.CFrame = CFrame.new(-0.382608, 0.0379962, -0.244289, 0.580006, 0.147647, -0.80112, -0.372504, 0.922666, -0.0996433, 0.724454, 0.356214, 0.59015)

[18]
    Time: 0.566667
    HumanoidRootPart.CFrame = CFrame.new(0, 0, 0, 1, 0, 0, 0, 1, 0, 0, 0, 1)
    Torso.CFrame = CFrame.new(0.057363, 0.293033, 0.0877156, 0.979715, 0.200391, 0.00124698, -0.197941, 0.966728, 0.16204, 0.0312658, -0.159, 0.986783)
    Left Leg.CFrame = CFrame.new(0.385902, 0.0991001, -0.182897, 0.365944, -0.198165, 0.909294, 0.126331, 0.9786, 0.162427, -0.922023, 0.0554328, 0.383147)
    Right Arm.CFrame = CFrame.new(0.452258, -0.745979, 0.0786495, -0.87492, -0.461979, 0.145226, 0.397761, -0.514499, 0.759656, -0.276226, 0.722403, 0.633903)
    Head.CFrame = CFrame.new(8.56817e-08, 3.44589e-08, 4.76837e-07, 0.979715, -0.197258, 0.0353191, 0.200391, 0.963263, -0.178795, 0.00124706, 0.182246, 0.983252)
    Left Arm.CFrame = CFrame.new(-0.690306, -0.365674, -0.258264, -0.282465, 0.959015, 0.0224382, -0.753355, -0.23625, 0.613712, 0.593861, 0.156449, 0.789211)
    Right Leg.CFrame = CFrame.new(-0.278426, 0.0744156, -0.103323, 0.52173, 0.137096, -0.842023, -0.0822764, 0.990488, 0.110289, 0.849134, 0.0117376, 0.528047)

[19]
    Time: 0.600000
    HumanoidRootPart.CFrame = CFrame.new(0, 0, 0, 1, 0, 0, 0, 1, 0, 0, 0, 1)
    Torso.CFrame = CFrame.new(0.0689631, 0.196717, 0.270173, 0.99889, 0.0461941, 0.00922358, -0.0466499, 0.997251, 0.0575685, -0.0065389, -0.0579349, 0.998299)
    Left Leg.CFrame = CFrame.new(0.303182, 0.0155534, -0.223752, 0.516931, -0.0786165, 0.85241, 0.0268347, 0.996773, 0.0756574, -0.855606, -0.0162355, 0.517372)
    Right Arm.CFrame = CFrame.new(0.446898, -0.578079, 0.789169, -0.805125, -0.585248, 0.0962179, 0.0391699, 0.109405, 0.993225, -0.59181, 0.80344, -0.065161)
    Head.CFrame = CFrame.new(8.3819e-08, -2.00234e-08, 1.19209e-07, 0.99889, -0.0465704, -0.00708307, 0.0461941, 0.997859, -0.0462903, 0.00922367, 0.0459117, 0.998903)
    Left Arm.CFrame = CFrame.new(-0.25323, -0.576966, 0.485897, -0.458925, 0.764243, -0.453123, -0.462941, 0.229611, 0.856133, 0.758336, 0.60267, 0.248426)
    Right Leg.CFrame = CFrame.new(-0.363359, 0.0148199, -0.303978, 0.315386, 0.0617021, -0.946956, -0.0286903, 0.998048, 0.0554758, 0.94853, 0.00967215, 0.31654)

[20]
    Time: 0.633333
    HumanoidRootPart.CFrame = CFrame.new(0, 0, 0, 1, 0, 0, 0, 1, 0, 0, 0, 1)
    Torso.CFrame = CFrame.new(0.0689631, 0.196717, 0.308123, 0.99889, 0.0461941, 0.00922358, -0.0466499, 0.997251, 0.0575685, -0.0065389, -0.0579349, 0.998299)
    Left Leg.CFrame = CFrame.new(0.2217, -0.303554, -0.18666, 0.578137, 0.160571, 0.799984, 0.335486, 0.846956, -0.412449, -0.743779, 0.506835, 0.435788)
    Right Arm.CFrame = CFrame.new(0.446898, -0.578079, 0.789169, -0.805125, -0.585248, 0.0962179, 0.0391699, 0.109405, 0.993225, -0.59181, 0.80344, -0.065161)
    Head.CFrame = CFrame.new(8.56817e-08, -1.95578e-08, -3.57628e-07, 0.99889, -0.0465704, -0.00708307, 0.0461941, 0.997859, -0.0462903, 0.00922367, 0.0459117, 0.998903)
    Left Arm.CFrame = CFrame.new(-0.25323, -0.576966, 0.485897, -0.458925, 0.764243, -0.453123, -0.462941, 0.229611, 0.856133, 0.758336, 0.60267, 0.248426)
    Right Leg.CFrame = CFrame.new(-0.395279, 0.0197259, -0.327495, 0.350553, 0.0919264, -0.93202, -0.384199, 0.921693, -0.0535978, 0.85411, 0.37687, 0.358421)

[21]
    Time: 0.666667
    HumanoidRootPart.CFrame = CFrame.new(0, 0, 0, 1, 0, 0, 0, 1, 0, 0, 0, 1)
    Torso.CFrame = CFrame.new(0.0689631, 0.196717, 0.333871, 0.99889, 0.0461941, 0.00922358, -0.0466499, 0.997251, 0.0575685, -0.0065389, -0.0579349, 0.998299)
    Left Leg.CFrame = CFrame.new(0.215722, -0.293855, -0.177504, 0.577094, 0.157682, 0.801311, 0.341999, 0.844345, -0.412453, -0.741619, 0.512072, 0.43334)
    Right Arm.CFrame = CFrame.new(0.446898, -0.578079, 0.789169, -0.805125, -0.585248, 0.0962179, 0.0391699, 0.109405, 0.993225, -0.59181, 0.80344, -0.065161)
    Head.CFrame = CFrame.new(8.3819e-08, -3.72529e-09, 1.19209e-07, 0.99889, -0.0465704, -0.00708307, 0.0461941, 0.997859, -0.0462903, 0.00922367, 0.0459117, 0.998903)
    Left Arm.CFrame = CFrame.new(-0.25323, -0.576966, 0.485897, -0.458925, 0.764243, -0.453123, -0.462941, 0.229611, 0.856133, 0.758336, 0.60267, 0.248426)
    Right Leg.CFrame = CFrame.new(-0.395567, 0.0199021, -0.327458, 0.350509, 0.0922433, -0.932006, -0.384295, 0.92167, -0.0533056, 0.854085, 0.376849, 0.358502)

[22]
    Time: 0.700000
    HumanoidRootPart.CFrame = CFrame.new(0, 0, 0, 1, 0, 0, 0, 1, 0, 0, 0, 1)
    Torso.CFrame = CFrame.new(0.0673121, 0.141926, 0.329643, 0.999771, 0.0213716, 0.000525087, -0.0213686, 0.999759, -0.00511809, -0.000634342, 0.0051057, 0.999987)
    Left Leg.CFrame = CFrame.new(0.239269, 0.117578, -0.179622, 0.424306, -0.0500384, 0.904135, 0.0312231, 0.998687, 0.0406184, -0.90498, 0.0109951, 0.425311)
    Right Arm.CFrame = CFrame.new(-0.117646, -0.13248, 0.741, 0.22449, -0.399919, 0.888633, 0.819114, 0.571427, 0.0502359, -0.52788, 0.716614, 0.455859)
    Head.CFrame = CFrame.new(9.0804e-08, 7.68341e-09, -1.19209e-07, 0.999772, -0.0213598, -0.000883817, 0.0213716, 0.999631, 0.0167753, 0.000525174, -0.0167903, 0.999859)
    Left Arm.CFrame = CFrame.new(0.285781, -0.353226, 0.762574, -0.126207, 0.526333, -0.84086, -0.693296, 0.559461, 0.454251, 0.709516, 0.640294, 0.294297)
    Right Leg.CFrame = CFrame.new(-0.315906, 0.104551, -0.259983, 0.258989, 0.0292542, -0.965437, -0.0220187, 0.99946, 0.0243784, 0.965629, 0.0149437, 0.259493)

[23]
    Time: 0.733333
    HumanoidRootPart.CFrame = CFrame.new(0, 0, 0, 1, 0, 0, 0, 1, 0, 0, 0, 1)
    Torso.CFrame = CFrame.new(0.0673121, 0.141926, 0.278795, 0.999771, 0.0213716, 0.000525087, -0.0213686, 0.999759, -0.00511809, -0.000634342, 0.0051057, 0.999987)
    Left Leg.CFrame = CFrame.new(0.239269, 0.117578, -0.179622, 0.424306, -0.0500382, 0.904135, 0.0312228, 0.998687, 0.0406184, -0.90498, 0.0109948, 0.425311)
    Right Arm.CFrame = CFrame.new(-0.117646, -0.13248, 0.741, 0.22449, -0.399919, 0.888633, 0.819114, 0.571427, 0.0502359, -0.52788, 0.716614, 0.455859)
    Head.CFrame = CFrame.new(8.82428e-08, 3.95812e-09, -3.57628e-07, 0.999772, -0.0213598, -0.000883817, 0.0213716, 0.999631, 0.0167753, 0.000525174, -0.0167903, 0.999859)
    Left Arm.CFrame = CFrame.new(0.285781, -0.353226, 0.762574, -0.126207, 0.526333, -0.84086, -0.693296, 0.559461, 0.454251, 0.709516, 0.640294, 0.294297)
    Right Leg.CFrame = CFrame.new(-0.315906, 0.104551, -0.259984, 0.258989, 0.0292541, -0.965437, -0.0220183, 0.99946, 0.0243784, 0.965629, 0.0149434, 0.259493)

[24]
    Time: 0.766667
    HumanoidRootPart.CFrame = CFrame.new(0, 0, 0, 1, 0, 0, 0, 1, 0, 0, 0, 1)
    Torso.CFrame = CFrame.new(0.0673121, 0.141926, 0.202524, 0.999771, 0.0213716, 0.000525087, -0.0213686, 0.999759, -0.00511809, -0.000634342, 0.0051057, 0.999987)
    Left Leg.CFrame = CFrame.new(0.171433, -0.306947, -0.199945, 0.608958, 0.197826, 0.768138, 0.305644, 0.835098, -0.457377, -0.731951, 0.5133, 0.448075)
    Right Arm.CFrame = CFrame.new(-0.117646, -0.13248, 0.741, 0.22449, -0.399919, 0.888633, 0.819114, 0.571427, 0.0502359, -0.52788, 0.716614, 0.455859)
    Head.CFrame = CFrame.new(8.61473e-08, 1.5134e-08, -1.19209e-07, 0.999772, -0.0213598, -0.000883817, 0.0213716, 0.999631, 0.0167753, 0.000525174, -0.0167903, 0.999859)
    Left Arm.CFrame = CFrame.new(0.285781, -0.353226, 0.762574, -0.126207, 0.526333, -0.84086, -0.693296, 0.559461, 0.454251, 0.709516, 0.640294, 0.294297)
    Right Leg.CFrame = CFrame.new(-0.364919, 0.00593734, -0.352557, 0.305783, 0.0473305, -0.950924, -0.368857, 0.926655, -0.0724884, 0.877748, 0.37292, 0.300814)

[25]
    Time: 0.800000
    HumanoidRootPart.CFrame = CFrame.new(0, 0, 0, 1, 0, 0, 0, 1, 0, 0, 0, 1)
    Torso.CFrame = CFrame.new(0.0673121, 0.141926, -0.00151253, 0.999771, 0.0213716, 0.000525087, -0.0213686, 0.999759, -0.00511809, -0.000634342, 0.0051057, 0.999987)
    Left Leg.CFrame = CFrame.new(0.144624, -0.307296, -0.151127, 0.612785, 0.184084, 0.76851, 0.322631, 0.829473, -0.455943, -0.72139, 0.52734, 0.448897)
    Right Arm.CFrame = CFrame.new(0.0181288, -0.0690249, 0.974314, 0.0933078, -0.000804779, 0.995637, 0.696899, 0.714241, -0.0647338, -0.711073, 0.699899, 0.0672052)
    Head.CFrame = CFrame.new(7.98609e-08, 5.82077e-09, 1.19209e-07, 0.999772, -0.0213598, -0.000883817, 0.0213716, 0.999631, 0.0167753, 0.000525174, -0.0167903, 0.999859)
    Left Arm.CFrame = CFrame.new(-0.313972, 0.00175762, 0.658712, -0.948245, 0.316072, 0.0304891, -0.12442, -0.458169, 0.880114, 0.292148, 0.83077, 0.473783)
    Right Leg.CFrame = CFrame.new(-0.364738, 0.00449014, -0.345862, 0.305838, 0.0471347, -0.950916, -0.362055, 0.929497, -0.0703725, 0.880557, 0.365806, 0.30134)

[26]
    Time: 0.833333
    HumanoidRootPart.CFrame = CFrame.new(0, 0, 0, 1, 0, 0, 0, 1, 0, 0, 0, 1)
    Torso.CFrame = CFrame.new(0.0673121, 0.141926, -0.236299, 0.999771, 0.0213716, 0.000525087, -0.0213686, 0.999759, -0.00511809, -0.000634342, 0.0051057, 0.999987)
    Left Leg.CFrame = CFrame.new(0.218245, 0.2016, -0.133004, 0.419355, -0.0611765, 0.905759, 0.0576893, 0.997506, 0.0406639, -0.905988, 0.0351999, 0.421838)
    Right Arm.CFrame = CFrame.new(0.0181288, -0.0690249, 0.974314, 0.0933078, -0.000804779, 0.995637, 0.696899, 0.714241, -0.0647338, -0.711073, 0.699899, 0.0672052)
    Head.CFrame = CFrame.new(7.72998e-08, -3.49246e-09, 1.19209e-07, 0.999772, -0.0213598, -0.000883817, 0.0213716, 0.999631, 0.0167753, 0.000525174, -0.0167903, 0.999859)
    Left Arm.CFrame = CFrame.new(-0.313972, 0.00175762, 0.658712, -0.948245, 0.316072, 0.0304891, -0.12442, -0.458169, 0.880114, 0.292148, 0.83077, 0.473783)
    Right Leg.CFrame = CFrame.new(-0.303745, 0.184965, -0.174812, 0.263536, 0.0351978, -0.964007, -0.0633941, 0.997806, 0.0191015, 0.962564, 0.0560782, 0.265189)

[27]
    Time: 0.866667
    HumanoidRootPart.CFrame = CFrame.new(0, 0, 0, 1, 0, 0, 0, 1, 0, 0, 0, 1)
    Torso.CFrame = CFrame.new(0.0673121, 0.141926, -0.614491, 0.999771, 0.0213716, 0.000525087, -0.0213686, 0.999759, -0.00511809, -0.000634342, 0.0051057, 0.999987)
    Left Leg.CFrame = CFrame.new(-0.0265091, 0.521688, 0.225709, 0.483601, -0.173409, 0.857939, 0.217135, 0.973307, 0.0743338, -0.847928, 0.150341, 0.508346)
    Right Arm.CFrame = CFrame.new(0.0181288, -0.0690253, 0.974314, 0.0933078, -0.000804779, 0.995637, 0.696899, 0.714241, -0.0647338, -0.711073, 0.699899, 0.0672052)
    Head.CFrame = CFrame.new(8.70787e-08, 9.54606e-09, -3.57628e-07, 0.999772, -0.0213598, -0.000883817, 0.0213716, 0.999631, 0.0167753, 0.000525174, -0.0167903, 0.999859)
    Left Arm.CFrame = CFrame.new(-0.313972, 0.00175714, 0.658712, -0.948245, 0.316072, 0.0304891, -0.12442, -0.458169, 0.880114, 0.292148, 0.83077, 0.473783)
    Right Leg.CFrame = CFrame.new(-0.0518502, 0.542636, 0.00516081, 0.324568, 0.154337, -0.933186, -0.170873, 0.979933, 0.102638, 0.9303, 0.126143, 0.344426)

[28]
    Time: 0.900000
    HumanoidRootPart.CFrame = CFrame.new(0, 0, 0, 1, 0, 0, 0, 1, 0, 0, 0, 1)
    Torso.CFrame = CFrame.new(0.0673121, 0.141926, -0.98193, 0.999771, 0.0213716, 0.000525087, -0.0213686, 0.999759, -0.00511809, -0.000634342, 0.0051057, 0.999987)
    Left Leg.CFrame = CFrame.new(-0.516247, 0.246987, 0.379221, 0.738272, -0.206921, 0.64198, 0.543535, 0.746102, -0.384579, -0.399405, 0.632863, 0.663295)
    Right Arm.CFrame = CFrame.new(0.0188139, -0.203202, 0.974229, 0.0933078, -0.000804779, 0.995637, 0.696899, 0.714241, -0.0647338, -0.711073, 0.699899, 0.0672052)
    Head.CFrame = CFrame.new(8.49832e-08, 4.88944e-09, -3.57628e-07, 0.999772, -0.0213598, -0.000883817, 0.0213716, 0.999631, 0.0167753, 0.000525174, -0.0167903, 0.999859)
    Left Arm.CFrame = CFrame.new(-0.313972, 0.00175714, 0.658712, -0.948245, 0.316072, 0.0304891, -0.12442, -0.458169, 0.880114, 0.292148, 0.83077, 0.473783)
    Right Leg.CFrame = CFrame.new(0.16267, 0.0861185, 0.144019, 0.498368, 0.490521, -0.714856, -0.784031, 0.606927, -0.130132, 0.370033, 0.625323, 0.687056)

[29]
    Time: 0.933333
    HumanoidRootPart.CFrame = CFrame.new(0, 0, 0, 1, 0, 0, 0, 1, 0, 0, 0, 1)
    Torso.CFrame = CFrame.new(0.0775095, 0.141926, -0.695938, 0.999771, 0.0213716, 0.000525087, -0.0213686, 0.999759, -0.00511809, -0.000634342, 0.0051057, 0.999987)
    Left Leg.CFrame = CFrame.new(-0.428953, 0.12171, 0.30756, 0.712299, -0.137854, 0.688205, 0.492137, 0.797199, -0.349679, -0.500432, 0.587767, 0.635687)
    Right Arm.CFrame = CFrame.new(0.0188659, -0.213392, 0.974222, 0.0933078, -0.000804779, 0.995637, 0.696899, 0.714241, -0.0647338, -0.711073, 0.699899, 0.0672052)
    Head.CFrame = CFrame.new(8.2422e-08, 5.23869e-09, -2.38419e-07, 0.999772, -0.0213598, -0.000883817, 0.0213716, 0.999631, 0.0167753, 0.000525174, -0.0167903, 0.999859)
    Left Arm.CFrame = CFrame.new(-0.313972, 0.00175703, 0.658713, -0.948245, 0.316072, 0.0304891, -0.12442, -0.458169, 0.880114, 0.292148, 0.83077, 0.473783)
    Right Leg.CFrame = CFrame.new(0.0409829, 0.0178946, 0.071391, 0.508765, 0.4444, -0.737338, -0.723681, 0.684669, -0.0866856, 0.466309, 0.5777, 0.669939)

[30]
    Time: 0.966667
    HumanoidRootPart.CFrame = CFrame.new(0, 0, 0, 1, 0, 0, 0, 1, 0, 0, 0, 1)
    Torso.CFrame = CFrame.new(0.0775095, 0.141926, -0.359572, 0.999771, 0.0213716, 0.000525087, -0.0213686, 0.999759, -0.00511809, -0.000634342, 0.0051057, 0.999987)
    Left Leg.CFrame = CFrame.new(-0.259447, -0.059472, 0.123131, 0.675654, -0.0638045, 0.734452, 0.407675, 0.862398, -0.300118, -0.614241, 0.502194, 0.608694)
    Right Arm.CFrame = CFrame.new(0.0187792, -0.196407, 0.974233, 0.0933078, -0.000804779, 0.995637, 0.696899, 0.714241, -0.0647338, -0.711073, 0.699899, 0.0672052)
    Head.CFrame = CFrame.new(8.84756e-08, 1.64146e-08, 0, 0.999772, -0.0213598, -0.000883817, 0.0213716, 0.999631, 0.0167753, 0.000525174, -0.0167903, 0.999859)
    Left Arm.CFrame = CFrame.new(-0.313972, 0.0017575, 0.658713, -0.948245, 0.316072, 0.0304891, -0.12442, -0.458169, 0.880114, 0.292148, 0.83077, 0.473783)
    Right Leg.CFrame = CFrame.new(-0.1468, -0.0764235, -0.122294, 0.563786, 0.352093, -0.747112, -0.593733, 0.801588, -0.0702772, 0.574131, 0.483206, 0.660973)

[31]
    Time: 1.000000
    HumanoidRootPart.CFrame = CFrame.new(0, 0, 0, 1, 0, 0, 0, 1, 0, 0, 0, 1)
    Torso.CFrame = CFrame.new(0.0775095, 0.141926, -0.186378, 0.999626, 0.0273645, 0.000525087, -0.0273614, 0.999613, -0.00511809, -0.000664937, 0.0051018, 0.999987)
    Left Leg.CFrame = CFrame.new(-0.0158582, -0.0779625, -0.170715, 0.641827, 0.051313, 0.765131, 0.245047, 0.931722, -0.268042, -0.726643, 0.35953, 0.58543)
    Right Arm.CFrame = CFrame.new(0.0165163, 0.0418668, 0.953994, 0.0890436, 0.00339086, 0.996022, 0.696899, 0.714241, -0.0647338, -0.71162, 0.699891, 0.0612355)
    Head.CFrame = CFrame.new(8.47504e-08, -5.58794e-09, 0, 0.999625, -0.0273518, -0.000984362, 0.0273645, 0.999485, 0.0167697, 0.000525174, -0.0167903, 0.999859)
    Left Arm.CFrame = CFrame.new(-0.314844, 0.0527707, 0.638557, -0.946477, 0.321046, 0.0333287, -0.12442, -0.458169, 0.880114, 0.297828, 0.828861, 0.473591)
    Right Leg.CFrame = CFrame.new(-0.309136, -0.0925035, -0.300598, 0.608069, 0.271462, -0.74603, -0.472521, 0.878895, -0.0653312, 0.637947, 0.392241, 0.6627)

[32]
    Time: 1.033333
    HumanoidRootPart.CFrame = CFrame.new(0, 0, 0, 1, 0, 0, 0, 1, 0, 0, 0, 1)
    Torso.CFrame = CFrame.new(0.0775095, 0.141926, -0.152452, 0.999626, 0.0273645, 0.000525087, -0.0273614, 0.999613, -0.00511809, -0.000664937, 0.0051018, 0.999987)
    Left Leg.CFrame = CFrame.new(0.0629843, -0.0810063, -0.269774, 0.634133, 0.0901147, 0.767955, 0.185897, 0.946287, -0.264544, -0.750545, 0.310516, 0.58332)
    Right Arm.CFrame = CFrame.new(0.0164296, 0.058851, 0.954005, 0.0890436, 0.00339086, 0.996022, 0.696899, 0.714241, -0.0647338, -0.71162, 0.699891, 0.0612355)
    Head.CFrame = CFrame.new(7.91624e-08, 0, 0, 0.999625, -0.0273518, -0.000984362, 0.0273645, 0.999485, 0.0167697, 0.000525174, -0.0167903, 0.999859)
    Left Arm.CFrame = CFrame.new(-0.314844, 0.0527707, 0.638557, -0.946477, 0.321046, 0.0333287, -0.12442, -0.458169, 0.880114, 0.297828, 0.828861, 0.473591)
    Right Leg.CFrame = CFrame.new(-0.366681, -0.0829641, -0.363152, 0.619321, 0.242763, -0.746664, -0.430374, 0.900362, -0.064239, 0.656673, 0.361129, 0.662092)

[33]
    Time: 1.066667
    HumanoidRootPart.CFrame = CFrame.new(0, 0, 0, 1, 0, 0, 0, 1, 0, 0, 0, 1)
    Torso.CFrame = CFrame.new(0.0775095, 0.141926, -0.178048, 0.999626, 0.0273645, 0.000525087, -0.0273614, 0.999613, -0.00511809, -0.000664937, 0.0051018, 0.999987)
    Left Leg.CFrame = CFrame.new(0.0573775, -0.0572948, -0.262643, 0.634684, 0.0872776, 0.767827, 0.190229, 0.945381, -0.264702, -0.748992, 0.314065, 0.583416)
    Right Arm.CFrame = CFrame.new(0.0164296, 0.058851, 0.954005, 0.0890436, 0.00339086, 0.996022, 0.696899, 0.714241, -0.0647338, -0.71162, 0.699891, 0.0612355)
    Head.CFrame = CFrame.new(8.14907e-08, -5.58794e-09, 0, 0.999625, -0.0273518, -0.000984362, 0.0273645, 0.999485, 0.0167697, 0.000525174, -0.0167903, 0.999859)
    Left Arm.CFrame = CFrame.new(-0.314844, 0.0527707, 0.638557, -0.946477, 0.321046, 0.0333287, -0.12442, -0.458169, 0.880114, 0.297828, 0.828861, 0.473591)
    Right Leg.CFrame = CFrame.new(-0.325821, -0.0877075, -0.31871, 0.611453, 0.263152, -0.746241, -0.460326, 0.88537, -0.0649671, 0.643603, 0.383239, 0.662498)

[34]
    Time: 1.100000
    HumanoidRootPart.CFrame = CFrame.new(0, 0, 0, 1, 0, 0, 0, 1, 0, 0, 0, 1)
    Torso.CFrame = CFrame.new(0.0775095, 0.141926, -0.172148, 0.999626, 0.0273645, 0.000525087, -0.0273614, 0.999613, -0.00511809, -0.000664937, 0.0051018, 0.999987)
    Left Leg.CFrame = CFrame.new(0.0577451, -0.063061, -0.263134, 0.634646, 0.0874739, 0.767837, 0.189929, 0.945445, -0.264691, -0.749101, 0.313819, 0.583409)
    Right Arm.CFrame = CFrame.new(0.03277, 0.0164546, 0.953455, 0.0890436, 0.00339086, 0.996022, 0.696899, 0.714241, -0.0647338, -0.71162, 0.699891, 0.0612355)
    Head.CFrame = CFrame.new(8.47504e-08, -3.72529e-09, 0, 0.969724, 0.244202, -0.000984359, -0.244151, 0.969592, 0.0167697, 0.00504962, -0.0160217, 0.999859)
    Left Arm.CFrame = CFrame.new(-0.314795, 0.010737, 0.649172, -0.946477, 0.320788, 0.0357176, -0.124428, -0.464733, 0.876665, 0.297823, 0.825299, 0.479775)
    Right Leg.CFrame = CFrame.new(-0.335293, -0.0863044, -0.329005, 0.613331, 0.258425, -0.746352, -0.453386, 0.888958, -0.0647766, 0.646735, 0.378115, 0.662392)

[35]
    Time: 1.133333
    HumanoidRootPart.CFrame = CFrame.new(0, 0, 0, 1, 0, 0, 0, 1, 0, 0, 0, 1)
    Torso.CFrame = CFrame.new(0.0775095, 0.141926, -0.172148, 0.999626, 0.0273645, 0.000525087, -0.0273614, 0.999613, -0.00511809, -0.000664937, 0.0051018, 0.999987)
    Left Leg.CFrame = CFrame.new(0.0577451, -0.063061, -0.263134, 0.634646, 0.0874739, 0.767837, 0.189929, 0.945445, -0.264691, -0.749101, 0.313819, 0.583409)
    Right Arm.CFrame = CFrame.new(0.03277, 0.0164546, 0.953455, 0.0890436, 0.00339086, 0.996022, 0.696899, 0.714241, -0.0647338, -0.71162, 0.699891, 0.0612355)
    Head.CFrame = CFrame.new(8.47504e-08, -3.72529e-09, 0, 0.978626, 0.205647, -0.00098436, -0.205602, 0.978492, 0.0167697, 0.00441183, -0.0162089, 0.999859)
    Left Arm.CFrame = CFrame.new(-0.314795, 0.010737, 0.649172, -0.946477, 0.320788, 0.0357176, -0.124428, -0.464733, 0.876665, 0.297823, 0.825299, 0.479775)
    Right Leg.CFrame = CFrame.new(-0.335293, -0.0863044, -0.329005, 0.613331, 0.258425, -0.746352, -0.453386, 0.888958, -0.0647766, 0.646735, 0.378115, 0.662392)

[36]
    Time: 1.166667
    HumanoidRootPart.CFrame = CFrame.new(0, 0, 0, 1, 0, 0, 0, 1, 0, 0, 0, 1)
    Torso.CFrame = CFrame.new(0.0775095, 0.141926, -0.172148, 0.999626, 0.0273645, 0.000525087, -0.0273614, 0.999613, -0.00511809, -0.000664937, 0.0051018, 0.999987)
    Left Leg.CFrame = CFrame.new(0.0577451, -0.063061, -0.263134, 0.634646, 0.0874739, 0.767837, 0.189929, 0.945445, -0.264691, -0.749101, 0.313819, 0.583409)
    Right Arm.CFrame = CFrame.new(0.03277, 0.0164546, 0.953455, 0.0890436, 0.00339086, 0.996022, 0.696899, 0.714241, -0.0647338, -0.71162, 0.699891, 0.0612355)
    Head.CFrame = CFrame.new(8.47504e-08, -3.72529e-09, 0, 0.978626, 0.205647, -0.00098436, -0.205602, 0.978492, 0.0167697, 0.00441183, -0.0162089, 0.999859)
    Left Arm.CFrame = CFrame.new(-0.314795, 0.010737, 0.649172, -0.946477, 0.320788, 0.0357176, -0.124428, -0.464733, 0.876665, 0.297823, 0.825299, 0.479775)
    Right Leg.CFrame = CFrame.new(-0.335293, -0.0863044, -0.329005, 0.613331, 0.258425, -0.746352, -0.453386, 0.888958, -0.0647766, 0.646735, 0.378115, 0.662392)

[37]
    Time: 1.200000
    HumanoidRootPart.CFrame = CFrame.new(0, 0, 0, 1, 0, 0, 0, 1, 0, 0, 0, 1)
    Torso.CFrame = CFrame.new(0.0775095, 0.141926, -0.172148, 0.999626, 0.0273645, 0.000525087, -0.0273614, 0.999613, -0.00511809, -0.000664937, 0.0051018, 0.999987)
    Left Leg.CFrame = CFrame.new(0.0577451, -0.063061, -0.263134, 0.634646, 0.0874739, 0.767837, 0.189929, 0.945445, -0.264691, -0.749101, 0.313819, 0.583409)
    Right Arm.CFrame = CFrame.new(0.0164296, 0.058851, 0.954005, 0.0890436, 0.00339086, 0.996022, 0.696899, 0.714241, -0.0647338, -0.71162, 0.699891, 0.0612355)
    Head.CFrame = CFrame.new(8.47504e-08, -3.72529e-09, 0, 0.68306, 0.730361, -0.000984336, -0.730248, 0.682977, 0.0167698, 0.0129203, -0.0107359, 0.999859)
    Left Arm.CFrame = CFrame.new(-0.314933, 0.0354469, 0.638568, -0.946477, 0.321046, 0.0333287, -0.12442, -0.458169, 0.880114, 0.297828, 0.828861, 0.473591)
    Right Leg.CFrame = CFrame.new(-0.335293, -0.0863044, -0.329005, 0.613331, 0.258425, -0.746352, -0.453386, 0.888958, -0.0647766, 0.646735, 0.378115, 0.662392)

[38]
    Time: 1.233333
    HumanoidRootPart.CFrame = CFrame.new(0, 0, 0, 1, 0, 0, 0, 1, 0, 0, 0, 1)
    Torso.CFrame = CFrame.new(0.0775095, 0.141926, -0.172148, 0.999626, 0.0273645, 0.000525087, -0.0273614, 0.999613, -0.00511809, -0.000664937, 0.0051018, 0.999987)
    Left Leg.CFrame = CFrame.new(0.0577451, -0.063061, -0.263134, 0.634646, 0.0874739, 0.767837, 0.189929, 0.945445, -0.264691, -0.749101, 0.313819, 0.583409)
    Right Arm.CFrame = CFrame.new(0.0164296, 0.058851, 0.954005, 0.0890436, 0.00339086, 0.996022, 0.696899, 0.714241, -0.0647338, -0.71162, 0.699891, 0.0612355)
