[1]
    Time: 0.000000
    HumanoidRootPart.CFrame = CFrame.new(0, 0, 0, 1, 0, 0, 0, 1, 0, 0, 0, 1)
    Torso.CFrame = CFrame.new(-0.0218323, -0.118649, -0.445696, 0.851444, -0.523773, -0.026542, 0.515212, 0.844837, -0.144243, 0.0979745, 0.109141, 0.989186)
    Left Leg.CFrame = CFrame.new(-0.133599, -0.225334, -0.0405037, 0.844892, -0.530889, 0.0656876, 0.523491, 0.79529, -0.30573, 0.110068, 0.292696, 0.949849)
    Right Arm.CFrame = CFrame.new(0.0262467, -0.569713, 0.053328, -0.0449947, -0.996114, -0.075713, 0.729533, -0.0845402, 0.678701, -0.682464, -0.0246971, 0.730502)
    Head.CFrame = CFrame.new(7.45058e-08, 7.45058e-09, 0.0166625, 0.848249, 0.529593, -0.00219592, -0.528953, 0.847004, -0.0528469, -0.0261274, 0.0459888, 0.9986)
    Left Arm.CFrame = CFrame.new(0.539851, -0.202964, 0.0637964, 0.788192, 0.602898, -0.123563, -0.257985, 0.505962, 0.823071, 0.558746, -0.616861, 0.554334)
    Right Leg.CFrame = CFrame.new(0.158215, 0.0625718, 0.216147, 0.845426, -0.401386, -0.352341, 0.214347, 0.859231, -0.464519, 0.489193, 0.317193, 0.812452)

[2]
    Time: 0.033333
    HumanoidRootPart.CFrame = CFrame.new(0, 0, 0, 1, 0, 0, 0, 1, 0, 0, 0, 1)
    Torso.CFrame = CFrame.new(-0.0152012, -0.11877, -0.398877, 0.855514, -0.51745, -0.0184804, 0.509829, 0.848072, -0.14439, 0.0903874, 0.114106, 0.989348)
    Left Leg.CFrame = CFrame.new(0.0602108, -0.134589, -0.0250838, 0.90491, -0.41948, 0.0719356, 0.421126, 0.858059, -0.293917, 0.0615673, 0.296263, 0.95312)
    Right Arm.CFrame = CFrame.new(0.0595569, -0.510643, 0.0627332, -0.0809339, -0.9925, -0.0916114, 0.739861, -0.121411, 0.661714, -0.667874, -0.0142246, 0.744138)
    Head.CFrame = CFrame.new(6.51926e-08, -4.09782e-08, 0.0166615, 0.857977, 0.513681, -0.0026994, -0.513244, 0.857005, -0.046073, -0.0213535, 0.0409151, 0.998934)
    Left Arm.CFrame = CFrame.new(0.449471, -0.181659, 0.0713844, 0.712558, 0.698708, -0.0637906, -0.343752, 0.426928, 0.836402, 0.611634, -0.574056, 0.544393)
    Right Leg.CFrame = CFrame.new(0.117666, 0.0104014, 0.164093, 0.832821, -0.430609, -0.347828, 0.248911, 0.85258, -0.459511, 0.494421, 0.296112, 0.81723)

[3]
    Time: 0.066667
    HumanoidRootPart.CFrame = CFrame.new(0, 0, 0, 1, 0, 0, 0, 1, 0, 0, 0, 1)
    Torso.CFrame = CFrame.new(0.000907782, -0.120613, -0.287679, 0.865714, -0.500538, 0.00110353, 0.495268, 0.856276, -0.146631, 0.0724495, 0.127487, 0.989191)
    Left Leg.CFrame = CFrame.new(0.0689287, -0.122192, -0.02298, 0.920185, -0.381352, 0.0884876, 0.390747, 0.88082, -0.267343, 0.0240104, 0.280582, 0.95953)
    Right Arm.CFrame = CFrame.new(0.139192, -0.369789, 0.0849652, -0.166806, -0.977573, -0.128554, 0.759582, -0.210536, 0.615394, -0.628658, 0.00500381, 0.777666)
    Head.CFrame = CFrame.new(7.49715e-08, -1.88593e-08, 0.0166621, 0.8806, 0.473832, -0.00512793, -0.473759, 0.880136, -0.0302181, -0.00980506, 0.0290395, 0.99953)
    Left Arm.CFrame = CFrame.new(0.232243, -0.132448, 0.0904038, 0.468689, 0.87831, 0.0943494, -0.514899, 0.184842, 0.837086, 0.717781, -0.440914, 0.538874)
    Right Leg.CFrame = CFrame.new(-0.131353, -0.201222, -0.0622423, 0.741078, -0.582566, -0.333798, 0.417618, 0.789227, -0.450239, 0.525736, 0.194262, 0.828169)

[4]
    Time: 0.100000
    HumanoidRootPart.CFrame = CFrame.new(0, 0, 0, 1, 0, 0, 0, 1, 0, 0, 0, 1)
    Torso.CFrame = CFrame.new(0.0207054, -0.126418, -0.15595, 0.879054, -0.476058, 0.0251718, 0.47395, 0.867036, -0.153689, 0.0513398, 0.147031, 0.987799)
    Left Leg.CFrame = CFrame.new(0.142206, -0.0826675, -0.030925, 0.92073, -0.311016, 0.235638, 0.356845, 0.915452, -0.186036, -0.157856, 0.255375, 0.953869)
    Right Arm.CFrame = CFrame.new(0.234616, -0.201631, 0.111064, -0.268419, -0.948063, -0.170665, 0.773834, -0.317727, 0.547932, -0.5737, 0.0150089, 0.818928)
    Head.CFrame = CFrame.new(1.08033e-07, -1.49012e-08, 0.0166621, 0.906521, 0.422031, -0.0104499, -0.42214, 0.906446, -0.0123942, 0.00424154, 0.015647, 0.999869)
    Left Arm.CFrame = CFrame.new(-0.0315869, -0.0752788, 0.113954, 0.0994706, 0.954542, 0.280991, -0.615239, -0.162942, 0.771318, 0.78204, -0.2496, 0.571063)
    Right Leg.CFrame = CFrame.new(-0.0379758, -0.150034, -0.00240445, 0.813886, -0.490718, -0.311104, 0.334063, 0.833306, -0.440458, 0.475385, 0.254554, 0.842147)

[5]
    Time: 0.133333
    HumanoidRootPart.CFrame = CFrame.new(0, 0, 0, 1, 0, 0, 0, 1, 0, 0, 0, 1)
    Torso.CFrame = CFrame.new(0.0381882, -0.138168, -0.0471737, 0.89314, -0.447376, 0.0464259, 0.448462, 0.877876, -0.167973, 0.034391, 0.170844, 0.984698)
    Left Leg.CFrame = CFrame.new(-0.151602, -0.130449, 0.138296, 0.785025, -0.390425, 0.480941, 0.492518, 0.864267, -0.102316, -0.375715, 0.317193, 0.870763)
    Right Arm.CFrame = CFrame.new(0.314924, -0.0606585, 0.132263, -0.35101, -0.912913, -0.208281, 0.780562, -0.408137, 0.473441, -0.517218, 0.00360634, 0.855846)
    Head.CFrame = CFrame.new(8.19564e-08, 5.21541e-08, 0.016662, 0.929046, 0.369632, -0.015699, -0.369622, 0.929175, 0.00367808, 0.0159467, 0.00238552, 0.99987)
    Left Arm.CFrame = CFrame.new(-0.256747, -0.0268261, 0.133061, -0.211488, 0.888807, 0.406564, -0.599328, -0.446521, 0.664398, 0.772062, -0.103153, 0.627121)
    Right Leg.CFrame = CFrame.new(0.295095, 0.0497088, 0.196241, 0.93643, -0.201835, -0.286988, 0.0694722, 0.908437, -0.412208, 0.343909, 0.366066, 0.864709)

[6]
    Time: 0.166667
    HumanoidRootPart.CFrame = CFrame.new(0, 0, 0, 1, 0, 0, 0, 1, 0, 0, 0, 1)
    Torso.CFrame = CFrame.new(0.0472153, -0.157375, -0.00447798, 0.906392, -0.41852, 0.0574003, 0.421428, 0.88645, -0.191323, 0.0291901, 0.197604, 0.979847)
    Left Leg.CFrame = CFrame.new(-0.255317, -0.0222615, 0.323132, 0.740008, -0.296417, 0.603759, 0.456917, 0.880272, -0.127857, -0.493573, 0.370483, 0.786847)
    Right Arm.CFrame = CFrame.new(0.34891, -0.00153208, 0.140033, -0.382772, -0.891808, -0.241171, 0.792113, -0.451159, 0.411111, -0.475439, -0.033673, 0.879104)
    Head.CFrame = CFrame.new(1.04308e-07, -3.35276e-08, 0.0166621, 0.946484, 0.322527, -0.0120178, -0.322242, 0.946426, 0.0209273, 0.0181236, -0.0159347, 0.999709)
    Left Arm.CFrame = CFrame.new(-0.352308, -0.00610784, 0.139987, -0.326436, 0.826662, 0.458333, -0.580649, -0.557996, 0.592865, 0.745846, -0.0725978, 0.66215)
    Right Leg.CFrame = CFrame.new(0.447895, 0.176983, 0.253786, 0.961581, -0.0497682, -0.269974, -0.0476603, 0.938231, -0.342712, 0.270354, 0.342413, 0.899813)

[7]
    Time: 0.200000
    HumanoidRootPart.CFrame = CFrame.new(0, 0, 0, 1, 0, 0, 0, 1, 0, 0, 0, 1)
    Torso.CFrame = CFrame.new(0.0498327, -0.182373, -0.0435569, 0.918093, -0.391707, 0.0605824, 0.395002, 0.891525, -0.221714, 0.0328362, 0.227484, 0.973228)
    Left Leg.CFrame = CFrame.new(-0.296794, 0.119699, 0.368391, 0.806924, -0.140366, 0.573734, 0.302307, 0.93263, -0.197007, -0.507428, 0.332414, 0.794996)
    Right Arm.CFrame = CFrame.new(0.323222, -0.0363717, 0.121814, -0.376924, -0.885986, -0.270105, 0.811121, -0.456532, 0.365598, -0.447227, -0.0812853, 0.890719)
    Head.CFrame = CFrame.new(1.19209e-07, -4.09782e-08, 0.0166621, 0.959148, 0.282901, -0.00141576, -0.282584, 0.958288, 0.042779, 0.0134589, -0.0406314, 0.999084)
    Left Arm.CFrame = CFrame.new(-0.326845, -0.0410986, 0.121611, -0.312706, 0.814334, 0.488953, -0.609787, -0.566794, 0.55399, 0.728268, -0.124921, 0.67381)
    Right Leg.CFrame = CFrame.new(0.485264, 0.309255, 0.249497, 0.965311, -0.0371573, -0.258446, -0.0297712, 0.967704, -0.250325, 0.259401, 0.249336, 0.933029)

[8]
    Time: 0.233333
    HumanoidRootPart.CFrame = CFrame.new(0, 0, 0, 1, 0, 0, 0, 1, 0, 0, 0, 1)
    Torso.CFrame = CFrame.new(0.0501982, -0.207338, -0.136421, 0.929643, -0.363372, 0.0610267, 0.366605, 0.895581, -0.252064, 0.0369386, 0.256702, 0.965784)
    Left Leg.CFrame = CFrame.new(-0.33572, 0.278393, 0.350388, 0.875732, 0.0028745, 0.482789, 0.119214, 0.96773, -0.222005, -0.467848, 0.251972, 0.847129)
    Right Arm.CFrame = CFrame.new(0.256297, -0.12614, 0.077667, -0.367883, -0.882492, -0.293037, 0.828393, -0.454191, 0.327836, -0.422407, -0.122145, 0.898139)
    Head.CFrame = CFrame.new(5.96046e-08, -5.58794e-08, 0.0166625, 0.969028, 0.246782, 0.0091668, -0.246821, 0.966633, 0.0685521, 0.00805647, -0.0686913, 0.997606)
    Left Arm.CFrame = CFrame.new(-0.260416, -0.130924, 0.0763859, -0.286244, 0.798835, 0.529082, -0.648952, -0.567886, 0.506328, 0.70493, -0.198416, 0.680959)
    Right Leg.CFrame = CFrame.new(0.492973, 0.452983, 0.22306, 0.967204, -0.0652486, -0.245478, 0.0252447, 0.986351, -0.162708, 0.252744, 0.151175, 0.95565)

[9]
    Time: 0.266667
    HumanoidRootPart.CFrame = CFrame.new(0, 0, 0, 1, 0, 0, 0, 1, 0, 0, 0, 1)
    Torso.CFrame = CFrame.new(0.0454194, -0.227129, -0.260168, 0.942574, -0.3294, 0.055217, 0.331453, 0.902161, -0.276124, 0.0411408, 0.278569, 0.959535)
    Left Leg.CFrame = CFrame.new(-0.375498, 0.442726, 0.275322, 0.924367, 0.115821, 0.363499, -0.0549732, 0.983297, -0.173511, -0.377523, 0.140405, 0.915294)
    Right Arm.CFrame = CFrame.new(0.164601, -0.248873, 0.0180742, -0.356922, -0.880961, -0.310667, 0.843525, -0.44684, 0.297991, -0.401337, -0.155696, 0.9026)
    Head.CFrame = CFrame.new(9.68575e-08, -7.82311e-08, 0.016662, 0.978218, 0.206923, 0.0165049, -0.207559, 0.973885, 0.0920193, 0.00296698, -0.0934406, 0.99562)
    Left Arm.CFrame = CFrame.new(-0.169476, -0.253526, 0.0151824, -0.253522, 0.779075, 0.573384, -0.692013, -0.560242, 0.455244, 0.675903, -0.281375, 0.681163)
    Right Leg.CFrame = CFrame.new(0.476845, 0.590215, 0.170301, 0.966383, -0.120056, -0.227353, 0.104776, 0.991419, -0.0781719, 0.234787, 0.0517229, 0.97067)

[10]
    Time: 0.300000
    HumanoidRootPart.CFrame = CFrame.new(0, 0, 0, 1, 0, 0, 0, 1, 0, 0, 0, 1)
    Torso.CFrame = CFrame.new(0.0328826, -0.236424, -0.391505, 0.957568, -0.285421, 0.0399759, 0.284596, 0.914545, -0.287425, 0.0454774, 0.286606, 0.956969)
    Left Leg.CFrame = CFrame.new(-0.418156, 0.5902, 0.155391, 0.951395, 0.183812, 0.247105, -0.174701, 0.982882, -0.0584981, -0.253628, 0.0124852, 0.967221)
    Right Arm.CFrame = CFrame.new(0.0646045, -0.382596, -0.0464938, -0.345432, -0.880892, -0.323583, 0.856105, -0.437036, 0.275834, -0.384397, -0.181739, 0.905102)
    Head.CFrame = CFrame.new(8.19564e-08, -6.51926e-08, 0.0166621, 0.987584, 0.156024, 0.0182891, -0.157082, 0.982146, 0.103513, -0.00181207, -0.105101, 0.99446)
    Left Arm.CFrame = CFrame.new(-0.0704107, -0.386926, -0.0511413, -0.220526, 0.756035, 0.616263, -0.733024, -0.545273, 0.406636, 0.643462, -0.362062, 0.674439)
    Right Leg.CFrame = CFrame.new(0.451655, 0.701482, 0.0939943, 0.962436, -0.186092, -0.197702, 0.190668, 0.981646, 0.00419748, 0.193293, -0.0417354, 0.980253)

[11]
    Time: 0.333333
    HumanoidRootPart.CFrame = CFrame.new(0, 0, 0, 1, 0, 0, 0, 1, 0, 0, 0, 1)
    Torso.CFrame = CFrame.new(0.00816907, -0.21287, -0.502778, 0.97286, -0.231181, 0.0099312, 0.225816, 0.939167, -0.258789, 0.0505, 0.254008, 0.965883)
    Left Leg.CFrame = CFrame.new(-0.485495, 0.681894, 0.0249193, 0.972722, 0.171634, 0.156054, -0.18568, 0.979325, 0.08029, -0.139047, -0.107076, 0.98448)
    Right Arm.CFrame = CFrame.new(-0.0272206, -0.50533, -0.105572, -0.334906, -0.881718, -0.332283, 0.865726, -0.427149, 0.260886, -0.371962, -0.200294, 0.906381)
    Head.CFrame = CFrame.new(9.68575e-08, -4.65661e-08, 0.0166621, 0.995427, 0.0941045, 0.0164437, -0.0950638, 0.992771, 0.0732665, -0.00943021, -0.0744946, 0.997177)
    Left Arm.CFrame = CFrame.new(0.0204702, -0.509239, -0.111781, -0.192311, 0.733074, 0.652395, -0.766886, -0.527064, 0.366183, 0.612293, -0.429891, 0.663544)
    Right Leg.CFrame = CFrame.new(0.45527, 0.765289, 0.00665617, 0.96352, -0.220849, -0.151182, 0.235359, 0.968117, 0.0857612, 0.127421, -0.118215, 0.984779)

[12]
    Time: 0.366667
    HumanoidRootPart.CFrame = CFrame.new(0, 0, 0, 1, 0, 0, 0, 1, 0, 0, 0, 1)
    Torso.CFrame = CFrame.new(-0.0180569, -0.16286, -0.577942, 0.983087, -0.181818, -0.0219522, 0.173985, 0.964639, -0.197992, 0.0571745, 0.190824, 0.979958)
    Left Leg.CFrame = CFrame.new(-0.571511, 0.70356, -0.0733064, 0.990934, 0.1021, 0.0873215, -0.116583, 0.976509, 0.181214, -0.0667682, -0.189752, 0.979559)
    Right Arm.CFrame = CFrame.new(-0.0944017, -0.595087, -0.148698, -0.326923, -0.882838, -0.337222, 0.871983, -0.419367, 0.252541, -0.364373, -0.211491, 0.90692)
    Head.CFrame = CFrame.new(1.08033e-07, 5.07571e-08, 0.0166622, 0.999134, 0.0403728, 0.0100885, -0.0404856, 0.999117, 0.0112423, -0.00962571, -0.011641, 0.999886)
    Left Arm.CFrame = CFrame.new(0.0869121, -0.598631, -0.156003, -0.172857, 0.715281, 0.677122, -0.789631, -0.511559, 0.338809, 0.588731, -0.476111, 0.653234)
    Right Leg.CFrame = CFrame.new(0.490438, 0.783943, -0.0661229, 0.971686, -0.214182, -0.0997652, 0.227499, 0.962117, 0.150249, 0.0638053, -0.168691, 0.983602)

[13]
    Time: 0.400000
    HumanoidRootPart.CFrame = CFrame.new(0, 0, 0, 1, 0, 0, 0, 1, 0, 0, 0, 1)
    Torso.CFrame = CFrame.new(-0.0302392, -0.126973, -0.605512, 0.986488, -0.159658, -0.0367624, 0.152243, 0.976214, -0.154363, 0.0605333, 0.14668, 0.98733)
    Left Leg.CFrame = CFrame.new(-0.622311, 0.692336, -0.110041, 0.997229, 0.0493672, 0.0556555, -0.0603318, 0.974362, 0.216745, -0.0435285, -0.219502, 0.97464)
    Right Arm.CFrame = CFrame.new(-0.120464, -0.629875, -0.165407, -0.323137, -0.883609, -0.338847, 0.874419, -0.415707, 0.250159, -0.361904, -0.215459, 0.906975)
    Head.CFrame = CFrame.new(7.82311e-08, -6.79865e-08, 0.0166618, 0.999832, 0.0166669, -0.00769482, -0.0168977, 0.999378, -0.0309604, 0.00717403, 0.0310851, 0.999491)
    Left Arm.CFrame = CFrame.new(0.112672, -0.633283, -0.173121, -0.165569, 0.708228, 0.686294, -0.797975, -0.505128, 0.328759, 0.579502, -0.493213, 0.648782)
    Right Leg.CFrame = CFrame.new(0.520959, 0.778935, -0.0956599, 0.978564, -0.192606, -0.0729024, 0.202687, 0.963421, 0.175325, 0.0364672, -0.186343, 0.981808)

[14]
    Time: 0.433333
    HumanoidRootPart.CFrame = CFrame.new(0, 0, 0, 1, 0, 0, 0, 1, 0, 0, 0, 1)
    Torso.CFrame = CFrame.new(-0.0492227, -0.118737, -0.571114, 0.986124, -0.163252, -0.0301373, 0.15732, 0.976941, -0.14435, 0.0530077, 0.137606, 0.989068)
    Left Leg.CFrame = CFrame.new(-0.602514, 0.658876, -0.0996341, 0.995994, 0.0552762, 0.0702923, -0.0698669, 0.971645, 0.225886, -0.055813, -0.229893, 0.971614)
    Right Arm.CFrame = CFrame.new(-0.0882943, -0.592797, -0.149719, -0.319301, -0.884741, -0.33953, 0.860655, -0.420694, 0.28686, -0.396635, -0.200623, 0.895785)
    Head.CFrame = CFrame.new(8.56817e-08, 1.49012e-08, 0.0166621, 0.998977, 0.0180168, -0.0414824, -0.0195519, 0.999128, -0.0369031, 0.0407814, 0.0376764, 0.998457)
    Left Arm.CFrame = CFrame.new(0.0862633, -0.624967, -0.160455, -0.181821, 0.707788, 0.682625, -0.789506, -0.518907, 0.327745, 0.586193, -0.479346, 0.653151)
    Right Leg.CFrame = CFrame.new(0.522956, 0.727894, -0.0654512, 0.979408, -0.187976, -0.0736503, 0.19699, 0.969661, 0.144753, 0.0442059, -0.15628, 0.986723)

[15]
    Time: 0.466667
    HumanoidRootPart.CFrame = CFrame.new(0, 0, 0, 1, 0, 0, 0, 1, 0, 0, 0, 1)
    Torso.CFrame = CFrame.new(-0.0875479, -0.116706, -0.493096, 0.983719, -0.179011, -0.015865, 0.175007, 0.974291, -0.141882, 0.0408555, 0.136795, 0.989757)
    Left Leg.CFrame = CFrame.new(-0.529935, 0.585222, -0.0760143, 0.989727, 0.103151, 0.0989966, -0.124047, 0.963829, 0.235893, -0.0710832, -0.24575, 0.966723)
    Right Arm.CFrame = CFrame.new(-0.00784732, -0.500048, -0.105665, -0.309821, -0.887074, -0.342216, 0.819275, -0.431722, 0.377365, -0.482493, -0.163453, 0.860514)
    Head.CFrame = CFrame.new(9.31323e-08, -8.19564e-08, 0.0166621, 0.995177, 0.0527121, -0.0827291, -0.0556556, 0.997882, -0.033686, 0.0807782, 0.0381278, 0.996003)
    Left Arm.CFrame = CFrame.new(0.0181207, -0.603511, -0.126343, -0.223751, 0.705485, 0.672478, -0.765982, -0.553924, 0.32625, 0.602666, -0.442108, 0.66433)
    Right Leg.CFrame = CFrame.new(0.497388, 0.619237, -0.0111128, 0.975567, -0.201998, -0.08641, 0.209329, 0.974022, 0.0863871, 0.0667153, -0.102365, 0.992507)

[16]
    Time: 0.500000
    HumanoidRootPart.CFrame = CFrame.new(0, 0, 0, 1, 0, 0, 0, 1, 0, 0, 0, 1)
    Torso.CFrame = CFrame.new(-0.121083, -0.110551, -0.4024, 0.976887, -0.213643, -0.00697783, 0.210794, 0.968247, -0.134399, 0.0354696, 0.129821, 0.990903)
    Left Leg.CFrame = CFrame.new(-0.432346, 0.479691, -0.0549133, 0.978771, 0.174973, 0.106728, -0.195635, 0.95284, 0.231998, -0.0611015, -0.247953, 0.966843)
    Right Arm.CFrame = CFrame.new(0.0967397, -0.379264, -0.0378119, -0.294037, -0.890277, -0.347778, 0.751159, -0.44024, 0.491883, -0.591017, -0.116605, 0.798187)
    Head.CFrame = CFrame.new(9.31323e-08, -3.72529e-09, 0.0166626, 0.982182, 0.142769, -0.122214, -0.147839, 0.988446, -0.0334337, 0.116029, 0.0509059, 0.99194)
    Left Arm.CFrame = CFrame.new(-0.0751418, -0.574133, -0.076614, -0.280926, 0.699427, 0.657177, -0.730036, -0.600234, 0.326752, 0.622999, -0.38797, 0.679228)
    Right Leg.CFrame = CFrame.new(0.447705, 0.498713, 0.0308629, 0.969822, -0.212792, -0.11902, 0.219391, 0.974587, 0.0452492, 0.106367, -0.0699956, 0.99186)

[17]
    Time: 0.533333
    HumanoidRootPart.CFrame = CFrame.new(0, 0, 0, 1, 0, 0, 0, 1, 0, 0, 0, 1)
    Torso.CFrame = CFrame.new(-0.146828, -0.0937672, -0.325285, 0.962463, -0.270857, -0.0173736, 0.267225, 0.956868, -0.113994, 0.0475005, 0.105073, 0.993329)
    Left Leg.CFrame = CFrame.new(-0.553672, 0.450189, -0.0815126, 0.998884, 0.0392457, 0.0262582, -0.0442114, 0.972622, 0.22815, -0.0165855, -0.229057, 0.973272)
    Right Arm.CFrame = CFrame.new(0.201329, -0.258233, 0.0491891, -0.27074, -0.894027, -0.356954, 0.664296, -0.441877, 0.602873, -0.696714, -0.073901, 0.713532)
    Head.CFrame = CFrame.new(1.00583e-07, -1.86265e-08, 0.0166621, 0.948056, 0.28099, -0.149116, -0.290391, 0.955845, -0.045097, 0.12986, 0.0860564, 0.987791)
    Left Arm.CFrame = CFrame.new(-0.176868, -0.542063, -0.0171219, -0.342691, 0.689096, 0.638522, -0.685701, -0.648071, 0.33139, 0.642167, -0.324271, 0.694601)
    Right Leg.CFrame = CFrame.new(0.393816, 0.414439, 0.0557629, 0.965381, -0.192426, -0.176103, 0.203184, 0.978103, 0.0450723, 0.163574, -0.0792933, 0.983339)

[18]
    Time: 0.566667
    HumanoidRootPart.CFrame = CFrame.new(0, 0, 0, 1, 0, 0, 0, 1, 0, 0, 0, 1)
    Torso.CFrame = CFrame.new(-0.177812, -0.0714801, -0.269284, 0.938896, -0.341004, -0.0468087, 0.336257, 0.937753, -0.0868996, 0.0735281, 0.0658499, 0.995117)
    Left Leg.CFrame = CFrame.new(-0.859889, 0.34928, -0.136994, 0.938042, -0.33394, -0.0925218, 0.345387, 0.922609, 0.171756, 0.0280052, -0.19307, 0.980785)
    Right Arm.CFrame = CFrame.new(0.2818, -0.164978, 0.150638, -0.237987, -0.897614, -0.371015, 0.575302, -0.438045, 0.690756, -0.782553, -0.0490548, 0.620648)
    Head.CFrame = CFrame.new(6.70552e-08, -7.45058e-09, 0.016662, 0.88067, 0.444114, -0.164876, -0.459003, 0.886052, -0.0650295, 0.117208, 0.132948, 0.984168)
    Left Arm.CFrame = CFrame.new(-0.270315, -0.512561, 0.0462375, -0.398727, 0.676736, 0.618906, -0.639311, -0.688969, 0.341473, 0.657494, -0.259519, 0.707355)
    Right Leg.CFrame = CFrame.new(0.350547, 0.373036, 0.0738212, 0.958907, -0.139344, -0.247146, 0.162373, 0.983853, 0.075287, 0.232664, -0.112323, 0.966049)

[19]
    Time: 0.600000
    HumanoidRootPart.CFrame = CFrame.new(0, 0, 0, 1, 0, 0, 0, 1, 0, 0, 0, 1)
    Torso.CFrame = CFrame.new(-0.213442, -0.050678, -0.23668, 0.907502, -0.411048, -0.0864816, 0.406933, 0.911378, -0.0616101, 0.104142, 0.0207192, 0.994347)
    Left Leg.CFrame = CFrame.new(-0.996164, 0.0446688, -0.0182815, 0.71275, -0.701312, -0.0122487, 0.700429, 0.710709, 0.0655108, -0.0372384, -0.0552722, 0.997777)
    Right Arm.CFrame = CFrame.new(0.314073, -0.127704, 0.261835, -0.192657, -0.899247, -0.392732, 0.505753, -0.433972, 0.745575, -0.840891, -0.0549859, 0.538405)
    Head.CFrame = CFrame.new(8.56817e-08, 1.49012e-08, 0.0166618, 0.777697, 0.603141, -0.177223, -0.622831, 0.777493, -0.0870964, 0.0852579, 0.178114, 0.980309)
    Left Arm.CFrame = CFrame.new(-0.338645, -0.490957, 0.107545, -0.43973, 0.667407, 0.601003, -0.599061, -0.716523, 0.357381, 0.669151, -0.202886, 0.714894)
    Right Leg.CFrame = CFrame.new(0.324779, 0.365057, 0.0898194, 0.945798, -0.0654515, -0.318093, 0.109252, 0.986517, 0.121856, 0.305828, -0.150004, 0.940196)

[20]
    Time: 0.633333
    HumanoidRootPart.CFrame = CFrame.new(0, 0, 0, 1, 0, 0, 0, 1, 0, 0, 0, 1)
    Torso.CFrame = CFrame.new(-0.251747, -0.0368204, -0.228172, 0.873564, -0.470137, -0.125922, 0.468423, 0.88237, -0.0447633, 0.132154, -0.0198811, 0.99103)
    Left Leg.CFrame = CFrame.new(-0.813796, -0.249856, 0.316609, 0.361298, -0.878414, 0.312813, 0.909855, 0.405518, 0.0878599, -0.204028, 0.252871, 0.945743)
    Right Arm.CFrame = CFrame.new(0.311838, -0.175839, 0.373914, -0.0821634, -0.915376, -0.394127, 0.443867, -0.387688, 0.807886, -0.892318, -0.108562, 0.438159)
    Head.CFrame = CFrame.new(1.45286e-07, -2.23517e-08, 0.0166624, 0.651932, 0.733208, -0.193366, -0.756797, 0.645075, -0.105531, 0.0473592, 0.215138, 0.975435)
    Left Arm.CFrame = CFrame.new(-0.364968, -0.482631, 0.160875, -0.457366, 0.66783, 0.587213, -0.573747, -0.72611, 0.378918, 0.679434, -0.163607, 0.715263)
    Right Leg.CFrame = CFrame.new(0.318187, 0.379912, 0.106098, 0.925868, 0.0102184, -0.377708, 0.057868, 0.984006, 0.168472, 0.373388, -0.17784, 0.910469)

[21]
    Time: 0.666667
    HumanoidRootPart.CFrame = CFrame.new(0, 0, 0, 1, 0, 0, 0, 1, 0, 0, 0, 1)
    Torso.CFrame = CFrame.new(-0.289511, -0.0321376, -0.237155, 0.844828, -0.511908, -0.155613, 0.512552, 0.857767, -0.0390703, 0.15348, -0.046752, 0.987045)
    Left Leg.CFrame = CFrame.new(-0.419303, -0.525276, 0.497737, -0.0559162, -0.842012, 0.536554, 0.980232, 0.0558541, 0.189805, -0.189787, 0.53656, 0.822244)
    Right Arm.CFrame = CFrame.new(0.298687, -0.263497, 0.460443, 0.153018, -0.937213, -0.313397, 0.326241, -0.251444, 0.911231, -0.932819, -0.241678, 0.267282)
    Head.CFrame = CFrame.new(4.09782e-08, 4.00469e-08, 0.0166621, 0.526077, 0.821893, -0.218482, -0.85027, 0.513408, -0.115987, 0.0168409, 0.246787, 0.968924)
    Left Arm.CFrame = CFrame.new(-0.351196, -0.514087, 0.202469, -0.406018, 0.673059, 0.618176, -0.549669, -0.720262, 0.423187, 0.730078, -0.16797, 0.662399)
    Right Leg.CFrame = CFrame.new(0.323866, 0.405207, 0.122181, 0.90494, 0.0664986, -0.420311, 0.0209661, 0.979548, 0.200118, 0.425022, -0.189907, 0.885038)

[22]
    Time: 0.700000
    HumanoidRootPart.CFrame = CFrame.new(0, 0, 0, 1, 0, 0, 0, 1, 0, 0, 0, 1)
    Torso.CFrame = CFrame.new(-0.321374, -0.0327538, -0.257676, 0.825838, -0.53661, -0.173322, 0.538535, 0.841662, -0.0398194, 0.167246, -0.0604553, 0.98406)
    Left Leg.CFrame = CFrame.new(-0.0247726, -0.689975, 0.375568, -0.328918, -0.751398, 0.572026, 0.942264, -0.220803, 0.251765, -0.0628703, 0.621809, 0.780641)
    Right Arm.CFrame = CFrame.new(0.267106, -0.306251, 0.489972, 0.493098, -0.867391, -0.0669921, 0.0677515, -0.0384837, 0.99696, -0.867332, -0.496138, 0.0397908)
    Head.CFrame = CFrame.new(6.33299e-08, 1.86265e-09, 0.0166615, 0.418041, 0.873185, -0.250578, -0.908421, 0.400703, -0.119202, -0.0036782, 0.277461, 0.96073)
    Left Arm.CFrame = CFrame.new(-0.318979, -0.589018, 0.239058, -0.25735, 0.667805, 0.698432, -0.502078, -0.709964, 0.493831, 0.825644, -0.22358, 0.518)
    Right Leg.CFrame = CFrame.new(0.338015, 0.43449, 0.136818, 0.889175, 0.100744, -0.446338, -0.00294509, 0.976701, 0.214586, 0.457557, -0.18949, 0.868755)

[23]
    Time: 0.733333
    HumanoidRootPart.CFrame = CFrame.new(0, 0, 0, 1, 0, 0, 0, 1, 0, 0, 0, 1)
    Torso.CFrame = CFrame.new(-0.341871, -0.0339161, -0.290433, 0.819144, -0.54489, -0.179159, 0.547112, 0.836043, -0.0412325, 0.172252, -0.064245, 0.982956)
    Left Leg.CFrame = CFrame.new(0.200204, -0.660801, 0.15796, -0.390782, -0.716639, 0.577684, 0.919564, -0.331983, 0.210213, 0.041134, 0.613365, 0.788728)
    Right Arm.CFrame = CFrame.new(0.0669724, -0.246433, 0.322397, 0.882428, -0.353427, 0.310499, -0.0588726, 0.57186, 0.818236, -0.466748, -0.740315, 0.483818)
    Head.CFrame = CFrame.new(3.72529e-08, 7.45058e-09, 0.0166624, 0.341423, 0.895552, -0.285336, -0.93978, 0.320212, -0.119494, -0.0156449, 0.30895, 0.950949)
    Left Arm.CFrame = CFrame.new(-0.281095, -0.678618, 0.280569, -0.0377916, 0.63974, 0.767662, -0.427285, -0.704787, 0.566307, 0.903327, -0.306608, 0.299986)
    Right Leg.CFrame = CFrame.new(0.363208, 0.467525, 0.14961, 0.882081, 0.118637, -0.455914, -0.0208359, 0.976649, 0.213829, 0.470636, -0.179115, 0.863956)

[24]
    Time: 0.766667
    HumanoidRootPart.CFrame = CFrame.new(0, 0, 0, 1, 0, 0, 0, 1, 0, 0, 0, 1)
    Torso.CFrame = CFrame.new(-0.343263, -0.0351295, -0.336056, 0.833543, -0.525981, -0.168968, 0.526961, 0.848816, -0.0427076, 0.165886, -0.053441, 0.984696)
    Left Leg.CFrame = CFrame.new(0.288641, -0.546279, 0.0304279, -0.359427, -0.710496, 0.604986, 0.929834, -0.327471, 0.167841, 0.0788654, 0.622863, 0.778346)
    Right Arm.CFrame = CFrame.new(-0.261256, -0.158235, 0.0483209, 0.960092, 0.279519, 0.00964022, -0.278395, 0.951787, 0.128833, 0.0268359, -0.126375, 0.991619)
    Head.CFrame = CFrame.new(1.49012e-07, 8.3819e-09, 0.0166622, 0.31972, 0.892575, -0.317945, -0.947406, 0.296124, -0.121378, -0.014188, 0.34003, 0.940308)
    Left Arm.CFrame = CFrame.new(-0.250034, -0.753953, 0.336962, 0.196119, 0.588559, 0.784305, -0.338377, -0.710087, 0.617477, 0.920347, -0.38649, 0.0598934)
    Right Leg.CFrame = CFrame.new(0.402508, 0.503908, 0.154106, 0.892329, 0.111029, -0.437517, -0.0273839, 0.980807, 0.193051, 0.450554, -0.160284, 0.878243)

[25]
    Time: 0.800000
    HumanoidRootPart.CFrame = CFrame.new(0, 0, 0, 1, 0, 0, 0, 1, 0, 0, 0, 1)
    Torso.CFrame = CFrame.new(-0.329674, -0.0372477, -0.396939, 0.859299, -0.489897, -0.146989, 0.488911, 0.871158, -0.0452827, 0.150235, -0.0329533, 0.988101)
    Left Leg.CFrame = CFrame.new(0.312148, -0.460808, 0.00306284, -0.3056, -0.702319, 0.642928, 0.951248, -0.25474, 0.173881, 0.0416593, 0.664722, 0.745929)
    Right Arm.CFrame = CFrame.new(-0.441548, -0.119493, -0.0978773, 0.909867, 0.360809, -0.20484, -0.390144, 0.912022, -0.126502, 0.141176, 0.195017, 0.970586)
    Head.CFrame = CFrame.new(4.47035e-08, 1.49012e-08, 0.0166618, 0.346371, 0.874391, -0.339805, -0.938097, 0.323254, -0.124422, 0.00104986, 0.361867, 0.932229)
    Left Arm.CFrame = CFrame.new(-0.237931, -0.78589, 0.417853, 0.379141, 0.533144, 0.756313, -0.261097, -0.722488, 0.640188, 0.887739, -0.440192, -0.134722)
    Right Leg.CFrame = CFrame.new(0.448091, 0.549033, 0.151944, 0.911835, 0.0878247, -0.401054, -0.0251842, 0.986978, 0.158874, 0.409785, -0.134767, 0.902172)

[26]
    Time: 0.833333
    HumanoidRootPart.CFrame = CFrame.new(0, 0, 0, 1, 0, 0, 0, 1, 0, 0, 0, 1)
    Torso.CFrame = CFrame.new(-0.313426, -0.0368204, -0.476266, 0.873564, -0.470137, -0.125922, 0.468423, 0.88237, -0.0447633, 0.132154, -0.0198811, 0.99103)
    Left Leg.CFrame = CFrame.new(0.311054, -0.39474, 0.00309539, -0.239222, -0.702159, 0.670631, 0.970513, -0.151844, 0.187211, -0.0296208, 0.695641, 0.717779)
    Right Arm.CFrame = CFrame.new(-0.398087, -0.12047, -0.0810737, 0.952325, 0.252872, -0.170684, -0.269428, 0.959551, -0.0816704, 0.143128, 0.123764, 0.981935)
    Head.CFrame = CFrame.new(1.49012e-07, -2.23517e-08, 0.0166621, 0.390444, 0.852968, -0.346408, -0.920433, 0.369392, -0.127878, 0.0188845, 0.368775, 0.929327)
    Left Arm.CFrame = CFrame.new(-0.273114, -0.738496, 0.527629, 0.476072, 0.48903, 0.730894, -0.202274, -0.747944, 0.63219, 0.855827, -0.448809, -0.257157)
    Right Leg.CFrame = CFrame.new(0.486213, 0.610061, 0.157157, 0.920991, 0.0813161, -0.381004, -0.0336179, 0.990915, 0.130223, 0.388132, -0.107126, 0.915357)

[27]
    Time: 0.866667
    HumanoidRootPart.CFrame = CFrame.new(0, 0, 0, 1, 0, 0, 0, 1, 0, 0, 0, 1)
    Torso.CFrame = CFrame.new(-0.299349, -0.032867, -0.538503, 0.866065, -0.487946, -0.108808, 0.486654, 0.872681, -0.039957, 0.114452, -0.0183465, 0.993259)
    Left Leg.CFrame = CFrame.new(0.284044, -0.387601, 0.0385286, -0.202263, -0.716246, 0.667893, 0.975186, -0.0846187, 0.204577, -0.0900116, 0.692698, 0.715588)
    Right Arm.CFrame = CFrame.new(-0.286821, -0.127182, -0.0396771, 0.992042, -0.0825359, -0.095083, 0.0891822, 0.993698, 0.0679061, 0.0888791, -0.0758455, 0.993151)
    Head.CFrame = CFrame.new(7.03149e-08, 0, 0.0166618, 0.428912, 0.835735, -0.342902, -0.902695, 0.410938, -0.127562, 0.0343038, 0.364249, 0.93067)
    Left Arm.CFrame = CFrame.new(-0.354007, -0.615726, 0.649098, 0.508246, 0.461444, 0.727155, -0.144939, -0.786466, 0.600387, 0.848928, -0.410538, -0.332837)
    Right Leg.CFrame = CFrame.new(0.494043, 0.653228, 0.181255, 0.911621, 0.0958515, -0.399698, -0.0549909, 0.992129, 0.1125, 0.407336, -0.0805781, 0.909717)

[28]
    Time: 0.900000
    HumanoidRootPart.CFrame = CFrame.new(0, 0, 0, 1, 0, 0, 0, 1, 0, 0, 0, 1)
    Torso.CFrame = CFrame.new(-0.272137, -0.122518, -0.509515, 0.833552, -0.547227, -0.0757266, 0.54677, 0.836798, -0.0284847, 0.0789554, -0.0176615, 0.996722)
    Left Leg.CFrame = CFrame.new(0.154301, -0.407776, 0.127623, -0.113371, -0.799341, 0.590085, 0.977968, 0.0150019, 0.208216, -0.175288, 0.60069, 0.780029)
    Right Arm.CFrame = CFrame.new(-0.133183, -0.148098, 0.0157096, 0.816973, -0.572985, -0.0651362, 0.560847, 0.763182, 0.320944, -0.134185, -0.298734, 0.944856)
    Head.CFrame = CFrame.new(1.49012e-07, -2.32831e-10, 0.0166622, 0.44733, 0.823358, -0.349253, -0.892246, 0.437727, -0.110873, 0.0615894, 0.361216, 0.930446)
    Left Arm.CFrame = CFrame.new(-0.447931, -0.448236, 0.759212, 0.501481, 0.456932, 0.734663, -0.0754587, -0.82282, 0.56327, 0.861872, -0.337906, -0.378149)
    Right Leg.CFrame = CFrame.new(0.48772, 0.561813, 0.267984, 0.868511, 0.178615, -0.462368, -0.161646, 0.983884, 0.0764445, 0.468571, 0.00834689, 0.883386)

[29]
    Time: 0.933333
    HumanoidRootPart.CFrame = CFrame.new(0, 0, 0, 1, 0, 0, 0, 1, 0, 0, 0, 1)
    Torso.CFrame = CFrame.new(-0.239532, -0.292652, -0.458864, 0.789503, -0.612685, -0.0360885, 0.612712, 0.790221, -0.0116033, 0.035627, -0.012951, 0.999281)
    Left Leg.CFrame = CFrame.new(-0.119345, -0.444486, 0.192401, 0.039955, -0.913923, 0.403916, 0.977196, 0.12011, 0.175104, -0.208546, 0.387709, 0.897881)
    Right Arm.CFrame = CFrame.new(0.0452549, -0.182664, 0.0777336, 0.404473, -0.903733, -0.140242, 0.789831, 0.267877, 0.551732, -0.461051, -0.333928, 0.822146)
    Head.CFrame = CFrame.new(8.9407e-08, -1.11759e-08, 0.0166622, 0.469881, 0.808569, -0.354159, -0.87772, 0.470646, -0.0899975, 0.0939146, 0.353141, 0.930845)
    Left Arm.CFrame = CFrame.new(-0.527167, -0.269752, 0.839289, 0.453173, 0.482193, 0.74975, 0.0106984, -0.843952, 0.536312, 0.891358, -0.235021, -0.387615)
    Right Leg.CFrame = CFrame.new(0.465066, 0.382905, 0.365146, 0.796068, 0.28783, -0.532381, -0.321699, 0.946347, 0.0306038, 0.512626, 0.146903, 0.845952)

[30]
    Time: 0.966667
    HumanoidRootPart.CFrame = CFrame.new(0, 0, 0, 1, 0, 0, 0, 1, 0, 0, 0, 1)
    Torso.CFrame = CFrame.new(-0.215197, -0.38086, -0.432152, 0.766129, -0.642654, -0.00650348, 0.642675, 0.766137, 0.00162366, 0.00393911, -0.00542356, 0.999978)
    Left Leg.CFrame = CFrame.new(-0.502208, -0.466703, 0.200267, 0.172737, -0.960328, 0.218934, 0.966698, 0.207905, 0.149233, -0.18883, 0.185865, 0.96426)
    Right Arm.CFrame = CFrame.new(0.222916, -0.218235, 0.131229, 0.0480896, -0.974276, -0.220166, 0.720993, -0.118689, 0.682702, -0.691272, -0.191569, 0.696739)
    Head.CFrame = CFrame.new(1.2666e-07, 2.23517e-08, 0.0166624, 0.533458, 0.775114, -0.338556, -0.837592, 0.539817, -0.0838881, 0.117735, 0.328323, 0.937199)
    Left Arm.CFrame = CFrame.new(-0.584456, -0.126256, 0.886805, 0.357804, 0.522226, 0.774116, 0.0838348, -0.843616, 0.530362, 0.930026, -0.124868, -0.34563)
    Right Leg.CFrame = CFrame.new(0.430422, 0.267197, 0.396715, 0.759012, 0.324078, -0.56469, -0.394827, 0.918749, -0.00342175, 0.517699, 0.225552, 0.825296)

[31]
    Time: 1.000000
    HumanoidRootPart.CFrame = CFrame.new(0, 0, 0, 1, 0, 0, 0, 1, 0, 0, 0, 1)
    Torso.CFrame = CFrame.new(-0.187808, -0.396703, -0.441752, 0.777087, -0.629244, 0.0137337, 0.629386, 0.776789, -0.02173, 0.00300526, 0.0255299, 0.99967)
    Left Leg.CFrame = CFrame.new(-0.886809, -0.282585, 0.144303, 0.380145, -0.917287, 0.118633, 0.911431, 0.393335, 0.120752, -0.157426, 0.0622227, 0.985569)
    Right Arm.CFrame = CFrame.new(0.364579, -0.249752, 0.15676, -0.120363, -0.973667, -0.193611, 0.582252, -0.227201, 0.780617, -0.80405, -0.0187736, 0.594266)
    Head.CFrame = CFrame.new(8.84756e-08, 0, 0.0166624, 0.637382, 0.715456, -0.286124, -0.758584, 0.647802, -0.0700186, 0.135257, 0.261678, 0.955631)
    Left Arm.CFrame = CFrame.new(-0.617454, -0.0671048, 0.903134, 0.229836, 0.559962, 0.796001, 0.106303, -0.827447, 0.55139, 0.967406, -0.042112, -0.249703)
    Right Leg.CFrame = CFrame.new(0.469032, 0.334882, 0.410262, 0.769363, 0.318763, -0.553598, -0.386949, 0.922076, -0.00682833, 0.508282, 0.219467, 0.832756)

[32]
    Time: 1.033333
    HumanoidRootPart.CFrame = CFrame.new(0, 0, 0, 1, 0, 0, 0, 1, 0, 0, 0, 1)
    Torso.CFrame = CFrame.new(-0.143821, -0.41087, -0.459267, 0.794952, -0.605646, 0.0352585, 0.606659, 0.793209, -0.0527787, 0.00399791, 0.0633464, 0.997984)
    Left Leg.CFrame = CFrame.new(-1.10913, 0.0828796, -0.0684593, 0.658128, -0.751036, -0.0530365, 0.751971, 0.652167, 0.0960058, -0.0375152, -0.103066, 0.993967)
    Right Arm.CFrame = CFrame.new(0.445597, -0.281718, 0.123113, -0.23209, -0.972566, -0.0158174, 0.530967, -0.1403, 0.835697, -0.81499, 0.185558, 0.548962)
    Head.CFrame = CFrame.new(9.49949e-08, 7.45058e-09, 0.0166618, 0.729344, 0.644359, -0.229912, -0.669278, 0.74168, -0.0444737, 0.141864, 0.186312, 0.972195)
    Left Arm.CFrame = CFrame.new(-0.630578, -0.126615, 0.766546, 0.0750384, 0.646207, 0.759464, 0.00367907, -0.761786, 0.647819, 0.997174, -0.0458171, -0.0595406)
    Right Leg.CFrame = CFrame.new(0.52351, 0.473254, 0.413762, 0.777854, 0.323779, -0.538619, -0.373882, 0.927311, 0.017486, 0.505129, 0.187778, 0.842368)

[33]
    Time: 1.066667
    HumanoidRootPart.CFrame = CFrame.new(0, 0, 0, 1, 0, 0, 0, 1, 0, 0, 0, 1)
    Torso.CFrame = CFrame.new(-0.0857442, -0.392669, -0.474388, 0.802782, -0.592836, 0.0639322, 0.595934, 0.801314, -0.0525161, -0.0200963, 0.0802583, 0.996572)
    Left Leg.CFrame = CFrame.new(-1.08853, 0.406962, -0.276981, 0.845467, -0.495837, -0.198321, 0.526777, 0.835336, 0.157228, 0.0877052, -0.237402, 0.967444)
    Right Arm.CFrame = CFrame.new(0.470965, -0.329358, 0.0354736, -0.30306, -0.944061, 0.130012, 0.558667, -0.0654786, 0.826803, -0.77204, 0.323205, 0.54726)
    Head.CFrame = CFrame.new(1.21072e-07, 4.47035e-08, 0.016662, 0.785423, 0.585198, -0.201632, -0.602105, 0.797862, -0.0297548, 0.143462, 0.144773, 0.979009)
    Left Arm.CFrame = CFrame.new(-0.632663, -0.259075, 0.465157, -0.0595083, 0.805101, 0.590146, -0.2509, -0.584278, 0.771796, 0.966182, -0.102139, 0.236769)
    Right Leg.CFrame = CFrame.new(0.53931, 0.538319, 0.40616, 0.774164, 0.333036, -0.53829, -0.368867, 0.928444, 0.0439206, 0.5144, 0.164556, 0.841614)

[34]
    Time: 1.100000
    HumanoidRootPart.CFrame = CFrame.new(0, 0, 0, 1, 0, 0, 0, 1, 0, 0, 0, 1)
    Torso.CFrame = CFrame.new(-0.0299469, -0.379191, -0.513724, 0.803979, -0.589111, 0.0810284, 0.593526, 0.803366, -0.0482618, -0.036664, 0.086894, 0.995543)
    Left Leg.CFrame = CFrame.new(-0.978632, 0.586762, -0.385547, 0.926031, -0.264262, -0.269502, 0.324695, 0.921798, 0.211805, 0.192454, -0.283645, 0.939418)
    Right Arm.CFrame = CFrame.new(0.442879, -0.39738, -0.0689791, -0.236629, -0.952221, 0.193086, 0.593065, 0.0158557, 0.804999, -0.769598, 0.304999, 0.560977)
    Head.CFrame = CFrame.new(9.31323e-08, -3.72529e-09, 0.0166621, 0.819342, 0.547197, -0.171038, -0.558227, 0.829434, -0.020553, 0.130618, 0.112318, 0.98505)
    Left Arm.CFrame = CFrame.new(-0.629491, -0.395442, 0.165499, -0.0854228, 0.945682, 0.31367, -0.545573, -0.307825, 0.779483, 0.833698, -0.104544, 0.542234)
    Right Leg.CFrame = CFrame.new(0.527327, 0.529525, 0.393571, 0.766009, 0.338649, -0.546394, -0.359454, 0.930329, 0.0726768, 0.532938, 0.140732, 0.834369)

[35]
    Time: 1.133333
    HumanoidRootPart.CFrame = CFrame.new(0, 0, 0, 1, 0, 0, 0, 1, 0, 0, 0, 1)
    Torso.CFrame = CFrame.new(0.0133129, -0.3861, -0.599711, 0.805565, -0.587867, 0.0740127, 0.591725, 0.804618, -0.0495178, -0.030442, 0.083685, 0.996027)
    Left Leg.CFrame = CFrame.new(-0.906986, 0.686946, -0.416539, 0.944441, -0.13597, -0.299238, 0.205101, 0.955217, 0.213295, 0.256835, -0.262819, 0.930033)
    Right Arm.CFrame = CFrame.new(0.359581, -0.467324, -0.166411, -0.0506135, -0.957496, 0.283972, 0.618736, 0.193134, 0.761489, -0.783967, 0.214245, 0.582662)
    Head.CFrame = CFrame.new(1.11759e-07, 3.72529e-09, 0.0166622, 0.842934, 0.5236, -0.123716, -0.529738, 0.847907, -0.0207725, 0.0940229, 0.0830468, 0.9921)
    Left Arm.CFrame = CFrame.new(-0.626707, -0.470808, 0.0313418, -0.00934528, 0.998412, 0.0555578, -0.734856, -0.0445376, 0.676759, 0.678159, -0.0345026, 0.734105)
    Right Leg.CFrame = CFrame.new(0.530021, 0.536538, 0.375217, 0.750526, 0.363989, -0.551564, -0.358232, 0.925458, 0.123276, 0.55532, 0.105066, 0.824973)

[36]
    Time: 1.166667
    HumanoidRootPart.CFrame = CFrame.new(0, 0, 0, 1, 0, 0, 0, 1, 0, 0, 0, 1)
    Torso.CFrame = CFrame.new(0.0525387, -0.403814, -0.707504, 0.808416, -0.585947, 0.0559396, 0.588438, 0.806828, -0.0526331, -0.0142934, 0.0754664, 0.997046)
    Left Leg.CFrame = CFrame.new(-0.904812, 0.763541, -0.41016, 0.942981, -0.128354, -0.307103, 0.188562, 0.966322, 0.175119, 0.274283, -0.223042, 0.935426)
    Right Arm.CFrame = CFrame.new(0.222618, -0.520454, -0.239465, 0.195933, -0.907974, 0.370396, 0.59332, 0.410501, 0.69243, -0.780757, 0.0840931, 0.61915)
    Head.CFrame = CFrame.new(9.68575e-08, -1.49012e-08, 0.0166619, 0.858593, 0.507331, -0.0737152, -0.510267, 0.859579, -0.0274169, 0.0494546, 0.0611543, 0.996902)
    Left Arm.CFrame = CFrame.new(-0.514119, -0.484119, 0.0824677, 0.143362, 0.977543, -0.154456, -0.767444, 0.20835, 0.606317, 0.624882, 0.0316135, 0.780079)
    Right Leg.CFrame = CFrame.new(0.575527, 0.601152, 0.350175, 0.725919, 0.417871, -0.546284, -0.374364, 0.906365, 0.195842, 0.576969, 0.0623437, 0.814383)

[37]
    Time: 1.200000
    HumanoidRootPart.CFrame = CFrame.new(0, 0, 0, 1, 0, 0, 0, 1, 0, 0, 0, 1)
    Torso.CFrame = CFrame.new(0.0885019, -0.427954, -0.799775, 0.81268, -0.581876, 0.0311588, 0.582658, 0.810731, -0.056793, 0.00778507, 0.0643095, 0.9979)
    Left Leg.CFrame = CFrame.new(-0.940848, 0.804412, -0.37272, 0.934452, -0.187094, -0.302978, 0.229921, 0.966724, 0.112161, 0.271912, -0.17447, 0.946374)
    Right Arm.CFrame = CFrame.new(0.0320232, -0.53842, -0.270433, 0.428677, -0.796307, 0.426768, 0.51177, 0.603305, 0.611649, -0.744532, -0.0437925, 0.666149)
    Head.CFrame = CFrame.new(8.19564e-08, -7.45058e-09, 0.0166621, 0.868829, 0.494386, -0.0268053, -0.495097, 0.867956, -0.0391325, 0.00391923, 0.0472707, 0.998874)
    Left Arm.CFrame = CFrame.new(-0.26135, -0.48214, 0.17435, 0.356592, 0.862419, -0.359271, -0.664763, 0.504422, 0.551043, 0.656454, 0.0423327, 0.753177)
    Right Leg.CFrame = CFrame.new(0.647556, 0.693028, 0.299615, 0.695339, 0.486354, -0.529116, -0.39136, 0.873739, 0.288819, 0.602778, 0.00624798, 0.797885)

[38]
    Time: 1.233333
    HumanoidRootPart.CFrame = CFrame.new(0, 0, 0, 1, 0, 0, 0, 1, 0, 0, 0, 1)
    Torso.CFrame = CFrame.new(0.12199, -0.454091, -0.839006, 0.818664, -0.574258, 0.00403906, 0.573391, 0.816998, -0.061125, 0.0318016, 0.0523568, 0.998122)
    Left Leg.CFrame = CFrame.new(-0.982952, 0.776405, -0.307348, 0.923951, -0.251242, -0.28843, 0.272701, 0.961421, 0.0361014, 0.268233, -0.112011, 0.95682)
    Right Arm.CFrame = CFrame.new(-0.204412, -0.46401, -0.22413, 0.602253, -0.660107, 0.448943, 0.406855, 0.737656, 0.538826, -0.686848, -0.141855, 0.712823)
    Head.CFrame = CFrame.new(5.96046e-08, -4.47035e-08, 0.016662, 0.876676, 0.480951, 0.0112019, -0.479746, 0.875739, -0.0540823, -0.0358208, 0.0420385, 0.998474)
