[1]
    Time: 0.000000
    HumanoidRootPart.CFrame = CFrame.new(0, 0, 0, 1, 0, 0, 0, 1, 0, 0, 0, 1)
    Torso.CFrame = CFrame.new(1.42449, 0.158007, -0.542631, 0.765373, 0.642482, 0.0377107, -0.643148, 0.761373, 0.0816778, 0.0237645, -0.0867675, 0.995945)
    Head.CFrame = CFrame.new(6.92904e-07, 7.45058e-08, 1.19209e-07, 0.993099, -0.116404, 0.0143124, 0.113191, 0.919363, -0.376775, 0.0306998, 0.375795, 0.926194)
    Left Arm.CFrame = CFrame.new(-0.500667, -0.251381, -0.023856, -0.742155, 0.553603, -0.377797, -0.669667, -0.589432, 0.451792, 0.0274276, 0.588297, 0.808179)
    Right Arm.CFrame = CFrame.new(-0.1084, -0.182732, 0.235908, 0.369006, -0.161712, 0.915251, 0.225574, 0.970887, 0.0805961, -0.901638, 0.176717, 0.394741)
    Left Leg.CFrame = CFrame.new(-0.419794, 0.25018, 0.326196, 0.508111, -0.681713, 0.526394, 0.576927, 0.723185, 0.379681, -0.639514, 0.110771, 0.760757)
    Right Leg.CFrame = CFrame.new(0.641295, 0.527198, -0.386155, 0.956413, -0.0810264, 0.28055, -0.0487363, 0.902969, 0.426933, -0.287921, -0.421998, 0.859663)

[2]
    Time: 0.033333
    HumanoidRootPart.CFrame = CFrame.new(0, 0, 0, 1, 0, 0, 0, 1, 0, 0, 0, 1)
    Torso.CFrame = CFrame.new(1.3511, 0.139088, -0.396515, 0.751904, 0.65358, 0.086451, -0.659117, 0.748092, 0.0769639, -0.0143713, -0.114851, 0.993279)
    Head.CFrame = CFrame.new(5.25266e-07, -1.49012e-08, -1.78814e-07, 0.987931, -0.154311, -0.0134581, 0.135348, 0.902236, -0.409453, 0.0753253, 0.402689, 0.912232)
    Left Arm.CFrame = CFrame.new(-0.305447, -0.399318, 0.0057584, -0.547466, 0.655577, -0.520096, -0.83635, -0.449642, 0.313592, -0.0282729, 0.606663, 0.794456)
    Right Arm.CFrame = CFrame.new(-0.106029, -0.163533, 0.306025, 0.300145, -0.137612, 0.943915, 0.239111, 0.9688, 0.0652082, -0.923439, 0.206128, 0.323685)
    Left Leg.CFrame = CFrame.new(-0.295195, 0.247899, 0.243309, 0.49817, -0.713427, 0.492797, 0.496461, 0.700649, 0.512462, -0.710882, -0.0106389, 0.703231)
    Right Leg.CFrame = CFrame.new(0.712379, 0.455871, -0.337013, 0.951982, 0.0460838, 0.302667, -0.142761, 0.941366, 0.305695, -0.270833, -0.334225, 0.902742)

[3]
    Time: 0.066667
    HumanoidRootPart.CFrame = CFrame.new(0, 0, 0, 1, 0, 0, 0, 1, 0, 0, 0, 1)
    Torso.CFrame = CFrame.new(1.12123, 0.0927002, -0.182591, 0.688022, 0.724868, 0.0345226, -0.725573, 0.686277, 0.0506836, 0.0130469, -0.0599201, 0.998118)
    Head.CFrame = CFrame.new(5.92321e-07, -5.96046e-08, 1.19209e-07, 0.967467, -0.24845, 0.0477511, 0.248103, 0.894755, -0.371293, 0.0495223, 0.37106, 0.927287)
    Left Arm.CFrame = CFrame.new(0.0410913, -0.508572, 0.000831842, -0.252486, 0.804406, -0.537756, -0.962212, -0.267306, 0.0519254, -0.101976, 0.530545, 0.8415)
    Right Arm.CFrame = CFrame.new(-0.0282648, -0.121191, 0.410115, 0.109775, -0.0280761, 0.99356, 0.243443, 0.969915, 0.0005107, -0.963683, 0.241819, 0.113308)
    Left Leg.CFrame = CFrame.new(-0.122174, 0.229406, 0.181152, 0.507086, -0.668816, 0.543644, 0.434211, 0.743098, 0.509182, -0.74453, -0.0221431, 0.667222)
    Right Leg.CFrame = CFrame.new(0.795937, 0.36722, -0.339841, 0.917502, 0.178784, 0.355284, -0.261786, 0.943955, 0.201039, -0.299429, -0.277462, 0.912884)

[4]
    Time: 0.100000
    HumanoidRootPart.CFrame = CFrame.new(0, 0, 0, 1, 0, 0, 0, 1, 0, 0, 0, 1)
    Torso.CFrame = CFrame.new(0.97434, 0.0371391, -0.138835, 0.602765, 0.795438, -0.0628676, -0.796771, 0.604252, 0.00603654, 0.0427896, 0.0464525, 0.998004)
    Head.CFrame = CFrame.new(5.73695e-07, 8.3819e-08, 3.57628e-07, 0.925884, -0.358108, 0.120403, 0.377748, 0.883133, -0.278177, -0.00671462, 0.303042, 0.952954)
    Left Arm.CFrame = CFrame.new(0.429948, -0.420043, 0.0433413, 0.0570623, 0.92984, -0.363514, -0.998367, 0.0540917, -0.0183557, 0.00259518, 0.363968, 0.931408)
    Right Arm.CFrame = CFrame.new(0.0842314, -0.107098, 0.443386, -0.0603448, 0.107097, 0.992416, 0.255315, 0.96281, -0.0883776, -0.964973, 0.248045, -0.0854442)
    Left Leg.CFrame = CFrame.new(-0.100676, 0.139045, 0.272674, 0.417217, -0.646225, 0.639002, 0.556585, 0.737523, 0.382455, -0.718431, 0.196092, 0.667387)
    Right Leg.CFrame = CFrame.new(0.667065, 0.20773, -0.29142, 0.898457, 0.108348, 0.425484, -0.201112, 0.962991, 0.179449, -0.390295, -0.246797, 0.886996)

[5]
    Time: 0.133333
    HumanoidRootPart.CFrame = CFrame.new(0, 0, 0, 1, 0, 0, 0, 1, 0, 0, 0, 1)
    Torso.CFrame = CFrame.new(0.85229, -0.0135129, -0.17341, 0.56394, 0.815449, -0.130442, -0.824667, 0.564414, -0.0368914, 0.0435402, 0.128376, 0.990769)
    Head.CFrame = CFrame.new(5.40167e-07, -2.6077e-08, 0, 0.896835, -0.418524, 0.143264, 0.44039, 0.875282, -0.199844, -0.0417565, 0.24232, 0.969298)
    Left Arm.CFrame = CFrame.new(0.515277, -0.25375, -0.0275892, 0.412024, 0.893357, -0.179305, -0.903764, 0.425727, 0.044354, 0.115959, 0.143774, 0.982793)
    Right Arm.CFrame = CFrame.new(0.102645, -0.125964, 0.461037, -0.0869372, 0.0320221, 0.995699, 0.314156, 0.949366, -0.00310217, -0.945383, 0.312535, -0.0925951)
    Left Leg.CFrame = CFrame.new(-0.204684, 0.0612435, 0.397287, 0.358417, -0.651981, 0.668176, 0.7044, 0.658574, 0.264764, -0.612664, 0.375767, 0.695299)
    Right Leg.CFrame = CFrame.new(0.722034, 0.288156, -0.407952, 0.855788, 0.02846, 0.516544, -0.163624, 0.962117, 0.218076, -0.490769, -0.271146, 0.828025)

[6]
    Time: 0.166667
    HumanoidRootPart.CFrame = CFrame.new(0, 0, 0, 1, 0, 0, 0, 1, 0, 0, 0, 1)
    Torso.CFrame = CFrame.new(0.760811, -0.0640326, -0.259674, 0.589698, 0.785426, -0.188048, -0.806208, 0.586266, -0.079503, 0.0478025, 0.198489, 0.978937)
    Head.CFrame = CFrame.new(5.58794e-07, 5.21541e-08, 1.19209e-07, 0.902027, -0.412858, 0.126076, 0.42564, 0.899312, -0.100345, -0.0719531, 0.144177, 0.986933)
    Left Arm.CFrame = CFrame.new(0.374059, -0.19617, -0.0720918, 0.674181, 0.731677, -0.100639, -0.723311, 0.68165, 0.110342, 0.149335, -0.00159738, 0.988785)
    Right Arm.CFrame = CFrame.new(-0.00178434, -0.215262, 0.394324, 0.0521365, -0.29103, 0.955292, 0.401732, 0.88189, 0.246743, -0.914272, 0.370907, 0.162895)
    Left Leg.CFrame = CFrame.new(-0.473803, 0.152012, 0.50711, 0.34218, -0.705388, 0.620758, 0.80604, 0.559886, 0.191903, -0.48292, 0.434691, 0.760153)
    Right Leg.CFrame = CFrame.new(0.82102, 0.409171, -0.458526, 0.868409, 0.0770971, 0.489818, -0.193125, 0.962422, 0.190911, -0.456693, -0.260385, 0.850665)

[7]
    Time: 0.200000
    HumanoidRootPart.CFrame = CFrame.new(0, 0, 0, 1, 0, 0, 0, 1, 0, 0, 0, 1)
    Torso.CFrame = CFrame.new(0.694335, -0.119018, -0.36168, 0.613032, 0.756183, -0.228866, -0.788472, 0.603916, -0.116608, 0.0500391, 0.251939, 0.966449)
    Head.CFrame = CFrame.new(6.25849e-07, 8.9407e-08, 1.19209e-07, 0.907615, -0.409665, 0.0916984, 0.409234, 0.912105, 0.0243284, -0.093605, 0.0154453, 0.99549)
    Left Arm.CFrame = CFrame.new(0.141933, -0.188357, -0.0931941, 0.847554, 0.52632, -0.0681164, -0.514332, 0.846245, 0.139038, 0.130822, -0.0828081, 0.987942)
    Right Arm.CFrame = CFrame.new(-0.00311115, -0.303341, 0.0598677, 0.382071, -0.532718, 0.755138, 0.487455, 0.810385, 0.325059, -0.785117, 0.2439, 0.569301)
    Left Leg.CFrame = CFrame.new(-0.654774, 0.314979, 0.513716, 0.289654, -0.769706, 0.568906, 0.863875, 0.466151, 0.190848, -0.412093, 0.436184, 0.799952)
    Right Leg.CFrame = CFrame.new(0.849446, 0.419013, -0.426773, 0.877276, 0.107241, 0.467852, -0.190562, 0.972428, 0.134426, -0.440537, -0.207083, 0.873524)

[8]
    Time: 0.233333
    HumanoidRootPart.CFrame = CFrame.new(0, 0, 0, 1, 0, 0, 0, 1, 0, 0, 0, 1)
    Torso.CFrame = CFrame.new(0.616878, -0.213242, -0.41499, 0.703962, 0.650503, -0.285102, -0.707843, 0.675518, -0.20648, 0.0582757, 0.347162, 0.935993)
    Head.CFrame = CFrame.new(4.32134e-07, -1.3411e-07, -3.57628e-07, 0.948489, -0.312729, 0.0506864, 0.297732, 0.93457, 0.194768, -0.10828, -0.169645, 0.979539)
    Left Arm.CFrame = CFrame.new(-0.0479695, -0.190249, -0.0782575, 0.920958, 0.356868, -0.156465, -0.332304, 0.928995, 0.162918, 0.203496, -0.0980464, 0.974154)
    Right Arm.CFrame = CFrame.new(-0.204798, -0.610479, 0.101712, 0.164885, -0.869259, 0.466049, 0.938225, 0.283973, 0.197721, -0.304216, 0.404657, 0.862383)
    Left Leg.CFrame = CFrame.new(-0.804383, 0.574145, 0.378995, 0.430539, -0.777563, 0.458292, 0.818151, 0.550633, 0.165626, -0.381135, 0.303644, 0.873233)
    Right Leg.CFrame = CFrame.new(0.830666, 0.455008, -0.298678, 0.933827, 0.0999244, 0.343486, -0.137553, 0.986673, 0.0869264, -0.330223, -0.128422, 0.935126)

[9]
    Time: 0.266667
    HumanoidRootPart.CFrame = CFrame.new(0, 0, 0, 1, 0, 0, 0, 1, 0, 0, 0, 1)
    Torso.CFrame = CFrame.new(0.604257, -0.241749, -0.399241, 0.786798, 0.534432, -0.308758, -0.614192, 0.727358, -0.306133, 0.0609705, 0.430502, 0.900528)
    Head.CFrame = CFrame.new(5.81145e-07, 2.98023e-08, 1.19209e-07, 0.979826, -0.197887, 0.027955, 0.178931, 0.930937, 0.318339, -0.0890196, -0.306915, 0.947565)
    Left Arm.CFrame = CFrame.new(-0.00524104, -0.208288, -0.0339518, 0.896964, 0.35733, -0.260329, -0.321707, 0.931441, 0.170064, 0.30325, -0.068791, 0.950425)
    Right Arm.CFrame = CFrame.new(0.0215984, -0.758958, 0.0398935, -0.328508, -0.872598, 0.361463, 0.932551, -0.238973, 0.270632, -0.149773, 0.425987, 0.892246)
    Left Leg.CFrame = CFrame.new(-0.750877, 0.977077, 0.14246, 0.703136, -0.613461, 0.359534, 0.592844, 0.784959, 0.179932, -0.392601, 0.0866308, 0.91562)
    Right Leg.CFrame = CFrame.new(0.725186, 0.546927, -0.0888148, 0.993354, 0.0261986, 0.112074, -0.0285047, 0.999413, 0.0190233, -0.11151, -0.0220915, 0.993518)

[10]
    Time: 0.300000
    HumanoidRootPart.CFrame = CFrame.new(0, 0, 0, 1, 0, 0, 0, 1, 0, 0, 0, 1)
    Torso.CFrame = CFrame.new(0.672996, -0.158337, -0.189622, 0.84071, 0.388027, -0.377679, -0.506673, 0.809771, -0.295893, 0.191019, 0.44012, 0.877386)
    Head.CFrame = CFrame.new(3.72529e-07, -2.08616e-07, -5.96046e-08, 0.990614, -0.0462249, 0.128637, 0.00177019, 0.945343, 0.326072, -0.136679, -0.322784, 0.936552)
    Left Arm.CFrame = CFrame.new(0.12411, -0.210214, 0.0287428, 0.854868, 0.402704, -0.327153, -0.369911, 0.915195, 0.15995, 0.363822, -0.0157188, 0.931336)
    Right Arm.CFrame = CFrame.new(0.290514, -0.741559, 0.165691, -0.750551, -0.620225, 0.228024, 0.635994, -0.584311, 0.504076, -0.179403, 0.523356, 0.833014)
    Left Leg.CFrame = CFrame.new(-0.708157, 0.974298, 0.0387809, 0.920744, -0.338782, 0.193537, 0.327299, 0.940672, 0.0895119, -0.21238, -0.0190732, 0.977001)
    Right Leg.CFrame = CFrame.new(0.57729, 0.595674, -0.0344486, 0.9931, -0.0182844, -0.115836, 0.0374725, 0.985462, 0.165711, 0.111122, -0.168908, 0.979348)

[11]
    Time: 0.333333
    HumanoidRootPart.CFrame = CFrame.new(0, 0, 0, 1, 0, 0, 0, 1, 0, 0, 0, 1)
    Torso.CFrame = CFrame.new(0.819546, -0.0575276, -0.0642719, 0.897825, 0.260341, -0.355152, -0.366313, 0.889158, -0.274249, 0.244388, 0.376325, 0.893675)
    Head.CFrame = CFrame.new(5.51343e-07, -1.78814e-07, -8.34465e-07, 0.980501, 0.152406, 0.124058, -0.179667, 0.950973, 0.251733, -0.0796103, -0.269113, 0.959813)
    Left Arm.CFrame = CFrame.new(0.270154, -0.196971, 0.112426, 0.798067, 0.433544, -0.418485, -0.414119, 0.89912, 0.141733, 0.437715, 0.0601901, 0.897097)
    Right Arm.CFrame = CFrame.new(0.495369, -0.558217, 0.213597, -0.919988, -0.391921, 0.00441908, 0.320496, -0.74574, 0.584084, -0.22562, 0.538767, 0.811681)
    Left Leg.CFrame = CFrame.new(-0.575125, 0.963873, -0.0864745, 0.998293, 0.0540216, 0.0222224, -0.0553959, 0.996232, 0.0667342, -0.0185335, -0.0678512, 0.997523)
    Right Leg.CFrame = CFrame.new(0.493239, 0.547671, 0.0477825, 0.941722, 0.116921, -0.315418, -0.0387106, 0.96909, 0.243651, 0.334156, -0.217242, 0.91714)

[12]
    Time: 0.366667
    HumanoidRootPart.CFrame = CFrame.new(0, 0, 0, 1, 0, 0, 0, 1, 0, 0, 0, 1)
    Torso.CFrame = CFrame.new(0.927543, 0.0473927, -0.0205131, 0.935373, 0.134625, -0.327038, -0.213749, 0.95191, -0.219495, 0.281761, 0.275214, 0.919167)
    Head.CFrame = CFrame.new(6.4075e-07, 5.21541e-08, 3.57628e-07, 0.930156, 0.356148, 0.089268, -0.365994, 0.91877, 0.14802, -0.0292997, -0.170354, 0.984947)
    Left Arm.CFrame = CFrame.new(0.41053, -0.17479, 0.19324, 0.748431, 0.444117, -0.492556, -0.450561, 0.885467, 0.113768, 0.486669, 0.136779, 0.862813)
    Right Arm.CFrame = CFrame.new(0.619008, -0.367212, 0.175868, -0.961739, -0.215889, -0.16867, 0.101363, -0.852366, 0.513029, -0.254526, 0.476303, 0.841636)
    Left Leg.CFrame = CFrame.new(-0.487307, 0.660017, -0.157826, 0.917821, 0.375111, -0.129984, -0.367742, 0.926684, 0.0776105, 0.149567, -0.0234319, 0.988474)
    Right Leg.CFrame = CFrame.new(0.424596, 0.465719, 0.144123, 0.824584, 0.323211, -0.464322, -0.195104, 0.932849, 0.302866, 0.531032, -0.159148, 0.832272)

[13]
    Time: 0.400000
    HumanoidRootPart.CFrame = CFrame.new(0, 0, 0, 1, 0, 0, 0, 1, 0, 0, 0, 1)
    Torso.CFrame = CFrame.new(0.990308, 0.143159, 0.00271893, 0.952559, 0.000782755, -0.304353, -0.0506227, 0.986475, -0.155901, 0.300114, 0.163912, 0.939715)
    Head.CFrame = CFrame.new(6.16885e-07, -3.13739e-08, 0, 0.839822, 0.54147, 0.0388432, -0.542834, 0.838356, 0.0499076, -0.00554089, -0.0629989, 0.997998)
    Left Arm.CFrame = CFrame.new(0.530313, -0.15054, 0.269371, 0.703785, 0.434579, -0.561986, -0.475298, 0.87598, 0.0821638, 0.527995, 0.209285, 0.823056)
    Right Arm.CFrame = CFrame.new(0.686421, -0.163927, 0.142076, -0.948421, -0.0870876, -0.304815, -0.0527128, -0.904817, 0.422525, -0.312599, 0.4168, 0.853557)
    Left Leg.CFrame = CFrame.new(-0.18374, 0.10997, -0.102286, 0.729901, 0.632259, -0.259795, -0.646125, 0.762201, 0.0396497, 0.223085, 0.13892, 0.964849)
    Right Leg.CFrame = CFrame.new(0.305304, 0.339515, 0.232623, 0.678125, 0.456646, -0.575865, -0.346674, 0.889646, 0.297232, 0.648046, -0.00192313, 0.761598)

[14]
    Time: 0.433333
    HumanoidRootPart.CFrame = CFrame.new(0, 0, 0, 1, 0, 0, 0, 1, 0, 0, 0, 1)
    Torso.CFrame = CFrame.new(1.07511, 0.206973, -0.0227523, 0.94521, -0.151451, -0.289207, 0.124192, 0.986087, -0.110497, 0.301918, 0.0685257, 0.950868)
    Head.CFrame = CFrame.new(7.95349e-07, 1.49012e-08, -3.57628e-07, 0.720435, 0.693495, -0.0061511, -0.693457, 0.720218, -0.0200895, -0.00950183, 0.0187386, 0.999779)
    Left Arm.CFrame = CFrame.new(0.608419, -0.131318, 0.349375, 0.647467, 0.400231, -0.648538, -0.486238, 0.872227, 0.0528402, 0.586821, 0.281132, 0.759346)
    Right Arm.CFrame = CFrame.new(0.695452, 0.0311888, 0.128139, -0.90503, -0.0218871, -0.424784, -0.14447, -0.923488, 0.355385, -0.400061, 0.383003, 0.832622)
    Left Leg.CFrame = CFrame.new(-0.174062, -0.0560204, -0.136469, 0.81053, 0.534847, -0.238704, -0.583734, 0.771019, -0.254528, 0.0479118, 0.345642, 0.937142)
    Right Leg.CFrame = CFrame.new(0.147785, 0.23177, 0.284551, 0.522018, 0.499966, -0.691036, -0.465409, 0.845911, 0.260442, 0.714767, 0.185659, 0.674269)

[15]
    Time: 0.466667
    HumanoidRootPart.CFrame = CFrame.new(0, 0, 0, 1, 0, 0, 0, 1, 0, 0, 0, 1)
    Torso.CFrame = CFrame.new(1.14619, 0.226097, -0.124285, 0.902489, -0.330386, -0.276329, 0.312247, 0.943773, -0.108602, 0.296673, 0.0117291, 0.954907)
    Head.CFrame = CFrame.new(6.4075e-07, -3.72529e-08, 3.57628e-07, 0.57684, 0.816039, -0.0365498, -0.816732, 0.575387, -0.043347, -0.0143425, 0.0548557, 0.998391)
    Left Arm.CFrame = CFrame.new(0.617542, -0.123499, 0.433908, 0.552721, 0.331463, -0.764612, -0.480593, 0.876342, 0.0324894, 0.680831, 0.349509, 0.643671)
    Right Arm.CFrame = CFrame.new(0.64196, 0.200578, 0.120442, -0.841469, -0.0382233, -0.538952, -0.172216, -0.926494, 0.33459, -0.512125, 0.374363, 0.773033)
    Left Leg.CFrame = CFrame.new(0.170168, -0.279188, -0.318132, 0.833039, 0.324241, 0.448234, 0.0625175, 0.74987, -0.658625, -0.54967, 0.576683, 0.6044)
    Right Leg.CFrame = CFrame.new(-0.04625, 0.144183, 0.283039, 0.366535, 0.451723, -0.813387, -0.541386, 0.814537, 0.208398, 0.756672, 0.363971, 0.543113)

[16]
    Time: 0.500000
    HumanoidRootPart.CFrame = CFrame.new(0, 0, 0, 1, 0, 0, 0, 1, 0, 0, 0, 1)
    Torso.CFrame = CFrame.new(1.21711, 0.206657, -0.465586, 0.813882, -0.51342, -0.272021, 0.491353, 0.858052, -0.149394, 0.310111, -0.0120692, 0.950624)
    Head.CFrame = CFrame.new(6.6869e-07, 3.72529e-08, 1.19209e-07, 0.415543, 0.908843, -0.0364399, -0.909513, 0.414721, -0.0281481, -0.0104698, 0.0448393, 0.998939)
    Left Arm.CFrame = CFrame.new(0.57018, -0.125588, 0.497914, 0.418559, 0.243424, -0.874959, -0.464418, 0.885288, 0.0241318, 0.780464, 0.396246, 0.483596)
    Right Arm.CFrame = CFrame.new(0.578825, 0.372648, 0.0533006, -0.81957, -0.127258, -0.558668, -0.183323, -0.865534, 0.466094, -0.54286, 0.484413, 0.686037)
    Left Leg.CFrame = CFrame.new(-0.185289, -0.340692, -0.213792, 0.956161, -0.0573823, 0.287164, 0.251451, 0.66349, -0.704666, -0.150095, 0.745982, 0.648832)
    Right Leg.CFrame = CFrame.new(-0.256991, 0.150462, 0.241178, 0.110555, 0.406619, -0.906884, -0.573934, 0.771075, 0.275761, 0.811405, 0.490005, 0.318618)

[17]
    Time: 0.533333
    HumanoidRootPart.CFrame = CFrame.new(0, 0, 0, 1, 0, 0, 0, 1, 0, 0, 0, 1)
    Torso.CFrame = CFrame.new(1.21679, 0.192647, -0.513266, 0.756261, -0.600434, -0.259898, 0.571602, 0.799619, -0.184067, 0.31834, -0.00935557, 0.947931)
    Head.CFrame = CFrame.new(4.90807e-07, 8.3819e-08, -2.98023e-07, 0.344193, 0.938306, -0.0333566, -0.938846, 0.343579, -0.0228467, -0.00997648, 0.0391804, 0.999182)
    Left Arm.CFrame = CFrame.new(0.550773, -0.131626, 0.512722, 0.341386, 0.201561, -0.918057, -0.448844, 0.893134, 0.029183, 0.82583, 0.402101, 0.395372)
    Right Arm.CFrame = CFrame.new(0.574754, 0.43174, -0.0436596, -0.842106, -0.189286, -0.505003, -0.172841, -0.79227, 0.585178, -0.510865, 0.580067, 0.63446)
    Left Leg.CFrame = CFrame.new(-0.37606, -0.322871, -0.195727, 0.980154, -0.124603, 0.154181, 0.197996, 0.653641, -0.730446, -0.0097628, 0.746477, 0.66534)
    Right Leg.CFrame = CFrame.new(-0.320628, 0.126989, 0.2796, 0.0522762, 0.315881, -0.947357, -0.624832, 0.750367, 0.215719, 0.779008, 0.580662, 0.236599)

[18]
    Time: 0.566667
    HumanoidRootPart.CFrame = CFrame.new(0, 0, 0, 1, 0, 0, 0, 1, 0, 0, 0, 1)
    Torso.CFrame = CFrame.new(1.10919, 0.195227, -0.437493, 0.726406, -0.640623, -0.248869, 0.606146, 0.767855, -0.20733, 0.323916, -0.000245552, 0.946086)
    Head.CFrame = CFrame.new(6.47269e-07, 4.69736e-08, -2.98023e-07, 0.32586, 0.944965, -0.0292595, -0.9452, 0.324963, -0.0315723, -0.0203264, 0.0379442, 0.999073)
    Left Arm.CFrame = CFrame.new(0.536667, -0.138115, 0.510307, 0.307891, 0.190299, -0.932196, -0.433597, 0.900194, 0.0405555, 0.846875, 0.391711, 0.359674)
    Right Arm.CFrame = CFrame.new(0.606392, 0.424552, -0.10275, -0.863779, -0.223685, -0.451498, -0.15333, -0.736875, 0.658411, -0.479975, 0.63795, 0.602199)
    Left Leg.CFrame = CFrame.new(-0.277371, -0.316916, -0.219552, 0.993063, -0.0313738, 0.113319, 0.10337, 0.692247, -0.714219, -0.0560367, 0.720978, 0.690688)
    Right Leg.CFrame = CFrame.new(-0.319785, 0.0985184, 0.330533, 0.105755, 0.235145, -0.96619, -0.65569, 0.74697, 0.110024, 0.747587, 0.621886, 0.233178)

[19]
    Time: 0.600000
    HumanoidRootPart.CFrame = CFrame.new(0, 0, 0, 1, 0, 0, 0, 1, 0, 0, 0, 1)
    Torso.CFrame = CFrame.new(0.927467, 0.190244, -0.331753, 0.686016, -0.691913, -0.22503, 0.657108, 0.72198, -0.216688, 0.312397, 0.000782271, 0.949951)
    Head.CFrame = CFrame.new(7.20844e-07, -2.72412e-08, 2.38419e-07, 0.291156, 0.955755, -0.0419601, -0.956292, 0.289518, -0.0410429, -0.0270788, 0.0520761, 0.998276)
    Left Arm.CFrame = CFrame.new(0.495737, -0.140881, 0.517558, 0.260016, 0.171617, -0.950231, -0.419573, 0.906404, 0.0488924, 0.869684, 0.385979, 0.307685)
    Right Arm.CFrame = CFrame.new(0.645503, 0.390545, -0.145097, -0.87647, -0.25887, -0.405939, -0.121736, -0.696593, 0.707063, -0.465812, 0.669137, 0.579029)
    Left Leg.CFrame = CFrame.new(-0.00506775, -0.31448, -0.241431, 0.983785, 0.161912, 0.0771419, -0.0705558, 0.744829, -0.663514, -0.164889, 0.647313, 0.744176)
    Right Leg.CFrame = CFrame.new(-0.345729, 0.104237, 0.377161, 0.114152, 0.165005, -0.979665, -0.678472, 0.733281, 0.0444506, 0.725704, 0.659601, 0.195657)

[20]
    Time: 0.633333
    HumanoidRootPart.CFrame = CFrame.new(0, 0, 0, 1, 0, 0, 0, 1, 0, 0, 0, 1)
    Torso.CFrame = CFrame.new(0.82196, 0.187258, -0.28992, 0.660699, -0.721847, -0.205946, 0.687925, 0.692047, -0.218701, 0.300393, 0.00282026, 0.953811)
    Head.CFrame = CFrame.new(6.09085e-07, -7.45058e-09, 0, 0.279724, 0.958597, -0.0533429, -0.959297, 0.276821, -0.0558511, -0.0387723, 0.0667946, 0.997013)
    Left Arm.CFrame = CFrame.new(0.466214, -0.138823, 0.53331, 0.227991, 0.158, -0.960758, -0.412658, 0.909422, 0.0516323, 0.881892, 0.384693, 0.27254)
    Right Arm.CFrame = CFrame.new(0.667802, 0.343308, -0.235653, -0.882306, -0.320147, -0.345025, -0.0330608, -0.689075, 0.723935, -0.469514, 0.650139, 0.597391)
    Left Leg.CFrame = CFrame.new(-0.0282146, -0.299614, -0.201009, 0.97812, 0.207732, 0.0113575, -0.153758, 0.758596, -0.633159, -0.140143, 0.617559, 0.773938)
    Right Leg.CFrame = CFrame.new(-0.372777, 0.306888, 0.452875, 0.00598055, 0.182255, -0.983233, -0.670082, 0.730574, 0.131346, 0.742263, 0.658061, 0.126495)

[21]
    Time: 0.666667
    HumanoidRootPart.CFrame = CFrame.new(0, 0, 0, 1, 0, 0, 0, 1, 0, 0, 0, 1)
    Torso.CFrame = CFrame.new(0.729265, 0.154464, -0.294543, 0.665352, -0.717675, -0.205547, 0.680616, 0.696279, -0.227942, 0.306706, 0.0117628, 0.951732)
    Head.CFrame = CFrame.new(4.20958e-07, 7.07805e-08, 1.19209e-07, 0.309473, 0.949987, -0.0418477, -0.949089, 0.305861, -0.0753557, -0.0587874, 0.0630377, 0.996278)
    Left Arm.CFrame = CFrame.new(0.461452, -0.135681, 0.552101, 0.235907, 0.155871, -0.959194, -0.415873, 0.908293, 0.045318, 0.878292, 0.388212, 0.279095)
    Right Arm.CFrame = CFrame.new(0.671617, 0.310015, -0.38064, -0.883939, -0.39547, -0.249511, 0.0934077, -0.672178, 0.734474, -0.458178, 0.625924, 0.631104)
    Left Leg.CFrame = CFrame.new(-0.206819, -0.237694, -0.146327, 0.976618, 0.191552, -0.0975931, -0.211421, 0.773514, -0.597476, -0.0389583, 0.60414, 0.795926)
    Right Leg.CFrame = CFrame.new(-0.317007, 0.522664, 0.451327, -0.0768256, 0.266128, -0.960871, -0.607177, 0.751923, 0.256803, 0.790844, 0.603148, 0.10382)

[22]
    Time: 0.700000
    HumanoidRootPart.CFrame = CFrame.new(0, 0, 0, 1, 0, 0, 0, 1, 0, 0, 0, 1)
    Torso.CFrame = CFrame.new(0.628076, 0.125154, -0.312489, 0.731674, -0.648877, -0.208834, 0.606288, 0.75951, -0.235709, 0.311558, 0.0458485, 0.94912)
    Head.CFrame = CFrame.new(4.32134e-07, 5.96046e-08, -5.96046e-08, 0.41592, 0.909169, -0.0205377, -0.906281, 0.412518, -0.0921075, -0.0752692, 0.0569223, 0.995537)
    Left Arm.CFrame = CFrame.new(0.500915, -0.13478, 0.557252, 0.316164, 0.180958, -0.931287, -0.426062, 0.904161, 0.0310428, 0.847651, 0.386971, 0.362963)
    Right Arm.CFrame = CFrame.new(0.71856, 0.203056, -0.524519, -0.912731, -0.405398, 0.0507462, 0.296961, -0.572973, 0.763882, -0.2806, 0.712288, 0.643357)
    Left Leg.CFrame = CFrame.new(-0.354439, -0.1055, -0.0937818, 0.955514, 0.218853, -0.197726, -0.290699, 0.812132, -0.505901, 0.049862, 0.540874, 0.839624)
    Right Leg.CFrame = CFrame.new(-0.165886, 0.490671, 0.465532, 0.0724137, 0.349062, -0.934298, -0.588982, 0.770942, 0.242381, 0.804895, 0.532733, 0.261418)

[23]
    Time: 0.733333
    HumanoidRootPart.CFrame = CFrame.new(0, 0, 0, 1, 0, 0, 0, 1, 0, 0, 0, 1)
    Torso.CFrame = CFrame.new(0.519599, 0.12019, -0.39681, 0.783389, -0.583766, -0.213352, 0.538289, 0.808851, -0.236653, 0.31072, 0.0705469, 0.94788)
    Head.CFrame = CFrame.new(6.03497e-07, 5.21541e-08, 1.19209e-07, 0.49628, 0.868146, -0.00532266, -0.863968, 0.493271, -0.101208, -0.0852376, 0.0548261, 0.994851)
    Left Arm.CFrame = CFrame.new(0.529784, -0.132178, 0.561282, 0.385074, 0.191603, -0.902777, -0.434702, 0.900556, 0.00571253, 0.814096, 0.390239, 0.430071)
    Right Arm.CFrame = CFrame.new(0.704512, 0.0967307, -0.628197, -0.828006, -0.462889, 0.316448, 0.524988, -0.441745, 0.727495, -0.19696, 0.768502, 0.608779)
    Left Leg.CFrame = CFrame.new(-0.432516, 0.0676173, -0.075222, 0.915974, 0.281208, -0.286205, -0.370807, 0.865766, -0.336084, 0.153277, 0.413971, 0.897293)
    Right Leg.CFrame = CFrame.new(0.0341055, 0.440034, 0.454353, 0.257712, 0.444166, -0.85808, -0.575437, 0.783961, 0.232975, 0.776181, 0.43373, 0.457626)

[24]
    Time: 0.766667
    HumanoidRootPart.CFrame = CFrame.new(0, 0, 0, 1, 0, 0, 0, 1, 0, 0, 0, 1)
    Torso.CFrame = CFrame.new(0.462833, 0.121435, -0.435554, 0.748224, -0.624163, -0.224905, 0.577227, 0.779557, -0.243104, 0.327063, 0.0520744, 0.943567)
    Head.CFrame = CFrame.new(5.73695e-07, 3.72529e-08, 0, 0.446227, 0.894919, -0.00146353, -0.892214, 0.44475, -0.0784398, -0.0695463, 0.0363077, 0.996918)
    Left Arm.CFrame = CFrame.new(0.482918, -0.129821, 0.594456, 0.345338, 0.138026, -0.928273, -0.442226, 0.89636, -0.0312364, 0.827755, 0.421294, 0.370586)
    Right Arm.CFrame = CFrame.new(0.735726, -0.0271922, -0.644369, -0.775102, -0.477658, 0.413594, 0.613173, -0.410734, 0.674772, -0.152433, 0.776622, 0.611247)
    Left Leg.CFrame = CFrame.new(-0.375506, 0.0402645, -0.102545, 0.846875, 0.362465, -0.389129, -0.471769, 0.849781, -0.235173, 0.245432, 0.382741, 0.890658)
    Right Leg.CFrame = CFrame.new(0.511268, 0.476803, 0.356629, 0.328698, 0.741055, -0.585487, -0.640249, 0.630581, 0.438689, 0.69429, 0.230662, 0.681731)

[25]
    Time: 0.800000
    HumanoidRootPart.CFrame = CFrame.new(0, 0, 0, 1, 0, 0, 0, 1, 0, 0, 0, 1)
    Torso.CFrame = CFrame.new(0.343374, 0.188349, -0.390664, 0.667359, -0.696379, -0.263984, 0.663804, 0.716913, -0.213072, 0.337632, -0.0330379, 0.940698)
    Head.CFrame = CFrame.new(5.92321e-07, -2.6077e-08, -5.96046e-08, 0.330017, 0.943949, -0.00709373, -0.942398, 0.329022, -0.0602466, -0.0545356, 0.0265675, 0.998158)
    Left Arm.CFrame = CFrame.new(0.411413, -0.132776, 0.626604, 0.271881, 0.0620661, -0.960327, -0.454317, 0.887988, -0.0712322, 0.848338, 0.455659, 0.269625)
    Right Arm.CFrame = CFrame.new(0.738577, -0.213468, -0.612476, -0.692874, -0.495486, 0.52385, 0.713866, -0.369012, 0.595168, -0.10159, 0.786336, 0.60939)
    Left Leg.CFrame = CFrame.new(-0.234385, -0.142154, -0.0876981, 0.796115, 0.394972, -0.458473, -0.548082, 0.791785, -0.269597, 0.256529, 0.465911, 0.846829)
    Right Leg.CFrame = CFrame.new(0.672245, 0.523343, 0.229814, 0.166685, 0.900278, -0.402139, -0.505118, 0.428229, 0.749317, 0.846801, 0.0782284, 0.526126)

[26]
    Time: 0.833333
    HumanoidRootPart.CFrame = CFrame.new(0, 0, 0, 1, 0, 0, 0, 1, 0, 0, 0, 1)
    Torso.CFrame = CFrame.new(0.120021, 0.29284, -0.168562, 0.579034, -0.745821, -0.329349, 0.752161, 0.64454, -0.137195, 0.314602, -0.168283, 0.934188)
    Head.CFrame = CFrame.new(5.73695e-07, -1.2666e-07, 0, 0.197157, 0.980104, -0.0229167, -0.978756, 0.195437, -0.0619787, -0.0562668, 0.0346494, 0.997814)
    Left Arm.CFrame = CFrame.new(0.347406, -0.140138, 0.643164, 0.209224, -0.00937394, -0.977823, -0.468837, 0.876568, -0.10872, 0.858148, 0.481186, 0.179004)
    Right Arm.CFrame = CFrame.new(0.571942, -0.393162, -0.479791, -0.459264, -0.62804, 0.628206, 0.865424, -0.156884, 0.475845, -0.200294, 0.762203, 0.615572)
    Left Leg.CFrame = CFrame.new(-0.249312, -0.198594, -0.105719, 0.837917, 0.261603, -0.479018, -0.44513, 0.835415, -0.322399, 0.315838, 0.483369, 0.816456)
    Right Leg.CFrame = CFrame.new(0.530903, 0.282505, 0.258143, 0.221638, 0.928503, -0.297923, -0.547459, 0.371311, 0.749944, 0.806948, -0.00311553, 0.590614)

[27]
    Time: 0.866667
    HumanoidRootPart.CFrame = CFrame.new(0, 0, 0, 1, 0, 0, 0, 1, 0, 0, 0, 1)
    Torso.CFrame = CFrame.new(-0.098512, 0.392713, -0.0338306, 0.537408, -0.746545, -0.392254, 0.797732, 0.60088, -0.0506728, 0.273527, -0.285682, 0.91846)
    Head.CFrame = CFrame.new(7.15256e-07, -8.9407e-08, -2.98023e-07, 0.114349, 0.992753, -0.0369716, -0.992276, 0.112334, -0.0526346, -0.0480999, 0.0427047, 0.997929)
    Left Arm.CFrame = CFrame.new(0.313713, -0.147056, 0.642874, 0.189249, -0.0567371, -0.980289, -0.478672, 0.866344, -0.142552, 0.857355, 0.496215, 0.136796)
    Right Arm.CFrame = CFrame.new(0.414785, -0.386436, -0.43766, -0.193092, -0.73118, 0.654287, 0.905969, 0.123181, 0.405026, -0.376742, 0.670971, 0.638642)
    Left Leg.CFrame = CFrame.new(-0.220947, -0.244745, -0.095495, 0.896572, 0.168897, -0.40943, -0.3266, 0.876523, -0.353609, 0.299151, 0.450756, 0.841028)
    Right Leg.CFrame = CFrame.new(0.402607, 0.158113, 0.204735, 0.345816, 0.913302, -0.215153, -0.594002, 0.390592, 0.703278, 0.726342, -0.115404, 0.677576)

[28]
    Time: 0.900000
    HumanoidRootPart.CFrame = CFrame.new(0, 0, 0, 1, 0, 0, 0, 1, 0, 0, 0, 1)
    Torso.CFrame = CFrame.new(-0.259784, 0.467485, 0.00841665, 0.559502, -0.709215, -0.428919, 0.792473, 0.609344, 0.0261943, 0.242781, -0.354562, 0.902963)
    Head.CFrame = CFrame.new(5.96046e-07, 1.78814e-07, -5.96046e-08, 0.105681, 0.993222, -0.0483973, -0.994323, 0.104943, -0.0175514, -0.0123535, 0.0499774, 0.998674)
    Left Arm.CFrame = CFrame.new(0.316416, -0.148816, 0.628748, 0.221769, -0.0736551, -0.972314, -0.477079, 0.86145, -0.174071, 0.85042, 0.502474, 0.155904)
    Right Arm.CFrame = CFrame.new(0.34453, -0.38866, -0.455193, -0.0265944, -0.757978, 0.651738, 0.891012, 0.277603, 0.359213, -0.4532, 0.59026, 0.667985)
    Left Leg.CFrame = CFrame.new(-0.143591, -0.245041, -0.0568684, 0.954769, 0.174132, -0.241029, -0.246797, 0.916199, -0.315706, 0.165856, 0.360911, 0.917733)
    Right Leg.CFrame = CFrame.new(0.228441, 0.148356, 0.100306, 0.466469, 0.878257, -0.105223, -0.593116, 0.398817, 0.699398, 0.656216, -0.263838, 0.706944)

[29]
    Time: 0.933333
    HumanoidRootPart.CFrame = CFrame.new(0, 0, 0, 1, 0, 0, 0, 1, 0, 0, 0, 1)
    Torso.CFrame = CFrame.new(-0.395429, 0.522737, 0.0180583, 0.612549, -0.646667, -0.45454, 0.753364, 0.651672, 0.0881284, 0.239221, -0.396417, 0.886356)
    Head.CFrame = CFrame.new(4.47035e-07, 1.49012e-07, -3.57628e-07, 0.144944, 0.988044, -0.052531, -0.989074, 0.14613, 0.0194586, 0.0269024, 0.0491366, 0.99843)
    Left Arm.CFrame = CFrame.new(0.343211, -0.144355, 0.599922, 0.289766, -0.0680718, -0.954674, -0.463008, 0.863013, -0.20207, 0.837651, 0.500574, 0.218554)
    Right Arm.CFrame = CFrame.new(0.32307, -0.430617, -0.462791, 0.0174867, -0.758306, 0.651665, 0.881539, 0.319234, 0.347819, -0.471787, 0.568386, 0.674059)
    Left Leg.CFrame = CFrame.new(-0.0224907, -0.239974, -0.0337471, 0.984158, 0.176923, 0.0114236, -0.166143, 0.942843, -0.288865, -0.0618776, 0.282391, 0.957302)
    Right Leg.CFrame = CFrame.new(0.138547, 0.159952, 0.0671924, 0.523996, 0.846596, -0.0932943, -0.593222, 0.441365, 0.673264, 0.611159, -0.297443, 0.733493)

[30]
    Time: 0.966667
    HumanoidRootPart.CFrame = CFrame.new(0, 0, 0, 1, 0, 0, 0, 1, 0, 0, 0, 1)
    Torso.CFrame = CFrame.new(-0.516982, 0.54992, -0.0555952, 0.712292, -0.528599, -0.461761, 0.639628, 0.759735, 0.116958, 0.288992, -0.378664, 0.87926)
    Head.CFrame = CFrame.new(7.45058e-07, -5.96046e-08, 0, 0.282384, 0.957725, -0.0549777, -0.956288, 0.285574, 0.0629364, 0.075976, 0.0348022, 0.996502)
    Left Arm.CFrame = CFrame.new(0.412594, -0.126736, 0.545312, 0.428279, -0.0228855, -0.903357, -0.426378, 0.876283, -0.224344, 0.79673, 0.481253, 0.365535)
    Right Arm.CFrame = CFrame.new(0.373904, -0.458253, -0.446481, -0.0617452, -0.717743, 0.693565, 0.847206, 0.32968, 0.416597, -0.527664, 0.613315, 0.58772)
    Left Leg.CFrame = CFrame.new(0.130199, -0.155693, -0.0354501, 0.92892, 0.181017, 0.323017, -0.153381, 0.982106, -0.109279, -0.337018, 0.0519669, 0.940063)
    Right Leg.CFrame = CFrame.new(0.0893019, 0.244697, -0.00333679, 0.637345, 0.76704, -0.0737646, -0.487357, 0.475392, 0.732452, 0.596887, -0.430875, 0.676811)

[31]
    Time: 1.000000
    HumanoidRootPart.CFrame = CFrame.new(0, 0, 0, 1, 0, 0, 0, 1, 0, 0, 0, 1)
    Torso.CFrame = CFrame.new(-0.662347, 0.548933, -0.213103, 0.772645, -0.431862, -0.465311, 0.538841, 0.833672, 0.120999, 0.335662, -0.344218, 0.876838)
    Head.CFrame = CFrame.new(5.36442e-07, -2.98023e-08, 4.76837e-07, 0.388578, 0.919951, -0.0519405, -0.914702, 0.391926, 0.0985619, 0.111029, 0.00921108, 0.993775)
    Left Arm.CFrame = CFrame.new(0.462425, -0.109997, 0.483662, 0.532848, 0.0156284, -0.846066, -0.393327, 0.889834, -0.231279, 0.749244, 0.456017, 0.480294)
    Right Arm.CFrame = CFrame.new(0.426669, -0.473348, -0.470375, -0.142067, -0.679241, 0.720033, 0.817646, 0.329467, 0.472129, -0.557917, 0.655807, 0.508573)
    Left Leg.CFrame = CFrame.new(0.242601, -0.122452, -0.0815537, 0.802566, 0.227812, 0.551353, -0.24877, 0.967826, -0.0377775, -0.54222, -0.106841, 0.833417)
    Right Leg.CFrame = CFrame.new(0.371216, 0.239916, 0.0728196, 0.595332, 0.79631, -0.107103, -0.460432, 0.44735, 0.766733, 0.65847, -0.407147, 0.632968)

[32]
    Time: 1.033333
    HumanoidRootPart.CFrame = CFrame.new(0, 0, 0, 1, 0, 0, 0, 1, 0, 0, 0, 1)
    Torso.CFrame = CFrame.new(-0.759717, 0.509288, -0.403646, 0.79843, -0.382261, -0.465174, 0.474356, 0.875193, 0.0949922, 0.370805, -0.296503, 0.880108)
    Head.CFrame = CFrame.new(6.25849e-07, -1.75089e-07, 2.38419e-07, 0.451501, 0.891387, -0.0397096, -0.88055, 0.452318, 0.141564, 0.14415, -0.02895, 0.989132)
    Left Arm.CFrame = CFrame.new(0.490091, -0.103535, 0.433949, 0.585408, 0.0598269, -0.808528, -0.389188, 0.895591, -0.21552, 0.711217, 0.440837, 0.547571)
    Right Arm.CFrame = CFrame.new(0.447282, -0.473948, -0.520111, -0.179502, -0.661641, 0.728018, 0.800991, 0.331341, 0.498625, -0.571133, 0.67264, 0.470491)
    Left Leg.CFrame = CFrame.new(0.304745, -0.124904, -0.124731, 0.675194, 0.292107, 0.677338, -0.36166, 0.931401, -0.0411583, -0.642896, -0.217176, 0.73452)
    Right Leg.CFrame = CFrame.new(0.652466, 0.326655, 0.0581329, 0.545576, 0.827648, -0.131706, -0.439467, 0.416352, 0.79594, 0.713594, -0.376365, 0.590875)

[33]
    Time: 1.066667
    HumanoidRootPart.CFrame = CFrame.new(0, 0, 0, 1, 0, 0, 0, 1, 0, 0, 0, 1)
    Torso.CFrame = CFrame.new(-0.815707, 0.45644, -0.509023, 0.806734, -0.365617, -0.464225, 0.441321, 0.895213, 0.061874, 0.392958, -0.254788, 0.883554)
    Head.CFrame = CFrame.new(6.10948e-07, 5.21541e-08, 0, 0.484356, 0.874406, -0.0285194, -0.858539, 0.481331, 0.176725, 0.168256, -0.0611127, 0.983847)
    Left Arm.CFrame = CFrame.new(0.514028, -0.11029, 0.394936, 0.607009, 0.136258, -0.782927, -0.423169, 0.889321, -0.173312, 0.672658, 0.436512, 0.597485)
    Right Arm.CFrame = CFrame.new(0.446031, -0.469724, -0.529653, -0.217817, -0.648785, 0.729132, 0.775206, 0.338881, 0.533118, -0.592968, 0.68135, 0.429129)
    Left Leg.CFrame = CFrame.new(0.330227, -0.153471, -0.148987, 0.626679, 0.276726, 0.728489, -0.306294, 0.947057, -0.0962647, -0.71656, -0.162804, 0.678261)
    Right Leg.CFrame = CFrame.new(0.731093, 0.373132, 0.0343379, 0.53593, 0.831448, -0.14654, -0.437534, 0.421971, 0.794043, 0.722041, -0.361435, 0.589934)

[34]
    Time: 1.100000
    HumanoidRootPart.CFrame = CFrame.new(0, 0, 0, 1, 0, 0, 0, 1, 0, 0, 0, 1)
    Torso.CFrame = CFrame.new(-0.810694, 0.433568, -0.497013, 0.807774, -0.364227, -0.463509, 0.432192, 0.900635, 0.0454738, 0.400889, -0.237057, 0.884925)
    Head.CFrame = CFrame.new(5.51343e-07, -6.70552e-08, -3.57628e-07, 0.519165, 0.854612, -0.0103151, -0.843072, 0.514062, 0.158017, 0.140346, -0.0733408, 0.987383)
    Left Arm.CFrame = CFrame.new(0.541611, -0.130541, 0.35021, 0.616041, 0.24986, -0.747036, -0.48358, 0.868578, -0.108271, 0.621806, 0.427951, 0.655907)
    Right Arm.CFrame = CFrame.new(0.426914, -0.511351, -0.428692, -0.279905, -0.602584, 0.747359, 0.769029, 0.325261, 0.550273, -0.574672, 0.728765, 0.372362)
    Left Leg.CFrame = CFrame.new(0.321292, -0.166061, -0.140552, 0.649131, 0.270425, 0.710985, -0.266184, 0.956333, -0.120718, -0.712584, -0.110891, 0.692768)
    Right Leg.CFrame = CFrame.new(0.732579, 0.408276, 0.0112857, 0.553994, 0.818, -0.154813, -0.417469, 0.433842, 0.798436, 0.720285, -0.377699, 0.581836)

[35]
    Time: 1.133333
    HumanoidRootPart.CFrame = CFrame.new(0, 0, 0, 1, 0, 0, 0, 1, 0, 0, 0, 1)
    Torso.CFrame = CFrame.new(-0.640508, 0.435946, -0.311768, 0.782214, -0.456535, -0.423931, 0.519222, 0.853767, 0.038611, 0.344311, -0.250317, 0.904871)
    Head.CFrame = CFrame.new(5.36442e-07, -9.03383e-08, 3.57628e-07, 0.492886, 0.870082, 0.00449498, -0.866262, 0.490225, 0.0962781, 0.0815664, -0.0513481, 0.995344)
    Left Arm.CFrame = CFrame.new(0.51939, -0.169133, 0.32532, 0.548042, 0.35763, -0.756142, -0.561527, 0.82731, -0.0156966, 0.61995, 0.433196, 0.65422)
    Right Arm.CFrame = CFrame.new(0.274587, -0.528117, 0.00128603, -0.294326, -0.540142, 0.788428, 0.761591, 0.365826, 0.53493, -0.577366, 0.757904, 0.303695)
    Left Leg.CFrame = CFrame.new(0.247356, -0.187952, -0.0851879, 0.781832, 0.274587, 0.559769, -0.208328, 0.961249, -0.180554, -0.587655, 0.0245473, 0.808739)
    Right Leg.CFrame = CFrame.new(0.455269, 0.401569, 0.0576533, 0.568903, 0.787967, -0.235494, -0.354805, 0.49349, 0.794092, 0.741932, -0.368207, 0.560322)

[36]
    Time: 1.166667
    HumanoidRootPart.CFrame = CFrame.new(0, 0, 0, 1, 0, 0, 0, 1, 0, 0, 0, 1)
    Torso.CFrame = CFrame.new(-0.510767, 0.413581, -0.227038, 0.753698, -0.549375, -0.36073, 0.600967, 0.798277, 0.0399008, 0.266042, -0.24686, 0.931816)
    Head.CFrame = CFrame.new(5.96046e-07, 7.45058e-09, -1.78814e-07, 0.492107, 0.87053, 0.00278245, -0.870523, 0.492081, 0.00677845, 0.0045316, -0.00575795, 0.999973)
    Left Arm.CFrame = CFrame.new(0.487659, -0.212251, 0.256925, 0.505471, 0.490437, -0.709909, -0.626709, 0.774198, 0.0886199, 0.593072, 0.400111, 0.698696)
    Right Arm.CFrame = CFrame.new(0.123901, -0.291283, 0.179811, -0.16011, -0.497104, 0.852791, 0.645943, 0.600511, 0.471321, -0.746406, 0.626318, 0.224953)
    Left Leg.CFrame = CFrame.new(0.119549, -0.175601, -0.0249979, 0.901393, 0.25259, 0.351694, -0.186121, 0.959381, -0.212008, -0.39096, 0.125645, 0.911792)
    Right Leg.CFrame = CFrame.new(0.29443, 0.400824, 0.0901341, 0.521544, 0.791727, -0.318057, -0.354443, 0.540125, 0.763305, 0.77612, -0.285365, 0.562321)

[37]
    Time: 1.200000
    HumanoidRootPart.CFrame = CFrame.new(0, 0, 0, 1, 0, 0, 0, 1, 0, 0, 0, 1)
    Torso.CFrame = CFrame.new(-0.401538, 0.370964, -0.191879, 0.75355, -0.587608, -0.294752, 0.627329, 0.776794, 0.0552124, 0.196519, -0.226512, 0.953977)
    Head.CFrame = CFrame.new(5.66244e-07, -1.49012e-08, -5.96046e-08, 0.561858, 0.827233, -0.00100228, -0.823072, 0.55891, -0.100859, -0.0828737, 0.0574933, 0.9949)
    Left Arm.CFrame = CFrame.new(0.504806, -0.259755, 0.161031, 0.504312, 0.684632, -0.52626, -0.710323, 0.675448, 0.198019, 0.491031, 0.273951, 0.826946)
    Right Arm.CFrame = CFrame.new(0.0340781, -0.140455, 0.195637, -0.00981006, -0.458243, 0.888773, 0.51617, 0.758924, 0.396992, -0.85643, 0.462652, 0.229086)
    Left Leg.CFrame = CFrame.new(-0.271953, -0.0382695, 0.0714802, 0.982684, 0.0361865, 0.181719, 0.00163525, 0.979012, -0.203796, -0.18528, 0.200564, 0.962001)
    Right Leg.CFrame = CFrame.new(0.284343, 0.364235, 0.142073, 0.487442, 0.804892, -0.33845, -0.441516, 0.561619, 0.699748, 0.753302, -0.191656, 0.62913)

[38]
    Time: 1.233333
    HumanoidRootPart.CFrame = CFrame.new(0, 0, 0, 1, 0, 0, 0, 1, 0, 0, 0, 1)
    Torso.CFrame = CFrame.new(-0.252707, 0.279986, -0.228205, 0.77013, -0.598133, -0.221668, 0.623053, 0.779848, 0.0603575, 0.136765, -0.184594, 0.973253)
    Head.CFrame = CFrame.new(5.21541e-07, 2.98023e-08, -5.96046e-08, 0.655851, 0.754839, 0.0087692, -0.741624, 0.64645, -0.179155, -0.140902, 0.110995, 0.983782)
    Left Arm.CFrame = CFrame.new(0.525349, -0.332039, 0.0354444, 0.462884, 0.859516, -0.216727, -0.819996, 0.508064, 0.263587, 0.336668, 0.055705, 0.939974)
    Right Arm.CFrame = CFrame.new(-0.0941318, -0.118234, 0.164507, 0.17119, -0.490961, 0.854196, 0.465622, 0.804379, 0.369012, -0.868268, 0.334562, 0.366304)
    Left Leg.CFrame = CFrame.new(-0.366198, 0.00510716, 0.0272017, 0.990447, -0.122803, 0.062732, 0.128994, 0.985892, -0.106664, -0.0487484, 0.113737, 0.992314)
    Right Leg.CFrame = CFrame.new(0.29014, 0.195412, 0.193789, 0.427579, 0.856831, -0.288127, -0.65163, 0.513055, 0.558706, 0.626542, -0.0511383, 0.777708)

[39]
    Time: 1.266667
