[1]
    Time: 0.000000
    HumanoidRootPart.CFrame = CFrame.new(0, 0, 0, 1, 0, 0, 0, 1, 0, 0, 0, 1)
    Torso.CFrame = CFrame.new(0, -0.071525, -0.102051, 1, 2.38419e-07, -8.74228e-08, -2.45117e-07, 0.996212, -0.0869541, 6.63602e-08, 0.0869541, 0.996212)
    Head.CFrame = CFrame.new(8.38772e-08, 1.49012e-08, 0.0166624, 0.999955, -0.00949389, -0.000759648, 0.00952362, 0.995795, 0.0911089, -0.000108534, -0.091112, 0.995841)
    Left Leg.CFrame = CFrame.new(-0.166889, 0.0983951, 0.124658, 0.900642, -0.0961131, 0.423799, 0.10161, 0.994777, 0.00966798, -0.422515, 0.0343546, 0.905705)
    Right Arm.CFrame = CFrame.new(0.0221921, -0.438966, -0.0189133, 0.999999, -0.000205878, 0.00138032, 1.1131e-05, 0.990204, 0.139626, -0.00139554, -0.139627, 0.990203)
    Right Leg.CFrame = CFrame.new(0.166874, 0.0983854, 0.124651, 0.900643, 0.0961101, -0.423798, -0.101606, 0.994778, 0.00966798, 0.422514, 0.0343531, 0.905705)
    Left Arm.CFrame = CFrame.new(-0.0221917, -0.438967, -0.0189131, 0.999999, 0.000205811, -0.00137986, -1.10791e-05, 0.990204, 0.139626, 0.00139505, -0.139626, 0.990203)

[2]
    Time: 0.033333
    HumanoidRootPart.CFrame = CFrame.new(0, 0, 0, 1, 0, 0, 0, 1, 0, 0, 0, 1)
    Torso.CFrame = CFrame.new(0, -0.071525, -0.102051, 1, 2.38419e-07, -8.74228e-08, -2.45117e-07, 0.996212, -0.0869541, 6.63602e-08, 0.0869541, 0.996212)
    Head.CFrame = CFrame.new(8.38772e-08, 1.49012e-08, 0.0166624, 0.999955, -0.00949389, -0.000759648, 0.00952362, 0.995795, 0.0911089, -0.000108534, -0.091112, 0.995841)
    Left Leg.CFrame = CFrame.new(-0.166889, 0.0983951, 0.124658, 0.900642, -0.0961131, 0.423799, 0.10161, 0.994777, 0.00966798, -0.422515, 0.0343546, 0.905705)
    Right Arm.CFrame = CFrame.new(0.0221921, -0.438966, -0.0189133, 0.999999, -0.000205878, 0.00138032, 1.1131e-05, 0.990204, 0.139626, -0.00139554, -0.139627, 0.990203)
    Right Leg.CFrame = CFrame.new(0.166874, 0.0983854, 0.124651, 0.900643, 0.0961101, -0.423798, -0.101606, 0.994778, 0.00966798, 0.422514, 0.0343531, 0.905705)
    Left Arm.CFrame = CFrame.new(-0.0221917, -0.438967, -0.0189131, 0.999999, 0.000205811, -0.00137986, -1.10791e-05, 0.990204, 0.139626, 0.00139505, -0.139626, 0.990203)

[3]
    Time: 0.066667
    HumanoidRootPart.CFrame = CFrame.new(0, 0, 0, 1, 0, 0, 0, 1, 0, 0, 0, 1)
    Torso.CFrame = CFrame.new(0, -0.071525, -0.102051, 1, 2.38419e-07, -8.74228e-08, -2.45117e-07, 0.996212, -0.0869541, 6.63602e-08, 0.0869541, 0.996212)
    Head.CFrame = CFrame.new(8.38772e-08, 1.49012e-08, 0.0166624, 0.999955, -0.00949389, -0.000759648, 0.00952362, 0.995795, 0.0911089, -0.000108534, -0.091112, 0.995841)
    Left Leg.CFrame = CFrame.new(-0.166889, 0.0983951, 0.124658, 0.900642, -0.0961131, 0.423799, 0.10161, 0.994777, 0.00966798, -0.422515, 0.0343546, 0.905705)
    Right Arm.CFrame = CFrame.new(0.0221921, -0.438966, -0.0189133, 0.999999, -0.000205878, 0.00138032, 1.1131e-05, 0.990204, 0.139626, -0.00139554, -0.139627, 0.990203)
    Right Leg.CFrame = CFrame.new(0.166874, 0.0983854, 0.124651, 0.900643, 0.0961101, -0.423798, -0.101606, 0.994778, 0.00966798, 0.422514, 0.0343531, 0.905705)
    Left Arm.CFrame = CFrame.new(-0.0221917, -0.438967, -0.0189131, 0.999999, 0.000205811, -0.00137986, -1.10791e-05, 0.990204, 0.139626, 0.00139505, -0.139626, 0.990203)

[4]
    Time: 0.100000
    HumanoidRootPart.CFrame = CFrame.new(0, 0, 0, 1, 0, 0, 0, 1, 0, 0, 0, 1)
    Torso.CFrame = CFrame.new(0, -0.071525, -0.102051, 1, 2.38419e-07, -8.74228e-08, -2.45117e-07, 0.996212, -0.0869541, 6.63602e-08, 0.0869541, 0.996212)
    Head.CFrame = CFrame.new(8.38772e-08, 1.49012e-08, 0.0166624, 0.999955, -0.00949389, -0.000759648, 0.00952362, 0.995795, 0.0911089, -0.000108534, -0.091112, 0.995841)
    Left Leg.CFrame = CFrame.new(-0.166889, 0.0983951, 0.124658, 0.900642, -0.0961131, 0.423799, 0.10161, 0.994777, 0.00966798, -0.422515, 0.0343546, 0.905705)
    Right Arm.CFrame = CFrame.new(0.0221921, -0.438966, -0.0189133, 0.999999, -0.000205878, 0.00138032, 1.1131e-05, 0.990204, 0.139626, -0.00139554, -0.139627, 0.990203)
    Right Leg.CFrame = CFrame.new(0.166874, 0.0983854, 0.124651, 0.900643, 0.0961101, -0.423798, -0.101606, 0.994778, 0.00966798, 0.422514, 0.0343531, 0.905705)
    Left Arm.CFrame = CFrame.new(-0.0221917, -0.438967, -0.0189131, 0.999999, 0.000205811, -0.00137986, -1.10791e-05, 0.990204, 0.139626, 0.00139505, -0.139626, 0.990203)

[5]
    Time: 0.133333
    HumanoidRootPart.CFrame = CFrame.new(0, 0, 0, 1, 0, 0, 0, 1, 0, 0, 0, 1)
    Torso.CFrame = CFrame.new(0, -0.071525, -0.102051, 1, 2.38419e-07, -8.74228e-08, -2.45117e-07, 0.996212, -0.0869541, 6.63602e-08, 0.0869541, 0.996212)
    Head.CFrame = CFrame.new(8.38772e-08, 1.49012e-08, 0.0166624, 0.999955, -0.00949389, -0.000759648, 0.00952362, 0.995795, 0.0911089, -0.000108534, -0.091112, 0.995841)
    Left Leg.CFrame = CFrame.new(-0.166889, 0.0983951, 0.124658, 0.900642, -0.0961131, 0.423799, 0.10161, 0.994777, 0.00966798, -0.422515, 0.0343546, 0.905705)
    Right Arm.CFrame = CFrame.new(0.0221921, -0.438966, -0.0189133, 0.999999, -0.000205878, 0.00138032, 1.1131e-05, 0.990204, 0.139626, -0.00139554, -0.139627, 0.990203)
    Right Leg.CFrame = CFrame.new(0.166874, 0.0983854, 0.124651, 0.900643, 0.0961101, -0.423798, -0.101606, 0.994778, 0.00966798, 0.422514, 0.0343531, 0.905705)
    Left Arm.CFrame = CFrame.new(-0.0221917, -0.438967, -0.0189131, 0.999999, 0.000205811, -0.00137986, -1.10791e-05, 0.990204, 0.139626, 0.00139505, -0.139626, 0.990203)

[6]
    Time: 0.166667
    HumanoidRootPart.CFrame = CFrame.new(0, 0, 0, 1, 0, 0, 0, 1, 0, 0, 0, 1)
    Torso.CFrame = CFrame.new(0, -0.162269, -0.323663, 1, 2.38419e-07, -8.74228e-08, -2.50979e-07, 0.980349, -0.197273, 3.86713e-08, 0.197273, 0.980349)
    Head.CFrame = CFrame.new(9.18226e-08, -0.0320315, -0.0780687, 0.999955, -0.00949389, -0.000759676, 0.0094524, 0.979472, 0.201361, -0.00116763, -0.201359, 0.979517)
    Left Leg.CFrame = CFrame.new(-0.415355, 0.292822, 0.253336, 0.896666, -0.132655, 0.422365, 0.163192, 0.985908, -0.0368004, -0.411531, 0.101924, 0.905678)
    Right Arm.CFrame = CFrame.new(0.066977, -0.562617, 0.0905231, 0.957899, -0.269727, -0.0983718, 0.284913, 0.850776, 0.441594, -0.0354174, -0.45103, 0.891806)
    Right Leg.CFrame = CFrame.new(0.41535, 0.292812, 0.253333, 0.896668, 0.132647, -0.422365, -0.163183, 0.985909, -0.0368004, 0.411532, 0.10192, 0.905679)
    Left Arm.CFrame = CFrame.new(-0.0669766, -0.562617, 0.0905233, 0.957899, 0.269727, 0.0983722, -0.284913, 0.850776, 0.441594, 0.0354169, -0.45103, 0.891806)

[7]
    Time: 0.200000
    HumanoidRootPart.CFrame = CFrame.new(0, 0, 0, 1, 0, 0, 0, 1, 0, 0, 0, 1)
    Torso.CFrame = CFrame.new(0, -0.183434, -0.249444, 1, 2.38419e-07, -8.74228e-08, -2.5191e-07, 0.974818, -0.223004, 3.20531e-08, 0.223004, 0.974818)
    Head.CFrame = CFrame.new(9.17644e-08, -0.0320316, -0.0780689, 0.999955, -0.00949389, -0.000759682, 0.0094184, 0.973833, 0.227068, -0.00141597, -0.227065, 0.973879)
    Left Leg.CFrame = CFrame.new(-0.329022, 0.238482, 0.213975, 0.905651, -0.053661, 0.420615, 0.0827674, 0.995251, -0.05124, -0.415867, 0.0812187, 0.905791)
    Right Arm.CFrame = CFrame.new(0.104059, -0.567302, 0.0642009, 0.952516, -0.277966, -0.124291, 0.29736, 0.76138, 0.576088, -0.0655007, -0.585692, 0.807883)
    Right Leg.CFrame = CFrame.new(0.329015, 0.238472, 0.213971, 0.905652, 0.0536541, -0.420614, -0.08276, 0.995251, -0.05124, 0.415868, 0.0812155, 0.905792)
    Left Arm.CFrame = CFrame.new(-0.104058, -0.567303, 0.0642008, 0.952516, 0.277966, 0.124291, -0.29736, 0.76138, 0.576088, 0.0655002, -0.585692, 0.807883)

[8]
    Time: 0.233333
    HumanoidRootPart.CFrame = CFrame.new(0, 0, 0, 1, 0, 0, 0, 1, 0, 0, 0, 1)
    Torso.CFrame = CFrame.new(0, -0.183434, -0.249444, 1, 2.38419e-07, -8.74228e-08, -2.5191e-07, 0.974818, -0.223004, 3.20531e-08, 0.223004, 0.974818)
    Head.CFrame = CFrame.new(8.86794e-08, -0.00973114, 0.0194131, 0.999955, -0.00949389, -0.000759682, 0.0094184, 0.973833, 0.227068, -0.00141597, -0.227065, 0.973879)
    Left Leg.CFrame = CFrame.new(-0.329022, 0.238482, 0.213975, 0.905651, -0.053661, 0.420615, 0.0827674, 0.995251, -0.05124, -0.415867, 0.0812187, 0.905791)
    Right Arm.CFrame = CFrame.new(0.104059, -0.567302, 0.0642009, 0.952516, -0.277966, -0.124291, 0.29736, 0.76138, 0.576088, -0.0655007, -0.585692, 0.807883)
    Right Leg.CFrame = CFrame.new(0.329015, 0.238472, 0.213971, 0.905652, 0.0536541, -0.420614, -0.08276, 0.995251, -0.05124, 0.415868, 0.0812155, 0.905792)
    Left Arm.CFrame = CFrame.new(-0.104058, -0.567303, 0.0642008, 0.952516, 0.277966, 0.124291, -0.29736, 0.76138, 0.576088, 0.0655002, -0.585692, 0.807883)

[9]
    Time: 0.266667
    HumanoidRootPart.CFrame = CFrame.new(0, 0, 0, 1, 0, 0, 0, 1, 0, 0, 0, 1)
    Torso.CFrame = CFrame.new(0, -0.183434, -0.249444, 1, 2.38419e-07, -8.74228e-08, -2.5191e-07, 0.974818, -0.223004, 3.20531e-08, 0.223004, 0.974818)
    Head.CFrame = CFrame.new(8.86794e-08, -0.00973114, 0.0194131, 0.999955, -0.00949389, -0.000759682, 0.0094184, 0.973833, 0.227068, -0.00141597, -0.227065, 0.973879)
    Left Leg.CFrame = CFrame.new(-0.329022, 0.238482, 0.213975, 0.905651, -0.053661, 0.420615, 0.0827674, 0.995251, -0.05124, -0.415867, 0.0812187, 0.905791)
    Right Arm.CFrame = CFrame.new(0.104059, -0.567302, 0.0642009, 0.952516, -0.277966, -0.124291, 0.29736, 0.76138, 0.576088, -0.0655007, -0.585692, 0.807883)
    Right Leg.CFrame = CFrame.new(0.329015, 0.238472, 0.213971, 0.905652, 0.0536541, -0.420614, -0.08276, 0.995251, -0.05124, 0.415868, 0.0812155, 0.905792)
    Left Arm.CFrame = CFrame.new(-0.104058, -0.567303, 0.0642008, 0.952516, 0.277966, 0.124291, -0.29736, 0.76138, 0.576088, 0.0655002, -0.585692, 0.807883)

[10]
    Time: 0.300000
    HumanoidRootPart.CFrame = CFrame.new(0, 0, 0, 1, 0, 0, 0, 1, 0, 0, 0, 1)
    Torso.CFrame = CFrame.new(0, -0.183434, -0.249444, 1, 2.38419e-07, -8.74228e-08, -2.5191e-07, 0.974818, -0.223004, 3.20531e-08, 0.223004, 0.974818)
    Head.CFrame = CFrame.new(8.86794e-08, -0.00973114, 0.0194131, 0.999955, -0.00949389, -0.000759682, 0.0094184, 0.973833, 0.227068, -0.00141597, -0.227065, 0.973879)
    Left Leg.CFrame = CFrame.new(-0.329022, 0.238482, 0.213975, 0.905651, -0.053661, 0.420615, 0.0827674, 0.995251, -0.05124, -0.415867, 0.0812187, 0.905791)
    Right Arm.CFrame = CFrame.new(0.104059, -0.567302, 0.0642009, 0.952516, -0.277966, -0.124291, 0.29736, 0.76138, 0.576088, -0.0655007, -0.585692, 0.807883)
    Right Leg.CFrame = CFrame.new(0.329015, 0.238472, 0.213971, 0.905652, 0.0536541, -0.420614, -0.08276, 0.995251, -0.05124, 0.415868, 0.0812155, 0.905792)
    Left Arm.CFrame = CFrame.new(-0.104058, -0.567303, 0.0642008, 0.952516, 0.277966, 0.124291, -0.29736, 0.76138, 0.576088, 0.0655002, -0.585692, 0.807883)

[11]
    Time: 0.333333
    HumanoidRootPart.CFrame = CFrame.new(0, 0, 0, 1, 0, 0, 0, 1, 0, 0, 0, 1)
    Torso.CFrame = CFrame.new(0, -0.183434, -0.249444, 1, 2.38419e-07, -8.74228e-08, -2.5191e-07, 0.974818, -0.223004, 3.20531e-08, 0.223004, 0.974818)
    Head.CFrame = CFrame.new(8.86794e-08, -0.00973114, 0.0194131, 0.999955, -0.00949389, -0.000759682, 0.0094184, 0.973833, 0.227068, -0.00141597, -0.227065, 0.973879)
    Left Leg.CFrame = CFrame.new(-0.329022, 0.238482, 0.213975, 0.905651, -0.053661, 0.420615, 0.0827674, 0.995251, -0.05124, -0.415867, 0.0812187, 0.905791)
    Right Arm.CFrame = CFrame.new(0.104059, -0.567302, 0.0642009, 0.952516, -0.277966, -0.124291, 0.29736, 0.76138, 0.576088, -0.0655007, -0.585692, 0.807883)
    Right Leg.CFrame = CFrame.new(0.329015, 0.238472, 0.213971, 0.905652, 0.0536541, -0.420614, -0.08276, 0.995251, -0.05124, 0.415868, 0.0812155, 0.905792)
    Left Arm.CFrame = CFrame.new(-0.104058, -0.567303, 0.0642008, 0.952516, 0.277966, 0.124291, -0.29736, 0.76138, 0.576088, 0.0655002, -0.585692, 0.807883)

[12]
    Time: 0.366667
    HumanoidRootPart.CFrame = CFrame.new(0, 0, 0, 1, 0, 0, 0, 1, 0, 0, 0, 1)
    Torso.CFrame = CFrame.new(-1.77636e-15, -0.048401, -0.0248351, 1, 2.38419e-07, -8.74228e-08, -2.4315e-07, 0.998267, -0.0588419, 7.32423e-08, 0.0588419, 0.998267)
    Head.CFrame = CFrame.new(5.68398e-08, -3.72529e-09, 0.0166618, 0.999955, -0.00949385, -0.000759664, 0.00952296, 0.997968, 0.0630056, 0.000159886, -0.0630099, 0.998013)
    Left Leg.CFrame = CFrame.new(0.0467308, 0.0364043, 0.0248964, 0.905905, -0.010843, 0.423342, 0.00220778, 0.99978, 0.0208827, -0.423475, -0.017983, 0.905729)
    Right Arm.CFrame = CFrame.new(0.0568111, -0.38848, -0.0480503, 0.994938, -0.0698717, -0.0722188, 0.0778687, 0.990354, 0.114608, 0.0635143, -0.119651, 0.990782)
    Right Leg.CFrame = CFrame.new(-0.0467471, 0.0363994, 0.024889, 0.905905, 0.0108447, -0.423342, -0.00220971, 0.99978, 0.0208828, 0.423475, -0.0179824, 0.90573)
    Left Arm.CFrame = CFrame.new(-0.0568107, -0.38848, -0.0480502, 0.994938, 0.0698717, 0.0722192, -0.0778687, 0.990354, 0.114607, -0.0635148, -0.119651, 0.990782)

[13]
    Time: 0.400000
    HumanoidRootPart.CFrame = CFrame.new(0, 0, 0, 1, 0, 0, 0, 1, 0, 0, 0, 1)
    Torso.CFrame = CFrame.new(0, -0.071525, -0.102051, 1, 2.38419e-07, -8.74228e-08, -2.45117e-07, 0.996212, -0.0869541, 6.63602e-08, 0.0869541, 0.996212)
    Head.CFrame = CFrame.new(8.38772e-08, 1.49012e-08, 0.0166624, 0.999955, -0.00949389, -0.000759648, 0.00952362, 0.995795, 0.0911089, -0.000108534, -0.091112, 0.995841)
    Left Leg.CFrame = CFrame.new(-0.166889, 0.0983951, 0.124658, 0.900642, -0.0961131, 0.423799, 0.10161, 0.994777, 0.00966798, -0.422515, 0.0343546, 0.905705)
    Right Arm.CFrame = CFrame.new(0.0221921, -0.438966, -0.0189133, 0.999999, -0.000205878, 0.00138032, 1.1131e-05, 0.990204, 0.139626, -0.00139554, -0.139627, 0.990203)
    Right Leg.CFrame = CFrame.new(0.166874, 0.0983854, 0.124651, 0.900643, 0.0961101, -0.423798, -0.101606, 0.994778, 0.00966798, 0.422514, 0.0343531, 0.905705)
    Left Arm.CFrame = CFrame.new(-0.0221917, -0.438967, -0.0189131, 0.999999, 0.000205811, -0.00137986, -1.10791e-05, 0.990204, 0.139626, 0.00139505, -0.139626, 0.990203)

[14]
    Time: 0.433333
    HumanoidRootPart.CFrame = CFrame.new(0, 0, 0, 1, 0, 0, 0, 1, 0, 0, 0, 1)
    Torso.CFrame = CFrame.new(0, -0.071525, -0.102051, 1, 2.38419e-07, -8.74228e-08, -2.45117e-07, 0.996212, -0.0869541, 6.63602e-08, 0.0869541, 0.996212)
    Head.CFrame = CFrame.new(8.38772e-08, 1.49012e-08, 0.0166624, 0.999955, -0.00949389, -0.000759648, 0.00952362, 0.995795, 0.0911089, -0.000108534, -0.091112, 0.995841)
    Left Leg.CFrame = CFrame.new(-0.166889, 0.0983951, 0.124658, 0.900642, -0.0961131, 0.423799, 0.10161, 0.994777, 0.00966798, -0.422515, 0.0343546, 0.905705)
    Right Arm.CFrame = CFrame.new(0.0221921, -0.438966, -0.0189133, 0.999999, -0.000205878, 0.00138032, 1.1131e-05, 0.990204, 0.139626, -0.00139554, -0.139627, 0.990203)
    Right Leg.CFrame = CFrame.new(0.166874, 0.0983854, 0.124651, 0.900643, 0.0961101, -0.423798, -0.101606, 0.994778, 0.00966798, 0.422514, 0.0343531, 0.905705)
    Left Arm.CFrame = CFrame.new(-0.0221917, -0.438967, -0.0189131, 0.999999, 0.000205811, -0.00137986, -1.10791e-05, 0.990204, 0.139626, 0.00139505, -0.139626, 0.990203)

[15]
    Time: 0.466667
    HumanoidRootPart.CFrame = CFrame.new(0, 0, 0, 1, 0, 0, 0, 1, 0, 0, 0, 1)
    Torso.CFrame = CFrame.new(0, -0.071525, -0.102051, 1, 2.38419e-07, -8.74228e-08, -2.45117e-07, 0.996212, -0.0869541, 6.63602e-08, 0.0869541, 0.996212)
    Head.CFrame = CFrame.new(8.38772e-08, 1.49012e-08, 0.0166624, 0.999955, -0.00949389, -0.000759648, 0.00952362, 0.995795, 0.0911089, -0.000108534, -0.091112, 0.995841)
    Left Leg.CFrame = CFrame.new(-0.166889, 0.0983951, 0.124658, 0.900642, -0.0961131, 0.423799, 0.10161, 0.994777, 0.00966798, -0.422515, 0.0343546, 0.905705)
    Right Arm.CFrame = CFrame.new(0.0221921, -0.438966, -0.0189133, 0.999999, -0.000205878, 0.00138032, 1.1131e-05, 0.990204, 0.139626, -0.00139554, -0.139627, 0.990203)
    Right Leg.CFrame = CFrame.new(0.166874, 0.0983854, 0.124651, 0.900643, 0.0961101, -0.423798, -0.101606, 0.994778, 0.00966798, 0.422514, 0.0343531, 0.905705)
    Left Arm.CFrame = CFrame.new(-0.0221917, -0.438967, -0.0189131, 0.999999, 0.000205811, -0.00137986, -1.10791e-05, 0.990204, 0.139626, 0.00139505, -0.139626, 0.990203)

[16]
    Time: 0.500000
    HumanoidRootPart.CFrame = CFrame.new(0, 0, 0, 1, 0, 0, 0, 1, 0, 0, 0, 1)
    Torso.CFrame = CFrame.new(0, -0.071525, -0.102051, 1, 2.38419e-07, -8.74228e-08, -2.45117e-07, 0.996212, -0.0869541, 6.63602e-08, 0.0869541, 0.996212)
    Head.CFrame = CFrame.new(8.38772e-08, 1.49012e-08, 0.0166624, 0.999955, -0.00949389, -0.000759648, 0.00952362, 0.995795, 0.0911089, -0.000108534, -0.091112, 0.995841)
    Left Leg.CFrame = CFrame.new(-0.166889, 0.0983951, 0.124658, 0.900642, -0.0961131, 0.423799, 0.10161, 0.994777, 0.00966798, -0.422515, 0.0343546, 0.905705)
    Right Arm.CFrame = CFrame.new(0.0221921, -0.438966, -0.0189133, 0.999999, -0.000205878, 0.00138032, 1.1131e-05, 0.990204, 0.139626, -0.00139554, -0.139627, 0.990203)
    Right Leg.CFrame = CFrame.new(0.166874, 0.0983854, 0.124651, 0.900643, 0.0961101, -0.423798, -0.101606, 0.994778, 0.00966798, 0.422514, 0.0343531, 0.905705)
    Left Arm.CFrame = CFrame.new(-0.0221917, -0.438967, -0.0189131, 0.999999, 0.000205811, -0.00137986, -1.10791e-05, 0.990204, 0.139626, 0.00139505, -0.139626, 0.990203)

[17]
    Time: 0.533333
    HumanoidRootPart.CFrame = CFrame.new(0, 0, 0, 1, 0, 0, 0, 1, 0, 0, 0, 1)
    Torso.CFrame = CFrame.new(0, -0.071525, -0.102051, 1, 2.38419e-07, -8.74228e-08, -2.45117e-07, 0.996212, -0.0869541, 6.63602e-08, 0.0869541, 0.996212)
    Head.CFrame = CFrame.new(8.38772e-08, 1.49012e-08, 0.0166624, 0.999955, -0.00949389, -0.000759648, 0.00952362, 0.995795, 0.0911089, -0.000108534, -0.091112, 0.995841)
    Left Leg.CFrame = CFrame.new(-0.166889, 0.0983951, 0.124658, 0.900642, -0.0961131, 0.423799, 0.10161, 0.994777, 0.00966798, -0.422515, 0.0343546, 0.905705)
    Right Arm.CFrame = CFrame.new(0.0221921, -0.438966, -0.0189133, 0.999999, -0.000205878, 0.00138032, 1.1131e-05, 0.990204, 0.139626, -0.00139554, -0.139627, 0.990203)
    Right Leg.CFrame = CFrame.new(0.166874, 0.0983854, 0.124651, 0.900643, 0.0961101, -0.423798, -0.101606, 0.994778, 0.00966798, 0.422514, 0.0343531, 0.905705)
    Left Arm.CFrame = CFrame.new(-0.0221917, -0.438967, -0.0189131, 0.999999, 0.000205811, -0.00137986, -1.10791e-05, 0.990204, 0.139626, 0.00139505, -0.139626, 0.990203)

[18]
    Time: 0.566667
    HumanoidRootPart.CFrame = CFrame.new(0, 0, 0, 1, 0, 0, 0, 1, 0, 0, 0, 1)
    Torso.CFrame = CFrame.new(0, -0.162269, -0.323663, 1, 2.38419e-07, -8.74228e-08, -2.50979e-07, 0.980349, -0.197273, 3.86713e-08, 0.197273, 0.980349)
    Head.CFrame = CFrame.new(9.18226e-08, -0.0320315, -0.0780687, 0.999955, -0.00949389, -0.000759676, 0.0094524, 0.979472, 0.201361, -0.00116763, -0.201359, 0.979517)
    Left Leg.CFrame = CFrame.new(-0.415355, 0.292822, 0.253336, 0.896666, -0.132655, 0.422365, 0.163192, 0.985908, -0.0368004, -0.411531, 0.101924, 0.905678)
    Right Arm.CFrame = CFrame.new(0.066977, -0.562617, 0.0905231, 0.957899, -0.269727, -0.0983718, 0.284913, 0.850776, 0.441594, -0.0354174, -0.45103, 0.891806)
    Right Leg.CFrame = CFrame.new(0.41535, 0.292812, 0.253333, 0.896668, 0.132647, -0.422365, -0.163183, 0.985909, -0.0368004, 0.411532, 0.10192, 0.905679)
    Left Arm.CFrame = CFrame.new(-0.0669766, -0.562617, 0.0905233, 0.957899, 0.269727, 0.0983722, -0.284913, 0.850776, 0.441594, 0.0354169, -0.45103, 0.891806)

[19]
    Time: 0.600000
    HumanoidRootPart.CFrame = CFrame.new(0, 0, 0, 1, 0, 0, 0, 1, 0, 0, 0, 1)
    Torso.CFrame = CFrame.new(0, -0.183434, -0.249444, 1, 2.38419e-07, -8.74228e-08, -2.5191e-07, 0.974818, -0.223004, 3.20531e-08, 0.223004, 0.974818)
    Head.CFrame = CFrame.new(9.17644e-08, -0.0320316, -0.0780689, 0.999955, -0.00949389, -0.000759682, 0.0094184, 0.973833, 0.227068, -0.00141597, -0.227065, 0.973879)
    Left Leg.CFrame = CFrame.new(-0.329022, 0.238482, 0.213975, 0.905651, -0.053661, 0.420615, 0.0827674, 0.995251, -0.05124, -0.415867, 0.0812187, 0.905791)
    Right Arm.CFrame = CFrame.new(0.104059, -0.567302, 0.0642009, 0.952516, -0.277966, -0.124291, 0.29736, 0.76138, 0.576088, -0.0655007, -0.585692, 0.807883)
    Right Leg.CFrame = CFrame.new(0.329015, 0.238472, 0.213971, 0.905652, 0.0536541, -0.420614, -0.08276, 0.995251, -0.05124, 0.415868, 0.0812155, 0.905792)
    Left Arm.CFrame = CFrame.new(-0.104058, -0.567303, 0.0642008, 0.952516, 0.277966, 0.124291, -0.29736, 0.76138, 0.576088, 0.0655002, -0.585692, 0.807883)

[20]
    Time: 0.633333
    HumanoidRootPart.CFrame = CFrame.new(0, 0, 0, 1, 0, 0, 0, 1, 0, 0, 0, 1)
    Torso.CFrame = CFrame.new(0, -0.183434, -0.249444, 1, 2.38419e-07, -8.74228e-08, -2.5191e-07, 0.974818, -0.223004, 3.20531e-08, 0.223004, 0.974818)
    Head.CFrame = CFrame.new(8.86794e-08, -0.00973114, 0.0194131, 0.999955, -0.00949389, -0.000759682, 0.0094184, 0.973833, 0.227068, -0.00141597, -0.227065, 0.973879)
    Left Leg.CFrame = CFrame.new(-0.329022, 0.238482, 0.213975, 0.905651, -0.053661, 0.420615, 0.0827674, 0.995251, -0.05124, -0.415867, 0.0812187, 0.905791)
    Right Arm.CFrame = CFrame.new(0.104059, -0.567302, 0.0642009, 0.952516, -0.277966, -0.124291, 0.29736, 0.76138, 0.576088, -0.0655007, -0.585692, 0.807883)
    Right Leg.CFrame = CFrame.new(0.329015, 0.238472, 0.213971, 0.905652, 0.0536541, -0.420614, -0.08276, 0.995251, -0.05124, 0.415868, 0.0812155, 0.905792)
    Left Arm.CFrame = CFrame.new(-0.104058, -0.567303, 0.0642008, 0.952516, 0.277966, 0.124291, -0.29736, 0.76138, 0.576088, 0.0655002, -0.585692, 0.807883)

[21]
    Time: 0.666667
    HumanoidRootPart.CFrame = CFrame.new(0, 0, 0, 1, 0, 0, 0, 1, 0, 0, 0, 1)
    Torso.CFrame = CFrame.new(0, -0.183434, -0.249444, 1, 2.38419e-07, -8.74228e-08, -2.5191e-07, 0.974818, -0.223004, 3.20531e-08, 0.223004, 0.974818)
    Head.CFrame = CFrame.new(8.86794e-08, -0.00973114, 0.0194131, 0.999955, -0.00949389, -0.000759682, 0.0094184, 0.973833, 0.227068, -0.00141597, -0.227065, 0.973879)
    Left Leg.CFrame = CFrame.new(-0.329022, 0.238482, 0.213975, 0.905651, -0.053661, 0.420615, 0.0827674, 0.995251, -0.05124, -0.415867, 0.0812187, 0.905791)
    Right Arm.CFrame = CFrame.new(0.104059, -0.567302, 0.0642009, 0.952516, -0.277966, -0.124291, 0.29736, 0.76138, 0.576088, -0.0655007, -0.585692, 0.807883)
    Right Leg.CFrame = CFrame.new(0.329015, 0.238472, 0.213971, 0.905652, 0.0536541, -0.420614, -0.08276, 0.995251, -0.05124, 0.415868, 0.0812155, 0.905792)
    Left Arm.CFrame = CFrame.new(-0.104058, -0.567303, 0.0642008, 0.952516, 0.277966, 0.124291, -0.29736, 0.76138, 0.576088, 0.0655002, -0.585692, 0.807883)

[22]
    Time: 0.700000
    HumanoidRootPart.CFrame = CFrame.new(0, 0, 0, 1, 0, 0, 0, 1, 0, 0, 0, 1)
    Torso.CFrame = CFrame.new(0, -0.183434, -0.249444, 1, 2.38419e-07, -8.74228e-08, -2.5191e-07, 0.974818, -0.223004, 3.20531e-08, 0.223004, 0.974818)
    Head.CFrame = CFrame.new(8.86794e-08, -0.00973114, 0.0194131, 0.999955, -0.00949389, -0.000759682, 0.0094184, 0.973833, 0.227068, -0.00141597, -0.227065, 0.973879)
    Left Leg.CFrame = CFrame.new(-0.329022, 0.238482, 0.213975, 0.905651, -0.053661, 0.420615, 0.0827674, 0.995251, -0.05124, -0.415867, 0.0812187, 0.905791)
    Right Arm.CFrame = CFrame.new(0.104059, -0.567302, 0.0642009, 0.952516, -0.277966, -0.124291, 0.29736, 0.76138, 0.576088, -0.0655007, -0.585692, 0.807883)
    Right Leg.CFrame = CFrame.new(0.329015, 0.238472, 0.213971, 0.905652, 0.0536541, -0.420614, -0.08276, 0.995251, -0.05124, 0.415868, 0.0812155, 0.905792)
    Left Arm.CFrame = CFrame.new(-0.104058, -0.567303, 0.0642008, 0.952516, 0.277966, 0.124291, -0.29736, 0.76138, 0.576088, 0.0655002, -0.585692, 0.807883)

[23]
    Time: 0.733333
    HumanoidRootPart.CFrame = CFrame.new(0, 0, 0, 1, 0, 0, 0, 1, 0, 0, 0, 1)
    Torso.CFrame = CFrame.new(0, -0.183434, -0.249444, 1, 2.38419e-07, -8.74228e-08, -2.5191e-07, 0.974818, -0.223004, 3.20531e-08, 0.223004, 0.974818)
    Head.CFrame = CFrame.new(8.86794e-08, -0.00973114, 0.0194131, 0.999955, -0.00949389, -0.000759682, 0.0094184, 0.973833, 0.227068, -0.00141597, -0.227065, 0.973879)
    Left Leg.CFrame = CFrame.new(-0.329022, 0.238482, 0.213975, 0.905651, -0.053661, 0.420615, 0.0827674, 0.995251, -0.05124, -0.415867, 0.0812187, 0.905791)
    Right Arm.CFrame = CFrame.new(0.104059, -0.567302, 0.0642009, 0.952516, -0.277966, -0.124291, 0.29736, 0.76138, 0.576088, -0.0655007, -0.585692, 0.807883)
    Right Leg.CFrame = CFrame.new(0.329015, 0.238472, 0.213971, 0.905652, 0.0536541, -0.420614, -0.08276, 0.995251, -0.05124, 0.415868, 0.0812155, 0.905792)
    Left Arm.CFrame = CFrame.new(-0.104058, -0.567303, 0.0642008, 0.952516, 0.277966, 0.124291, -0.29736, 0.76138, 0.576088, 0.0655002, -0.585692, 0.807883)

[24]
    Time: 0.766667
    HumanoidRootPart.CFrame = CFrame.new(0, 0, 0, 1, 0, 0, 0, 1, 0, 0, 0, 1)
    Torso.CFrame = CFrame.new(-1.77636e-15, -0.048401, -0.0248351, 1, 2.38419e-07, -8.74228e-08, -2.4315e-07, 0.998267, -0.0588419, 7.32423e-08, 0.0588419, 0.998267)
    Head.CFrame = CFrame.new(5.68398e-08, -3.72529e-09, 0.0166618, 0.999955, -0.00949385, -0.000759664, 0.00952296, 0.997968, 0.0630056, 0.000159886, -0.0630099, 0.998013)
    Left Leg.CFrame = CFrame.new(0.0467308, 0.0364043, 0.0248964, 0.905905, -0.010843, 0.423342, 0.00220778, 0.99978, 0.0208827, -0.423475, -0.017983, 0.905729)
    Right Arm.CFrame = CFrame.new(0.0568111, -0.38848, -0.0480503, 0.994938, -0.0698717, -0.0722188, 0.0778687, 0.990354, 0.114608, 0.0635143, -0.119651, 0.990782)
    Right Leg.CFrame = CFrame.new(-0.0467471, 0.0363994, 0.024889, 0.905905, 0.0108447, -0.423342, -0.00220971, 0.99978, 0.0208828, 0.423475, -0.0179824, 0.90573)
    Left Arm.CFrame = CFrame.new(-0.0568107, -0.38848, -0.0480502, 0.994938, 0.0698717, 0.0722192, -0.0778687, 0.990354, 0.114607, -0.0635148, -0.119651, 0.990782)

[25]
    Time: 0.800000
    HumanoidRootPart.CFrame = CFrame.new(0, 0, 0, 1, 0, 0, 0, 1, 0, 0, 0, 1)
    Torso.CFrame = CFrame.new(0, -0.071525, -0.102051, 1, 2.38419e-07, -8.74228e-08, -2.45117e-07, 0.996212, -0.0869541, 6.63602e-08, 0.0869541, 0.996212)
    Head.CFrame = CFrame.new(8.38772e-08, 1.49012e-08, 0.0166624, 0.999955, -0.00949389, -0.000759648, 0.00952362, 0.995795, 0.0911089, -0.000108534, -0.091112, 0.995841)
    Left Leg.CFrame = CFrame.new(-0.166889, 0.0983951, 0.124658, 0.900642, -0.0961131, 0.423799, 0.10161, 0.994777, 0.00966798, -0.422515, 0.0343546, 0.905705)
    Right Arm.CFrame = CFrame.new(0.0221921, -0.438966, -0.0189133, 0.999999, -0.000205878, 0.00138032, 1.1131e-05, 0.990204, 0.139626, -0.00139554, -0.139627, 0.990203)
    Right Leg.CFrame = CFrame.new(0.166874, 0.0983854, 0.124651, 0.900643, 0.0961101, -0.423798, -0.101606, 0.994778, 0.00966798, 0.422514, 0.0343531, 0.905705)
    Left Arm.CFrame = CFrame.new(-0.0221917, -0.438967, -0.0189131, 0.999999, 0.000205811, -0.00137986, -1.10791e-05, 0.990204, 0.139626, 0.00139505, -0.139626, 0.990203)

[26]
    Time: 0.833333
    HumanoidRootPart.CFrame = CFrame.new(0, 0, 0, 1, 0, 0, 0, 1, 0, 0, 0, 1)
    Torso.CFrame = CFrame.new(0, -0.071525, -0.102051, 1, 2.38419e-07, -8.74228e-08, -2.45117e-07, 0.996212, -0.0869541, 6.63602e-08, 0.0869541, 0.996212)
    Head.CFrame = CFrame.new(8.38772e-08, 1.49012e-08, 0.0166624, 0.999955, -0.00949389, -0.000759648, 0.00952362, 0.995795, 0.0911089, -0.000108534, -0.091112, 0.995841)
    Left Leg.CFrame = CFrame.new(-0.166889, 0.0983951, 0.124658, 0.900642, -0.0961131, 0.423799, 0.10161, 0.994777, 0.00966798, -0.422515, 0.0343546, 0.905705)
    Right Arm.CFrame = CFrame.new(0.0221921, -0.438966, -0.0189133, 0.999999, -0.000205878, 0.00138032, 1.1131e-05, 0.990204, 0.139626, -0.00139554, -0.139627, 0.990203)
    Right Leg.CFrame = CFrame.new(0.166874, 0.0983854, 0.124651, 0.900643, 0.0961101, -0.423798, -0.101606, 0.994778, 0.00966798, 0.422514, 0.0343531, 0.905705)
    Left Arm.CFrame = CFrame.new(-0.0221917, -0.438967, -0.0189131, 0.999999, 0.000205811, -0.00137986, -1.10791e-05, 0.990204, 0.139626, 0.00139505, -0.139626, 0.990203)

[27]
    Time: 0.866667
    HumanoidRootPart.CFrame = CFrame.new(0, 0, 0, 1, 0, 0, 0, 1, 0, 0, 0, 1)
    Torso.CFrame = CFrame.new(0, -0.071525, -0.102051, 1, 2.38419e-07, -8.74228e-08, -2.45117e-07, 0.996212, -0.0869541, 6.63602e-08, 0.0869541, 0.996212)
    Head.CFrame = CFrame.new(8.38772e-08, 1.49012e-08, 0.0166624, 0.999955, -0.00949389, -0.000759648, 0.00952362, 0.995795, 0.0911089, -0.000108534, -0.091112, 0.995841)
    Left Leg.CFrame = CFrame.new(-0.166889, 0.0983951, 0.124658, 0.900642, -0.0961131, 0.423799, 0.10161, 0.994777, 0.00966798, -0.422515, 0.0343546, 0.905705)
    Right Arm.CFrame = CFrame.new(0.0221921, -0.438966, -0.0189133, 0.999999, -0.000205878, 0.00138032, 1.1131e-05, 0.990204, 0.139626, -0.00139554, -0.139627, 0.990203)
    Right Leg.CFrame = CFrame.new(0.166874, 0.0983854, 0.124651, 0.900643, 0.0961101, -0.423798, -0.101606, 0.994778, 0.00966798, 0.422514, 0.0343531, 0.905705)
    Left Arm.CFrame = CFrame.new(-0.0221917, -0.438967, -0.0189131, 0.999999, 0.000205811, -0.00137986, -1.10791e-05, 0.990204, 0.139626, 0.00139505, -0.139626, 0.990203)

[28]
    Time: 0.900000
    HumanoidRootPart.CFrame = CFrame.new(0, 0, 0, 1, 0, 0, 0, 1, 0, 0, 0, 1)
    Torso.CFrame = CFrame.new(0, -0.071525, -0.102051, 1, 2.38419e-07, -8.74228e-08, -2.45117e-07, 0.996212, -0.0869541, 6.63602e-08, 0.0869541, 0.996212)
    Head.CFrame = CFrame.new(8.38772e-08, 1.49012e-08, 0.0166624, 0.999955, -0.00949389, -0.000759648, 0.00952362, 0.995795, 0.0911089, -0.000108534, -0.091112, 0.995841)
    Left Leg.CFrame = CFrame.new(-0.166889, 0.0983951, 0.124658, 0.900642, -0.0961131, 0.423799, 0.10161, 0.994777, 0.00966798, -0.422515, 0.0343546, 0.905705)
    Right Arm.CFrame = CFrame.new(0.0221921, -0.438966, -0.0189133, 0.999999, -0.000205878, 0.00138032, 1.1131e-05, 0.990204, 0.139626, -0.00139554, -0.139627, 0.990203)
    Right Leg.CFrame = CFrame.new(0.166874, 0.0983854, 0.124651, 0.900643, 0.0961101, -0.423798, -0.101606, 0.994778, 0.00966798, 0.422514, 0.0343531, 0.905705)
    Left Arm.CFrame = CFrame.new(-0.0221917, -0.438967, -0.0189131, 0.999999, 0.000205811, -0.00137986, -1.10791e-05, 0.990204, 0.139626, 0.00139505, -0.139626, 0.990203)

[29]
    Time: 0.933333
    HumanoidRootPart.CFrame = CFrame.new(0, 0, 0, 1, 0, 0, 0, 1, 0, 0, 0, 1)
    Torso.CFrame = CFrame.new(0, -0.071525, -0.102051, 1, 2.38419e-07, -8.74228e-08, -2.45117e-07, 0.996212, -0.0869541, 6.63602e-08, 0.0869541, 0.996212)
    Head.CFrame = CFrame.new(8.38772e-08, 1.49012e-08, 0.0166624, 0.999955, -0.00949389, -0.000759648, 0.00952362, 0.995795, 0.0911089, -0.000108534, -0.091112, 0.995841)
    Left Leg.CFrame = CFrame.new(-0.166889, 0.0983951, 0.124658, 0.900642, -0.0961131, 0.423799, 0.10161, 0.994777, 0.00966798, -0.422515, 0.0343546, 0.905705)
    Right Arm.CFrame = CFrame.new(0.0221921, -0.438966, -0.0189133, 0.999999, -0.000205878, 0.00138032, 1.1131e-05, 0.990204, 0.139626, -0.00139554, -0.139627, 0.990203)
    Right Leg.CFrame = CFrame.new(0.166874, 0.0983854, 0.124651, 0.900643, 0.0961101, -0.423798, -0.101606, 0.994778, 0.00966798, 0.422514, 0.0343531, 0.905705)
    Left Arm.CFrame = CFrame.new(-0.0221917, -0.438967, -0.0189131, 0.999999, 0.000205811, -0.00137986, -1.10791e-05, 0.990204, 0.139626, 0.00139505, -0.139626, 0.990203)

[30]
    Time: 0.966667
    HumanoidRootPart.CFrame = CFrame.new(0, 0, 0, 1, 0, 0, 0, 1, 0, 0, 0, 1)
    Torso.CFrame = CFrame.new(0, -0.162269, -0.323663, 1, 2.38419e-07, -8.74228e-08, -2.50979e-07, 0.980349, -0.197273, 3.86713e-08, 0.197273, 0.980349)
    Head.CFrame = CFrame.new(9.18226e-08, -0.0320315, -0.0780687, 0.999955, -0.00949389, -0.000759676, 0.0094524, 0.979472, 0.201361, -0.00116763, -0.201359, 0.979517)
    Left Leg.CFrame = CFrame.new(-0.415355, 0.292822, 0.253336, 0.896666, -0.132655, 0.422365, 0.163192, 0.985908, -0.0368004, -0.411531, 0.101924, 0.905678)
    Right Arm.CFrame = CFrame.new(0.066977, -0.562617, 0.0905231, 0.957899, -0.269727, -0.0983718, 0.284913, 0.850776, 0.441594, -0.0354174, -0.45103, 0.891806)
    Right Leg.CFrame = CFrame.new(0.41535, 0.292812, 0.253333, 0.896668, 0.132647, -0.422365, -0.163183, 0.985909, -0.0368004, 0.411532, 0.10192, 0.905679)
    Left Arm.CFrame = CFrame.new(-0.0669766, -0.562617, 0.0905233, 0.957899, 0.269727, 0.0983722, -0.284913, 0.850776, 0.441594, 0.0354169, -0.45103, 0.891806)

[31]
    Time: 1.000000
    HumanoidRootPart.CFrame = CFrame.new(0, 0, 0, 1, 0, 0, 0, 1, 0, 0, 0, 1)
    Torso.CFrame = CFrame.new(0, -0.183434, -0.249444, 1, 2.38419e-07, -8.74228e-08, -2.5191e-07, 0.974818, -0.223004, 3.20531e-08, 0.223004, 0.974818)
    Head.CFrame = CFrame.new(9.17644e-08, -0.0320316, -0.0780689, 0.999955, -0.00949389, -0.000759682, 0.0094184, 0.973833, 0.227068, -0.00141597, -0.227065, 0.973879)
    Left Leg.CFrame = CFrame.new(-0.329022, 0.238482, 0.213975, 0.905651, -0.053661, 0.420615, 0.0827674, 0.995251, -0.05124, -0.415867, 0.0812187, 0.905791)
    Right Arm.CFrame = CFrame.new(0.104059, -0.567302, 0.0642009, 0.952516, -0.277966, -0.124291, 0.29736, 0.76138, 0.576088, -0.0655007, -0.585692, 0.807883)
    Right Leg.CFrame = CFrame.new(0.329015, 0.238472, 0.213971, 0.905652, 0.0536541, -0.420614, -0.08276, 0.995251, -0.05124, 0.415868, 0.0812155, 0.905792)
    Left Arm.CFrame = CFrame.new(-0.104058, -0.567303, 0.0642008, 0.952516, 0.277966, 0.124291, -0.29736, 0.76138, 0.576088, 0.0655002, -0.585692, 0.807883)

[32]
    Time: 1.033333
    HumanoidRootPart.CFrame = CFrame.new(0, 0, 0, 1, 0, 0, 0, 1, 0, 0, 0, 1)
    Torso.CFrame = CFrame.new(0, -0.183434, -0.249444, 1, 2.38419e-07, -8.74228e-08, -2.5191e-07, 0.974818, -0.223004, 3.20531e-08, 0.223004, 0.974818)
    Head.CFrame = CFrame.new(8.86794e-08, -0.00973114, 0.0194131, 0.999955, -0.00949389, -0.000759682, 0.0094184, 0.973833, 0.227068, -0.00141597, -0.227065, 0.973879)
    Left Leg.CFrame = CFrame.new(-0.329022, 0.238482, 0.213975, 0.905651, -0.053661, 0.420615, 0.0827674, 0.995251, -0.05124, -0.415867, 0.0812187, 0.905791)
    Right Arm.CFrame = CFrame.new(0.104059, -0.567302, 0.0642009, 0.952516, -0.277966, -0.124291, 0.29736, 0.76138, 0.576088, -0.0655007, -0.585692, 0.807883)
    Right Leg.CFrame = CFrame.new(0.329015, 0.238472, 0.213971, 0.905652, 0.0536541, -0.420614, -0.08276, 0.995251, -0.05124, 0.415868, 0.0812155, 0.905792)
    Left Arm.CFrame = CFrame.new(-0.104058, -0.567303, 0.0642008, 0.952516, 0.277966, 0.124291, -0.29736, 0.76138, 0.576088, 0.0655002, -0.585692, 0.807883)

[33]
    Time: 1.066667
    HumanoidRootPart.CFrame = CFrame.new(0, 0, 0, 1, 0, 0, 0, 1, 0, 0, 0, 1)
    Torso.CFrame = CFrame.new(0, -0.183434, -0.249444, 1, 2.38419e-07, -8.74228e-08, -2.5191e-07, 0.974818, -0.223004, 3.20531e-08, 0.223004, 0.974818)
    Head.CFrame = CFrame.new(8.86794e-08, -0.00973114, 0.0194131, 0.999955, -0.00949389, -0.000759682, 0.0094184, 0.973833, 0.227068, -0.00141597, -0.227065, 0.973879)
    Left Leg.CFrame = CFrame.new(-0.329022, 0.238482, 0.213975, 0.905651, -0.053661, 0.420615, 0.0827674, 0.995251, -0.05124, -0.415867, 0.0812187, 0.905791)
    Right Arm.CFrame = CFrame.new(0.104059, -0.567302, 0.0642009, 0.952516, -0.277966, -0.124291, 0.29736, 0.76138, 0.576088, -0.0655007, -0.585692, 0.807883)
    Right Leg.CFrame = CFrame.new(0.329015, 0.238472, 0.213971, 0.905652, 0.0536541, -0.420614, -0.08276, 0.995251, -0.05124, 0.415868, 0.0812155, 0.905792)
    Left Arm.CFrame = CFrame.new(-0.104058, -0.567303, 0.0642008, 0.952516, 0.277966, 0.124291, -0.29736, 0.76138, 0.576088, 0.0655002, -0.585692, 0.807883)

[34]
    Time: 1.100000
    HumanoidRootPart.CFrame = CFrame.new(0, 0, 0, 1, 0, 0, 0, 1, 0, 0, 0, 1)
    Torso.CFrame = CFrame.new(0, -0.183434, -0.249444, 1, 2.38419e-07, -8.74228e-08, -2.5191e-07, 0.974818, -0.223004, 3.20531e-08, 0.223004, 0.974818)
    Head.CFrame = CFrame.new(8.86794e-08, -0.00973114, 0.0194131, 0.999955, -0.00949389, -0.000759682, 0.0094184, 0.973833, 0.227068, -0.00141597, -0.227065, 0.973879)
    Left Leg.CFrame = CFrame.new(-0.329022, 0.238482, 0.213975, 0.905651, -0.053661, 0.420615, 0.0827674, 0.995251, -0.05124, -0.415867, 0.0812187, 0.905791)
    Right Arm.CFrame = CFrame.new(0.104059, -0.567302, 0.0642009, 0.952516, -0.277966, -0.124291, 0.29736, 0.76138, 0.576088, -0.0655007, -0.585692, 0.807883)
    Right Leg.CFrame = CFrame.new(0.329015, 0.238472, 0.213971, 0.905652, 0.0536541, -0.420614, -0.08276, 0.995251, -0.05124, 0.415868, 0.0812155, 0.905792)
    Left Arm.CFrame = CFrame.new(-0.104058, -0.567303, 0.0642008, 0.952516, 0.277966, 0.124291, -0.29736, 0.76138, 0.576088, 0.0655002, -0.585692, 0.807883)

[35]
    Time: 1.133333
    HumanoidRootPart.CFrame = CFrame.new(0, 0, 0, 1, 0, 0, 0, 1, 0, 0, 0, 1)
    Torso.CFrame = CFrame.new(0, -0.183434, -0.249444, 1, 2.38419e-07, -8.74228e-08, -2.5191e-07, 0.974818, -0.223004, 3.20531e-08, 0.223004, 0.974818)
    Head.CFrame = CFrame.new(8.86794e-08, -0.00973114, 0.0194131, 0.999955, -0.00949389, -0.000759682, 0.0094184, 0.973833, 0.227068, -0.00141597, -0.227065, 0.973879)
    Left Leg.CFrame = CFrame.new(-0.329022, 0.238482, 0.213975, 0.905651, -0.053661, 0.420615, 0.0827674, 0.995251, -0.05124, -0.415867, 0.0812187, 0.905791)
    Right Arm.CFrame = CFrame.new(0.104059, -0.567302, 0.0642009, 0.952516, -0.277966, -0.124291, 0.29736, 0.76138, 0.576088, -0.0655007, -0.585692, 0.807883)
    Right Leg.CFrame = CFrame.new(0.329015, 0.238472, 0.213971, 0.905652, 0.0536541, -0.420614, -0.08276, 0.995251, -0.05124, 0.415868, 0.0812155, 0.905792)
    Left Arm.CFrame = CFrame.new(-0.104058, -0.567303, 0.0642008, 0.952516, 0.277966, 0.124291, -0.29736, 0.76138, 0.576088, 0.0655002, -0.585692, 0.807883)

[36]
    Time: 1.166667
    HumanoidRootPart.CFrame = CFrame.new(0, 0, 0, 1, 0, 0, 0, 1, 0, 0, 0, 1)
    Torso.CFrame = CFrame.new(-1.77636e-15, -0.048401, -0.0248351, 1, 2.38419e-07, -8.74228e-08, -2.4315e-07, 0.998267, -0.0588419, 7.32423e-08, 0.0588419, 0.998267)
    Head.CFrame = CFrame.new(5.68398e-08, -3.72529e-09, 0.0166618, 0.999955, -0.00949385, -0.000759664, 0.00952296, 0.997968, 0.0630056, 0.000159886, -0.0630099, 0.998013)
    Left Leg.CFrame = CFrame.new(0.0467308, 0.0364043, 0.0248964, 0.905905, -0.010843, 0.423342, 0.00220778, 0.99978, 0.0208827, -0.423475, -0.017983, 0.905729)
    Right Arm.CFrame = CFrame.new(0.0568111, -0.38848, -0.0480503, 0.994938, -0.0698717, -0.0722188, 0.0778687, 0.990354, 0.114608, 0.0635143, -0.119651, 0.990782)
    Right Leg.CFrame = CFrame.new(-0.0467471, 0.0363994, 0.024889, 0.905905, 0.0108447, -0.423342, -0.00220971, 0.99978, 0.0208828, 0.423475, -0.0179824, 0.90573)
    Left Arm.CFrame = CFrame.new(-0.0568107, -0.38848, -0.0480502, 0.994938, 0.0698717, 0.0722192, -0.0778687, 0.990354, 0.114607, -0.0635148, -0.119651, 0.990782)

[37]
    Time: 1.200000
    HumanoidRootPart.CFrame = CFrame.new(0, 0, 0, 1, 0, 0, 0, 1, 0, 0, 0, 1)
    Torso.CFrame = CFrame.new(0, -0.071525, -0.102051, 1, 2.38419e-07, -8.74228e-08, -2.45117e-07, 0.996212, -0.0869541, 6.63602e-08, 0.0869541, 0.996212)
    Head.CFrame = CFrame.new(8.38772e-08, 1.49012e-08, 0.0166624, 0.999955, -0.00949389, -0.000759648, 0.00952362, 0.995795, 0.0911089, -0.000108534, -0.091112, 0.995841)
    Left Leg.CFrame = CFrame.new(-0.166889, 0.0983951, 0.124658, 0.900642, -0.0961131, 0.423799, 0.10161, 0.994777, 0.00966798, -0.422515, 0.0343546, 0.905705)
    Right Arm.CFrame = CFrame.new(0.0221921, -0.438966, -0.0189133, 0.999999, -0.000205878, 0.00138032, 1.1131e-05, 0.990204, 0.139626, -0.00139554, -0.139627, 0.990203)
    Right Leg.CFrame = CFrame.new(0.166874, 0.0983854, 0.124651, 0.900643, 0.0961101, -0.423798, -0.101606, 0.994778, 0.00966798, 0.422514, 0.0343531, 0.905705)
    Left Arm.CFrame = CFrame.new(-0.0221917, -0.438967, -0.0189131, 0.999999, 0.000205811, -0.00137986, -1.10791e-05, 0.990204, 0.139626, 0.00139505, -0.139626, 0.990203)

[38]
    Time: 1.233333
    HumanoidRootPart.CFrame = CFrame.new(0, 0, 0, 1, 0, 0, 0, 1, 0, 0, 0, 1)
    Torso.CFrame = CFrame.new(0, -0.071525, -0.102051, 1, 2.38419e-07, -8.74228e-08, -2.45117e-07, 0.996212, -0.0869541, 6.63602e-08, 0.0869541, 0.996212)
