[1]
    Time: 0.000000
    HumanoidRootPart.CFrame = CFrame.new(0, 0, 0, 1, 0, 0, 0, 1, 0, 0, 0, 1)
    Torso.CFrame = CFrame.new(-0.0821641, -0.0535002, -0.278097, 0.564048, 0.821644, -0.0821642, -0.825739, 0.561509, -0.0535001, 0.00217788, 0.0980228, 0.995182)
    Head.CFrame = CFrame.new(8.5216e-08, 3.72529e-08, 1.19209e-07, 0.86481, -0.498484, 0.0601452, 0.500475, 0.846175, -0.183065, 0.0403615, 0.188417, 0.981259)
    Left Arm.CFrame = CFrame.new(-0.0140189, -0.626694, 0.099562, 0.176759, 0.98413, -0.0156141, -0.796067, 0.152275, 0.585738, 0.57882, -0.0911045, 0.81035)
    Right Arm.CFrame = CFrame.new(-0.357706, -0.281612, 0.0747267, 0.755964, -0.63043, 0.176288, 0.488617, 0.722633, 0.488932, -0.435629, -0.283478, 0.854323)
    Left Leg.CFrame = CFrame.new(-0.00232683, 0.320622, 0.238033, 0.666273, -0.0635669, 0.742994, -0.160684, 0.960716, 0.226285, -0.728191, -0.270155, 0.629885)
    Right Leg.CFrame = CFrame.new(0.51081, 0.425245, 0.031075, 0.878488, 0.324969, -0.350219, -0.142155, 0.87763, 0.457776, 0.456126, -0.352365, 0.817183)

[2]
    Time: 0.033333
    HumanoidRootPart.CFrame = CFrame.new(0, 0, 0, 1, 0, 0, 0, 1, 0, 0, 0, 1)
    Torso.CFrame = CFrame.new(-0.0777283, -0.0536611, -0.185222, 0.570092, 0.817384, -0.0829381, -0.821574, 0.567589, -0.0534672, 0.00337157, 0.098621, 0.995119)
    Head.CFrame = CFrame.new(9.12696e-08, 4.84288e-08, 4.76837e-07, 0.881331, -0.463527, 0.0916448, 0.471404, 0.84939, -0.237308, 0.0321567, 0.252349, 0.967102)
    Left Arm.CFrame = CFrame.new(0.093173, -0.618499, 0.0273695, 0.301824, 0.952648, 0.0369437, -0.852474, 0.252332, 0.457839, 0.426837, -0.16968, 0.888268)
    Right Arm.CFrame = CFrame.new(-0.365537, -0.279311, 0.0557135, 0.776021, -0.613219, 0.14749, 0.497939, 0.739203, 0.453472, -0.387102, -0.278463, 0.878983)
    Left Leg.CFrame = CFrame.new(0.17652, 0.179357, 0.0561552, 0.679177, 0.0407185, 0.732845, -0.289583, 0.932329, 0.216573, -0.674434, -0.359311, 0.645008)
    Right Leg.CFrame = CFrame.new(0.439244, 0.349234, 0.0271577, 0.892857, 0.286318, -0.347603, -0.111661, 0.888517, 0.44505, 0.436277, -0.358552, 0.825289)

[3]
    Time: 0.066667
    HumanoidRootPart.CFrame = CFrame.new(0, 0, 0, 1, 0, 0, 0, 1, 0, 0, 0, 1)
    Torso.CFrame = CFrame.new(-0.06184, -0.0550648, 0.0110059, 0.571737, 0.815937, -0.0858153, -0.82042, 0.569267, -0.0533474, 0.00532372, 0.100905, 0.994882)
    Head.CFrame = CFrame.new(8.00937e-08, -3.35276e-08, -1.78814e-07, 0.887454, -0.448628, 0.105631, 0.460165, 0.849563, -0.25786, 0.0259431, 0.277447, 0.960391)
    Left Arm.CFrame = CFrame.new(0.168829, -0.445619, -0.0370618, 0.6293, 0.769176, 0.111126, -0.755626, 0.572145, 0.318873, 0.18169, -0.284636, 0.94126)
    Right Arm.CFrame = CFrame.new(-0.361505, -0.262091, 0.00308132, 0.831376, -0.55152, 0.0681205, 0.494518, 0.790169, 0.362056, -0.253508, -0.267318, 0.929664)
    Left Leg.CFrame = CFrame.new(0.165609, 0.154847, 0.0414677, 0.6925, 0.0488868, 0.719759, -0.270719, 0.942399, 0.196458, -0.668696, -0.3309, 0.665846)
    Right Leg.CFrame = CFrame.new(0.206574, 0.182901, -0.0175327, 0.931135, 0.148749, -0.332959, 0.00550337, 0.907193, 0.420678, 0.364633, -0.39354, 0.843901)

[4]
    Time: 0.100000
    HumanoidRootPart.CFrame = CFrame.new(0, 0, 0, 1, 0, 0, 0, 1, 0, 0, 0, 1)
    Torso.CFrame = CFrame.new(-0.0377425, -0.0575383, 0.217611, 0.578215, 0.81093, -0.0897753, -0.815827, 0.575975, -0.0517711, 0.00972557, 0.103176, 0.994616)
    Head.CFrame = CFrame.new(9.68575e-08, -2.98023e-08, -4.76837e-07, 0.891917, -0.439025, 0.108357, 0.451699, 0.853708, -0.259136, 0.0212616, 0.280073, 0.959743)
    Left Arm.CFrame = CFrame.new(0.0591016, -0.301663, -0.0213495, 0.814708, 0.554633, 0.169216, -0.579223, 0.764577, 0.282705, 0.0274193, -0.328336, 0.944163)
    Right Arm.CFrame = CFrame.new(-0.300607, -0.22469, -0.0497326, 0.891646, -0.451125, -0.0381305, 0.443997, 0.854868, 0.268454, -0.0885099, -0.256296, 0.962537)
    Left Leg.CFrame = CFrame.new(0.15189, 0.121812, 0.0249211, 0.717135, 0.0567188, 0.694623, -0.243599, 0.954217, 0.173578, -0.652976, -0.293688, 0.698119)
    Right Leg.CFrame = CFrame.new(-0.0045426, 0.104836, -0.0792211, 0.94978, 0.0252875, -0.311895, 0.105338, 0.912719, 0.394775, 0.294656, -0.407804, 0.864219)

[5]
    Time: 0.133333
    HumanoidRootPart.CFrame = CFrame.new(0, 0, 0, 1, 0, 0, 0, 1, 0, 0, 0, 1)
    Torso.CFrame = CFrame.new(-0.0100922, -0.0628778, 0.453289, 0.586686, 0.804382, -0.0936438, -0.809686, 0.584718, -0.0501391, 0.0144242, 0.105238, 0.994342)
    Head.CFrame = CFrame.new(9.31323e-08, -3.72529e-08, 1.19209e-07, 0.893559, -0.437886, 0.0990373, 0.448487, 0.860672, -0.241045, 0.0203118, 0.259805, 0.965447)
    Left Arm.CFrame = CFrame.new(0.0788608, -0.268414, -0.019453, 0.81479, 0.530767, 0.233244, -0.578591, 0.769933, 0.269138, -0.0367329, -0.354244, 0.934431)
    Right Arm.CFrame = CFrame.new(-0.196477, -0.18191, -0.0708917, 0.921306, -0.357728, -0.152402, 0.38393, 0.898974, 0.210817, 0.0615907, -0.252739, 0.965572)
    Left Leg.CFrame = CFrame.new(0.134602, 0.0833334, 0.00471318, 0.751754, 0.0623375, 0.65649, -0.208312, 0.966995, 0.146718, -0.625677, -0.247051, 0.739929)
    Right Leg.CFrame = CFrame.new(0.0139213, 0.0846812, -0.0658386, 0.963013, 0.0209211, -0.268642, 0.0784868, 0.931971, 0.353934, 0.257771, -0.361928, 0.895858)

[6]
    Time: 0.166667
    HumanoidRootPart.CFrame = CFrame.new(0, 0, 0, 1, 0, 0, 0, 1, 0, 0, 0, 1)
    Torso.CFrame = CFrame.new(0.0203551, -0.0751327, 0.670362, 0.595918, 0.796972, -0.0985735, -0.802776, 0.594392, -0.047428, 0.0207925, 0.107396, 0.993999)
    Head.CFrame = CFrame.new(7.07805e-08, 4.84288e-08, -5.96046e-08, 0.888496, -0.453354, 0.0710309, 0.458281, 0.868688, -0.188045, 0.0235472, 0.199629, 0.979589)
    Left Arm.CFrame = CFrame.new(0.194144, -0.282428, -0.039995, 0.747167, 0.589706, 0.306576, -0.660499, 0.710195, 0.243648, -0.0740479, -0.384538, 0.920134)
    Right Arm.CFrame = CFrame.new(-0.199898, -0.159765, -0.0861341, 0.881599, -0.389, -0.267325, 0.444685, 0.8744, 0.194113, 0.158239, -0.290005, 0.943852)
    Left Leg.CFrame = CFrame.new(0.117695, 0.0410644, -0.0218836, 0.787518, 0.0647705, 0.612879, -0.169068, 0.979015, 0.113779, -0.592648, -0.193221, 0.781942)
    Right Leg.CFrame = CFrame.new(0.0317498, 0.0684276, -0.0414848, 0.976824, 0.0194147, -0.21316, 0.0469818, 0.952143, 0.302019, 0.208823, -0.305035, 0.929165)

[7]
    Time: 0.200000
    HumanoidRootPart.CFrame = CFrame.new(0, 0, 0, 1, 0, 0, 0, 1, 0, 0, 0, 1)
    Torso.CFrame = CFrame.new(0.0515409, -0.0968443, 0.815112, 0.604021, 0.789933, -0.105661, -0.796405, 0.60325, -0.0427576, 0.0299644, 0.109975, 0.993483)
    Head.CFrame = CFrame.new(1.19209e-07, 5.58794e-08, 1.19209e-07, 0.874863, -0.483596, 0.0273929, 0.483659, 0.869111, -0.103537, 0.0262627, 0.10383, 0.994248)
    Left Arm.CFrame = CFrame.new(0.323124, -0.322509, -0.0815206, 0.640137, 0.670922, 0.374284, -0.763294, 0.610729, 0.210697, -0.087225, -0.420563, 0.903061)
    Right Arm.CFrame = CFrame.new(-0.310897, -0.190886, -0.133316, 0.74868, -0.545415, -0.376829, 0.642077, 0.73804, 0.207446, 0.164971, -0.397264, 0.902755)
    Left Leg.CFrame = CFrame.new(0.105878, -0.00284588, -0.0559012, 0.818297, 0.062602, 0.571377, -0.128253, 0.988876, 0.0753332, -0.560305, -0.134926, 0.817223)
    Right Leg.CFrame = CFrame.new(0.0502214, 0.0610045, -0.0124881, 0.987892, 0.0169684, -0.154211, 0.0224103, 0.967968, 0.250073, 0.153515, -0.250501, 0.955867)

[8]
    Time: 0.233333
    HumanoidRootPart.CFrame = CFrame.new(0, 0, 0, 1, 0, 0, 0, 1, 0, 0, 0, 1)
    Torso.CFrame = CFrame.new(0.0816186, -0.127193, 0.866904, 0.609804, 0.784145, -0.115133, -0.791439, 0.610186, -0.0360313, 0.0419987, 0.113093, 0.992696)
    Head.CFrame = CFrame.new(8.3819e-08, 4.84288e-08, -5.36442e-07, 0.85192, -0.523003, -0.026457, 0.523165, 0.852231, -0.000924756, 0.0230311, -0.0130536, 0.99965)
    Left Arm.CFrame = CFrame.new(0.416398, -0.365778, -0.125714, 0.534213, 0.730191, 0.425957, -0.841191, 0.509092, 0.182273, -0.0837567, -0.455683, 0.886193)
    Right Arm.CFrame = CFrame.new(-0.357011, -0.282188, -0.154522, 0.545442, -0.69327, -0.471031, 0.834869, 0.499062, 0.232231, 0.0740748, -0.519917, 0.850999)
    Left Leg.CFrame = CFrame.new(-0.0983538, 0.00834113, 0.0275941, 0.843032, -0.045507, 0.535935, 0.0332018, 0.998917, 0.0325926, -0.536838, -0.00968258, 0.84363)
    Right Leg.CFrame = CFrame.new(0.0739008, 0.0644593, 0.0157592, 0.995465, 0.00999888, -0.094599, 0.0102897, 0.977307, 0.211577, 0.0945681, -0.211591, 0.972772)

[9]
    Time: 0.266667
    HumanoidRootPart.CFrame = CFrame.new(0, 0, 0, 1, 0, 0, 0, 1, 0, 0, 0, 1)
    Torso.CFrame = CFrame.new(0.117524, -0.168568, 0.869666, 0.612592, 0.780587, -0.124161, -0.787563, 0.616111, -0.0122936, 0.0669007, 0.105316, 0.992186)
    Head.CFrame = CFrame.new(4.98258e-08, 5.58794e-09, 0, 0.822089, -0.564996, -0.070348, 0.569298, 0.817503, 0.0871067, 0.00829476, -0.111658, 0.993712)
    Left Arm.CFrame = CFrame.new(0.47186, -0.39617, -0.160238, 0.464681, 0.754872, 0.46286, -0.882418, 0.438193, 0.171248, -0.0735515, -0.488012, 0.869732)
    Right Arm.CFrame = CFrame.new(-0.292609, -0.388981, -0.0942461, 0.325509, -0.774503, -0.542392, 0.941783, 0.214489, 0.258921, -0.0841981, -0.595097, 0.799231)
    Left Leg.CFrame = CFrame.new(-0.18301, -0.0125551, 0.0170978, 0.855613, -0.113782, 0.504956, 0.143856, 0.98938, -0.0208168, -0.497225, 0.0904519, 0.862894)
    Right Leg.CFrame = CFrame.new(0.097896, 0.0876408, 0.0514702, 0.999424, 0.00647656, -0.0333208, 0.000630923, 0.977915, 0.209002, 0.0339388, -0.208903, 0.977347)

[10]
    Time: 0.300000
    HumanoidRootPart.CFrame = CFrame.new(0, 0, 0, 1, 0, 0, 0, 1, 0, 0, 0, 1)
    Torso.CFrame = CFrame.new(0.136785, -0.197148, 0.828299, 0.622497, 0.771828, -0.12953, -0.778133, 0.628092, 0.00303854, 0.0837023, 0.0989005, 0.991571)
    Head.CFrame = CFrame.new(1.01514e-07, -1.16415e-08, -2.38419e-07, 0.794468, -0.596831, -0.112312, 0.607281, 0.779016, 0.156025, -0.00562819, -0.192162, 0.981347)
    Left Arm.CFrame = CFrame.new(0.501368, -0.404403, -0.181914, 0.449705, 0.746947, 0.489731, -0.890765, 0.415336, 0.184484, -0.0656022, -0.519198, 0.852132)
    Right Arm.CFrame = CFrame.new(-0.173442, -0.436379, 0.0203246, 0.154198, -0.792521, -0.590028, 0.957458, -0.027568, 0.287251, -0.243918, -0.609221, 0.754555)
    Left Leg.CFrame = CFrame.new(-0.031619, -0.11612, -0.123277, 0.877758, -0.0637852, 0.47484, 0.107739, 0.991992, -0.0659062, -0.466833, 0.109009, 0.877601)
    Right Leg.CFrame = CFrame.new(0.124404, 0.105423, 0.0635275, 0.999858, -0.00623814, 0.0156689, 0.00300662, 0.980124, 0.198361, -0.0165946, -0.198286, 0.980004)

[11]
    Time: 0.333333
    HumanoidRootPart.CFrame = CFrame.new(0, 0, 0, 1, 0, 0, 0, 1, 0, 0, 0, 1)
    Torso.CFrame = CFrame.new(0.145257, -0.202782, 0.677528, 0.661899, 0.740704, -0.115099, -0.746153, 0.665742, -0.00660754, 0.0717316, 0.0902546, 0.993332)
    Head.CFrame = CFrame.new(3.91155e-08, 1.86265e-09, 0, 0.790326, -0.591852, -0.158414, 0.612681, 0.764494, 0.200429, 0.00248212, -0.255462, 0.966816)
    Left Arm.CFrame = CFrame.new(0.528866, -0.410862, -0.190457, 0.473286, 0.720086, 0.507422, -0.880032, 0.412195, 0.23588, -0.0393034, -0.558186, 0.828784)
    Right Arm.CFrame = CFrame.new(-0.106533, -0.460931, 0.116477, 0.0341122, -0.786219, -0.617006, 0.92262, -0.212556, 0.321858, -0.384199, -0.580241, 0.718131)
    Left Leg.CFrame = CFrame.new(0.11615, -0.151345, -0.213058, 0.907279, -0.0090392, 0.420431, 0.0461229, 0.995876, -0.0781206, -0.417991, 0.0902688, 0.903955)
    Right Leg.CFrame = CFrame.new(0.126317, 0.100794, 0.0365151, 0.999619, -0.0133515, 0.0241496, 0.00944996, 0.98787, 0.154999, -0.0259262, -0.154712, 0.987619)

[12]
    Time: 0.366667
    HumanoidRootPart.CFrame = CFrame.new(0, 0, 0, 1, 0, 0, 0, 1, 0, 0, 0, 1)
    Torso.CFrame = CFrame.new(0.124287, -0.206506, 0.304124, 0.740614, 0.667509, -0.076965, -0.670402, 0.741787, -0.0176656, 0.0452998, 0.0646809, 0.996877)
    Head.CFrame = CFrame.new(7.07805e-08, -3.72529e-09, 1.19209e-07, 0.824609, -0.534809, -0.18439, 0.564674, 0.797809, 0.21129, 0.0341079, -0.278352, 0.959873)
    Left Arm.CFrame = CFrame.new(0.59013, -0.428447, -0.198804, 0.513612, 0.699276, 0.497208, -0.857907, 0.409019, 0.310965, 0.0140828, -0.586273, 0.809991)
    Right Arm.CFrame = CFrame.new(-0.120274, -0.515528, 0.198918, -0.0507972, -0.775545, -0.629246, 0.84626, -0.368004, 0.385249, -0.530343, -0.512936, 0.675006)
    Left Leg.CFrame = CFrame.new(0.106686, -0.154529, -0.17699, 0.946693, -0.0529082, 0.317764, 0.0734317, 0.995894, -0.0529523, -0.313657, 0.0734635, 0.94669)
    Right Leg.CFrame = CFrame.new(0.15214, 0.0841393, 0.00124669, 0.995946, 0.0867208, -0.0238923, -0.0836252, 0.990492, 0.10924, 0.0331385, -0.106799, 0.993728)

[13]
    Time: 0.400000
    HumanoidRootPart.CFrame = CFrame.new(0, 0, 0, 1, 0, 0, 0, 1, 0, 0, 0, 1)
    Torso.CFrame = CFrame.new(0.0745059, -0.204093, -0.137076, 0.849207, 0.523695, -0.0677575, -0.527162, 0.848234, -0.0509832, 0.0307746, 0.0790145, 0.996398)
    Head.CFrame = CFrame.new(9.12696e-08, 4.88944e-09, -1.19209e-07, 0.891685, -0.42663, -0.151276, 0.451126, 0.865034, 0.219548, 0.0371929, -0.264012, 0.963802)
    Left Arm.CFrame = CFrame.new(0.600538, -0.38235, -0.191817, 0.644032, 0.617567, 0.451479, -0.764923, 0.528153, 0.36871, -0.0107467, -0.582808, 0.812539)
    Right Arm.CFrame = CFrame.new(-0.164881, -0.549555, 0.146683, -0.0888608, -0.801455, -0.591417, 0.849843, -0.370687, 0.374644, -0.519491, -0.469321, 0.71405)
    Left Leg.CFrame = CFrame.new(-0.532459, 0.00167614, -0.0389138, 0.938582, -0.31301, 0.145218, 0.32038, 0.946818, -0.0298833, -0.128141, 0.0745725, 0.988948)
    Right Leg.CFrame = CFrame.new(0.540626, 0.105966, -0.014769, 0.905178, 0.392089, -0.164071, -0.382304, 0.919758, 0.0888224, 0.185733, -0.0176747, 0.982441)

[14]
    Time: 0.433333
    HumanoidRootPart.CFrame = CFrame.new(0, 0, 0, 1, 0, 0, 0, 1, 0, 0, 0, 1)
    Torso.CFrame = CFrame.new(-0.029358, -0.187854, -0.285083, 0.962445, 0.271475, -0.00093149, -0.268771, 0.952365, -0.144091, -0.03823, 0.13893, 0.989564)
    Head.CFrame = CFrame.new(7.45058e-08, -3.53903e-08, 0, 0.964773, -0.219174, -0.145522, 0.244801, 0.950492, 0.191411, 0.0963651, -0.220292, 0.970662)
    Left Arm.CFrame = CFrame.new(0.400227, -0.291991, -0.10933, 0.83731, 0.381437, 0.391685, -0.525382, 0.759594, 0.383395, -0.151281, -0.526805, 0.836416)
    Right Arm.CFrame = CFrame.new(-0.267846, -0.581209, 0.046525, -0.0498021, -0.867074, -0.495683, 0.902661, -0.251488, 0.349224, -0.427462, -0.430042, 0.795198)
    Left Leg.CFrame = CFrame.new(-0.869077, 0.276179, -0.117862, 0.952822, -0.293223, -0.0784232, 0.301003, 0.946075, 0.119745, 0.0390821, -0.137702, 0.989702)
    Right Leg.CFrame = CFrame.new(0.579333, 0.0505037, 0.0435419, 0.832672, 0.439377, -0.337054, -0.488938, 0.869092, -0.0749608, 0.259995, 0.227216, 0.938496)

[15]
    Time: 0.466667
    HumanoidRootPart.CFrame = CFrame.new(0, 0, 0, 1, 0, 0, 0, 1, 0, 0, 0, 1)
    Torso.CFrame = CFrame.new(-0.123277, -0.20091, -0.246123, 0.990908, 0.118174, 0.0643093, -0.104432, 0.976963, -0.186113, -0.0848215, 0.177705, 0.980421)
    Head.CFrame = CFrame.new(1.30385e-07, -6.0536e-09, 1.19209e-07, 0.977965, -0.130571, -0.162896, 0.142891, 0.987514, 0.0663159, 0.152203, -0.0881311, 0.984412)
    Left Arm.CFrame = CFrame.new(0.14233, -0.24475, -0.0160466, 0.915642, 0.166827, 0.365744, -0.31144, 0.869658, 0.383015, -0.254175, -0.464611, 0.848252)
    Right Arm.CFrame = CFrame.new(-0.494188, -0.531573, -0.0741221, 0.259086, -0.894559, -0.364197, 0.929401, 0.128289, 0.346058, -0.262847, -0.428143, 0.864641)
    Left Leg.CFrame = CFrame.new(-0.921583, 0.357765, -0.186652, 0.968885, -0.212027, -0.127697, 0.238803, 0.936426, 0.257059, 0.0650759, -0.279555, 0.957922)
    Right Leg.CFrame = CFrame.new(0.61321, -0.09455, 0.0378823, 0.849276, 0.421613, -0.317763, -0.503563, 0.827704, -0.247648, 0.158602, 0.370335, 0.915258)

[16]
    Time: 0.500000
    HumanoidRootPart.CFrame = CFrame.new(0, 0, 0, 1, 0, 0, 0, 1, 0, 0, 0, 1)
    Torso.CFrame = CFrame.new(-0.218617, -0.202679, -0.11447, 0.992358, 0.00118492, 0.123385, 0.0227033, 0.981128, -0.19202, -0.121284, 0.193354, 0.973604)
    Head.CFrame = CFrame.new(6.98492e-08, 1.93613e-08, 7.15256e-07, 0.97557, -0.0816586, -0.203947, 0.0703331, 0.995583, -0.0621878, 0.208124, 0.0463244, 0.977005)
    Left Arm.CFrame = CFrame.new(0.215181, -0.255434, -0.045381, 0.900761, 0.218237, 0.375502, -0.366483, 0.84589, 0.387506, -0.233065, -0.486665, 0.841925)
    Right Arm.CFrame = CFrame.new(-0.438585, -0.321039, -0.119128, 0.791694, -0.568046, -0.224822, 0.610736, 0.726926, 0.313975, -0.014923, -0.385879, 0.922429)
    Left Leg.CFrame = CFrame.new(-0.856981, 0.330332, -0.170051, 0.988391, -0.105892, -0.108948, 0.138081, 0.925219, 0.353416, 0.0633767, -0.364357, 0.9291)
    Right Leg.CFrame = CFrame.new(0.638118, -0.209274, -0.053757, 0.901773, 0.375585, -0.213872, -0.431256, 0.814767, -0.387523, 0.0287078, 0.441691, 0.896708)

[17]
    Time: 0.533333
    HumanoidRootPart.CFrame = CFrame.new(0, 0, 0, 1, 0, 0, 0, 1, 0, 0, 0, 1)
    Torso.CFrame = CFrame.new(-0.319408, -0.19117, 0.0830121, 0.973937, -0.133722, 0.183209, 0.166951, 0.969404, -0.179952, -0.15354, 0.205849, 0.966463)
    Head.CFrame = CFrame.new(8.19564e-08, 5.40167e-08, 2.38419e-07, 0.962884, -0.00226772, -0.269907, -0.0295011, 0.99309, -0.113588, 0.2683, 0.117335, 0.956163)
    Left Arm.CFrame = CFrame.new(0.353714, -0.271365, -0.107621, 0.858382, 0.318418, 0.402231, -0.476529, 0.785286, 0.395281, -0.190002, -0.530976, 0.82581)
    Right Arm.CFrame = CFrame.new(-0.131434, -0.287165, -0.0524843, 0.979878, -0.137299, -0.144873, 0.175323, 0.938978, 0.295945, 0.0953993, -0.315389, 0.944155)
    Left Leg.CFrame = CFrame.new(-0.661221, 0.225056, -0.0977561, 0.990959, 0.0914144, -0.0982067, -0.041736, 0.905681, 0.421901, 0.127512, -0.413987, 0.901308)
    Right Leg.CFrame = CFrame.new(0.585195, -0.299415, -0.158742, 0.954056, 0.270105, -0.129696, -0.298666, 0.822604, -0.483861, -0.0240044, 0.500366, 0.865481)

[18]
    Time: 0.566667
    HumanoidRootPart.CFrame = CFrame.new(0, 0, 0, 1, 0, 0, 0, 1, 0, 0, 0, 1)
    Torso.CFrame = CFrame.new(-0.421797, -0.1746, 0.302386, 0.938618, -0.257827, 0.229177, 0.297992, 0.940693, -0.162167, -0.173774, 0.220506, 0.959781)
    Head.CFrame = CFrame.new(1.71363e-07, -8.9407e-08, -4.17233e-07, 0.939598, 0.103033, -0.326405, -0.141465, 0.985256, -0.0962166, 0.311679, 0.13658, 0.94032)
    Left Arm.CFrame = CFrame.new(0.485851, -0.287169, -0.186123, 0.790912, 0.418889, 0.446083, -0.595912, 0.692934, 0.405871, -0.139091, -0.586835, 0.797671)
    Right Arm.CFrame = CFrame.new(-0.101071, -0.259652, -0.0340924, 0.993522, 0.0130721, -0.112887, 0.0237886, 0.947432, 0.319073, 0.111124, -0.319691, 0.940983)
    Left Leg.CFrame = CFrame.new(-0.419352, 0.171997, -0.0466119, 0.953796, 0.285686, -0.0930383, -0.212006, 0.859359, 0.465356, 0.212899, -0.42413, 0.88022)
    Right Leg.CFrame = CFrame.new(0.432048, -0.382839, -0.228674, 0.990749, 0.104204, -0.0869345, -0.134625, 0.835382, -0.532929, 0.01709, 0.539703, 0.841682)

[19]
    Time: 0.600000
    HumanoidRootPart.CFrame = CFrame.new(0, 0, 0, 1, 0, 0, 0, 1, 0, 0, 0, 1)
    Torso.CFrame = CFrame.new(-0.516081, -0.15921, 0.466403, 0.898523, -0.360906, 0.249808, 0.40331, 0.903434, -0.145426, -0.1732, 0.231419, 0.957313)
    Head.CFrame = CFrame.new(3.72529e-08, 7.45058e-09, -1.19209e-07, 0.916692, 0.21424, -0.337307, -0.240386, 0.969963, -0.0372217, 0.319201, 0.115205, 0.940659)
    Left Arm.CFrame = CFrame.new(0.587986, -0.311305, -0.274703, 0.700738, 0.503988, 0.504938, -0.709339, 0.567783, 0.417686, -0.0761867, -0.65086, 0.755365)
    Right Arm.CFrame = CFrame.new(-0.095047, -0.246152, -0.0103895, 0.986603, 0.132142, -0.0956693, -0.0883782, 0.925851, 0.36741, 0.137126, -0.354032, 0.925126)
    Left Leg.CFrame = CFrame.new(-0.447287, 0.191645, -0.0655677, 0.945059, 0.30898, -0.106745, -0.224204, 0.850275, 0.476198, 0.237899, -0.426102, 0.872835)
    Right Leg.CFrame = CFrame.new(0.210899, -0.436854, -0.263113, 0.992304, -0.0734298, -0.0997064, 0.00861618, 0.844196, -0.535966, 0.123528, 0.530982, 0.838331)

[20]
    Time: 0.633333
    HumanoidRootPart.CFrame = CFrame.new(0, 0, 0, 1, 0, 0, 0, 1, 0, 0, 0, 1)
    Torso.CFrame = CFrame.new(-0.615091, -0.140735, 0.561476, 0.863256, -0.440033, 0.247308, 0.478839, 0.868897, -0.12542, -0.159696, 0.226691, 0.960785)
    Head.CFrame = CFrame.new(0, -2.98023e-08, 1.19209e-07, 0.899106, 0.314707, -0.30425, -0.32037, 0.946734, 0.0325306, 0.298281, 0.0682241, 0.952037)
    Left Arm.CFrame = CFrame.new(0.647946, -0.354672, -0.360142, 0.593224, 0.565516, 0.572955, -0.805012, 0.411002, 0.427825, 0.00645639, -0.715031, 0.699063)
    Right Arm.CFrame = CFrame.new(-0.13776, -0.233241, 0.011678, 0.975147, 0.199818, -0.0957152, -0.137785, 0.885229, 0.444281, 0.173505, -0.420051, 0.89076)
    Left Leg.CFrame = CFrame.new(-0.44619, 0.184761, -0.0748396, 0.943845, 0.306293, -0.12386, -0.223154, 0.86746, 0.444653, 0.243637, -0.392043, 0.887098)
    Right Leg.CFrame = CFrame.new(0.149729, -0.442623, -0.242863, 0.982498, -0.142133, -0.120399, 0.0634811, 0.863153, -0.500937, 0.175123, 0.484527, 0.857068)

[21]
    Time: 0.666667
    HumanoidRootPart.CFrame = CFrame.new(0, 0, 0, 1, 0, 0, 0, 1, 0, 0, 0, 1)
    Torso.CFrame = CFrame.new(-0.717385, -0.114811, 0.626028, 0.830121, -0.508092, 0.229657, 0.53908, 0.836562, -0.0977579, -0.142452, 0.204954, 0.96835)
    Head.CFrame = CFrame.new(-7.45058e-09, -1.49012e-08, -2.98023e-07, 0.882133, 0.402228, -0.245061, -0.392788, 0.915359, 0.0885193, 0.259924, 0.0181712, 0.965458)
    Left Arm.CFrame = CFrame.new(0.663749, -0.424513, -0.419899, 0.476658, 0.601766, 0.64084, -0.871752, 0.229581, 0.432828, 0.113337, -0.764964, 0.634022)
    Right Arm.CFrame = CFrame.new(-0.215269, -0.221254, 0.0304091, 0.968347, 0.222902, -0.112336, -0.128309, 0.830546, 0.541969, 0.214106, -0.5104, 0.832857)
    Left Leg.CFrame = CFrame.new(-0.395389, 0.157892, -0.0817652, 0.954439, 0.263868, -0.139355, -0.199252, 0.911177, 0.360632, 0.222136, -0.316435, 0.922239)
    Right Leg.CFrame = CFrame.new(0.402421, -0.378377, -0.134197, 0.991845, -0.0138559, -0.126698, -0.042442, 0.901432, -0.430834, 0.12018, 0.432698, 0.893493)

[22]
    Time: 0.700000
    HumanoidRootPart.CFrame = CFrame.new(0, 0, 0, 1, 0, 0, 0, 1, 0, 0, 0, 1)
    Torso.CFrame = CFrame.new(-0.827007, -0.0916615, 0.654734, 0.797804, -0.565191, 0.209925, 0.589288, 0.804591, -0.0733029, -0.127474, 0.182188, 0.974966)
    Head.CFrame = CFrame.new(-5.96046e-08, -4.47035e-08, -4.17233e-07, 0.863324, 0.474115, -0.172877, -0.455704, 0.879594, 0.136559, 0.216807, -0.0391141, 0.975431)
    Left Arm.CFrame = CFrame.new(0.643551, -0.517548, -0.430765, 0.360371, 0.617495, 0.699166, -0.901808, 0.0390027, 0.430372, 0.238483, -0.785608, 0.570917)
    Right Arm.CFrame = CFrame.new(-0.295164, -0.220175, 0.0530778, 0.964821, 0.222758, -0.139638, -0.0835868, 0.763478, 0.640402, 0.249265, -0.606201, 0.75524)
    Left Leg.CFrame = CFrame.new(-0.303481, 0.125137, -0.0882397, 0.971692, 0.190879, -0.139215, -0.152886, 0.957283, 0.245427, 0.180115, -0.217195, 0.959367)
    Right Leg.CFrame = CFrame.new(0.61718, -0.233867, -0.0325626, 0.985564, 0.120789, -0.118629, -0.15533, 0.923863, -0.349785, 0.0673464, 0.363163, 0.929289)

[23]
    Time: 0.733333
    HumanoidRootPart.CFrame = CFrame.new(0, 0, 0, 1, 0, 0, 0, 1, 0, 0, 0, 1)
    Torso.CFrame = CFrame.new(-0.944032, -0.0792733, 0.660649, 0.761749, -0.61536, 0.202659, 0.636936, 0.768541, -0.0604768, -0.118537, 0.175149, 0.97738)
    Head.CFrame = CFrame.new(1.04308e-07, -4.47035e-08, 3.57628e-07, 0.83863, 0.53576, -0.0982908, -0.512957, 0.837494, 0.188359, 0.183233, -0.107545, 0.977169)
    Left Arm.CFrame = CFrame.new(0.599824, -0.616158, -0.385614, 0.253463, 0.620121, 0.742433, -0.896922, -0.136824, 0.420488, 0.362337, -0.772482, 0.52152)
    Right Arm.CFrame = CFrame.new(-0.358107, -0.229034, 0.0863422, 0.962082, 0.214557, -0.168417, -0.029075, 0.694601, 0.718807, 0.271207, -0.686655, 0.674501)
    Left Leg.CFrame = CFrame.new(-0.206201, 0.0959761, -0.0946496, 0.98556, 0.11244, -0.126608, -0.0947751, 0.985912, 0.137821, 0.140321, -0.123832, 0.982332)
    Right Leg.CFrame = CFrame.new(0.787458, -0.0273051, 0.0361422, 0.969546, 0.227479, -0.0907426, -0.243549, 0.934544, -0.259444, 0.0257848, 0.273643, 0.961486)

[24]
    Time: 0.766667
    HumanoidRootPart.CFrame = CFrame.new(0, 0, 0, 1, 0, 0, 0, 1, 0, 0, 0, 1)
    Torso.CFrame = CFrame.new(-1.08947, -0.0573168, 0.659047, 0.726567, -0.656198, 0.203726, 0.677718, 0.733244, -0.0552434, -0.11313, 0.178207, 0.977468)
    Head.CFrame = CFrame.new(2.23517e-08, -1.04308e-07, -2.38419e-07, 0.81233, 0.582679, -0.0246203, -0.561805, 0.793163, 0.235092, 0.156511, -0.17714, 0.971661)
    Left Arm.CFrame = CFrame.new(0.544161, -0.695879, -0.303734, 0.164929, 0.616421, 0.769951, -0.872611, -0.27267, 0.405218, 0.459727, -0.738699, 0.492925)
    Right Arm.CFrame = CFrame.new(-0.403545, -0.238076, 0.124153, 0.960356, 0.202793, -0.191286, 0.0182202, 0.63904, 0.768957, 0.278179, -0.741959, 0.610012)
    Left Leg.CFrame = CFrame.new(-0.133951, 0.0677309, -0.0937306, 0.992964, 0.0512429, -0.106752, -0.0443414, 0.99683, 0.0660523, 0.109798, -0.060854, 0.992089)
    Right Leg.CFrame = CFrame.new(0.887166, 0.153571, 0.0504833, 0.956148, 0.288748, -0.0490452, -0.292853, 0.940095, -0.174526, -0.00428685, 0.181235, 0.98343)

[25]
    Time: 0.800000
    HumanoidRootPart.CFrame = CFrame.new(0, 0, 0, 1, 0, 0, 0, 1, 0, 0, 0, 1)
    Torso.CFrame = CFrame.new(-1.25039, -0.0112294, 0.61861, 0.695586, -0.688329, 0.205826, 0.710273, 0.701934, -0.0529323, -0.108041, 0.183012, 0.977156)
    Head.CFrame = CFrame.new(2.98023e-08, -1.00583e-07, 1.19209e-07, 0.787883, 0.61416, 0.0452531, -0.601832, 0.752322, 0.267973, 0.130534, -0.238366, 0.962363)
    Left Arm.CFrame = CFrame.new(0.487162, -0.741903, -0.218652, 0.102162, 0.612644, 0.783729, -0.851292, -0.353757, 0.387502, 0.51465, -0.70677, 0.485398)
    Right Arm.CFrame = CFrame.new(-0.446153, -0.241638, 0.150614, 0.961664, 0.182281, -0.204879, 0.0542648, 0.605846, 0.793729, 0.268807, -0.774419, 0.572729)
    Left Leg.CFrame = CFrame.new(-0.0965444, 0.0339778, -0.0801523, 0.995697, 0.0159629, -0.0912855, -0.0137028, 0.999585, 0.0253323, 0.0916523, -0.0239725, 0.995503)
    Right Leg.CFrame = CFrame.new(0.933374, 0.261111, 0.0469061, 0.946421, 0.322593, -0.0149056, -0.322187, 0.940073, -0.111621, -0.0219959, 0.110443, 0.993639)

[26]
    Time: 0.833333
    HumanoidRootPart.CFrame = CFrame.new(0, 0, 0, 1, 0, 0, 0, 1, 0, 0, 0, 1)
    Torso.CFrame = CFrame.new(-1.39385, 0.0334214, 0.451225, 0.668835, -0.711427, 0.215711, 0.736498, 0.673586, -0.0620638, -0.101146, 0.200382, 0.974483)
    Head.CFrame = CFrame.new(2.38419e-07, -2.27243e-07, -4.76837e-07, 0.765992, 0.633644, 0.108405, -0.633134, 0.714403, 0.297942, 0.111344, -0.296856, 0.948409)
    Left Arm.CFrame = CFrame.new(0.437389, -0.754599, -0.1543, 0.0691304, 0.613878, 0.786368, -0.848101, -0.378902, 0.370347, 0.525304, -0.692522, 0.494437)
    Right Arm.CFrame = CFrame.new(-0.498591, -0.239866, 0.154665, 0.966712, 0.148659, -0.208251, 0.08021, 0.596806, 0.798367, 0.24297, -0.788494, 0.565015)
    Left Leg.CFrame = CFrame.new(-0.0852478, -0.0110078, -0.0680724, 0.996272, 0.000206709, -0.0862698, -0.000172671, 1, 0.000403684, 0.0862699, -0.000387371, 0.996272)
    Right Leg.CFrame = CFrame.new(0.937126, 0.277112, 0.0491623, 0.933388, 0.358829, 0.005329, -0.357767, 0.931582, -0.0644876, -0.0281044, 0.0582853, 0.997904)

[27]
    Time: 0.866667
    HumanoidRootPart.CFrame = CFrame.new(0, 0, 0, 1, 0, 0, 0, 1, 0, 0, 0, 1)
    Torso.CFrame = CFrame.new(-1.48117, 0.0577301, 0.111267, 0.648126, -0.722109, 0.241851, 0.755849, 0.648717, -0.0886513, -0.092877, 0.24026, 0.966255)
    Head.CFrame = CFrame.new(-4.28408e-08, 1.37836e-07, -2.38419e-07, 0.749152, 0.642781, 0.160014, -0.653691, 0.678368, 0.335418, 0.107052, -0.355879, 0.92838)
    Left Arm.CFrame = CFrame.new(0.384732, -0.722852, -0.108258, 0.0933629, 0.630675, 0.77041, -0.88662, -0.299383, 0.352527, 0.452978, -0.715974, 0.531218)
    Right Arm.CFrame = CFrame.new(-0.51529, -0.236165, 0.157329, 0.970481, 0.13425, -0.200361, 0.0767959, 0.615501, 0.784386, 0.228626, -0.776618, 0.587021)
    Left Leg.CFrame = CFrame.new(-0.47409, 0.00983346, -0.103304, 0.976012, -0.196449, -0.0938503, 0.195326, 0.980511, -0.0210995, 0.0961661, 0.00226231, 0.995363)
    Right Leg.CFrame = CFrame.new(0.89077, 0.202034, 0.0670124, 0.914847, 0.403751, 0.00635495, -0.403379, 0.914497, -0.0313007, -0.0184495, 0.0260718, 0.99949)

[28]
    Time: 0.900000
    HumanoidRootPart.CFrame = CFrame.new(0, 0, 0, 1, 0, 0, 0, 1, 0, 0, 0, 1)
    Torso.CFrame = CFrame.new(-1.56186, 0.0670863, -0.101977, 0.63014, -0.714897, 0.303062, 0.769917, 0.625904, -0.124392, -0.10076, 0.311717, 0.944817)
    Head.CFrame = CFrame.new(-5.21541e-08, -1.30385e-07, -1.19209e-07, 0.737918, 0.650548, 0.179625, -0.660565, 0.641656, 0.389784, 0.138316, -0.406282, 0.903218)
    Left Arm.CFrame = CFrame.new(0.305451, -0.619556, -0.0711372, 0.220866, 0.640819, 0.735234, -0.937688, -0.0678211, 0.340795, 0.268253, -0.76469, 0.585909)
    Right Arm.CFrame = CFrame.new(-0.395189, -0.238243, 0.168329, 0.967689, 0.194642, -0.160291, -0.0183773, 0.688455, 0.725046, 0.251477, -0.698673, 0.669787)
    Left Leg.CFrame = CFrame.new(-0.739228, 0.129285, -0.105638, 0.960651, -0.260332, -0.0968397, 0.26137, 0.965236, -0.00202627, 0.0940007, -0.0233643, 0.995298)
    Right Leg.CFrame = CFrame.new(0.794797, 0.0567356, 0.0615228, 0.940672, 0.339227, 0.00786303, -0.338248, 0.939292, -0.0576167, -0.0269308, 0.051539, 0.998308)

[29]
    Time: 0.933333
    HumanoidRootPart.CFrame = CFrame.new(0, 0, 0, 1, 0, 0, 0, 1, 0, 0, 0, 1)
    Torso.CFrame = CFrame.new(-1.68021, 0.0897141, -0.205396, 0.635222, -0.662896, 0.396312, 0.757985, 0.633529, -0.155244, -0.148164, 0.399012, 0.904896)
    Head.CFrame = CFrame.new(2.23517e-08, 1.3411e-07, -2.38419e-07, 0.762625, 0.640032, 0.0936089, -0.615063, 0.672723, 0.411268, 0.200252, -0.371218, 0.906695)
    Left Arm.CFrame = CFrame.new(0.21613, -0.504376, -0.0393847, 0.38112, 0.605939, 0.698273, -0.921065, 0.183565, 0.343429, 0.0799187, -0.774042, 0.62807)
    Right Arm.CFrame = CFrame.new(-0.365211, -0.236645, 0.0958643, 0.998736, 0.0115389, -0.0489178, 0.0165941, 0.843004, 0.537651, 0.0474414, -0.537783, 0.841747)
    Left Leg.CFrame = CFrame.new(-0.872625, 0.344531, -0.0449535, 0.978895, -0.199902, -0.0424606, 0.20249, 0.976821, 0.0694164, 0.0275999, -0.076549, 0.996684)
    Right Leg.CFrame = CFrame.new(0.845473, 0.0656833, -0.0121374, 0.9751, 0.210233, 0.0705877, -0.199123, 0.970119, -0.138636, -0.0976243, 0.121128, 0.987825)

[30]
    Time: 0.966667
    HumanoidRootPart.CFrame = CFrame.new(0, 0, 0, 1, 0, 0, 0, 1, 0, 0, 0, 1)
    Torso.CFrame = CFrame.new(-1.73666, 0.096544, -0.216048, 0.655208, -0.61684, 0.436132, 0.730613, 0.664216, -0.158183, -0.192112, 0.422286, 0.885871)
    Head.CFrame = CFrame.new(0, -2.27243e-07, 2.38419e-07, 0.813875, 0.576665, -0.0711707, -0.541366, 0.797078, 0.267562, 0.211022, -0.179232, 0.960909)
    Left Arm.CFrame = CFrame.new(0.192571, -0.445945, -0.0589476, 0.520063, 0.533726, 0.666837, -0.849427, 0.404988, 0.338318, -0.0894916, -0.742376, 0.66398)
    Right Arm.CFrame = CFrame.new(-0.131942, -0.268151, 0.0215575, 0.998394, -0.0296943, 0.048243, 0.00981006, 0.92937, 0.369019, -0.0557934, -0.367953, 0.928169)
    Left Leg.CFrame = CFrame.new(-0.87109, 0.442173, 0.0155541, 0.985593, -0.167636, 0.0224672, 0.164115, 0.97999, 0.112632, -0.0408989, -0.107322, 0.993383)
    Right Leg.CFrame = CFrame.new(0.886411, 0.0833049, -0.0770587, 0.977921, 0.155085, 0.140067, -0.126395, 0.972716, -0.194545, -0.166416, 0.172546, 0.970842)

[31]
    Time: 1.000000
    HumanoidRootPart.CFrame = CFrame.new(0, 0, 0, 1, 0, 0, 0, 1, 0, 0, 0, 1)
    Torso.CFrame = CFrame.new(-1.74386, 0.085825, -0.164913, 0.688195, -0.571814, 0.446561, 0.692765, 0.700768, -0.170298, -0.215557, 0.42656, 0.878397)
    Head.CFrame = CFrame.new(-4.09782e-08, 6.70552e-08, 2.38419e-07, 0.865801, 0.463089, -0.18957, -0.45607, 0.886174, 0.0818227, 0.205883, 0.0156149, 0.978452)
    Left Arm.CFrame = CFrame.new(0.225121, -0.418138, -0.109642, 0.615868, 0.452178, 0.645168, -0.751516, 0.582986, 0.30879, -0.236496, -0.675027, 0.698861)
    Right Arm.CFrame = CFrame.new(-0.0530129, -0.280665, -0.0529219, 0.984564, -0.146685, 0.0954816, 0.119467, 0.961915, 0.24586, -0.127909, -0.230658, 0.964591)
    Left Leg.CFrame = CFrame.new(-0.81166, 0.419862, 0.0680614, 0.986207, -0.1423, 0.0845403, 0.131734, 0.984042, 0.119612, -0.100212, -0.106825, 0.989215)
    Right Leg.CFrame = CFrame.new(0.876358, 0.0570009, -0.114835, 0.974129, 0.102352, 0.201486, -0.05973, 0.976463, -0.20725, -0.217956, 0.189854, 0.957314)

[32]
    Time: 1.033333
    HumanoidRootPart.CFrame = CFrame.new(0, 0, 0, 1, 0, 0, 0, 1, 0, 0, 0, 1)
    Torso.CFrame = CFrame.new(-1.75067, 0.0671125, -0.000260353, 0.73556, -0.524231, 0.429108, 0.637679, 0.749624, -0.177286, -0.228731, 0.404037, 0.885684)
    Head.CFrame = CFrame.new(0, -3.65078e-07, 1.19209e-07, 0.906588, 0.368117, -0.206368, -0.379636, 0.924964, -0.0178246, 0.184321, 0.0945041, 0.978312)
    Left Arm.CFrame = CFrame.new(0.272551, -0.38435, -0.160672, 0.675564, 0.38969, 0.625903, -0.653189, 0.710085, 0.262912, -0.341991, -0.586447, 0.734249)
    Right Arm.CFrame = CFrame.new(-0.0720838, -0.293061, -0.0838342, 0.961896, -0.263212, 0.0740032, 0.247044, 0.952652, 0.177268, -0.117158, -0.152231, 0.981376)
    Left Leg.CFrame = CFrame.new(-0.639954, 0.266453, 0.118745, 0.983385, -0.0851491, 0.160322, 0.067278, 0.991225, 0.11378, -0.168604, -0.101103, 0.980485)
    Right Leg.CFrame = CFrame.new(0.744067, -0.0799156, -0.138027, 0.964077, 0.0112128, 0.265387, 0.0460442, 0.976929, -0.20854, -0.261603, 0.213268, 0.941319)

[33]
    Time: 1.066667
    HumanoidRootPart.CFrame = CFrame.new(0, 0, 0, 1, 0, 0, 0, 1, 0, 0, 0, 1)
    Torso.CFrame = CFrame.new(-1.76781, 0.054053, 0.279012, 0.789928, -0.478614, 0.38333, 0.568496, 0.805917, -0.165257, -0.229838, 0.348463, 0.908707)
    Head.CFrame = CFrame.new(-1.04308e-07, 1.2666e-07, -1.78814e-07, 0.939834, 0.298892, -0.165454, -0.312432, 0.947891, -0.062356, 0.138194, 0.110297, 0.984244)
    Left Arm.CFrame = CFrame.new(0.336204, -0.329697, -0.214306, 0.737553, 0.31921, 0.595081, -0.521422, 0.829171, 0.20148, -0.429109, -0.45889, 0.778001)
    Right Arm.CFrame = CFrame.new(-0.00359082, -0.280993, -0.10161, 0.976973, -0.211611, -0.0272975, 0.212886, 0.958208, 0.191094, -0.0142807, -0.192505, 0.981192)
    Left Leg.CFrame = CFrame.new(-0.328545, 0.0899991, 0.115336, 0.970511, 0.00504895, 0.241003, -0.0315544, 0.993839, 0.106248, -0.238982, -0.11072, 0.964691)
    Right Leg.CFrame = CFrame.new(0.567822, -0.191797, -0.127194, 0.947536, -0.0237313, 0.318768, 0.0970801, 0.971501, -0.216245, -0.304551, 0.235846, 0.922835)

[34]
    Time: 1.100000
    HumanoidRootPart.CFrame = CFrame.new(0, 0, 0, 1, 0, 0, 0, 1, 0, 0, 0, 1)
    Torso.CFrame = CFrame.new(-1.78488, 0.0626111, 0.511051, 0.821168, -0.460166, 0.337535, 0.528373, 0.836543, -0.144974, -0.215651, 0.297393, 0.930082)
    Head.CFrame = CFrame.new(1.15484e-07, 7.45058e-08, -1.19209e-07, 0.954927, 0.272207, -0.118398, -0.282336, 0.956047, -0.0791184, 0.0916573, 0.10898, 0.989809)
    Left Arm.CFrame = CFrame.new(0.348235, -0.258556, -0.216278, 0.803183, 0.219699, 0.553741, -0.344342, 0.929718, 0.130586, -0.486133, -0.295561, 0.822386)
    Right Arm.CFrame = CFrame.new(0.149317, -0.245112, -0.0904665, 0.977561, -0.0948717, -0.188077, 0.137479, 0.963814, 0.228391, 0.159604, -0.249123, 0.95523)
    Left Leg.CFrame = CFrame.new(-0.0191972, 0.0218439, 0.0444467, 0.954459, 0.115971, 0.274881, -0.148637, 0.983712, 0.101082, -0.258681, -0.137336, 0.95615)
    Right Leg.CFrame = CFrame.new(0.632407, -0.15573, -0.145832, 0.941532, 0.0979601, 0.322369, -0.0230756, 0.973302, -0.228367, -0.336133, 0.207576, 0.918655)

[35]
    Time: 1.133333
    HumanoidRootPart.CFrame = CFrame.new(0, 0, 0, 1, 0, 0, 0, 1, 0, 0, 0, 1)
    Torso.CFrame = CFrame.new(-1.79956, 0.0808661, 0.684269, 0.835515, -0.462271, 0.297019, 0.514357, 0.84814, -0.12687, -0.193265, 0.258775, 0.946406)
    Head.CFrame = CFrame.new(1.93715e-07, 4.84288e-08, 0, 0.957493, 0.280164, -0.0686639, -0.284392, 0.956685, -0.062254, 0.0482483, 0.0791353, 0.995696)
    Left Arm.CFrame = CFrame.new(0.298141, -0.217497, -0.173486, 0.848771, 0.113706, 0.51639, -0.175779, 0.981738, 0.07275, -0.498688, -0.152519, 0.853258)
    Right Arm.CFrame = CFrame.new(0.14376, -0.211439, -0.0778028, 0.920566, -0.0824038, -0.381795, 0.193958, 0.944897, 0.263724, 0.339025, -0.316828, 0.885823)
    Left Leg.CFrame = CFrame.new(-0.00719619, 0.0441247, 0.0307037, 0.956074, 0.105073, 0.273646, -0.135255, 0.986359, 0.0938235, -0.260055, -0.126714, 0.957243)
    Right Leg.CFrame = CFrame.new(0.749775, -0.194625, -0.166339, 0.928403, 0.224816, 0.295849, -0.156674, 0.958807, -0.236942, -0.336931, 0.173626, 0.925382)

[36]
    Time: 1.166667
    HumanoidRootPart.CFrame = CFrame.new(0, 0, 0, 1, 0, 0, 0, 1, 0, 0, 0, 1)
    Torso.CFrame = CFrame.new(-1.81567, 0.0986127, 0.83921, 0.845587, -0.470299, 0.252592, 0.507922, 0.854413, -0.109517, -0.164312, 0.220903, 0.961355)
    Head.CFrame = CFrame.new(3.79514e-07, 2.8871e-08, -4.76837e-07, 0.953767, 0.300426, -0.00850371, -0.300546, 0.953411, -0.0260874, 0.000270143, 0.0274371, 0.999624)
    Left Arm.CFrame = CFrame.new(0.240098, -0.206793, -0.135598, 0.862776, 0.0507135, 0.503037, -0.0883842, 0.994764, 0.0513043, -0.497801, -0.0887247, 0.862741)
    Right Arm.CFrame = CFrame.new(0.1371, -0.169028, -0.0633299, 0.826716, -0.0714926, -0.558059, 0.269745, 0.920824, 0.281638, 0.493739, -0.383369, 0.780545)
    Left Leg.CFrame = CFrame.new(-0.00227648, 0.0542833, 0.0162085, 0.960863, 0.0942347, 0.260503, -0.119684, 0.989287, 0.0835863, -0.249835, -0.111493, 0.961848)
    Right Leg.CFrame = CFrame.new(0.710613, -0.207207, -0.139073, 0.927075, 0.278932, 0.250458, -0.223554, 0.947669, -0.22792, -0.300926, 0.155308, 0.940916)

[37]
    Time: 1.200000
    HumanoidRootPart.CFrame = CFrame.new(0, 0, 0, 1, 0, 0, 0, 1, 0, 0, 0, 1)
    Torso.CFrame = CFrame.new(-1.83421, 0.116205, 0.939827, 0.853849, -0.47694, 0.208494, 0.502661, 0.85954, -0.0923177, -0.135179, 0.183627, 0.973657)
    Head.CFrame = CFrame.new(3.61353e-07, -9.49949e-08, 2.38419e-07, 0.944853, 0.322601, 0.0564111, -0.3243, 0.945653, 0.0238626, -0.0456473, -0.0408407, 0.998122)
    Left Arm.CFrame = CFrame.new(0.210091, -0.205781, -0.118477, 0.855863, 0.0410631, 0.515571, -0.0865711, 0.994154, 0.0645302, -0.509906, -0.0998625, 0.854414)
    Right Arm.CFrame = CFrame.new(0.129895, -0.121019, -0.0481968, 0.727766, -0.064106, -0.682823, 0.345433, 0.894374, 0.284203, 0.592479, -0.442703, 0.673039)
    Left Leg.CFrame = CFrame.new(0.00544757, 0.0508904, 0.000721931, 0.966804, 0.0768928, 0.243674, -0.0969242, 0.992735, 0.0712942, -0.236422, -0.0925455, 0.967233)
    Right Leg.CFrame = CFrame.new(0.696916, -0.192706, -0.110801, 0.916163, 0.3472, 0.200245, -0.304437, 0.927771, -0.215776, -0.260699, 0.136724, 0.95569)

[38]
    Time: 1.233333
    HumanoidRootPart.CFrame = CFrame.new(0, 0, 0, 1, 0, 0, 0, 1, 0, 0, 0, 1)
    Torso.CFrame = CFrame.new(-1.8547, 0.134841, 0.975427, 0.863611, -0.474927, 0.169178, 0.491624, 0.867672, -0.0738326, -0.111726, 0.146935, 0.982816)
    Head.CFrame = CFrame.new(1.56462e-07, -2.98023e-08, 5.96046e-07, 0.933626, 0.338522, 0.117245, -0.348673, 0.933794, 0.0803502, -0.0822824, -0.115897, 0.989847)
    Left Arm.CFrame = CFrame.new(0.231476, -0.210086, -0.133088, 0.831953, 0.0870647, 0.547972, -0.170889, 0.97981, 0.103773, -0.527874, -0.179977, 0.830035)
    Right Arm.CFrame = CFrame.new(0.122813, -0.0715416, -0.0333953, 0.651047, -0.061496, -0.756542, 0.409539, 0.867645, 0.281904, 0.639074, -0.493367, 0.590062)
