[1]
    Time: 0.000000
    HumanoidRootPart.CFrame = CFrame.new(0, 0, 0, 1, 0, 0, 0, 1, 0, 0, 0, 1)
    Torso.CFrame = CFrame.new(-0.243988, -0.113667, -0.036421, 0.962994, -0.141872, 0.22916, 0.166501, 0.98175, -0.09189, -0.211941, 0.126645, 0.969042)
    Head.CFrame = CFrame.new(0, -0, 0, 0.99614, -0.083819, -0.026064, 0.080283, 0.990052, -0.115551, 0.03549, 0.113013, 0.992959)
    Left Arm.CFrame = CFrame.new(0.82054, -0.076611, 0.451732, -0.09538, 0.955488, -0.279187, -0.752732, 0.114297, 0.648329, 0.651381, 0.271991, 0.708325)
    Right Arm.CFrame = CFrame.new(-0.772882, 0.06546, 0.686585, -0.139471, -0.72879, 0.670383, 0.904169, 0.182319, 0.386313, -0.403765, 0.660019, 0.633521)
    Left Leg.CFrame = CFrame.new(-0.029703, 0.960681, 0.107721, 0.529068, 0.067303, 0.845906, -0.217263, 0.974367, 0.058362, -0.820295, -0.214662, 0.530128)
    Right Leg.CFrame = CFrame.new(-0.046822, -0.229334, -0.233201, 0.794849, -0.035631, -0.60576, -0.187962, 0.934718, -0.301616, 0.576962, 0.353599, 0.736263)

[2]
    Time: 0.033333
    HumanoidRootPart.CFrame = CFrame.new(0, 0, 0, 1, 0, 0, 0, 1, 0, 0, 0, 1)
    Torso.CFrame = CFrame.new(-0.231375, -0.114942, -0.00353, 0.965554, -0.13625, 0.221677, 0.160076, 0.982691, -0.093242, -0.205136, 0.125516, 0.970652)
    Head.CFrame = CFrame.new(0, 0, 0, 0.99695, -0.073145, -0.027212, 0.070163, 0.992722, -0.097879, 0.034174, 0.095672, 0.994826)
    Left Arm.CFrame = CFrame.new(0.888948, -0.073434, 0.46948, -0.11363, 0.954025, -0.277353, -0.754577, 0.098727, 0.648742, 0.646299, 0.283001, 0.708667)
    Right Arm.CFrame = CFrame.new(-0.790898, 0.070283, 0.649867, -0.122951, -0.736547, 0.665118, 0.916727, 0.172416, 0.360395, -0.380125, 0.654042, 0.654014)
    Left Leg.CFrame = CFrame.new(-0.001605, 1.11685, 0.066152, 0.51844, 0.051788, 0.853544, -0.203295, 0.97701, 0.064202, -0.830597, -0.206806, 0.51705)
    Right Leg.CFrame = CFrame.new(-0.07073, -0.24835, -0.245236, 0.797736, -0.048603, -0.601045, -0.163835, 0.941782, -0.293606, 0.580324, 0.332693, 0.74333)

[3]
    Time: 0.066667
    HumanoidRootPart.CFrame = CFrame.new(0, 0, 0, 1, 0, 0, 0, 1, 0, 0, 0, 1)
    Torso.CFrame = CFrame.new(-0.200458, -0.117491, 0.02908, 0.971311, -0.128747, 0.19995, 0.150194, 0.983982, -0.096026, -0.184384, 0.123303, 0.975089)
    Head.CFrame = CFrame.new(0, 0, 0, 0.998852, -0.03782, -0.029415, 0.036202, 0.997899, -0.053729, 0.031385, 0.052602, 0.998122)
    Left Arm.CFrame = CFrame.new(0.916638, -0.063571, 0.479917, -0.113954, 0.951322, -0.286357, -0.771519, 0.096856, 0.62879, 0.625917, 0.292583, 0.722926)
    Right Arm.CFrame = CFrame.new(-0.796127, 0.074185, 0.627404, -0.082153, -0.754525, 0.651108, 0.933512, 0.170528, 0.315398, -0.349008, 0.633728, 0.690349)
    Left Leg.CFrame = CFrame.new(0.007581, 1.15582, 0.051438, 0.514003, 0.017537, 0.857609, -0.16566, 0.982999, 0.079187, -0.84164, -0.182774, 0.508169)
    Right Leg.CFrame = CFrame.new(-0.103067, -0.251578, -0.240102, 0.800931, -0.062915, -0.595442, -0.123691, 0.955628, -0.26735, 0.585841, 0.28778, 0.75761)

[4]
    Time: 0.100000
    HumanoidRootPart.CFrame = CFrame.new(0, 0, 0, 1, 0, 0, 0, 1, 0, 0, 0, 1)
    Torso.CFrame = CFrame.new(-0.161497, -0.120316, 0.040484, 0.977952, -0.119813, 0.171038, 0.138116, 0.985413, -0.099422, -0.156631, 0.120853, 0.980235)
    Head.CFrame = CFrame.new(-0, 0, 0, 0.99931, 0.013059, -0.034767, -0.01288, 0.999903, 0.005369, 0.034833, -0.004918, 0.999381)
    Left Arm.CFrame = CFrame.new(0.832921, -0.041199, 0.481669, -0.042509, 0.935514, -0.350722, -0.807464, 0.174563, 0.563498, 0.588383, 0.30715, 0.747973)
    Right Arm.CFrame = CFrame.new(-0.759551, 0.13404, 0.651791, 0.046092, -0.745338, 0.665092, 0.929993, 0.275077, 0.243815, -0.364676, 0.607293, 0.705838)
    Left Leg.CFrame = CFrame.new(-0.04861, 1.1163, 0.063873, 0.550058, -0.040483, 0.834145, -0.107842, 0.987018, 0.119017, -0.828135, -0.155422, 0.538551)
    Right Leg.CFrame = CFrame.new(-0.074407, -0.236638, -0.173961, 0.808128, -0.045563, -0.587242, -0.114515, 0.965825, -0.232526, 0.577767, 0.255159, 0.775293)

[5]
    Time: 0.133333
    HumanoidRootPart.CFrame = CFrame.new(0, 0, 0, 1, 0, 0, 0, 1, 0, 0, 0, 1)
    Torso.CFrame = CFrame.new(-0.11488, -0.122832, 0.030745, 0.984337, -0.109185, 0.138421, 0.123976, 0.986909, -0.103156, -0.125346, 0.118701, 0.984987)
    Head.CFrame = CFrame.new(0, 0, -0, 0.996618, 0.070266, -0.042613, -0.067334, 0.995497, 0.066729, 0.04711, -0.063634, 0.996861)
    Left Arm.CFrame = CFrame.new(0.663261, -0.037333, 0.481745, 0.122407, 0.8821, -0.454881, -0.832325, 0.340888, 0.43707, 0.540603, 0.325109, 0.775921)
    Right Arm.CFrame = CFrame.new(-0.663667, 0.066121, 0.711358, 0.291585, -0.665871, 0.686727, 0.859192, 0.497875, 0.11794, -0.420437, 0.555641, 0.717284)
    Left Leg.CFrame = CFrame.new(-0.095947, 1.05875, 0.077997, 0.578704, -0.089914, 0.810566, -0.049081, 0.988263, 0.144666, -0.81406, -0.123502, 0.567498)
    Right Leg.CFrame = CFrame.new(-0.028728, -0.196318, -0.087124, 0.815276, -0.019407, -0.578748, -0.113051, 0.974873, -0.191944, 0.567931, 0.221915, 0.792596)

[6]
    Time: 0.166667
    HumanoidRootPart.CFrame = CFrame.new(0, 0, 0, 1, 0, 0, 0, 1, 0, 0, 0, 1)
    Torso.CFrame = CFrame.new(-0.063619, -0.124449, -0.012091, 0.990045, -0.095082, 0.103783, 0.106224, 0.988491, -0.107709, -0.092347, 0.117661, 0.988751)
    Head.CFrame = CFrame.new(0, -0, -0, 0.990932, 0.123643, -0.052593, -0.116849, 0.986237, 0.116979, 0.066333, -0.109773, 0.991741)
    Left Arm.CFrame = CFrame.new(0.496327, -0.23384, 0.48738, 0.31908, 0.789249, -0.524665, -0.8116, 0.513422, 0.278754, 0.489381, 0.336873, 0.804377)
    Right Arm.CFrame = CFrame.new(-0.549369, -0.106088, 0.623733, 0.535115, -0.490176, 0.688025, 0.666355, 0.745524, 0.01288, -0.519253, 0.451577, 0.725573)
    Left Leg.CFrame = CFrame.new(-0.142693, 0.952314, 0.096693, 0.608545, -0.133821, 0.782154, 0.01795, 0.987747, 0.15503, -0.793317, -0.080303, 0.60349)
    Right Leg.CFrame = CFrame.new(0.039427, -0.120891, 0.019229, 0.821052, 0.016725, -0.570608, -0.12344, 0.981124, -0.14886, 0.557347, 0.192658, 0.807618)

[7]
    Time: 0.200000
    HumanoidRootPart.CFrame = CFrame.new(0, 0, 0, 1, 0, 0, 0, 1, 0, 0, 0, 1)
    Torso.CFrame = CFrame.new(-0.000254, -0.122618, -0.07523, 0.995304, -0.069163, 0.067732, 0.076688, 0.990323, -0.115671, -0.059076, 0.120322, 0.990976)
    Head.CFrame = CFrame.new(0, 0, 0, 0.985299, 0.157532, -0.066109, -0.14682, 0.978653, 0.143812, 0.087353, -0.131991, 0.987395)
    Left Arm.CFrame = CFrame.new(0.415032, -0.501254, 0.394424, 0.389945, 0.729005, -0.562579, -0.795766, 0.5742, 0.192487, 0.463356, 0.372622, 0.804024)
    Right Arm.CFrame = CFrame.new(-0.320635, -0.350675, 0.407556, 0.562569, -0.454197, 0.690812, 0.548394, 0.830301, 0.099318, -0.618692, 0.322964, 0.71618)
    Left Leg.CFrame = CFrame.new(-0.16495, 0.731498, 0.108981, 0.638675, -0.145662, 0.755564, 0.067961, 0.98876, 0.133172, -0.766469, -0.033705, 0.641396)
    Right Leg.CFrame = CFrame.new(0.138225, -0.021348, 0.139536, 0.82769, 0.057509, -0.558232, -0.139028, 0.984739, -0.104688, 0.543692, 0.164259, 0.823054)

[8]
    Time: 0.233333
    HumanoidRootPart.CFrame = CFrame.new(0, 0, 0, 1, 0, 0, 0, 1, 0, 0, 0, 1)
    Torso.CFrame = CFrame.new(0.102775, -0.112585, -0.194347, 0.999354, -0.022277, 0.028215, 0.025786, 0.99107, -0.130825, -0.025049, 0.131468, 0.991004)
    Head.CFrame = CFrame.new(0, -0, 0, 0.984218, 0.155825, -0.083864, -0.145856, 0.982696, 0.114171, 0.100204, -0.100137, 0.989915)
    Left Arm.CFrame = CFrame.new(0.276614, -0.490366, 0.203733, 0.339228, 0.711484, -0.615398, -0.849157, 0.513103, 0.125134, 0.404793, 0.48012, 0.77822)
    Right Arm.CFrame = CFrame.new(-0.079208, -0.437099, 0.145055, 0.484683, -0.399011, 0.778378, 0.491978, 0.860143, 0.134578, -0.723215, 0.317718, 0.613201)
    Left Leg.CFrame = CFrame.new(-0.158625, 0.558066, 0.091813, 0.66343, -0.128372, 0.737144, 0.092881, 0.991682, 0.089107, -0.742451, 0.00935, 0.669835)
    Right Leg.CFrame = CFrame.new(0.286444, 0.15159, 0.270271, 0.841767, 0.098946, -0.530696, -0.14718, 0.987882, -0.049265, 0.51939, 0.119577, 0.846129)

[9]
    Time: 0.266667
    HumanoidRootPart.CFrame = CFrame.new(0, 0, 0, 1, 0, 0, 0, 1, 0, 0, 0, 1)
    Torso.CFrame = CFrame.new(0.209284, -0.098864, -0.313971, 0.999421, 0.031664, -0.012433, -0.033139, 0.988772, -0.145713, 0.00768, 0.146041, 0.989249)
    Head.CFrame = CFrame.new(0, 0, 0, 0.986625, 0.13199, -0.095653, -0.129704, 0.991106, 0.029765, 0.098731, -0.01696, 0.99497)
    Left Arm.CFrame = CFrame.new(0.108981, -0.461168, -0.056945, 0.185118, 0.690991, -0.698758, -0.929873, 0.353191, 0.102919, 0.317912, 0.630704, 0.707916)
    Right Arm.CFrame = CFrame.new(0.149885, -0.465326, -0.105972, 0.350769, -0.357182, 0.865669, 0.475028, 0.864511, 0.164223, -0.807038, 0.353613, 0.472915)
    Left Leg.CFrame = CFrame.new(-0.139731, 0.435446, 0.071328, 0.685232, -0.101727, 0.721185, 0.111228, 0.993199, 0.034412, -0.719781, 0.056636, 0.691887)
    Right Leg.CFrame = CFrame.new(0.407202, 0.347929, 0.330562, 0.863225, 0.111267, -0.492406, -0.1191, 0.992761, 0.01554, 0.49057, 0.045231, 0.870227)

[10]
    Time: 0.300000
    HumanoidRootPart.CFrame = CFrame.new(0, 0, 0, 1, 0, 0, 0, 1, 0, 0, 0, 1)
    Torso.CFrame = CFrame.new(0.30951, -0.083045, -0.376312, 0.994826, 0.086403, -0.053431, -0.093854, 0.982988, -0.157881, 0.038881, 0.162079, 0.986012)
    Head.CFrame = CFrame.new(0, -0, 0, 0.991553, 0.096117, -0.087089, -0.101303, 0.993209, -0.057219, 0.080998, 0.065558, 0.994556)
    Left Arm.CFrame = CFrame.new(-0.063414, -0.417821, -0.327073, -0.068031, 0.60436, -0.793801, -0.982694, 0.096809, 0.157924, 0.17229, 0.790808, 0.587315)
    Right Arm.CFrame = CFrame.new(0.397175, -0.501229, -0.339019, 0.123245, -0.442944, 0.888038, 0.645227, 0.715661, 0.267417, -0.753985, 0.540028, 0.374001)
    Left Leg.CFrame = CFrame.new(-0.137189, 0.378435, 0.064047, 0.700593, -0.082845, 0.708736, 0.148924, 0.988341, -0.031685, -0.697848, 0.127746, 0.704762)
    Right Leg.CFrame = CFrame.new(0.478135, 0.506345, 0.324481, 0.883178, 0.082111, -0.461795, -0.050676, 0.995499, 0.080089, 0.466293, -0.047331, 0.883363)

[11]
    Time: 0.333333
    HumanoidRootPart.CFrame = CFrame.new(0, 0, 0, 1, 0, 0, 0, 1, 0, 0, 0, 1)
    Torso.CFrame = CFrame.new(0.401694, -0.065596, -0.37231, 0.985654, 0.13997, -0.094316, -0.154249, 0.973863, -0.166728, 0.068514, 0.178884, 0.981482)
    Head.CFrame = CFrame.new(0, -0, -0, 0.997225, 0.051384, -0.053875, -0.056168, 0.994227, -0.091424, 0.048867, 0.094196, 0.994354)
    Left Arm.CFrame = CFrame.new(-0.210533, -0.376027, -0.523195, -0.331116, 0.421255, -0.844338, -0.943215, -0.173008, 0.283575, -0.02662, 0.890288, 0.454619)
    Right Arm.CFrame = CFrame.new(0.626371, -0.493707, -0.552945, -0.293275, -0.522997, 0.80029, 0.852782, 0.235281, 0.466269, -0.43215, 0.819217, 0.377)
    Left Leg.CFrame = CFrame.new(-0.137159, 0.313443, 0.048923, 0.704885, -0.060233, 0.70676, 0.189061, 0.976297, -0.105355, -0.683662, 0.207884, 0.699564)
    Right Leg.CFrame = CFrame.new(0.509272, 0.612932, 0.283953, 0.894317, 0.021208, -0.446931, 0.043287, 0.99009, 0.133599, 0.445335, -0.138826, 0.884536)

[12]
    Time: 0.366667
    HumanoidRootPart.CFrame = CFrame.new(0, 0, 0, 1, 0, 0, 0, 1, 0, 0, 0, 1)
    Torso.CFrame = CFrame.new(0.478304, -0.048095, -0.33445, 0.972671, 0.18972, -0.133856, -0.211263, 0.962315, -0.171223, 0.096327, 0.194822, 0.976097)
    Head.CFrame = CFrame.new(0, -0, 0, 0.999912, 0.001466, -0.013176, -0.00225, 0.998216, -0.059668, 0.013065, 0.059693, 0.998131)
    Left Arm.CFrame = CFrame.new(-0.323708, -0.350655, -0.603855, -0.505163, 0.210188, -0.837037, -0.835842, -0.360658, 0.413877, -0.214893, 0.908706, 0.357875)
    Right Arm.CFrame = CFrame.new(0.712506, -0.471498, -0.695856, -0.57054, -0.413469, 0.709596, 0.803925, -0.10454, 0.58547, -0.167893, 0.904497, 0.392043)
    Left Leg.CFrame = CFrame.new(-0.1305, 0.230426, -0.000905, 0.691197, -0.032291, 0.721944, 0.214268, 0.963237, -0.162059, -0.69017, 0.266704, 0.672706)
    Right Leg.CFrame = CFrame.new(0.523931, 0.692085, 0.227462, 0.896791, -0.043575, -0.440304, 0.13263, 0.975852, 0.173559, 0.422109, -0.214044, 0.880914)

[13]
    Time: 0.400000
    HumanoidRootPart.CFrame = CFrame.new(0, 0, 0, 1, 0, 0, 0, 1, 0, 0, 0, 1)
    Torso.CFrame = CFrame.new(0.549857, -0.036132, -0.243629, 0.959219, 0.227459, -0.167813, -0.255298, 0.951992, -0.168921, 0.121334, 0.204874, 0.971239)
    Head.CFrame = CFrame.new(0, -0, -0, 0.999002, -0.041742, 0.015874, 0.041723, 0.999128, 0.00154, -0.015925, -0.000876, 0.999873)
    Left Arm.CFrame = CFrame.new(-0.41853, -0.340802, -0.619858, -0.616071, -0.025846, -0.787267, -0.683211, -0.479881, 0.550397, -0.39202, 0.876953, 0.277982)
    Right Arm.CFrame = CFrame.new(0.722139, -0.444591, -0.798792, -0.699587, -0.292057, 0.652136, 0.713261, -0.230674, 0.661852, -0.042867, 0.928166, 0.369689)
    Left Leg.CFrame = CFrame.new(-0.108365, 0.11435, -0.094889, 0.683169, 0.005622, 0.730239, 0.214823, 0.954176, -0.208322, -0.697947, 0.299192, 0.650656)
    Right Leg.CFrame = CFrame.new(0.47425, 0.741872, 0.198407, 0.859725, -0.109272, -0.498932, 0.216135, 0.962907, 0.161542, 0.462773, -0.246718, 0.851453)

[14]
    Time: 0.433333
    HumanoidRootPart.CFrame = CFrame.new(0, 0, 0, 1, 0, 0, 0, 1, 0, 0, 0, 1)
    Torso.CFrame = CFrame.new(0.572595, -0.035999, -0.157679, 0.948683, 0.255239, -0.186689, -0.284294, 0.946922, -0.150054, 0.138481, 0.195428, 0.970892)
    Head.CFrame = CFrame.new(0, 0, 0, 0.996674, -0.076529, 0.028018, 0.074644, 0.995213, 0.063076, -0.032711, -0.060775, 0.997615)
    Left Arm.CFrame = CFrame.new(-0.487295, -0.34278, -0.620168, -0.65133, -0.241327, -0.719396, -0.529781, -0.534113, 0.658829, -0.543232, 0.810238, 0.220033)
    Right Arm.CFrame = CFrame.new(0.720396, -0.399737, -0.865474, -0.76225, -0.201359, 0.615167, 0.64603, -0.295772, 0.703679, 0.040257, 0.933795, 0.355536)
    Left Leg.CFrame = CFrame.new(-0.048546, 0.010434, -0.161187, 0.676776, 0.028227, 0.735648, 0.210899, 0.94995, -0.230471, -0.705334, 0.311125, 0.63695)
    Right Leg.CFrame = CFrame.new(0.360572, 0.86189, 0.157151, 0.779051, -0.139257, -0.6113, 0.254051, 0.961504, 0.104732, 0.573182, -0.236892, 0.784439)

[15]
    Time: 0.466667
    HumanoidRootPart.CFrame = CFrame.new(0, 0, 0, 1, 0, 0, 0, 1, 0, 0, 0, 1)
    Torso.CFrame = CFrame.new(0.576971, -0.044873, -0.085167, 0.939254, 0.279627, -0.199024, -0.305272, 0.945651, -0.112041, 0.156877, 0.165991, 0.973569)
    Head.CFrame = CFrame.new(0, -0, -0, 0.993629, -0.106483, 0.036928, 0.10192, 0.988814, 0.108904, -0.048111, -0.104447, 0.993366)
    Left Arm.CFrame = CFrame.new(-0.50924, -0.342196, -0.615183, -0.613129, -0.309374, -0.726884, -0.490437, -0.572268, 0.657252, -0.61931, 0.759471, 0.199145)
    Right Arm.CFrame = CFrame.new(0.719371, -0.347711, -0.894645, -0.778078, -0.153488, 0.609128, 0.623427, -0.307593, 0.718836, 0.077031, 0.939057, 0.335021)
    Left Leg.CFrame = CFrame.new(0.046488, -0.07871, -0.224816, 0.668486, 0.031446, 0.74306, 0.216696, 0.947521, -0.235046, -0.711456, 0.318143, 0.62659)
    Right Leg.CFrame = CFrame.new(0.21834, 1.00582, 0.068361, 0.691556, -0.153271, -0.705874, 0.277758, 0.958517, 0.063995, 0.666784, -0.240319, 0.705441)

[16]
    Time: 0.500000
    HumanoidRootPart.CFrame = CFrame.new(0, 0, 0, 1, 0, 0, 0, 1, 0, 0, 0, 1)
    Torso.CFrame = CFrame.new(0.577622, -0.058979, -0.026382, 0.93491, 0.29264, -0.20076, -0.312002, 0.947346, -0.07204, 0.169107, 0.129988, 0.976988)
    Head.CFrame = CFrame.new(-0, -0, -0, 0.991593, -0.123019, 0.040119, 0.116366, 0.983391, 0.139291, -0.056588, -0.133451, 0.989439)
    Left Arm.CFrame = CFrame.new(-0.505093, -0.323634, -0.591314, -0.554534, -0.303417, -0.774874, -0.525128, -0.594755, 0.608693, -0.645549, 0.744449, 0.170479)
    Right Arm.CFrame = CFrame.new(0.730902, -0.30218, -0.900624, -0.772856, -0.140799, 0.618765, 0.628565, -0.303802, 0.715968, 0.087174, 0.942274, 0.323297)
    Left Leg.CFrame = CFrame.new(0.149454, -0.13675, -0.291312, 0.662899, 0.025214, 0.748284, 0.217105, 0.950019, -0.224343, -0.716541, 0.311173, 0.624292)
    Right Leg.CFrame = CFrame.new(0.158456, 1.08355, 0.014244, 0.660237, -0.1397, -0.73795, 0.283527, 0.956209, 0.07265, 0.695485, -0.257195, 0.670933)

[17]
    Time: 0.533333
    HumanoidRootPart.CFrame = CFrame.new(0, 0, 0, 1, 0, 0, 0, 1, 0, 0, 0, 1)
    Torso.CFrame = CFrame.new(0.56632, -0.075245, 0.013999, 0.939738, 0.283301, -0.191396, -0.296721, 0.953908, -0.044914, 0.16985, 0.098998, 0.980485)
    Head.CFrame = CFrame.new(0, -0, 0, 0.992609, -0.114709, 0.039607, 0.107394, 0.982301, 0.153464, -0.05651, -0.148076, 0.98736)
    Left Arm.CFrame = CFrame.new(-0.493542, -0.342442, -0.550657, -0.458998, -0.313844, -0.831157, -0.579194, -0.603689, 0.547807, -0.673687, 0.732844, 0.095315)
    Right Arm.CFrame = CFrame.new(0.759075, -0.25874, -0.877602, -0.761751, -0.160296, 0.627726, 0.643121, -0.304184, 0.702757, 0.078295, 0.93903, 0.334803)
    Left Leg.CFrame = CFrame.new(0.232252, -0.160192, -0.33483, 0.668819, 0.016405, 0.743245, 0.202795, 0.957815, -0.203629, -0.715231, 0.286917, 0.637278)
    Right Leg.CFrame = CFrame.new(0.172539, 1.14638, -0.008023, 0.668106, -0.084828, -0.739215, 0.265607, 0.955216, 0.130442, 0.695045, -0.283489, 0.660716)

[18]
    Time: 0.566667
    HumanoidRootPart.CFrame = CFrame.new(0, 0, 0, 1, 0, 0, 0, 1, 0, 0, 0, 1)
    Torso.CFrame = CFrame.new(0.554301, -0.094048, 0.048672, 0.945096, 0.266229, -0.189515, -0.276118, 0.960735, -0.027346, 0.174793, 0.078173, 0.981497)
    Head.CFrame = CFrame.new(-0, 0, 1e-06, 0.992156, -0.113801, 0.051738, 0.104478, 0.982109, 0.156673, -0.068642, -0.150039, 0.986294)
    Left Arm.CFrame = CFrame.new(-0.464186, -0.392119, -0.517406, -0.378208, -0.295041, -0.877445, -0.619298, -0.623869, 0.476714, -0.688061, 0.723697, 0.053234)
    Right Arm.CFrame = CFrame.new(0.795018, -0.237475, -0.819341, -0.732748, -0.168071, 0.659418, 0.67525, -0.299712, 0.673951, 0.084364, 0.939108, 0.333104)
    Left Leg.CFrame = CFrame.new(0.324047, -0.174176, -0.406998, 0.67877, 0.026924, 0.733857, 0.168322, 0.967018, -0.191164, -0.7148, 0.253281, 0.651851)
    Right Leg.CFrame = CFrame.new(0.228821, 1.15179, -0.00721, 0.686258, -0.01403, -0.727223, 0.232778, 0.951467, 0.20131, 0.689104, -0.307432, 0.656218)

[19]
    Time: 0.600000
    HumanoidRootPart.CFrame = CFrame.new(0, 0, 0, 1, 0, 0, 0, 1, 0, 0, 0, 1)
    Torso.CFrame = CFrame.new(0.532598, -0.104494, 0.054404, 0.954805, 0.241922, -0.172689, -0.24996, 0.967905, -0.026089, 0.160835, 0.068076, 0.984631)
    Head.CFrame = CFrame.new(0, -0, -0, 0.990758, -0.126225, 0.049657, 0.116682, 0.979784, 0.162506, -0.069165, -0.15521, 0.985457)
    Left Arm.CFrame = CFrame.new(-0.416377, -0.444085, -0.506059, -0.372049, -0.244149, -0.895528, -0.643817, -0.627109, 0.438445, -0.66864, 0.739679, 0.076128)
    Right Arm.CFrame = CFrame.new(0.807439, -0.237826, -0.748855, -0.703137, -0.189685, 0.685287, 0.704525, -0.316164, 0.635363, 0.096144, 0.929548, 0.355944)
    Left Leg.CFrame = CFrame.new(0.325924, -0.166518, -0.373752, 0.692016, 0.011894, 0.721784, 0.160395, 0.972338, -0.169802, -0.703838, 0.233276, 0.670966)
    Right Leg.CFrame = CFrame.new(0.277159, 1.06125, 0.035863, 0.707797, 0.048157, -0.704772, 0.181047, 0.951985, 0.246873, 0.682822, -0.302333, 0.665094)

[20]
    Time: 0.633333
    HumanoidRootPart.CFrame = CFrame.new(0, 0, 0, 1, 0, 0, 0, 1, 0, 0, 0, 1)
    Torso.CFrame = CFrame.new(0.493027, -0.095939, 0.057705, 0.966568, 0.20937, -0.14802, -0.218378, 0.974717, -0.047297, 0.134375, 0.07804, 0.987853)
    Head.CFrame = CFrame.new(0, -0, 0, 0.988733, -0.144378, 0.039517, 0.134914, 0.973893, 0.182569, -0.064844, -0.17518, 0.982399)
    Left Arm.CFrame = CFrame.new(-0.314009, -0.433423, -0.480515, -0.36001, -0.099222, -0.927657, -0.729168, -0.590349, 0.346124, -0.581985, 0.801026, 0.140182)
    Right Arm.CFrame = CFrame.new(0.678146, -0.193703, -0.628897, -0.585324, -0.366801, 0.723086, 0.810702, -0.250911, 0.528967, -0.012596, 0.895824, 0.44423)
    Left Leg.CFrame = CFrame.new(0.285268, -0.152515, -0.310198, 0.709125, 0.016268, 0.704895, 0.127442, 0.98031, -0.150832, -0.69347, 0.196792, 0.693089)
    Right Leg.CFrame = CFrame.new(0.310199, 0.846878, 0.094599, 0.74794, 0.068728, -0.660199, 0.133365, 0.958782, 0.2509, 0.650231, -0.275705, 0.707945)

[21]
    Time: 0.666667
    HumanoidRootPart.CFrame = CFrame.new(0, 0, 0, 1, 0, 0, 0, 1, 0, 0, 0, 1)
    Torso.CFrame = CFrame.new(0.457893, -0.079627, 0.00878, 0.977585, 0.173666, -0.119026, -0.183391, 0.980079, -0.076239, 0.103415, 0.096358, 0.98996)
    Head.CFrame = CFrame.new(0, -0, -0, 0.986197, -0.163017, 0.029, 0.153623, 0.9662, 0.207022, -0.061768, -0.199709, 0.977906)
    Left Arm.CFrame = CFrame.new(-0.150859, -0.41857, -0.427034, -0.297983, 0.149931, -0.942723, -0.855442, -0.48018, 0.194027, -0.423586, 0.864262, 0.271343)
    Right Arm.CFrame = CFrame.new(0.394706, -0.255151, -0.467428, -0.336996, -0.571052, 0.748554, 0.920512, -0.032876, 0.389329, -0.197718, 0.820255, 0.536739)
    Left Leg.CFrame = CFrame.new(0.150185, -0.093471, -0.165693, 0.728993, -0.00933, 0.684458, 0.138221, 0.981317, -0.133838, -0.670421, 0.192173, 0.716662)
    Right Leg.CFrame = CFrame.new(0.33842, 0.600186, 0.107399, 0.818222, 0.059504, -0.571815, 0.106709, 0.961626, 0.25276, 0.564913, -0.267832, 0.780474)

[22]
    Time: 0.700000
    HumanoidRootPart.CFrame = CFrame.new(0, 0, 0, 1, 0, 0, 0, 1, 0, 0, 0, 1)
    Torso.CFrame = CFrame.new(0.37822, -0.059295, -0.093917, 0.98676, 0.136821, -0.087087, -0.14586, 0.983431, -0.107648, 0.070916, 0.118926, 0.990367)
    Head.CFrame = CFrame.new(0, 0, -0, 0.984391, -0.174759, 0.020834, 0.165158, 0.958174, 0.23372, -0.060807, -0.226631, 0.972081)
    Left Arm.CFrame = CFrame.new(0.111136, -0.427046, -0.31475, -0.10295, 0.499488, -0.860182, -0.976478, -0.215461, -0.008245, -0.189453, 0.8391, 0.509921)
    Right Arm.CFrame = CFrame.new(-0.006185, -0.39452, -0.284741, -0.061173, -0.672111, 0.737919, 0.919248, 0.250116, 0.304016, -0.388898, 0.696928, 0.602536)
    Left Leg.CFrame = CFrame.new(0.015143, 0.037451, -0.013458, 0.736952, -0.035, 0.675038, 0.139967, 0.984915, -0.101739, -0.661295, 0.16946, 0.730734)
    Right Leg.CFrame = CFrame.new(0.374774, 0.433951, 0.084625, 0.88504, 0.042075, -0.46361, 0.074478, 0.97028, 0.230237, 0.459519, -0.238297, 0.855603)

[23]
    Time: 0.733333
    HumanoidRootPart.CFrame = CFrame.new(0, 0, 0, 1, 0, 0, 0, 1, 0, 0, 0, 1)
    Torso.CFrame = CFrame.new(0.279081, -0.037425, -0.243097, 0.993576, 0.099916, -0.053136, -0.106407, 0.984689, -0.138079, 0.038526, 0.142846, 0.988995)
    Head.CFrame = CFrame.new(0, -0, -0, 0.985091, -0.17071, 0.021312, 0.161422, 0.960037, 0.228629, -0.059489, -0.22178, 0.97328)
    Left Arm.CFrame = CFrame.new(0.399617, -0.446891, -0.148207, 0.160949, 0.728185, -0.666215, -0.986729, 0.133405, -0.092567, 0.02147, 0.672272, 0.739993)
    Right Arm.CFrame = CFrame.new(-0.228337, -0.480974, -0.122304, 0.084277, -0.729347, 0.678933, 0.865766, 0.390911, 0.31247, -0.493302, 0.561463, 0.664389)
    Left Leg.CFrame = CFrame.new(-0.091946, 0.234843, 0.108136, 0.737442, -0.049649, 0.673583, 0.122134, 0.990656, -0.060692, -0.664276, 0.127024, 0.736616)
    Right Leg.CFrame = CFrame.new(0.453896, 0.461861, 0.087952, 0.904745, 0.060173, -0.421683, 0.01318, 0.985543, 0.168913, 0.425751, -0.158381, 0.890871)

[24]
    Time: 0.766667
    HumanoidRootPart.CFrame = CFrame.new(0, 0, 0, 1, 0, 0, 0, 1, 0, 0, 0, 1)
    Torso.CFrame = CFrame.new(0.175951, -0.017362, -0.352471, 0.997817, 0.063501, -0.018148, -0.065619, 0.984351, -0.163546, 0.007479, 0.16438, 0.986369)
    Head.CFrame = CFrame.new(0, 0, -0, 0.989331, -0.142807, 0.028826, 0.135257, 0.973862, 0.182482, -0.054132, -0.176636, 0.982787)
    Left Arm.CFrame = CFrame.new(0.553117, -0.490626, -0.025361, 0.145315, 0.858382, -0.492, -0.981203, 0.188852, 0.039683, 0.126979, 0.476985, 0.869691)
    Right Arm.CFrame = CFrame.new(-0.215364, -0.47639, -0.005921, 0.105853, -0.831199, 0.545805, 0.829282, 0.376675, 0.412803, -0.548713, 0.40893, 0.729171)
    Left Leg.CFrame = CFrame.new(-0.142117, 0.407299, 0.154913, 0.736643, -0.037216, 0.675256, 0.067132, 0.997577, -0.018254, -0.672941, 0.058778, 0.737357)
    Right Leg.CFrame = CFrame.new(0.495977, 0.527123, 0.112749, 0.9013, 0.07197, -0.427176, -0.040183, 0.995741, 0.082978, 0.431329, -0.057623, 0.900353)

[25]
    Time: 0.800000
    HumanoidRootPart.CFrame = CFrame.new(0, 0, 0, 1, 0, 0, 0, 1, 0, 0, 0, 1)
    Torso.CFrame = CFrame.new(0.092128, -0.00803, -0.382115, 0.999499, 0.027613, 0.015469, -0.024488, 0.984307, -0.174756, -0.020052, 0.17429, 0.98449)
    Head.CFrame = CFrame.new(0, 0, -0, 0.994206, -0.101149, 0.036376, 0.096127, 0.98808, 0.120241, -0.048105, -0.116047, 0.992078)
    Left Arm.CFrame = CFrame.new(0.587161, -0.529075, 0.040357, 0.146533, 0.953132, -0.264703, -0.963177, 0.198455, 0.181401, 0.225431, 0.228375, 0.947115)
    Right Arm.CFrame = CFrame.new(-0.19626, -0.463644, 0.075593, 0.143255, -0.924511, 0.353211, 0.80095, 0.317939, 0.50734, -0.581341, 0.210225, 0.786033)
    Left Leg.CFrame = CFrame.new(-0.157952, 0.491231, 0.145386, 0.739672, -0.018045, 0.672726, 0.00542, 0.999768, 0.020859, -0.672946, -0.011783, 0.739597)
    Right Leg.CFrame = CFrame.new(0.496911, 0.504036, 0.133614, 0.899085, 0.073693, -0.431527, -0.078065, 0.996919, 0.007599, 0.430758, 0.026855, 0.902068)

[26]
    Time: 0.833333
    HumanoidRootPart.CFrame = CFrame.new(0, 0, 0, 1, 0, 0, 0, 1, 0, 0, 0, 1)
    Torso.CFrame = CFrame.new(0.01636, -0.010516, -0.377871, 0.998121, -0.005134, 0.061058, 0.015363, 0.985624, -0.168251, -0.059317, 0.168873, 0.983851)
    Head.CFrame = CFrame.new(0, -0, -0, 0.997658, -0.063568, 0.025248, 0.06228, 0.99686, 0.048896, -0.028277, -0.047209, 0.998485)
    Left Arm.CFrame = CFrame.new(0.531802, -0.510713, 0.065981, 0.125148, 0.991233, 0.042371, -0.942625, 0.105471, 0.316755, 0.309509, -0.079582, 0.947561)
    Right Arm.CFrame = CFrame.new(-0.175385, -0.442503, 0.140769, 0.15918, -0.98089, 0.11188, 0.792675, 0.194536, 0.577773, -0.588497, -0.003286, 0.808493)
    Left Leg.CFrame = CFrame.new(-0.164384, 0.594926, 0.128565, 0.725901, -0.021329, 0.687469, -0.041547, 0.996334, 0.074781, -0.686544, -0.082846, 0.722354)
    Right Leg.CFrame = CFrame.new(0.483395, 0.419742, 0.142609, 0.895984, 0.086607, -0.43556, -0.129435, 0.989144, -0.069578, 0.424805, 0.118717, 0.897467)

[27]
    Time: 0.866667
    HumanoidRootPart.CFrame = CFrame.new(0, 0, 0, 1, 0, 0, 0, 1, 0, 0, 0, 1)
    Torso.CFrame = CFrame.new(-0.062996, -0.017305, -0.334359, 0.993263, -0.037536, 0.109635, 0.053596, 0.987618, -0.147439, -0.102743, 0.152322, 0.982976)
    Head.CFrame = CFrame.new(0, 0, 0, 0.999527, -0.030733, 0.001328, 0.030755, 0.999276, -0.022401, -0.000639, 0.022432, 0.999748)
    Left Arm.CFrame = CFrame.new(0.403119, -0.467449, 0.071529, 0.029067, 0.92611, 0.376132, -0.913975, -0.127736, 0.38514, 0.404727, -0.35497, 0.842729)
    Right Arm.CFrame = CFrame.new(-0.133625, -0.409573, 0.182402, 0.105689, -0.977758, -0.181158, 0.799948, -0.024618, 0.599564, -0.590689, -0.208285, 0.779554)
    Left Leg.CFrame = CFrame.new(-0.156233, 0.695335, 0.089825, 0.684692, -0.020691, 0.728539, -0.10687, 0.985942, 0.128439, -0.720955, -0.1658, 0.672855)
    Right Leg.CFrame = CFrame.new(0.450223, 0.282238, 0.12985, 0.89109, 0.101079, -0.442427, -0.183277, 0.971998, -0.147069, 0.415173, 0.212138, 0.884663)

[28]
    Time: 0.900000
    HumanoidRootPart.CFrame = CFrame.new(0, 0, 0, 1, 0, 0, 0, 1, 0, 0, 0, 1)
    Torso.CFrame = CFrame.new(-0.139426, -0.025398, -0.233931, 0.985717, -0.071325, 0.152557, 0.089913, 0.988859, -0.118631, -0.142396, 0.130654, 0.981149)
    Head.CFrame = CFrame.new(0, -0, 0, 0.999581, -0.000532, -0.028949, -0.001857, 0.996594, -0.08244, 0.028894, 0.082459, 0.996176)
    Left Arm.CFrame = CFrame.new(0.28198, -0.435268, 0.060569, -0.065095, 0.808109, 0.585425, -0.862585, -0.34053, 0.374149, 0.501708, -0.480623, 0.719229)
    Right Arm.CFrame = CFrame.new(-0.047434, -0.38419, 0.196744, -0.004676, -0.925504, -0.378709, 0.823274, -0.218533, 0.523893, -0.567626, -0.309332, 0.762965)
    Left Leg.CFrame = CFrame.new(-0.14664, 0.774627, 0.028737, 0.629018, -0.015859, 0.777229, -0.175441, 0.971103, 0.161801, -0.757335, -0.238134, 0.608059)
    Right Leg.CFrame = CFrame.new(0.37651, 0.101941, 0.076648, 0.883761, 0.099538, -0.457229, -0.217442, 0.952569, -0.212913, 0.414349, 0.287585, 0.863487)

[29]
    Time: 0.933333
    HumanoidRootPart.CFrame = CFrame.new(0, 0, 0, 1, 0, 0, 0, 1, 0, 0, 0, 1)
    Torso.CFrame = CFrame.new(-0.173672, -0.034007, -0.128038, 0.979064, -0.108703, 0.1721, 0.124931, 0.988394, -0.086429, -0.160707, 0.10612, 0.981281)
    Head.CFrame = CFrame.new(0, 0, -0, 0.99819, 0.033989, -0.049623, -0.039922, 0.991486, -0.123941, 0.044988, 0.125698, 0.991048)
    Left Arm.CFrame = CFrame.new(0.194053, -0.421854, 0.03866, -0.140291, 0.71586, 0.684004, -0.812175, -0.478328, 0.334026, 0.566295, -0.508671, 0.64851)
    Right Arm.CFrame = CFrame.new(0.122828, -0.379176, 0.197714, -0.160234, -0.854037, -0.49492, 0.814718, -0.397505, 0.422166, -0.557279, -0.335575, 0.759493)
    Left Leg.CFrame = CFrame.new(-0.156984, 0.954246, -0.060053, 0.578674, -0.034339, 0.814836, -0.209502, 0.959327, 0.18921, -0.788191, -0.280201, 0.547943)
    Right Leg.CFrame = CFrame.new(0.264773, -0.036849, 0.02279, 0.867092, 0.09006, -0.48994, -0.230941, 0.944119, -0.235171, 0.441382, 0.317062, 0.839437)

[30]
    Time: 0.966667
    HumanoidRootPart.CFrame = CFrame.new(0, 0, 0, 1, 0, 0, 0, 1, 0, 0, 0, 1)
    Torso.CFrame = CFrame.new(-0.178841, -0.042333, -0.034487, 0.974275, -0.150572, 0.167682, 0.161551, 0.985397, -0.0538, -0.157132, 0.079505, 0.984372)
    Head.CFrame = CFrame.new(0, 0, -0, 0.994935, 0.084457, -0.054512, -0.090708, 0.988029, -0.124786, 0.043321, 0.129099, 0.990685)
    Left Arm.CFrame = CFrame.new(0.100774, -0.424589, 0.009509, -0.234067, 0.667176, 0.70717, -0.769649, -0.571575, 0.284503, 0.594015, -0.47768, 0.647278)
    Right Arm.CFrame = CFrame.new(0.327256, -0.388795, 0.186977, -0.366359, -0.767017, -0.52675, 0.74995, -0.578508, 0.320787, -0.550778, -0.277513, 0.787166)
    Left Leg.CFrame = CFrame.new(-0.173756, 1.1002, -0.155934, 0.553, -0.067466, 0.830445, -0.221937, 0.948777, 0.224869, -0.803078, -0.30866, 0.5097)
    Right Leg.CFrame = CFrame.new(0.135912, -0.122741, -0.016276, 0.84174, 0.082563, -0.533532, -0.23191, 0.947712, -0.219223, 0.487535, 0.30826, 0.816875)

[31]
    Time: 1.000000
    HumanoidRootPart.CFrame = CFrame.new(0, 0, 0, 1, 0, 0, 0, 1, 0, 0, 0, 1)
    Torso.CFrame = CFrame.new(-0.169512, -0.050931, 0.034153, 0.965213, -0.197789, 0.171009, 0.204959, 0.978447, -0.025167, -0.162346, 0.059342, 0.984948)
    Head.CFrame = CFrame.new(0, 0, 0, 0.986128, 0.153031, -0.064283, -0.157608, 0.984765, -0.073466, 0.052062, 0.082578, 0.995224)
    Left Arm.CFrame = CFrame.new(-0.034769, -0.442785, -0.009106, -0.35264, 0.641755, 0.681025, -0.714598, -0.654557, 0.246789, 0.604148, -0.399632, 0.68942)
    Right Arm.CFrame = CFrame.new(0.412477, -0.368577, 0.136902, -0.557055, -0.701499, -0.44451, 0.689168, -0.68914, 0.223904, -0.463398, -0.181615, 0.86734)
    Left Leg.CFrame = CFrame.new(-0.205721, 1.12136, -0.184292, 0.562145, -0.091675, 0.821942, -0.230846, 0.936945, 0.262382, -0.794168, -0.337239, 0.505535)
    Right Leg.CFrame = CFrame.new(0.006961, -0.180965, -0.070205, 0.810896, 0.072071, -0.580736, -0.230008, 0.951771, -0.203048, 0.538094, 0.298225, 0.788364)

[32]
    Time: 1.033333
    HumanoidRootPart.CFrame = CFrame.new(0, 0, 0, 1, 0, 0, 0, 1, 0, 0, 0, 1)
    Torso.CFrame = CFrame.new(-0.154569, -0.0615, 0.071594, 0.950441, -0.265737, 0.161387, 0.269152, 0.963097, 0.000728, -0.155625, 0.042746, 0.986891)
    Head.CFrame = CFrame.new(0, 0, 0, 0.966789, 0.249764, -0.054198, -0.249973, 0.968248, 0.002988, 0.053223, 0.010659, 0.998526)
    Left Arm.CFrame = CFrame.new(-0.238936, -0.484148, 0.001818, -0.496684, 0.623579, 0.6037, -0.641547, -0.732248, 0.228538, 0.58457, -0.27379, 0.763752)
    Right Arm.CFrame = CFrame.new(0.446947, -0.337961, 0.020959, -0.731511, -0.616048, -0.292194, 0.599188, -0.785328, 0.155674, -0.325371, -0.061201, 0.943604)
    Left Leg.CFrame = CFrame.new(-0.292218, 1.09171, -0.152455, 0.624864, -0.117933, 0.771776, -0.189116, 0.936223, 0.296179, -0.757483, -0.331026, 0.562708)
    Right Leg.CFrame = CFrame.new(-0.098255, -0.19328, -0.106633, 0.757906, 0.081684, -0.64723, -0.241611, 0.956724, -0.162183, 0.605973, 0.279297, 0.744842)

[33]
    Time: 1.066667
    HumanoidRootPart.CFrame = CFrame.new(0, 0, 0, 1, 0, 0, 0, 1, 0, 0, 0, 1)
    Torso.CFrame = CFrame.new(-0.112527, -0.075849, 0.082458, 0.930586, -0.340938, 0.133307, 0.341192, 0.939744, 0.021656, -0.132658, 0.02533, 0.990838)
    Head.CFrame = CFrame.new(0, 0, 0, 0.936645, 0.34986, -0.017168, -0.34761, 0.934427, 0.077548, 0.043173, -0.066667, 0.996841)
    Left Arm.CFrame = CFrame.new(-0.452324, -0.529486, 0.009493, -0.644045, 0.59095, 0.485783, -0.55582, -0.797801, 0.233619, 0.525615, -0.119547, 0.842281)
    Right Arm.CFrame = CFrame.new(0.454735, -0.311343, -0.142171, -0.845593, -0.525826, -0.092081, 0.510396, -0.846902, 0.149175, -0.156424, 0.079144, 0.984514)
    Left Leg.CFrame = CFrame.new(-0.421734, 0.968278, -0.054264, 0.718855, -0.160799, 0.676307, -0.084216, 0.94557, 0.314334, -0.69004, -0.282916, 0.666186)
    Right Leg.CFrame = CFrame.new(-0.16945, -0.156389, -0.11687, 0.677477, 0.122445, -0.725281, -0.258604, 0.962745, -0.079026, 0.688584, 0.241099, 0.683903)

[34]
    Time: 1.100000
    HumanoidRootPart.CFrame = CFrame.new(0, 0, 0, 1, 0, 0, 0, 1, 0, 0, 0, 1)
    Torso.CFrame = CFrame.new(-0.058528, -0.094, 0.055325, 0.905347, -0.413963, 0.094768, 0.412399, 0.910274, 0.036461, -0.101358, 0.006073, 0.994831)
    Head.CFrame = CFrame.new(0, -0, -0, 0.899456, 0.436075, 0.028587, -0.435946, 0.890779, 0.128315, 0.03049, -0.127876, 0.991321)
    Left Arm.CFrame = CFrame.new(-0.595122, -0.547513, -0.100027, -0.766207, 0.535796, 0.354752, -0.476031, -0.844107, 0.246736, 0.431649, 0.020178, 0.901816)
    Right Arm.CFrame = CFrame.new(0.47325, -0.301681, -0.309526, -0.88678, -0.453936, 0.086967, 0.462055, -0.866111, 0.190678, -0.011232, 0.209273, 0.977793)
    Left Leg.CFrame = CFrame.new(-0.549964, 0.799481, 0.040637, 0.812545, -0.205273, 0.545557, 0.034174, 0.951106, 0.306968, -0.581895, -0.230782, 0.779832)
    Right Leg.CFrame = CFrame.new(-0.213195, -0.076982, -0.107033, 0.577111, 0.184599, -0.795529, -0.271846, 0.961989, 0.026017, 0.770093, 0.201247, 0.605357)

[35]
    Time: 1.133333
    HumanoidRootPart.CFrame = CFrame.new(0, 0, 0, 1, 0, 0, 0, 1, 0, 0, 0, 1)
    Torso.CFrame = CFrame.new(0.002288, -0.114116, -0.029928, 0.879006, -0.473936, 0.052267, 0.472144, 0.880457, 0.043301, -0.066541, -0.013385, 0.997694)
    Head.CFrame = CFrame.new(0, -0, 0, 0.864733, 0.498845, 0.058225, -0.501787, 0.853266, 0.141939, 0.021124, -0.151956, 0.988162)
    Left Arm.CFrame = CFrame.new(-0.688694, -0.566148, -0.292005, -0.853653, 0.466374, 0.231889, -0.40571, -0.874604, 0.265457, 0.326613, 0.132528, 0.935821)
    Right Arm.CFrame = CFrame.new(0.50157, -0.425124, -0.505649, -0.871285, -0.433648, 0.229808, 0.484804, -0.833327, 0.265577, 0.076339, 0.342805, 0.9363)
    Left Leg.CFrame = CFrame.new(-0.701287, 0.599399, 0.042337, 0.912123, -0.255505, 0.320543, 0.16282, 0.943466, 0.288724, -0.376192, -0.211161, 0.902159)
    Right Leg.CFrame = CFrame.new(-0.229713, 0.049185, -0.059637, 0.471909, 0.256268, -0.843581, -0.281808, 0.950473, 0.131093, 0.835396, 0.175864, 0.520755)

[36]
    Time: 1.166667
    HumanoidRootPart.CFrame = CFrame.new(0, 0, 0, 1, 0, 0, 0, 1, 0, 0, 0, 1)
    Torso.CFrame = CFrame.new(0.070131, -0.127323, -0.151164, 0.872095, -0.489137, 0.013947, 0.488453, 0.87188, 0.035197, -0.029377, -0.023882, 0.999283)
    Head.CFrame = CFrame.new(0, 0, -0, 0.855816, 0.516028, 0.035968, -0.516772, 0.849826, 0.103645, 0.022917, -0.107288, 0.993964)
    Left Arm.CFrame = CFrame.new(-0.714135, -0.628577, -0.415382, -0.883079, 0.430549, 0.186546, -0.378815, -0.888772, 0.258039, 0.276895, 0.157202, 0.947954)
    Right Arm.CFrame = CFrame.new(0.653158, -0.42829, -0.873301, -0.809909, -0.468101, 0.353453, 0.582514, -0.712511, 0.391159, 0.068738, 0.522695, 0.849744)
    Left Leg.CFrame = CFrame.new(-0.713012, 0.392854, 0.022534, 0.950864, -0.261892, 0.165139, 0.21897, 0.945928, 0.239318, -0.218885, -0.191398, 0.956795)
    Right Leg.CFrame = CFrame.new(-0.203056, 0.20454, 0.015209, 0.411614, 0.313249, -0.855832, -0.272454, 0.938423, 0.212441, 0.86968, 0.145731, 0.471614)

[37]
    Time: 1.200000
    HumanoidRootPart.CFrame = CFrame.new(0, 0, 0, 1, 0, 0, 0, 1, 0, 0, 0, 1)
    Torso.CFrame = CFrame.new(0.207106, -0.126617, -0.271863, 0.898882, -0.437784, -0.018864, 0.437984, 0.898947, 0.008007, 0.013453, -0.015459, 0.99979)
    Head.CFrame = CFrame.new(0, -0, -0, 0.879676, 0.474587, -0.030625, -0.474029, 0.880184, 0.02393, 0.038313, -0.006533, 0.999245)
    Left Arm.CFrame = CFrame.new(-0.705976, -0.53732, -0.239612, -0.873087, 0.416536, 0.253411, -0.353065, -0.898578, 0.260582, 0.336251, 0.13804, 0.931601)
    Right Arm.CFrame = CFrame.new(0.694324, -0.299411, -0.881779, -0.823835, -0.442326, 0.354463, 0.562099, -0.718144, 0.410261, 0.073087, 0.53723, 0.840263)
    Left Leg.CFrame = CFrame.new(-0.694287, 0.326338, 0.019839, 0.937572, -0.30088, 0.174439, 0.277428, 0.949494, 0.146613, -0.209742, -0.089065, 0.973692)
    Right Leg.CFrame = CFrame.new(-0.122301, 0.375266, 0.105971, 0.427991, 0.348431, -0.833918, -0.216304, 0.935372, 0.279808, 0.877517, 0.060624, 0.475698)

[38]
    Time: 1.233333
    HumanoidRootPart.CFrame = CFrame.new(0, 0, 0, 1, 0, 0, 0, 1, 0, 0, 0, 1)
    Torso.CFrame = CFrame.new(0.321225, -0.117605, -0.289608, 0.932666, -0.35704, -0.051543, 0.356256, 0.934081, -0.023982, 0.056708, 0.004005, 0.998383)
    Head.CFrame = CFrame.new(0, -0, 0, 0.903074, 0.4177, -0.099921, -0.425638, 0.901497, -0.078332, 0.057359, 0.113269, 0.991907)
    Left Arm.CFrame = CFrame.new(-0.622859, -0.568108, -0.046531, -0.826604, 0.382037, 0.413247, -0.298021, -0.920029, 0.254423, 0.477399, 0.08715, 0.874355)
    Right Arm.CFrame = CFrame.new(0.781438, -0.240313, -0.804524, -0.84242, -0.439519, 0.311691, 0.538757, -0.696067, 0.474586, 0.008369, 0.567726, 0.823175)
    Left Leg.CFrame = CFrame.new(-0.623234, 0.241507, 0.007254, 0.928513, -0.300956, 0.21746, 0.295163, 0.953596, 0.059448, -0.22526, 0.008987, 0.974257)
    Right Leg.CFrame = CFrame.new(-0.045483, 0.456858, 0.130215, 0.501363, 0.336111, -0.797286, -0.122709, 0.939772, 0.319014, 0.856492, -0.062108, 0.512411)

[39]
    Time: 1.266667
    HumanoidRootPart.CFrame = CFrame.new(0, 0, 0, 1, 0, 0, 0, 1, 0, 0, 0, 1)
    Torso.CFrame = CFrame.new(0.392197, -0.102262, -0.253397, 0.961645, -0.260401, -0.086193, 0.256317, 0.964989, -0.055666, 0.09767, 0.031438, 0.994722)
    Head.CFrame = CFrame.new(0, 0, 0, 0.926324, 0.352339, -0.133348, -0.371477, 0.913173, -0.167692, 0.062685, 0.204872, 0.976779)
    Left Arm.CFrame = CFrame.new(-0.448397, -0.654318, 0.14881, -0.71103, 0.332336, 0.619669, -0.233735, -0.942856, 0.237469, 0.663177, 0.024009, 0.748077)
    Right Arm.CFrame = CFrame.new(0.778043, -0.205265, -0.580433, -0.896529, -0.415037, 0.154855, 0.430417, -0.733464, 0.526091, -0.104767, 0.538308, 0.836211)
    Left Leg.CFrame = CFrame.new(-0.544058, 0.153307, 0.010055, 0.92155, -0.274024, 0.275057, 0.291682, 0.956198, -0.024645, -0.256256, 0.10294, 0.961112)
    Right Leg.CFrame = CFrame.new(-0.005499, 0.513313, 0.098627, 0.544707, 0.265675, -0.795431, 0.003432, 0.947779, 0.318909, 0.838619, -0.176442, 0.51535)

[40]
    Time: 1.300000
    HumanoidRootPart.CFrame = CFrame.new(0, 0, 0, 1, 0, 0, 0, 1, 0, 0, 0, 1)
    Torso.CFrame = CFrame.new(0.439125, -0.081335, -0.158674, 0.979913, -0.157212, -0.122694, 0.147605, 0.985484, -0.083871, 0.134099, 0.064076, 0.988894)
    Head.CFrame = CFrame.new(0, 0, 0, 0.956203, 0.272845, -0.10598, -0.289402, 0.935509, -0.202656, 0.043851, 0.224451, 0.973498)
