[1]
    Time: 0.000000
    HumanoidRootPart.CFrame = CFrame.new(0, 0, 0, 1, 0, 0, 0, 1, 0, 0, 0, 1)
    Torso.CFrame = CFrame.new(-0.13675, 0.044269, -0.102796, 0.820848, -0.551776, -0.147488, 0.563711, 0.824217, 0.053819, 0.091866, -0.127318, 0.987598)
    Left Leg.CFrame = CFrame.new(-0.297313, 0.007469, -0.006096, 0.996805, -0.078733, -0.013466, 0.077572, 0.994397, -0.071814, 0.019045, 0.07054, 0.997327)
    Right Arm.CFrame = CFrame.new(-0.579074, -0.202715, 0.085768, 0.575019, 0.087858, 0.813409, -0.362255, 0.918787, 0.156847, -0.733569, -0.384852, 0.560147)
    Head.CFrame = CFrame.new(0, 0, 0.016662, 0.928385, -0.040129, -0.369446, -0.00772, 0.991856, -0.127133, 0.371539, 0.12088, 0.920514)
    Left Arm.CFrame = CFrame.new(0.006231, -0.274084, 0.174447, 0.737085, -0.048247, -0.674076, 0.338432, 0.889714, 0.306385, 0.584953, -0.453961, 0.672123)
    Right Leg.CFrame = CFrame.new(0.735145, -0.639714, -0.26054, 0.042905, 0.90507, 0.423093, -0.998474, 0.02411, 0.049678, 0.034762, -0.424579, 0.904724)

[2]
    Time: 0.040000
    HumanoidRootPart.CFrame = CFrame.new(0, 0, 0, 1, 0, 0, 0, 1, 0, 0, 0, 1)
    Torso.CFrame = CFrame.new(0.243787, -0.226122, 0.813468, 0.46664, -0.591157, -0.65786, 0.884288, 0.297722, 0.359717, -0.01679, -0.749596, 0.661682)
    Left Leg.CFrame = CFrame.new(0.706705, -0.251311, 0.069225, -0.699892, -0.678164, 0.224156, 0.714188, -0.660366, 0.232062, -0.009351, 0.322508, 0.946521)
    Right Arm.CFrame = CFrame.new(0.763654, -0.037861, -0.448223, -0.222527, -0.956883, 0.186698, 0.966903, -0.241129, -0.083402, 0.124824, 0.16196, 0.978871)
    Head.CFrame = CFrame.new(0, 0, 0.016662, 0.998588, 0.048673, -0.021303, -0.052451, 0.839211, -0.54127, -0.008468, 0.541623, 0.840579)
    Left Arm.CFrame = CFrame.new(-0.631797, -0.110185, -0.349398, -0.361973, 0.927614, -0.092235, -0.926289, -0.369031, -0.076187, -0.10471, 0.057859, 0.992818)
    Right Leg.CFrame = CFrame.new(0.184482, 0.48933, 0.025712, 0.001637, -0.994264, -0.10694, 0.983017, -0.018025, 0.18263, -0.18351, -0.105423, 0.977349)

[3]
    Time: 0.080000
    HumanoidRootPart.CFrame = CFrame.new(0, 0, 0, 1, 0, 0, 0, 1, 0, 0, 0, 1)
    Torso.CFrame = CFrame.new(0.232699, -0.227067, 0.850923, 0.468943, -0.589992, -0.657269, 0.883137, 0.302487, 0.358569, -0.012737, -0.748606, 0.662892)
    Left Leg.CFrame = CFrame.new(0.685437, -0.20694, 0.060518, -0.665281, -0.709712, 0.231754, 0.746392, -0.625044, 0.228514, -0.017323, 0.325005, 0.945554)
    Right Arm.CFrame = CFrame.new(0.722374, -0.003377, -0.426088, -0.193289, -0.960996, 0.197803, 0.97376, -0.212579, -0.081249, 0.120129, 0.176908, 0.976869)
    Head.CFrame = CFrame.new(0, 0, 0.016662, 0.998818, 0.0451, -0.018103, -0.04773, 0.840299, -0.540018, -0.009143, 0.540244, 0.841459)
    Left Arm.CFrame = CFrame.new(-0.575464, -0.062081, -0.373727, -0.336973, 0.938791, -0.071564, -0.934288, -0.342818, -0.097883, -0.116425, 0.033877, 0.992622)
    Right Leg.CFrame = CFrame.new(0.192929, 0.483356, 0.02732, 0.053154, -0.994786, -0.08704, 0.984641, 0.037696, 0.170475, -0.166304, -0.094765, 0.98151)

[4]
    Time: 0.120000
    HumanoidRootPart.CFrame = CFrame.new(0, 0, 0, 1, 0, 0, 0, 1, 0, 0, 0, 1)
    Torso.CFrame = CFrame.new(0.222311, -0.227423, 0.857498, 0.471644, -0.589444, -0.655826, 0.881735, 0.307054, 0.358135, -0.009726, -0.747177, 0.664554)
    Left Leg.CFrame = CFrame.new(0.687207, -0.21594, 0.061555, -0.662896, -0.710549, 0.235984, 0.748551, -0.622447, 0.22854, -0.015502, 0.328145, 0.9445)
    Right Arm.CFrame = CFrame.new(0.681127, 0.002352, -0.40408, -0.16464, -0.964875, 0.204718, 0.980121, -0.183333, -0.075844, 0.110712, 0.188161, 0.975878)
    Head.CFrame = CFrame.new(0, 0, 0.016662, 0.999016, 0.041358, -0.016033, -0.043483, 0.841684, -0.538217, -0.008765, 0.538384, 0.842654)
    Left Arm.CFrame = CFrame.new(-0.519118, -0.054477, -0.37723, -0.311526, 0.948055, -0.064365, -0.94328, -0.316716, -0.099569, -0.114783, 0.029695, 0.992947)
    Right Leg.CFrame = CFrame.new(0.197471, 0.480608, 0.028041, 0.070627, -0.994533, -0.07692, 0.984657, 0.057174, 0.164872, -0.159572, -0.087385, 0.983311)

[5]
    Time: 0.160000
    HumanoidRootPart.CFrame = CFrame.new(0, 0, 0, 1, 0, 0, 0, 1, 0, 0, 0, 1)
    Torso.CFrame = CFrame.new(0.222311, -0.227423, 0.857498, 0.471644, -0.589444, -0.655826, 0.881735, 0.307054, 0.358135, -0.009726, -0.747177, 0.664554)
    Left Leg.CFrame = CFrame.new(0.687207, -0.21594, 0.061555, -0.662896, -0.710549, 0.235984, 0.748551, -0.622447, 0.22854, -0.015502, 0.328145, 0.9445)
    Right Arm.CFrame = CFrame.new(0.681127, 0.002352, -0.40408, -0.16464, -0.964875, 0.204718, 0.980121, -0.183333, -0.075844, 0.110712, 0.188161, 0.975878)
    Head.CFrame = CFrame.new(0, 0, 0.016662, 0.999016, 0.041358, -0.016033, -0.043483, 0.841684, -0.538217, -0.008765, 0.538384, 0.842654)
    Left Arm.CFrame = CFrame.new(-0.519118, -0.054477, -0.37723, -0.311526, 0.948055, -0.064365, -0.94328, -0.316716, -0.099569, -0.114783, 0.029695, 0.992947)
    Right Leg.CFrame = CFrame.new(0.197471, 0.480608, 0.028041, 0.070627, -0.994533, -0.07692, 0.984657, 0.057174, 0.164872, -0.159572, -0.087385, 0.983311)

[6]
    Time: 0.200000
    HumanoidRootPart.CFrame = CFrame.new(0, 0, 0, 1, 0, 0, 0, 1, 0, 0, 0, 1)
    Torso.CFrame = CFrame.new(0.222311, -0.227423, 0.857498, 0.471644, -0.589444, -0.655826, 0.881735, 0.307054, 0.358135, -0.009726, -0.747177, 0.664554)
    Left Leg.CFrame = CFrame.new(0.687207, -0.21594, 0.061555, -0.662896, -0.710549, 0.235984, 0.748551, -0.622447, 0.22854, -0.015502, 0.328145, 0.9445)
    Right Arm.CFrame = CFrame.new(0.681127, 0.002352, -0.40408, -0.16464, -0.964875, 0.204718, 0.980121, -0.183333, -0.075844, 0.110712, 0.188161, 0.975878)
    Head.CFrame = CFrame.new(0, 0, 0.016662, 0.999016, 0.041358, -0.016033, -0.043483, 0.841684, -0.538217, -0.008765, 0.538384, 0.842654)
    Left Arm.CFrame = CFrame.new(-0.519118, -0.054477, -0.37723, -0.311526, 0.948055, -0.064365, -0.94328, -0.316716, -0.099569, -0.114783, 0.029695, 0.992947)
    Right Leg.CFrame = CFrame.new(0.197471, 0.480608, 0.028041, 0.070627, -0.994533, -0.07692, 0.984657, 0.057174, 0.164872, -0.159572, -0.087385, 0.983311)

[7]
    Time: 0.240000
    HumanoidRootPart.CFrame = CFrame.new(0, 0, 0, 1, 0, 0, 0, 1, 0, 0, 0, 1)
    Torso.CFrame = CFrame.new(0.222311, -0.227423, 0.857498, 0.471644, -0.589444, -0.655826, 0.881735, 0.307054, 0.358135, -0.009726, -0.747177, 0.664554)
    Left Leg.CFrame = CFrame.new(0.687207, -0.21594, 0.061555, -0.662896, -0.710549, 0.235984, 0.748551, -0.622447, 0.22854, -0.015502, 0.328145, 0.9445)
    Right Arm.CFrame = CFrame.new(0.681127, 0.002352, -0.40408, -0.16464, -0.964875, 0.204718, 0.980121, -0.183333, -0.075844, 0.110712, 0.188161, 0.975878)
    Head.CFrame = CFrame.new(0, 0, 0.016662, 0.999016, 0.041358, -0.016033, -0.043483, 0.841684, -0.538217, -0.008765, 0.538384, 0.842654)
    Left Arm.CFrame = CFrame.new(-0.519118, -0.054477, -0.37723, -0.311526, 0.948055, -0.064365, -0.94328, -0.316716, -0.099569, -0.114783, 0.029695, 0.992947)
    Right Leg.CFrame = CFrame.new(0.197471, 0.480608, 0.028041, 0.070627, -0.994533, -0.07692, 0.984657, 0.057174, 0.164872, -0.159572, -0.087385, 0.983311)

[8]
    Time: 0.280000
    HumanoidRootPart.CFrame = CFrame.new(0, 0, 0, 1, 0, 0, 0, 1, 0, 0, 0, 1)
    Torso.CFrame = CFrame.new(0.222311, -0.227423, 0.857498, 0.471644, -0.589444, -0.655826, 0.881735, 0.307054, 0.358135, -0.009726, -0.747177, 0.664554)
    Left Leg.CFrame = CFrame.new(0.687207, -0.21594, 0.061555, -0.662896, -0.710549, 0.235984, 0.748551, -0.622447, 0.22854, -0.015502, 0.328145, 0.9445)
    Right Arm.CFrame = CFrame.new(0.681127, 0.002352, -0.40408, -0.16464, -0.964875, 0.204718, 0.980121, -0.183333, -0.075844, 0.110712, 0.188161, 0.975878)
    Head.CFrame = CFrame.new(0, 0, 0.016662, 0.999016, 0.041358, -0.016033, -0.043483, 0.841684, -0.538217, -0.008765, 0.538384, 0.842654)
    Left Arm.CFrame = CFrame.new(-0.519118, -0.054477, -0.37723, -0.311526, 0.948055, -0.064365, -0.94328, -0.316716, -0.099569, -0.114783, 0.029695, 0.992947)
    Right Leg.CFrame = CFrame.new(0.197471, 0.480608, 0.028041, 0.070627, -0.994533, -0.07692, 0.984657, 0.057174, 0.164872, -0.159572, -0.087385, 0.983311)

[9]
    Time: 0.320000
    HumanoidRootPart.CFrame = CFrame.new(0, 0, 0, 1, 0, 0, 0, 1, 0, 0, 0, 1)
    Torso.CFrame = CFrame.new(0.222311, -0.227423, 0.857498, 0.471644, -0.589444, -0.655826, 0.881735, 0.307054, 0.358135, -0.009726, -0.747177, 0.664554)
    Left Leg.CFrame = CFrame.new(0.687207, -0.21594, 0.061555, -0.662896, -0.710549, 0.235984, 0.748551, -0.622447, 0.22854, -0.015502, 0.328145, 0.9445)
    Right Arm.CFrame = CFrame.new(0.681127, 0.002352, -0.40408, -0.16464, -0.964875, 0.204718, 0.980121, -0.183333, -0.075844, 0.110712, 0.188161, 0.975878)
    Head.CFrame = CFrame.new(0, 0, 0.016662, 0.999016, 0.041358, -0.016033, -0.043483, 0.841684, -0.538217, -0.008765, 0.538384, 0.842654)
    Left Arm.CFrame = CFrame.new(-0.519118, -0.054477, -0.37723, -0.311526, 0.948055, -0.064365, -0.94328, -0.316716, -0.099569, -0.114783, 0.029695, 0.992947)
    Right Leg.CFrame = CFrame.new(0.197471, 0.480608, 0.028041, 0.070627, -0.994533, -0.07692, 0.984657, 0.057174, 0.164872, -0.159572, -0.087385, 0.983311)

[10]
    Time: 0.360000
    HumanoidRootPart.CFrame = CFrame.new(0, 0, 0, 1, 0, 0, 0, 1, 0, 0, 0, 1)
    Torso.CFrame = CFrame.new(0.240187, -0.296462, 0.894676, 0.466353, -0.499572, -0.730029, 0.883758, 0.299097, 0.359879, 0.038564, -0.813, 0.580986)
    Left Leg.CFrame = CFrame.new(0.490696, 0.229586, 0.00189, -0.343287, -0.915098, 0.211544, 0.925008, -0.290354, 0.245061, -0.162833, 0.279806, 0.946147)
    Right Arm.CFrame = CFrame.new(0.564887, -0.046248, -0.283887, 0.023885, -0.953569, 0.300225, 0.998083, 0.039896, 0.047314, -0.057095, 0.29852, 0.952694)
    Head.CFrame = CFrame.new(0, 0, 0.016662, 0.998225, 0.033219, -0.049422, -0.050451, 0.912685, -0.405538, 0.031635, 0.407312, 0.912741)
    Left Arm.CFrame = CFrame.new(-0.496115, -0.09781, -0.282031, -0.401997, 0.902922, 0.152087, -0.911851, -0.409869, 0.023133, 0.083223, -0.129381, 0.988096)
    Right Leg.CFrame = CFrame.new(0.25943, 0.455996, 0.031542, 0.637997, -0.765999, 0.078775, 0.759411, 0.642828, 0.100339, -0.127499, -0.004193, 0.99183)

[11]
    Time: 0.400000
    HumanoidRootPart.CFrame = CFrame.new(0, 0, 0, 1, 0, 0, 0, 1, 0, 0, 0, 1)
    Torso.CFrame = CFrame.new(0.19576, -0.324782, 0.604586, 0.542718, -0.361847, -0.757974, 0.780767, 0.550008, 0.296471, 0.309614, -0.7527, 0.581017)
    Left Leg.CFrame = CFrame.new(-0.900252, -0.155054, -0.50662, 0.284402, -0.859351, -0.425008, 0.95672, 0.282918, 0.068156, 0.061672, -0.425997, 0.90262)
    Right Arm.CFrame = CFrame.new(0.316048, -0.150224, -0.024352, 0.381073, -0.705492, 0.597549, 0.764317, 0.604041, 0.225732, -0.520196, 0.370697, 0.769403)
    Head.CFrame = CFrame.new(0, 0, 0.016662, 0.969994, -0.205992, 0.12915, 0.240278, 0.893313, -0.379813, -0.037133, 0.399448, 0.916004)
    Left Arm.CFrame = CFrame.new(-0.451834, -0.194868, -0.065095, -0.405466, 0.619981, 0.67173, -0.701724, -0.68204, 0.205925, 0.585816, -0.387873, 0.7116)
    Right Leg.CFrame = CFrame.new(1.1332, 0.623268, -0.389887, 0.838805, 0.319682, 0.440692, -0.434981, 0.880305, 0.189352, -0.327411, -0.350522, 0.87746)

[12]
    Time: 0.440000
    HumanoidRootPart.CFrame = CFrame.new(0, 0, 0, 1, 0, 0, 0, 1, 0, 0, 0, 1)
    Torso.CFrame = CFrame.new(0.093396, -0.256779, 0.405832, 0.685653, -0.199857, -0.699955, 0.43705, 0.881992, 0.176287, 0.582123, -0.426787, 0.692088)
    Left Leg.CFrame = CFrame.new(-0.425925, 0.469458, -0.332686, 0.926089, -0.336836, -0.17, 0.357591, 0.639833, 0.680252, -0.120362, -0.690764, 0.712992)
    Right Arm.CFrame = CFrame.new(0.074178, -0.25975, 0.22561, 0.443726, -0.252882, 0.859743, 0.239959, 0.957856, 0.157894, -0.863439, 0.136241, 0.485708)
    Head.CFrame = CFrame.new(0, 0, 0.016662, 0.831003, 0.07689, 0.550929, 0.109208, 0.948577, -0.297113, -0.545443, 0.307067, 0.779873)
    Left Arm.CFrame = CFrame.new(-0.410545, -0.28906, 0.170091, -0.104456, 0.208759, 0.972373, -0.389217, -0.908318, 0.153196, 0.915205, -0.362461, 0.176132)
    Right Leg.CFrame = CFrame.new(1.04157, 0.083587, -0.412959, 0.36087, 0.582636, 0.728223, -0.927748, 0.144592, 0.34406, 0.095167, -0.799768, 0.592718)

[13]
    Time: 0.480000
    HumanoidRootPart.CFrame = CFrame.new(0, 0, 0, 1, 0, 0, 0, 1, 0, 0, 0, 1)
    Torso.CFrame = CFrame.new(-0.09327, 0.093884, 1.08165, 0.986633, -0.117035, -0.11339, 0.129951, 0.984929, 0.114136, 0.098323, -0.127346, 0.986973)
    Left Leg.CFrame = CFrame.new(-0.6375, -0.049662, -1.11028, 0.945371, -0.31721, -0.07518, -0.052933, -0.376919, 0.924733, -0.321671, -0.870236, -0.373118)
    Right Arm.CFrame = CFrame.new(-0.035988, -0.313189, 0.33746, 0.375558, -0.063321, 0.924633, 0.004665, 0.99778, 0.066436, -0.926787, -0.020637, 0.37502)
    Head.CFrame = CFrame.new(0, 0, 0.016662, 0.946598, -0.042648, 0.319582, 0.116767, 0.969271, -0.216516, -0.300528, 0.24227, 0.92249)
    Left Arm.CFrame = CFrame.new(-0.390176, -0.329869, 0.296988, 0.073111, 0.050698, 0.996034, -0.26766, -0.961071, 0.068566, 0.960736, -0.271612, -0.056695)
    Right Leg.CFrame = CFrame.new(0.769264, -0.102608, -0.755204, 0.795787, 0.577344, 0.182747, 0.184492, -0.518567, 0.834896, 0.576789, -0.630684, -0.519185)

[14]
    Time: 0.520000
    HumanoidRootPart.CFrame = CFrame.new(0, 0, 0, 1, 0, 0, 0, 1, 0, 0, 0, 1)
    Torso.CFrame = CFrame.new(-0.09327, 0.093884, 1.08165, 0.986633, -0.117035, -0.11339, 0.129951, 0.984929, 0.114136, 0.098323, -0.127346, 0.986973)
    Left Leg.CFrame = CFrame.new(-0.6375, -0.049662, -1.11028, 0.945371, -0.31721, -0.07518, -0.052933, -0.376919, 0.924733, -0.321671, -0.870236, -0.373118)
    Right Arm.CFrame = CFrame.new(-0.023253, -0.214491, 0.327628, 0.375558, -0.063321, 0.924633, 0.004665, 0.99778, 0.066436, -0.926787, -0.020637, 0.37502)
    Head.CFrame = CFrame.new(0, 0, 0.016662, 0.955332, -0.046301, 0.291886, 0.112405, 0.97035, -0.213976, -0.273324, 0.237227, 0.932211)
    Left Arm.CFrame = CFrame.new(-0.40291, -0.231171, 0.306821, 0.073111, 0.050698, 0.996034, -0.26766, -0.961071, 0.068566, 0.960736, -0.271612, -0.056695)
    Right Leg.CFrame = CFrame.new(0.769264, -0.102608, -0.755204, 0.795787, 0.577344, 0.182747, 0.184492, -0.518567, 0.834896, 0.576789, -0.630684, -0.519185)

[15]
    Time: 0.560000
    HumanoidRootPart.CFrame = CFrame.new(0, 0, 0, 1, 0, 0, 0, 1, 0, 0, 0, 1)
    Torso.CFrame = CFrame.new(-0.093099, 0.092452, 1.06291, 0.986633, -0.117035, -0.11339, 0.129951, 0.984929, 0.114136, 0.098323, -0.127346, 0.986973)
    Left Leg.CFrame = CFrame.new(-0.694933, -0.021066, -1.12081, 0.928095, -0.360153, -0.094497, -0.01119, -0.280653, 0.959744, -0.372176, -0.889676, -0.264502)
    Right Arm.CFrame = CFrame.new(-0.030226, -0.271082, 0.332018, 0.375795, -0.062857, 0.924569, 0.01089, 0.997928, 0.063418, -0.926639, -0.013763, 0.375701)
    Head.CFrame = CFrame.new(0, 0, 0.016662, 0.969364, -0.05279, 0.239888, 0.10466, 0.972309, -0.208956, -0.222214, 0.227661, 0.948046)
    Left Arm.CFrame = CFrame.new(-0.396603, -0.269771, 0.302314, 0.072991, 0.051209, 0.996017, -0.260986, -0.9629, 0.068632, 0.962579, -0.264956, -0.056918)
    Right Leg.CFrame = CFrame.new(0.81128, -0.06692, -0.728142, 0.765301, 0.619071, 0.176256, 0.137708, -0.42496, 0.894676, 0.62877, -0.660425, -0.410473)

[16]
    Time: 0.600000
    HumanoidRootPart.CFrame = CFrame.new(0, 0, 0, 1, 0, 0, 0, 1, 0, 0, 0, 1)
    Torso.CFrame = CFrame.new(-0.092928, 0.091021, 1.04418, 0.986633, -0.117035, -0.11339, 0.129951, 0.984929, 0.114136, 0.098323, -0.127346, 0.986973)
    Left Leg.CFrame = CFrame.new(-0.738031, 0.023072, -1.10947, 0.911333, -0.395387, -0.114639, 0.04862, -0.173148, 0.983695, -0.40879, -0.902047, -0.138571)
    Right Arm.CFrame = CFrame.new(-0.037198, -0.327673, 0.336407, 0.376035, -0.062395, 0.924502, 0.017114, 0.998028, 0.060395, -0.926447, -0.006889, 0.376362)
    Head.CFrame = CFrame.new(0, 0, 0.016662, 0.97575, -0.056073, 0.211584, 0.100622, 0.973348, -0.206079, -0.194389, 0.222371, 0.955387)
    Left Arm.CFrame = CFrame.new(-0.390295, -0.308367, 0.297808, 0.072867, 0.051719, 0.996, -0.2543, -0.964682, 0.068698, 0.964376, -0.258289, -0.057141)
    Right Leg.CFrame = CFrame.new(0.834623, -0.022543, -0.685651, 0.739864, 0.651877, 0.166303, 0.073172, -0.323704, 0.943325, 0.668765, -0.685764, -0.287196)

[17]
    Time: 0.640000
    HumanoidRootPart.CFrame = CFrame.new(0, 0, 0, 1, 0, 0, 0, 1, 0, 0, 0, 1)
    Torso.CFrame = CFrame.new(-0.092928, 0.091021, 1.04418, 0.986633, -0.117035, -0.11339, 0.129951, 0.984929, 0.114136, 0.098323, -0.127346, 0.986973)
    Left Leg.CFrame = CFrame.new(-0.738031, 0.023072, -1.10947, 0.911333, -0.395387, -0.114639, 0.04862, -0.173148, 0.983695, -0.40879, -0.902047, -0.138571)
    Right Arm.CFrame = CFrame.new(-0.037198, -0.327673, 0.336407, 0.376035, -0.062395, 0.924502, 0.017114, 0.998028, 0.060395, -0.926447, -0.006889, 0.376362)
    Head.CFrame = CFrame.new(0, 0, 0.016662, 0.97575, -0.056073, 0.211584, 0.100622, 0.973348, -0.206079, -0.194389, 0.222371, 0.955387)
    Left Arm.CFrame = CFrame.new(-0.390295, -0.308367, 0.297808, 0.072867, 0.051719, 0.996, -0.2543, -0.964682, 0.068698, 0.964376, -0.258289, -0.057141)
    Right Leg.CFrame = CFrame.new(0.834623, -0.022543, -0.685651, 0.739864, 0.651877, 0.166303, 0.073172, -0.323704, 0.943325, 0.668765, -0.685764, -0.287196)

[18]
    Time: 0.680000
    HumanoidRootPart.CFrame = CFrame.new(0, 0, 0, 1, 0, 0, 0, 1, 0, 0, 0, 1)
    Torso.CFrame = CFrame.new(-0.092928, 0.091021, 1.04418, 0.986633, -0.117035, -0.11339, 0.129951, 0.984929, 0.114136, 0.098323, -0.127346, 0.986973)
    Left Leg.CFrame = CFrame.new(-0.738031, 0.023072, -1.10947, 0.911333, -0.395387, -0.114639, 0.04862, -0.173148, 0.983695, -0.40879, -0.902047, -0.138571)
    Right Arm.CFrame = CFrame.new(-0.037198, -0.327673, 0.336407, 0.376035, -0.062395, 0.924502, 0.017114, 0.998028, 0.060395, -0.926447, -0.006889, 0.376362)
    Head.CFrame = CFrame.new(0, 0, 0.016662, 0.97575, -0.056073, 0.211584, 0.100622, 0.973348, -0.206079, -0.194389, 0.222371, 0.955387)
    Left Arm.CFrame = CFrame.new(-0.390295, -0.308367, 0.297808, 0.072867, 0.051719, 0.996, -0.2543, -0.964682, 0.068698, 0.964376, -0.258289, -0.057141)
    Right Leg.CFrame = CFrame.new(0.834623, -0.022543, -0.685651, 0.739864, 0.651877, 0.166303, 0.073172, -0.323704, 0.943325, 0.668765, -0.685764, -0.287196)

[19]
    Time: 0.720000
    HumanoidRootPart.CFrame = CFrame.new(0, 0, 0, 1, 0, 0, 0, 1, 0, 0, 0, 1)
    Torso.CFrame = CFrame.new(-0.092928, 0.091021, 1.04418, 0.986633, -0.117035, -0.11339, 0.129951, 0.984929, 0.114136, 0.098323, -0.127346, 0.986973)
    Left Leg.CFrame = CFrame.new(-0.738031, 0.023072, -1.10947, 0.911333, -0.395387, -0.114639, 0.04862, -0.173148, 0.983695, -0.40879, -0.902047, -0.138571)
    Right Arm.CFrame = CFrame.new(-0.037198, -0.327673, 0.336407, 0.376035, -0.062395, 0.924502, 0.017114, 0.998028, 0.060395, -0.926447, -0.006889, 0.376362)
    Head.CFrame = CFrame.new(0, 0, 0.016662, 0.97575, -0.056073, 0.211584, 0.100622, 0.973348, -0.206079, -0.194389, 0.222371, 0.955387)
    Left Arm.CFrame = CFrame.new(-0.390295, -0.308367, 0.297808, 0.072867, 0.051719, 0.996, -0.2543, -0.964682, 0.068698, 0.964376, -0.258289, -0.057141)
    Right Leg.CFrame = CFrame.new(0.834623, -0.022543, -0.685651, 0.739864, 0.651877, 0.166303, 0.073172, -0.323704, 0.943325, 0.668765, -0.685764, -0.287196)

[20]
    Time: 0.760000
    HumanoidRootPart.CFrame = CFrame.new(0, 0, 0, 1, 0, 0, 0, 1, 0, 0, 0, 1)
    Torso.CFrame = CFrame.new(-0.092928, 0.091021, 1.04418, 0.986633, -0.117035, -0.11339, 0.129951, 0.984929, 0.114136, 0.098323, -0.127346, 0.986973)
    Left Leg.CFrame = CFrame.new(-0.738031, 0.023072, -1.10947, 0.911333, -0.395387, -0.114639, 0.04862, -0.173148, 0.983695, -0.40879, -0.902047, -0.138571)
    Right Arm.CFrame = CFrame.new(-0.037198, -0.327673, 0.336407, 0.376035, -0.062395, 0.924502, 0.017114, 0.998028, 0.060395, -0.926447, -0.006889, 0.376362)
    Head.CFrame = CFrame.new(0, 0, 0.016662, 0.97575, -0.056073, 0.211584, 0.100622, 0.973348, -0.206079, -0.194389, 0.222371, 0.955387)
    Left Arm.CFrame = CFrame.new(-0.390295, -0.308367, 0.297808, 0.072867, 0.051719, 0.996, -0.2543, -0.964682, 0.068698, 0.964376, -0.258289, -0.057141)
    Right Leg.CFrame = CFrame.new(0.834623, -0.022543, -0.685651, 0.739864, 0.651877, 0.166303, 0.073172, -0.323704, 0.943325, 0.668765, -0.685764, -0.287196)

[21]
    Time: 0.800000
    HumanoidRootPart.CFrame = CFrame.new(0, 0, 0, 1, 0, 0, 0, 1, 0, 0, 0, 1)
    Torso.CFrame = CFrame.new(-0.092928, 0.091021, 1.04418, 0.986633, -0.117035, -0.11339, 0.129951, 0.984929, 0.114136, 0.098323, -0.127346, 0.986973)
    Left Leg.CFrame = CFrame.new(-0.738031, 0.023072, -1.10947, 0.911333, -0.395387, -0.114639, 0.04862, -0.173148, 0.983695, -0.40879, -0.902047, -0.138571)
    Right Arm.CFrame = CFrame.new(-0.037198, -0.327673, 0.336407, 0.376035, -0.062395, 0.924502, 0.017114, 0.998028, 0.060395, -0.926447, -0.006889, 0.376362)
    Head.CFrame = CFrame.new(0, 0, 0.016662, 0.97575, -0.056073, 0.211584, 0.100622, 0.973348, -0.206079, -0.194389, 0.222371, 0.955387)
    Left Arm.CFrame = CFrame.new(-0.390295, -0.308367, 0.297808, 0.072867, 0.051719, 0.996, -0.2543, -0.964682, 0.068698, 0.964376, -0.258289, -0.057141)
    Right Leg.CFrame = CFrame.new(0.834623, -0.022543, -0.685651, 0.739864, 0.651877, 0.166303, 0.073172, -0.323704, 0.943325, 0.668765, -0.685764, -0.287196)

[22]
    Time: 0.840000
    HumanoidRootPart.CFrame = CFrame.new(0, 0, 0, 1, 0, 0, 0, 1, 0, 0, 0, 1)
    Torso.CFrame = CFrame.new(-0.077758, 0.077693, 0.747739, 0.990471, -0.099822, -0.094882, 0.109029, 0.989256, 0.09739, 0.084141, -0.106807, 0.990713)
    Left Leg.CFrame = CFrame.new(-0.833259, 0.151265, -0.994105, 0.874771, -0.468895, -0.122116, 0.129697, -0.016236, 0.991421, -0.466855, -0.883104, 0.046612)
    Right Arm.CFrame = CFrame.new(-0.036145, -0.441502, 0.255239, 0.325694, -0.355827, 0.875963, 0.031639, 0.930062, 0.366039, -0.944946, -0.091502, 0.314173)
    Head.CFrame = CFrame.new(0, 0, 0.016663, 0.976764, -0.078531, 0.199412, 0.116018, 0.976076, -0.183889, -0.1802, 0.202752, 0.962507)
    Left Arm.CFrame = CFrame.new(-0.344234, -0.287582, 0.377337, 0.079703, 0.080388, 0.993572, -0.101816, -0.990873, 0.088337, 0.991605, -0.108202, -0.070791)
    Right Leg.CFrame = CFrame.new(0.882029, 0.109536, -0.618813, 0.722323, 0.680153, 0.125064, -0.038862, -0.140637, 0.989298, 0.690463, -0.719453, -0.075153)

[23]
    Time: 0.880000
    HumanoidRootPart.CFrame = CFrame.new(0, 0, 0, 1, 0, 0, 0, 1, 0, 0, 0, 1)
    Torso.CFrame = CFrame.new(-0.045146, 0.047124, 0.042016, 0.99665, -0.06045, -0.055093, 0.063687, 0.996223, 0.05903, 0.051316, -0.062341, 0.996735)
    Left Leg.CFrame = CFrame.new(-0.993214, 0.211209, -1.00867, 0.80491, -0.589467, -0.068178, -0.030862, -0.156324, 0.987224, -0.592593, -0.792522, -0.144019)
    Right Arm.CFrame = CFrame.new(-0.029702, -0.660914, 0.068764, 0.273422, -0.811826, 0.515926, 0.037933, 0.545047, 0.837547, -0.961146, -0.209433, 0.179823)
    Head.CFrame = CFrame.new(0, 0, 0.016662, 0.993438, -0.033317, 0.10941, 0.04458, 0.993768, -0.10217, -0.105324, 0.106377, 0.988732)
    Left Arm.CFrame = CFrame.new(-0.232767, -0.246738, 0.525669, 0.129463, 0.143907, 0.981086, 0.198434, -0.973159, 0.116559, 0.971526, 0.179591, -0.154544)
    Right Leg.CFrame = CFrame.new(1.10056, 0.203278, -0.824977, 0.665895, 0.741011, 0.086527, 0.046657, -0.157116, 0.986477, 0.744585, -0.652853, -0.139196)

[24]
    Time: 0.920000
    HumanoidRootPart.CFrame = CFrame.new(0, 0, 0, 1, 0, 0, 0, 1, 0, 0, 0, 1)
    Torso.CFrame = CFrame.new(-0.013782, 0.015028, -0.375192, 0.999673, -0.019249, -0.01682, 0.019565, 0.999632, 0.018813, 0.016452, -0.019136, 0.999682)
    Left Leg.CFrame = CFrame.new(-1.19439, 0.635273, -0.809631, 0.666755, -0.744045, -0.042847, 0.391648, 0.300891, 0.869526, -0.634074, -0.596542, 0.492025)
    Right Arm.CFrame = CFrame.new(-0.02065, -0.783426, -0.144272, 0.36457, -0.922702, 0.125341, 0.134478, 0.185365, 0.973425, -0.921415, -0.338026, 0.191661)
    Head.CFrame = CFrame.new(0, 0, 0.016662, 0.999673, 0.019565, 0.016452, -0.019249, 0.999632, -0.019136, -0.01682, 0.018813, 0.999682)
    Left Arm.CFrame = CFrame.new(-0.095203, -0.222884, 0.60657, 0.302263, 0.227503, 0.925678, 0.395166, -0.913631, 0.095508, 0.867457, 0.336928, -0.366058)
    Right Leg.CFrame = CFrame.new(1.17331, 0.768894, -0.576947, 0.650935, 0.759059, 0.010657, -0.568727, 0.47832, 0.669149, 0.502826, -0.441633, 0.743052)

[25]
    Time: 0.960000
    HumanoidRootPart.CFrame = CFrame.new(0, 0, 0, 1, 0, 0, 0, 1, 0, 0, 0, 1)
    Torso.CFrame = CFrame.new(0, 0, -0.23, 1, 0, 0, 0, 1, 0, 0, 0, 1)
    Left Leg.CFrame = CFrame.new(-0.659688, 0.111931, -0.004095, 0.942553, -0.334056, 0, 0.334056, 0.942553, 0, 0, 0, 1)
    Right Arm.CFrame = CFrame.new(0.015122, -0.318212, -0.263584, 0.915173, 0.085918, -0.393798, -0.015818, 0.98392, 0.17791, 0.402751, -0.156589, 0.901816)
    Head.CFrame = CFrame.new(0, 0, 0.016662, 1, 0, 0, 0, 1, 0, 0, 0, 1)
    Left Arm.CFrame = CFrame.new(-0.015728, -0.360785, -0.299579, 0.913013, -0.093639, 0.397038, -0.007752, 0.969139, 0.246393, -0.407857, -0.228038, 0.88411)
    Right Leg.CFrame = CFrame.new(0.659677, 0.111922, -0.004095, 0.942556, 0.334049, 1e-06, -0.334049, 0.942556, 0, -1e-06, 0, 1)

[26]
    Time: 1.000000
    HumanoidRootPart.CFrame = CFrame.new(0, 0, 0, 1, 0, 0, 0, 1, 0, 0, 0, 1)
    Torso.CFrame = CFrame.new(0, 0, -0.081268, 1, 0, 0, 0, 1, 0, 0, 0, 1)
    Left Leg.CFrame = CFrame.new(-0.390082, 0.040606, -0.004095, 0.981341, -0.192273, 0, 0.192273, 0.981341, 0, 0, 0, 1)
    Right Arm.CFrame = CFrame.new(0.01296, -0.190477, -0.264111, 0.913507, 0.053684, -0.403265, 0.01626, 0.985645, 0.168047, 0.406498, -0.160069, 0.899521)
    Head.CFrame = CFrame.new(0, 0, 0.016662, 1, 0, 0, 0, 1, 0, 0, 0, 1)
    Left Arm.CFrame = CFrame.new(-0.017072, -0.294827, -0.299171, 0.911952, -0.05984, 0.40591, -0.034046, 0.974859, 0.220207, -0.408882, -0.214638, 0.886987)
    Right Leg.CFrame = CFrame.new(0.390064, 0.040599, -0.004095, 0.981342, 0.19227, 1e-06, -0.192271, 0.981342, 0, -1e-06, 0, 1)

[27]
    Time: 1.040000
    HumanoidRootPart.CFrame = CFrame.new(0, 0, 0, 1, 0, 0, 0, 1, 0, 0, 0, 1)
    Torso.CFrame = CFrame.new(0, 0, -0.03, 1, 0, 0, 0, 1, 0, 0, 0, 1)
    Left Leg.CFrame = CFrame.new(-0.226784, 0.016132, -0.004095, 0.994316, -0.106471, 0, 0.106471, 0.994316, 0, 0, 0, 1)
    Right Arm.CFrame = CFrame.new(0.011279, -0.172198, -0.264382, 0.913164, 0.021544, -0.407022, 0.048393, 0.985808, 0.16075, 0.404709, -0.166488, 0.899162)
    Head.CFrame = CFrame.new(0, 0, 0.016662, 1, 0, 0, 0, 1, 0, 0, 0, 1)
    Left Arm.CFrame = CFrame.new(-0.018494, -0.229135, -0.299296, 0.911613, -0.029198, 0.410011, -0.06359, 0.975448, 0.210848, -0.406101, -0.218285, 0.887375)
    Right Leg.CFrame = CFrame.new(0.226764, 0.016128, -0.004095, 0.994316, 0.106472, 1e-06, -0.106472, 0.994316, 0, -1e-06, 0, 1)

[28]
    Time: 1.080000
    HumanoidRootPart.CFrame = CFrame.new(0, 0, 0, 1, 0, 0, 0, 1, 0, 0, 0, 1)
    Torso.CFrame = CFrame.new(0, 0, -0.03, 1, 0, 0, 0, 1, 0, 0, 0, 1)
    Left Leg.CFrame = CFrame.new(-0.226784, 0.016132, -0.004095, 0.994316, -0.106471, 0, 0.106471, 0.994316, 0, 0, 0, 1)
    Right Arm.CFrame = CFrame.new(0.011279, -0.172198, -0.264382, 0.913164, 0.021544, -0.407022, 0.048393, 0.985808, 0.16075, 0.404709, -0.166488, 0.899162)
    Head.CFrame = CFrame.new(0, 0, 0.016662, 1, 0, 0, 0, 1, 0, 0, 0, 1)
    Left Arm.CFrame = CFrame.new(-0.018494, -0.229135, -0.299296, 0.911613, -0.029198, 0.410011, -0.06359, 0.975448, 0.210848, -0.406101, -0.218285, 0.887375)
    Right Leg.CFrame = CFrame.new(0.226764, 0.016128, -0.004095, 0.994316, 0.106472, 1e-06, -0.106472, 0.994316, 0, -1e-06, 0, 1)

[29]
    Time: 1.120000
    HumanoidRootPart.CFrame = CFrame.new(0, 0, 0, 1, 0, 0, 0, 1, 0, 0, 0, 1)
    Torso.CFrame = CFrame.new(0, 0, -0.03, 1, 0, 0, 0, 1, 0, 0, 0, 1)
    Left Leg.CFrame = CFrame.new(-0.226784, 0.016132, -0.004095, 0.994316, -0.106471, 0, 0.106471, 0.994316, 0, 0, 0, 1)
    Right Arm.CFrame = CFrame.new(0.011279, -0.172198, -0.264382, 0.913164, 0.021544, -0.407022, 0.048393, 0.985808, 0.16075, 0.404709, -0.166488, 0.899162)
    Head.CFrame = CFrame.new(0, 0, 0.016662, 1, 0, 0, 0, 1, 0, 0, 0, 1)
    Left Arm.CFrame = CFrame.new(-0.018494, -0.229135, -0.299296, 0.911613, -0.029198, 0.410011, -0.06359, 0.975448, 0.210848, -0.406101, -0.218285, 0.887375)
    Right Leg.CFrame = CFrame.new(0.226764, 0.016128, -0.004095, 0.994316, 0.106472, 1e-06, -0.106472, 0.994316, 0, -1e-06, 0, 1)

[30]
    Time: 1.160000
    HumanoidRootPart.CFrame = CFrame.new(0, 0, 0, 1, 0, 0, 0, 1, 0, 0, 0, 1)
    Torso.CFrame = CFrame.new(0, 0, -0.03, 1, 0, 0, 0, 1, 0, 0, 0, 1)
    Left Leg.CFrame = CFrame.new(-0.226784, 0.016132, -0.004095, 0.994316, -0.106471, 0, 0.106471, 0.994316, 0, 0, 0, 1)
    Right Arm.CFrame = CFrame.new(0.011279, -0.172198, -0.264382, 0.913164, 0.021544, -0.407022, 0.048393, 0.985808, 0.16075, 0.404709, -0.166488, 0.899162)
    Head.CFrame = CFrame.new(0, 0, 0.016662, 1, 0, 0, 0, 1, 0, 0, 0, 1)
    Left Arm.CFrame = CFrame.new(-0.018494, -0.229135, -0.299296, 0.911613, -0.029198, 0.410011, -0.06359, 0.975448, 0.210848, -0.406101, -0.218285, 0.887375)
    Right Leg.CFrame = CFrame.new(0.226764, 0.016128, -0.004095, 0.994316, 0.106472, 1e-06, -0.106472, 0.994316, 0, -1e-06, 0, 1)

[31]
    Time: 1.200000
    HumanoidRootPart.CFrame = CFrame.new(0, 0, 0, 1, 0, 0, 0, 1, 0, 0, 0, 1)
    Torso.CFrame = CFrame.new(0, 0, -0.03, 1, 0, 0, 0, 1, 0, 0, 0, 1)
    Left Leg.CFrame = CFrame.new(-0.226784, 0.016132, -0.004095, 0.994316, -0.106471, 0, 0.106471, 0.994316, 0, 0, 0, 1)
    Right Arm.CFrame = CFrame.new(0.011279, -0.172198, -0.264382, 0.913164, 0.021544, -0.407022, 0.048393, 0.985808, 0.16075, 0.404709, -0.166488, 0.899162)
    Head.CFrame = CFrame.new(0, 0, 0.016662, 1, 0, 0, 0, 1, 0, 0, 0, 1)
    Left Arm.CFrame = CFrame.new(-0.018494, -0.229135, -0.299296, 0.911613, -0.029198, 0.410011, -0.06359, 0.975448, 0.210848, -0.406101, -0.218285, 0.887375)
    Right Leg.CFrame = CFrame.new(0.226764, 0.016128, -0.004095, 0.994316, 0.106472, 1e-06, -0.106472, 0.994316, 0, -1e-06, 0, 1)

[32]
    Time: 1.240000
    HumanoidRootPart.CFrame = CFrame.new(0, 0, 0, 1, 0, 0, 0, 1, 0, 0, 0, 1)
    Torso.CFrame = CFrame.new(0, 0, -0.03, 1, 0, 0, 0, 1, 0, 0, 0, 1)
    Left Leg.CFrame = CFrame.new(-0.226784, 0.016132, -0.004095, 0.994316, -0.106471, 0, 0.106471, 0.994316, 0, 0, 0, 1)
    Right Arm.CFrame = CFrame.new(0.011279, -0.172198, -0.264382, 0.913164, 0.021544, -0.407022, 0.048393, 0.985808, 0.16075, 0.404709, -0.166488, 0.899162)
    Head.CFrame = CFrame.new(0, 0, 0.016662, 1, 0, 0, 0, 1, 0, 0, 0, 1)
    Left Arm.CFrame = CFrame.new(-0.018494, -0.229135, -0.299296, 0.911613, -0.029198, 0.410011, -0.06359, 0.975448, 0.210848, -0.406101, -0.218285, 0.887375)
    Right Leg.CFrame = CFrame.new(0.226764, 0.016128, -0.004095, 0.994316, 0.106472, 1e-06, -0.106472, 0.994316, 0, -1e-06, 0, 1)

[33]
    Time: 1.280000
    HumanoidRootPart.CFrame = CFrame.new(0, 0, 0, 1, 0, 0, 0, 1, 0, 0, 0, 1)
    Torso.CFrame = CFrame.new(0, 0, -0.03, 1, 0, 0, 0, 1, 0, 0, 0, 1)
    Left Leg.CFrame = CFrame.new(-0.226784, 0.016132, -0.004095, 0.994316, -0.106471, 0, 0.106471, 0.994316, 0, 0, 0, 1)
    Right Arm.CFrame = CFrame.new(0.011279, -0.172198, -0.264382, 0.913164, 0.021544, -0.407022, 0.048393, 0.985808, 0.16075, 0.404709, -0.166488, 0.899162)
    Head.CFrame = CFrame.new(0, 0, 0.016662, 1, 0, 0, 0, 1, 0, 0, 0, 1)
    Left Arm.CFrame = CFrame.new(-0.018494, -0.229135, -0.299296, 0.911613, -0.029198, 0.410011, -0.06359, 0.975448, 0.210848, -0.406101, -0.218285, 0.887375)
    Right Leg.CFrame = CFrame.new(0.226764, 0.016128, -0.004095, 0.994316, 0.106472, 1e-06, -0.106472, 0.994316, 0, -1e-06, 0, 1)

[34]
    Time: 1.320000
    HumanoidRootPart.CFrame = CFrame.new(0, 0, 0, 1, 0, 0, 0, 1, 0, 0, 0, 1)
    Torso.CFrame = CFrame.new(0, -0.089773, -0.041444, 1, 0, 0, 0, 0.999467, -0.032658, 0, 0.032658, 0.999467)
    Left Leg.CFrame = CFrame.new(-0.185299, 0.011698, -0.004095, 0.996408, -0.084682, 0, 0.084682, 0.996408, 0, 0, 0, 1)
    Right Arm.CFrame = CFrame.new(0.011279, -0.172198, -0.264382, 0.913164, 0.021544, -0.407022, 0.048393, 0.985808, 0.16075, 0.404709, -0.166488, 0.899162)
    Head.CFrame = CFrame.new(0, 0, 0.016662, 1, 0, 0, 0, 0.999941, -0.010824, 0, 0.010824, 0.999941)
    Left Arm.CFrame = CFrame.new(-0.018494, -0.229135, -0.299296, 0.911613, -0.029198, 0.410012, -0.06359, 0.975448, 0.210848, -0.406101, -0.218285, 0.887375)
    Right Leg.CFrame = CFrame.new(0.18528, 0.011695, -0.004095, 0.996408, 0.084683, 1e-06, -0.084683, 0.996408, 0, -1e-06, 0, 1)

[35]
    Time: 1.360000
    HumanoidRootPart.CFrame = CFrame.new(0, 0, 0, 1, 0, 0, 0, 1, 0, 0, 0, 1)
    Torso.CFrame = CFrame.new(0, -0.721462, -0.180538, 1, 0, 0, 0, 0.965926, -0.258819, 0, 0.258819, 0.965926)
    Left Leg.CFrame = CFrame.new(-0.069845, 0.002845, -0.004095, 0.99971, -0.024066, 0, 0.024066, 0.99971, 0, 0, 0, 1)
    Right Arm.CFrame = CFrame.new(0.011279, -0.172198, -0.264382, 0.913164, 0.021544, -0.407022, 0.048393, 0.985808, 0.16075, 0.404709, -0.166488, 0.899162)
    Head.CFrame = CFrame.new(0, 0, 0.016662, 1, 0, 0, 0, 0.996195, -0.087156, 0, 0.087156, 0.996195)
    Left Arm.CFrame = CFrame.new(-0.018493, -0.229135, -0.299296, 0.911613, -0.029198, 0.410012, -0.06359, 0.975448, 0.210848, -0.406101, -0.218285, 0.887375)
    Right Leg.CFrame = CFrame.new(0.069829, 0.002844, -0.004095, 0.99971, 0.024069, 1e-06, -0.024069, 0.99971, 0, -1e-06, 0, 1)

[36]
    Time: 1.400000
    HumanoidRootPart.CFrame = CFrame.new(0, 0, 0, 1, 0, 0, 0, 1, 0, 0, 0, 1)
    Torso.CFrame = CFrame.new(0, -2.97792, -2.63439, 1, 0, 0, 0, -0.085955, -0.996299, 0, 0.996299, -0.085955)
    Left Leg.CFrame = CFrame.new(0.027997, -0.000793, -0.004095, 0.99963, 0.027208, 0, -0.027208, 0.99963, 0, 0, 0, 1)
    Right Arm.CFrame = CFrame.new(0.011279, -0.172198, -0.264382, 0.913164, 0.021544, -0.407022, 0.048393, 0.985808, 0.160749, 0.404709, -0.166488, 0.899162)
    Head.CFrame = CFrame.new(0, 0, 0.016662, 1, 0, 0, 0, 0.996299, 0.085955, 0, -0.085955, 0.996299)
    Left Arm.CFrame = CFrame.new(-0.018494, -0.229135, -0.299296, 0.911613, -0.029198, 0.410011, -0.06359, 0.975448, 0.210848, -0.406101, -0.218285, 0.887375)
    Right Leg.CFrame = CFrame.new(-0.027998, -0.000792, -0.004095, 0.99963, -0.027209, 1e-06, 0.027209, 0.99963, 0, -1e-06, 0, 1)

[37]
    Time: 1.440000
    HumanoidRootPart.CFrame = CFrame.new(0, 0, 0, 1, 0, 0, 0, 1, 0, 0, 0, 1)
    Torso.CFrame = CFrame.new(0, -2.96898, -2.65364, 1, 0, 0, 0, -0.063708, -0.997969, 0, 0.997969, -0.063708)
    Left Leg.CFrame = CFrame.new(0.027997, -0.000793, -0.004095, 0.99963, 0.027208, 0, -0.027208, 0.99963, 0, 0, 0, 1)
    Right Arm.CFrame = CFrame.new(0.011279, -0.172198, -0.264382, 0.913164, 0.021544, -0.407022, 0.048393, 0.985808, 0.16075, 0.404709, -0.166488, 0.899162)
    Head.CFrame = CFrame.new(0, 0, 0.016662, 1, 0, 0, 0, 0.997969, 0.063708, 0, -0.063708, 0.997969)
    Left Arm.CFrame = CFrame.new(-0.018494, -0.229135, -0.299296, 0.911613, -0.029198, 0.410012, -0.06359, 0.975448, 0.210848, -0.406101, -0.218284, 0.887375)
    Right Leg.CFrame = CFrame.new(-0.027998, -0.000791, -0.004095, 0.99963, -0.027209, 1e-06, 0.027209, 0.99963, 0, -1e-06, 0, 1)

[38]
    Time: 1.480000
    HumanoidRootPart.CFrame = CFrame.new(0, 0, 0, 1, 0, 0, 0, 1, 0, 0, 0, 1)
    Torso.CFrame = CFrame.new(0, -2.95179, -2.64605, 1, 0, 0, 0, -0.022308, -0.999751, 0, 0.999751, -0.022308)
    Left Leg.CFrame = CFrame.new(0.027997, -0.000792, -0.004095, 0.99963, 0.027208, 0, -0.027208, 0.99963, 0, 0, 0, 1)
    Right Arm.CFrame = CFrame.new(0.011279, -0.172198, -0.264382, 0.913164, 0.021544, -0.407022, 0.048393, 0.985808, 0.160749, 0.404709, -0.166488, 0.899162)
    Head.CFrame = CFrame.new(0, 0, 0.016662, 1, 0, 0, 0, 0.999751, 0.022308, 0, -0.022308, 0.999751)
    Left Arm.CFrame = CFrame.new(-0.018494, -0.229135, -0.299296, 0.911613, -0.029198, 0.410011, -0.06359, 0.975448, 0.210848, -0.406101, -0.218285, 0.887375)
    Right Leg.CFrame = CFrame.new(-0.027998, -0.000791, -0.004095, 0.99963, -0.027209, 1e-06, 0.027208, 0.99963, 0, -1e-06, 0, 1)

[39]
    Time: 1.520000
    HumanoidRootPart.CFrame = CFrame.new(0, 0, 0, 1, 0, 0, 0, 1, 0, 0, 0, 1)
    Torso.CFrame = CFrame.new(0, -2.94222, -2.63772, 1, 0, 0, 0, 0, -1, 0, 1, 0)
    Left Leg.CFrame = CFrame.new(0.027997, -0.000792, -0.004095, 0.99963, 0.027208, 0, -0.027208, 0.99963, 0, 0, 0, 1)
    Right Arm.CFrame = CFrame.new(0.011279, -0.172198, -0.264382, 0.913164, 0.021544, -0.407022, 0.048393, 0.985808, 0.16075, 0.404709, -0.166488, 0.899162)
    Head.CFrame = CFrame.new(0, 0, 0.016663, 1, 0, 0, 0, 1, 0, 0, 0, 1)
    Left Arm.CFrame = CFrame.new(-0.018493, -0.229135, -0.299296, 0.911613, -0.029198, 0.410012, -0.06359, 0.975448, 0.210848, -0.406101, -0.218284, 0.887375)
    Right Leg.CFrame = CFrame.new(-0.027998, -0.000791, -0.004095, 0.99963, -0.027209, 1e-06, 0.027209, 0.99963, 0, -1e-06, 0, 1)

[40]
    Time: 1.560000
    HumanoidRootPart.CFrame = CFrame.new(0, 0, 0, 1, 0, 0, 0, 1, 0, 0, 0, 1)
    Torso.CFrame = CFrame.new(0, -2.94222, -2.63772, 1, 0, 0, 0, 0, -1, 0, 1, 0)
    Left Leg.CFrame = CFrame.new(0.027997, -0.000792, -0.004095, 0.99963, 0.027208, 0, -0.027208, 0.99963, 0, 0, 0, 1)
    Right Arm.CFrame = CFrame.new(0.011279, -0.172198, -0.264382, 0.913164, 0.021544, -0.407022, 0.048393, 0.985808, 0.16075, 0.404709, -0.166488, 0.899162)
    Head.CFrame = CFrame.new(0, 0, 0.016663, 1, 0, 0, 0, 1, 0, 0, 0, 1)
    Left Arm.CFrame = CFrame.new(-0.018493, -0.229135, -0.299296, 0.911613, -0.029198, 0.410012, -0.06359, 0.975448, 0.210848, -0.406101, -0.218284, 0.887375)
    Right Leg.CFrame = CFrame.new(-0.027998, -0.000791, -0.004095, 0.99963, -0.027209, 1e-06, 0.027209, 0.99963, 0, -1e-06, 0, 1)

[41]
    Time: 1.600000
    HumanoidRootPart.CFrame = CFrame.new(0, 0, 0, 1, 0, 0, 0, 1, 0, 0, 0, 1)
    Torso.CFrame = CFrame.new(0, -2.94222, -2.63772, 1, 0, 0, 0, 0, -1, 0, 1, 0)
    Left Leg.CFrame = CFrame.new(0.027997, -0.000792, -0.004095, 0.99963, 0.027208, 0, -0.027208, 0.99963, 0, 0, 0, 1)
    Right Arm.CFrame = CFrame.new(0.011279, -0.172198, -0.264382, 0.913164, 0.021544, -0.407022, 0.048393, 0.985808, 0.16075, 0.404709, -0.166488, 0.899162)
    Head.CFrame = CFrame.new(0, 0, 0.016663, 1, 0, 0, 0, 1, 0, 0, 0, 1)
    Left Arm.CFrame = CFrame.new(-0.018493, -0.229135, -0.299296, 0.911613, -0.029198, 0.410012, -0.06359, 0.975448, 0.210848, -0.406101, -0.218284, 0.887375)
    Right Leg.CFrame = CFrame.new(-0.027998, -0.000791, -0.004095, 0.99963, -0.027209, 1e-06, 0.027209, 0.99963, 0, -1e-06, 0, 1)

[42]
    Time: 1.640000
    HumanoidRootPart.CFrame = CFrame.new(0, 0, 0, 1, 0, 0, 0, 1, 0, 0, 0, 1)
    Torso.CFrame = CFrame.new(0, -2.94222, -2.63772, 1, 0, 0, 0, 0, -1, 0, 1, 0)
    Left Leg.CFrame = CFrame.new(0.027997, -0.000792, -0.004095, 0.99963, 0.027208, 0, -0.027208, 0.99963, 0, 0, 0, 1)
    Right Arm.CFrame = CFrame.new(0.011279, -0.172198, -0.264382, 0.913164, 0.021544, -0.407022, 0.048393, 0.985808, 0.16075, 0.404709, -0.166488, 0.899162)
    Head.CFrame = CFrame.new(0, 0, 0.016663, 1, 0, 0, 0, 1, 0, 0, 0, 1)
    Left Arm.CFrame = CFrame.new(-0.018493, -0.229135, -0.299296, 0.911613, -0.029198, 0.410012, -0.06359, 0.975448, 0.210848, -0.406101, -0.218284, 0.887375)
    Right Leg.CFrame = CFrame.new(-0.027998, -0.000791, -0.004095, 0.99963, -0.027209, 1e-06, 0.027209, 0.99963, 0, -1e-06, 0, 1)

[43]
    Time: 1.680000
    HumanoidRootPart.CFrame = CFrame.new(0, 0, 0, 1, 0, 0, 0, 1, 0, 0, 0, 1)
    Torso.CFrame = CFrame.new(0, -2.94222, -2.63772, 1, 0, 0, 0, 0, -1, 0, 1, 0)
    Left Leg.CFrame = CFrame.new(0.027997, -0.000792, -0.004095, 0.99963, 0.027208, 0, -0.027208, 0.99963, 0, 0, 0, 1)
    Right Arm.CFrame = CFrame.new(0.011279, -0.172198, -0.264382, 0.913164, 0.021544, -0.407022, 0.048393, 0.985808, 0.16075, 0.404709, -0.166488, 0.899162)
