[1]
    Time: 0.000000
    HumanoidRootPart.CFrame = CFrame.new(0, 0, 0, 1, 0, 0, 0, 1, 0, 0, 0, 1)
    Torso.CFrame = CFrame.new(0.026552, 0.729724, -0.370587, 0.999799, -0.020022, -0.000755904, 0.0197961, 0.992937, -0.116982, 0.00309278, 0.116944, 0.993134)
    Left Leg.CFrame = CFrame.new(-0.629689, 0.404691, 0.0633364, 0.970276, -0.193311, 0.145586, 0.175894, 0.976521, 0.12437, -0.16621, -0.095066, 0.981497)
    Right Arm.CFrame = CFrame.new(0.257787, -0.398161, -0.0619176, 0.420027, -0.811616, 0.406025, 0.63215, 0.582669, 0.510767, -0.651125, 0.0421319, 0.7578)
    Left Arm.CFrame = CFrame.new(0.251917, -0.1678, 0.013425, 0.994521, -0.027698, -0.100804, 0.0490563, 0.975151, 0.216041, 0.0923149, -0.219802, 0.971167)
    Right Leg.CFrame = CFrame.new(-0.0953603, -0.284003, 0.151659, 0.670031, 0.704661, -0.233478, -0.717365, 0.695521, 0.0404724, 0.190908, 0.140371, 0.97152)
    Head.CFrame = CFrame.new(8.75443e-08, -7.60192e-08, 3.57628e-07, 0.998475, 0.0200361, 0.0514413, -0.0180844, 0.999109, -0.0381297, -0.0521594, 0.0371412, 0.997948)

[2]
    Time: 0.016667
    HumanoidRootPart.CFrame = CFrame.new(0, 0, 0, 1, 0, 0, 0, 1, 0, 0, 0, 1)
    Torso.CFrame = CFrame.new(0.0198023, 0.680228, -0.31176, 0.999189, -0.0204457, 0.0346919, 0.0243115, 0.993074, -0.114944, -0.0321016, 0.115694, 0.992766)
    Left Leg.CFrame = CFrame.new(-0.599319, 0.381763, 0.0551078, 0.96391, -0.20791, 0.166286, 0.176407, 0.966591, 0.185964, -0.199395, -0.149919, 0.968383)
    Right Arm.CFrame = CFrame.new(0.219075, -0.412552, -0.0201499, 0.527663, -0.764852, 0.369558, 0.550136, 0.639187, 0.537392, -0.647242, -0.080255, 0.758048)
    Left Arm.CFrame = CFrame.new(0.204226, -0.212273, 0.0377082, 0.989379, 0.0519552, -0.13576, -0.0221272, 0.976889, 0.212597, 0.143668, -0.207335, 0.967663)
    Right Leg.CFrame = CFrame.new(-0.14552, -0.322814, 0.0987891, 0.708634, 0.67284, -0.212426, -0.690469, 0.723254, -0.0125041, 0.145224, 0.155534, 0.977097)
    Head.CFrame = CFrame.new(9.40636e-08, -4.65661e-08, 0, 0.999514, 0.0229919, 0.0210538, -0.021671, 0.997906, -0.0609495, -0.022411, 0.0604636, 0.997919)

[3]
    Time: 0.033333
    HumanoidRootPart.CFrame = CFrame.new(0, 0, 0, 1, 0, 0, 0, 1, 0, 0, 0, 1)
    Torso.CFrame = CFrame.new(0.0151365, 0.629469, -0.269788, 0.996818, -0.0245348, 0.0758365, 0.032732, 0.993523, -0.108813, -0.0726757, 0.110949, 0.991165)
    Left Leg.CFrame = CFrame.new(-0.575146, 0.37598, 0.0440668, 0.955031, -0.231166, 0.185685, 0.179823, 0.949487, 0.257172, -0.235755, -0.212217, 0.948358)
    Right Arm.CFrame = CFrame.new(0.157206, -0.405936, 0.0249888, 0.64585, -0.704588, 0.293996, 0.49282, 0.678857, 0.544318, -0.583101, -0.20666, 0.785675)
    Left Arm.CFrame = CFrame.new(0.15588, -0.255925, 0.0706493, 0.975408, 0.139744, -0.170443, -0.102376, 0.972083, 0.211125, 0.195189, -0.188484, 0.962484)
    Right Leg.CFrame = CFrame.new(-0.104597, -0.346604, 0.0602714, 0.724829, 0.662304, -0.189674, -0.681391, 0.729809, -0.0555481, 0.101636, 0.169505, 0.980275)
    Head.CFrame = CFrame.new(1.02445e-07, -5.14556e-08, -1.19209e-07, 0.999461, 0.031383, -0.00964856, -0.0321967, 0.994387, -0.100791, 0.00643126, 0.101048, 0.994861)

[4]
    Time: 0.050000
    HumanoidRootPart.CFrame = CFrame.new(0, 0, 0, 1, 0, 0, 0, 1, 0, 0, 0, 1)
    Torso.CFrame = CFrame.new(0.0121697, 0.577459, -0.241103, 0.992463, -0.0310748, 0.118537, 0.0428087, 0.994289, -0.097765, -0.114822, 0.102103, 0.988125)
    Left Leg.CFrame = CFrame.new(-0.55731, 0.377515, 0.032275, 0.942927, -0.264179, 0.202726, 0.187625, 0.924439, 0.331979, -0.275109, -0.274996, 0.921245)
    Right Arm.CFrame = CFrame.new(0.077297, -0.384274, 0.0681732, 0.755714, -0.626812, 0.189749, 0.451402, 0.708461, 0.542512, -0.474482, -0.32433, 0.818338)
    Left Arm.CFrame = CFrame.new(0.108856, -0.294471, 0.105271, 0.951062, 0.230802, -0.205456, -0.187253, 0.959394, 0.210949, 0.245801, -0.162153, 0.955661)
    Right Leg.CFrame = CFrame.new(0.00252433, -0.353519, 0.0388216, 0.721392, 0.670101, -0.174809, -0.68822, 0.721798, -0.0732133, 0.0771162, 0.173122, 0.981877)
    Head.CFrame = CFrame.new(1.06171e-07, 1.21072e-08, -3.57628e-07, 0.998334, 0.0379798, -0.0434499, -0.0437027, 0.989269, -0.139414, 0.0376887, 0.141081, 0.98928)

[5]
    Time: 0.066667
    HumanoidRootPart.CFrame = CFrame.new(0, 0, 0, 1, 0, 0, 0, 1, 0, 0, 0, 1)
    Torso.CFrame = CFrame.new(0.0105173, 0.52421, -0.222134, 0.986294, -0.0387977, 0.160371, 0.0523483, 0.995326, -0.081152, -0.156473, 0.0884349, 0.983715)
    Left Leg.CFrame = CFrame.new(-0.543342, 0.379654, 0.0215819, 0.926728, -0.3068, 0.216907, 0.199775, 0.891267, 0.407104, -0.318222, -0.333942, 0.887253)
    Right Arm.CFrame = CFrame.new(-0.0121753, -0.352029, 0.104818, 0.840921, -0.535905, 0.0752183, 0.417611, 0.731038, 0.539615, -0.34417, -0.422361, 0.838545)
    Left Arm.CFrame = CFrame.new(0.0652747, -0.324142, 0.134829, 0.916167, 0.319906, -0.241452, -0.272132, 0.938787, 0.211244, 0.29425, -0.127828, 0.947142)
    Right Leg.CFrame = CFrame.new(0.125164, -0.32609, 0.0349252, 0.714867, 0.677209, -0.174224, -0.693697, 0.718182, -0.0547678, 0.0880353, 0.16001, 0.983182)
    Head.CFrame = CFrame.new(0, -2.18861e-08, 2.38419e-07, 0.995766, 0.0383725, -0.08353, -0.0514657, 0.985656, -0.160729, 0.0761642, 0.164348, 0.983458)

[6]
    Time: 0.083333
    HumanoidRootPart.CFrame = CFrame.new(0, 0, 0, 1, 0, 0, 0, 1, 0, 0, 0, 1)
    Torso.CFrame = CFrame.new(0.00979465, 0.469736, -0.209314, 0.978825, -0.0464293, 0.199362, 0.0591883, 0.99653, -0.0585202, -0.195954, 0.069081, 0.978177)
    Left Leg.CFrame = CFrame.new(-0.528981, 0.377151, 0.0140927, 0.905601, -0.357949, 0.227505, 0.215595, 0.850441, 0.479863, -0.365246, -0.385516, 0.847333)
    Right Arm.CFrame = CFrame.new(-0.0996951, -0.312506, 0.132542, 0.895766, -0.443851, -0.024488, 0.384836, 0.746734, 0.542484, -0.222496, -0.495363, 0.839709)
    Left Arm.CFrame = CFrame.new(0.027232, -0.341755, 0.152821, 0.872085, 0.401895, -0.279191, -0.352578, 0.911676, 0.211036, 0.339346, -0.0856046, 0.936758)
    Right Leg.CFrame = CFrame.new(0.227306, -0.267212, 0.039803, 0.720193, 0.669355, -0.182443, -0.682429, 0.730844, -0.0125326, 0.124949, 0.133531, 0.983137)
    Head.CFrame = CFrame.new(1.19209e-07, -5.58794e-08, 3.57628e-07, 0.99174, 0.0342809, -0.123596, -0.0561606, 0.982399, -0.178154, 0.115314, 0.183624, 0.97621)

[7]
    Time: 0.100000
    HumanoidRootPart.CFrame = CFrame.new(0, 0, 0, 1, 0, 0, 0, 1, 0, 0, 0, 1)
    Torso.CFrame = CFrame.new(0.00961697, 0.414048, -0.199072, 0.970944, -0.0526704, 0.23344, 0.0612353, 0.997685, -0.02959, -0.231341, 0.043025, 0.971921)
    Left Leg.CFrame = CFrame.new(-0.508312, 0.365882, 0.0118203, 0.87909, -0.415672, 0.233274, 0.234605, 0.803339, 0.547364, -0.414922, -0.426455, 0.803726)
    Right Arm.CFrame = CFrame.new(-0.172385, -0.268317, 0.151988, 0.926888, -0.366038, -0.0830337, 0.347677, 0.753956, 0.557379, -0.141418, -0.545497, 0.826096)
    Left Arm.CFrame = CFrame.new(-0.00337441, -0.344655, 0.152966, 0.821583, 0.472102, -0.319563, -0.424767, 0.880803, 0.209185, 0.380229, -0.0361229, 0.924187)
    Right Leg.CFrame = CFrame.new(0.304146, -0.212403, 0.0381699, 0.740428, 0.646583, -0.183566, -0.656104, 0.754583, 0.0114522, 0.145921, 0.111959, 0.982941)
    Head.CFrame = CFrame.new(4.47035e-08, -2.79397e-09, 0, 0.98696, 0.0280922, -0.158498, -0.0591401, 0.979072, -0.194732, 0.14971, 0.201566, 0.967966)

[8]
    Time: 0.116667
    HumanoidRootPart.CFrame = CFrame.new(0, 0, 0, 1, 0, 0, 0, 1, 0, 0, 0, 1)
    Torso.CFrame = CFrame.new(0.0106543, 0.357159, -0.188002, 0.964046, -0.0546916, 0.260045, 0.0551539, 0.998463, 0.00552442, -0.259948, 0.0090167, 0.965581)
    Left Leg.CFrame = CFrame.new(-0.477469, 0.340931, 0.017053, 0.846391, -0.47983, 0.231052, 0.260827, 0.75174, 0.605686, -0.464317, -0.452383, 0.761419)
    Right Arm.CFrame = CFrame.new(-0.221479, -0.222037, 0.16629, 0.945692, -0.31252, -0.0894268, 0.303673, 0.751226, 0.58604, -0.11597, -0.58137, 0.805332)
    Left Arm.CFrame = CFrame.new(-0.0251974, -0.330106, 0.133401, 0.768332, 0.526852, -0.363445, -0.485976, 0.849732, 0.20441, 0.416525, 0.019571, 0.908914)
    Right Leg.CFrame = CFrame.new(0.364545, -0.190666, 0.030323, 0.767057, 0.618844, -0.169277, -0.628875, 0.777471, -0.00738177, 0.12704, 0.112116, 0.985541)
    Head.CFrame = CFrame.new(-3.53903e-08, -5.7742e-08, 2.38419e-07, 0.982666, 0.0204571, -0.18425, -0.0590282, 0.976691, -0.206376, 0.175734, 0.213675, 0.960969)

[9]
    Time: 0.133333
    HumanoidRootPart.CFrame = CFrame.new(0, 0, 0, 1, 0, 0, 0, 1, 0, 0, 0, 1)
    Torso.CFrame = CFrame.new(0.0165954, 0.29908, -0.175271, 0.959177, -0.0467962, 0.278909, 0.0356468, 0.998355, 0.0449167, -0.280552, -0.0331408, 0.959267)
    Left Leg.CFrame = CFrame.new(-0.444781, 0.295337, 0.0339171, 0.802566, -0.556555, 0.214791, 0.306385, 0.693475, 0.652089, -0.511876, -0.457535, 0.72708)
    Right Arm.CFrame = CFrame.new(-0.258094, -0.176851, 0.179573, 0.959206, -0.268732, -0.0877887, 0.264235, 0.741798, 0.616373, -0.100518, -0.614426, 0.782545)
    Left Arm.CFrame = CFrame.new(-0.0393674, -0.297776, 0.109482, 0.714597, 0.566676, -0.410157, -0.537608, 0.820026, 0.196305, 0.447581, 0.080224, 0.890638)
    Right Leg.CFrame = CFrame.new(0.413107, -0.177089, 0.0213602, 0.793875, 0.591262, -0.142026, -0.600297, 0.799288, -0.0279736, 0.0969796, 0.107465, 0.989468)
    Head.CFrame = CFrame.new(5.02914e-08, 3.44589e-08, 3.57628e-07, 0.980052, 0.00687818, -0.198624, -0.0497778, 0.976041, -0.211815, 0.192408, 0.217476, 0.956913)

[10]
    Time: 0.150000
    HumanoidRootPart.CFrame = CFrame.new(0, 0, 0, 1, 0, 0, 0, 1, 0, 0, 0, 1)
    Torso.CFrame = CFrame.new(0.0263553, 0.239826, -0.162121, 0.955877, -0.0314703, 0.292077, 0.00627614, 0.996206, 0.0867982, -0.2937, -0.0811353, 0.952448)
    Left Leg.CFrame = CFrame.new(-0.403014, 0.234309, 0.0587112, 0.747832, -0.637231, 0.186237, 0.365172, 0.629104, 0.686205, -0.554434, -0.445158, 0.703163)
    Right Arm.CFrame = CFrame.new(-0.286591, -0.135104, 0.191847, 0.96984, -0.22906, -0.0833197, 0.227695, 0.729418, 0.645062, -0.0869834, -0.644578, 0.759574)
    Left Arm.CFrame = CFrame.new(-0.0479299, -0.253885, 0.08377, 0.660619, 0.594992, -0.457786, -0.583632, 0.790589, 0.185317, 0.472182, 0.144754, 0.869534)
    Right Leg.CFrame = CFrame.new(0.450192, -0.167776, 0.0115196, 0.819991, 0.562468, -0.106039, -0.569121, 0.820944, -0.0463944, 0.0609564, 0.0983917, 0.993279)
    Head.CFrame = CFrame.new(1.95345e-07, 2.8871e-08, -1.19209e-07, 0.978927, -0.00986821, -0.203972, -0.0343358, 0.976658, -0.212039, 0.201304, 0.214574, 0.955738)

[11]
    Time: 0.166667
    HumanoidRootPart.CFrame = CFrame.new(0, 0, 0, 1, 0, 0, 0, 1, 0, 0, 0, 1)
    Torso.CFrame = CFrame.new(0.0382742, 0.179408, -0.149853, 0.953436, -0.0120581, 0.301355, -0.0284396, 0.991154, 0.129637, -0.300252, -0.132171, 0.944658)
    Left Leg.CFrame = CFrame.new(-0.344424, 0.166913, 0.0850109, 0.685933, -0.712171, 0.14936, 0.429175, 0.561705, 0.707316, -0.587627, -0.42107, 0.690938)
    Right Arm.CFrame = CFrame.new(-0.309898, -0.0988494, 0.202731, 0.979009, -0.189531, -0.074963, 0.190177, 0.717171, 0.670446, -0.0733091, -0.670629, 0.738162)
    Left Arm.CFrame = CFrame.new(-0.0528104, -0.204778, 0.0567319, 0.605929, 0.615067, -0.504522, -0.627544, 0.759337, 0.172035, 0.488915, 0.212368, 0.846086)
    Right Leg.CFrame = CFrame.new(0.474757, -0.161672, 0.00130129, 0.845201, 0.53039, -0.0657446, -0.534012, 0.843068, -0.0637709, 0.0216038, 0.0890076, 0.995797)
    Head.CFrame = CFrame.new(1.78814e-07, -4.42378e-08, 2.38419e-07, 0.978887, -0.0264172, -0.202689, -0.0166543, 0.978009, -0.207899, 0.203724, 0.206885, 0.95692)

[12]
    Time: 0.183333
    HumanoidRootPart.CFrame = CFrame.new(0, 0, 0, 1, 0, 0, 0, 1, 0, 0, 0, 1)
    Torso.CFrame = CFrame.new(0.0506921, 0.117838, -0.139764, 0.951293, 0.00801907, 0.308184, -0.0639962, 0.983023, 0.171963, -0.301573, -0.18331, 0.935656)
    Left Leg.CFrame = CFrame.new(-0.265667, 0.105038, 0.105461, 0.623244, -0.774344, 0.109357, 0.491053, 0.496336, 0.715903, -0.608633, -0.392482, 0.689582)
    Right Arm.CFrame = CFrame.new(-0.331049, -0.069926, 0.21184, 0.987383, -0.145904, -0.0615301, 0.147624, 0.707608, 0.691012, -0.0572825, -0.691378, 0.720219)
    Left Arm.CFrame = CFrame.new(-0.0558368, -0.156516, 0.0287528, 0.549598, 0.629929, -0.548755, -0.672221, 0.723463, 0.157226, 0.496045, 0.282473, 0.821065)
    Right Leg.CFrame = CFrame.new(0.485421, -0.157273, -0.00868338, 0.869686, 0.492935, -0.0257319, -0.493307, 0.866163, -0.0800631, -0.0171778, 0.0823235, 0.996458)
    Head.CFrame = CFrame.new(5.58794e-08, -9.49949e-08, 0, 0.979678, -0.0394528, -0.196657, -0.000745337, 0.979741, -0.200266, 0.200574, 0.196343, 0.959802)

[13]
    Time: 0.200000
    HumanoidRootPart.CFrame = CFrame.new(0, 0, 0, 1, 0, 0, 0, 1, 0, 0, 0, 1)
    Torso.CFrame = CFrame.new(0.0619491, 0.0551293, -0.133156, 0.949211, 0.0252521, 0.313626, -0.0960326, 0.972464, 0.21235, -0.299628, -0.231683, 0.925498)
    Left Leg.CFrame = CFrame.new(-0.169253, 0.0614752, 0.114082, 0.567071, -0.820531, 0.0718258, 0.544005, 0.438581, 0.715335, -0.618457, -0.366572, 0.69508)
    Right Arm.CFrame = CFrame.new(-0.353205, -0.0498867, 0.218714, 0.99473, -0.093631, -0.0417833, 0.0957499, 0.702564, 0.70515, -0.0366685, -0.705434, 0.707826)
    Left Arm.CFrame = CFrame.new(-0.0587234, -0.114902, 0.000204921, 0.490295, 0.642316, -0.589102, -0.719818, 0.679522, 0.141818, 0.4914, 0.354513, 0.795517)
    Right Leg.CFrame = CFrame.new(0.48108, -0.15334, -0.0182852, 0.893911, 0.448143, 0.00954175, -0.445359, 0.890366, -0.0943607, -0.0507827, 0.0801005, 0.995492)
    Head.CFrame = CFrame.new(2.98023e-08, -6.98492e-08, 0, 0.981282, -0.0455445, -0.187112, 0.00929834, 0.981703, -0.19019, 0.192351, 0.18489, 0.963751)

[14]
    Time: 0.216667
    HumanoidRootPart.CFrame = CFrame.new(0, 0, 0, 1, 0, 0, 0, 1, 0, 0, 0, 1)
    Torso.CFrame = CFrame.new(0.0704141, -0.00870603, -0.131568, 0.947264, 0.0361577, 0.318407, -0.120521, 0.960862, 0.249437, -0.296926, -0.274657, 0.914548)
    Left Leg.CFrame = CFrame.new(-0.0631196, 0.0466483, 0.108591, 0.523252, -0.851163, 0.0415817, 0.581335, 0.392203, 0.7129, -0.623103, -0.348854, 0.700032)
    Right Arm.CFrame = CFrame.new(-0.379675, -0.0396949, 0.222913, 0.999507, -0.0277771, -0.014645, 0.0299433, 0.702629, 0.710926, -0.00945755, -0.711014, 0.703114)
    Left Arm.CFrame = CFrame.new(-0.063084, -0.0854191, -0.0284411, 0.426246, 0.654566, -0.624386, -0.771546, 0.623403, 0.126829, 0.472262, 0.427682, 0.770751)
    Right Leg.CFrame = CFrame.new(0.461427, -0.149121, -0.0282509, 0.91833, 0.394172, 0.0360292, -0.388747, 0.915313, -0.105255, -0.0744664, 0.0826522, 0.993792)
    Head.CFrame = CFrame.new(-5.02914e-08, 5.86733e-08, -2.38419e-07, 0.983774, -0.0411623, -0.174624, 0.00939134, 0.983805, -0.178995, 0.179163, 0.174451, 0.968229)

[15]
    Time: 0.233333
    HumanoidRootPart.CFrame = CFrame.new(0, 0, 0, 1, 0, 0, 0, 1, 0, 0, 0, 1)
    Torso.CFrame = CFrame.new(0.0762073, -0.0735698, -0.146207, 0.945418, 0.0417594, 0.323174, -0.138229, 0.949497, 0.281687, -0.29509, -0.310984, 0.903444)
    Left Leg.CFrame = CFrame.new(0.0331169, 0.0605845, 0.0979916, 0.485697, -0.873957, 0.0172426, 0.608934, 0.352432, 0.710628, -0.627135, -0.33465, 0.703357)
    Right Arm.CFrame = CFrame.new(-0.410538, -0.0328614, 0.233155, 0.998575, 0.0497815, 0.0192327, -0.0486426, 0.700754, 0.711743, 0.0219542, -0.711664, 0.702177)
    Left Arm.CFrame = CFrame.new(-0.072128, -0.069361, -0.0560738, 0.35659, 0.666997, -0.654185, -0.825708, 0.552596, 0.113334, 0.437093, 0.499752, 0.747795)
    Right Leg.CFrame = CFrame.new(0.444035, -0.141793, -0.0356115, 0.940274, 0.335947, 0.0550052, -0.328226, 0.937539, -0.115279, -0.090297, 0.0903396, 0.991809)
    Head.CFrame = CFrame.new(-4.09782e-08, -5.58794e-09, 2.38419e-07, 0.986888, -0.0287066, -0.158834, 0.00150571, 0.985652, -0.168785, 0.1614, 0.166333, 0.972771)

[16]
    Time: 0.250000
    HumanoidRootPart.CFrame = CFrame.new(0, 0, 0, 1, 0, 0, 0, 1, 0, 0, 0, 1)
    Torso.CFrame = CFrame.new(0.0801653, -0.139156, -0.179934, 0.943709, 0.0443529, 0.327788, -0.151324, 0.939078, 0.308599, -0.294131, -0.34083, 0.892929)
    Left Leg.CFrame = CFrame.new(0.106662, 0.0889034, 0.094224, 0.444231, -0.895907, -0.00297354, 0.633945, 0.31199, 0.707655, -0.633066, -0.316248, 0.706551)
    Right Arm.CFrame = CFrame.new(-0.437669, -0.0261036, 0.251216, 0.991309, 0.119779, 0.0544011, -0.122844, 0.694854, 0.708581, 0.0470721, -0.709105, 0.70353)
    Left Arm.CFrame = CFrame.new(-0.0853709, -0.0645657, -0.0805234, 0.284114, 0.676545, -0.679386, -0.87627, 0.470814, 0.102396, 0.389141, 0.566234, 0.726601)
    Right Leg.CFrame = CFrame.new(0.437425, -0.130833, -0.039658, 0.95823, 0.277533, 0.0690711, -0.267514, 0.955182, -0.126742, -0.10115, 0.102971, 0.989528)
    Head.CFrame = CFrame.new(-4.65661e-08, 2.23517e-08, 3.57628e-07, 0.990037, -0.0160746, -0.13989, -0.00707491, 0.986529, -0.163432, 0.140633, 0.162793, 0.976586)

[17]
    Time: 0.266667
    HumanoidRootPart.CFrame = CFrame.new(0, 0, 0, 1, 0, 0, 0, 1, 0, 0, 0, 1)
    Torso.CFrame = CFrame.new(0.0826375, -0.205125, -0.229024, 0.942254, 0.0448017, 0.331888, -0.160499, 0.930201, 0.3301, -0.293934, -0.364306, 0.883677)
    Left Leg.CFrame = CFrame.new(0.159428, 0.124643, 0.098093, 0.398854, -0.916817, -0.0190247, 0.655816, 0.270683, 0.704724, -0.640954, -0.293559, 0.709226)
    Right Arm.CFrame = CFrame.new(-0.451944, -0.0218541, 0.273623, 0.983351, 0.160923, 0.0844063, -0.173371, 0.691696, 0.70107, 0.0544343, -0.704031, 0.70808)
    Left Arm.CFrame = CFrame.new(-0.100929, -0.0701166, -0.0998098, 0.212962, 0.68095, -0.700681, -0.918175, 0.384672, 0.094773, 0.334068, 0.623165, 0.707152)
    Right Leg.CFrame = CFrame.new(0.438701, -0.116407, -0.041487, 0.972425, 0.219379, 0.0791396, -0.207005, 0.968216, -0.140385, -0.107422, 0.120131, 0.986929)
    Head.CFrame = CFrame.new(6.33299e-08, 1.30385e-08, 3.57628e-07, 0.992849, -0.0104042, -0.11892, -0.00969591, 0.985875, -0.167203, 0.11898, 0.167161, 0.978724)

[18]
    Time: 0.283333
    HumanoidRootPart.CFrame = CFrame.new(0, 0, 0, 1, 0, 0, 0, 1, 0, 0, 0, 1)
    Torso.CFrame = CFrame.new(0.0839739, -0.271141, -0.289757, 0.941124, 0.0439709, 0.335189, -0.166403, 0.923326, 0.346092, -0.29427, -0.381492, 0.876281)
    Left Leg.CFrame = CFrame.new(0.197502, 0.167647, 0.105008, 0.354534, -0.93453, -0.0309763, 0.673574, 0.232277, 0.701674, -0.64854, -0.269632, 0.711825)
    Right Arm.CFrame = CFrame.new(-0.447655, -0.024526, 0.295194, 0.981352, 0.160459, 0.105835, -0.18889, 0.702996, 0.685651, 0.0356172, -0.692856, 0.720196)
    Left Arm.CFrame = CFrame.new(-0.117601, -0.0857643, -0.11263, 0.147812, 0.679656, -0.718484, -0.948821, 0.302449, 0.0909055, 0.279089, 0.668275, 0.689578)
    Right Leg.CFrame = CFrame.new(0.444725, -0.0981514, -0.0415343, 0.983011, 0.162089, 0.0861197, -0.147243, 0.976521, -0.157243, -0.109585, 0.141891, 0.983798)
    Head.CFrame = CFrame.new(2.29105e-07, 1.00583e-07, 2.38419e-07, 0.994908, -0.0238087, -0.0979337, 0.00553689, 0.983142, -0.182762, 0.100634, 0.18129, 0.978267)

[19]
    Time: 0.300000
    HumanoidRootPart.CFrame = CFrame.new(0, 0, 0, 1, 0, 0, 0, 1, 0, 0, 0, 1)
    Torso.CFrame = CFrame.new(0.0845237, -0.336865, -0.358405, 0.94037, 0.0427197, 0.33746, -0.169651, 0.918787, 0.35644, -0.294827, -0.392436, 0.871247)
    Left Leg.CFrame = CFrame.new(0.225434, 0.217353, 0.111625, 0.315383, -0.948167, -0.0388938, 0.687932, 0.200206, 0.697616, -0.653669, -0.246772, 0.715416)
    Right Arm.CFrame = CFrame.new(-0.43788, -0.039207, 0.302997, 0.979946, 0.152599, 0.12814, -0.199248, 0.742154, 0.639928, 0.00255311, -0.652626, 0.757676)
    Left Arm.CFrame = CFrame.new(-0.13482, -0.111536, -0.118475, 0.0933184, 0.673696, -0.733093, -0.968182, 0.233119, 0.0909872, 0.232195, 0.701277, 0.674015)
    Right Leg.CFrame = CFrame.new(0.453457, -0.0756216, -0.0399383, 0.990067, 0.107188, 0.0909849, -0.0896591, 0.979816, -0.178664, -0.108299, 0.168732, 0.979694)
    Head.CFrame = CFrame.new(1.63447e-07, -1.22935e-07, 2.38419e-07, 0.99369, -0.0778001, -0.0807901, 0.059963, 0.977229, -0.203538, 0.0947857, 0.197409, 0.975728)

[20]
    Time: 0.316667
    HumanoidRootPart.CFrame = CFrame.new(0, 0, 0, 1, 0, 0, 0, 1, 0, 0, 0, 1)
    Torso.CFrame = CFrame.new(0.0846366, -0.401959, -0.431248, 0.940033, 0.0418929, 0.338501, -0.170837, 0.916801, 0.360957, -0.295217, -0.39714, 0.86898)
    Left Leg.CFrame = CFrame.new(0.24595, 0.27049, 0.117306, 0.283081, -0.958139, -0.0428264, 0.700905, 0.176189, 0.691151, -0.654674, -0.225669, 0.72144)
    Right Arm.CFrame = CFrame.new(-0.425221, -0.0596149, 0.295978, 0.978037, 0.145363, 0.149373, -0.205387, 0.794152, 0.571961, -0.0354829, -0.590078, 0.806566)
    Left Arm.CFrame = CFrame.new(-0.152418, -0.147369, -0.117428, 0.0536992, 0.665099, -0.744822, -0.978048, 0.185429, 0.0950668, 0.20134, 0.723367, 0.660456)
    Right Leg.CFrame = CFrame.new(0.464413, -0.0483873, -0.0367821, 0.993833, 0.057414, 0.0948655, -0.0367971, 0.9778, -0.206285, -0.104603, 0.201522, 0.973882)
    Head.CFrame = CFrame.new(1.33179e-07, 1.47149e-07, 2.38419e-07, 0.987426, -0.143083, -0.0672084, 0.124454, 0.965772, -0.227588, 0.097472, 0.216362, 0.971435)

[21]
    Time: 0.333333
    HumanoidRootPart.CFrame = CFrame.new(0, 0, 0, 1, 0, 0, 0, 1, 0, 0, 0, 1)
    Torso.CFrame = CFrame.new(0.0804009, -0.46596, -0.504638, 0.942003, 0.0350804, 0.333766, -0.16146, 0.919235, 0.359078, -0.294213, -0.392143, 0.871586)
    Left Leg.CFrame = CFrame.new(0.253019, 0.32269, 0.119739, 0.267277, -0.962445, -0.0475745, 0.71393, 0.164621, 0.680591, -0.6472, -0.215871, 0.731117)
    Right Arm.CFrame = CFrame.new(-0.408928, -0.0791274, 0.27615, 0.976512, 0.138399, 0.165135, -0.203654, 0.843114, 0.497679, -0.0703495, -0.51962, 0.851496)
    Left Arm.CFrame = CFrame.new(-0.17025, -0.192917, -0.10968, 0.0326564, 0.655947, -0.7541, -0.980473, 0.167418, 0.103168, 0.193923, 0.736006, 0.648606)
    Right Leg.CFrame = CFrame.new(0.482119, -0.00990331, -0.0285541, 0.9956, 0.0196498, 0.0916192, 0.00268856, 0.971372, -0.23755, -0.0936641, 0.236751, 0.967045)
    Head.CFrame = CFrame.new(3.1665e-08, -4.19095e-08, 3.57628e-07, 0.983063, -0.174934, -0.0546413, 0.155777, 0.954656, -0.253702, 0.0965447, 0.240893, 0.965738)

[22]
    Time: 0.350000
    HumanoidRootPart.CFrame = CFrame.new(0, 0, 0, 1, 0, 0, 0, 1, 0, 0, 0, 1)
    Torso.CFrame = CFrame.new(0.0664271, -0.527323, -0.575609, 0.949277, 0.00779582, 0.314343, -0.123497, 0.928605, 0.349915, -0.289173, -0.370987, 0.882467)
    Left Leg.CFrame = CFrame.new(0.223886, 0.350395, 0.13737, 0.270795, -0.960524, -0.0637483, 0.737495, 0.164445, 0.655026, -0.618685, -0.224392, 0.752912)
    Right Arm.CFrame = CFrame.new(-0.37933, -0.0953926, 0.248637, 0.979807, 0.109918, 0.16702, -0.173279, 0.88359, 0.435021, -0.0997605, -0.455178, 0.884794)
    Left Arm.CFrame = CFrame.new(-0.18853, -0.247798, -0.0943477, 0.030577, 0.649142, -0.760053, -0.97518, 0.186203, 0.1198, 0.219292, 0.737525, 0.638723)
    Right Leg.CFrame = CFrame.new(0.48474, 0.0465325, -0.00787747, 0.997592, -0.0142028, 0.067887, 0.0316425, 0.964206, -0.26326, -0.0617179, 0.264774, 0.962333)
    Head.CFrame = CFrame.new(-2.6077e-08, -2.77068e-08, -1.78814e-07, 0.988644, -0.142836, -0.0467022, 0.124455, 0.952407, -0.278266, 0.0842258, 0.269293, 0.959368)

[23]
    Time: 0.366667
    HumanoidRootPart.CFrame = CFrame.new(0, 0, 0, 1, 0, 0, 0, 1, 0, 0, 0, 1)
    Torso.CFrame = CFrame.new(0.0516606, -0.583943, -0.641542, 0.958328, -0.0355801, 0.283445, -0.0635544, 0.940792, 0.332973, -0.27851, -0.337111, 0.899327)
    Left Leg.CFrame = CFrame.new(0.155452, 0.325529, 0.190667, 0.270029, -0.958498, -0.0914662, 0.785217, 0.164238, 0.597043, -0.557242, -0.233039, 0.796978)
    Right Arm.CFrame = CFrame.new(-0.325038, -0.109669, 0.219067, 0.987743, 0.0303745, 0.153106, -0.0883325, 0.917481, 0.387847, -0.128692, -0.396617, 0.908919)
    Left Arm.CFrame = CFrame.new(-0.207565, -0.310465, -0.0706084, 0.0431782, 0.647198, -0.761098, -0.958982, 0.240475, 0.150083, 0.280159, 0.723399, 0.631035)
    Right Leg.CFrame = CFrame.new(0.439887, 0.106844, 0.0165584, 0.997367, -0.0658457, 0.0303975, 0.0717097, 0.957983, -0.277715, -0.0108339, 0.279164, 0.960182)
    Head.CFrame = CFrame.new(6.33299e-08, 4.84288e-08, -2.38419e-07, 0.99519, -0.0814631, -0.0544037, 0.0617481, 0.952819, -0.297193, 0.0760471, 0.292405, 0.953266)

[24]
    Time: 0.383333
    HumanoidRootPart.CFrame = CFrame.new(0, 0, 0, 1, 0, 0, 0, 1, 0, 0, 0, 1)
    Torso.CFrame = CFrame.new(0.0455974, -0.633713, -0.699823, 0.965365, -0.0896153, 0.245032, 0.010193, 0.951398, 0.307796, -0.260706, -0.294638, 0.919359)
    Left Leg.CFrame = CFrame.new(0.062098, 0.267868, 0.23781, 0.27569, -0.952218, -0.131439, 0.844094, 0.174397, 0.507041, -0.459891, -0.250734, 0.851841)
    Right Arm.CFrame = CFrame.new(-0.254905, -0.119235, 0.188887, 0.987385, -0.0840114, 0.13421, 0.032016, 0.936053, 0.350399, -0.155065, -0.341682, 0.926935)
    Left Arm.CFrame = CFrame.new(-0.225726, -0.377708, -0.0386477, 0.0705498, 0.647562, -0.75874, -0.927501, 0.322515, 0.189015, 0.367104, 0.690397, 0.623367)
    Right Leg.CFrame = CFrame.new(0.371717, 0.171921, 0.0383427, 0.991956, -0.125678, -0.0151207, 0.116751, 0.954508, -0.274379, 0.0489164, 0.270407, 0.961503)
    Head.CFrame = CFrame.new(6.1933e-08, -9.31323e-08, 3.57628e-07, 0.997217, -0.00312643, -0.0744855, -0.0199684, 0.951412, -0.307273, 0.0718271, 0.307905, 0.948702)

[25]
    Time: 0.400000
    HumanoidRootPart.CFrame = CFrame.new(0, 0, 0, 1, 0, 0, 0, 1, 0, 0, 0, 1)
    Torso.CFrame = CFrame.new(0.052435, -0.674524, -0.747836, 0.967877, -0.148233, 0.203081, 0.0889588, 0.957369, 0.274828, -0.235162, -0.247934, 0.939802)
    Left Leg.CFrame = CFrame.new(-0.0384338, 0.208717, 0.250696, 0.296513, -0.93801, -0.17949, 0.893576, 0.206162, 0.398772, -0.337048, -0.278629, 0.899313)
    Right Arm.CFrame = CFrame.new(-0.179905, -0.122589, 0.15979, 0.969957, -0.211793, 0.1197, 0.164584, 0.933613, 0.318244, -0.179155, -0.288982, 0.940422)
    Left Arm.CFrame = CFrame.new(-0.24088, -0.445698, 0.00147307, 0.112934, 0.646406, -0.75459, -0.876099, 0.423042, 0.231272, 0.468718, 0.634977, 0.614091)
    Right Leg.CFrame = CFrame.new(0.310859, 0.245689, 0.0589337, 0.982034, -0.177219, -0.0648272, 0.155864, 0.955423, -0.250744, 0.106374, 0.236135, 0.965881)
    Head.CFrame = CFrame.new(4.47035e-08, -2.6077e-08, 2.38419e-07, 0.991628, 0.0801436, -0.101249, -0.107724, 0.945787, -0.306402, 0.0712038, 0.314744, 0.946502)

[26]
    Time: 0.416667
    HumanoidRootPart.CFrame = CFrame.new(0, 0, 0, 1, 0, 0, 0, 1, 0, 0, 0, 1)
    Torso.CFrame = CFrame.new(0.0691134, -0.704266, -0.782966, 0.965439, -0.204812, 0.161185, 0.163835, 0.957883, 0.235833, -0.202698, -0.201275, 0.958333)
    Left Leg.CFrame = CFrame.new(-0.126517, 0.180719, 0.230071, 0.338549, -0.914069, -0.2233, 0.915165, 0.264693, 0.303991, -0.218763, -0.307272, 0.926136)
    Right Arm.CFrame = CFrame.new(-0.111644, -0.121898, 0.133598, 0.936601, -0.329934, 0.117989, 0.28538, 0.913649, 0.28949, -0.203313, -0.237465, 0.949881)
    Left Arm.CFrame = CFrame.new(-0.250626, -0.509953, 0.0486901, 0.169626, 0.63924, -0.750066, -0.802722, 0.531151, 0.271137, 0.57172, 0.556102, 0.60323)
    Right Leg.CFrame = CFrame.new(0.298823, 0.337365, 0.0871135, 0.973747, -0.195989, -0.115784, 0.169304, 0.963547, -0.207156, 0.152164, 0.182114, 0.971432)
    Head.CFrame = CFrame.new(3.72529e-08, -7.07805e-08, 2.38419e-07, 0.979399, 0.156634, -0.127449, -0.188243, 0.936618, -0.295485, 0.0730877, 0.31339, 0.946808)

[27]
    Time: 0.433333
    HumanoidRootPart.CFrame = CFrame.new(0, 0, 0, 1, 0, 0, 0, 1, 0, 0, 0, 1)
    Torso.CFrame = CFrame.new(0.0930214, -0.720832, -0.802597, 0.959831, -0.252608, 0.122125, 0.226549, 0.95452, 0.19382, -0.165531, -0.158367, 0.973406)
    Left Leg.CFrame = CFrame.new(-0.186602, 0.190447, 0.191823, 0.400826, -0.881653, -0.249052, 0.906517, 0.342348, 0.24703, -0.132532, -0.324786, 0.936456)
    Right Arm.CFrame = CFrame.new(-0.0601466, -0.126431, 0.111691, 0.897568, -0.419237, 0.136427, 0.37494, 0.888653, 0.26404, -0.231932, -0.185842, 0.954814)
    Left Arm.CFrame = CFrame.new(-0.25267, -0.565884, 0.100061, 0.238438, 0.621842, -0.745963, -0.710041, 0.635664, 0.30294, 0.662563, 0.457431, 0.5931)
    Right Leg.CFrame = CFrame.new(0.344403, 0.451888, 0.12482, 0.970185, -0.176528, -0.166067, 0.153791, 0.977975, -0.141114, 0.18732, 0.111367, 0.975965)
    Head.CFrame = CFrame.new(1.86265e-07, 1.3411e-07, 2.38419e-07, 0.965465, 0.216002, -0.145672, -0.249557, 0.927306, -0.27897, 0.074824, 0.305689, 0.949187)

[28]
    Time: 0.450000
    HumanoidRootPart.CFrame = CFrame.new(0, 0, 0, 1, 0, 0, 0, 1, 0, 0, 0, 1)
    Torso.CFrame = CFrame.new(0.121574, -0.723149, -0.80539, 0.954273, -0.285836, 0.0875308, 0.270708, 0.950492, 0.152586, -0.126812, -0.121913, 0.984406)
    Left Leg.CFrame = CFrame.new(-0.222308, 0.200939, 0.158867, 0.462338, -0.848785, -0.256529, 0.884388, 0.420513, 0.20255, -0.0640477, -0.320518, 0.945075)
    Right Arm.CFrame = CFrame.new(-0.024238, -0.175932, 0.0902898, 0.858363, -0.481183, 0.177978, 0.435276, 0.866653, 0.243817, -0.271566, -0.131814, 0.95335)
    Left Arm.CFrame = CFrame.new(-0.245258, -0.609758, 0.150559, 0.315956, 0.591334, -0.741954, -0.605871, 0.727553, 0.32185, 0.730132, 0.347838, 0.588147)
    Right Leg.CFrame = CFrame.new(0.379914, 0.548446, 0.143778, 0.964068, -0.165259, -0.207995, 0.154221, 0.985671, -0.0683259, 0.216306, 0.0337936, 0.975741)
    Head.CFrame = CFrame.new(2.98023e-08, -4.84288e-08, 4.76837e-07, 0.955353, 0.253091, -0.152466, -0.286065, 0.921434, -0.262918, 0.0739454, 0.294795, 0.952695)

[29]
    Time: 0.466667
    HumanoidRootPart.CFrame = CFrame.new(0, 0, 0, 1, 0, 0, 0, 1, 0, 0, 0, 1)
    Torso.CFrame = CFrame.new(0.15311, -0.719302, -0.800548, 0.949876, -0.30747, 0.0565576, 0.299702, 0.94706, 0.115137, -0.0889644, -0.0924151, 0.991738)
    Left Leg.CFrame = CFrame.new(-0.243566, 0.196458, 0.135116, 0.51036, -0.822653, -0.25055, 0.859873, 0.483998, 0.162373, -0.0123108, -0.29831, 0.95439)
    Right Arm.CFrame = CFrame.new(0.00388658, -0.255465, 0.0684407, 0.818988, -0.522488, 0.237202, 0.475499, 0.849354, 0.229126, -0.321184, -0.0748625, 0.944053)
    Left Arm.CFrame = CFrame.new(-0.225406, -0.638103, 0.191005, 0.400445, 0.547643, -0.734664, -0.502067, 0.801825, 0.324044, 0.766532, 0.239089, 0.59604)
    Right Leg.CFrame = CFrame.new(0.412898, 0.627156, 0.147135, 0.957749, -0.155644, -0.241851, 0.161185, 0.986919, 0.0031722, 0.238194, -0.042021, 0.970308)
    Head.CFrame = CFrame.new(4.47035e-08, -1.49012e-08, 3.57628e-07, 0.950051, 0.27363, -0.150097, -0.304264, 0.919118, -0.25029, 0.0694695, 0.283458, 0.956465)

[30]
    Time: 0.483333
    HumanoidRootPart.CFrame = CFrame.new(0, 0, 0, 1, 0, 0, 0, 1, 0, 0, 0, 1)
    Torso.CFrame = CFrame.new(0.18712, -0.712966, -0.790542, 0.946805, -0.320627, 0.0275572, 0.317474, 0.944628, 0.0829979, -0.0526426, -0.0698341, 0.996169)
    Left Leg.CFrame = CFrame.new(-0.253859, 0.177255, 0.116236, 0.545664, -0.804627, -0.234149, 0.837678, 0.531523, 0.125615, 0.0233824, -0.264685, 0.964051)
    Right Arm.CFrame = CFrame.new(0.0312705, -0.333087, 0.046983, 0.778371, -0.546986, 0.308131, 0.501577, 0.836994, 0.218773, -0.377569, -0.0157352, 0.925848)
    Left Arm.CFrame = CFrame.new(-0.182704, -0.643795, 0.203385, 0.498277, 0.494498, -0.712174, -0.40916, 0.858301, 0.309691, 0.764401, 0.137081, 0.63)
    Right Leg.CFrame = CFrame.new(0.446353, 0.690633, 0.141257, 0.95226, -0.143626, -0.269394, 0.168777, 0.982982, 0.0725254, 0.254393, -0.114531, 0.960295)
    Head.CFrame = CFrame.new(1.49012e-07, 0, -2.98023e-07, 0.948699, 0.283386, -0.140225, -0.310358, 0.91936, -0.241777, 0.0604013, 0.272894, 0.960146)

[31]
    Time: 0.500000
    HumanoidRootPart.CFrame = CFrame.new(0, 0, 0, 1, 0, 0, 0, 1, 0, 0, 0, 1)
    Torso.CFrame = CFrame.new(0.223166, -0.706006, -0.775502, 0.944895, -0.327374, -0.000795161, 0.326879, 0.943328, 0.0572971, -0.0180075, -0.0543996, 0.998357)
    Left Leg.CFrame = CFrame.new(-0.253447, 0.14554, 0.0991534, 0.570226, -0.79425, -0.209785, 0.820188, 0.564808, 0.091016, 0.0461985, -0.223963, 0.973502)
    Right Arm.CFrame = CFrame.new(0.064807, -0.376353, 0.0269632, 0.735, -0.558137, 0.385042, 0.518477, 0.828565, 0.211334, -0.436986, 0.044305, 0.898377)
    Left Arm.CFrame = CFrame.new(-0.121131, -0.630098, 0.191119, 0.602564, 0.431347, -0.671459, -0.325788, 0.901005, 0.286447, 0.728546, 0.0461506, 0.683441)
    Right Leg.CFrame = CFrame.new(0.476505, 0.738107, 0.130854, 0.947826, -0.129932, -0.291106, 0.176194, 0.974534, 0.138704, 0.265671, -0.182758, 0.946583)
    Head.CFrame = CFrame.new(8.9407e-08, -2.98023e-08, 1.19209e-07, 0.949875, 0.286853, -0.124311, -0.309166, 0.920926, -0.237299, 0.046411, 0.263837, 0.96345)

[32]
    Time: 0.516667
    HumanoidRootPart.CFrame = CFrame.new(0, 0, 0, 1, 0, 0, 0, 1, 0, 0, 0, 1)
    Torso.CFrame = CFrame.new(0.260807, -0.700292, -0.755556, 0.943618, -0.329713, -0.0295816, 0.330695, 0.942934, 0.0389347, 0.0150562, -0.046522, 0.998804)
    Left Leg.CFrame = CFrame.new(-0.241885, 0.103099, 0.0820055, 0.585021, -0.790729, -0.180269, 0.808775, 0.585327, 0.0572234, 0.0602681, -0.179274, 0.981951)
    Right Arm.CFrame = CFrame.new(0.110214, -0.372353, 0.0113711, 0.687868, -0.559529, 0.462346, 0.530623, 0.822277, 0.205668, -0.495254, 0.103859, 0.862518)
    Left Arm.CFrame = CFrame.new(-0.0478756, -0.601322, 0.161543, 0.703856, 0.359006, -0.612945, -0.249043, 0.932833, 0.260386, 0.665255, -0.0306247, 0.745988)
    Right Leg.CFrame = CFrame.new(0.498079, 0.769421, 0.120269, 0.944556, -0.115526, -0.307356, 0.183067, 0.96236, 0.200871, 0.272582, -0.246001, 0.930152)
    Head.CFrame = CFrame.new(1.2666e-07, 0, 1.19209e-07, 0.951878, 0.288347, -0.103849, -0.305227, 0.922487, -0.236336, 0.0276527, 0.25666, 0.966106)

[33]
    Time: 0.533333
    HumanoidRootPart.CFrame = CFrame.new(0, 0, 0, 1, 0, 0, 0, 1, 0, 0, 0, 1)
    Torso.CFrame = CFrame.new(0.299606, -0.697692, -0.730834, 0.94224, -0.329578, -0.0596791, 0.331647, 0.942969, 0.02864, 0.0468364, -0.0467782, 0.997807)
    Left Leg.CFrame = CFrame.new(-0.218795, 0.0505779, 0.0639337, 0.590099, -0.793479, -0.148915, 0.804223, 0.59391, 0.0222671, 0.0707736, -0.132901, 0.988599)
    Right Arm.CFrame = CFrame.new(0.162726, -0.355053, 0.00362313, 0.636986, -0.555221, 0.53477, 0.542173, 0.81582, 0.201214, -0.547994, 0.161768, 0.820691)
    Left Arm.CFrame = CFrame.new(0.0291441, -0.561324, 0.122702, 0.793665, 0.280113, -0.54003, -0.176646, 0.955555, 0.236034, 0.582144, -0.0919376, 0.807871)
    Right Leg.CFrame = CFrame.new(0.504935, 0.785154, 0.113185, 0.942487, -0.101223, -0.318546, 0.189137, 0.947291, 0.258588, 0.275581, -0.303965, 0.911954)
    Head.CFrame = CFrame.new(1.63913e-07, 8.19564e-08, -1.19209e-07, 0.953015, 0.292065, -0.0803774, -0.302888, 0.922776, -0.238209, 0.00459789, 0.251362, 0.967882)

[34]
    Time: 0.550000
    HumanoidRootPart.CFrame = CFrame.new(0, 0, 0, 1, 0, 0, 0, 1, 0, 0, 0, 1)
    Torso.CFrame = CFrame.new(0.339041, -0.701211, -0.701663, 0.94041, -0.327618, -0.0910795, 0.330953, 0.943345, 0.0238706, 0.078099, -0.0525911, 0.995557)
    Left Leg.CFrame = CFrame.new(-0.182861, -0.00984097, 0.0456333, 0.588942, -0.799521, -0.117952, 0.803844, 0.594604, -0.0167936, 0.0835617, -0.0849248, 0.992877)
    Right Arm.CFrame = CFrame.new(0.212307, -0.329247, 0.000442863, 0.583485, -0.549839, 0.597681, 0.557086, 0.806487, 0.198076, -0.590932, 0.217385, 0.77688)
    Left Arm.CFrame = CFrame.new(0.101617, -0.513708, 0.0834564, 0.86592, 0.198289, -0.459199, -0.107208, 0.970305, 0.216827, 0.488558, -0.138525, 0.861465)
    Right Leg.CFrame = CFrame.new(0.503618, 0.790981, 0.11157, 0.94184, -0.0838875, -0.325422, 0.190887, 0.930507, 0.312599, 0.276585, -0.356537, 0.892402)
    Head.CFrame = CFrame.new(8.9407e-08, -7.45058e-09, 2.38419e-07, 0.952813, 0.298558, -0.0548757, -0.302807, 0.922077, -0.241003, -0.0213538, 0.246248, 0.968972)

[35]
    Time: 0.566667
    HumanoidRootPart.CFrame = CFrame.new(0, 0, 0, 1, 0, 0, 0, 1, 0, 0, 0, 1)
    Torso.CFrame = CFrame.new(0.378165, -0.711935, -0.669382, 0.938363, -0.323235, -0.12245, 0.328007, 0.944453, 0.0204935, 0.109024, -0.0593948, 0.992263)
    Left Leg.CFrame = CFrame.new(-0.134578, -0.0733645, 0.0280007, 0.587266, -0.804657, -0.087444, 0.80312, 0.592728, -0.0605864, 0.100582, -0.0346478, 0.994325)
    Right Arm.CFrame = CFrame.new(0.24906, -0.297738, -0.00192404, 0.529309, -0.548464, 0.647317, 0.579048, 0.791169, 0.196862, -0.620109, 0.270627, 0.73636)
    Left Arm.CFrame = CFrame.new(0.161239, -0.461946, 0.0535179, 0.917863, 0.117143, -0.379216, -0.0399931, 0.977886, 0.205277, 0.394877, -0.173251, 0.902251)
    Right Leg.CFrame = CFrame.new(0.508674, 0.793929, 0.114097, 0.942387, -0.0600658, -0.329089, 0.185216, 0.912891, 0.363766, 0.278572, -0.403761, 0.871421)
    Head.CFrame = CFrame.new(7.45058e-08, -4.47035e-08, 0, 0.952148, 0.304373, -0.0277823, -0.301808, 0.921978, -0.242628, -0.0482348, 0.239403, 0.969722)

[36]
    Time: 0.583333
    HumanoidRootPart.CFrame = CFrame.new(0, 0, 0, 1, 0, 0, 0, 1, 0, 0, 0, 1)
    Torso.CFrame = CFrame.new(0.415894, -0.727907, -0.635656, 0.936021, -0.317029, -0.152834, 0.323433, 0.946073, 0.0183723, 0.138768, -0.0666284, 0.988081)
    Left Leg.CFrame = CFrame.new(-0.0773565, -0.137217, 0.0107764, 0.585957, -0.808245, -0.0582639, 0.801245, 0.588622, -0.107382, 0.121086, 0.0162375, 0.992509)
    Right Arm.CFrame = CFrame.new(0.263604, -0.263099, -0.00730526, 0.476461, -0.556305, 0.680816, 0.611256, 0.766191, 0.198286, -0.631942, 0.321677, 0.705105)
    Left Arm.CFrame = CFrame.new(0.200309, -0.409398, 0.0429423, 0.949941, 0.0394773, -0.309925, 0.025574, 0.978831, 0.203066, 0.311381, -0.200827, 0.928822)
    Right Leg.CFrame = CFrame.new(0.518755, 0.794439, 0.119176, 0.943286, -0.0319132, -0.330444, 0.174452, 0.894512, 0.411601, 0.282451, -0.445904, 0.849348)
    Head.CFrame = CFrame.new(4.47035e-08, -6.70552e-08, 0, 0.95098, 0.309252, -0.000119671, -0.300019, 0.922494, -0.242884, -0.0750019, 0.231014, 0.970055)

[37]
    Time: 0.600000
    HumanoidRootPart.CFrame = CFrame.new(0, 0, 0, 1, 0, 0, 0, 1, 0, 0, 0, 1)
    Torso.CFrame = CFrame.new(0.451143, -0.74716, -0.60215, 0.933408, -0.309654, -0.181286, 0.317857, 0.94798, 0.0173444, 0.166484, -0.0738124, 0.983277)
    Left Leg.CFrame = CFrame.new(-0.0147843, -0.19842, -0.0059585, 0.585798, -0.809856, -0.0312199, 0.797611, 0.582916, -0.155003, 0.143729, 0.0658993, 0.98742)
    Right Arm.CFrame = CFrame.new(0.268721, -0.227314, -0.0173469, 0.42195, -0.574472, 0.701385, 0.653183, 0.729133, 0.204247, -0.628737, 0.371951, 0.682892)
    Left Arm.CFrame = CFrame.new(0.226015, -0.358658, 0.0413835, 0.965945, -0.032938, -0.256644, 0.0887134, 0.973904, 0.208903, 0.243066, -0.224556, 0.94366)
    Right Leg.CFrame = CFrame.new(0.532315, 0.792701, 0.125383, 0.943861, -0.00159079, -0.33034, 0.160885, 0.875593, 0.455471, 0.288519, -0.483048, 0.826693)
    Head.CFrame = CFrame.new(1.63913e-07, -4.47035e-08, 2.38419e-07, 0.949362, 0.313016, 0.0270595, -0.297635, 0.923599, -0.241614, -0.100621, 0.221326, 0.969995)

[38]
    Time: 0.616667
    HumanoidRootPart.CFrame = CFrame.new(0, 0, 0, 1, 0, 0, 0, 1, 0, 0, 0, 1)
    Torso.CFrame = CFrame.new(0.482828, -0.767724, -0.570529, 0.930652, -0.301808, -0.20688, 0.311893, 0.949962, 0.0171944, 0.191339, -0.0805265, 0.978215)
    Left Leg.CFrame = CFrame.new(0.0491936, -0.254013, -0.0217319, 0.587259, -0.809368, -0.00705722, 0.792056, 0.57645, -0.20088, 0.166654, 0.112379, 0.979591)
    Right Arm.CFrame = CFrame.new(0.273745, -0.190841, -0.0308191, 0.363577, -0.599312, 0.713188, 0.700647, 0.680462, 0.214628, -0.613927, 0.421658, 0.667307)
    Left Arm.CFrame = CFrame.new(0.244226, -0.310535, 0.0399547, 0.971081, -0.0974847, -0.217942, 0.146062, 0.964659, 0.219316, 0.18886, -0.244807, 0.951)
    Right Leg.CFrame = CFrame.new(0.547837, 0.788948, 0.131486, 0.943693, 0.0288319, -0.329563, 0.146566, 0.856655, 0.494632, 0.296583, -0.515084, 0.804193)
