[1]
    Time: 0.000000
    HumanoidRootPart.CFrame = CFrame.new(0, 0, 0, 1, 0, 0, 0, 1, 0, 0, 0, 1)
    Torso.CFrame = CFrame.new(-0.155542, -0.000416819, -0.323254, 0.998898, -0.0111106, -0.0456032, 0.0110991, 0.999938, -0.000506722, 0.045606, 1.08442e-08, 0.99896)
    Left Leg.CFrame = CFrame.new(-0.651182, 0.810552, 0.0307243, 0.997093, 0.0755234, -0.010089, -0.0610862, 0.871489, 0.486596, 0.0455418, -0.484565, 0.873569)
    Right Arm.CFrame = CFrame.new(0.70031, -0.985238, 0.371572, 0.038322, 0.0233183, -0.998993, 0.519817, -0.854278, 2.89641e-07, -0.853418, -0.519294, -0.0448588)
    Left Arm.CFrame = CFrame.new(-0.00545409, -0.127075, 0.514979, 1, 4.83002e-08, 1.09319e-07, 9.70015e-08, 0.727717, -0.685878, -8.46702e-08, 0.685878, 0.727717)
    Right Leg.CFrame = CFrame.new(0.496833, 0.278027, 0.254716, 0.825802, 0.363319, -0.431336, -0.341263, 0.930837, 0.130698, 0.448989, 0.0392683, 0.892674)
    Head.CFrame = CFrame.new(1.09038e-07, 8.5528e-11, 0.0166626, 0.998947, -0.00967465, 0.0448468, 0.00949699, 0.999946, 0.00417123, -0.0448847, -0.00374117, 0.998985)

[2]
    Time: 0.033333
    HumanoidRootPart.CFrame = CFrame.new(0, 0, 0, 1, 0, 0, 0, 1, 0, 0, 0, 1)
    Torso.CFrame = CFrame.new(-0.0441919, -0.0108596, -0.246871, 0.999596, -0.0111106, -0.0261567, 0.0111068, 0.999938, -0.000290641, 0.0261583, 6.2075e-09, 0.999658)
    Left Leg.CFrame = CFrame.new(-0.410622, 0.449932, 0.28283, 0.96161, 0.274325, -0.00724724, -0.254162, 0.900267, 0.353442, 0.103482, -0.338031, 0.935428)
    Right Arm.CFrame = CFrame.new(0.701823, -0.200797, 0.522239, 0.0337934, 0.121067, -0.992069, 0.392123, -0.91465, -0.0982618, -0.919292, -0.385692, -0.0783821)
    Left Arm.CFrame = CFrame.new(-0.00545409, -0.127075, 0.514979, 1, 5.07214e-08, 1.11352e-07, 9.7284e-08, 0.727717, -0.685878, -8.67615e-08, 0.685878, 0.727717)
    Right Leg.CFrame = CFrame.new(0.39791, 0.240949, 0.205423, 0.846461, 0.31653, -0.42815, -0.273352, 0.948392, 0.16072, 0.456927, -0.0190079, 0.889301)
    Head.CFrame = CFrame.new(8.8141e-08, -4.39728e-10, 0.016662, 0.999631, -0.00960002, 0.0253988, 0.00949699, 0.999946, 0.00417125, -0.0254374, -0.00392869, 0.999669)

[3]
    Time: 0.066667
    HumanoidRootPart.CFrame = CFrame.new(0, 0, 0, 1, 0, 0, 0, 1, 0, 0, 0, 1)
    Torso.CFrame = CFrame.new(0.0759908, -0.0212042, -0.371543, 0.99993, -0.0111106, 0.00402736, 0.0111105, 0.999938, 4.47502e-05, -0.00402761, -9.89383e-10, 0.999992)
    Left Leg.CFrame = CFrame.new(-0.363972, 0.338133, 0.335132, 0.974875, 0.222675, -0.00594792, -0.209605, 0.926039, 0.313875, 0.0754001, -0.304742, 0.949446)
    Right Arm.CFrame = CFrame.new(0.703175, 0.606201, 0.674214, 0.0503833, 0.215701, -0.975159, 0.225552, -0.953631, -0.199285, -0.972928, -0.209908, -0.0966987)
    Left Arm.CFrame = CFrame.new(-0.00545409, -0.127075, 0.514979, 1, 5.32967e-08, 1.15237e-07, 9.74486e-08, 0.727717, -0.685878, -9.07283e-08, 0.685878, 0.727717)
    Right Leg.CFrame = CFrame.new(0.502864, 0.316851, 0.229683, 0.824584, 0.376404, -0.422352, -0.321851, 0.926078, 0.196958, 0.465267, -0.0264736, 0.884775)
    Head.CFrame = CFrame.new(9.75269e-08, -5.93408e-10, 0.0166619, 0.999944, -0.00947698, -0.00478719, 0.00949701, 0.999946, 0.00417125, 0.00474739, -0.0042167, 0.99998)

[4]
    Time: 0.100000
    HumanoidRootPart.CFrame = CFrame.new(0, 0, 0, 1, 0, 0, 0, 1, 0, 0, 0, 1)
    Torso.CFrame = CFrame.new(0.0814482, -0.0188971, -0.445251, 0.999829, -0.0111106, 0.0147546, 0.0111094, 0.999938, 0.000163946, -0.0147555, -3.53982e-09, 0.999891)
    Left Leg.CFrame = CFrame.new(-0.545051, 0.459434, 0.28257, 0.997383, 0.072022, -0.00631772, -0.0654853, 0.936967, 0.343226, 0.0306393, -0.341914, 0.939232)
    Right Arm.CFrame = CFrame.new(0.703118, 0.64149, 0.675212, 0.0573543, 0.213953, -0.975159, 0.194498, -0.960446, -0.199285, -0.979225, -0.178236, -0.0966991)
    Left Arm.CFrame = CFrame.new(-0.00545409, -0.127075, 0.514979, 1, 5.42735e-08, 1.17947e-07, 9.74752e-08, 0.727717, -0.685878, -9.17441e-08, 0.685878, 0.727717)
    Right Leg.CFrame = CFrame.new(0.563959, 0.354399, 0.250794, 0.81008, 0.407272, -0.421781, -0.358789, 0.913294, 0.192782, 0.463725, -0.00483903, 0.885966)
    Head.CFrame = CFrame.new(8.59436e-08, 2.0398e-09, 0.0166621, 0.999835, -0.00943128, -0.0155148, 0.00949699, 0.999946, 0.00417121, 0.0154747, -0.00431812, 0.999871)

[5]
    Time: 0.133333
    HumanoidRootPart.CFrame = CFrame.new(0, 0, 0, 1, 0, 0, 0, 1, 0, 0, 0, 1)
    Torso.CFrame = CFrame.new(0.058995, -0.0137896, -0.479023, 0.999934, -0.0111106, -0.00278284, 0.0111106, 0.999938, -3.09216e-05, 0.00278301, 6.35724e-10, 0.999996)
    Left Leg.CFrame = CFrame.new(-0.59197, 0.472594, 0.281424, 0.99979, 0.0194478, -0.0064369, -0.0161962, 0.942817, 0.332917, 0.0125433, -0.332743, 0.942934)
    Right Arm.CFrame = CFrame.new(0.703197, 0.663359, 0.673613, 0.0474983, 0.216354, -0.975159, 0.238268, -0.950534, -0.199285, -0.970037, -0.222883, -0.0966989)
    Left Arm.CFrame = CFrame.new(-0.00545408, -0.127075, 0.514979, 1, 5.12216e-08, 1.14117e-07, 9.74122e-08, 0.727717, -0.685878, -8.91348e-08, 0.685878, 0.727717)
    Right Leg.CFrame = CFrame.new(0.597238, 0.397957, 0.252602, 0.802609, 0.421967, -0.421619, -0.366391, 0.906505, 0.209778, 0.470719, -0.013893, 0.882174)
    Head.CFrame = CFrame.new(8.65111e-08, -8.32785e-10, 0.0166621, 0.999953, -0.00950556, 0.00202342, 0.00949699, 0.999946, 0.00417125, -0.00206292, -0.00415203, 0.999989)

[6]
    Time: 0.166667
    HumanoidRootPart.CFrame = CFrame.new(0, 0, 0, 1, 0, 0, 0, 1, 0, 0, 0, 1)
    Torso.CFrame = CFrame.new(0.0446437, -0.00755525, -0.470131, 0.999902, -0.0111106, -0.00858181, 0.0111102, 0.999938, -9.53571e-05, 0.00858234, 2.01642e-09, 0.999963)
    Left Leg.CFrame = CFrame.new(-0.572544, 0.455577, 0.288882, 0.999435, 0.0329784, -0.00647293, -0.0290086, 0.943767, 0.329336, 0.0169699, -0.328962, 0.944191)
    Right Arm.CFrame = CFrame.new(0.703229, 0.674594, 0.672797, 0.0429506, 0.217303, -0.975159, 0.258149, -0.945328, -0.199286, -0.96515, -0.243177, -0.0966989)
    Left Arm.CFrame = CFrame.new(-0.00545409, -0.127075, 0.514979, 1, 5.22303e-08, 1.14119e-07, 9.73833e-08, 0.727717, -0.685878, -8.76292e-08, 0.685878, 0.727717)
    Right Leg.CFrame = CFrame.new(0.592547, 0.397604, 0.251973, 0.805112, 0.416336, -0.422443, -0.361371, 0.9091, 0.207241, 0.470325, -0.0141934, 0.882379)
    Head.CFrame = CFrame.new(9.0462e-08, -2.12226e-10, 0.0166626, 0.999924, -0.00952948, 0.00782272, 0.00949699, 0.999946, 0.00417125, -0.007862, -0.00409683, 0.999961)

[7]
    Time: 0.200000
    HumanoidRootPart.CFrame = CFrame.new(0, 0, 0, 1, 0, 0, 0, 1, 0, 0, 0, 1)
    Torso.CFrame = CFrame.new(0.0370319, -0.00228287, -0.462655, 0.999906, -0.0111106, -0.00807633, 0.0111103, 0.999938, -8.97404e-05, 0.00807683, 1.89607e-09, 0.999967)
    Left Leg.CFrame = CFrame.new(-0.55992, 0.447768, 0.290331, 0.999079, 0.0424102, -0.0065334, -0.0378174, 0.942177, 0.332974, 0.0202771, -0.332421, 0.942913)
    Right Arm.CFrame = CFrame.new(0.703235, 0.678708, 0.672531, 0.0419589, 0.217497, -0.975159, 0.262459, -0.94414, -0.199285, -0.96403, -0.247577, -0.0966991)
    Left Arm.CFrame = CFrame.new(-0.00545409, -0.127075, 0.514979, 1, 5.16732e-08, 1.14203e-07, 9.73771e-08, 0.727717, -0.685878, -8.8611e-08, 0.685878, 0.727717)
    Right Leg.CFrame = CFrame.new(0.586648, 0.390943, 0.253461, 0.807653, 0.4106, -0.423207, -0.359005, 0.911769, 0.19948, 0.467773, -0.00917727, 0.883801)
    Head.CFrame = CFrame.new(9.12569e-08, 3.48521e-12, 0.0166625, 0.999928, -0.00952733, 0.00731716, 0.00949701, 0.999946, 0.00417125, -0.00735651, -0.00410168, 0.999965)

[8]
    Time: 0.233333
    HumanoidRootPart.CFrame = CFrame.new(0, 0, 0, 1, 0, 0, 0, 1, 0, 0, 0, 1)
    Torso.CFrame = CFrame.new(0.0347974, -6.1236e-05, -0.459513, 0.999916, -0.0111106, -0.00670032, 0.0111104, 0.999938, -7.44508e-05, 0.00670073, 1.56845e-09, 0.999978)
    Left Leg.CFrame = CFrame.new(-0.555488, 0.445906, 0.28993, 0.998924, 0.0459156, -0.00656527, -0.0410449, 0.940991, 0.335933, 0.0216024, -0.335302, 0.941863)
    Right Arm.CFrame = CFrame.new(0.70323, 0.67926, 0.67259, 0.0427051, 0.217352, -0.975159, 0.259218, -0.945035, -0.199285, -0.964874, -0.244268, -0.0966991)
    Left Arm.CFrame = CFrame.new(-0.00545409, -0.127075, 0.514979, 1, 5.19027e-08, 1.14419e-07, 9.73998e-08, 0.727717, -0.685878, -8.96793e-08, 0.685878, 0.727717)
    Right Leg.CFrame = CFrame.new(0.583733, 0.38676, 0.254478, 0.808814, 0.407964, -0.423538, -0.358388, 0.912978, 0.195009, 0.466238, -0.00593515, 0.88464)
    Head.CFrame = CFrame.new(8.98866e-08, 5.68923e-12, 0.0166622, 0.999937, -0.00952175, 0.00594112, 0.00949699, 0.999946, 0.00417122, -0.00598044, -0.00411478, 0.999974)

[9]
    Time: 0.266667
    HumanoidRootPart.CFrame = CFrame.new(0, 0, 0, 1, 0, 0, 0, 1, 0, 0, 0, 1)
    Torso.CFrame = CFrame.new(0.0347974, -6.1236e-05, -0.459513, 0.999916, -0.0111106, -0.00670032, 0.0111104, 0.999938, -7.44508e-05, 0.00670073, 1.56845e-09, 0.999978)
    Left Leg.CFrame = CFrame.new(-0.555488, 0.445906, 0.28993, 0.998924, 0.0459156, -0.00656527, -0.0410449, 0.940991, 0.335933, 0.0216024, -0.335302, 0.941863)
    Right Arm.CFrame = CFrame.new(0.703226, 0.679235, 0.672686, 0.0433596, 0.217222, -0.975159, 0.256368, -0.945812, -0.199285, -0.965606, -0.241359, -0.0966987)
    Left Arm.CFrame = CFrame.new(-0.00545409, -0.127075, 0.514979, 1, 5.1437e-08, 1.13487e-07, 9.73925e-08, 0.727717, -0.685877, -8.96793e-08, 0.685877, 0.727717)
    Right Leg.CFrame = CFrame.new(0.583733, 0.38676, 0.254478, 0.808814, 0.407964, -0.423538, -0.358388, 0.912978, 0.195009, 0.466238, -0.00593515, 0.88464)
    Head.CFrame = CFrame.new(8.98866e-08, 5.68923e-12, 0.0166622, 0.999937, -0.00952175, 0.00594112, 0.00949699, 0.999946, 0.00417122, -0.00598044, -0.00411478, 0.999974)

[10]
    Time: 0.300000
    HumanoidRootPart.CFrame = CFrame.new(0, 0, 0, 1, 0, 0, 0, 1, 0, 0, 0, 1)
    Torso.CFrame = CFrame.new(1.0549, 0.00355264, -1.07288e-05, 0.996999, 0.0773693, -0.00270622, -0.0773572, 0.996994, 0.0043189, 0.00303224, -0.00409659, 0.999987)
    Left Leg.CFrame = CFrame.new(0.0717821, -0.000947714, -0.00851071, 0.996083, -0.000451772, 0.0884235, 0.000620614, 0.999998, -0.00188236, -0.0884225, 0.00192984, 0.996081)
    Right Arm.CFrame = CFrame.new(-0.00779588, -0.358358, -0.0804757, 0.999575, -0.0288872, -0.0038616, 0.0282777, 0.929237, 0.3684, -0.00705372, -0.368353, 0.929659)
    Left Arm.CFrame = CFrame.new(0.0077963, -0.358358, -0.0804754, 0.999575, 0.0288871, 0.00386199, -0.0282777, 0.929237, 0.3684, 0.00705327, -0.368353, 0.929659)
    Right Leg.CFrame = CFrame.new(0.0646991, 0.00292814, -0.00790161, 0.995872, -0.0203064, 0.0884721, 0.0200366, 0.999792, 0.0039372, -0.0885335, -0.0021483, 0.996071)
    Head.CFrame = CFrame.new(6.20494e-08, 1.86265e-09, 0.0166621, 0.995195, -0.0978944, 0.00190676, 0.0978945, 0.995197, -8.86978e-06, -0.00189669, 0.000195294, 0.999998)

[11]
    Time: 0.333333
    HumanoidRootPart.CFrame = CFrame.new(0, 0, 0, 1, 0, 0, 0, 1, 0, 0, 0, 1)
    Torso.CFrame = CFrame.new(1.05548, 0.00429684, -0.0407219, 0.97999, 0.199038, -0.00215621, -0.199026, 0.979983, 0.00461815, 0.00303224, -0.00409659, 0.999987)
    Left Leg.CFrame = CFrame.new(-0.216793, 0.0120366, 0.0171312, 0.984468, -0.151669, 0.0884239, 0.152432, 0.988312, -0.00190222, -0.087102, 0.0153513, 0.996081)
    Right Arm.CFrame = CFrame.new(-0.00361324, -0.465633, 0.275185, 0.999824, -0.0120597, -0.0143812, 0.0186673, 0.559524, 0.828604, -0.00194607, -0.828726, 0.559651)
    Left Arm.CFrame = CFrame.new(0.00372789, -0.475866, 0.272418, 0.999653, 0.0165586, 0.0204796, -0.0242274, 0.273291, 0.961626, 0.0103263, -0.961789, 0.273598)
    Right Leg.CFrame = CFrame.new(0.31483, 0.0290242, -0.0302233, 0.989915, 0.110637, 0.0884736, -0.111425, 0.993765, 0.00400206, -0.0874791, -0.0138199, 0.996071)
    Head.CFrame = CFrame.new(2.49129e-08, 1.30385e-08, 0.0166622, 0.981524, -0.191334, 0.00152612, 0.191335, 0.981525, -0.000133091, -0.00147244, 0.000422738, 0.999999)

[12]
    Time: 0.366667
    HumanoidRootPart.CFrame = CFrame.new(0, 0, 0, 1, 0, 0, 0, 1, 0, 0, 0, 1)
    Torso.CFrame = CFrame.new(1.05352, -0.00171766, -0.137799, 0.888369, 0.459099, -0.00538715, -0.45912, 0.888366, -0.00381949, 0.00303224, 0.00586647, 0.999978)
    Left Leg.CFrame = CFrame.new(-0.463777, 0.0558333, 0.0391898, 0.958653, -0.270497, 0.0884024, 0.271808, 0.962347, -0.00291631, -0.0842849, 0.0268242, 0.996081)
    Right Arm.CFrame = CFrame.new(0.00403148, -0.541617, 0.972406, 0.999655, 0.0180396, -0.0190838, 0.0262021, -0.733678, 0.678991, -0.00175261, -0.679258, -0.733898)
    Left Arm.CFrame = CFrame.new(-0.00395688, -0.542765, 0.974305, 0.999644, -0.0153371, 0.0218192, -0.02565, -0.776989, 0.628992, 0.00730636, -0.629328, -0.777105)
    Right Leg.CFrame = CFrame.new(0.553407, 0.0867319, -0.0517237, 0.970337, 0.225002, 0.0884325, -0.226328, 0.974038, 0.00513217, -0.0849818, -0.0249947, 0.996069)
    Head.CFrame = CFrame.new(1.25496e-07, -1.49012e-08, 0.0166621, 0.919847, -0.392278, 0.000730765, 0.392254, 0.919808, 0.00942768, -0.00437047, -0.00838511, 0.999955)

[13]
    Time: 0.400000
    HumanoidRootPart.CFrame = CFrame.new(0, 0, 0, 1, 0, 0, 0, 1, 0, 0, 0, 1)
    Torso.CFrame = CFrame.new(1.03953, -0.0152978, -0.254028, 0.729193, 0.683893, -0.0238154, -0.684301, 0.728899, -0.0209489, 0.00303223, 0.0315727, 0.999497)
    Left Leg.CFrame = CFrame.new(-0.640711, 0.126525, 0.0553614, 0.936814, -0.338502, 0.0882945, 0.340281, 0.940308, -0.00548192, -0.0811685, 0.0351805, 0.996079)
    Right Arm.CFrame = CFrame.new(0.0078526, -0.551831, 1.36138, 0.999575, 0.0272908, -0.0102272, 0.0282777, -0.993113, 0.113696, -0.00705398, -0.113937, -0.993463)
    Left Arm.CFrame = CFrame.new(-0.00785129, -0.551832, 1.36138, 0.999575, -0.0272909, 0.0102267, -0.0282778, -0.993113, 0.113697, 0.00705355, -0.113937, -0.993463)
    Right Leg.CFrame = CFrame.new(0.723643, 0.171148, -0.0676227, 0.953081, 0.289561, 0.0882656, -0.291352, 0.956583, 0.00785446, -0.0821591, -0.0332024, 0.996066)
    Head.CFrame = CFrame.new(-8.56817e-08, -8.19564e-08, 0.0166625, 0.817527, -0.57589, 3.71892e-05, 0.575545, 0.817039, 0.0345727, -0.0199405, -0.0282426, 0.999402)

[14]
    Time: 0.433333
    HumanoidRootPart.CFrame = CFrame.new(0, 0, 0, 1, 0, 0, 0, 1, 0, 0, 0, 1)
    Torso.CFrame = CFrame.new(1.01598, -0.0312096, -0.354591, 0.639781, 0.766713, -0.0532079, -0.768551, 0.638514, -0.0403564, 0.00303222, 0.0667123, 0.997768)
    Left Leg.CFrame = CFrame.new(-0.745547, 0.207008, 0.0656308, 0.927671, -0.362874, 0.0880289, 0.365011, 0.93096, -0.00896519, -0.078698, 0.0404482, 0.996078)
    Right Arm.CFrame = CFrame.new(0.00786154, -0.551713, 1.36287, 0.999572, 0.0277034, -0.00943203, 0.0282924, -0.997186, 0.0694274, -0.00748209, -0.0696644, -0.997542)
    Left Arm.CFrame = CFrame.new(-0.00785829, -0.551713, 1.36287, 0.999575, -0.0277185, 0.00900344, -0.0282777, -0.997186, 0.0694339, 0.0070536, -0.0696588, -0.997546)
    Right Leg.CFrame = CFrame.new(0.821575, 0.263193, -0.0776986, 0.946477, 0.31057, 0.0879093, -0.312719, 0.949776, 0.0114877, -0.0799263, -0.0383638, 0.996062)
    Head.CFrame = CFrame.new(1.68569e-07, -3.72529e-09, 0.0166619, 0.759558, -0.650439, -0.000232438, 0.648883, 0.757716, 0.0694118, -0.044972, -0.0528731, 0.997588)

[15]
    Time: 0.466667
    HumanoidRootPart.CFrame = CFrame.new(0, 0, 0, 1, 0, 0, 0, 1, 0, 0, 0, 1)
    Torso.CFrame = CFrame.new(0.991564, -0.0515276, -0.41848, 0.639781, 0.76411, -0.0825633, -0.768551, 0.636498, -0.0648063, 0.00303221, 0.104916, 0.994476)
    Left Leg.CFrame = CFrame.new(-0.790256, 0.275955, 0.0708984, 0.930797, -0.354887, 0.087588, 0.357271, 0.933914, -0.0127082, -0.0772897, 0.0431215, 0.996076)
    Right Arm.CFrame = CFrame.new(0.00786617, -0.551596, 1.36386, 0.999571, 0.0279636, -0.00872168, 0.0282885, -0.998813, 0.0396655, -0.00760219, -0.0398951, -0.999175)
    Left Arm.CFrame = CFrame.new(-0.00786215, -0.551597, 1.36386, 0.999575, -0.0279746, 0.00817295, -0.0282777, -0.998813, 0.0396735, 0.00705353, -0.0398876, -0.999179)
    Right Leg.CFrame = CFrame.new(0.860246, 0.340038, -0.0828432, 0.949968, 0.29988, 0.0873626, -0.302277, 0.953097, 0.0153281, -0.0786686, -0.040969, 0.996059)
    Head.CFrame = CFrame.new(4.09782e-08, 3.72529e-08, 0.016662, 0.759558, -0.65044, -0.000232465, 0.646682, 0.755132, 0.107607, -0.069816, -0.0818837, 0.994194)

[16]
    Time: 0.500000
    HumanoidRootPart.CFrame = CFrame.new(0, 0, 0, 1, 0, 0, 0, 1, 0, 0, 0, 1)
    Torso.CFrame = CFrame.new(0.968847, -0.0704042, -0.435398, 0.639781, 0.760732, -0.109391, -0.768551, 0.633824, -0.0871562, 0.0030322, 0.139834, 0.99017)
    Left Leg.CFrame = CFrame.new(-0.788902, 0.314749, 0.0719218, 0.941843, -0.324584, 0.0870504, 0.327107, 0.94485, -0.0160818, -0.0770297, 0.0436213, 0.996074)
    Right Arm.CFrame = CFrame.new(0.00786769, -0.551511, 1.36446, 0.999572, 0.0281129, -0.00812901, 0.0282828, -0.999367, 0.0216003, -0.00751653, -0.021821, -0.999734)
    Left Arm.CFrame = CFrame.new(-0.00786412, -0.551512, 1.36446, 0.999575, -0.0281179, 0.00766584, -0.0282778, -0.999367, 0.0216073, 0.00705346, -0.0218148, -0.999737)
    Right Leg.CFrame = CFrame.new(0.855387, 0.382251, -0.083829, 0.959418, 0.268317, 0.0867301, -0.270854, 0.962439, 0.0187156, -0.0784507, -0.0414473, 0.996056)
    Head.CFrame = CFrame.new(7.17118e-08, -1.78814e-07, 0.0166618, 0.759558, -0.65044, -0.000232432, 0.643826, 0.751784, 0.142512, -0.092521, -0.108396, 0.989793)

[17]
    Time: 0.533333
    HumanoidRootPart.CFrame = CFrame.new(0, 0, 0, 1, 0, 0, 0, 1, 0, 0, 0, 1)
    Torso.CFrame = CFrame.new(0.952014, -0.0843719, -0.42409, 0.639781, 0.757669, -0.128912, -0.768551, 0.631374, -0.103422, 0.0030322, 0.165243, 0.986248)
    Left Leg.CFrame = CFrame.new(-0.767877, 0.326514, 0.070708, 0.952997, -0.290346, 0.0865828, 0.292927, 0.955956, -0.0184865, -0.0774017, 0.0429799, 0.996073)
    Right Arm.CFrame = CFrame.new(0.00786757, -0.551463, 1.36477, 0.999573, 0.028186, -0.0076793, 0.0282793, -0.999524, 0.0123251, -0.00732801, -0.0125369, -0.999895)
    Left Arm.CFrame = CFrame.new(-0.00786495, -0.551464, 1.36477, 0.999575, -0.0281878, 0.00740445, -0.0282778, -0.999524, 0.0123291, 0.00705353, -0.012533, -0.999897)
    Right Leg.CFrame = CFrame.new(0.833229, 0.394497, -0.082628, 0.968409, 0.233995, 0.0861987, -0.23659, 0.971381, 0.021085, -0.0787979, -0.0408126, 0.996055)
    Head.CFrame = CFrame.new(5.68107e-08, 1.49012e-08, 0.0166622, 0.759558, -0.650439, -0.000232432, 0.641234, 0.748749, 0.167912, -0.109042, -0.127688, 0.985802)

[18]
    Time: 0.566667
    HumanoidRootPart.CFrame = CFrame.new(0, 0, 0, 1, 0, 0, 0, 1, 0, 0, 0, 1)
    Torso.CFrame = CFrame.new(0.945161, -0.0900343, -0.413308, 0.639781, 0.756347, -0.136455, -0.768551, 0.630312, -0.109707, 0.0030322, 0.175061, 0.984553)
    Left Leg.CFrame = CFrame.new(-0.754422, 0.326085, 0.0696762, 0.957891, -0.273827, 0.0863906, 0.276418, 0.960842, -0.0193709, -0.0777036, 0.0424352, 0.996073)
    Right Arm.CFrame = CFrame.new(0.00786674, -0.551445, 1.36488, 0.999575, 0.0282125, -0.0073942, 0.028278, -0.99956, 0.00890961, -0.00713961, -0.00911487, -0.999933)
    Left Arm.CFrame = CFrame.new(-0.00786522, -0.551446, 1.36488, 0.999575, -0.028213, 0.00730813, -0.0282777, -0.99956, 0.00891129, 0.0070536, -0.00911402, -0.999934)
    Right Leg.CFrame = CFrame.new(0.819773, 0.393731, -0.081612, 0.972223, 0.217691, 0.0859841, -0.220295, 0.975186, 0.021944, -0.0790736, -0.0402764, 0.996055)
    Head.CFrame = CFrame.new(8.10251e-08, 4.47035e-08, 0.0166624, 0.759558, -0.650439, -0.000232486, 0.640116, 0.747439, 0.177725, -0.115426, -0.135141, 0.98408)

[19]
    Time: 0.600000
    HumanoidRootPart.CFrame = CFrame.new(0, 0, 0, 1, 0, 0, 0, 1, 0, 0, 0, 1)
    Torso.CFrame = CFrame.new(0.944889, -0.0902409, -0.408202, 0.639781, 0.756347, -0.136455, -0.768551, 0.630312, -0.109707, 0.0030322, 0.175061, 0.984553)
    Left Leg.CFrame = CFrame.new(-0.750338, 0.322417, 0.0692433, 0.958585, -0.271387, 0.0863957, 0.273967, 0.961545, -0.019338, -0.0778254, 0.0422068, 0.996073)
    Right Arm.CFrame = CFrame.new(0.00786635, -0.551442, 1.3649, 0.999575, 0.0282165, -0.0072947, 0.0282777, -0.999565, 0.0084226, -0.00705389, -0.00862517, -0.999938)
    Left Arm.CFrame = CFrame.new(-0.00786525, -0.551443, 1.3649, 0.999575, -0.0282165, 0.00729437, -0.0282778, -0.999565, 0.00842275, 0.0070536, -0.00862533, -0.999938)
    Right Leg.CFrame = CFrame.new(0.816025, 0.389658, -0.0811878, 0.972727, 0.215426, 0.0859905, -0.21802, 0.975698, 0.0219024, -0.0791825, -0.0400528, 0.996055)
    Head.CFrame = CFrame.new(7.45058e-09, -7.45058e-08, 0.0166625, 0.759558, -0.650439, -0.000232486, 0.640116, 0.747439, 0.177725, -0.115426, -0.135141, 0.98408)

[20]
    Time: 0.633333
    HumanoidRootPart.CFrame = CFrame.new(0, 0, 0, 1, 0, 0, 0, 1, 0, 0, 0, 1)
    Torso.CFrame = CFrame.new(0.98442, -0.0656887, -0.0697203, 0.742119, 0.669423, -0.0336536, -0.670268, 0.741122, -0.0384719, -0.000812503, 0.0511077, 0.998693)
    Left Leg.CFrame = CFrame.new(-0.469106, 0.0878403, -0.122845, 0.958632, -0.068597, -0.276259, 0.0850996, 0.995207, 0.0481832, 0.271629, -0.0696994, 0.959875)
    Right Arm.CFrame = CFrame.new(0.422754, 0.0567553, 0.504326, -0.321193, -0.945251, 0.0577554, -0.364588, 0.179711, 0.913663, -0.87402, 0.272405, -0.402349)
    Left Arm.CFrame = CFrame.new(-0.0142789, -0.853083, 1.06448, 0.999575, -0.0168995, 0.0237442, -0.0282778, -0.75956, 0.649822, 0.00705336, -0.650218, -0.759715)
    Right Leg.CFrame = CFrame.new(0.17273, -0.0141671, -0.025879, 0.958312, 0.234671, 0.162997, -0.238063, 0.971249, 0.00131854, -0.158001, -0.0400672, 0.986626)
    Head.CFrame = CFrame.new(-5.16884e-08, -5.96046e-08, 0.0166621, 0.814997, -0.575855, 0.0645809, 0.578974, 0.804645, -0.131665, 0.0238551, 0.144697, 0.989188)

[21]
    Time: 0.666667
    HumanoidRootPart.CFrame = CFrame.new(0, 0, 0, 1, 0, 0, 0, 1, 0, 0, 0, 1)
    Torso.CFrame = CFrame.new(0.938095, -0.0927279, 0.00097394, 0.686889, 0.725679, 0.0396636, -0.726737, 0.686291, 0.029275, -0.00597649, -0.0489337, 0.998784)
    Left Leg.CFrame = CFrame.new(-0.0772887, 0.0435633, -0.0114606, 0.898752, 0.386181, -0.207628, -0.371092, 0.922188, 0.108909, 0.23353, -0.0208328, 0.972126)
    Right Arm.CFrame = CFrame.new(0.298928, 0.21977, 0.620173, 0.0605635, -0.997087, -0.0463722, -0.469347, -0.0694481, 0.880279, -0.880935, -0.0315482, -0.472185)
    Left Arm.CFrame = CFrame.new(0.223517, -0.665074, 0.730511, 0.952077, 0.0653047, -0.298805, 0.296942, -0.431518, 0.851832, -0.073311, -0.899738, -0.43023)
    Right Leg.CFrame = CFrame.new(0.0930747, -0.013865, -0.0122307, 0.920053, 0.311365, 0.237811, -0.309765, 0.949745, -0.0450656, -0.239891, -0.0322027, 0.970266)
    Head.CFrame = CFrame.new(5.02914e-08, -1.86265e-08, 0.0166625, 0.766628, -0.637851, 0.0736777, 0.635955, 0.738459, -0.224141, 0.0885608, 0.218689, 0.971768)

[22]
    Time: 0.700000
    HumanoidRootPart.CFrame = CFrame.new(0, 0, 0, 1, 0, 0, 0, 1, 0, 0, 0, 1)
    Torso.CFrame = CFrame.new(0.840229, -0.178862, -0.00668144, 0.636325, 0.767682, 0.0758571, -0.771316, 0.634776, 0.0461659, -0.0127115, -0.0878863, 0.996049)
    Left Leg.CFrame = CFrame.new(-0.0540029, 0.059046, -0.010028, 0.696238, 0.70184, -0.15058, -0.683761, 0.712297, 0.158443, 0.218459, -0.00735381, 0.975818)
    Right Arm.CFrame = CFrame.new(0.083994, 0.266548, 0.838162, 0.772877, -0.620602, -0.132342, -0.344809, -0.585817, 0.733434, -0.532698, -0.521222, -0.666754)
    Left Arm.CFrame = CFrame.new(0.659336, -0.32124, 0.528735, 0.574203, 0.0566919, -0.816748, 0.815175, -0.132237, 0.563918, -0.0760348, -0.989596, -0.122144)
    Right Leg.CFrame = CFrame.new(0.124193, -0.0343499, -0.0201374, 0.865014, 0.40443, 0.296962, -0.395975, 0.913742, -0.0909906, -0.308146, -0.0388813, 0.950544)
    Head.CFrame = CFrame.new(1.15484e-07, -8.9407e-08, 0.016662, 0.721398, -0.688028, 0.0787624, 0.681634, 0.685363, -0.256228, 0.122311, 0.23853, 0.963402)

[23]
    Time: 0.733333
    HumanoidRootPart.CFrame = CFrame.new(0, 0, 0, 1, 0, 0, 0, 1, 0, 0, 0, 1)
    Torso.CFrame = CFrame.new(0.738768, -0.264755, -0.0396056, 0.613945, 0.784761, 0.0849833, -0.789171, 0.612523, 0.0449949, -0.016744, -0.0946908, 0.995366)
    Left Leg.CFrame = CFrame.new(-0.0444013, 0.066596, -0.0100633, 0.588764, 0.79849, -0.125584, -0.778126, 0.601957, 0.179352, 0.218807, -0.00787548, 0.975736)
    Right Arm.CFrame = CFrame.new(-0.0247897, 0.270282, 0.960941, 0.976303, -0.193676, -0.0965569, -0.0872588, -0.760598, 0.643333, -0.198039, -0.619662, -0.759473)
    Left Arm.CFrame = CFrame.new(0.891704, -0.134061, 0.461286, 0.284481, 0.00611854, -0.958662, 0.958215, -0.0330113, 0.284137, -0.0299082, -0.999436, -0.0152539)
    Right Leg.CFrame = CFrame.new(0.136804, -0.0483898, -0.0247309, 0.825477, 0.465048, 0.319872, -0.45079, 0.884225, -0.122208, -0.339671, -0.0433154, 0.939546)
    Head.CFrame = CFrame.new(6.70552e-08, -8.9407e-08, 0.0166625, 0.701101, -0.7086, 0.0796458, 0.700839, 0.664178, -0.260178, 0.131463, 0.23823, 0.96227)

[24]
    Time: 0.766667
    HumanoidRootPart.CFrame = CFrame.new(0, 0, 0, 1, 0, 0, 0, 1, 0, 0, 0, 1)
    Torso.CFrame = CFrame.new(0.69171, -0.300963, -0.0585623, 0.660021, 0.746425, 0.0849833, -0.750913, 0.658867, 0.0449949, -0.0224074, -0.0935127, 0.995366)
    Left Leg.CFrame = CFrame.new(-0.0734995, 0.066011, -0.013488, 0.584823, 0.790042, -0.183891, -0.77072, 0.611887, 0.177723, 0.252929, 0.0377917, 0.966746)
    Right Arm.CFrame = CFrame.new(-0.0219924, 0.27007, 0.960555, 0.989295, -0.109196, -0.0968073, -0.0220204, -0.767494, 0.640678, -0.144258, -0.631688, -0.761682)
    Left Arm.CFrame = CFrame.new(0.891417, -0.129853, 0.508218, 0.284481, 0.00611859, -0.958662, 0.958215, -0.0330113, 0.284137, -0.0299083, -0.999436, -0.0152538)
    Right Leg.CFrame = CFrame.new(0.107514, -0.0552896, -0.0179885, 0.823521, 0.503855, 0.260661, -0.484779, 0.863694, -0.137921, -0.294623, -0.012782, 0.955528)
    Head.CFrame = CFrame.new(3.72529e-08, -1.86265e-08, 0.0166625, 0.741973, -0.667381, 0.0638574, 0.657414, 0.705584, -0.264496, 0.131463, 0.23823, 0.96227)

[25]
    Time: 0.800000
    HumanoidRootPart.CFrame = CFrame.new(0, 0, 0, 1, 0, 0, 0, 1, 0, 0, 0, 1)
    Torso.CFrame = CFrame.new(0.691236, -0.301214, -0.0641084, 0.684179, 0.724346, 0.0849833, -0.728869, 0.683173, 0.0449949, -0.0254664, -0.0927263, 0.995366)
    Left Leg.CFrame = CFrame.new(-0.0889727, 0.0652127, -0.015962, 0.591671, 0.776881, -0.215363, -0.759171, 0.62681, 0.175411, 0.271265, 0.0597118, 0.960651)
    Right Arm.CFrame = CFrame.new(-0.0209584, 0.270088, 0.960364, 0.992263, -0.0779191, -0.0966548, 0.00233098, -0.766695, 0.642008, -0.124129, -0.637266, -0.760581)
    Left Arm.CFrame = CFrame.new(0.890883, -0.128303, 0.595379, 0.284481, 0.00611848, -0.958662, 0.958215, -0.0330113, 0.284137, -0.0299083, -0.999436, -0.0152539)
    Right Leg.CFrame = CFrame.new(0.091556, -0.056358, -0.0148293, 0.828584, 0.510978, 0.228801, -0.49132, 0.859585, -0.140421, -0.268426, 0.0039363, 0.963292)
    Head.CFrame = CFrame.new(1.04308e-07, 3.1665e-08, 0.0166625, 0.763164, -0.643849, 0.0551365, 0.632691, 0.727121, -0.266451, 0.131463, 0.23823, 0.96227)

[26]
    Time: 0.833333
    HumanoidRootPart.CFrame = CFrame.new(0, 0, 0, 1, 0, 0, 0, 1, 0, 0, 0, 1)
    Torso.CFrame = CFrame.new(0.690981, -0.301349, -0.0670948, 0.693417, 0.715508, 0.0849833, -0.720044, 0.692468, 0.0449949, -0.026654, -0.0923919, 0.995366)
    Left Leg.CFrame = CFrame.new(-0.0949031, 0.0647051, -0.017017, 0.596928, 0.769345, -0.227563, -0.752438, 0.635271, 0.173978, 0.278413, 0.0673743, 0.958095)
    Right Arm.CFrame = CFrame.new(-0.0208127, 0.270118, 0.960296, 0.99261, -0.0734996, -0.0965569, 0.00589316, -0.765564, 0.643333, -0.121205, -0.639147, -0.759473)
    Left Arm.CFrame = CFrame.new(0.890596, -0.128082, 0.642311, 0.284481, 0.00611858, -0.958662, 0.958215, -0.0330113, 0.284137, -0.0299083, -0.999436, -0.0152539)
    Right Leg.CFrame = CFrame.new(0.0853009, -0.0567653, -0.0137384, 0.830212, 0.513776, 0.216293, -0.49405, 0.85786, -0.141387, -0.25819, 0.0105218, 0.966037)
    Head.CFrame = CFrame.new(1.78814e-07, 1.67638e-08, 0.0166621, 0.771219, -0.634466, 0.0517132, 0.622848, 0.735322, -0.267136, 0.131463, 0.23823, 0.96227)

[27]
    Time: 0.866667
    HumanoidRootPart.CFrame = CFrame.new(0, 0, 0, 1, 0, 0, 0, 1, 0, 0, 0, 1)
    Torso.CFrame = CFrame.new(0.690981, -0.301349, -0.0670948, 0.693508, 0.71542, 0.0849833, -0.719956, 0.69256, 0.0449949, -0.0266658, -0.0923886, 0.995366)
    Left Leg.CFrame = CFrame.new(-0.0949653, 0.06471, -0.0170296, 0.596879, 0.769347, -0.227685, -0.752446, 0.635258, 0.173988, 0.278496, 0.0674712, 0.958064)
    Right Arm.CFrame = CFrame.new(-0.0208127, 0.270118, 0.960296, 0.99261, -0.0734995, -0.0965568, 0.00589314, -0.765564, 0.643333, -0.121205, -0.639148, -0.759473)
    Left Arm.CFrame = CFrame.new(0.890596, -0.128082, 0.642311, 0.284481, 0.00611837, -0.958662, 0.958215, -0.0330114, 0.284138, -0.0299083, -0.999436, -0.0152539)
    Right Leg.CFrame = CFrame.new(0.0852388, -0.0567683, -0.013728, 0.830231, 0.513797, 0.216169, -0.494071, 0.857847, -0.141394, -0.258088, 0.0105871, 0.966063)
    Head.CFrame = CFrame.new(2.45869e-07, -2.79397e-08, 0.0166624, 0.771298, -0.634373, 0.0516792, 0.622749, 0.735403, -0.267143, 0.131463, 0.23823, 0.96227)

[28]
    Time: 0.900000
    HumanoidRootPart.CFrame = CFrame.new(0, 0, 0, 1, 0, 0, 0, 1, 0, 0, 0, 1)
    Torso.CFrame = CFrame.new(1.3299, 1.18143e-07, -0.076771, 0.640702, -0.767789, -5.59803e-08, 0.767789, 0.640702, -6.47028e-08, 8.55448e-08, -1.52583e-09, 1)
    Left Leg.CFrame = CFrame.new(-0.094902, -0.0217186, -0.00409544, 0.95242, -0.30479, -2.98023e-07, 0.30479, 0.95242, -3.2735e-07, 3.53764e-07, 2.45387e-07, 1)
    Right Arm.CFrame = CFrame.new(0.414945, -0.930242, 0.24261, 0.631332, -0.743634, 0.220065, 0.0881439, 0.350734, 0.932318, -0.770488, -0.569204, 0.286977)
    Left Arm.CFrame = CFrame.new(-0.365676, -0.567634, 0.0784044, 0.357057, 0.91008, 0.21039, -0.930916, 0.365232, -1.9271e-07, -0.0768415, -0.195856, 0.977618)
    Right Leg.CFrame = CFrame.new(0.624545, 0.0671916, -0.00409549, 0.996311, 0.0858197, 8.04663e-07, -0.0858197, 0.996311, 9.29826e-08, -7.07628e-07, -1.96989e-07, 1)
    Head.CFrame = CFrame.new(1.31612e-07, -4.79502e-08, 0.016662, 0.70953, 0.704671, 0.00243353, -0.704675, 0.709522, 0.00347215, 0.000720082, -0.00417867, 0.999991)

[29]
    Time: 0.933333
    HumanoidRootPart.CFrame = CFrame.new(0, 0, 0, 1, 0, 0, 0, 1, 0, 0, 0, 1)
    Torso.CFrame = CFrame.new(1.27235, -0.00820636, -0.293334, 0.63273, -0.771202, -0.0699963, 0.772616, 0.634795, -0.0099787, 0.0521289, -0.0477664, 0.997497)
    Left Leg.CFrame = CFrame.new(-0.594483, -0.148089, -0.0155014, 0.792392, -0.609979, -0.00636744, 0.60868, 0.791309, -0.0577855, 0.0402865, 0.041913, 0.998309)
    Right Arm.CFrame = CFrame.new(0.261547, -0.664808, 0.41234, 0.575022, -0.758027, -0.307808, 0.0300401, -0.356413, 0.933845, -0.817587, -0.546228, -0.182174)
    Left Arm.CFrame = CFrame.new(-0.811122, -0.394727, 0.113817, -0.448928, 0.872902, 0.191062, -0.89226, -0.449471, -0.0430051, 0.0483376, -0.189784, 0.980635)
    Right Leg.CFrame = CFrame.new(1.06856, 0.184612, -0.00755036, 0.929814, 0.367975, -0.00628948, -0.366999, 0.928353, 0.0589302, 0.0275238, -0.052486, 0.998242)
    Head.CFrame = CFrame.new(7.63685e-08, 1.06171e-07, 0.0166615, 0.70208, 0.710002, 0.0545905, -0.708659, 0.704159, -0.0443142, -0.0699035, -0.0075741, 0.997525)

[30]
    Time: 0.966667
    HumanoidRootPart.CFrame = CFrame.new(0, 0, 0, 1, 0, 0, 0, 1, 0, 0, 0, 1)
    Torso.CFrame = CFrame.new(1.28725, -0.00601566, -0.439412, 0.635823, -0.770086, -0.0519181, 0.770863, 0.636959, -0.00733905, 0.0387214, -0.0353553, 0.998624)
    Left Leg.CFrame = CFrame.new(-0.818762, -0.223899, 0.0863534, 0.697276, -0.716802, 1.08569e-05, 0.711774, 0.692382, -0.11826, 0.0847619, 0.0824679, 0.992983)
    Right Arm.CFrame = CFrame.new(-0.00542881, -0.143419, 0.728588, 0.71353, -0.139633, -0.686569, 0.186166, -0.906926, 0.377925, -0.675439, -0.397476, -0.621124)
    Left Arm.CFrame = CFrame.new(-0.986904, -0.037499, 0.181652, -0.838602, 0.50851, 0.195355, -0.521484, -0.85307, -0.0180347, 0.157481, -0.116999, 0.980567)
    Right Leg.CFrame = CFrame.new(1.22183, 0.266037, -0.0102167, 0.90142, 0.432926, -0.00407161, -0.432351, 0.900636, 0.0439004, 0.0226727, -0.0378124, 0.999028)
    Head.CFrame = CFrame.new(1.80677e-07, 9.31323e-08, 0.016662, 0.704987, 0.708024, 0.0411725, -0.707337, 0.706157, -0.0318957, -0.0516571, -0.006637, 0.998643)

[31]
    Time: 1.000000
    HumanoidRootPart.CFrame = CFrame.new(0, 0, 0, 1, 0, 0, 0, 1, 0, 0, 0, 1)
    Torso.CFrame = CFrame.new(1.31493, -0.00208206, -0.492968, 0.640908, -0.7674, -0.0182771, 0.767496, 0.641049, -0.00257161, 0.01369, -0.0123794, 0.99983)
    Left Leg.CFrame = CFrame.new(-0.86242, -0.118736, -0.00534445, 0.692844, -0.721087, 0.000569488, 0.721007, 0.692756, -0.0154145, 0.0107206, 0.0110905, 0.999881)
    Right Arm.CFrame = CFrame.new(-0.151311, 0.145781, 0.899211, 0.728721, 0.168288, -0.663811, 0.315077, -0.943037, 0.10681, -0.608023, -0.286986, -0.740235)
    Left Arm.CFrame = CFrame.new(-1.01675, 0.158934, 0.21852, -0.92514, 0.315993, 0.21039, -0.323227, -0.946321, -8.49833e-08, 0.199097, -0.0680041, 0.977618)
    Right Leg.CFrame = CFrame.new(1.25986, 0.305537, -0.00855267, 0.902801, 0.430057, 0.000556043, -0.430017, 0.902697, 0.014957, 0.0059304, -0.0137423, 0.999888)
    Head.CFrame = CFrame.new(4.2608e-08, 6.51926e-08, 0.0166621, 0.709717, 0.704303, 0.0161218, -0.704264, 0.709882, -0.00890621, -0.0177173, -0.00503341, 0.99983)

[32]
    Time: 1.033333
    HumanoidRootPart.CFrame = CFrame.new(0, 0, 0, 1, 0, 0, 0, 1, 0, 0, 0, 1)
    Torso.CFrame = CFrame.new(1.32984, -3.21932e-05, -0.492828, 0.643287, -0.765625, -0.000143714, 0.765625, 0.643287, -7.95481e-05, 0.000153353, -5.88586e-05, 1)
    Left Leg.CFrame = CFrame.new(-0.869075, -0.100125, -0.00118291, 0.698379, -0.71572, 0.0033724, 0.715724, 0.698383, -0.000215617, -0.00220094, 0.00256425, 0.999994)
    Right Arm.CFrame = CFrame.new(-0.151311, 0.145781, 0.899212, 0.728721, 0.168288, -0.66381, 0.315077, -0.943037, 0.10681, -0.608023, -0.286986, -0.740235)
    Left Arm.CFrame = CFrame.new(-1.01675, 0.158934, 0.21852, -0.92514, 0.315993, 0.21039, -0.323227, -0.946321, 3.71802e-09, 0.199097, -0.0680041, 0.977618)
    Right Leg.CFrame = CFrame.new(1.25559, 0.309241, -0.00688291, 0.90938, 0.415953, 0.00335671, -0.415953, 0.909386, -0.000649773, -0.00332274, -0.000805421, 0.999994)
    Head.CFrame = CFrame.new(1.0684e-07, 1.62443e-07, 0.016662, 0.711902, 0.702275, 0.00257509, -0.702279, 0.711894, 0.00342147, 0.000569651, -0.00424438, 0.999991)

[33]
    Time: 1.066667
    HumanoidRootPart.CFrame = CFrame.new(0, 0, 0, 1, 0, 0, 0, 1, 0, 0, 0, 1)
    Torso.CFrame = CFrame.new(0.307302, -0.0494085, -0.00225163, 0.81237, -0.581547, 0.0431173, 0.583143, 0.810146, -0.0600664, 7.25352e-08, 0.0739397, 0.997263)
    Left Leg.CFrame = CFrame.new(-0.211906, -0.0680596, 0.317527, 0.999853, -0.0142944, -0.00947406, 0.012445, 0.984909, -0.172627, 0.0117987, 0.172484, 0.984942)
    Right Arm.CFrame = CFrame.new(-0.0201015, -0.0151156, -0.0166453, 0.35093, -0.712498, -0.607614, 0.89002, 0.45548, -0.0200682, 0.291055, -0.533746, 0.793979)
    Left Arm.CFrame = CFrame.new(-0.0491923, -0.143511, 0.107232, 0.498859, 0.689365, -0.525277, -0.835771, 0.543067, -0.0810253, 0.229404, 0.479431, 0.847065)
    Right Leg.CFrame = CFrame.new(-0.433839, 0.0263781, 0.0865661, 0.833442, -0.031496, -0.551708, 0.089517, 0.992883, 0.0785478, 0.545308, -0.114852, 0.83033)
    Head.CFrame = CFrame.new(7.53722e-08, -1.5134e-08, 0.0166624, 0.997854, 0.0269906, -0.059655, -0.0272269, 0.999624, -0.00315244, 0.0595475, 0.00476997, 0.998214)

[34]
    Time: 1.100000
    HumanoidRootPart.CFrame = CFrame.new(0, 0, 0, 1, 0, 0, 0, 1, 0, 0, 0, 1)
    Torso.CFrame = CFrame.new(0.344903, -0.0709662, -0.0548213, 0.799309, -0.594319, 0.0888297, 0.600609, 0.794874, -0.0862745, -0.019334, 0.122312, 0.992303)
    Left Leg.CFrame = CFrame.new(-0.508446, -0.00129926, 0.318265, 0.998433, 0.0406525, -0.0384512, -0.0465159, 0.984941, -0.166513, 0.0311029, 0.168041, 0.985289)
    Right Arm.CFrame = CFrame.new(0.208004, 0.0799069, 0.141409, 0.223361, -0.600081, -0.768123, 0.938437, 0.345438, 0.00301958, 0.263527, -0.721509, 0.640296)
    Left Arm.CFrame = CFrame.new(-0.0864196, -0.142814, 0.168361, 0.301331, 0.567826, -0.766012, -0.953519, 0.178759, -0.242583, -0.000813596, 0.803505, 0.595298)
    Right Leg.CFrame = CFrame.new(-0.303802, 0.0270225, 0.176987, 0.821081, 0.00023235, -0.570812, 0.0237081, 0.999123, 0.0345094, 0.57032, -0.0418679, 0.820355)
    Head.CFrame = CFrame.new(8.19564e-08, 2.98023e-08, 0.0166622, 0.987015, 0.158065, 0.0285938, -0.160187, 0.981789, 0.102133, -0.0119294, -0.105387, 0.99436)

[35]
    Time: 1.133333
    HumanoidRootPart.CFrame = CFrame.new(0, 0, 0, 1, 0, 0, 0, 1, 0, 0, 0, 1)
    Torso.CFrame = CFrame.new(0.440501, -0.0448155, -0.173895, 0.762283, -0.613905, 0.20505, 0.63515, 0.770465, -0.0544827, -0.124537, 0.171769, 0.977234)
    Left Leg.CFrame = CFrame.new(-0.84302, 0.288187, 0.298924, 0.996737, 0.00128466, -0.0807094, -0.00744246, 0.997077, -0.076041, 0.0803759, 0.0763935, 0.993833)
    Right Arm.CFrame = CFrame.new(0.402368, 0.290326, 0.49559, 0.222058, -0.326836, -0.918623, 0.970399, 0.165835, 0.175571, 0.0949568, -0.930418, 0.353986)
    Left Arm.CFrame = CFrame.new(-0.148475, -0.094535, 0.362815, 0.0806997, 0.467692, -0.8802, -0.967082, -0.177071, -0.182751, -0.241329, 0.865973, 0.438007)
    Right Leg.CFrame = CFrame.new(-0.230135, -0.0209392, 0.241181, 0.801865, 0.0155424, -0.597304, -0.0808155, 0.993297, -0.0826462, 0.592015, 0.114542, 0.797746)
    Head.CFrame = CFrame.new(3.72529e-08, -7.45058e-09, 0.0166621, 0.881495, 0.432172, 0.190248, -0.4671, 0.857097, 0.217261, -0.0691671, -0.280379, 0.957394)

[36]
    Time: 1.166667
    HumanoidRootPart.CFrame = CFrame.new(0, 0, 0, 1, 0, 0, 0, 1, 0, 0, 0, 1)
    Torso.CFrame = CFrame.new(0.550966, 0.120253, -0.320058, 0.678651, -0.651366, 0.339345, 0.645992, 0.749215, 0.146194, -0.349468, 0.119999, 0.929232)
    Left Leg.CFrame = CFrame.new(-1.04835, 0.621448, 0.144613, 0.98664, -0.118813, -0.111464, 0.135518, 0.978294, 0.156768, 0.0904187, -0.169779, 0.981325)
    Right Arm.CFrame = CFrame.new(0.533724, 0.48975, 0.857087, 0.125271, -0.157064, -0.979611, 0.909774, -0.375676, 0.176574, -0.39575, -0.913344, 0.0958321)
    Left Arm.CFrame = CFrame.new(-0.19523, -0.0122397, 0.624839, -0.0949809, 0.413, -0.905765, -0.918146, -0.387955, -0.0806157, -0.38469, 0.823967, 0.416043)
    Right Leg.CFrame = CFrame.new(-0.470808, -0.115656, 0.0431441, 0.776815, -0.0225032, -0.629327, -0.150879, 0.963602, -0.220694, 0.611388, 0.26639, 0.745145)
    Head.CFrame = CFrame.new(3.12924e-07, -5.58794e-08, 0.016662, 0.688505, 0.685579, 0.236521, -0.722034, 0.678581, 0.134888, -0.068022, -0.263647, 0.962218)

[37]
    Time: 1.200000
    HumanoidRootPart.CFrame = CFrame.new(0, 0, 0, 1, 0, 0, 0, 1, 0, 0, 0, 1)
    Torso.CFrame = CFrame.new(0.606292, 0.212134, -0.411965, 0.619972, -0.67105, 0.406605, 0.626749, 0.735307, 0.257895, -0.472039, 0.0949513, 0.876449)
    Left Leg.CFrame = CFrame.new(-1.10078, 0.770399, -0.00818592, 0.978847, -0.159062, -0.128677, 0.191699, 0.932795, 0.305196, 0.0714838, -0.323407, 0.943556)
    Right Arm.CFrame = CFrame.new(0.582013, 0.580462, 1.02559, 0.0691909, -0.0978918, -0.992789, 0.767521, -0.630503, 0.115661, -0.637279, -0.769989, 0.0315089)
    Left Arm.CFrame = CFrame.new(-0.213605, 0.0314856, 0.756552, -0.166608, 0.39923, -0.901586, -0.88956, -0.455298, -0.0372244, -0.425352, 0.795813, 0.430995)
    Right Leg.CFrame = CFrame.new(-0.478665, -0.147121, 0.0245265, 0.763152, 0.0142448, -0.646062, -0.262798, 0.920195, -0.290137, 0.59037, 0.391202, 0.705992)
    Head.CFrame = CFrame.new(-2.98023e-08, 3.0268e-08, 0.0166626, 0.586516, 0.779828, 0.218787, -0.806334, 0.587654, 0.067, -0.0763226, -0.215712, 0.97347)

[38]
    Time: 1.233333
    HumanoidRootPart.CFrame = CFrame.new(0, 0, 0, 1, 0, 0, 0, 1, 0, 0, 0, 1)
