[1]
    Time: 0.000000
    HumanoidRootPart.CFrame = CFrame.new(0, 0, 0, 1, 0, 0, 0, 1, 0, 0, 0, 1)
    Torso.CFrame = CFrame.new(-0.003954, -0.039473, -0.444398, 0.999785, -0.020026, 0.005424, 0.019459, 0.995773, 0.089764, -0.007199, -0.089639, 0.995948)
    Right Arm.CFrame = CFrame.new(-0.106393, -0.382771, 0.365478, -0.191393, -0.918653, 0.345609, 0.752175, 0.088934, 0.652934, -0.630556, 0.384926, 0.673967)
    Left Arm.CFrame = CFrame.new(0.106393, -0.382771, 0.365478, -0.191393, 0.918653, -0.345609, -0.752176, 0.088933, 0.652934, 0.630556, 0.384926, 0.673967)
    Right Leg.CFrame = CFrame.new(0.11578, 0.350235, 0.053653, 0.65037, 0.575456, -0.495853, -0.220464, 0.767663, 0.601738, 0.726922, -0.282034, 0.626132)
    Left Leg.CFrame = CFrame.new(-0.618688, 0.39322, -0.066073, 0.933388, -0.348234, 0.086722, 0.28699, 0.8694, 0.40222, -0.215462, -0.350539, 0.911427)
    Head.CFrame = CFrame.new(0, -0, 0, 0.999204, 0.014918, -0.036998, -0.018127, 0.995957, -0.08798, 0.035536, 0.088581, 0.995435)

[2]
    Time: 0.033333
    HumanoidRootPart.CFrame = CFrame.new(0, 0, 0, 1, 0, 0, 0, 1, 0, 0, 0, 1)
    Torso.CFrame = CFrame.new(-0.004394, -0.039473, -0.032707, 0.999797, -0.019665, 0.004459, 0.019191, 0.995855, 0.088906, -0.006189, -0.088802, 0.99603)
    Right Arm.CFrame = CFrame.new(0.199265, -0.203164, 0.255181, -0.587139, -0.776124, -0.229999, 0.655008, -0.622461, 0.428377, -0.475639, 0.100866, 0.873838)
    Left Arm.CFrame = CFrame.new(-0.197593, -0.201066, 0.255637, -0.60153, 0.759408, 0.247913, -0.637978, -0.643447, 0.423036, 0.480777, 0.096306, 0.871538)
    Right Leg.CFrame = CFrame.new(-0.24711, 0.246009, -0.141646, 0.788814, 0.363532, -0.495598, -0.089812, 0.865852, 0.492173, 0.608035, -0.343722, 0.715646)
    Left Leg.CFrame = CFrame.new(-0.286353, 0.180861, -0.012642, 0.976212, -0.207149, 0.064021, 0.178042, 0.934402, 0.308535, -0.123734, -0.289797, 0.949056)
    Head.CFrame = CFrame.new(0, -0, 0, 0.999247, 0.014571, -0.035973, -0.017737, 0.995846, -0.089305, 0.034522, 0.089875, 0.995355)

[3]
    Time: 0.066667
    HumanoidRootPart.CFrame = CFrame.new(0, 0, 0, 1, 0, 0, 0, 1, 0, 0, 0, 1)
    Torso.CFrame = CFrame.new(-0.005575, -0.039473, 0.396299, 0.999846, -0.017399, 0.002436, 0.017137, 0.996391, 0.083132, -0.003873, -0.083077, 0.996536)
    Right Arm.CFrame = CFrame.new(0.481886, -0.071574, 0.002816, -0.737563, -0.40323, -0.541669, 0.516378, -0.853687, -0.067623, -0.435149, -0.329582, 0.837867)
    Left Arm.CFrame = CFrame.new(-0.481886, -0.071574, 0.002816, -0.737564, 0.40323, 0.541669, -0.516378, -0.853687, -0.067623, 0.435148, -0.329582, 0.837867)
    Right Leg.CFrame = CFrame.new(-0.230734, 0.174279, -0.092092, 0.832217, 0.305152, -0.462923, -0.145453, 0.925837, 0.348811, 0.535032, -0.222953, 0.814882)
    Left Leg.CFrame = CFrame.new(0.020367, 0.097654, -0.010051, 0.994611, -0.09437, 0.042938, 0.084267, 0.977078, 0.195493, -0.060402, -0.190822, 0.979765)
    Head.CFrame = CFrame.new(0, -0, -0, 0.999357, 0.012197, -0.033727, -0.015152, 0.995936, -0.08878, 0.032507, 0.089234, 0.99548)

[4]
    Time: 0.100000
    HumanoidRootPart.CFrame = CFrame.new(0, 0, 0, 1, 0, 0, 0, 1, 0, 0, 0, 1)
    Torso.CFrame = CFrame.new(-0.007285, -0.039473, 0.614079, 0.999934, -0.011447, 0.0006, 0.01138, 0.997651, 0.067547, -0.001372, -0.067535, 0.997716)
    Right Arm.CFrame = CFrame.new(0.473543, -0.267261, -0.306031, -0.799672, -0.48224, -0.357727, 0.509039, -0.860461, 0.022039, -0.318439, -0.164473, 0.933566)
    Left Arm.CFrame = CFrame.new(-0.487733, -0.268527, -0.301007, -0.792178, 0.484904, 0.37057, -0.529807, -0.847801, -0.023204, 0.302918, -0.214712, 0.928515)
    Right Leg.CFrame = CFrame.new(-0.197417, 0.099306, -0.051485, 0.886429, 0.239007, -0.396382, -0.171231, 0.964943, 0.19891, 0.430027, -0.108446, 0.896279)
    Left Leg.CFrame = CFrame.new(-0.094651, 0.035791, 0.001968, 0.982167, -0.185493, 0.030669, 0.182053, 0.979044, 0.091271, -0.046956, -0.08406, 0.995354)
    Head.CFrame = CFrame.new(0, -0, 0, 0.999495, 0.005746, -0.031253, -0.008218, 0.996796, -0.079567, 0.030696, 0.079784, 0.996339)

[5]
    Time: 0.133333
    HumanoidRootPart.CFrame = CFrame.new(0, 0, 0, 1, 0, 0, 0, 1, 0, 0, 0, 1)
    Torso.CFrame = CFrame.new(-0.009311, -0.039473, 0.733873, 1, 0, -0, 0, 0.999553, 0.029906, 0, -0.029906, 0.999553)
    Right Arm.CFrame = CFrame.new(0.454199, -0.639445, -0.555624, -0.805592, -0.590492, 0.048386, 0.587409, -0.785387, 0.195238, -0.077285, 0.185704, 0.979562)
    Left Arm.CFrame = CFrame.new(-0.484812, -0.639854, -0.545694, -0.785916, 0.618147, -0.015164, -0.616407, -0.781299, 0.098052, 0.048763, 0.086408, 0.995066)
    Right Leg.CFrame = CFrame.new(-0.057771, 0.023495, 0.00601, 0.934624, 0.183803, -0.304458, -0.172752, 0.982942, 0.063093, 0.310861, -0.006372, 0.950434)
    Left Leg.CFrame = CFrame.new(-0.123933, 0.000968, 0.004237, 0.984525, -0.172352, 0.031696, 0.171889, 0.984973, 0.016823, -0.03412, -0.011115, 0.999356)
    Head.CFrame = CFrame.new(0, -0, 0, 0.999535, -0.006879, -0.029713, 0.005462, 0.998857, -0.047488, 0.030005, 0.047304, 0.99843)

[6]
    Time: 0.166667
    HumanoidRootPart.CFrame = CFrame.new(0, 0, 0, 1, 0, 0, 0, 1, 0, 0, 0, 1)
    Torso.CFrame = CFrame.new(-0.011444, -0.039473, 0.792833, 0.999528, 0.030664, 0.00168, -0.030631, 0.999388, -0.016896, -0.002197, 0.016837, 0.999856)
    Right Arm.CFrame = CFrame.new(0.451135, -0.856739, -0.65871, -0.626187, -0.722303, 0.293544, 0.779629, -0.576099, 0.245537, -0.008242, 0.382608, 0.923874)
    Left Arm.CFrame = CFrame.new(-0.451135, -0.856739, -0.65871, -0.626187, 0.722303, -0.293544, -0.77963, -0.576099, 0.245537, 0.008241, 0.382608, 0.923874)
    Right Leg.CFrame = CFrame.new(-0.09544, -0.007254, -0.009246, 0.980986, 0.023947, -0.192594, -0.027239, 0.999524, -0.014463, 0.192157, 0.019434, 0.981172)
    Left Leg.CFrame = CFrame.new(0.03033, -0.005821, -0.000953, 0.997534, -0.031183, 0.062869, 0.031972, 0.999422, -0.011573, -0.062472, 0.013555, 0.997955)
    Head.CFrame = CFrame.new(0, 0, 0, 0.998731, -0.039526, -0.031212, 0.039424, 0.999215, -0.003871, 0.031341, 0.002636, 0.999505)

[7]
    Time: 0.200000
    HumanoidRootPart.CFrame = CFrame.new(0, 0, 0, 1, 0, 0, 0, 1, 0, 0, 0, 1)
    Torso.CFrame = CFrame.new(-0.013471, -0.039473, 0.771094, 0.996484, 0.082569, 0.014204, -0.081938, 0.995817, -0.04042, -0.017482, 0.039114, 0.999082)
    Right Arm.CFrame = CFrame.new(0.482853, -0.881193, -0.622545, -0.174233, -0.939241, 0.295753, 0.966923, -0.106367, 0.231833, -0.186289, 0.326363, 0.926706)
    Left Arm.CFrame = CFrame.new(-0.227408, -0.808417, -0.442383, -0.293807, 0.849436, -0.438334, -0.921221, -0.129291, 0.366928, 0.255009, 0.511608, 0.820505)
    Right Leg.CFrame = CFrame.new(-0.032436, -0.031845, -0.00207, 0.997121, -0.036218, -0.066615, 0.031972, 0.997454, -0.063749, 0.068754, 0.061436, 0.99574)
    Left Leg.CFrame = CFrame.new(0.0595, -0.004019, -0.003568, 0.992628, 0.000812, 0.1212, 0.000164, 0.999968, -0.00804, -0.121202, 0.008001, 0.992596)
    Head.CFrame = CFrame.new(0, -0, 0, 0.994317, -0.096068, -0.045884, 0.097427, 0.994838, 0.028365, 0.042923, -0.032675, 0.998544)

[8]
    Time: 0.233333
    HumanoidRootPart.CFrame = CFrame.new(0, 0, 0, 1, 0, 0, 0, 1, 0, 0, 0, 1)
    Torso.CFrame = CFrame.new(-0.01518, -0.039473, 0.632844, 0.989382, 0.13934, 0.041323, -0.137968, 0.989839, -0.034398, -0.045696, 0.028331, 0.998554)
    Right Arm.CFrame = CFrame.new(0.510074, -0.857304, -0.525434, 0.175851, -0.952932, 0.246977, 0.927118, 0.244664, 0.283888, -0.330952, 0.179054, 0.926504)
    Left Arm.CFrame = CFrame.new(0.171317, -0.64639, -0.00675, 0.171954, 0.788615, -0.590354, -0.807432, 0.456143, 0.374148, 0.564345, 0.412334, 0.715189)
    Right Leg.CFrame = CFrame.new(0.025506, -0.054448, -0.003628, 0.998095, -0.03714, 0.049269, 0.042335, 0.993143, -0.108972, -0.044884, 0.11085, 0.992823)
    Left Leg.CFrame = CFrame.new(0.09348, 0.013256, -0.008994, 0.981813, -0.016443, 0.189136, 0.011629, 0.99958, 0.026536, -0.189493, -0.023854, 0.981592)
    Head.CFrame = CFrame.new(0, 0, 0, 0.984295, -0.15923, -0.076218, 0.162657, 0.985828, 0.041054, 0.0686, -0.052807, 0.996246)

[9]
    Time: 0.266667
    HumanoidRootPart.CFrame = CFrame.new(0, 0, 0, 1, 0, 0, 0, 1, 0, 0, 0, 1)
    Torso.CFrame = CFrame.new(-0.016361, -0.039473, 0.343731, 0.979881, 0.184308, 0.076579, -0.183059, 0.982831, -0.023077, -0.079517, 0.008594, 0.996796)
    Right Arm.CFrame = CFrame.new(0.548959, -0.759101, -0.399561, 0.037763, -0.988303, 0.147755, 0.930155, 0.088804, 0.356266, -0.365219, 0.123981, 0.922629)
    Left Arm.CFrame = CFrame.new(0.451047, -0.417408, 0.245286, 0.454447, 0.609386, -0.649713, -0.530127, 0.771172, 0.352504, 0.715851, 0.184236, 0.673509)
    Right Leg.CFrame = CFrame.new(0.068507, -0.081117, -0.011402, 0.990622, -0.019138, 0.135283, 0.041212, 0.985879, -0.162309, -0.130267, 0.166362, 0.977422)
    Left Leg.CFrame = CFrame.new(0.121554, 0.039173, -0.016584, 0.968163, -0.050112, 0.245255, 0.031711, 0.996417, 0.078413, -0.248305, -0.068139, 0.966282)
    Head.CFrame = CFrame.new(0, 0, 0, 0.971205, -0.208859, -0.114623, 0.215086, 0.975567, 0.044808, 0.102464, -0.068172, 0.992398)

[10]
    Time: 0.300000
    HumanoidRootPart.CFrame = CFrame.new(0, 0, 0, 1, 0, 0, 0, 1, 0, 0, 0, 1)
    Torso.CFrame = CFrame.new(-0.016801, -0.039473, -0.038944, 0.976152, 0.202422, 0.078435, -0.201819, 0.979298, -0.015619, -0.079972, -0.000583, 0.996797)
    Right Arm.CFrame = CFrame.new(0.58324, -0.626356, -0.253758, -0.324087, -0.945966, -0.010735, 0.877124, -0.304715, 0.371218, -0.35443, 0.110891, 0.928484)
    Left Arm.CFrame = CFrame.new(0.514536, -0.208593, 0.240041, 0.544947, 0.561954, -0.622286, -0.39377, 0.826757, 0.40177, 0.740256, 0.026095, 0.671819)
    Right Leg.CFrame = CFrame.new(0.085846, -0.088639, -0.015465, 0.985386, -0.01112, 0.169971, 0.041688, 0.983264, -0.177352, -0.165155, 0.181846, 0.969358)
    Left Leg.CFrame = CFrame.new(-0.196203, 0.063516, 0.069477, 0.932856, -0.242913, 0.266032, 0.228727, 0.969897, 0.083566, -0.278323, -0.017107, 0.960335)
    Head.CFrame = CFrame.new(0, -0, 0, 0.966088, -0.229726, -0.1179, 0.236431, 0.970547, 0.046246, 0.103803, -0.072553, 0.991948)

[11]
    Time: 0.333333
    HumanoidRootPart.CFrame = CFrame.new(0, 0, 0, 1, 0, 0, 0, 1, 0, 0, 0, 1)
    Torso.CFrame = CFrame.new(-0.01672, -0.039473, -0.330385, 0.980025, 0.197371, 0.024407, -0.195767, 0.97903, -0.056357, -0.035019, 0.050453, 0.998112)
    Right Arm.CFrame = CFrame.new(0.592317, -0.493236, -0.098327, -0.712031, -0.683246, -0.161825, 0.627801, -0.722712, 0.289055, -0.314449, 0.104222, 0.943536)
    Left Arm.CFrame = CFrame.new(0.521512, -0.118654, 0.20266, 0.588088, 0.576117, -0.567663, -0.360412, 0.814993, 0.45375, 0.724055, -0.062252, 0.686927)
    Right Leg.CFrame = CFrame.new(0.665885, 0.211257, -0.077884, 0.959656, 0.227036, 0.165874, -0.210133, 0.971072, -0.113414, -0.186825, 0.073983, 0.979604)
    Left Leg.CFrame = CFrame.new(-0.654379, 0.226823, 0.169753, 0.856495, -0.461916, 0.230327, 0.475608, 0.879646, -0.004486, -0.200534, 0.113388, 0.973103)
    Head.CFrame = CFrame.new(0, 0, 0, 0.974146, -0.221252, -0.045687, 0.219988, 0.975006, -0.031112, 0.051428, 0.020257, 0.998471)

[12]
    Time: 0.366667
    HumanoidRootPart.CFrame = CFrame.new(0, 0, 0, 1, 0, 0, 0, 1, 0, 0, 0, 1)
    Torso.CFrame = CFrame.new(-0.016147, -0.039473, -0.431536, 0.983557, 0.171942, -0.055236, -0.177988, 0.974693, -0.135255, 0.030582, 0.142863, 0.98927)
    Right Arm.CFrame = CFrame.new(0.584543, -0.395724, 0.054585, -0.909286, -0.346992, -0.229773, 0.312272, -0.933834, 0.174469, -0.275109, 0.086891, 0.957478)
    Left Arm.CFrame = CFrame.new(0.468826, -0.141847, 0.157107, 0.627949, 0.590482, -0.506963, -0.372983, 0.800064, 0.469875, 0.683055, -0.105969, 0.722639)
    Right Leg.CFrame = CFrame.new(0.655939, 0.459889, -0.083578, 0.984388, 0.118797, 0.129873, -0.120354, 0.992722, 0.004174, -0.128432, -0.01974, 0.991522)
    Left Leg.CFrame = CFrame.new(-0.820032, 0.349161, 0.200243, 0.818731, -0.550761, 0.162305, 0.571861, 0.80754, -0.144411, -0.051531, 0.21105, 0.976116)
    Head.CFrame = CFrame.new(0, 0, -0, 0.982543, -0.182001, 0.038544, 0.184285, 0.980541, -0.067664, -0.025479, 0.073586, 0.996963)

[13]
    Time: 0.400000
    HumanoidRootPart.CFrame = CFrame.new(0, 0, 0, 1, 0, 0, 0, 1, 0, 0, 0, 1)
    Torso.CFrame = CFrame.new(-0.014594, -0.039473, -0.367826, 0.984879, 0.121655, -0.123342, -0.143127, 0.972517, -0.183646, 0.097611, 0.198522, 0.975224)
    Right Arm.CFrame = CFrame.new(0.579688, -0.342758, 0.189391, -0.950253, -0.198201, -0.240282, 0.172514, -0.977195, 0.123812, -0.259342, 0.076201, 0.962775)
    Left Arm.CFrame = CFrame.new(0.330785, -0.204334, 0.111272, 0.655297, 0.619756, -0.431843, -0.419982, 0.774115, 0.473668, 0.627854, -0.129027, 0.767562)
    Right Leg.CFrame = CFrame.new(0.574153, 0.510331, -0.08774, 0.997883, 0.025039, 0.060025, -0.031592, 0.993336, 0.11084, -0.05685, -0.112501, 0.992024)
    Left Leg.CFrame = CFrame.new(-1.02858, 0.27011, 0.168042, 0.716149, -0.691126, 0.097342, 0.691791, 0.684408, -0.230241, 0.092504, 0.232227, 0.968253)
    Head.CFrame = CFrame.new(0, -0, 0, 0.984708, -0.15231, 0.084564, 0.151737, 0.988333, 0.013195, -0.085587, -0.000161, 0.996331)

[14]
    Time: 0.433333
    HumanoidRootPart.CFrame = CFrame.new(0, 0, 0, 1, 0, 0, 0, 1, 0, 0, 0, 1)
    Torso.CFrame = CFrame.new(-0.01157, -0.039473, -0.223875, 0.987699, 0.049211, -0.148422, -0.078699, 0.976652, -0.199891, 0.13512, 0.209113, 0.968511)
    Right Arm.CFrame = CFrame.new(0.350622, -0.331627, 0.287998, -0.897682, -0.385368, -0.213677, 0.339215, -0.913872, 0.223093, -0.281246, 0.127785, 0.95109)
    Left Arm.CFrame = CFrame.new(0.132429, -0.28951, 0.068191, 0.642745, 0.693102, -0.326327, -0.512889, 0.705739, 0.488751, 0.569055, -0.146773, 0.809094)
    Right Leg.CFrame = CFrame.new(0.475608, 0.407145, -0.045711, 0.999561, -0.020911, -0.020966, 0.023816, 0.988465, 0.149563, 0.017597, -0.149997, 0.98853)
    Left Leg.CFrame = CFrame.new(-1.24815, 0.279226, 0.079769, 0.651482, -0.758246, 0.025206, 0.748043, 0.636466, -0.187997, 0.126505, 0.141332, 0.981846)
    Head.CFrame = CFrame.new(0, -0, -0, 0.987981, -0.126072, 0.089437, 0.118444, 0.989228, 0.086021, -0.099319, -0.074394, 0.992271)

[15]
    Time: 0.466667
    HumanoidRootPart.CFrame = CFrame.new(0, 0, 0, 1, 0, 0, 0, 1, 0, 0, 0, 1)
    Torso.CFrame = CFrame.new(-0.006584, -0.039473, -0.113367, 0.991003, -0.044228, -0.126323, 0.021483, 0.984149, -0.176039, 0.132106, 0.171741, 0.976244)
    Right Arm.CFrame = CFrame.new(-0.065956, -0.350936, 0.342554, -0.570053, -0.821272, -0.023491, 0.721105, -0.513819, 0.464756, -0.393761, 0.247996, 0.885127)
    Left Arm.CFrame = CFrame.new(-0.099976, -0.377639, 0.031376, 0.538427, 0.827384, -0.159789, -0.660859, 0.532248, 0.529129, 0.52284, -0.179299, 0.833361)
    Right Leg.CFrame = CFrame.new(0.402856, 0.312788, 0.022391, 0.989366, 0.051663, -0.135965, -0.033258, 0.99038, 0.134317, 0.141596, -0.128367, 0.981566)
    Left Leg.CFrame = CFrame.new(-1.34218, 0.630795, 0.082702, 0.775159, -0.631398, 0.021572, 0.631723, 0.774253, -0.038198, 0.007416, 0.043237, 0.999037)
    Head.CFrame = CFrame.new(0, 0, 0, 0.995463, -0.077384, 0.055372, 0.069889, 0.989512, 0.126419, -0.064574, -0.121976, 0.99043)

[16]
    Time: 0.500000
    HumanoidRootPart.CFrame = CFrame.new(0, 0, 0, 1, 0, 0, 0, 1, 0, 0, 0, 1)
    Torso.CFrame = CFrame.new(0.000854, -0.039473, -0.073678, 0.985681, -0.148118, -0.080579, 0.139676, 0.984939, -0.101906, 0.09446, 0.089192, 0.991525)
    Right Arm.CFrame = CFrame.new(-0.305188, -0.367264, 0.364277, 0.102126, -0.906786, 0.409036, 0.782136, 0.327271, 0.530243, -0.614682, 0.26577, 0.742652)
    Left Arm.CFrame = CFrame.new(-0.333737, -0.436519, 0.000773, 0.170595, 0.975226, 0.140823, -0.83267, 0.066268, 0.54979, 0.526837, -0.211051, 0.823347)
    Right Leg.CFrame = CFrame.new(0.345728, 0.217622, 0.10555, 0.924402, 0.244584, -0.292678, -0.216796, 0.968256, 0.124416, 0.313817, -0.051558, 0.948082)
    Left Leg.CFrame = CFrame.new(-1.11077, 0.976134, 0.101073, 0.946159, -0.284675, 0.154087, 0.277303, 0.958384, 0.067851, -0.16699, -0.021469, 0.985725)
    Head.CFrame = CFrame.new(0, 0, -0, 0.999998, 0.000727, 0.001874, -0.000937, 0.993457, 0.114206, -0.001779, -0.114208, 0.993455)

[17]
    Time: 0.533333
    HumanoidRootPart.CFrame = CFrame.new(0, 0, 0, 1, 0, 0, 0, 1, 0, 0, 0, 1)
    Torso.CFrame = CFrame.new(0.011235, -0.039473, -0.067597, 0.968531, -0.24711, -0.029751, 0.247519, 0.968822, 0.010879, 0.026136, -0.0179, 0.999498)
    Right Arm.CFrame = CFrame.new(-0.13689, -0.276466, 0.296306, 0.472998, -0.526335, 0.706573, 0.441423, 0.83561, 0.326956, -0.762508, 0.157248, 0.627578)
    Left Arm.CFrame = CFrame.new(-0.507869, -0.465866, -0.027398, -0.37492, 0.80633, 0.457457, -0.731677, -0.560387, 0.388093, 0.569284, -0.189207, 0.800073)
    Right Leg.CFrame = CFrame.new(0.130527, 0.071965, 0.120226, 0.799683, 0.402615, -0.445431, -0.375092, 0.914276, 0.152991, 0.468843, 0.044733, 0.882148)
    Left Leg.CFrame = CFrame.new(-0.881551, 0.820682, 0.112875, 0.968569, 0.062723, 0.240706, -0.071436, 0.997062, 0.027635, -0.238266, -0.043961, 0.970205)
    Head.CFrame = CFrame.new(0, -0, -0, 0.993087, 0.097514, -0.06534, -0.094819, 0.994558, 0.043162, 0.069193, -0.036668, 0.996929)

[18]
    Time: 0.566667
    HumanoidRootPart.CFrame = CFrame.new(0, 0, 0, 1, 0, 0, 0, 1, 0, 0, 0, 1)
    Torso.CFrame = CFrame.new(0.025049, -0.039473, -0.187458, 0.9466, -0.322271, 0.009436, 0.319554, 0.941702, 0.105274, -0.042813, -0.096637, 0.994399)
    Right Arm.CFrame = CFrame.new(0.048781, -0.198179, 0.220763, 0.479426, -0.319607, 0.817314, 0.273584, 0.939344, 0.206845, -0.833848, 0.124437, 0.537785)
    Left Arm.CFrame = CFrame.new(-0.607977, -0.499134, -0.048872, -0.672999, 0.456275, 0.582138, -0.444664, -0.878531, 0.174518, 0.591055, -0.141405, 0.79414)
    Right Leg.CFrame = CFrame.new(0.003553, 0.035001, 0.113177, 0.636544, 0.541228, -0.54944, -0.514695, 0.828669, 0.219992, 0.574369, 0.142759, 0.806052)
    Left Leg.CFrame = CFrame.new(-0.745111, 0.516934, 0.049665, 0.922644, 0.327531, 0.203596, -0.33685, 0.941483, 0.011926, -0.187777, -0.079585, 0.978982)
    Head.CFrame = CFrame.new(0, 0, 0, 0.975649, 0.18261, -0.121498, -0.187495, 0.981808, -0.029968, 0.113815, 0.052018, 0.992139)

[19]
    Time: 0.600000
    HumanoidRootPart.CFrame = CFrame.new(0, 0, 0, 1, 0, 0, 0, 1, 0, 0, 0, 1)
    Torso.CFrame = CFrame.new(0.042787, -0.039473, -0.428345, 0.934643, -0.35242, 0.047354, 0.345774, 0.931824, 0.110202, -0.082963, -0.086626, 0.99278)
    Right Arm.CFrame = CFrame.new(0.048168, -0.197317, 0.254041, 0.376952, -0.344513, 0.859778, 0.3181, 0.919945, 0.229158, -0.869896, 0.187114, 0.456365)
    Left Arm.CFrame = CFrame.new(-0.64392, -0.517138, -0.056925, -0.741159, 0.303211, 0.598954, -0.313012, -0.945356, 0.091244, 0.593891, -0.119853, 0.795568)
    Right Leg.CFrame = CFrame.new(0.152459, 0.037707, 0.260089, 0.486064, 0.639476, -0.595662, -0.648762, 0.720704, 0.244322, 0.585534, 0.267687, 0.765176)
    Left Leg.CFrame = CFrame.new(-0.673655, 0.422354, 0.006176, 0.852539, 0.49777, 0.15938, -0.507258, 0.861493, 0.022787, -0.125962, -0.100273, 0.986954)
    Head.CFrame = CFrame.new(0, 0, -0, 0.962889, 0.230988, -0.139601, -0.236359, 0.971394, -0.022974, 0.130301, 0.055117, 0.989941)

[20]
    Time: 0.633333
    HumanoidRootPart.CFrame = CFrame.new(0, 0, 0, 1, 0, 0, 0, 1, 0, 0, 0, 1)
    Torso.CFrame = CFrame.new(0.064938, -0.039473, -0.484614, 0.942834, -0.324227, 0.077074, 0.319549, 0.945189, 0.067134, -0.094616, -0.038667, 0.994763)
    Right Arm.CFrame = CFrame.new(0.033336, -0.200217, 0.286586, 0.283595, -0.413452, 0.865235, 0.391879, 0.873467, 0.288941, -0.875217, 0.257125, 0.409734)
    Left Arm.CFrame = CFrame.new(-0.600774, -0.478403, -0.028255, -0.709772, 0.43786, 0.551817, -0.40331, -0.894845, 0.191294, 0.57755, -0.086778, 0.81173)
    Right Leg.CFrame = CFrame.new(0.236593, 0.065538, 0.294369, 0.531469, 0.612577, -0.585056, -0.642683, 0.741529, 0.192594, 0.551815, 0.273648, 0.787793)
    Left Leg.CFrame = CFrame.new(-0.661848, 0.567629, -0.029149, 0.901464, 0.397419, 0.171524, -0.419124, 0.900426, 0.116481, -0.108153, -0.176893, 0.97827)
    Head.CFrame = CFrame.new(0, -0, 0, 0.964821, 0.231701, -0.124235, -0.231633, 0.972685, 0.015195, 0.124363, 0.014117, 0.992136)

[21]
    Time: 0.666667
    HumanoidRootPart.CFrame = CFrame.new(0, 0, 0, 1, 0, 0, 0, 1, 0, 0, 0, 1)
    Torso.CFrame = CFrame.new(0.092477, -0.039473, -0.341987, 0.965644, -0.250471, 0.069248, 0.248307, 0.96792, 0.038401, -0.076645, -0.019887, 0.99686)
    Right Arm.CFrame = CFrame.new(-0.009693, -0.345909, 0.269441, 0.231984, -0.530251, 0.815486, 0.407697, 0.814169, 0.413416, -0.883157, 0.236565, 0.405056)
    Left Arm.CFrame = CFrame.new(-0.491982, -0.394091, 0.040616, -0.547712, 0.765218, 0.338308, -0.631025, -0.643325, 0.433521, 0.54938, 0.023963, 0.835229)
    Right Leg.CFrame = CFrame.new(0.20176, 0.067772, 0.213263, 0.662002, 0.534381, -0.525539, -0.533146, 0.828576, 0.170932, 0.526792, 0.167031, 0.833421)
    Left Leg.CFrame = CFrame.new(-0.684382, 0.552491, -0.062076, 0.986724, 0.061158, 0.150449, -0.097792, 0.963357, 0.24976, -0.129661, -0.261157, 0.956548)
    Head.CFrame = CFrame.new(0, -0, -0, 0.978742, 0.190615, -0.075691, -0.189397, 0.981631, 0.023029, 0.07869, -0.008204, 0.996865)

[22]
    Time: 0.700000
    HumanoidRootPart.CFrame = CFrame.new(0, 0, 0, 1, 0, 0, 0, 1, 0, 0, 0, 1)
    Torso.CFrame = CFrame.new(0.124986, -0.039473, -0.254658, 0.989055, -0.14708, 0.011765, 0.146787, 0.988906, 0.022787, -0.014986, -0.020811, 0.999671)
    Right Arm.CFrame = CFrame.new(-0.017738, -0.551891, 0.210089, 0.135346, -0.810682, 0.569628, 0.499756, 0.552284, 0.667253, -0.855526, 0.194365, 0.479893)
    Left Arm.CFrame = CFrame.new(-0.329374, -0.310374, 0.127378, -0.160998, 0.978995, -0.125097, -0.806538, -0.057453, 0.588383, 0.568837, 0.195624, 0.798846)
    Right Leg.CFrame = CFrame.new(0.218499, 0.134995, 0.152738, 0.753654, 0.486825, -0.441595, -0.420987, 0.873498, 0.244482, 0.504753, 0.001651, 0.863262)
    Left Leg.CFrame = CFrame.new(-0.642683, 0.30105, -0.026816, 0.964768, -0.25715, 0.055648, 0.238686, 0.944417, 0.226067, -0.110688, -0.20482, 0.972521)
    Head.CFrame = CFrame.new(0, 0, 0, 0.992533, 0.120544, 0.018664, -0.120825, 0.992564, 0.014764, -0.016745, -0.016909, 0.999717)

[23]
    Time: 0.733333
    HumanoidRootPart.CFrame = CFrame.new(0, 0, 0, 1, 0, 0, 0, 1, 0, 0, 0, 1)
    Torso.CFrame = CFrame.new(0.161314, -0.039473, -0.216348, 0.997621, -0.031769, -0.061182, 0.033461, 0.99908, 0.026839, 0.060273, -0.028823, 0.997766)
    Right Arm.CFrame = CFrame.new(0.194294, -0.594987, 0.106095, -0.291884, -0.954976, -0.053141, 0.660548, -0.241453, 0.710898, -0.691722, 0.172397, 0.701284)
    Left Arm.CFrame = CFrame.new(-0.125548, -0.228297, 0.220235, 0.243567, 0.7806, -0.575621, -0.716516, 0.544815, 0.43564, 0.653667, 0.306334, 0.692011)
    Right Leg.CFrame = CFrame.new(0.38693, 0.311754, 0.112077, 0.82354, 0.416906, -0.384671, -0.297455, 0.894796, 0.332958, 0.483014, -0.159782, 0.860911)
    Left Leg.CFrame = CFrame.new(-0.480857, 0.074968, 0.021361, 0.925077, -0.376185, 0.052135, 0.371388, 0.92477, 0.082894, -0.079397, -0.05732, 0.995194)
    Head.CFrame = CFrame.new(0, -0, 0, 0.991379, 0.038049, 0.125382, -0.039006, 0.999226, 0.005182, -0.125088, -0.010028, 0.992095)

[24]
    Time: 0.766667
    HumanoidRootPart.CFrame = CFrame.new(0, 0, 0, 1, 0, 0, 0, 1, 0, 0, 0, 1)
    Torso.CFrame = CFrame.new(0.200689, -0.039473, -0.213115, 0.991325, 0.074713, -0.108134, -0.069738, 0.996357, 0.049084, 0.111407, -0.041117, 0.992924)
    Right Arm.CFrame = CFrame.new(0.51903, -0.579618, 0.019673, -0.722995, -0.532589, -0.440031, 0.458524, -0.846354, 0.271001, -0.516754, -0.005833, 0.856114)
    Left Arm.CFrame = CFrame.new(0.047572, -0.146814, 0.298555, 0.435291, 0.464673, -0.771104, -0.529975, 0.824633, 0.197756, 0.727769, 0.322584, 0.60522)
    Right Leg.CFrame = CFrame.new(0.644401, 0.558483, 0.07352, 0.887816, 0.27955, -0.365562, -0.159344, 0.931953, 0.325689, 0.431733, -0.230901, 0.871947)
    Left Leg.CFrame = CFrame.new(-0.38043, -0.017268, 0.058656, 0.902899, -0.406381, 0.1401, 0.411772, 0.911225, -0.010586, -0.123361, 0.067247, 0.990081)
    Head.CFrame = CFrame.new(0, -0, -0, 0.978455, -0.038222, 0.202892, 0.039922, 0.999194, -0.004292, -0.202565, 0.012299, 0.979192)

[25]
    Time: 0.800000
    HumanoidRootPart.CFrame = CFrame.new(0, 0, 0, 1, 0, 0, 0, 1, 0, 0, 0, 1)
    Torso.CFrame = CFrame.new(0.242557, -0.039473, -0.289737, 0.980013, 0.152466, -0.127785, -0.142756, 0.986353, 0.082032, 0.138549, -0.06215, 0.988404)
    Right Arm.CFrame = CFrame.new(0.692914, -0.575704, -0.017779, -0.829045, -0.295411, -0.474782, 0.307749, -0.949952, 0.053685, -0.466879, -0.101606, 0.878465)
    Left Arm.CFrame = CFrame.new(0.117271, -0.109343, 0.331103, 0.479563, 0.333799, -0.81154, -0.449346, 0.887785, 0.099628, 0.753729, 0.316884, 0.57574)
    Right Leg.CFrame = CFrame.new(0.852307, 0.790326, 0.060409, 0.922596, 0.14328, -0.358173, -0.055476, 0.968094, 0.244369, 0.381758, -0.205584, 0.901108)
    Left Leg.CFrame = CFrame.new(-0.418676, -0.067159, 0.096443, 0.842833, -0.497, 0.206455, 0.517476, 0.853782, -0.057231, -0.147824, 0.155072, 0.976781)
    Head.CFrame = CFrame.new(0, 0, 0, 0.964177, -0.092138, 0.248745, 0.100879, 0.994642, -0.0226, -0.245329, 0.046884, 0.968305)

[26]
    Time: 0.833333
    HumanoidRootPart.CFrame = CFrame.new(0, 0, 0, 1, 0, 0, 0, 1, 0, 0, 0, 1)
    Torso.CFrame = CFrame.new(0.286497, -0.039473, -0.54122, 0.974382, 0.183825, -0.129572, -0.168512, 0.978283, 0.120689, 0.148944, -0.095763, 0.984198)
    Right Arm.CFrame = CFrame.new(0.652907, -0.548411, -0.010647, -0.792606, -0.398699, -0.461319, 0.387203, -0.913577, 0.124303, -0.47101, -0.080101, 0.878483)
    Left Arm.CFrame = CFrame.new(0.060481, -0.125027, 0.322074, 0.452637, 0.43502, -0.778381, -0.506754, 0.843752, 0.176871, 0.733703, 0.31439, 0.602362)
    Right Leg.CFrame = CFrame.new(0.924417, 1.05856, 0.029546, 0.929312, 0.091216, -0.357852, -0.021506, 0.980738, 0.194139, 0.368668, -0.17272, 0.913374)
    Left Leg.CFrame = CFrame.new(-0.645671, -0.066016, 0.16361, 0.713668, -0.661496, 0.230438, 0.690844, 0.71906, -0.075415, -0.115811, 0.213018, 0.97016)
    Head.CFrame = CFrame.new(0, -0, 0, 0.957096, -0.109689, 0.268209, 0.130094, 0.989716, -0.059473, -0.258927, 0.091813, 0.961523)

[27]
    Time: 0.866667
    HumanoidRootPart.CFrame = CFrame.new(0, 0, 0, 1, 0, 0, 0, 1, 0, 0, 0, 1)
    Torso.CFrame = CFrame.new(0.332176, -0.039473, -0.591543, 0.982271, 0.136577, -0.128415, -0.123576, 0.986838, 0.104307, 0.140971, -0.086589, 0.98622)
    Right Arm.CFrame = CFrame.new(0.551524, -0.485564, 0.00718, -0.627043, -0.684724, -0.371443, 0.601455, -0.728583, 0.327749, -0.495044, -0.017894, 0.868683)
    Left Arm.CFrame = CFrame.new(-0.086279, -0.161822, 0.299295, 0.336432, 0.699104, -0.630926, -0.65431, 0.655381, 0.3773, 0.677268, 0.285885, 0.677921)
    Right Leg.CFrame = CFrame.new(0.951354, 1.04187, 0.000265, 0.908244, 0.212157, -0.360669, -0.113634, 0.954599, 0.275369, 0.402715, -0.209118, 0.891117)
    Left Leg.CFrame = CFrame.new(-0.733346, -0.026651, 0.138425, 0.730982, -0.659859, 0.173927, 0.680466, 0.723999, -0.113101, -0.051292, 0.201026, 0.978242)
    Head.CFrame = CFrame.new(0, 0, 0, 0.960775, -0.080786, 0.265302, 0.103181, 0.992085, -0.071565, -0.257421, 0.096132, 0.961506)

[28]
    Time: 0.900000
    HumanoidRootPart.CFrame = CFrame.new(0, 0, 0, 1, 0, 0, 0, 1, 0, 0, 0, 1)
    Torso.CFrame = CFrame.new(0.379312, -0.039473, -0.420961, 0.993283, 0.008948, -0.115364, -0.006893, 0.999811, 0.018204, 0.115505, -0.017286, 0.993157)
    Right Arm.CFrame = CFrame.new(0.402888, -0.424459, 0.032698, -0.191685, -0.979351, -0.064255, 0.79819, -0.193653, 0.570431, -0.571096, 0.058055, 0.818828)
    Left Arm.CFrame = CFrame.new(-0.277159, -0.201026, 0.271316, 0.056397, 0.962272, -0.266179, -0.79341, 0.205033, 0.573116, 0.606069, 0.178868, 0.77504)
    Right Leg.CFrame = CFrame.new(0.900623, 0.686886, 0.071144, 0.856311, 0.393449, -0.334558, -0.274739, 0.895557, 0.349995, 0.437321, -0.207788, 0.874971)
    Left Leg.CFrame = CFrame.new(-0.69996, 0.046969, 0.037058, 0.874428, -0.483789, 0.036398, 0.483985, 0.864647, -0.134699, 0.033694, 0.135401, 0.990218)
    Head.CFrame = CFrame.new(-0, 0, -0, 0.969973, -0.010609, 0.242982, 0.022178, 0.998744, -0.044924, -0.2422, 0.048964, 0.96899)

[29]
    Time: 0.933333
    HumanoidRootPart.CFrame = CFrame.new(0, 0, 0, 1, 0, 0, 0, 1, 0, 0, 0, 1)
    Torso.CFrame = CFrame.new(0.427647, -0.039473, -0.279041, 0.983475, -0.165343, -0.07375, 0.159798, 0.984245, -0.075667, 0.085099, 0.062631, 0.994402)
    Right Arm.CFrame = CFrame.new(0.192673, -0.369529, 0.069464, 0.37961, -0.823993, 0.420632, 0.621763, 0.563904, 0.543529, -0.68506, 0.055204, 0.726392)
    Left Arm.CFrame = CFrame.new(-0.451938, -0.246559, 0.241433, -0.321393, 0.917073, 0.235974, -0.748921, -0.398665, 0.529324, 0.579503, -0.006605, 0.814943)
    Right Leg.CFrame = CFrame.new(0.610489, 0.339589, 0.106888, 0.819143, 0.480535, -0.313195, -0.389546, 0.866848, 0.311172, 0.421021, -0.132891, 0.897263)
    Left Leg.CFrame = CFrame.new(-0.645232, 0.128161, -0.071981, 0.957599, -0.251316, -0.14087, 0.239109, 0.966032, -0.098026, 0.16072, 0.060186, 0.985163)
    Head.CFrame = CFrame.new(0, -0, -0, 0.974711, 0.088799, 0.205068, -0.086697, 0.996049, -0.019232, -0.205965, 0.000967, 0.978559)

[30]
    Time: 0.966667
    HumanoidRootPart.CFrame = CFrame.new(0, 0, 0, 1, 0, 0, 0, 1, 0, 0, 0, 1)
    Torso.CFrame = CFrame.new(0.476918, -0.039473, -0.200489, 0.936803, -0.347339, -0.041902, 0.340417, 0.932598, -0.119904, 0.080725, 0.098063, 0.991901)
    Right Arm.CFrame = CFrame.new(-0.037427, -0.278224, 0.111802, 0.637083, -0.320229, 0.701127, 0.194404, 0.946964, 0.255865, -0.745877, -0.026705, 0.665548)
    Left Arm.CFrame = CFrame.new(-0.5835, -0.327688, 0.201861, -0.570374, 0.587066, 0.57448, -0.545466, -0.793637, 0.269457, 0.614117, -0.159668, 0.772895)
    Right Leg.CFrame = CFrame.new(0.386574, 0.114065, 0.139215, 0.699784, 0.61909, -0.356412, -0.572539, 0.784438, 0.238445, 0.427202, 0.0372, 0.903391)
    Left Leg.CFrame = CFrame.new(-0.597541, 0.142355, -0.165479, 0.942638, -0.080822, -0.323885, 0.063007, 0.995885, -0.065138, 0.327817, 0.040995, 0.943851)
    Head.CFrame = CFrame.new(0, -0, -0, 0.963593, 0.199526, 0.177983, -0.196028, 0.979892, -0.037212, -0.181829, 0.000968, 0.98333)

[31]
    Time: 1.000000
    HumanoidRootPart.CFrame = CFrame.new(0, 0, 0, 1, 0, 0, 0, 1, 0, 0, 0, 1)
    Torso.CFrame = CFrame.new(0.5268, -0.039473, -0.235795, 0.862447, -0.502923, -0.05704, 0.497016, 0.862803, -0.092441, 0.095705, 0.051376, 0.994083)
    Right Arm.CFrame = CFrame.new(-0.206147, -0.171687, 0.144302, 0.651359, 0.034633, 0.757979, -0.091196, 0.99529, 0.032892, -0.753269, -0.090549, 0.65145)
    Left Arm.CFrame = CFrame.new(-0.674544, -0.442707, 0.150941, -0.655883, 0.293985, 0.695263, -0.371336, -0.927553, 0.041903, 0.657212, -0.230692, 0.717533)
    Right Leg.CFrame = CFrame.new(0.240054, -0.096721, 0.205817, 0.405692, 0.802964, -0.436648, -0.812853, 0.535412, 0.229357, 0.417952, 0.261883, 0.869904)
    Left Leg.CFrame = CFrame.new(-0.678389, 0.149561, -0.287806, 0.865993, -0.11608, -0.486396, 0.079452, 0.992268, -0.095348, 0.493703, 0.043926, 0.86852)
    Head.CFrame = CFrame.new(0, -0, -0, 0.939906, 0.301603, 0.16004, -0.283593, 0.950632, -0.12599, -0.190139, 0.073032, 0.979037)

[32]
    Time: 1.033333
    HumanoidRootPart.CFrame = CFrame.new(0, 0, 0, 1, 0, 0, 0, 1, 0, 0, 0, 1)
    Torso.CFrame = CFrame.new(0.576775, -0.039473, -0.443526, 0.789725, -0.602859, -0.113557, 0.603282, 0.796781, -0.034519, 0.11129, -0.041246, 0.992932)
    Right Arm.CFrame = CFrame.new(-0.272681, -0.094481, 0.158607, 0.641505, 0.147898, 0.752727, -0.179805, 0.982893, -0.039884, -0.745749, -0.109758, 0.657124)
    Left Arm.CFrame = CFrame.new(-0.710396, -0.569663, 0.094904, -0.670892, 0.185839, 0.717891, -0.307882, -0.950512, -0.041669, 0.67462, -0.248981, 0.694907)
    Right Leg.CFrame = CFrame.new(0.095309, -0.230598, 0.241258, 0.051937, 0.887072, -0.458699, -0.924362, 0.216543, 0.314107, 0.377964, 0.407691, 0.831223)
    Left Leg.CFrame = CFrame.new(-0.870306, 0.224881, -0.466116, 0.745396, -0.300375, -0.595114, 0.226954, 0.953747, -0.197124, 0.626799, 0.011872, 0.77909)
    Head.CFrame = CFrame.new(0, 0, -0, 0.915127, 0.376209, 0.144943, -0.335758, 0.910182, -0.242561, -0.223178, 0.173308, 0.959247)

[33]
    Time: 1.066667
    HumanoidRootPart.CFrame = CFrame.new(0, 0, 0, 1, 0, 0, 0, 1, 0, 0, 0, 1)
    Torso.CFrame = CFrame.new(0.625584, -0.039473, -0.617617, 0.755583, -0.63123, -0.175051, 0.643871, 0.76484, 0.021181, 0.120516, -0.128715, 0.984331)
    Right Arm.CFrame = CFrame.new(-0.274046, -0.057103, 0.165824, 0.663873, 0.121555, 0.7379, -0.203382, 0.978858, 0.02173, -0.719659, -0.164502, 0.67456)
    Left Arm.CFrame = CFrame.new(-0.686504, -0.692798, 0.040719, -0.666931, 0.188459, 0.720893, -0.311668, -0.949342, -0.040157, 0.676806, -0.251461, 0.691882)
    Right Leg.CFrame = CFrame.new(0.072626, -0.211823, 0.267054, -0.120388, 0.911914, -0.392327, -0.896944, 0.069448, 0.436656, 0.425439, 0.404463, 0.809575)
    Left Leg.CFrame = CFrame.new(-0.976895, 0.222135, -0.549153, 0.635182, -0.45761, -0.622203, 0.319111, 0.889098, -0.328134, 0.703357, 0.009873, 0.710768)
    Head.CFrame = CFrame.new(0, -0, 0, 0.902272, 0.407702, 0.140303, -0.344222, 0.87708, -0.335027, -0.259648, 0.25399, 0.931704)

[34]
    Time: 1.100000
    HumanoidRootPart.CFrame = CFrame.new(0, 0, 0, 1, 0, 0, 0, 1, 0, 0, 0, 1)
    Torso.CFrame = CFrame.new(0.657352, -0.039473, -0.668734, 0.807269, -0.552037, -0.208738, 0.574295, 0.816278, 0.062252, 0.136022, -0.170131, 0.975988)
    Right Arm.CFrame = CFrame.new(-0.270781, -0.041673, 0.176233, 0.702942, 0.074164, 0.70737, -0.240455, 0.960769, 0.138219, -0.669368, -0.267251, 0.693198)
    Left Arm.CFrame = CFrame.new(-0.62072, -0.802635, -0.005973, -0.651706, 0.205718, 0.730041, -0.332271, -0.942675, -0.030981, 0.681818, -0.262762, 0.682701)
    Right Leg.CFrame = CFrame.new(0.310954, -0.129451, 0.315477, -0.061117, 0.963445, -0.260842, -0.83494, 0.093851, 0.542279, 0.546936, 0.25093, 0.798683)
    Left Leg.CFrame = CFrame.new(-1.01005, 0.113166, -0.497185, 0.620251, -0.568235, -0.540737, 0.380515, 0.820784, -0.426054, 0.685927, 0.058502, 0.725315)
    Head.CFrame = CFrame.new(0, 0, 0, 0.923855, 0.339919, 0.175916, -0.260275, 0.894943, -0.362401, -0.280621, 0.28902, 0.91527)

[35]
    Time: 1.133333
    HumanoidRootPart.CFrame = CFrame.new(0, 0, 0, 1, 0, 0, 0, 1, 0, 0, 0, 1)
    Torso.CFrame = CFrame.new(0.669142, -0.039473, -0.683876, 0.894058, -0.393459, -0.214128, 0.419217, 0.90337, 0.090438, 0.157853, -0.170623, 0.97261)
    Right Arm.CFrame = CFrame.new(-0.267862, -0.038326, 0.183158, 0.74781, 0.042869, 0.662527, -0.242191, 0.94676, 0.212107, -0.618161, -0.319074, 0.718379)
    Left Arm.CFrame = CFrame.new(-0.522145, -0.892242, -0.041224, -0.616104, 0.254288, 0.745489, -0.386318, -0.922354, -0.004653, 0.686421, -0.290862, 0.666502)
    Right Leg.CFrame = CFrame.new(0.682571, 0.131921, 0.189669, 0.243289, 0.957713, -0.15361, -0.716249, 0.284177, 0.637362, 0.654062, -0.04504, 0.755099)
    Left Leg.CFrame = CFrame.new(-0.99906, 0.000143, -0.36469, 0.665209, -0.63428, -0.393937, 0.443708, 0.760145, -0.474661, 0.600517, 0.140956, 0.78709)
    Head.CFrame = CFrame.new(-0, 0, -0, 0.951782, 0.198473, 0.23392, -0.115022, 0.937769, -0.327659, -0.284395, 0.284954, 0.91538)

[36]
    Time: 1.166667
    HumanoidRootPart.CFrame = CFrame.new(0, 0, 0, 1, 0, 0, 0, 1, 0, 0, 0, 1)
    Torso.CFrame = CFrame.new(0.669086, -0.039473, -0.596016, 0.950801, -0.235846, -0.200881, 0.25883, 0.961067, 0.096732, 0.170246, -0.143967, 0.974828)
    Right Arm.CFrame = CFrame.new(-0.225785, -0.062219, 0.187441, 0.787917, -0.000335, 0.615781, -0.176778, 0.957783, 0.226716, -0.589861, -0.28749, 0.754595)
    Left Arm.CFrame = CFrame.new(-0.40066, -0.956187, -0.060411, -0.535147, 0.358684, 0.764829, -0.49822, -0.865166, 0.057138, 0.682199, -0.350476, 0.641694)
    Right Leg.CFrame = CFrame.new(0.705503, 0.501634, -0.045678, 0.674152, 0.70477, -0.220949, -0.441272, 0.624216, 0.644697, 0.592283, -0.337125, 0.731811)
    Left Leg.CFrame = CFrame.new(-0.901023, -0.097828, -0.233513, 0.739469, -0.623722, -0.253291, 0.475014, 0.75005, -0.460202, 0.47702, 0.219988, 0.850916)
    Head.CFrame = CFrame.new(0, 0, -0, 0.96037, 0.068347, 0.270218, 0.001817, 0.967914, -0.251277, -0.278721, 0.24181, 0.929431)

[37]
    Time: 1.200000
    HumanoidRootPart.CFrame = CFrame.new(0, 0, 0, 1, 0, 0, 0, 1, 0, 0, 0, 1)
    Torso.CFrame = CFrame.new(0.660947, -0.039473, -0.379596, 0.980763, -0.098631, -0.168454, 0.113443, 0.990264, 0.080672, 0.158857, -0.09823, 0.982403)
    Right Arm.CFrame = CFrame.new(-0.113907, -0.124629, 0.193716, 0.813562, -0.123704, 0.568167, -0.024506, 0.968946, 0.246054, -0.580961, -0.214104, 0.785266)
    Left Arm.CFrame = CFrame.new(-0.266913, -0.994928, -0.057475, -0.328178, 0.551053, 0.767229, -0.697534, -0.689068, 0.196549, 0.636981, -0.470665, 0.610515)
    Right Leg.CFrame = CFrame.new(0.36382, 0.553229, -0.032771, 0.906867, 0.212445, -0.36395, -0.024193, 0.888454, 0.458328, 0.420723, -0.406838, 0.810849)
    Left Leg.CFrame = CFrame.new(-0.664173, -0.163538, -0.112162, 0.849777, -0.512357, -0.123973, 0.434218, 0.813692, -0.386472, 0.298888, 0.274584, 0.913931)
    Head.CFrame = CFrame.new(-0, 0, -0, 0.963219, -0.038022, 0.266015, 0.080184, 0.985509, -0.149478, -0.256477, 0.16531, 0.952309)

[38]
    Time: 1.233333
    HumanoidRootPart.CFrame = CFrame.new(0, 0, 0, 1, 0, 0, 0, 1, 0, 0, 0, 1)
    Torso.CFrame = CFrame.new(0.646838, -0.039473, -0.270224, 0.993172, 0.014905, -0.115703, -0.009059, 0.998664, 0.050883, 0.116307, -0.049487, 0.99198)
    Right Arm.CFrame = CFrame.new(0.051246, -0.209278, 0.200565, 0.780672, -0.367939, 0.505146, 0.24446, 0.923694, 0.295006, -0.575144, -0.106815, 0.811048)
    Left Arm.CFrame = CFrame.new(-0.136991, -0.902178, -0.028112, 0.282954, 0.885446, 0.368676, -0.841203, 0.044436, 0.53889, 0.460776, -0.462612, 0.757414)
    Right Leg.CFrame = CFrame.new(0.113991, 0.335737, 0.018671, 0.871784, -0.273957, -0.406129, 0.36278, 0.918141, 0.159396, 0.329216, -0.286294, 0.899807)
    Left Leg.CFrame = CFrame.new(-0.519186, -0.136534, -0.024168, 0.905991, -0.423185, -0.009754, 0.402133, 0.867659, -0.292329, 0.132173, 0.260925, 0.956268)
    Head.CFrame = CFrame.new(0, -0, 0, 0.969523, -0.116251, 0.215661, 0.128829, 0.990638, -0.045162, -0.208392, 0.071569, 0.975423)

[39]
    Time: 1.266667
    HumanoidRootPart.CFrame = CFrame.new(0, 0, 0, 1, 0, 0, 0, 1, 0, 0, 0, 1)
    Torso.CFrame = CFrame.new(0.628092, -0.039473, -0.248177, 0.993436, 0.104299, -0.046975, -0.103572, 0.994465, 0.017662, 0.048557, -0.01268, 0.99874)
    Right Arm.CFrame = CFrame.new(0.249942, -0.290385, 0.20704, 0.554248, -0.741658, 0.377826, 0.630768, 0.670425, 0.39072, -0.543084, 0.021765, 0.839396)
    Left Arm.CFrame = CFrame.new(0.066479, -0.625851, -0.0025, 0.81047, 0.351193, -0.46883, -0.281203, 0.935359, 0.214545, 0.513871, -0.042046, 0.856836)
    Right Leg.CFrame = CFrame.new(-0.003451, -0.032195, -0.061935, 0.690537, -0.646255, -0.324829, 0.636196, 0.756344, -0.152309, 0.344113, -0.10148, 0.933428)
    Left Leg.CFrame = CFrame.new(-0.507294, -0.056846, 0.04696, 0.908642, -0.407542, 0.090992, 0.417462, 0.891667, -0.175086, -0.00978, 0.197076, 0.980339)
    Head.CFrame = CFrame.new(0, -0, 0, 0.978229, -0.162184, 0.129475, 0.158172, 0.98657, 0.040755, -0.134346, -0.019389, 0.990745)

[40]
    Time: 1.300000
    HumanoidRootPart.CFrame = CFrame.new(0, 0, 0, 1, 0, 0, 0, 1, 0, 0, 0, 1)
    Torso.CFrame = CFrame.new(0.605618, -0.039473, -0.331664, 0.985576, 0.168778, 0.01244, -0.168736, 0.985652, -0.004346, -0.012995, 0.002184, 0.999913)
    Right Arm.CFrame = CFrame.new(0.43682, -0.338167, 0.220824, -0.020929, -0.997197, 0.07183, 0.868173, 0.017503, 0.495953, -0.49582, 0.072741, 0.865374)
