[1]
    Time: 0.000000
    HumanoidRootPart.CFrame = CFrame.new(0, 0, 0, 1, 0, 0, 0, 1, 0, 0, 0, 1)
    Torso.CFrame = CFrame.new(-0.253638, -0.172045, -0.41441, 0.862546, -0.48904, -0.129823, 0.472964, 0.870438, -0.136536, 0.179775, 0.056367, 0.982092)
    Left Leg.CFrame = CFrame.new(-0.754835, 0.136353, -0.241163, 0.87723, -0.359955, -0.317647, 0.414779, 0.901437, 0.123974, 0.241714, -0.240507, 0.94007)
    Right Arm.CFrame = CFrame.new(0.399159, -0.620802, 0.14135, -0.849437, -0.501169, 0.165185, 0.527681, -0.808611, 0.260196, 0.003168, 0.308185, 0.951321)
    Head.CFrame = CFrame.new(0, 0, 0, 0.877766, 0.400271, 0.263269, -0.408691, 0.912344, -0.024497, -0.249997, -0.086093, 0.964411)
    Right Leg.CFrame = CFrame.new(0.465982, 0.664722, -0.072392, 0.966931, 0.032419, -0.252971, 0.059977, 0.935166, 0.349094, 0.247887, -0.352722, 0.902297)
    Left Arm.CFrame = CFrame.new(0.144061, -0.090066, 0.31802, 0.177895, -0.070029, 0.981555, -0.976518, 0.110612, 0.184873, -0.121518, -0.991394, -0.048708)

[2]
    Time: 0.033333
    HumanoidRootPart.CFrame = CFrame.new(0, 0, 0, 1, 0, 0, 0, 1, 0, 0, 0, 1)
    Torso.CFrame = CFrame.new(-0.257125, -0.143868, -0.393026, 0.862371, -0.488171, -0.134181, 0.478106, 0.872439, -0.101315, 0.166524, 0.023218, 0.985764)
    Left Leg.CFrame = CFrame.new(-0.745623, 0.108785, -0.237148, 0.865767, -0.383514, -0.321505, 0.440147, 0.889255, 0.124486, 0.238158, -0.249285, 0.938689)
    Right Arm.CFrame = CFrame.new(0.395861, -0.588704, 0.141858, -0.867906, -0.479805, 0.128551, 0.496705, -0.84079, 0.215305, 0.00478, 0.250716, 0.968049)
    Head.CFrame = CFrame.new(0, 0, 0, 0.870929, 0.401962, 0.282681, -0.404931, 0.912946, -0.050601, -0.278412, -0.070396, 0.957878)
    Right Leg.CFrame = CFrame.new(0.476702, 0.619156, -0.048115, 0.965963, 0.065716, -0.250194, 0.023542, 0.940847, 0.338014, 0.257607, -0.332399, 0.907276)
    Left Arm.CFrame = CFrame.new(0.145347, -0.061504, 0.322417, 0.162896, -0.073202, 0.983924, -0.985693, 0.031684, 0.165546, -0.043293, -0.996814, -0.066994)

[3]
    Time: 0.066667
    HumanoidRootPart.CFrame = CFrame.new(0, 0, 0, 1, 0, 0, 0, 1, 0, 0, 0, 1)
    Torso.CFrame = CFrame.new(-0.253012, -0.121581, -0.344389, 0.862241, -0.489785, -0.12904, 0.484246, 0.871843, -0.073457, 0.148481, 0.00085, 0.988915)
    Left Leg.CFrame = CFrame.new(-0.700517, 0.085239, -0.217308, 0.869658, -0.37667, -0.319085, 0.433916, 0.891488, 0.130252, 0.235398, -0.251731, 0.938733)
    Right Arm.CFrame = CFrame.new(0.393488, -0.565605, 0.142224, -0.880514, -0.46271, 0.102933, 0.473998, -0.861572, 0.181714, 0.004603, 0.208792, 0.977949)
    Head.CFrame = CFrame.new(0, 0, 0, 0.868039, 0.402728, 0.290374, -0.403214, 0.91307, -0.061004, -0.2897, -0.064129, 0.954967)
    Right Leg.CFrame = CFrame.new(0.452431, 0.546618, -0.009845, 0.962353, 0.075374, -0.261143, 0.010141, 0.950154, 0.311616, 0.271614, -0.302532, 0.913619)
    Left Arm.CFrame = CFrame.new(0.146273, -0.024374, 0.325582, 0.143869, -0.077043, 0.986593, -0.989161, -0.040788, 0.141059, 0.029373, -0.996193, -0.082076)

[4]
    Time: 0.100000
    HumanoidRootPart.CFrame = CFrame.new(0, 0, 0, 1, 0, 0, 0, 1, 0, 0, 0, 1)
    Torso.CFrame = CFrame.new(-0.242855, -0.110838, -0.282454, 0.861945, -0.493473, -0.116344, 0.489836, 0.869745, -0.060028, 0.130812, -0.005249, 0.991393)
    Left Leg.CFrame = CFrame.new(-0.624795, 0.073392, -0.185946, 0.888266, -0.337686, -0.311372, 0.394321, 0.908265, 0.139879, 0.235572, -0.247031, 0.939937)
    Right Arm.CFrame = CFrame.new(0.392054, -0.551645, 0.142445, -0.887834, -0.451711, 0.087798, 0.460148, -0.873131, 0.160953, 0.003955, 0.183299, 0.983049)
    Head.CFrame = CFrame.new(0, 0, 0, 0.870929, 0.401963, 0.282681, -0.404931, 0.912946, -0.050601, -0.278412, -0.070396, 0.957878)
    Right Leg.CFrame = CFrame.new(0.393176, 0.466627, 0.023822, 0.95779, 0.054592, -0.282239, 0.027478, 0.959921, 0.27892, 0.286154, -0.274903, 0.917902)
    Left Arm.CFrame = CFrame.new(0.146832, 0.012756, 0.327494, 0.120078, -0.086744, 0.988968, -0.989542, -0.090662, 0.112195, 0.079929, -0.992097, -0.096723)

[5]
    Time: 0.133333
    HumanoidRootPart.CFrame = CFrame.new(0, 0, 0, 1, 0, 0, 0, 1, 0, 0, 0, 1)
    Torso.CFrame = CFrame.new(-0.2283, -0.116543, -0.221295, 0.861447, -0.498272, -0.09815, 0.493815, 0.86697, -0.067159, 0.118557, 0.009386, 0.992903)
    Left Leg.CFrame = CFrame.new(-0.523401, 0.074627, -0.147589, 0.916878, -0.263944, -0.299448, 0.318655, 0.93579, 0.150848, 0.240405, -0.23373, 0.942112)
    Right Arm.CFrame = CFrame.new(0.391573, -0.546961, 0.142519, -0.890237, -0.447912, 0.082783, 0.455483, -0.876838, 0.153915, 0.003647, 0.174727, 0.98461)
    Head.CFrame = CFrame.new(0, 0, 0, 0.877766, 0.400271, 0.263269, -0.408691, 0.912344, -0.024497, -0.249997, -0.086093, 0.964412)
    Right Leg.CFrame = CFrame.new(0.309298, 0.395515, 0.04167, 0.951377, 0.001239, -0.308027, 0.078608, 0.965905, 0.246675, 0.297831, -0.258894, 0.918842)
    Left Arm.CFrame = CFrame.new(0.14702, 0.041316, 0.328136, 0.096669, -0.099886, 0.990292, -0.99014, -0.110991, 0.085459, 0.101377, -0.988789, -0.10963)

[6]
    Time: 0.166667
    HumanoidRootPart.CFrame = CFrame.new(0, 0, 0, 1, 0, 0, 0, 1, 0, 0, 0, 1)
    Torso.CFrame = CFrame.new(-0.212996, -0.135924, -0.175361, 0.86098, -0.502464, -0.07902, 0.495661, 0.863695, -0.091385, 0.114167, 0.039514, 0.992676)
    Left Leg.CFrame = CFrame.new(-0.40958, 0.081336, -0.108632, 0.943507, -0.16676, -0.286332, 0.218594, 0.962668, 0.159644, 0.24902, -0.213216, 0.944737)
    Right Arm.CFrame = CFrame.new(0.39214, -0.552483, 0.142431, -0.887401, -0.452385, 0.088698, 0.460981, -0.872459, 0.162207, 0.004006, 0.184831, 0.982762)
    Head.CFrame = CFrame.new(0, 0, 0, 0.88581, 0.398552, 0.237693, -0.412431, 0.910938, 0.00959, -0.212701, -0.106527, 0.971293)
    Right Leg.CFrame = CFrame.new(0.226468, 0.343951, 0.043887, 0.941166, -0.068914, -0.330844, 0.148154, 0.964034, 0.220656, 0.303739, -0.25669, 0.917526)
    Left Arm.CFrame = CFrame.new(0.146799, 0.052741, 0.327379, 0.079538, -0.111768, 0.990546, -0.992802, -0.098148, 0.068645, 0.089548, -0.988876, -0.11877)

[7]
    Time: 0.200000
    HumanoidRootPart.CFrame = CFrame.new(0, 0, 0, 1, 0, 0, 0, 1, 0, 0, 0, 1)
    Torso.CFrame = CFrame.new(-0.201519, -0.163116, -0.159055, 0.860929, -0.504597, -0.064674, 0.494639, 0.860008, -0.125375, 0.118884, 0.075948, 0.989999)
    Left Leg.CFrame = CFrame.new(-0.33091, 0.087499, -0.083631, 0.957535, -0.083311, -0.276018, 0.132115, 0.977704, 0.163219, 0.256266, -0.192754, 0.947192)
    Right Arm.CFrame = CFrame.new(0.393603, -0.566723, 0.142206, -0.879918, -0.463569, 0.104157, 0.475104, -0.860613, 0.183362, 0.004638, 0.210829, 0.977512)
    Head.CFrame = CFrame.new(0, 0, 0, 0.892877, 0.397382, 0.2118, -0.414863, 0.908831, 0.043759, -0.175101, -0.126939, 0.976333)
    Right Leg.CFrame = CFrame.new(0.182579, 0.330495, 0.039503, 0.930529, -0.126495, -0.343678, 0.206702, 0.956092, 0.207757, 0.302308, -0.264362, 0.915818)
    Left Arm.CFrame = CFrame.new(0.146228, 0.044456, 0.325428, 0.071524, -0.12014, 0.990177, -0.996428, -0.053281, 0.065511, 0.044887, -0.991326, -0.123521)

[8]
    Time: 0.233333
    HumanoidRootPart.CFrame = CFrame.new(0, 0, 0, 1, 0, 0, 0, 1, 0, 0, 0, 1)
    Torso.CFrame = CFrame.new(-0.197604, -0.192067, -0.181461, 0.861512, -0.504207, -0.05978, 0.490099, 0.856563, -0.161564, 0.132667, 0.109891, 0.98505)
    Left Leg.CFrame = CFrame.new(-0.371288, 0.099496, -0.096255, 0.959521, -0.073578, -0.271857, 0.120568, 0.979661, 0.160399, 0.254526, -0.186683, 0.948876)
    Right Arm.CFrame = CFrame.new(0.395604, -0.586195, 0.141898, -0.869304, -0.478017, 0.125737, 0.494254, -0.843145, 0.211706, 0.004815, 0.246183, 0.969212)
    Head.CFrame = CFrame.new(0, 0, 0, 0.897636, 0.396857, 0.191712, -0.415839, 0.906737, 0.070038, -0.146037, -0.14259, 0.978949)
    Right Leg.CFrame = CFrame.new(0.20231, 0.375507, 0.03454, 0.927749, -0.147344, -0.342887, 0.229977, 0.949304, 0.21432, 0.293925, -0.277691, 0.914601)
    Left Arm.CFrame = CFrame.new(0.145448, 0.027291, 0.322761, 0.072828, -0.122582, 0.989783, -0.997143, 0.010982, 0.074729, -0.02003, -0.992398, -0.121432)

[9]
    Time: 0.266667
    HumanoidRootPart.CFrame = CFrame.new(0, 0, 0, 1, 0, 0, 0, 1, 0, 0, 0, 1)
    Torso.CFrame = CFrame.new(-0.201198, -0.215849, -0.232076, 0.862384, -0.502158, -0.064272, 0.48322, 0.854345, -0.191292, 0.150969, 0.133909, 0.979427)
    Left Leg.CFrame = CFrame.new(-0.471881, 0.122917, -0.129417, 0.955237, -0.111535, -0.274011, 0.15793, 0.975445, 0.15351, 0.250161, -0.189913, 0.949396)
    Right Arm.CFrame = CFrame.new(0.397783, -0.607412, 0.141562, -0.857269, -0.492604, 0.14977, 0.514852, -0.82249, 0.241739, 0.004103, 0.284345, 0.958713)
    Head.CFrame = CFrame.new(0, 0, -1e-06, 0.899374, 0.396738, 0.183644, -0.416012, 0.905786, 0.080538, -0.13439, -0.148832, 0.979688)
    Right Leg.CFrame = CFrame.new(0.255484, 0.460098, 0.020777, 0.932921, -0.139693, -0.331879, 0.22603, 0.944661, 0.237752, 0.280301, -0.296819, 0.912869)
    Left Arm.CFrame = CFrame.new(0.144597, 0.005808, 0.319855, 0.08601, -0.117703, 0.989317, -0.992337, 0.078293, 0.095588, -0.088708, -0.989958, -0.110067)

[10]
    Time: 0.300000
    HumanoidRootPart.CFrame = CFrame.new(0, 0, 0, 1, 0, 0, 0, 1, 0, 0, 0, 1)
    Torso.CFrame = CFrame.new(-0.211223, -0.227427, -0.295103, 0.863041, -0.499261, -0.076804, 0.476241, 0.854901, -0.205764, 0.16839, 0.141006, 0.975583)
    Left Leg.CFrame = CFrame.new(-0.573328, 0.148354, -0.165819, 0.944587, -0.168471, -0.281732, 0.215487, 0.965678, 0.145022, 0.24763, -0.197695, 0.94847)
    Right Arm.CFrame = CFrame.new(0.399784, -0.626884, 0.141254, -0.845823, -0.504893, 0.172243, 0.533458, -0.802097, 0.268444, 0.00262, 0.318941, 0.947771)
    Head.CFrame = CFrame.new(0, 0, 0, 0.897636, 0.396857, 0.191712, -0.415839, 0.906737, 0.070038, -0.146037, -0.14259, 0.978949)
    Right Leg.CFrame = CFrame.new(0.314665, 0.552771, -0.006785, 0.942547, -0.113242, -0.314294, 0.20366, 0.940533, 0.271883, 0.264815, -0.320272, 0.90956)
    Left Arm.CFrame = CFrame.new(0.143817, -0.018214, 0.317187, 0.110249, -0.107902, 0.98803, -0.982993, 0.135055, 0.124436, -0.146866, -0.984945, -0.091177)

[11]
    Time: 0.333333
    HumanoidRootPart.CFrame = CFrame.new(0, 0, 0, 1, 0, 0, 0, 1, 0, 0, 0, 1)
    Torso.CFrame = CFrame.new(-0.226209, -0.220994, -0.355048, 0.863164, -0.495804, -0.095536, 0.471703, 0.859304, -0.197723, 0.180126, 0.125602, 0.975591)
    Left Leg.CFrame = CFrame.new(-0.660153, 0.161734, -0.199934, 0.925638, -0.238269, -0.293977, 0.287356, 0.948065, 0.136379, 0.246215, -0.210714, 0.946033)
    Right Arm.CFrame = CFrame.new(0.401247, -0.641125, 0.141028, -0.837227, -0.513196, 0.188893, 0.546854, -0.786349, 0.287413, 0.001037, 0.343927, 0.938996)
    Head.CFrame = CFrame.new(0, 0, 0, 0.892877, 0.397382, 0.2118, -0.414863, 0.908831, 0.043759, -0.175101, -0.126939, 0.976333)
    Right Leg.CFrame = CFrame.new(0.373363, 0.626732, -0.040799, 0.953881, -0.06919, -0.292102, 0.162463, 0.937237, 0.308533, 0.252422, -0.34176, 0.905253)
    Left Arm.CFrame = CFrame.new(0.143246, -0.043712, 0.315236, 0.142096, -0.094237, 0.985357, -0.973195, 0.168557, 0.156462, -0.180833, -0.981177, -0.06776)

[12]
    Time: 0.366667
    HumanoidRootPart.CFrame = CFrame.new(0, 0, 0, 1, 0, 0, 0, 1, 0, 0, 0, 1)
    Torso.CFrame = CFrame.new(-0.242036, -0.20013, -0.398928, 0.862883, -0.492072, -0.11532, 0.470615, 0.865483, -0.171643, 0.184268, 0.093836, 0.978386)
    Left Leg.CFrame = CFrame.new(-0.723684, 0.156842, -0.22702, 0.900573, -0.307406, -0.307361, 0.359423, 0.924254, 0.128727, 0.244508, -0.2264, 0.942846)
    Right Arm.CFrame = CFrame.new(0.401814, -0.646647, 0.140941, -0.833847, -0.516257, 0.195392, 0.551996, -0.780058, 0.294635, 0.00031, 0.353536, 0.935421)
    Head.CFrame = CFrame.new(0, 0, 0, 0.88581, 0.398552, 0.237693, -0.412431, 0.910938, 0.00959, -0.212701, -0.106527, 0.971293)
    Right Leg.CFrame = CFrame.new(0.426965, 0.666738, -0.067656, 0.962897, -0.016574, -0.269361, 0.110515, 0.934798, 0.337548, 0.246203, -0.354793, 0.901946)
    Left Arm.CFrame = CFrame.new(0.143025, -0.069575, 0.31448, 0.176068, -0.073966, 0.981595, -0.96825, 0.166752, 0.18624, -0.177458, -0.983221, -0.042258)

[13]
    Time: 0.400000
    HumanoidRootPart.CFrame = CFrame.new(0, 0, 0, 1, 0, 0, 0, 1, 0, 0, 0, 1)
    Torso.CFrame = CFrame.new(-0.253638, -0.172045, -0.41441, 0.862546, -0.48904, -0.129823, 0.472964, 0.870438, -0.136536, 0.179775, 0.056367, 0.982092)
    Left Leg.CFrame = CFrame.new(-0.754835, 0.136353, -0.241163, 0.87723, -0.359955, -0.317647, 0.414779, 0.901437, 0.123974, 0.241714, -0.240507, 0.94007)
    Right Arm.CFrame = CFrame.new(0.399159, -0.620802, 0.14135, -0.849437, -0.501169, 0.165185, 0.527681, -0.808611, 0.260196, 0.003168, 0.308185, 0.951321)
    Head.CFrame = CFrame.new(0, 0, 0, 0.877766, 0.400271, 0.263269, -0.408691, 0.912344, -0.024497, -0.249997, -0.086093, 0.964411)
    Right Leg.CFrame = CFrame.new(0.465982, 0.664722, -0.072392, 0.966931, 0.032419, -0.252971, 0.059977, 0.935166, 0.349094, 0.247887, -0.352722, 0.902297)
    Left Arm.CFrame = CFrame.new(0.144061, -0.090066, 0.31802, 0.177895, -0.070029, 0.981555, -0.976518, 0.110612, 0.184873, -0.121518, -0.991394, -0.048708)
