[1]
    Time: 0.000000
    HumanoidRootPart.CFrame = CFrame.new(0, 0, 0, 1, 0, 0, 0, 1, 0, 0, 0, 1)
    Torso.CFrame = CFrame.new(-0.016313, -0.084514, -0.109737, 0.999556, -0.007084, -0.02895, 0.002937, 0.990026, -0.140857, 0.029659, 0.140709, 0.989607)
    Left Leg.CFrame = CFrame.new(-0.421821, 0.571394, 0.283656, 0.738663, -0.155647, 0.655858, 0.113526, 0.987804, 0.106568, -0.664446, -0.004264, 0.747324)
    Right Arm.CFrame = CFrame.new(0.3267, -0.310592, 0.301443, 0.30208, -0.091958, -0.948837, 0.945878, -0.094898, 0.310336, -0.118582, -0.991231, 0.058314)
    Left Arm.CFrame = CFrame.new(-0.331795, -0.301485, 0.302242, 0.306682, 0.115798, 0.944741, -0.943855, -0.091072, 0.317558, 0.122812, -0.989089, 0.081366)
    Right Leg.CFrame = CFrame.new(-0.006689, 0.41549, 0.076594, 0.81555, -0.12195, -0.565692, 0.195497, 0.978131, 0.070988, 0.544664, -0.168487, 0.821556)
    Head.CFrame = CFrame.new(0, 0, 0, 0.99802, 0.031353, 0.054524, -0.028587, 0.9983, -0.050783, -0.056024, 0.049124, 0.99722)

[2]
    Time: 0.034583
    HumanoidRootPart.CFrame = CFrame.new(0, 0, 0, 1, 0, 0, 0, 1, 0, 0, 0, 1)
    Torso.CFrame = CFrame.new(0.059215, -0.082699, 0.003375, 0.995004, 0.088287, -0.046599, -0.093942, 0.985991, -0.137832, 0.033777, 0.141521, 0.989359)
    Left Leg.CFrame = CFrame.new(-0.182194, 0.378441, 0.241162, 0.639146, -0.084587, 0.76442, 0.095582, 0.994964, 0.030183, -0.763123, 0.053771, 0.644012)
    Right Arm.CFrame = CFrame.new(0.277054, -0.394665, 0.33176, 0.241842, -0.00929, -0.970271, 0.926576, -0.29463, 0.233772, -0.288044, -0.955566, -0.062646)
    Left Arm.CFrame = CFrame.new(-0.483023, -0.323989, 0.302418, 0.234428, 0.10207, 0.96676, -0.940207, -0.228963, 0.252164, 0.247091, -0.968069, 0.042292)
    Right Leg.CFrame = CFrame.new(0.119732, 0.512309, 0.087355, 0.859976, -0.117656, -0.496588, 0.201904, 0.972107, 0.119337, 0.468696, -0.202892, 0.859744)
    Head.CFrame = CFrame.new(0, 0, 0, 0.999657, 0.013526, -0.022411, -0.015274, 0.996698, -0.079745, 0.021259, 0.08006, 0.996563)

[3]
    Time: 0.069167
    HumanoidRootPart.CFrame = CFrame.new(0, 0, 0, 1, 0, 0, 0, 1, 0, 0, 0, 1)
    Torso.CFrame = CFrame.new(0.126912, -0.080554, 0.061737, 0.982931, 0.173215, -0.061996, -0.180185, 0.974427, -0.134256, 0.037155, 0.143135, 0.989006)
    Left Leg.CFrame = CFrame.new(0.02903, 0.186729, 0.116176, 0.570125, -0.000378, 0.821558, 0.045466, 0.998482, -0.031089, -0.820299, 0.055074, 0.569277)
    Right Arm.CFrame = CFrame.new(0.236859, -0.327918, 0.425962, 0.229329, 0.079172, -0.970124, 0.939746, -0.277634, 0.19949, -0.253546, -0.957419, -0.138071)
    Left Arm.CFrame = CFrame.new(-0.62448, -0.201213, 0.347582, 0.282766, 0.081953, 0.955681, -0.953444, -0.084864, 0.289382, 0.104819, -0.993017, 0.054141)
    Right Leg.CFrame = CFrame.new(0.261184, 0.625881, 0.113397, 0.88669, -0.095231, -0.452452, 0.176521, 0.974158, 0.140905, 0.427342, -0.204808, 0.880587)
    Head.CFrame = CFrame.new(0, 0, 0, 0.995205, -0.011509, -0.097136, 0.001697, 0.994936, -0.100493, 0.0978, 0.099846, 0.990185)

[4]
    Time: 0.103333
    HumanoidRootPart.CFrame = CFrame.new(0, 0, 0, 1, 0, 0, 0, 1, 0, 0, 0, 1)
    Torso.CFrame = CFrame.new(0.178809, -0.07824, 0.072014, 0.965815, 0.248039, -0.075354, -0.256154, 0.9578, -0.1304, 0.03983, 0.145245, 0.988594)
    Left Leg.CFrame = CFrame.new(0.257193, 0.012446, -0.08755, 0.493164, 0.105549, 0.86351, -0.050803, 0.994413, -0.092533, -0.868452, 0.001762, 0.49577)
    Right Arm.CFrame = CFrame.new(0.176199, -0.228081, 0.502106, 0.236557, 0.146608, -0.960493, 0.965095, -0.149805, 0.214825, -0.112393, -0.977786, -0.176928)
    Left Arm.CFrame = CFrame.new(-0.696516, -0.1921, 0.26494, 0.404016, 0.138262, 0.904243, -0.913936, 0.102766, 0.392634, -0.038639, -0.98505, 0.167882)
    Right Leg.CFrame = CFrame.new(0.390756, 0.69849, 0.108134, 0.904059, -0.074047, -0.420946, 0.153598, 0.975368, 0.158313, 0.398856, -0.207783, 0.893163)
    Head.CFrame = CFrame.new(0, 0, 0, 0.988225, -0.052488, -0.143722, 0.036763, 0.993256, -0.109962, 0.148524, 0.103384, 0.98349)

[5]
    Time: 0.137917
    HumanoidRootPart.CFrame = CFrame.new(0, 0, 0, 1, 0, 0, 0, 1, 0, 0, 0, 1)
    Torso.CFrame = CFrame.new(0.207066, -0.075881, 0.041634, 0.945776, 0.313005, -0.08681, -0.322111, 0.938216, -0.126468, 0.041862, 0.147573, 0.988165)
    Left Leg.CFrame = CFrame.new(0.478834, -0.130856, -0.343083, 0.388341, 0.209633, 0.897355, -0.171784, 0.97318, -0.153004, -0.905363, -0.094737, 0.413937)
    Right Arm.CFrame = CFrame.new(0.09129, -0.241621, 0.49251, 0.278408, 0.191788, -0.94112, 0.960416, -0.045945, 0.274753, 0.009454, -0.98036, -0.196988)
    Left Arm.CFrame = CFrame.new(-0.43414, -0.287971, -0.06029, 0.640411, 0.413117, 0.647463, -0.766717, 0.294567, 0.570417, 0.044928, -0.861722, 0.505387)
    Right Leg.CFrame = CFrame.new(0.526559, 0.751417, 0.053417, 0.920982, -0.04396, -0.387117, 0.127112, 0.973146, 0.191908, 0.368285, -0.225952, 0.901838)
    Head.CFrame = CFrame.new(0, 0, 0, 0.981956, -0.107019, -0.155917, 0.088806, 0.988861, -0.119449, 0.166964, 0.103447, 0.980521)

[6]
    Time: 0.172500
    HumanoidRootPart.CFrame = CFrame.new(0, 0, 0, 1, 0, 0, 0, 1, 0, 0, 0, 1)
    Torso.CFrame = CFrame.new(0.207116, -0.073572, -0.021017, 0.924704, 0.368271, -0.096437, -0.378214, 0.917561, -0.122621, 0.043329, 0.149862, 0.987757)
    Left Leg.CFrame = CFrame.new(0.556757, -0.137984, -0.365531, 0.3185, 0.226068, 0.920571, -0.15234, 0.970729, -0.185677, -0.935602, -0.081105, 0.343617)
    Right Arm.CFrame = CFrame.new(-0.014993, -0.350853, 0.349733, 0.353757, 0.219905, -0.909119, 0.928916, 0.0311, 0.368983, 0.109414, -0.975025, -0.193272)
    Left Arm.CFrame = CFrame.new(-0.082979, -0.088049, -0.104233, 0.761373, 0.640446, 0.100698, -0.587727, 0.616281, 0.524191, 0.273658, -0.458288, 0.845626)
    Right Leg.CFrame = CFrame.new(0.674351, 0.81871, -0.042163, 0.939327, 0.001512, -0.34302, 0.086267, 0.966806, 0.240505, 0.331999, -0.255506, 0.908017)
    Head.CFrame = CFrame.new(0, 0, 0, 0.976255, -0.169781, -0.134537, 0.153005, 0.980087, -0.126566, 0.153346, 0.102976, 0.982792)

[7]
    Time: 0.207083
    HumanoidRootPart.CFrame = CFrame.new(0, 0, 0, 1, 0, 0, 0, 1, 0, 0, 0, 1)
    Torso.CFrame = CFrame.new(0.179299, -0.071395, -0.106335, 0.904327, 0.413913, -0.104254, -0.424533, 0.897559, -0.118992, 0.044322, 0.151866, 0.987407)
    Left Leg.CFrame = CFrame.new(0.580179, -0.048126, -0.283553, 0.2824, 0.203708, 0.937419, -0.089533, 0.978525, -0.185667, -0.955109, -0.031501, 0.294574)
    Right Arm.CFrame = CFrame.new(-0.100694, -0.374406, 0.174219, 0.40595, 0.259152, -0.876382, 0.866477, 0.195738, 0.459243, 0.290554, -0.945794, -0.14509)
    Left Arm.CFrame = CFrame.new(0.02441, 0.045573, 0.067244, 0.626525, 0.706933, -0.328193, -0.635925, 0.707121, 0.30916, 0.450628, 0.015009, 0.892586)
    Right Leg.CFrame = CFrame.new(0.810324, 0.869415, -0.153914, 0.956496, 0.047496, -0.287854, 0.039149, 0.956837, 0.287977, 0.289108, -0.286719, 0.913351)
    Head.CFrame = CFrame.new(0, 0, 0, 0.968408, -0.235351, -0.082436, 0.22391, 0.966168, -0.128001, 0.109772, 0.105499, 0.988342)

[8]
    Time: 0.241250
    HumanoidRootPart.CFrame = CFrame.new(0, 0, 0, 1, 0, 0, 0, 1, 0, 0, 0, 1)
    Torso.CFrame = CFrame.new(0.127573, -0.069427, -0.203168, 0.886155, 0.450075, -0.11028, -0.461204, 0.879717, -0.115711, 0.044937, 0.1534, 0.987142)
    Left Leg.CFrame = CFrame.new(0.497214, 0.089104, -0.09166, 0.268058, 0.114541, 0.956569, 0.030984, 0.991369, -0.12739, -0.962904, 0.063783, 0.262196)
    Right Arm.CFrame = CFrame.new(-0.15833, -0.308072, 0.03041, 0.421848, 0.312232, -0.851208, 0.740395, 0.423251, 0.522183, 0.523317, -0.850512, -0.052627)
    Left Arm.CFrame = CFrame.new(-0.033018, 0.022009, 0.230906, 0.403971, 0.688608, -0.602184, -0.7804, 0.602878, 0.165875, 0.477266, 0.402936, 0.780935)
    Right Leg.CFrame = CFrame.new(0.955105, 0.842544, -0.298493, 0.988768, 0.072182, -0.130871, -0.022327, 0.937145, 0.348225, 0.147781, -0.341393, 0.928231)
    Head.CFrame = CFrame.new(0, 0, 0, 0.954623, -0.297799, -0.003328, 0.295242, 0.947775, -0.12064, 0.039081, 0.114183, 0.992691)

[9]
    Time: 0.275833
    HumanoidRootPart.CFrame = CFrame.new(0, 0, 0, 1, 0, 0, 0, 1, 0, 0, 0, 1)
    Torso.CFrame = CFrame.new(0.057029, -0.067778, -0.298362, 0.871183, 0.477377, -0.114678, -0.488866, 0.865014, -0.112963, 0.045272, 0.154474, 0.986959)
    Left Leg.CFrame = CFrame.new(0.281083, 0.257272, -0.004136, 0.406137, -0.038221, 0.913013, 0.048385, 0.998623, 0.020283, -0.91253, 0.035935, 0.407427)
    Right Arm.CFrame = CFrame.new(-0.205084, -0.20225, -0.042246, 0.416278, 0.364582, -0.832942, 0.528302, 0.648597, 0.547922, 0.740006, -0.668133, 0.077388)
    Left Arm.CFrame = CFrame.new(-0.196389, -0.057902, 0.276994, 0.197508, 0.610155, -0.767268, -0.869112, 0.471046, 0.150865, 0.45347, 0.637045, 0.623329)
    Right Leg.CFrame = CFrame.new(1.02068, 0.734319, -0.502357, 0.992114, 0.02554, 0.122709, -0.074714, 0.906591, 0.415345, -0.100637, -0.421237, 0.901349)
    Head.CFrame = CFrame.new(0, 0, 0, 0.931311, -0.350745, 0.098175, 0.360044, 0.927271, -0.102644, -0.055033, 0.130941, 0.989862)

[10]
    Time: 0.310417
    HumanoidRootPart.CFrame = CFrame.new(0, 0, 0, 1, 0, 0, 0, 1, 0, 0, 0, 1)
    Torso.CFrame = CFrame.new(-0.027665, -0.066532, -0.376097, 0.859965, 0.496608, -0.117646, -0.508329, 0.853994, -0.110887, 0.045402, 0.155162, 0.986845)
    Left Leg.CFrame = CFrame.new(-0.022547, 0.37715, -0.058204, 0.648501, -0.206009, 0.732807, 0.051337, 0.972327, 0.227917, -0.759481, -0.110187, 0.641131)
    Right Arm.CFrame = CFrame.new(-0.253776, -0.108443, -0.059613, 0.413638, 0.407456, -0.814176, 0.251991, 0.808093, 0.532435, 0.874874, -0.4254, 0.231583)
    Left Arm.CFrame = CFrame.new(-0.370472, -0.11967, 0.259628, -0.029201, 0.537026, -0.84306, -0.890924, 0.368429, 0.265547, 0.453213, 0.758856, 0.467691)
    Right Leg.CFrame = CFrame.new(0.931384, 0.623678, -0.668045, 0.944338, -0.08374, 0.318141, -0.077709, 0.882918, 0.463052, -0.319666, -0.461999, 0.827266)
    Head.CFrame = CFrame.new(0, 0, 0, 0.895953, -0.387842, 0.216442, 0.411234, 0.908491, -0.074363, -0.167795, 0.155634, 0.973459)

[11]
    Time: 0.345000
    HumanoidRootPart.CFrame = CFrame.new(0, 0, 0, 1, 0, 0, 0, 1, 0, 0, 0, 1)
    Torso.CFrame = CFrame.new(-0.09779, -0.065735, -0.416959, 0.852722, 0.508542, -0.119375, -0.52039, 0.846871, -0.109559, 0.04538, 0.155545, 0.986786)
    Left Leg.CFrame = CFrame.new(-0.143196, 0.399795, -0.104142, 0.750902, -0.275368, 0.600264, 0.076869, 0.939187, 0.334692, -0.655925, -0.205182, 0.726405)
    Right Arm.CFrame = CFrame.new(-0.30402, -0.036092, -0.065341, 0.430256, 0.444823, -0.785502, -0.040662, 0.878829, 0.4754, 0.901791, -0.172603, 0.396209)
    Left Arm.CFrame = CFrame.new(-0.513802, -0.174802, 0.257538, -0.268935, 0.498976, -0.823831, -0.86639, 0.248337, 0.43324, 0.420764, 0.830272, 0.365522)
    Right Leg.CFrame = CFrame.new(0.826572, 0.577591, -0.753111, 0.909924, -0.154914, 0.384761, -0.058048, 0.870947, 0.487937, -0.410693, -0.466318, 0.783503)
    Head.CFrame = CFrame.new(0, 0, 0, 0.860189, -0.410755, 0.30225, 0.443818, 0.894886, -0.046944, -0.251197, 0.174525, 0.952072)

[12]
    Time: 0.379167
    HumanoidRootPart.CFrame = CFrame.new(0, 0, 0, 1, 0, 0, 0, 1, 0, 0, 0, 1)
    Torso.CFrame = CFrame.new(-0.13925, -0.065409, -0.396552, 0.849413, 0.513897, -0.120032, -0.525786, 0.843602, -0.109015, 0.045237, 0.15571, 0.986766)
    Left Leg.CFrame = CFrame.new(0.120992, 0.378628, -0.01708, 0.602442, -0.196282, 0.773651, 0.001324, 0.969534, 0.244952, -0.798162, -0.146548, 0.584348)
    Right Arm.CFrame = CFrame.new(-0.356727, 0.040258, -0.093767, 0.470775, 0.474926, -0.743516, -0.301322, 0.878624, 0.370438, 0.829202, 0.049646, 0.55674)
    Left Arm.CFrame = CFrame.new(-0.621259, -0.23985, 0.259122, -0.44875, 0.465868, -0.76262, -0.848062, 0.047102, 0.5278, 0.281806, 0.8836, 0.373948)
    Right Leg.CFrame = CFrame.new(0.879885, 0.581111, -0.659697, 0.90809, -0.121063, 0.400895, -0.061673, 0.908207, 0.413952, -0.414209, -0.400629, 0.817268)
    Head.CFrame = CFrame.new(0, 0, 0, 0.850072, -0.431589, 0.301841, 0.462954, 0.885586, -0.037554, -0.251098, 0.171662, 0.952618)

[13]
    Time: 0.413750
    HumanoidRootPart.CFrame = CFrame.new(0, 0, 0, 1, 0, 0, 0, 1, 0, 0, 0, 1)
    Torso.CFrame = CFrame.new(-0.159156, -0.065554, -0.283388, 0.849798, 0.513322, -0.119765, -0.525185, 0.843946, -0.109257, 0.044991, 0.155745, 0.986772)
    Left Leg.CFrame = CFrame.new(0.481271, 0.217069, -0.087413, 0.383674, -0.036987, 0.922728, -0.122255, 0.988368, 0.090453, -0.915341, -0.147516, 0.374689)
    Right Arm.CFrame = CFrame.new(-0.409484, 0.130835, -0.12617, 0.525824, 0.499149, -0.688738, -0.512656, 0.832098, 0.211653, 0.678744, 0.241794, 0.693428)
    Left Arm.CFrame = CFrame.new(-0.685366, -0.264463, 0.172651, -0.533671, 0.453797, -0.713628, -0.837913, -0.169539, 0.518804, 0.114443, 0.874829, 0.47072)
    Right Leg.CFrame = CFrame.new(0.870622, 0.492954, -0.306755, 0.924094, -0.119157, 0.363115, 0.029006, 0.96928, 0.244243, -0.381063, -0.21517, 0.899162)
    Head.CFrame = CFrame.new(0, 0, 0, 0.865439, -0.45364, 0.212664, 0.473506, 0.879296, -0.051288, -0.163728, 0.145084, 0.975779)

[14]
    Time: 0.448333
    HumanoidRootPart.CFrame = CFrame.new(0, 0, 0, 1, 0, 0, 0, 1, 0, 0, 0, 1)
    Torso.CFrame = CFrame.new(-0.158197, -0.066162, -0.133723, 0.853498, 0.507398, -0.118695, -0.51918, 0.847521, -0.11027, 0.044646, 0.155739, 0.986789)
    Left Leg.CFrame = CFrame.new(0.563892, 0.176632, -0.083891, 0.35839, 0.005617, 0.933555, -0.144817, 0.988211, 0.04965, -0.922271, -0.152992, 0.354978)
    Right Arm.CFrame = CFrame.new(-0.462535, 0.234776, -0.14893, 0.589604, 0.518832, -0.619016, -0.655472, 0.75517, 0.008623, 0.471936, 0.400664, 0.785331)
    Left Arm.CFrame = CFrame.new(-0.703125, -0.241578, 0.063918, -0.55386, 0.454044, -0.697914, -0.832051, -0.332548, 0.443963, -0.030512, 0.826593, 0.561972)
    Right Leg.CFrame = CFrame.new(0.611242, 0.310626, 0.004593, 0.942544, -0.238904, 0.233531, 0.216336, 0.969129, 0.118267, -0.254576, -0.06095, 0.96513)
    Head.CFrame = CFrame.new(0, 0, 0, 0.879252, -0.470163, 0.076566, 0.475387, 0.876303, -0.078105, -0.030372, 0.105073, 0.994001)

[15]
    Time: 0.482917
    HumanoidRootPart.CFrame = CFrame.new(0, 0, 0, 1, 0, 0, 0, 1, 0, 0, 0, 1)
    Torso.CFrame = CFrame.new(-0.132308, -0.067217, -0.026866, 0.860036, 0.496655, -0.116924, -0.508315, 0.853853, -0.112028, 0.044197, 0.155782, 0.986802)
    Left Leg.CFrame = CFrame.new(0.470134, 0.335629, 0.148667, 0.376954, -0.048038, 0.924986, -0.008718, 0.998426, 0.055406, -0.926191, -0.028953, 0.375941)
    Right Arm.CFrame = CFrame.new(-0.519874, 0.34808, -0.154098, 0.659066, 0.532948, -0.530658, -0.713357, 0.666484, -0.216614, 0.238231, 0.521312, 0.819439)
    Left Arm.CFrame = CFrame.new(-0.680749, -0.211336, 0.01039, -0.529936, 0.460274, -0.712261, -0.839624, -0.402786, 0.36441, -0.11916, 0.791146, 0.599908)
    Right Leg.CFrame = CFrame.new(0.39835, 0.216694, 0.101607, 0.946613, -0.316476, 0.061389, 0.313572, 0.948113, 0.052461, -0.074806, -0.03041, 0.996734)
    Head.CFrame = CFrame.new(0, 0, 0, 0.877903, -0.477205, -0.039527, 0.471581, 0.875963, -0.101492, 0.083056, 0.07046, 0.994051)

[16]
    Time: 0.517083
    HumanoidRootPart.CFrame = CFrame.new(0, 0, 0, 1, 0, 0, 0, 1, 0, 0, 0, 1)
    Torso.CFrame = CFrame.new(-0.067642, -0.06869, 0.041179, 0.868944, 0.481483, -0.114499, -0.492983, 0.862474, -0.114484, 0.04363, 0.155926, 0.986805)
    Left Leg.CFrame = CFrame.new(0.360222, 0.402746, 0.266745, 0.387398, -0.087883, 0.917714, 0.085967, 0.994553, 0.058953, -0.917896, 0.056052, 0.392843)
    Right Arm.CFrame = CFrame.new(-0.596426, 0.474459, -0.133071, 0.736557, 0.532462, -0.417095, -0.676226, 0.592689, -0.437536, 0.014236, 0.604321, 0.796614)
    Left Arm.CFrame = CFrame.new(-0.636493, -0.222831, 0.012697, -0.495219, 0.468519, -0.731607, -0.84831, -0.442455, 0.290867, -0.187427, 0.764673, 0.616561)
    Right Leg.CFrame = CFrame.new(0.356619, 0.283557, 0.161747, 0.949363, -0.290686, -0.119221, 0.291581, 0.956491, -0.01023, 0.117008, -0.025051, 0.992815)
    Head.CFrame = CFrame.new(0, 0, 0, 0.873316, -0.473526, -0.114419, 0.461465, 0.879386, -0.117176, 0.156104, 0.049531, 0.986498)

[17]
    Time: 0.551667
    HumanoidRootPart.CFrame = CFrame.new(0, 0, 0, 1, 0, 0, 0, 1, 0, 0, 0, 1)
    Torso.CFrame = CFrame.new(0.023152, -0.070502, 0.074366, 0.879946, 0.461848, -0.111317, -0.47313, 0.873121, -0.117503, 0.042925, 0.156063, 0.986814)
    Left Leg.CFrame = CFrame.new(0.334883, 0.293661, 0.190924, 0.391012, -0.052038, 0.918913, 0.076864, 0.996759, 0.023742, -0.91717, 0.061344, 0.393745)
    Right Arm.CFrame = CFrame.new(-0.715395, 0.609806, -0.063441, 0.821805, 0.503253, -0.267159, -0.54366, 0.552285, -0.631993, -0.170504, 0.664618, 0.727469)
    Left Arm.CFrame = CFrame.new(-0.578333, -0.267837, 0.035039, -0.470708, 0.483947, -0.737719, -0.843156, -0.492996, 0.214575, -0.25985, 0.723015, 0.6401)
    Right Leg.CFrame = CFrame.new(0.333214, 0.428942, 0.211276, 0.921784, -0.25093, -0.29555, 0.246408, 0.96771, -0.053084, 0.299328, -0.023895, 0.953851)
    Head.CFrame = CFrame.new(0, 0, 0, 0.876117, -0.457117, -0.153177, 0.441735, 0.888433, -0.124729, 0.193103, 0.041614, 0.980296)

[18]
    Time: 0.586250
    HumanoidRootPart.CFrame = CFrame.new(0, 0, 0, 1, 0, 0, 0, 1, 0, 0, 0, 1)
    Torso.CFrame = CFrame.new(0.101006, -0.072538, 0.07668, 0.892707, 0.437691, -0.107243, -0.448672, 0.885482, -0.120897, 0.042046, 0.156042, 0.986855)
    Left Leg.CFrame = CFrame.new(0.356911, 0.12505, -0.047715, 0.394917, 0.017951, 0.918541, -0.028874, 0.999558, -0.007119, -0.918263, -0.023714, 0.395261)
    Right Arm.CFrame = CFrame.new(-0.863898, 0.719017, 0.041747, 0.896345, 0.4294, -0.110372, -0.360535, 0.561064, -0.745132, -0.258033, 0.707688, 0.657721)
    Left Arm.CFrame = CFrame.new(-0.49108, -0.309188, 0.080517, -0.432541, 0.522686, -0.734648, -0.853528, -0.499924, 0.146849, -0.290513, 0.690561, 0.662365)
    Right Leg.CFrame = CFrame.new(0.336114, 0.593727, 0.222813, 0.878445, -0.197771, -0.434998, 0.191936, 0.979702, -0.057814, 0.437602, -0.032707, 0.898574)
    Head.CFrame = CFrame.new(0, 0, 0, 0.888744, -0.429353, -0.160595, 0.413427, 0.902083, -0.123795, 0.198022, 0.043628, 0.979226)

[19]
    Time: 0.620833
    HumanoidRootPart.CFrame = CFrame.new(0, 0, 0, 1, 0, 0, 0, 1, 0, 0, 0, 1)
    Torso.CFrame = CFrame.new(0.159113, -0.074664, 0.052237, 0.90675, 0.409106, -0.102163, -0.419677, 0.899103, -0.124439, 0.040946, 0.155711, 0.986954)
    Left Leg.CFrame = CFrame.new(0.450084, -0.06441, -0.361699, 0.383525, 0.121422, 0.915514, -0.197591, 0.979152, -0.047086, -0.902146, -0.162842, 0.399521)
    Right Arm.CFrame = CFrame.new(-1.01269, 0.778334, 0.136547, 0.944068, 0.326048, 0.049285, -0.171064, 0.612026, -0.772115, -0.281909, 0.720498, 0.633569)
    Left Arm.CFrame = CFrame.new(-0.375566, -0.304308, 0.149796, -0.347253, 0.600079, -0.720639, -0.907612, -0.40838, 0.097289, -0.235914, 0.687845, 0.686451)
    Right Leg.CFrame = CFrame.new(0.40241, 0.724529, 0.1744, 0.860522, -0.128178, -0.493025, 0.149263, 0.988791, 0.003461, 0.487055, -0.07657, 0.870009)
    Head.CFrame = CFrame.new(0, 0, 0, 0.910082, -0.390405, -0.139054, 0.376839, 0.919192, -0.114363, 0.172465, 0.051679, 0.983659)

[20]
    Time: 0.655000
    HumanoidRootPart.CFrame = CFrame.new(0, 0, 0, 1, 0, 0, 0, 1, 0, 0, 0, 1)
    Torso.CFrame = CFrame.new(0.191613, -0.076716, 0.005416, 0.921463, 0.376418, -0.096003, -0.386448, 0.913406, -0.12786, 0.039561, 0.154918, 0.987135)
    Left Leg.CFrame = CFrame.new(0.416613, -0.093742, -0.402559, 0.406074, 0.134141, 0.903942, -0.215408, 0.975345, -0.047969, -0.88809, -0.175241, 0.424957)
    Right Arm.CFrame = CFrame.new(-1.14278, 0.785483, 0.210629, 0.9486, 0.223468, 0.224101, 0.010383, 0.68575, -0.727763, -0.316308, 0.692683, 0.648182)
    Left Arm.CFrame = CFrame.new(-0.253013, -0.243347, 0.218324, -0.203907, 0.696785, -0.687686, -0.973506, -0.218563, 0.0672, -0.103479, 0.683169, 0.722891)
    Right Leg.CFrame = CFrame.new(0.490355, 0.744938, 0.057659, 0.882047, -0.071869, -0.465649, 0.138766, 0.984087, 0.110977, 0.450265, -0.162504, 0.877983)
    Head.CFrame = CFrame.new(0, 0, 0, 0.935994, -0.340436, -0.08955, 0.332007, 0.938292, -0.096848, 0.116995, 0.060918, 0.991263)

[21]
    Time: 0.689583
    HumanoidRootPart.CFrame = CFrame.new(0, 0, 0, 1, 0, 0, 0, 1, 0, 0, 0, 1)
    Torso.CFrame = CFrame.new(0.19653, -0.078308, -0.058925, 0.936518, 0.339285, -0.088424, -0.348576, 0.928149, -0.130514, 0.037789, 0.153051, 0.987495)
    Left Leg.CFrame = CFrame.new(0.268238, 0.02518, -0.328568, 0.508025, 0.073468, 0.858204, -0.177747, 0.983852, 0.020998, -0.842803, -0.163214, 0.51288)
    Right Arm.CFrame = CFrame.new(-1.23461, 0.755007, 0.265365, 0.908332, 0.140232, 0.394042, 0.147792, 0.773727, -0.616039, -0.391268, 0.617804, 0.682076)
    Left Arm.CFrame = CFrame.new(-0.144201, -0.143306, 0.265751, -0.009198, 0.773159, -0.634146, -0.997039, 0.041329, 0.064849, 0.076346, 0.632864, 0.770489)
    Right Leg.CFrame = CFrame.new(0.530627, 0.659826, -0.086738, 0.906715, -0.04661, -0.419161, 0.147336, 0.966257, 0.211276, 0.395171, -0.253326, 0.882987)
    Head.CFrame = CFrame.new(0, 0, 0, 0.959616, -0.280898, -0.015298, 0.279571, 0.958304, -0.059114, 0.031265, 0.05245, 0.998134)

[22]
    Time: 0.724167
    HumanoidRootPart.CFrame = CFrame.new(0, 0, 0, 1, 0, 0, 0, 1, 0, 0, 0, 1)
    Torso.CFrame = CFrame.new(0.176073, -0.079323, -0.135323, 0.950796, 0.29938, -0.079741, -0.307771, 0.942231, -0.132205, 0.035555, 0.150242, 0.98801)
    Left Leg.CFrame = CFrame.new(0.144548, 0.137128, -0.315711, 0.657634, 0.038702, 0.752343, -0.186066, 0.976082, 0.112435, -0.729998, -0.213929, 0.649106)
    Right Arm.CFrame = CFrame.new(-1.28148, 0.710835, 0.303198, 0.84623, 0.080596, 0.526687, 0.202181, 0.865993, -0.457362, -0.492968, 0.493519, 0.716534)
    Left Arm.CFrame = CFrame.new(-0.082365, -0.030868, 0.272929, 0.221768, 0.797568, -0.560985, -0.934869, 0.337456, 0.110199, 0.277199, 0.500008, 0.820459)
    Right Leg.CFrame = CFrame.new(0.518729, 0.532882, -0.221042, 0.918581, -0.041162, -0.393084, 0.162871, 0.945609, 0.281594, 0.360115, -0.322691, 0.875322)
    Head.CFrame = CFrame.new(0, 0, 0, 0.972384, -0.218668, 0.081576, 0.219508, 0.97561, -0.001361, -0.079289, 0.019229, 0.996666)

[23]
    Time: 0.758750
    HumanoidRootPart.CFrame = CFrame.new(0, 0, 0, 1, 0, 0, 0, 1, 0, 0, 0, 1)
    Torso.CFrame = CFrame.new(0.134918, -0.080062, -0.217336, 0.963061, 0.259818, -0.070773, -0.267271, 0.954338, -0.133436, 0.032872, 0.147422, 0.988527)
    Left Leg.CFrame = CFrame.new(-0.000469, 0.245488, -0.362392, 0.80147, 0.002845, 0.598029, -0.183924, 0.952693, 0.241964, -0.56905, -0.303921, 0.764078)
    Right Arm.CFrame = CFrame.new(-1.30143, 0.687845, 0.322826, 0.794851, 0.033826, 0.605861, 0.174402, 0.943584, -0.281485, -0.581202, 0.329402, 0.744109)
    Left Arm.CFrame = CFrame.new(-0.109074, 0.048335, 0.229826, 0.456959, 0.746672, -0.483393, -0.771817, 0.602979, 0.201779, 0.442139, 0.280886, 0.851831)
    Right Leg.CFrame = CFrame.new(0.490649, 0.437129, -0.328797, 0.918794, -0.033025, -0.393353, 0.171142, 0.931289, 0.321575, 0.355707, -0.362781, 0.861315)
    Head.CFrame = CFrame.new(0, 0, 0, 0.966632, -0.161886, 0.198535, 0.153578, 0.986511, 0.056657, -0.205029, -0.024276, 0.978455)

[24]
    Time: 0.792917
    HumanoidRootPart.CFrame = CFrame.new(0, 0, 0, 1, 0, 0, 0, 1, 0, 0, 0, 1)
    Torso.CFrame = CFrame.new(0.078256, -0.080902, -0.296884, 0.972845, 0.222971, -0.0621, -0.229532, 0.963916, -0.134837, 0.029795, 0.145429, 0.98892)
    Left Leg.CFrame = CFrame.new(-0.182864, 0.329445, -0.44781, 0.899669, -0.051939, 0.433471, -0.133611, 0.912495, 0.386653, -0.415624, -0.405778, 0.814004)
    Right Arm.CFrame = CFrame.new(-1.30866, 0.72154, 0.312362, 0.770792, -0.002822, 0.637081, 0.087242, 0.991037, -0.101162, -0.631085, 0.133554, 0.76413)
    Left Arm.CFrame = CFrame.new(-0.203458, 0.067535, 0.171782, 0.655812, 0.633577, -0.410476, -0.551234, 0.773396, 0.31305, 0.515802, 0.020967, 0.856452)
    Right Leg.CFrame = CFrame.new(0.51227, 0.444692, -0.38861, 0.912766, 0.012766, -0.408284, 0.138063, 0.931045, 0.337776, 0.384444, -0.36468, 0.848064)
    Head.CFrame = CFrame.new(0, 0, 0, 0.95172, -0.114181, 0.284942, 0.09041, 0.991337, 0.095272, -0.293352, -0.064911, 0.953798)

[25]
    Time: 0.827500
    HumanoidRootPart.CFrame = CFrame.new(0, 0, 0, 1, 0, 0, 0, 1, 0, 0, 0, 1)
    Torso.CFrame = CFrame.new(0.010694, -0.08187, -0.363191, 0.980407, 0.189517, -0.053715, -0.195217, 0.971222, -0.136451, 0.026309, 0.144263, 0.98919)
    Left Leg.CFrame = CFrame.new(-0.352948, 0.39252, -0.424877, 0.937627, -0.115547, 0.327876, -0.048953, 0.889861, 0.453598, -0.344178, -0.441358, 0.828701)
    Right Arm.CFrame = CFrame.new(-1.2897, 0.723516, 0.195101, 0.798078, -0.030686, 0.601772, -0.062998, 0.98898, 0.13398, -0.599251, -0.144838, 0.78735)
    Left Arm.CFrame = CFrame.new(-0.300404, 0.045478, 0.120246, 0.801852, 0.49619, -0.332908, -0.338252, 0.836224, 0.431644, 0.492563, -0.233508, 0.838365)
    Right Leg.CFrame = CFrame.new(0.571295, 0.517864, -0.32141, 0.898712, 0.082743, -0.430663, 0.054572, 0.953303, 0.297045, 0.435131, -0.290462, 0.852229)
    Head.CFrame = CFrame.new(0, 0, 0, 0.955976, -0.071388, 0.28463, 0.043116, 0.993601, 0.104393, -0.290261, -0.087525, 0.952936)

[26]
    Time: 0.862083
    HumanoidRootPart.CFrame = CFrame.new(0, 0, 0, 1, 0, 0, 0, 1, 0, 0, 0, 1)
    Torso.CFrame = CFrame.new(-0.050279, -0.082697, -0.401022, 0.986142, 0.159569, -0.045398, -0.164389, 0.976719, -0.137829, 0.022348, 0.143381, 0.989415)
    Left Leg.CFrame = CFrame.new(-0.45313, 0.471364, -0.209956, 0.947093, -0.154114, 0.281534, 0.029665, 0.915448, 0.401341, -0.319584, -0.371757, 0.871587)
    Right Arm.CFrame = CFrame.new(-1.21223, 0.548009, 0.018281, 0.881827, -0.054707, 0.468389, -0.182187, 0.876606, 0.445388, -0.434959, -0.47809, 0.763048)
    Left Arm.CFrame = CFrame.new(-0.313682, 0.006847, 0.100284, 0.889771, 0.403985, -0.212377, -0.231575, 0.800581, 0.552669, 0.393295, -0.442568, 0.805887)
    Right Leg.CFrame = CFrame.new(0.56622, 0.539601, -0.118554, 0.877409, 0.112607, -0.46634, -0.030626, 0.983226, 0.179803, 0.478765, -0.14348, 0.86614)
    Head.CFrame = CFrame.new(0, 0, 0, 0.98044, -0.03192, 0.194214, 0.014922, 0.995977, 0.088361, -0.196253, -0.083735, 0.976971)

[27]
    Time: 0.896667
    HumanoidRootPart.CFrame = CFrame.new(0, 0, 0, 1, 0, 0, 0, 1, 0, 0, 0, 1)
    Torso.CFrame = CFrame.new(-0.089994, -0.083369, -0.387118, 0.99027, 0.134087, -0.03724, -0.138008, 0.980636, -0.138948, 0.017888, 0.142735, 0.989599)
    Left Leg.CFrame = CFrame.new(-0.447792, 0.527522, -0.033543, 0.957152, -0.135615, 0.255865, 0.043562, 0.940935, 0.335773, -0.28629, -0.310241, 0.906526)
    Right Arm.CFrame = CFrame.new(-1.03436, 0.278856, -0.051769, 0.959234, -0.035271, 0.280402, -0.183595, 0.676526, 0.713166, -0.214854, -0.735574, 0.642471)
    Left Arm.CFrame = CFrame.new(-0.264119, -0.028357, 0.109333, 0.933225, 0.357051, -0.040077, -0.241636, 0.706258, 0.665441, 0.265901, -0.611322, 0.745374)
    Right Leg.CFrame = CFrame.new(0.472514, 0.472071, 0.091008, 0.859056, 0.082842, -0.505133, -0.072335, 0.996561, 0.040425, 0.506744, 0.001809, 0.862094)
    Head.CFrame = CFrame.new(0, 0, 0, 0.998461, -0.003333, 0.055365, -0.000384, 0.997754, 0.066992, -0.055464, -0.06691, 0.996216)

[28]
    Time: 0.930833
    HumanoidRootPart.CFrame = CFrame.new(0, 0, 0, 1, 0, 0, 0, 1, 0, 0, 0, 1)
    Torso.CFrame = CFrame.new(-0.108051, -0.083881, -0.281605, 0.993045, 0.114018, -0.029344, -0.117023, 0.98324, -0.139802, 0.012912, 0.142264, 0.989745)
    Left Leg.CFrame = CFrame.new(-0.405498, 0.517205, 0.041656, 0.963093, -0.097598, 0.250851, 0.017518, 0.952695, 0.303422, -0.268599, -0.287831, 0.919244)
    Right Arm.CFrame = CFrame.new(-0.793072, 0.072643, -0.004872, 0.993057, 0.022787, 0.115407, -0.11161, 0.492439, 0.863161, -0.037163, -0.870049, 0.491563)
    Left Arm.CFrame = CFrame.new(-0.194242, -0.05484, 0.139264, 0.93341, 0.324544, 0.153029, -0.323709, 0.577687, 0.749327, 0.154787, -0.748966, 0.644276)
    Right Leg.CFrame = CFrame.new(0.271009, 0.316826, 0.174611, 0.844962, -0.022725, -0.534343, -0.017381, 0.997403, -0.069896, 0.534544, 0.068345, 0.842373)
    Head.CFrame = CFrame.new(0, 0, 0, 0.996883, 0.008546, -0.078434, -0.004111, 0.998393, 0.056528, 0.078791, -0.056029, 0.995315)

[29]
    Time: 0.965417
    HumanoidRootPart.CFrame = CFrame.new(0, 0, 0, 1, 0, 0, 0, 1, 0, 0, 0, 1)
    Torso.CFrame = CFrame.new(-0.102854, -0.084437, -0.133018, 0.994697, 0.100494, -0.021888, -0.102583, 0.984719, -0.140728, 0.007411, 0.142227, 0.989806)
    Left Leg.CFrame = CFrame.new(-0.387997, 0.488782, 0.080422, 0.96035, -0.080498, 0.266923, 0.002, 0.959371, 0.282141, -0.278791, -0.270421, 0.921493)
    Right Arm.CFrame = CFrame.new(-0.549815, -0.040926, 0.065146, 0.997527, 0.068381, -0.01625, -0.010173, 0.36924, 0.929279, 0.069544, -0.926815, 0.369022)
    Left Arm.CFrame = CFrame.new(-0.124114, -0.074278, 0.185332, 0.892142, 0.295795, 0.341449, -0.443872, 0.43338, 0.784321, 0.084021, -0.851285, 0.517932)
    Right Leg.CFrame = CFrame.new(0.018206, 0.146907, 0.092708, 0.81573, -0.167134, -0.553761, 0.122602, 0.985553, -0.116848, 0.56529, 0.027422, 0.824436)
    Head.CFrame = CFrame.new(0, 0, 0, 0.989367, 0.00169, -0.145433, 0.006937, 0.998246, 0.058793, 0.145277, -0.059176, 0.98762)

[30]
    Time: 1.000000
    HumanoidRootPart.CFrame = CFrame.new(0, 0, 0, 1, 0, 0, 0, 1, 0, 0, 0, 1)
    Torso.CFrame = CFrame.new(-0.069292, -0.084714, -0.027897, 0.995491, 0.094024, -0.012507, -0.094847, 0.985429, -0.14119, -0.000951, 0.141739, 0.989904)
    Left Leg.CFrame = CFrame.new(-0.429937, 0.520911, 0.128593, 0.935446, -0.119682, 0.33259, 0.033056, 0.966427, 0.254805, -0.351921, -0.227363, 0.907997)
    Right Arm.CFrame = CFrame.new(-0.308844, -0.107434, 0.118621, 0.985964, 0.081865, -0.145512, 0.115826, 0.292321, 0.94928, 0.120248, -0.95281, 0.278735)
    Left Arm.CFrame = CFrame.new(-0.051083, -0.100399, 0.231785, 0.827014, 0.271591, 0.492225, -0.557676, 0.285714, 0.779336, 0.071026, -0.919024, 0.38775)
    Right Leg.CFrame = CFrame.new(-0.154231, 0.042113, -0.008823, 0.777759, -0.266557, -0.569245, 0.246832, 0.962399, -0.113405, 0.57807, -0.052308, 0.814309)
    Head.CFrame = CFrame.new(0, 0, 0, 0.984521, -0.01347, -0.174749, 0.024863, 0.997693, 0.063172, 0.173495, -0.066539, 0.982584)

[31]
    Time: 1.034583
    HumanoidRootPart.CFrame = CFrame.new(0, 0, 0, 1, 0, 0, 0, 1, 0, 0, 0, 1)
    Torso.CFrame = CFrame.new(-0.001575, -0.084777, 0.039426, 0.995437, 0.095315, -0.004387, -0.094977, 0.985401, -0.141295, -0.009145, 0.141067, 0.989958)
    Left Leg.CFrame = CFrame.new(-0.467631, 0.562153, 0.184399, 0.875082, -0.175762, 0.45093, 0.085478, 0.973206, 0.21346, -0.476366, -0.148252, 0.866659)
    Right Arm.CFrame = CFrame.new(-0.037357, -0.154164, 0.160296, 0.948663, 0.078633, -0.306357, 0.278602, 0.250786, 0.927086, 0.149729, -0.964844, 0.216004)
    Left Arm.CFrame = CFrame.new(0.015823, -0.131648, 0.271305, 0.782044, 0.231655, 0.578569, -0.617744, 0.165302, 0.76881, 0.082461, -0.958651, 0.272377)
    Right Leg.CFrame = CFrame.new(-0.23198, 0.013296, -0.062597, 0.750653, -0.31359, -0.581535, 0.333317, 0.939707, -0.076479, 0.570456, -0.136428, 0.809918)
    Head.CFrame = CFrame.new(0, 0, 0, 0.983699, -0.021816, -0.178495, 0.034335, 0.997138, 0.067353, 0.176515, -0.072383, 0.981633)

[32]
    Time: 1.069167
    HumanoidRootPart.CFrame = CFrame.new(0, 0, 0, 1, 0, 0, 0, 1, 0, 0, 0, 1)
    Torso.CFrame = CFrame.new(0.08351, -0.084735, 0.073968, 0.996061, 0.088667, 0.001108, -0.087623, 0.986092, -0.141225, -0.013615, 0.140571, 0.989977)
    Left Leg.CFrame = CFrame.new(-0.486748, 0.565555, 0.200377, 0.804575, -0.20951, 0.555665, 0.129111, 0.97503, 0.180687, -0.579646, -0.073636, 0.811535)
    Right Arm.CFrame = CFrame.new(0.274152, -0.173031, 0.182157, 0.859526, 0.067905, -0.506562, 0.476062, 0.254251, 0.841856, 0.18596, -0.964751, 0.186208)
    Left Arm.CFrame = CFrame.new(0.079891, -0.155922, 0.303397, 0.784189, 0.169194, 0.59701, -0.61677, 0.106876, 0.779854, 0.068141, -0.979771, 0.188165)
    Right Leg.CFrame = CFrame.new(-0.211956, 0.083655, -0.059922, 0.743169, -0.293959, -0.601074, 0.348933, 0.936766, -0.026706, 0.570917, -0.18989, 0.798747)
    Head.CFrame = CFrame.new(0, 0, 0, 0.986778, -0.022003, -0.160575, 0.033691, 0.996948, 0.070427, 0.158535, -0.074906, 0.984508)

[33]
    Time: 1.103333
    HumanoidRootPart.CFrame = CFrame.new(0, 0, 0, 1, 0, 0, 0, 1, 0, 0, 0, 1)
    Torso.CFrame = CFrame.new(0.159039, -0.084933, 0.080206, 0.997793, 0.066012, 0.007152, -0.064339, 0.987837, -0.141554, -0.016409, 0.140782, 0.989905)
    Left Leg.CFrame = CFrame.new(-0.45712, 0.508618, 0.145873, 0.769573, -0.188389, 0.610136, 0.115155, 0.980769, 0.157586, -0.62809, -0.051016, 0.776467)
    Right Arm.CFrame = CFrame.new(0.602458, -0.140396, 0.185309, 0.712392, 0.054665, -0.69965, 0.651253, 0.319955, 0.688112, 0.261472, -0.945854, 0.192332)
    Left Arm.CFrame = CFrame.new(0.158559, -0.186594, 0.299916, 0.806733, 0.103388, 0.581801, -0.590432, 0.101189, 0.800719, 0.023913, -0.98948, 0.142676)
    Right Leg.CFrame = CFrame.new(-0.116771, 0.243484, -0.02835, 0.745997, -0.213461, -0.630812, 0.296605, 0.954596, 0.027741, 0.59625, -0.207798, 0.77544)
    Head.CFrame = CFrame.new(0, 0, 0, 0.992225, -0.021413, -0.122599, 0.030543, 0.996858, 0.073084, 0.120649, -0.076261, 0.989762)

[34]
    Time: 1.137917
    HumanoidRootPart.CFrame = CFrame.new(0, 0, 0, 1, 0, 0, 0, 1, 0, 0, 0, 1)
    Torso.CFrame = CFrame.new(0.217827, -0.085144, 0.062353, 0.999337, 0.033863, 0.013366, -0.031627, 0.989375, -0.141907, -0.01803, 0.14139, 0.98979)
    Left Leg.CFrame = CFrame.new(-0.386191, 0.406659, 0.040381, 0.767884, -0.12705, 0.627863, 0.050888, 0.989135, 0.137923, -0.638565, -0.073961, 0.766006)
    Right Arm.CFrame = CFrame.new(0.898843, -0.058391, 0.179151, 0.547358, 0.025034, -0.836524, 0.745468, 0.439706, 0.500936, 0.380365, -0.897793, 0.222014)
    Left Arm.CFrame = CFrame.new(0.253876, -0.230437, 0.237467, 0.822445, 0.046179, 0.566967, -0.567811, 0.126697, 0.81335, -0.034272, -0.990866, 0.130423)
    Right Leg.CFrame = CFrame.new(-0.018308, 0.42251, -0.015177, 0.740091, -0.121019, -0.661529, 0.239039, 0.966776, 0.090569, 0.62859, -0.225163, 0.744431)
    Head.CFrame = CFrame.new(0, 0, 0, 0.997737, -0.018315, -0.064696, 0.023183, 0.99689, 0.075319, 0.063115, -0.076649, 0.995059)

[35]
    Time: 1.172500
    HumanoidRootPart.CFrame = CFrame.new(0, 0, 0, 1, 0, 0, 0, 1, 0, 0, 0, 1)
    Torso.CFrame = CFrame.new(0.252715, -0.085269, 0.024437, 0.999801, -0.004088, 0.019534, 0.006824, 0.989827, -0.142115, -0.018755, 0.14222, 0.989657)
    Left Leg.CFrame = CFrame.new(-0.302518, 0.294626, -0.090028, 0.779319, -0.051653, 0.624495, -0.040158, 0.990431, 0.132039, -0.62534, -0.127981, 0.769787)
    Right Arm.CFrame = CFrame.new(1.11134, 0.018626, 0.139896, 0.457461, -0.045348, -0.888073, 0.740134, 0.572975, 0.351997, 0.492881, -0.818318, 0.295677)
    Left Arm.CFrame = CFrame.new(0.34214, -0.260607, 0.128599, 0.832662, -0.022838, 0.55331, -0.539159, 0.194656, 0.8194, -0.126418, -0.980606, 0.149769)
    Right Leg.CFrame = CFrame.new(0.073472, 0.58173, -0.017488, 0.725757, -0.028845, -0.687346, 0.180912, 0.971956, 0.150237, 0.663738, -0.233387, 0.710622)
    Head.CFrame = CFrame.new(0, 0, 0, 0.999849, -0.010965, 0.01346, 0.009901, 0.997003, 0.076724, -0.014261, -0.076579, 0.996962)

[36]
    Time: 1.207083
    HumanoidRootPart.CFrame = CFrame.new(0, 0, 0, 1, 0, 0, 0, 1, 0, 0, 0, 1)
    Torso.CFrame = CFrame.new(0.259725, -0.085231, -0.02953, 0.998644, -0.04539, 0.025495, 0.048563, 0.988667, -0.142051, -0.018758, 0.143097, 0.989531)
    Left Leg.CFrame = CFrame.new(-0.237335, 0.216074, -0.229202, 0.791471, 0.013149, 0.611066, -0.133685, 0.979284, 0.152085, -0.596408, -0.202063, 0.776833)
    Right Arm.CFrame = CFrame.new(1.18909, 0.028116, -0.000197, 0.566656, -0.172206, -0.805758, 0.655658, 0.686497, 0.314379, 0.499013, -0.706446, 0.501916)
    Left Arm.CFrame = CFrame.new(0.416032, -0.25732, -0.005438, 0.83455, -0.110188, 0.539801, -0.487854, 0.307441, 0.816994, -0.25598, -0.945166, 0.202819)
    Right Leg.CFrame = CFrame.new(0.164585, 0.691865, -0.019535, 0.70664, 0.059636, -0.705056, 0.114145, 0.973782, 0.196771, 0.698306, -0.219527, 0.681306)
    Head.CFrame = CFrame.new(0, 0, 0, 0.993709, 0.002302, 0.111968, -0.010907, 0.997025, 0.076302, -0.111459, -0.077043, 0.990778)

[37]
    Time: 1.241250
    HumanoidRootPart.CFrame = CFrame.new(0, 0, 0, 1, 0, 0, 0, 1, 0, 0, 0, 1)
    Torso.CFrame = CFrame.new(0.239941, -0.084972, -0.095366, 0.99562, -0.08817, 0.031103, 0.091712, 0.985664, -0.14162, -0.018171, 0.143852, 0.989432)
    Left Leg.CFrame = CFrame.new(-0.245491, 0.21192, -0.400982, 0.80415, 0.032677, 0.593528, -0.207822, 0.950929, 0.22922, -0.556914, -0.307678, 0.771481)
    Right Arm.CFrame = CFrame.new(1.00664, -0.005003, -0.254766, 0.717835, -0.43362, -0.544689, 0.647096, 0.704194, 0.292197, 0.256864, -0.562215, 0.786089)
    Left Arm.CFrame = CFrame.new(0.483595, -0.21173, -0.135965, 0.825038, -0.208872, 0.525058, -0.392889, 0.4558, 0.798677, -0.406142, -0.865228, 0.293988)
    Right Leg.CFrame = CFrame.new(0.194763, 0.608651, -0.050091, 0.716275, 0.087911, -0.692258, 0.081575, 0.974681, 0.208185, 0.693034, -0.205591, 0.690969)
    Head.CFrame = CFrame.new(0, 0, 0, 0.972953, 0.022866, 0.229868, -0.040504, 0.99656, 0.07231, -0.227424, -0.079664, 0.970532)

[38]
    Time: 1.275833
    HumanoidRootPart.CFrame = CFrame.new(0, 0, 0, 1, 0, 0, 0, 1, 0, 0, 0, 1)
    Torso.CFrame = CFrame.new(0.198076, -0.084451, -0.168493, 0.990741, -0.130849, 0.036217, 0.134687, 0.980841, -0.140751, -0.017106, 0.144326, 0.989382)
    Left Leg.CFrame = CFrame.new(-0.203091, 0.24484, -0.485628, 0.814589, 0.07933, 0.574588, -0.277477, 0.923196, 0.265922, -0.509363, -0.376054, 0.774038)
    Right Arm.CFrame = CFrame.new(0.633245, 0.00439, -0.363102, 0.626102, -0.768992, -0.129022, 0.778973, 0.609519, 0.147271, -0.034609, -0.192712, 0.980645)
    Left Arm.CFrame = CFrame.new(0.564284, -0.130219, -0.250794, 0.807747, -0.298831, 0.508179, -0.243891, 0.615393, 0.74954, -0.536715, -0.729378, 0.424199)
    Right Leg.CFrame = CFrame.new(0.160525, 0.392863, -0.155524, 0.747842, 0.059192, -0.661233, 0.106202, 0.972522, 0.207174, 0.655327, -0.225161, 0.721006)
    Head.CFrame = CFrame.new(0, 0, 0, 0.944097, 0.061582, 0.323867, -0.072456, 0.997137, 0.021613, -0.321608, -0.043871, 0.945856)

[39]
    Time: 1.310417
    HumanoidRootPart.CFrame = CFrame.new(0, 0, 0, 1, 0, 0, 0, 1, 0, 0, 0, 1)
    Torso.CFrame = CFrame.new(0.139735, -0.083723, -0.243601, 0.98422, -0.172192, 0.040747, 0.176251, 0.974405, -0.139538, -0.015677, 0.144518, 0.989378)
    Left Leg.CFrame = CFrame.new(-0.215971, 0.313935, -0.483462, 0.833986, 0.098869, 0.542856, -0.296307, 0.910175, 0.289451, -0.465477, -0.402252, 0.788369)
    Right Arm.CFrame = CFrame.new(0.424608, -0.072608, -0.297145, 0.327281, -0.910677, 0.2521, 0.943696, 0.328623, -0.038021, -0.048221, 0.250349, 0.966954)
    Left Arm.CFrame = CFrame.new(0.662757, -0.025619, -0.349193, 0.794568, -0.360325, 0.4887, -0.057203, 0.756871, 0.651056, -0.604474, -0.545263, 0.580774)
    Right Leg.CFrame = CFrame.new(0.198635, 0.319913, -0.236293, 0.751504, 0.085968, -0.654103, 0.087351, 0.969777, 0.227819, 0.65392, -0.228346, 0.721282)
    Head.CFrame = CFrame.new(0, 0, 0, 0.962449, 0.114262, 0.246244, -0.123552, 0.992082, 0.022557, -0.241716, -0.052134, 0.968945)

[40]
    Time: 1.345000
    HumanoidRootPart.CFrame = CFrame.new(0, 0, 0, 1, 0, 0, 0, 1, 0, 0, 0, 1)
    Torso.CFrame = CFrame.new(0.069728, -0.082904, -0.314121, 0.976382, -0.211381, 0.044676, 0.215597, 0.966657, -0.138174, -0.013979, 0.144543, 0.9894)
    Left Leg.CFrame = CFrame.new(-0.334109, 0.393803, -0.508721, 0.862227, 0.0638, 0.502489, -0.273939, 0.893169, 0.356659, -0.426054, -0.445174, 0.787591)
