[1]
    Time: 0.000000
    HumanoidRootPart.CFrame = CFrame.new(0, 0, 0, 1, 0, 0, 0, 1, 0, 0, 0, 1)
    Torso.CFrame = CFrame.new(0, 0, 0, 1, 0, 0, 0, 0.984808, 0.173648, 0, -0.173648, 0.984808)
    Left Leg.CFrame = CFrame.new(-0.0560394, 0.14949, -0.010465, 0.926896, -0.350434, 0.134389, 0.33594, 0.934301, 0.119272, -0.167357, -0.0654058, 0.983724)
    Right Arm.CFrame = CFrame.new(-5.66244e-06, 2.44379e-06, 7.15256e-07, 0.970712, -0.240246, 8.72805e-08, 0.180083, 0.727623, 0.661918, -0.159023, -0.642532, 0.749576)
    Head.CFrame = CFrame.new(2.38484e-08, 8.59797e-06, 1.37091e-06, 1, 1.60006e-07, -4.67729e-08, -1.63914e-07, 0.892675, -0.450701, -3.0362e-08, 0.450701, 0.892675)
    Left Arm.CFrame = CFrame.new(3.43323e-05, 4.50015e-06, 3.75509e-06, 0.887098, 0.46158, 1.31764e-07, -0.399887, 0.768531, 0.49945, 0.230536, -0.443061, 0.866343)
    Right Leg.CFrame = CFrame.new(0.0898093, 0.188828, -0.0194698, 0.903851, 0.42766, -0.0126326, -0.42393, 0.899172, 0.108504, 0.0577617, -0.092716, 0.994016)

[2]
    Time: 0.208333
    HumanoidRootPart.CFrame = CFrame.new(0, 0, 0, 1, 0, 0, 0, 1, 0, 0, 0, 1)
    Torso.CFrame = CFrame.new(0, 0, 0, 1, 0, 0, 0, 0.993655, 0.112473, 0, -0.112473, 0.993655)
    Left Leg.CFrame = CFrame.new(-0.0560327, 0.14949, -0.0104651, 0.926895, -0.333784, 0.171619, 0.335941, 0.941726, 0.0171928, -0.167357, 0.041718, 0.985013)
    Right Arm.CFrame = CFrame.new(-8.14348e-06, 3.23355e-06, -1.19209e-07, 0.95302, -0.232327, -0.194362, 0.292572, 0.872196, 0.392015, 0.0784462, -0.430463, 0.899193)
    Head.CFrame = CFrame.new(-9.31323e-10, 3.93391e-06, -9.83477e-07, 0.999542, -0.0116581, -0.0279301, -0.00267739, 0.885157, -0.465284, 0.0301469, 0.465146, 0.884721)
    Left Arm.CFrame = CFrame.new(5.36442e-05, 7.00355e-06, 4.35114e-06, 0.882654, 0.449726, 0.136631, -0.469078, 0.861264, 0.195421, -0.0297892, -0.236579, 0.971155)
    Right Leg.CFrame = CFrame.new(0.0898071, 0.188829, -0.0194698, 0.90385, 0.423366, -0.0617695, -0.423931, 0.905684, 0.00429506, 0.057762, 0.0223039, 0.998081)

[3]
    Time: 0.458333
    HumanoidRootPart.CFrame = CFrame.new(0, 0, 0, 1, 0, 0, 0, 1, 0, 0, 0, 1)
    Torso.CFrame = CFrame.new(0, 0, 0, 0.99911, -1.62981e-08, 0.0421885, -0.00756742, 0.983781, 0.179212, -0.0415042, -0.179372, 0.982905)
    Left Leg.CFrame = CFrame.new(-0.0560132, 0.149491, -0.0104657, 0.982837, -0.0842071, 0.164136, 0.0656551, 0.991152, 0.115354, -0.172397, -0.102598, 0.97967)
    Right Arm.CFrame = CFrame.new(-9.77516e-06, 5.33462e-06, -1.90735e-06, 0.93242, -0.340427, -0.121254, 0.338763, 0.706573, 0.621284, -0.125827, -0.620374, 0.774147)
    Head.CFrame = CFrame.new(-2.07685e-07, 7.42078e-06, 4.76837e-07, 0.999988, 0.00482749, -0.00112672, -0.00487603, 0.916893, -0.399103, -0.000893585, 0.399103, 0.916906)
    Left Arm.CFrame = CFrame.new(6.24955e-05, 8.73208e-06, 3.75509e-06, 0.8341, 0.549236, -0.0511546, -0.507951, 0.800928, 0.317016, 0.215088, -0.238439, 0.94704)
    Right Leg.CFrame = CFrame.new(0.0898059, 0.18883, -0.0194691, 0.977974, 0.203802, -0.0450691, -0.199495, 0.976176, 0.085328, 0.0613855, -0.0744575, 0.995333)

[4]
    Time: 0.750000
    HumanoidRootPart.CFrame = CFrame.new(0, 0, 0, 1, 0, 0, 0, 1, 0, 0, 0, 1)
    Torso.CFrame = CFrame.new(0, 0, 0, 0.999566, 3.04899e-05, -0.0294405, 0.00516009, 0.984338, 0.176215, 0.0289848, -0.176291, 0.983911)
    Left Leg.CFrame = CFrame.new(-0.0559996, 0.149492, -0.0104658, 0.978027, 0.128538, 0.164139, -0.148442, 0.98217, 0.115356, -0.146385, -0.137187, 0.979669)
    Right Arm.CFrame = CFrame.new(-1.16676e-05, 7.48038e-06, -2.26498e-06, 0.837598, -0.279664, -0.469273, 0.54601, 0.455916, 0.702861, 0.0173841, -0.844943, 0.534574)
    Head.CFrame = CFrame.new(-5.7742e-08, 1.07884e-05, 2.08616e-06, 0.999542, 0.00786511, 0.029226, 0.00787199, 0.864851, -0.501967, -0.0292242, 0.501968, 0.864393)
    Left Arm.CFrame = CFrame.new(8.03024e-05, 9.89437e-06, 2.80142e-06, 0.74425, 0.536318, 0.398064, -0.66438, 0.655592, 0.358885, -0.068491, -0.531566, 0.844243)
    Right Leg.CFrame = CFrame.new(0.0898028, 0.188831, -0.0194692, 0.993197, -0.107369, -0.0450711, 0.110913, 0.99016, 0.085332, 0.0354656, -0.0897505, 0.995333)

[5]
    Time: 1.000000
    HumanoidRootPart.CFrame = CFrame.new(0, 0, 0, 1, 0, 0, 0, 1, 0, 0, 0, 1)
    Torso.CFrame = CFrame.new(0, 0, 0, 1, 0, 0, 0, 0.984808, 0.173648, 0, -0.173648, 0.984808)
    Left Leg.CFrame = CFrame.new(-0.0560394, 0.14949, -0.010465, 0.926896, -0.350434, 0.134389, 0.33594, 0.934301, 0.119272, -0.167357, -0.0654058, 0.983724)
    Right Arm.CFrame = CFrame.new(-5.66244e-06, 2.44379e-06, 7.15256e-07, 0.970712, -0.240246, 8.72805e-08, 0.180083, 0.727623, 0.661918, -0.159023, -0.642532, 0.749576)
    Head.CFrame = CFrame.new(2.38484e-08, 8.59797e-06, 1.37091e-06, 1, 1.60006e-07, -4.67729e-08, -1.63914e-07, 0.892675, -0.450701, -3.0362e-08, 0.450701, 0.892675)
    Left Arm.CFrame = CFrame.new(3.43323e-05, 4.50015e-06, 3.75509e-06, 0.887098, 0.46158, 1.31764e-07, -0.399887, 0.768531, 0.49945, 0.230536, -0.443061, 0.866343)
    Right Leg.CFrame = CFrame.new(0.0898093, 0.188828, -0.0194698, 0.903851, 0.42766, -0.0126326, -0.42393, 0.899172, 0.108504, 0.0577617, -0.092716, 0.994016)
