[1]
    Time: 0.000000
    HumanoidRootPart.CFrame = CFrame.new(0, 0, 0, 1, 0, 0, 0, 1, 0, 0, 0, 1)
    Torso.CFrame = CFrame.new(0.55727, -0.414161, -0.502483, 0.797287, 0.534417, 0.280592, -0.589205, 0.789988, 0.169578, -0.131039, -0.300529, 0.944728)
    Left Leg.CFrame = CFrame.new(-0.307974, 0.481346, 0.159157, 0.744308, -0.581128, 0.329084, 0.337262, 0.752388, 0.565833, -0.576421, -0.310166, 0.756)
    Right Leg.CFrame = CFrame.new(0.0474109, 0.311304, 0.132108, 0.895648, 0.355593, -0.267148, -0.32416, 0.933165, 0.155319, 0.304523, -0.0525124, 0.951056)
    Head.CFrame = CFrame.new(-1.3411e-07, -8.9407e-08, -5.96046e-08, 0.977717, 0.142413, -0.154237, -0.190635, 0.909983, -0.368225, 0.0879132, 0.389422, 0.916854)
    Left Arm.CFrame = CFrame.new(-0.596512, -0.562571, -0.706924, -0.63394, 0.491753, -0.596908, -0.645528, -0.761515, 0.0582154, -0.425926, 0.422226, 0.800195)
    Right Arm.CFrame = CFrame.new(0.242498, -0.843484, 0.147626, -0.0551215, -0.594152, -0.802462, 0.513679, -0.706044, 0.487478, -0.85621, -0.385337, 0.344122)

[2]
    Time: 0.033333
    HumanoidRootPart.CFrame = CFrame.new(0, 0, 0, 1, 0, 0, 0, 1, 0, 0, 0, 1)
    Torso.CFrame = CFrame.new(0.473842, -0.402061, -0.474124, 0.744253, 0.582869, 0.326116, -0.649907, 0.744573, 0.15242, -0.153976, -0.325384, 0.932961)
    Left Leg.CFrame = CFrame.new(-0.17246, 0.519815, 0.169356, 0.681909, -0.618726, 0.390101, 0.266406, 0.706796, 0.655338, -0.681196, -0.342956, 0.646803)
    Right Leg.CFrame = CFrame.new(0.140333, 0.201782, 0.110241, 0.898169, 0.402041, -0.177919, -0.396829, 0.915547, 0.0655815, 0.18926, 0.0117, 0.981857)
    Head.CFrame = CFrame.new(-8.9407e-08, -5.96046e-08, -1.19209e-07, 0.977733, 0.142336, -0.154203, -0.190546, 0.91002, -0.36818, 0.0879226, 0.389364, 0.916878)
    Left Arm.CFrame = CFrame.new(-0.438383, -0.600736, -0.584521, -0.533641, 0.587116, -0.608705, -0.765883, -0.640759, 0.053402, -0.35868, 0.494694, 0.791597)
    Right Arm.CFrame = CFrame.new(-0.00568429, -0.916413, -0.0308064, 0.0087278, -0.615044, -0.788445, 0.624849, -0.612229, 0.484499, -0.780697, -0.496888, 0.378966)

[3]
    Time: 0.066667
    HumanoidRootPart.CFrame = CFrame.new(0, 0, 0, 1, 0, 0, 0, 1, 0, 0, 0, 1)
    Torso.CFrame = CFrame.new(0.446792, -0.40132, -0.419534, 0.713675, 0.569449, 0.407916, -0.6659, 0.732241, 0.14283, -0.217359, -0.373566, 0.901778)
    Left Leg.CFrame = CFrame.new(-0.0792064, 0.547884, 0.117686, 0.670301, -0.642655, 0.371066, 0.190193, 0.632103, 0.751181, -0.717302, -0.432943, 0.545928)
    Right Leg.CFrame = CFrame.new(0.145297, 0.0147704, 0.0854526, 0.861874, 0.483311, -0.153572, -0.493806, 0.868778, -0.0371707, 0.115454, 0.107871, 0.987438)
    Head.CFrame = CFrame.new(-1.37836e-07, 2.98023e-08, 4.76837e-07, 0.977782, 0.142107, -0.154102, -0.19028, 0.91013, -0.368046, 0.0879504, 0.389191, 0.916949)
    Left Arm.CFrame = CFrame.new(-0.170001, -0.652341, -0.297505, -0.395344, 0.648855, -0.650147, -0.887335, -0.452694, 0.0877802, -0.23736, 0.611601, 0.754721)
    Right Arm.CFrame = CFrame.new(-0.236865, -1.0252, -0.267765, 0.136739, -0.682325, -0.718147, 0.737212, -0.414146, 0.533856, -0.661681, -0.602425, 0.446388)

[4]
    Time: 0.100000
    HumanoidRootPart.CFrame = CFrame.new(0, 0, 0, 1, 0, 0, 0, 1, 0, 0, 0, 1)
    Torso.CFrame = CFrame.new(0.454233, -0.402912, -0.369081, 0.670417, 0.532953, 0.516239, -0.678014, 0.722646, 0.134464, -0.301394, -0.440164, 0.845823)
    Left Leg.CFrame = CFrame.new(0.0114052, 0.578656, 0.0355577, 0.67657, -0.664311, 0.317717, 0.107107, 0.515647, 0.85008, -0.728547, -0.541109, 0.420024)
    Right Leg.CFrame = CFrame.new(0.0584662, -0.174095, 0.0295132, 0.821532, 0.55041, -0.148775, -0.569267, 0.806446, -0.159937, 0.0319479, 0.216087, 0.975851)
    Head.CFrame = CFrame.new(-1.19209e-07, -1.49012e-08, 2.38419e-07, 0.977864, 0.141729, -0.153934, -0.189841, 0.910311, -0.367824, 0.0879964, 0.388905, 0.917066)
    Left Arm.CFrame = CFrame.new(0.0910412, -0.703988, 0.0012871, -0.270855, 0.663058, -0.697848, -0.956877, -0.264528, 0.120052, -0.104999, 0.700271, 0.706114)
    Right Arm.CFrame = CFrame.new(-0.419402, -1.13978, -0.484472, 0.271652, -0.725174, -0.632714, 0.79347, -0.20328, 0.573657, -0.54462, -0.657875, 0.520182)

[5]
    Time: 0.133333
    HumanoidRootPart.CFrame = CFrame.new(0, 0, 0, 1, 0, 0, 0, 1, 0, 0, 0, 1)
    Torso.CFrame = CFrame.new(0.462366, -0.404087, -0.348846, 0.636079, 0.503872, 0.584394, -0.68547, 0.716742, 0.128111, -0.354309, -0.482073, 0.801293)
    Left Leg.CFrame = CFrame.new(0.075004, 0.598051, -0.0323162, 0.691524, -0.667362, 0.276447, 0.0519106, 0.427625, 0.902464, -0.720486, -0.609726, 0.330356)
    Right Leg.CFrame = CFrame.new(-0.0362003, -0.258, -0.0146799, 0.804433, 0.57406, -0.152784, -0.593687, 0.768003, -0.240223, -0.0205636, 0.283949, 0.958619)
    Head.CFrame = CFrame.new(4.47035e-08, 3.12924e-07, -2.98023e-07, 0.977976, 0.141203, -0.153701, -0.18923, 0.910563, -0.367516, 0.0880601, 0.388506, 0.917229)
    Left Arm.CFrame = CFrame.new(0.209507, -0.727479, 0.140958, -0.218443, 0.658128, -0.720521, -0.974946, -0.178962, 0.132113, -0.0419985, 0.731328, 0.680732)
    Right Arm.CFrame = CFrame.new(-0.495797, -1.21545, -0.580976, 0.333444, -0.734769, -0.590703, 0.803477, -0.106294, 0.58577, -0.493194, -0.669937, 0.554926)

[6]
    Time: 0.166667
    HumanoidRootPart.CFrame = CFrame.new(0, 0, 0, 1, 0, 0, 0, 1, 0, 0, 0, 1)
    Torso.CFrame = CFrame.new(0.463495, -0.402796, -0.432681, 0.633663, 0.498808, 0.591322, -0.684813, 0.717242, 0.128821, -0.359864, -0.486574, 0.79608)
    Left Leg.CFrame = CFrame.new(0.0366373, 0.666011, -0.0698484, 0.694588, -0.666719, 0.270247, 0.048335, 0.418052, 0.907136, -0.717782, -0.617024, 0.322601)
    Right Leg.CFrame = CFrame.new(-0.0205807, -0.186627, 0.0142298, 0.807712, 0.568728, -0.155404, -0.589184, 0.768994, -0.248014, -0.0215475, 0.291885, 0.956211)
    Head.CFrame = CFrame.new(-4.47035e-08, 7.45058e-08, 1.19209e-07, 0.97812, 0.140532, -0.153404, -0.18845, 0.910883, -0.367122, 0.088141, 0.387998, 0.917436)
    Left Arm.CFrame = CFrame.new(0.17842, -0.762232, 0.0971124, -0.227172, 0.657891, -0.718034, -0.972516, -0.191899, 0.13186, -0.0510407, 0.728254, 0.683404)
    Right Arm.CFrame = CFrame.new(-0.466023, -1.25829, -0.539426, 0.325364, -0.735058, -0.594834, 0.80156, -0.119319, 0.585887, -0.501636, -0.667422, 0.550371)

[7]
    Time: 0.200000
    HumanoidRootPart.CFrame = CFrame.new(0, 0, 0, 1, 0, 0, 0, 1, 0, 0, 0, 1)
    Torso.CFrame = CFrame.new(0.470254, -0.399653, -0.615234, 0.643349, 0.49965, 0.580045, -0.680187, 0.720771, 0.133549, -0.351352, -0.480457, 0.803563)
    Left Leg.CFrame = CFrame.new(-0.0748355, 0.804352, -0.113662, 0.692643, -0.667677, 0.272859, 0.0673654, 0.436529, 0.897165, -0.718127, -0.603034, 0.347337)
    Right Leg.CFrame = CFrame.new(0.0538918, -0.00851357, 0.089361, 0.818769, 0.551447, -0.159762, -0.574123, 0.786077, -0.229054, -0.000726098, 0.279265, 0.960214)
    Head.CFrame = CFrame.new(2.98023e-08, 1.78814e-07, 1.19209e-07, 0.978293, 0.139718, -0.153045, -0.187504, 0.911271, -0.366643, 0.0882385, 0.387381, 0.917687)
    Left Arm.CFrame = CFrame.new(0.0856264, -0.830087, -0.0230067, -0.260456, 0.655875, -0.708513, -0.96172, -0.240991, 0.13045, -0.0851863, 0.715368, 0.693536)
    Right Arm.CFrame = CFrame.new(-0.378214, -1.28897, -0.428037, 0.294527, -0.735054, -0.610695, 0.79283, -0.168839, 0.585588, -0.533549, -0.656649, 0.533046)

[8]
    Time: 0.233333
    HumanoidRootPart.CFrame = CFrame.new(0, 0, 0, 1, 0, 0, 0, 1, 0, 0, 0, 1)
    Torso.CFrame = CFrame.new(0.480394, -0.395512, -0.791687, 0.662267, 0.506142, 0.55247, -0.672544, 0.726589, 0.140544, -0.330284, -0.464638, 0.821599)
    Left Leg.CFrame = CFrame.new(-0.194835, 0.934335, -0.128209, 0.688576, -0.667528, 0.283319, 0.10366, 0.47729, 0.87261, -0.717717, -0.57149, 0.397847)
    Right Leg.CFrame = CFrame.new(0.128185, 0.194962, 0.161958, 0.836577, 0.522331, -0.165252, -0.546628, 0.81596, -0.188168, 0.0365536, 0.247748, 0.968135)
    Head.CFrame = CFrame.new(-1.63913e-07, -7.45058e-08, 2.38419e-07, 0.978494, 0.138762, -0.152623, -0.186394, 0.911724, -0.366082, 0.088352, 0.386657, 0.917982)
    Left Arm.CFrame = CFrame.new(-0.0664958, -0.876823, -0.200522, -0.328891, 0.646109, -0.688749, -0.931775, -0.340724, 0.125311, -0.153709, 0.682972, 0.714089)
    Right Arm.CFrame = CFrame.new(-0.236309, -1.2876, -0.268469, 0.230978, -0.729451, -0.643856, 0.767682, -0.269925, 0.58121, -0.597757, -0.628523, 0.49764)

[9]
    Time: 0.266667
    HumanoidRootPart.CFrame = CFrame.new(0, 0, 0, 1, 0, 0, 0, 1, 0, 0, 0, 1)
    Torso.CFrame = CFrame.new(0.49224, -0.391238, -0.857798, 0.686981, 0.517598, 0.510048, -0.662823, 0.734034, 0.147852, -0.297865, -0.439643, 0.847343)
    Left Leg.CFrame = CFrame.new(-0.26456, 0.969754, -0.0865557, 0.686319, -0.662514, 0.300069, 0.151528, 0.533778, 0.831938, -0.71134, -0.525506, 0.466731)
    Right Leg.CFrame = CFrame.new(0.143942, 0.336904, 0.189767, 0.860896, 0.478823, -0.172007, -0.501687, 0.855167, -0.130383, 0.0846646, 0.19854, 0.976429)
    Head.CFrame = CFrame.new(-5.58794e-08, 1.49012e-08, -5.96046e-08, 0.978724, 0.137667, -0.152142, -0.185123, 0.912242, -0.365438, 0.0884809, 0.385828, 0.918318)
    Left Arm.CFrame = CFrame.new(-0.271527, -0.850646, -0.41265, -0.440568, 0.612925, -0.655913, -0.859135, -0.499777, 0.110048, -0.260359, 0.612001, 0.746772)
    Right Arm.CFrame = CFrame.new(-0.0483352, -1.23637, -0.0864114, 0.126835, -0.703139, -0.699649, 0.704561, -0.432632, 0.562515, -0.698217, -0.564292, 0.440532)

[10]
    Time: 0.300000
    HumanoidRootPart.CFrame = CFrame.new(0, 0, 0, 1, 0, 0, 0, 1, 0, 0, 0, 1)
    Torso.CFrame = CFrame.new(0.519217, -0.391092, -0.782474, 0.735129, 0.524675, 0.429304, -0.634557, 0.755413, 0.163367, -0.238587, -0.392514, 0.888262)
    Left Leg.CFrame = CFrame.new(-0.306412, 0.849988, 0.0236208, 0.701045, -0.640251, 0.314029, 0.238765, 0.625684, 0.742638, -0.671958, -0.445643, 0.591502)
    Right Leg.CFrame = CFrame.new(0.13251, 0.382012, 0.185531, 0.876208, 0.437239, -0.202687, -0.450252, 0.89266, -0.0207614, 0.171853, 0.109451, 0.979024)
    Head.CFrame = CFrame.new(-8.9407e-08, -1.04308e-07, 1.19209e-07, 0.978981, 0.136435, -0.151601, -0.183692, 0.912821, -0.364713, 0.0886246, 0.384895, 0.918696)
    Left Arm.CFrame = CFrame.new(-0.491747, -0.700118, -0.615427, -0.57296, 0.540749, -0.615879, -0.727755, -0.681289, 0.0788605, -0.376948, 0.493393, 0.783884)
    Right Arm.CFrame = CFrame.new(0.149597, -1.01829, 0.0770236, 0.00253408, -0.639257, -0.768989, 0.587683, -0.621231, 0.518363, -0.809087, -0.453235, 0.374106)

[11]
    Time: 0.333333
    HumanoidRootPart.CFrame = CFrame.new(0, 0, 0, 1, 0, 0, 0, 1, 0, 0, 0, 1)
    Torso.CFrame = CFrame.new(0.544289, -0.397684, -0.646072, 0.790011, 0.518408, 0.327316, -0.590242, 0.787503, 0.177353, -0.165821, -0.333306, 0.928122)
    Left Leg.CFrame = CFrame.new(-0.33432, 0.649026, 0.116001, 0.746206, -0.590993, 0.306438, 0.322466, 0.72359, 0.610272, -0.582402, -0.356573, 0.730523)
    Right Leg.CFrame = CFrame.new(0.105624, 0.376973, 0.176226, 0.879393, 0.3995, -0.258975, -0.384585, 0.916723, 0.108231, 0.280647, 0.00442018, 0.959801)
    Head.CFrame = CFrame.new(8.9407e-08, -1.04308e-07, 3.57628e-07, 0.979263, 0.135067, -0.151002, -0.182106, 0.91346, -0.363907, 0.0887821, 0.383859, 0.919114)
    Left Arm.CFrame = CFrame.new(-0.596512, -0.56257, -0.706924, -0.63394, 0.491753, -0.596908, -0.645528, -0.761515, 0.0582154, -0.425927, 0.422226, 0.800195)
    Right Arm.CFrame = CFrame.new(0.242498, -0.843483, 0.147626, -0.0551215, -0.594152, -0.802462, 0.513679, -0.706045, 0.487478, -0.85621, -0.385337, 0.344122)

[12]
    Time: 0.366667
    HumanoidRootPart.CFrame = CFrame.new(0, 0, 0, 1, 0, 0, 0, 1, 0, 0, 0, 1)
    Torso.CFrame = CFrame.new(0.539896, -0.403952, -0.502483, 0.813608, 0.511895, 0.275692, -0.566455, 0.804764, 0.177434, -0.131039, -0.300529, 0.944728)
    Left Leg.CFrame = CFrame.new(-0.313537, 0.484314, 0.15752, 0.778398, -0.553943, 0.295371, 0.343737, 0.769796, 0.537828, -0.525301, -0.317114, 0.789619)
    Right Leg.CFrame = CFrame.new(0.0551515, 0.302371, 0.154577, 0.880293, 0.374423, -0.291363, -0.339885, 0.926178, 0.163315, 0.331003, -0.0447353, 0.942569)
    Head.CFrame = CFrame.new(-5.96046e-08, -1.19209e-07, 0, 0.979569, 0.133566, -0.150347, -0.180365, 0.914157, -0.363022, 0.0889528, 0.382723, 0.919571)
    Left Arm.CFrame = CFrame.new(-0.478423, -0.547686, -0.581369, -0.578774, 0.536579, -0.614087, -0.720607, -0.689045, 0.0770922, -0.381768, 0.487134, 0.785464)
    Right Arm.CFrame = CFrame.new(0.135201, -0.885808, 0.0410749, -0.00295007, -0.635456, -0.772132, 0.58127, -0.629383, 0.515754, -0.813706, -0.447295, 0.371228)

[13]
    Time: 0.400000
    HumanoidRootPart.CFrame = CFrame.new(0, 0, 0, 1, 0, 0, 0, 1, 0, 0, 0, 1)
    Torso.CFrame = CFrame.new(0.49648, -0.398156, -0.400771, 0.779089, 0.541471, 0.315957, -0.607346, 0.776839, 0.16629, -0.155407, -0.32145, 0.934087)
    Left Leg.CFrame = CFrame.new(-0.21416, 0.434523, 0.192914, 0.739133, -0.586052, 0.332003, 0.31353, 0.735606, 0.600485, -0.596139, -0.339745, 0.727455)
    Right Leg.CFrame = CFrame.new(0.072825, 0.147313, 0.123875, 0.885318, 0.399879, -0.237295, -0.386377, 0.916568, 0.103036, 0.258699, 0.000465419, 0.965958)
    Head.CFrame = CFrame.new(-1.49012e-07, -4.47035e-08, 2.38419e-07, 0.979899, 0.131934, -0.149636, -0.178472, 0.914911, -0.362058, 0.0891358, 0.381487, 0.920067)
    Left Arm.CFrame = CFrame.new(-0.209342, -0.60345, -0.297672, -0.440568, 0.612925, -0.655913, -0.859135, -0.499777, 0.110048, -0.260359, 0.612001, 0.746771)
    Right Arm.CFrame = CFrame.new(-0.11052, -0.995269, -0.20139, 0.126835, -0.703139, -0.699649, 0.704561, -0.432632, 0.562516, -0.698217, -0.564292, 0.440532)

[14]
    Time: 0.433333
    HumanoidRootPart.CFrame = CFrame.new(0, 0, 0, 1, 0, 0, 0, 1, 0, 0, 0, 1)
    Torso.CFrame = CFrame.new(0.447782, -0.395222, -0.352739, 0.722008, 0.560801, 0.405225, -0.65761, 0.73828, 0.149971, -0.215066, -0.37476, 0.901832)
    Left Leg.CFrame = CFrame.new(-0.092816, 0.480012, 0.183392, 0.681643, -0.641286, 0.3523, 0.240225, 0.650946, 0.720112, -0.691126, -0.406228, 0.597766)
    Right Leg.CFrame = CFrame.new(0.109273, -0.0359679, 0.0806668, 0.863528, 0.475179, -0.168891, -0.484392, 0.874711, -0.0156406, 0.140299, 0.0953157, 0.985511)
    Head.CFrame = CFrame.new(-9.03383e-08, -2.98023e-08, 1.19209e-07, 0.980251, 0.130171, -0.148872, -0.17643, 0.915718, -0.361017, 0.0893304, 0.380153, 0.9206)
    Left Arm.CFrame = CFrame.new(0.0749516, -0.685673, 0.000133276, -0.288555, 0.65279, -0.700429, -0.950701, -0.282139, 0.128709, -0.113599, 0.703038, 0.702021)
    Right Arm.CFrame = CFrame.new(-0.371732, -1.12691, -0.458534, 0.268458, -0.733675, -0.62422, 0.783689, -0.210465, 0.58441, -0.560144, -0.646085, 0.518472)

[15]
    Time: 0.466667
    HumanoidRootPart.CFrame = CFrame.new(0, 0, 0, 1, 0, 0, 0, 1, 0, 0, 0, 1)
    Torso.CFrame = CFrame.new(0.426247, -0.400576, -0.343784, 0.672302, 0.530873, 0.515929, -0.676599, 0.723443, 0.137271, -0.300372, -0.441365, 0.845561)
    Left Leg.CFrame = CFrame.new(-0.00699326, 0.561252, 0.0969332, 0.668985, -0.674857, 0.311493, 0.141647, 0.527155, 0.83788, -0.729654, -0.516407, 0.44825)
    Right Leg.CFrame = CFrame.new(0.0601982, -0.206008, 0.0279298, 0.817049, 0.556201, -0.151894, -0.575402, 0.803343, -0.15347, 0.0366629, 0.212792, 0.976409)
    Head.CFrame = CFrame.new(2.98023e-08, 8.9407e-08, -1.78814e-07, 0.980624, 0.128281, -0.148055, -0.17424, 0.916577, -0.359898, 0.0895355, 0.378722, 0.92117)
    Left Arm.CFrame = CFrame.new(0.209507, -0.727479, 0.140958, -0.218443, 0.658128, -0.720521, -0.974945, -0.178962, 0.132113, -0.0419985, 0.731328, 0.680732)
    Right Arm.CFrame = CFrame.new(-0.495797, -1.21545, -0.580976, 0.333444, -0.734769, -0.590703, 0.803477, -0.106294, 0.58577, -0.493194, -0.669937, 0.554926)

[16]
    Time: 0.500000
    HumanoidRootPart.CFrame = CFrame.new(0, 0, 0, 1, 0, 0, 0, 1, 0, 0, 0, 1)
    Torso.CFrame = CFrame.new(0.414988, -0.403721, -0.348846, 0.636755, 0.503165, 0.584267, -0.684842, 0.717238, 0.128687, -0.354309, -0.482073, 0.801294)
    Left Leg.CFrame = CFrame.new(0.0502155, 0.607597, 0.0165684, 0.679799, -0.680194, 0.274242, 0.0734355, 0.435185, 0.897341, -0.729713, -0.589873, 0.345789)
    Right Leg.CFrame = CFrame.new(-0.0131321, -0.281073, -0.0130175, 0.794991, 0.587003, -0.153025, -0.606058, 0.757702, -0.242034, -0.0261271, 0.285157, 0.958125)
    Head.CFrame = CFrame.new(5.96046e-08, 1.49012e-08, -5.96046e-08, 0.981017, 0.126265, -0.147187, -0.171906, 0.917486, -0.358703, 0.0897503, 0.377196, 0.921775)
    Left Arm.CFrame = CFrame.new(0.185382, -0.749229, 0.108919, -0.226487, 0.657914, -0.718229, -0.972713, -0.190885, 0.131881, -0.0503326, 0.7285, 0.683194)
    Right Arm.CFrame = CFrame.new(-0.472882, -1.25642, -0.551052, 0.325999, -0.73504, -0.594509, 0.801716, -0.118298, 0.585881, -0.500975, -0.667624, 0.550728)

[17]
    Time: 0.533333
    HumanoidRootPart.CFrame = CFrame.new(0, 0, 0, 1, 0, 0, 0, 1, 0, 0, 0, 1)
    Torso.CFrame = CFrame.new(0.411338, -0.402901, -0.432712, 0.633707, 0.498858, 0.591233, -0.684771, 0.717297, 0.128739, -0.359866, -0.486442, 0.79616)
    Left Leg.CFrame = CFrame.new(0.0128783, 0.675095, -0.0239589, 0.682331, -0.679767, 0.268965, 0.0673055, 0.42477, 0.902796, -0.727939, -0.597903, 0.335586)
    Right Leg.CFrame = CFrame.new(0.00396717, -0.210181, 0.0153704, 0.798429, 0.581842, -0.154824, -0.601427, 0.758687, -0.250357, -0.0282056, 0.293008, 0.955694)
    Head.CFrame = CFrame.new(-1.49012e-07, -1.04308e-07, 0, 0.981427, 0.124124, -0.146269, -0.169429, 0.918442, -0.357432, 0.0899739, 0.375576, 0.922414)
    Left Arm.CFrame = CFrame.new(0.117512, -0.797499, 0.022314, -0.251585, 0.656585, -0.711057, -0.964836, -0.227944, 0.130895, -0.0761379, 0.718984, 0.690844)
    Right Arm.CFrame = CFrame.new(-0.408774, -1.28348, -0.471034, 0.30275, -0.735227, -0.606451, 0.795378, -0.155664, 0.585784, -0.525087, -0.659704, 0.537656)

[18]
    Time: 0.566667
    HumanoidRootPart.CFrame = CFrame.new(0, 0, 0, 1, 0, 0, 0, 1, 0, 0, 0, 1)
    Torso.CFrame = CFrame.new(0.412571, -0.400937, -0.615264, 0.641115, 0.502097, 0.580405, -0.682292, 0.719149, 0.131538, -0.351353, -0.480337, 0.803634)
    Left Leg.CFrame = CFrame.new(-0.0921569, 0.81296, -0.073406, 0.679909, -0.680294, 0.273722, 0.0818199, 0.441325, 0.893609, -0.728718, -0.585177, 0.355723)
    Right Leg.CFrame = CFrame.new(0.0804111, -0.0317791, 0.0897883, 0.81084, 0.564027, -0.156245, -0.585177, 0.776581, -0.23343, -0.010324, 0.280705, 0.959739)
    Head.CFrame = CFrame.new(-1.04308e-07, 1.19209e-07, -5.96046e-08, 0.981854, 0.121861, -0.145303, -0.166812, 0.919443, -0.356087, 0.0902051, 0.373863, 0.923087)
    Left Arm.CFrame = CFrame.new(0.0131709, -0.846923, -0.104042, -0.295186, 0.651875, -0.698515, -0.947843, -0.29181, 0.128224, -0.120248, 0.699932, 0.704014)
    Right Arm.CFrame = CFrame.new(-0.31094, -1.2919, -0.356097, 0.262301, -0.733164, -0.627431, 0.781293, -0.220264, 0.584007, -0.566373, -0.643393, 0.51504)

[19]
    Time: 0.600000
    HumanoidRootPart.CFrame = CFrame.new(0, 0, 0, 1, 0, 0, 0, 1, 0, 0, 0, 1)
    Torso.CFrame = CFrame.new(0.416805, -0.398369, -0.791699, 0.656868, 0.511967, 0.553548, -0.677818, 0.722526, 0.136081, -0.330284, -0.464592, 0.821625)
    Left Leg.CFrame = CFrame.new(-0.203343, 0.94278, -0.0937097, 0.674844, -0.679773, 0.28722, 0.112969, 0.479781, 0.870085, -0.729263, -0.554724, 0.400571)
    Right Leg.CFrame = CFrame.new(0.156852, 0.172644, 0.161843, 0.8308, 0.533812, -0.157534, -0.556095, 0.807853, -0.195273, 0.0230251, 0.249837, 0.968014)
    Head.CFrame = CFrame.new(-2.38419e-07, -2.98023e-08, 0, 0.982296, 0.119477, -0.144291, -0.164057, 0.920487, -0.354667, 0.0904432, 0.37206, 0.923792)
    Left Arm.CFrame = CFrame.new(-0.119533, -0.872581, -0.254513, -0.358316, 0.639515, -0.68017, -0.915599, -0.383092, 0.122146, -0.182453, 0.666529, 0.722807)
    Right Arm.CFrame = CFrame.new(-0.187693, -1.27731, -0.22226, 0.203594, -0.724658, -0.658346, 0.753803, -0.313075, 0.577724, -0.624764, -0.613885, 0.48251)

[20]
    Time: 0.633333
    HumanoidRootPart.CFrame = CFrame.new(0, 0, 0, 1, 0, 0, 0, 1, 0, 0, 0, 1)
    Torso.CFrame = CFrame.new(0.422771, -0.395741, -0.857798, 0.678282, 0.527123, 0.511932, -0.671722, 0.727224, 0.141191, -0.297865, -0.439643, 0.847343)
    Left Leg.CFrame = CFrame.new(-0.264357, 0.978254, -0.0559909, 0.670792, -0.674873, 0.307546, 0.156456, 0.534117, 0.830807, -0.724955, -0.509181, 0.46387)
    Right Leg.CFrame = CFrame.new(0.175025, 0.315979, 0.189624, 0.857542, 0.489002, -0.159684, -0.510024, 0.848691, -0.139999, 0.067063, 0.201498, 0.977191)
    Head.CFrame = CFrame.new(-7.45058e-08, 2.08616e-07, 1.19209e-07, 0.982752, 0.116974, -0.143233, -0.161166, 0.921571, -0.353174, 0.090687, 0.370167, 0.924528)
    Left Arm.CFrame = CFrame.new(-0.271527, -0.850645, -0.41265, -0.440568, 0.612925, -0.655913, -0.859135, -0.499777, 0.110048, -0.260359, 0.612001, 0.746771)
    Right Arm.CFrame = CFrame.new(-0.0483354, -1.23637, -0.0864114, 0.126835, -0.703139, -0.699649, 0.704561, -0.432632, 0.562515, -0.698217, -0.564292, 0.440532)

[21]
    Time: 0.666667
    HumanoidRootPart.CFrame = CFrame.new(0, 0, 0, 1, 0, 0, 0, 1, 0, 0, 0, 1)
    Torso.CFrame = CFrame.new(0.444174, -0.397321, -0.782474, 0.723877, 0.537854, 0.432106, -0.647362, 0.746087, 0.155807, -0.238587, -0.392514, 0.888262)
    Left Leg.CFrame = CFrame.new(-0.297785, 0.857518, 0.052488, 0.684152, -0.652711, 0.325431, 0.241866, 0.623992, 0.743057, -0.688068, -0.429654, 0.584774)
    Right Leg.CFrame = CFrame.new(0.162426, 0.365057, 0.185744, 0.876356, 0.444241, -0.186148, -0.457259, 0.88877, -0.0316628, 0.151377, 0.112866, 0.982011)
    Head.CFrame = CFrame.new(4.09782e-08, -5.96046e-08, -1.78814e-07, 0.98322, 0.114354, -0.142131, -0.158142, 0.922693, -0.351609, 0.0909355, 0.368186, 0.925295)
    Left Arm.CFrame = CFrame.new(-0.426847, -0.764031, -0.558881, -0.532987, 0.566919, -0.628114, -0.773458, -0.627423, 0.0900226, -0.343058, 0.533801, 0.772896)
    Right Arm.CFrame = CFrame.new(0.091809, -1.10893, 0.0330257, 0.0401768, -0.662903, -0.747626, 0.628578, -0.564858, 0.534626, -0.776708, -0.491421, 0.393992)

[22]
    Time: 0.700000
    HumanoidRootPart.CFrame = CFrame.new(0, 0, 0, 1, 0, 0, 0, 1, 0, 0, 0, 1)
    Torso.CFrame = CFrame.new(0.46415, -0.40537, -0.646072, 0.777529, 0.534719, 0.330943, -0.60659, 0.776519, 0.170488, -0.165821, -0.333306, 0.928122)
    Left Leg.CFrame = CFrame.new(-0.320614, 0.653798, 0.146065, 0.72882, -0.60448, 0.321599, 0.32715, 0.720035, 0.611983, -0.601494, -0.340815, 0.722531)
    Right Leg.CFrame = CFrame.new(0.132866, 0.364409, 0.176217, 0.883268, 0.403058, -0.239547, -0.391085, 0.915145, 0.0977812, 0.258632, 0.00731638, 0.965948)
    Head.CFrame = CFrame.new(-7.45058e-08, -1.49012e-08, -1.78814e-07, 0.983699, 0.111619, -0.140987, -0.154987, 0.92385, -0.349971, 0.0911877, 0.366117, 0.92609)
    Left Arm.CFrame = CFrame.new(-0.547875, -0.650414, -0.665611, -0.605537, 0.516079, -0.605795, -0.685901, -0.72447, 0.0684313, -0.403564, 0.456953, 0.792672)
    Right Arm.CFrame = CFrame.new(0.199569, -0.932175, 0.116358, -0.0282284, -0.616658, -0.786725, 0.550075, -0.666737, 0.502871, -0.834638, -0.418562, 0.358029)

[23]
    Time: 0.733333
    HumanoidRootPart.CFrame = CFrame.new(0, 0, 0, 1, 0, 0, 0, 1, 0, 0, 0, 1)
    Torso.CFrame = CFrame.new(0.455602, -0.411982, -0.502483, 0.800869, 0.529585, 0.279552, -0.584327, 0.793236, 0.171288, -0.131039, -0.300529, 0.944728)
    Left Leg.CFrame = CFrame.new(-0.299495, 0.486959, 0.18846, 0.760878, -0.568774, 0.312349, 0.350304, 0.765226, 0.540107, -0.546216, -0.301538, 0.781487)
    Right Leg.CFrame = CFrame.new(0.0812485, 0.292005, 0.154193, 0.885893, 0.376528, -0.270962, -0.346323, 0.925438, 0.153703, 0.308632, -0.0423241, 0.950239)
    Head.CFrame = CFrame.new(-4.47035e-08, 0, -2.98023e-07, 0.984187, 0.108769, -0.139802, -0.151703, 0.92504, -0.348262, 0.0914425, 0.363964, 0.926914)
    Left Arm.CFrame = CFrame.new(-0.596512, -0.562571, -0.706924, -0.63394, 0.491753, -0.596908, -0.645528, -0.761515, 0.0582154, -0.425927, 0.422226, 0.800195)
    Right Arm.CFrame = CFrame.new(0.242498, -0.843484, 0.147626, -0.0551215, -0.594152, -0.802462, 0.513679, -0.706044, 0.487478, -0.85621, -0.385337, 0.344122)

[24]
    Time: 0.766667
    HumanoidRootPart.CFrame = CFrame.new(0, 0, 0, 1, 0, 0, 0, 1, 0, 0, 0, 1)
    Torso.CFrame = CFrame.new(0.410843, -0.40414, -0.400771, 0.768345, 0.554979, 0.318818, -0.620883, 0.767247, 0.160736, -0.155407, -0.32145, 0.934087)
    Left Leg.CFrame = CFrame.new(-0.20353, 0.43773, 0.219378, 0.723741, -0.597913, 0.344526, 0.318791, 0.732487, 0.601527, -0.612022, -0.325518, 0.72074)
    Right Leg.CFrame = CFrame.new(0.0932431, 0.138332, 0.121536, 0.888731, 0.401706, -0.220885, -0.390331, 0.915767, 0.0949332, 0.240414, 0.0018482, 0.970669)
    Head.CFrame = CFrame.new(-1.49012e-08, -4.47035e-08, 1.19209e-07, 0.984683, 0.105808, -0.138578, -0.148293, 0.926261, -0.346483, 0.0916987, 0.361726, 0.927764)
    Left Arm.CFrame = CFrame.new(-0.478423, -0.547687, -0.581369, -0.578774, 0.536579, -0.614087, -0.720607, -0.689045, 0.0770922, -0.381768, 0.487134, 0.785464)
    Right Arm.CFrame = CFrame.new(0.135201, -0.884689, 0.041075, -0.00295007, -0.635456, -0.772132, 0.58127, -0.629383, 0.515754, -0.813706, -0.447295, 0.371228)

[25]
    Time: 0.800000
    HumanoidRootPart.CFrame = CFrame.new(0, 0, 0, 1, 0, 0, 0, 1, 0, 0, 0, 1)
    Torso.CFrame = CFrame.new(0.363064, -0.397678, -0.352739, 0.7172, 0.566162, 0.406307, -0.662851, 0.734176, 0.147016, -0.215066, -0.37476, 0.901832)
    Left Leg.CFrame = CFrame.new(-0.0917841, 0.482818, 0.203408, 0.673369, -0.647804, 0.356265, 0.246121, 0.650827, 0.718226, -0.697136, -0.395947, 0.597685)
    Right Leg.CFrame = CFrame.new(0.122745, -0.0439826, 0.0796776, 0.862848, 0.47884, -0.161882, -0.488001, 0.872615, -0.0199414, 0.131712, 0.0962049, 0.986609)
    Head.CFrame = CFrame.new(3.35276e-08, -2.98023e-08, -1.78814e-07, 0.985185, 0.102737, -0.137316, -0.144758, 0.927509, -0.344633, 0.0919554, 0.359405, 0.92864)
    Left Arm.CFrame = CFrame.new(-0.209342, -0.603451, -0.297671, -0.440568, 0.612925, -0.655913, -0.859135, -0.499777, 0.110048, -0.260359, 0.612001, 0.746771)
    Right Arm.CFrame = CFrame.new(-0.11052, -0.992287, -0.20139, 0.126835, -0.703139, -0.699649, 0.704561, -0.432632, 0.562515, -0.698217, -0.564292, 0.440532)

[26]
    Time: 0.833333
    HumanoidRootPart.CFrame = CFrame.new(0, 0, 0, 1, 0, 0, 0, 1, 0, 0, 0, 1)
    Torso.CFrame = CFrame.new(0.342518, -0.399521, -0.343784, 0.674282, 0.528751, 0.515525, -0.674626, 0.724996, 0.138782, -0.300372, -0.441365, 0.845561)
    Left Leg.CFrame = CFrame.new(-0.0180289, 0.561951, 0.115211, 0.667275, -0.677892, 0.308557, 0.152499, 0.529847, 0.83427, -0.729032, -0.509633, 0.456931)
    Right Leg.CFrame = CFrame.new(0.0687672, -0.215426, 0.0306928, 0.812421, 0.562298, -0.154252, -0.581874, 0.79881, -0.152722, 0.0373431, 0.21383, 0.976157)
    Head.CFrame = CFrame.new(1.49012e-07, 1.78814e-07, -1.78814e-07, 0.985691, 0.0995581, -0.136018, -0.141102, 0.928782, -0.342715, 0.0922114, 0.357003, 0.929541)
    Left Arm.CFrame = CFrame.new(0.0749517, -0.685673, 0.000133157, -0.288555, 0.65279, -0.700429, -0.950701, -0.282139, 0.128709, -0.113599, 0.703038, 0.702021)
    Right Arm.CFrame = CFrame.new(-0.371732, -1.12355, -0.458534, 0.268458, -0.733675, -0.624221, 0.783689, -0.210465, 0.58441, -0.560144, -0.646085, 0.518472)

[27]
    Time: 0.866667
    HumanoidRootPart.CFrame = CFrame.new(0, 0, 0, 1, 0, 0, 0, 1, 0, 0, 0, 1)
    Torso.CFrame = CFrame.new(0.330207, -0.400901, -0.348846, 0.641923, 0.497719, 0.583276, -0.68, 0.721028, 0.133108, -0.354309, -0.482073, 0.801293)
    Left Leg.CFrame = CFrame.new(0.0325916, 0.607478, 0.0362809, 0.679603, -0.682562, 0.268793, 0.0877255, 0.439401, 0.893997, -0.728316, -0.583983, 0.358497)
    Right Leg.CFrame = CFrame.new(-0.00481904, -0.292434, -0.00905651, 0.787736, 0.595022, -0.159441, -0.61562, 0.751155, -0.238283, -0.0220183, 0.285859, 0.958019)
    Head.CFrame = CFrame.new(-8.9407e-08, -2.98023e-08, 1.19209e-07, 0.986201, 0.0962722, -0.134686, -0.137327, 0.930079, -0.340728, 0.0924656, 0.354522, 0.930465)
    Left Arm.CFrame = CFrame.new(0.209507, -0.727479, 0.140958, -0.218443, 0.658128, -0.720521, -0.974945, -0.178962, 0.132113, -0.0419985, 0.731328, 0.680732)
    Right Arm.CFrame = CFrame.new(-0.495797, -1.21545, -0.580976, 0.333444, -0.734769, -0.590703, 0.803477, -0.106294, 0.585771, -0.493194, -0.669937, 0.554926)

[28]
    Time: 0.900000
    HumanoidRootPart.CFrame = CFrame.new(0, 0, 0, 1, 0, 0, 0, 1, 0, 0, 0, 1)
    Torso.CFrame = CFrame.new(0.324506, -0.399416, -0.432712, 0.640132, 0.492076, 0.589993, -0.678769, 0.721966, 0.134305, -0.359867, -0.486442, 0.79616)
    Left Leg.CFrame = CFrame.new(-0.00604403, 0.674101, -0.00529432, 0.683502, -0.681145, 0.262423, 0.0825633, 0.429343, 0.89936, -0.725264, -0.593048, 0.349695)
    Right Leg.CFrame = CFrame.new(0.0112514, -0.221215, 0.0199314, 0.790665, 0.59019, -0.162862, -0.611842, 0.751972, -0.245331, -0.0223242, 0.293621, 0.955661)
    Head.CFrame = CFrame.new(-1.93715e-07, 8.9407e-08, 2.38419e-07, 0.986711, 0.0928818, -0.13332, -0.133435, 0.931395, -0.338673, 0.092717, 0.351962, 0.931411)
    Left Arm.CFrame = CFrame.new(0.166844, -0.757592, 0.0872617, -0.2346, 0.657497, -0.716003, -0.970305, -0.203028, 0.131485, -0.058917, 0.725588, 0.685603)
    Right Arm.CFrame = CFrame.new(-0.449125, -1.25865, -0.52943, 0.316423, -0.737777, -0.59629, 0.798609, -0.132063, 0.587183, -0.511958, -0.662, 0.547407)

[29]
    Time: 0.933333
    HumanoidRootPart.CFrame = CFrame.new(0, 0, 0, 1, 0, 0, 0, 1, 0, 0, 0, 1)
    Torso.CFrame = CFrame.new(0.324972, -0.395773, -0.615264, 0.650737, 0.491837, 0.578479, -0.673122, 0.726204, 0.139765, -0.351353, -0.480337, 0.803634)
    Left Leg.CFrame = CFrame.new(-0.114252, 0.809363, -0.0566409, 0.685126, -0.678918, 0.263957, 0.100247, 0.446798, 0.889, -0.721494, -0.582616, 0.374173)
    Right Leg.CFrame = CFrame.new(0.0858742, -0.0418926, 0.0965693, 0.801592, 0.573628, -0.168528, -0.597872, 0.769267, -0.22534, 0.000381716, 0.281389, 0.959594)
    Head.CFrame = CFrame.new(-1.49012e-07, -1.49012e-08, -1.78814e-07, 0.987221, 0.0893886, -0.131923, -0.129428, 0.932728, -0.336551, 0.0929643, 0.349324, 0.932379)
    Left Arm.CFrame = CFrame.new(0.0552846, -0.817776, -0.0487028, -0.28034, 0.653558, -0.703044, -0.954041, -0.270514, 0.128953, -0.105905, 0.706883, 0.699357)
    Right Arm.CFrame = CFrame.new(-0.333771, -1.27996, -0.40211, 0.270428, -0.740824, -0.614856, 0.782845, -0.202528, 0.588334, -0.560378, -0.640439, 0.525181)

[30]
    Time: 0.966667
    HumanoidRootPart.CFrame = CFrame.new(0, 0, 0, 1, 0, 0, 0, 1, 0, 0, 0, 1)
    Torso.CFrame = CFrame.new(0.329231, -0.390994, -0.791699, 0.670772, 0.496885, 0.550609, -0.664061, 0.73298, 0.147523, -0.330284, -0.464592, 0.821625)
    Left Leg.CFrame = CFrame.new(-0.229705, 0.935553, -0.0804459, 0.686149, -0.674442, 0.272632, 0.135124, 0.486412, 0.863218, -0.714802, -0.555457, 0.424884)
    Right Leg.CFrame = CFrame.new(0.158556, 0.164577, 0.17146, 0.820038, 0.544667, -0.175716, -0.570854, 0.800327, -0.183309, 0.0407877, 0.250628, 0.967224)
    Head.CFrame = CFrame.new(-1.04308e-07, 0, 0, 0.98773, 0.0857946, -0.130496, -0.125309, 0.934077, -0.334362, 0.0932066, 0.346612, 0.933366)
    Left Arm.CFrame = CFrame.new(-0.0995671, -0.863293, -0.228319, -0.351108, 0.640953, -0.68257, -0.919623, -0.37317, 0.122628, -0.176116, 0.670763, 0.720458)
    Right Arm.CFrame = CFrame.new(-0.187518, -1.27412, -0.240646, 0.203773, -0.733048, -0.648936, 0.752457, -0.306786, 0.58283, -0.626327, -0.607061, 0.489072)

[31]
    Time: 1.000000
    HumanoidRootPart.CFrame = CFrame.new(0, 0, 0, 1, 0, 0, 0, 1, 0, 0, 0, 1)
    Torso.CFrame = CFrame.new(0.335543, -0.386047, -0.857798, 0.696714, 0.50668, 0.507805, -0.652585, 0.741613, 0.155383, -0.297865, -0.439643, 0.847343)
    Left Leg.CFrame = CFrame.new(-0.295105, 0.967435, -0.0486739, 0.689653, -0.664814, 0.287056, 0.180887, 0.542002, 0.820679, -0.701184, -0.514059, 0.49405)
    Right Leg.CFrame = CFrame.new(0.173137, 0.310333, 0.201913, 0.845189, 0.501637, -0.184436, -0.526372, 0.841091, -0.124493, 0.0926776, 0.202302, 0.974928)
    Head.CFrame = CFrame.new(-7.45058e-08, 7.45058e-08, 2.38419e-07, 0.988235, 0.0821016, -0.12904, -0.121081, 0.935438, -0.332108, 0.0934426, 0.343825, 0.934373)
    Left Arm.CFrame = CFrame.new(-0.271527, -0.850645, -0.41265, -0.440568, 0.612925, -0.655913, -0.859135, -0.499777, 0.110048, -0.260359, 0.612001, 0.746771)
    Right Arm.CFrame = CFrame.new(-0.0483353, -1.23637, -0.0864115, 0.126835, -0.703139, -0.699649, 0.704561, -0.432632, 0.562515, -0.698217, -0.564292, 0.440532)

[32]
    Time: 1.033333
    HumanoidRootPart.CFrame = CFrame.new(0, 0, 0, 1, 0, 0, 0, 1, 0, 0, 0, 1)
    Torso.CFrame = CFrame.new(0.357294, -0.385016, -0.782474, 0.745689, 0.511905, 0.426498, -0.622112, 0.764124, 0.170559, -0.238587, -0.392514, 0.888262)
    Left Leg.CFrame = CFrame.new(-0.33036, 0.845249, 0.0470787, 0.711944, -0.63621, 0.297274, 0.262268, 0.633587, 0.727862, -0.651422, -0.440232, 0.617937)
    Right Leg.CFrame = CFrame.new(0.154003, 0.363026, 0.201024, 0.862497, 0.457162, -0.217028, -0.471109, 0.881957, -0.0144326, 0.184811, 0.114692, 0.976059)
    Head.CFrame = CFrame.new(-1.3411e-07, -1.49012e-08, 1.19209e-07, 0.988735, 0.0783116, -0.127558, -0.116745, 0.936808, -0.32979, 0.0936713, 0.340966, 0.935397)
    Left Arm.CFrame = CFrame.new(-0.432802, -0.761327, -0.566484, -0.535433, 0.566234, -0.62665, -0.771491, -0.629831, 0.0900827, -0.343676, 0.531688, 0.774077)
    Right Arm.CFrame = CFrame.new(0.0565637, -1.13598, 0.0277647, 0.0521439, -0.647739, -0.760076, 0.640449, -0.562289, 0.523121, -0.766228, -0.514068, 0.385524)

[33]
    Time: 1.066667
    HumanoidRootPart.CFrame = CFrame.new(0, 0, 0, 1, 0, 0, 0, 1, 0, 0, 0, 1)
    Torso.CFrame = CFrame.new(0.377337, -0.390807, -0.646072, 0.800666, 0.503929, 0.32402, -0.575706, 0.796845, 0.183305, -0.165821, -0.333306, 0.928122)
    Left Leg.CFrame = CFrame.new(-0.350419, 0.645945, 0.125281, 0.762909, -0.580107, 0.285386, 0.33546, 0.732557, 0.592306, -0.552663, -0.35614, 0.753478)
    Right Leg.CFrame = CFrame.new(0.117374, 0.36582, 0.193501, 0.867287, 0.415261, -0.274538, -0.399453, 0.909638, 0.113997, 0.297069, 0.010797, 0.954795)
    Head.CFrame = CFrame.new(-1.11759e-07, 1.49012e-08, 2.38419e-07, 0.989228, 0.0744263, -0.126051, -0.112306, 0.938186, -0.327407, 0.0938916, 0.338036, 0.936438)
    Left Arm.CFrame = CFrame.new(-0.550945, -0.646615, -0.669274, -0.60725, 0.515957, -0.604182, -0.684847, -0.725429, 0.0688259, -0.402779, 0.455567, 0.793869)
    Right Arm.CFrame = CFrame.new(0.143377, -0.98581, 0.101871, -0.00940092, -0.596221, -0.802765, 0.570137, -0.662722, 0.485533, -0.821496, -0.453122, 0.346158)

[34]
    Time: 1.100000
    HumanoidRootPart.CFrame = CFrame.new(0, 0, 0, 1, 0, 0, 0, 1, 0, 0, 0, 1)
    Torso.CFrame = CFrame.new(0.367861, -0.396959, -0.502483, 0.824138, 0.496639, 0.272299, -0.551022, 0.814268, 0.182598, -0.131039, -0.300529, 0.944728)
    Left Leg.CFrame = CFrame.new(-0.325229, 0.48345, 0.160704, 0.796606, -0.539572, 0.272544, 0.350185, 0.779411, 0.519509, -0.492737, -0.318403, 0.809833)
    Right Leg.CFrame = CFrame.new(0.0622572, 0.294791, 0.171569, 0.868865, 0.388121, -0.307305, -0.35174, 0.920813, 0.168472, 0.348357, -0.0382882, 0.93658)
    Head.CFrame = CFrame.new(-8.9407e-08, 8.9407e-08, 0, 0.989713, 0.0704481, -0.12452, -0.107764, 0.939568, -0.324961, 0.0941025, 0.335037, 0.937494)
    Left Arm.CFrame = CFrame.new(-0.596511, -0.562571, -0.706924, -0.63394, 0.491753, -0.596908, -0.645528, -0.761515, 0.0582154, -0.425927, 0.422226, 0.800195)
    Right Arm.CFrame = CFrame.new(0.242498, -0.843484, 0.147626, -0.0551215, -0.594152, -0.802462, 0.513679, -0.706044, 0.487478, -0.85621, -0.385337, 0.344122)

[35]
    Time: 1.133333
    HumanoidRootPart.CFrame = CFrame.new(0, 0, 0, 1, 0, 0, 0, 1, 0, 0, 0, 1)
    Torso.CFrame = CFrame.new(0.319758, -0.391069, -0.400771, 0.791243, 0.52561, 0.312521, -0.591425, 0.787658, 0.172661, -0.155407, -0.32145, 0.934087)
    Left Leg.CFrame = CFrame.new(-0.230378, 0.431969, 0.198089, 0.758741, -0.573003, 0.309805, 0.32454, 0.744904, 0.582916, -0.564788, -0.341739, 0.751152)
    Right Leg.CFrame = CFrame.new(0.0766702, 0.140004, 0.139427, 0.874564, 0.412444, -0.255006, -0.397652, 0.910966, 0.109606, 0.277508, 0.0055461, 0.960707)
    Head.CFrame = CFrame.new(-5.96046e-08, -7.45058e-08, 2.38419e-07, 0.990188, 0.0663788, -0.122968, -0.103122, 0.940952, -0.322452, 0.0943028, 0.331969, 0.938565)
    Left Arm.CFrame = CFrame.new(-0.564114, -0.545368, -0.686783, -0.610791, 0.476868, -0.632085, -0.692529, -0.708741, 0.134499, -0.383846, 0.519888, 0.763137)
    Right Arm.CFrame = CFrame.new(0.392715, -0.760064, 0.134877, -0.248968, -0.717379, -0.650679, 0.536196, -0.661574, 0.524227, -0.806541, -0.218376, 0.549366)

[36]
    Time: 1.166667
    HumanoidRootPart.CFrame = CFrame.new(0, 0, 0, 1, 0, 0, 0, 1, 0, 0, 0, 1)
    Torso.CFrame = CFrame.new(0.267366, -0.387182, -0.352739, 0.737211, 0.543356, 0.401602, -0.640521, 0.751212, 0.15942, -0.215066, -0.37476, 0.901832)
    Left Leg.CFrame = CFrame.new(-0.116903, 0.474859, 0.194942, 0.702279, -0.630226, 0.331087, 0.260701, 0.660439, 0.70417, -0.662449, -0.408209, 0.628113)
    Right Leg.CFrame = CFrame.new(0.110518, -0.0444875, 0.096313, 0.85222, 0.487522, -0.189851, -0.497511, 0.867439, -0.00575995, 0.161876, 0.0993615, 0.981796)
    Head.CFrame = CFrame.new(-1.2666e-07, -1.04308e-07, 2.38419e-07, 0.990652, 0.0622202, -0.121395, -0.0983842, 0.942335, -0.319883, 0.0944914, 0.328836, 0.939648)
    Left Arm.CFrame = CFrame.new(-0.477878, -0.591793, -0.629603, -0.56499, 0.424788, -0.707348, -0.782, -0.549127, 0.294847, -0.263176, 0.719733, 0.642436)
    Right Arm.CFrame = CFrame.new(0.520995, -0.734662, 0.00613034, -0.561774, -0.814174, -0.146732, 0.66266, -0.549029, 0.509361, -0.495269, 0.188912, 0.847951)

[37]
    Time: 1.200000
    HumanoidRootPart.CFrame = CFrame.new(0, 0, 0, 1, 0, 0, 0, 1, 0, 0, 0, 1)
    Torso.CFrame = CFrame.new(0.242614, -0.390889, -0.343784, 0.690039, 0.511468, 0.512101, -0.6585, 0.737291, 0.150928, -0.300372, -0.441365, 0.845561)
    Left Leg.CFrame = CFrame.new(-0.038254, 0.55529, 0.117108, 0.686954, -0.665838, 0.291124, 0.17176, 0.538027, 0.825243, -0.706111, -0.516901, 0.483964)
    Right Leg.CFrame = CFrame.new(0.0608284, -0.218003, 0.0435838, 0.803237, 0.569268, -0.17534, -0.592663, 0.793276, -0.139513, 0.0596729, 0.21598, 0.974573)
    Head.CFrame = CFrame.new(8.9407e-08, 4.47035e-08, -2.38419e-07, 0.991103, 0.0579749, -0.119803, -0.093552, 0.943716, -0.317252, 0.0946674, 0.325637, 0.940744)
    Left Arm.CFrame = CFrame.new(-0.359659, -0.678238, -0.540999, -0.526919, 0.337382, -0.780083, -0.843033, -0.324037, 0.429295, -0.10794, 0.88384, 0.455166)
    Right Arm.CFrame = CFrame.new(0.512453, -0.72768, -0.144929, -0.61959, -0.642587, 0.450765, 0.782682, -0.462402, 0.416645, -0.0592962, 0.610955, 0.789441)

[38]
    Time: 1.233333
    HumanoidRootPart.CFrame = CFrame.new(0, 0, 0, 1, 0, 0, 0, 1, 0, 0, 0, 1)
    Torso.CFrame = CFrame.new(0.227713, -0.393182, -0.348846, 0.655677, 0.482889, 0.580436, -0.666748, 0.731043, 0.144993, -0.354309, -0.482073, 0.801293)
    Left Leg.CFrame = CFrame.new(0.0138702, 0.603147, 0.043672, 0.693996, -0.673424, 0.254693, 0.10852, 0.44755, 0.88765, -0.711753, -0.588387, 0.383678)
    Right Leg.CFrame = CFrame.new(-0.0107319, -0.295833, 0.00114024, 0.779088, 0.601329, -0.177269, -0.626904, 0.745662, -0.225785, -0.0035883, 0.287037, 0.957913)
    Head.CFrame = CFrame.new(0, 2.98023e-08, -5.96046e-08, 0.99154, 0.0536447, -0.118194, -0.0886283, 0.94509, -0.314562, 0.0948297, 0.322376, 0.94185)
    Left Arm.CFrame = CFrame.new(-0.24605, -0.749749, -0.460684, -0.507592, 0.251857, -0.823965, -0.861597, -0.15001, 0.484921, -0.00147253, 0.956068, 0.293143)
