[1]
    Time: 0.000000
    HumanoidRootPart.CFrame = CFrame.new(0, 0, 0, 1, 0, 0, 0, 1, 0, 0, 0, 1)
    Torso.CFrame = CFrame.new(0.16479, -0.0455511, -0.106521, 0.978942, 0.183379, 0.089694, -0.184367, 0.982854, 0.00278499, -0.0876453, -0.019263, 0.995965)
    Left Leg.CFrame = CFrame.new(-0.349698, 0.209042, 0.198633, 0.886785, -0.388443, 0.25045, 0.365133, 0.921022, 0.135636, -0.283356, -0.0288327, 0.958581)
    Right Arm.CFrame = CFrame.new(-0.631832, 0.0835689, 0.229965, 0.649873, -0.279801, 0.706665, 0.451298, 0.890178, -0.0625661, -0.611551, 0.359576, 0.704777)
    Left Arm.CFrame = CFrame.new(0.609396, 0.0456455, 0.240708, 0.64757, 0.281188, -0.708228, -0.468802, 0.87973, -0.0793709, 0.600731, 0.383417, 0.701508)
    Head.CFrame = CFrame.new(-0.000973186, -0.000281673, 0.00116193, 0.959031, -0.184367, 0.215099, 0.180517, 0.982854, 0.0375839, -0.21834, 0.00278495, 0.975869)
    Right Leg.CFrame = CFrame.new(0.279949, 0.0552238, -0.0323016, 0.949107, 0.184941, -0.254938, -0.143294, 0.974375, 0.17338, 0.28047, -0.128026, 0.951287)

[2]
    Time: 0.033333
    HumanoidRootPart.CFrame = CFrame.new(0, 0, 0, 1, 0, 0, 0, 1, 0, 0, 0, 1)
    Torso.CFrame = CFrame.new(0.16479, -0.0455511, -0.106521, 0.978942, 0.183379, 0.089694, -0.184367, 0.982854, 0.00278499, -0.0876453, -0.019263, 0.995965)
    Left Leg.CFrame = CFrame.new(-0.349698, 0.209042, 0.198633, 0.886785, -0.388443, 0.25045, 0.365133, 0.921022, 0.135636, -0.283356, -0.0288327, 0.958581)
    Right Arm.CFrame = CFrame.new(-0.631832, 0.0835689, 0.229965, 0.649873, -0.279801, 0.706665, 0.451298, 0.890178, -0.0625661, -0.611551, 0.359576, 0.704777)
    Left Arm.CFrame = CFrame.new(0.609396, 0.0456455, 0.240708, 0.64757, 0.281188, -0.708228, -0.468802, 0.87973, -0.0793709, 0.600731, 0.383417, 0.701508)
    Head.CFrame = CFrame.new(-0.000973186, -0.000281673, 0.00116193, 0.959031, -0.184367, 0.215099, 0.180517, 0.982854, 0.0375839, -0.21834, 0.00278495, 0.975869)
    Right Leg.CFrame = CFrame.new(0.279949, 0.0552238, -0.0323016, 0.949107, 0.184941, -0.254938, -0.143294, 0.974375, 0.17338, 0.28047, -0.128026, 0.951287)

[3]
    Time: 0.066667
    HumanoidRootPart.CFrame = CFrame.new(0, 0, 0, 1, 0, 0, 0, 1, 0, 0, 0, 1)
    Torso.CFrame = CFrame.new(0.178055, -0.0808529, -0.108355, 0.979007, 0.192966, 0.0656528, -0.189329, 0.980213, -0.057773, -0.0755019, 0.0441302, 0.996169)
    Left Leg.CFrame = CFrame.new(-0.00735711, 0.155398, 0.0797454, 0.956732, -0.158921, 0.243739, 0.136895, 0.985016, 0.1049, -0.256758, -0.0669943, 0.964151)
    Right Arm.CFrame = CFrame.new(-0.684563, 0.132037, 0.251285, 0.650427, -0.37051, 0.663074, 0.570415, 0.814708, -0.104295, -0.501569, 0.446063, 0.741253)
    Left Arm.CFrame = CFrame.new(0.663094, 0.0924307, 0.263895, 0.648046, 0.371893, -0.664629, -0.585008, 0.801838, -0.121744, 0.487649, 0.467709, 0.737189)
    Head.CFrame = CFrame.new(-0.00049798, -0.000192605, 0.00111866, 0.964758, -0.183722, 0.188386, 0.180847, 0.982974, 0.0324908, -0.191148, 0.00272319, 0.981558)
    Right Leg.CFrame = CFrame.new(0.256783, 0.0897037, -0.0184592, 0.968302, 0.0826536, -0.235712, -0.0433434, 0.984949, 0.167323, 0.245994, -0.151803, 0.95731)

[4]
    Time: 0.100000
    HumanoidRootPart.CFrame = CFrame.new(0, 0, 0, 1, 0, 0, 0, 1, 0, 0, 0, 1)
    Torso.CFrame = CFrame.new(0.178055, -0.0808529, -0.108355, 0.979007, 0.192966, 0.0656528, -0.189329, 0.980213, -0.057773, -0.0755019, 0.0441302, 0.996169)
    Left Leg.CFrame = CFrame.new(-0.00735711, 0.155398, 0.0797454, 0.956732, -0.158921, 0.243739, 0.136895, 0.985016, 0.1049, -0.256758, -0.0669943, 0.964151)
    Right Arm.CFrame = CFrame.new(-0.684563, 0.132037, 0.251285, 0.650427, -0.37051, 0.663074, 0.570415, 0.814708, -0.104295, -0.501569, 0.446063, 0.741253)
    Left Arm.CFrame = CFrame.new(0.663094, 0.0924307, 0.263895, 0.648046, 0.371893, -0.664629, -0.585008, 0.801838, -0.121744, 0.487649, 0.467709, 0.737189)
    Head.CFrame = CFrame.new(-0.00049798, -0.000192605, 0.00111866, 0.964758, -0.183722, 0.188386, 0.180847, 0.982974, 0.0324908, -0.191148, 0.00272319, 0.981558)
    Right Leg.CFrame = CFrame.new(0.256783, 0.0897037, -0.0184592, 0.968302, 0.0826536, -0.235712, -0.0433434, 0.984949, 0.167323, 0.245994, -0.151803, 0.95731)

[5]
    Time: 0.133333
    HumanoidRootPart.CFrame = CFrame.new(0, 0, 0, 1, 0, 0, 0, 1, 0, 0, 0, 1)
    Torso.CFrame = CFrame.new(0.178055, -0.0808529, -0.108355, 0.979007, 0.192966, 0.0656528, -0.189329, 0.980213, -0.057773, -0.0755019, 0.0441302, 0.996169)
    Left Leg.CFrame = CFrame.new(-0.00735711, 0.155398, 0.0797454, 0.956732, -0.158921, 0.243739, 0.136895, 0.985016, 0.1049, -0.256758, -0.0669943, 0.964151)
    Right Arm.CFrame = CFrame.new(-0.684563, 0.132037, 0.251285, 0.650427, -0.37051, 0.663074, 0.570415, 0.814708, -0.104295, -0.501569, 0.446063, 0.741253)
    Left Arm.CFrame = CFrame.new(0.663094, 0.0924307, 0.263895, 0.648046, 0.371893, -0.664629, -0.585008, 0.801838, -0.121744, 0.487649, 0.467709, 0.737189)
    Head.CFrame = CFrame.new(-0.00049798, -0.000192605, 0.00111866, 0.964758, -0.183722, 0.188386, 0.180847, 0.982974, 0.0324908, -0.191148, 0.00272319, 0.981558)
    Right Leg.CFrame = CFrame.new(0.256783, 0.0897037, -0.0184592, 0.968302, 0.0826536, -0.235712, -0.0433434, 0.984949, 0.167323, 0.245994, -0.151803, 0.95731)

[6]
    Time: 0.166667
    HumanoidRootPart.CFrame = CFrame.new(0, 0, 0, 1, 0, 0, 0, 1, 0, 0, 0, 1)
    Torso.CFrame = CFrame.new(0.178055, -0.0808529, -0.108355, 0.979007, 0.192966, 0.0656528, -0.189329, 0.980213, -0.057773, -0.0755019, 0.0441302, 0.996169)
    Left Leg.CFrame = CFrame.new(-0.00735711, 0.155398, 0.0797454, 0.956732, -0.158921, 0.243739, 0.136895, 0.985016, 0.1049, -0.256758, -0.0669943, 0.964151)
    Right Arm.CFrame = CFrame.new(-0.684563, 0.132037, 0.251285, 0.650427, -0.37051, 0.663074, 0.570415, 0.814708, -0.104295, -0.501569, 0.446063, 0.741253)
    Left Arm.CFrame = CFrame.new(0.663094, 0.0924307, 0.263895, 0.648046, 0.371893, -0.664629, -0.585008, 0.801838, -0.121744, 0.487649, 0.467709, 0.737189)
    Head.CFrame = CFrame.new(-0.00049798, -0.000192605, 0.00111866, 0.964758, -0.183722, 0.188386, 0.180847, 0.982974, 0.0324908, -0.191148, 0.00272319, 0.981558)
    Right Leg.CFrame = CFrame.new(0.256783, 0.0897037, -0.0184592, 0.968302, 0.0826536, -0.235712, -0.0433434, 0.984949, 0.167323, 0.245994, -0.151803, 0.95731)

[7]
    Time: 0.200000
    HumanoidRootPart.CFrame = CFrame.new(0, 0, 0, 1, 0, 0, 0, 1, 0, 0, 0, 1)
    Torso.CFrame = CFrame.new(0.0857743, -0.0407589, -0.159962, 0.99809, 0.0523553, 0.0328012, -0.0505471, 0.997276, -0.0537213, -0.0355244, 0.0519607, 0.998017)
    Left Leg.CFrame = CFrame.new(-0.383902, 0.141779, 0.135687, 0.921326, -0.303194, 0.243378, 0.280714, 0.95186, 0.123138, -0.268996, -0.0451308, 0.962083)
    Right Arm.CFrame = CFrame.new(-0.656554, 0.130723, 0.220104, 0.690674, -0.237724, 0.682977, 0.44171, 0.88646, -0.138137, -0.572593, 0.397085, 0.717259)
    Left Arm.CFrame = CFrame.new(0.635058, 0.0907162, 0.232193, 0.688513, 0.239191, -0.684644, -0.458396, 0.875081, -0.155263, 0.561981, 0.420738, 0.712149)
    Head.CFrame = CFrame.new(0.0023808, -0.000316005, 0.00114512, 0.998212, -0.0536013, 0.0264553, 0.0529572, 0.998297, 0.0244766, -0.0277222, -0.0230318, 0.99935)
    Right Leg.CFrame = CFrame.new(0.327005, 0.191581, 0.350791, 0.715688, 0.265133, -0.646139, -0.283445, 0.955791, 0.0782382, 0.638317, 0.127151, 0.759199)

[8]
    Time: 0.233333
    HumanoidRootPart.CFrame = CFrame.new(0, 0, 0, 1, 0, 0, 0, 1, 0, 0, 0, 1)
    Torso.CFrame = CFrame.new(0.0857743, -0.0407589, -0.159962, 0.99809, 0.0523553, 0.0328012, -0.0505471, 0.997276, -0.0537213, -0.0355244, 0.0519607, 0.998017)
    Left Leg.CFrame = CFrame.new(-0.383902, 0.141779, 0.135687, 0.921326, -0.303194, 0.243378, 0.280714, 0.95186, 0.123138, -0.268996, -0.0451308, 0.962083)
    Right Arm.CFrame = CFrame.new(-0.656554, 0.130723, 0.220104, 0.690674, -0.237724, 0.682977, 0.44171, 0.88646, -0.138137, -0.572593, 0.397085, 0.717259)
    Left Arm.CFrame = CFrame.new(0.635058, 0.0907162, 0.232193, 0.688513, 0.239191, -0.684644, -0.458396, 0.875081, -0.155263, 0.561981, 0.420738, 0.712149)
    Head.CFrame = CFrame.new(0.0023808, -0.000316005, 0.00114512, 0.998212, -0.0536013, 0.0264553, 0.0529572, 0.998297, 0.0244766, -0.0277222, -0.0230318, 0.99935)
    Right Leg.CFrame = CFrame.new(0.327005, 0.191581, 0.350791, 0.715688, 0.265133, -0.646139, -0.283445, 0.955791, 0.0782382, 0.638317, 0.127151, 0.759199)

[9]
    Time: 0.266667
    HumanoidRootPart.CFrame = CFrame.new(0, 0, 0, 1, 0, 0, 0, 1, 0, 0, 0, 1)
    Torso.CFrame = CFrame.new(0.0857743, -0.0407589, -0.159962, 0.99809, 0.0523553, 0.0328012, -0.0505471, 0.997276, -0.0537213, -0.0355244, 0.0519607, 0.998017)
    Left Leg.CFrame = CFrame.new(-0.383902, 0.141779, 0.135687, 0.921326, -0.303194, 0.243378, 0.280714, 0.95186, 0.123138, -0.268996, -0.0451308, 0.962083)
    Right Arm.CFrame = CFrame.new(-0.656554, 0.130723, 0.220104, 0.690674, -0.237724, 0.682977, 0.44171, 0.88646, -0.138137, -0.572593, 0.397085, 0.717259)
    Left Arm.CFrame = CFrame.new(0.635058, 0.0907162, 0.232193, 0.688513, 0.239191, -0.684644, -0.458396, 0.875081, -0.155263, 0.561981, 0.420738, 0.712149)
    Head.CFrame = CFrame.new(0.0023808, -0.000316005, 0.00114512, 0.998212, -0.0536013, 0.0264553, 0.0529572, 0.998297, 0.0244766, -0.0277222, -0.0230318, 0.99935)
    Right Leg.CFrame = CFrame.new(0.327005, 0.191581, 0.350791, 0.715688, 0.265133, -0.646139, -0.283445, 0.955791, 0.0782382, 0.638317, 0.127151, 0.759199)

[10]
    Time: 0.300000
    HumanoidRootPart.CFrame = CFrame.new(0, 0, 0, 1, 0, 0, 0, 1, 0, 0, 0, 1)
    Torso.CFrame = CFrame.new(-0.0198091, -0.0184238, -0.233656, 0.99507, -0.0991685, 0.00127027, 0.0991567, 0.994531, -0.0328027, 0.00198967, 0.0327669, 0.999461)
    Left Leg.CFrame = CFrame.new(-0.800499, 0.170046, 0.207529, 0.840164, -0.476757, 0.25851, 0.470454, 0.877828, 0.089946, -0.269809, 0.0460474, 0.961812)
    Right Arm.CFrame = CFrame.new(-0.651196, 0.133149, 0.149871, 0.751966, -0.169375, 0.637071, 0.326918, 0.935028, -0.137285, -0.572427, 0.311504, 0.758481)
    Left Arm.CFrame = CFrame.new(0.63146, 0.0948389, 0.163679, 0.750056, 0.170962, -0.638896, -0.343741, 0.926059, -0.155744, 0.565029, 0.336431, 0.753363)
    Head.CFrame = CFrame.new(0.00271092, -0.00144301, 0.00123584, 0.995353, 0.0960291, 0.00709217, -0.0962905, 0.992762, 0.071772, -0.000148636, -0.0721214, 0.997396)
    Right Leg.CFrame = CFrame.new(0.296843, 0.220898, 0.536912, 0.5674, 0.36944, -0.735916, -0.444055, 0.8899, 0.104371, 0.69345, 0.267567, 0.668981)

[11]
    Time: 0.333333
    HumanoidRootPart.CFrame = CFrame.new(0, 0, 0, 1, 0, 0, 0, 1, 0, 0, 0, 1)
    Torso.CFrame = CFrame.new(-0.0198091, -0.0184238, -0.233656, 0.99507, -0.0991685, 0.00127027, 0.0991567, 0.994531, -0.0328027, 0.00198967, 0.0327669, 0.999461)
    Left Leg.CFrame = CFrame.new(-0.800499, 0.170046, 0.207529, 0.840164, -0.476757, 0.25851, 0.470454, 0.877828, 0.089946, -0.269809, 0.0460474, 0.961812)
    Right Arm.CFrame = CFrame.new(-0.651196, 0.133149, 0.149871, 0.751966, -0.169375, 0.637071, 0.326918, 0.935028, -0.137285, -0.572427, 0.311504, 0.758481)
    Left Arm.CFrame = CFrame.new(0.63146, 0.0948389, 0.163679, 0.750056, 0.170962, -0.638896, -0.343741, 0.926059, -0.155744, 0.565029, 0.336431, 0.753363)
    Head.CFrame = CFrame.new(0.00271092, -0.00144301, 0.00123584, 0.995353, 0.0960291, 0.00709217, -0.0962905, 0.992762, 0.071772, -0.000148636, -0.0721214, 0.997396)
    Right Leg.CFrame = CFrame.new(0.296843, 0.220898, 0.536912, 0.5674, 0.36944, -0.735916, -0.444055, 0.8899, 0.104371, 0.69345, 0.267567, 0.668981)

[12]
    Time: 0.366667
    HumanoidRootPart.CFrame = CFrame.new(0, 0, 0, 1, 0, 0, 0, 1, 0, 0, 0, 1)
    Torso.CFrame = CFrame.new(-0.0198091, -0.0184238, -0.233656, 0.99507, -0.0991685, 0.00127027, 0.0991567, 0.994531, -0.0328027, 0.00198967, 0.0327669, 0.999461)
    Left Leg.CFrame = CFrame.new(-0.800499, 0.170046, 0.207529, 0.840164, -0.476757, 0.25851, 0.470454, 0.877828, 0.089946, -0.269809, 0.0460474, 0.961812)
    Right Arm.CFrame = CFrame.new(-0.651196, 0.133149, 0.149871, 0.751966, -0.169375, 0.637071, 0.326918, 0.935028, -0.137285, -0.572427, 0.311504, 0.758481)
    Left Arm.CFrame = CFrame.new(0.63146, 0.0948389, 0.163679, 0.750056, 0.170962, -0.638896, -0.343741, 0.926059, -0.155744, 0.565029, 0.336431, 0.753363)
    Head.CFrame = CFrame.new(0.00271092, -0.00144301, 0.00123584, 0.995353, 0.0960291, 0.00709217, -0.0962905, 0.992762, 0.071772, -0.000148636, -0.0721214, 0.997396)
    Right Leg.CFrame = CFrame.new(0.296843, 0.220898, 0.536912, 0.5674, 0.36944, -0.735916, -0.444055, 0.8899, 0.104371, 0.69345, 0.267567, 0.668981)

[13]
    Time: 0.400000
    HumanoidRootPart.CFrame = CFrame.new(0, 0, 0, 1, 0, 0, 0, 1, 0, 0, 0, 1)
    Torso.CFrame = CFrame.new(-0.0591748, -0.0384301, -0.172513, 0.983642, -0.170314, -0.0586577, 0.170781, 0.985305, 0.00299299, 0.057286, -0.0129616, 0.998274)
    Left Leg.CFrame = CFrame.new(-0.267418, 0.123106, 0.131553, 0.860651, -0.24279, 0.447585, 0.206373, 0.969895, 0.129284, -0.465499, -0.0188991, 0.884847)
    Right Arm.CFrame = CFrame.new(-0.648648, 0.079722, 0.247179, 0.623949, -0.355772, 0.695783, 0.547105, 0.834625, -0.0638564, -0.557999, 0.42051, 0.715408)
    Left Arm.CFrame = CFrame.new(0.626208, 0.041453, 0.257843, 0.621518, 0.357104, -0.697275, -0.563093, 0.822443, -0.0807078, 0.544647, 0.442792, 0.712246)
    Head.CFrame = CFrame.new(0.00392928, -0.00117877, 0.00139451, 0.983229, 0.170567, -0.0645505, -0.167658, 0.98467, 0.0481132, 0.0717675, -0.0364839, 0.996754)
    Right Leg.CFrame = CFrame.new(0.298966, 0.149187, 0.208948, 0.873257, 0.352286, -0.336626, -0.328342, 0.935892, 0.127664, 0.36002, -0.000955622, 0.932944)

[14]
    Time: 0.433333
    HumanoidRootPart.CFrame = CFrame.new(0, 0, 0, 1, 0, 0, 0, 1, 0, 0, 0, 1)
    Torso.CFrame = CFrame.new(-0.0591748, -0.0384301, -0.172513, 0.983642, -0.170314, -0.0586577, 0.170781, 0.985305, 0.00299299, 0.057286, -0.0129616, 0.998274)
    Left Leg.CFrame = CFrame.new(-0.267418, 0.123106, 0.131553, 0.860651, -0.24279, 0.447585, 0.206373, 0.969895, 0.129284, -0.465499, -0.0188991, 0.884847)
    Right Arm.CFrame = CFrame.new(-0.648648, 0.079722, 0.247179, 0.623949, -0.355772, 0.695783, 0.547105, 0.834625, -0.0638564, -0.557999, 0.42051, 0.715408)
    Left Arm.CFrame = CFrame.new(0.626208, 0.041453, 0.257843, 0.621518, 0.357104, -0.697275, -0.563093, 0.822443, -0.0807078, 0.544647, 0.442792, 0.712246)
    Head.CFrame = CFrame.new(0.00392928, -0.00117877, 0.00139451, 0.983229, 0.170567, -0.0645505, -0.167658, 0.98467, 0.0481132, 0.0717675, -0.0364839, 0.996754)
    Right Leg.CFrame = CFrame.new(0.298966, 0.149187, 0.208948, 0.873257, 0.352286, -0.336626, -0.328342, 0.935892, 0.127664, 0.36002, -0.000955622, 0.932944)

[15]
    Time: 0.466667
    HumanoidRootPart.CFrame = CFrame.new(0, 0, 0, 1, 0, 0, 0, 1, 0, 0, 0, 1)
    Torso.CFrame = CFrame.new(-0.0591748, -0.0384301, -0.172513, 0.983642, -0.170314, -0.0586577, 0.170781, 0.985305, 0.00299299, 0.057286, -0.0129616, 0.998274)
    Left Leg.CFrame = CFrame.new(-0.267418, 0.123106, 0.131553, 0.860651, -0.24279, 0.447585, 0.206373, 0.969895, 0.129284, -0.465499, -0.0188991, 0.884847)
    Right Arm.CFrame = CFrame.new(-0.648648, 0.079722, 0.247179, 0.623949, -0.355772, 0.695783, 0.547105, 0.834625, -0.0638564, -0.557999, 0.42051, 0.715408)
    Left Arm.CFrame = CFrame.new(0.626208, 0.041453, 0.257843, 0.621518, 0.357104, -0.697275, -0.563093, 0.822443, -0.0807078, 0.544647, 0.442792, 0.712246)
    Head.CFrame = CFrame.new(0.00392928, -0.00117877, 0.00139451, 0.983229, 0.170567, -0.0645505, -0.167658, 0.98467, 0.0481132, 0.0717675, -0.0364839, 0.996754)
    Right Leg.CFrame = CFrame.new(0.298966, 0.149187, 0.208948, 0.873257, 0.352286, -0.336626, -0.328342, 0.935892, 0.127664, 0.36002, -0.000955622, 0.932944)

[16]
    Time: 0.500000
    HumanoidRootPart.CFrame = CFrame.new(0, 0, 0, 1, 0, 0, 0, 1, 0, 0, 0, 1)
    Torso.CFrame = CFrame.new(-0.0591748, -0.0384301, -0.172513, 0.983642, -0.170314, -0.0586577, 0.170781, 0.985305, 0.00299299, 0.057286, -0.0129616, 0.998274)
    Left Leg.CFrame = CFrame.new(-0.267418, 0.123106, 0.131553, 0.860651, -0.24279, 0.447585, 0.206373, 0.969895, 0.129284, -0.465499, -0.0188991, 0.884847)
    Right Arm.CFrame = CFrame.new(-0.648648, 0.079722, 0.247179, 0.623949, -0.355772, 0.695783, 0.547105, 0.834625, -0.0638564, -0.557999, 0.42051, 0.715408)
    Left Arm.CFrame = CFrame.new(0.626208, 0.041453, 0.257843, 0.621518, 0.357104, -0.697275, -0.563093, 0.822443, -0.0807078, 0.544647, 0.442792, 0.712246)
    Head.CFrame = CFrame.new(0.00392928, -0.00117877, 0.00139451, 0.983229, 0.170567, -0.0645505, -0.167658, 0.98467, 0.0481132, 0.0717675, -0.0364839, 0.996754)
    Right Leg.CFrame = CFrame.new(0.298966, 0.149187, 0.208948, 0.873257, 0.352286, -0.336626, -0.328342, 0.935892, 0.127664, 0.36002, -0.000955622, 0.932944)

[17]
    Time: 0.533333
    HumanoidRootPart.CFrame = CFrame.new(0, 0, 0, 1, 0, 0, 0, 1, 0, 0, 0, 1)
    Torso.CFrame = CFrame.new(-0.140818, -0.04103, -0.104059, 0.976322, -0.183379, -0.114749, 0.184378, 0.982853, -0.00194018, 0.113137, -0.019263, 0.993393)
    Left Leg.CFrame = CFrame.new(-0.272632, 0.0332516, -0.0587235, 0.949215, -0.184864, 0.25459, 0.149861, 0.977142, 0.150784, -0.276645, -0.104974, 0.955221)
    Right Arm.CFrame = CFrame.new(-0.631833, 0.0835685, 0.229965, 0.649873, -0.279802, 0.706665, 0.451297, 0.890178, -0.062566, -0.611551, 0.359576, 0.704776)
    Left Arm.CFrame = CFrame.new(0.609396, 0.0456455, 0.240708, 0.64757, 0.281188, -0.708228, -0.468802, 0.87973, -0.0793708, 0.600731, 0.383417, 0.701508)
    Head.CFrame = CFrame.new(0.00606784, -0.00102251, 0.001917, 0.964311, 0.184378, -0.190023, -0.180518, 0.982853, 0.0375841, 0.193694, -0.00194034, 0.98106)
    Right Leg.CFrame = CFrame.new(0.357145, 0.237608, 0.220506, 0.886562, 0.388475, -0.251186, -0.358276, 0.920077, 0.158419, 0.292652, -0.0504546, 0.954887)

[18]
    Time: 0.566667
    HumanoidRootPart.CFrame = CFrame.new(0, 0, 0, 1, 0, 0, 0, 1, 0, 0, 0, 1)
    Torso.CFrame = CFrame.new(-0.154073, -0.0762291, -0.106191, 0.977003, -0.192966, -0.0907176, 0.187787, 0.980213, -0.0626053, 0.101003, 0.04413, 0.993907)
    Left Leg.CFrame = CFrame.new(-0.250044, 0.0670995, -0.0437985, 0.968351, -0.0825204, 0.235557, 0.0490443, 0.988275, 0.144597, -0.244727, -0.128468, 0.961044)
    Right Arm.CFrame = CFrame.new(-0.684563, 0.132037, 0.251285, 0.650427, -0.37051, 0.663074, 0.570415, 0.814708, -0.104295, -0.501569, 0.446063, 0.741253)
    Left Arm.CFrame = CFrame.new(0.663094, 0.0924309, 0.263895, 0.648046, 0.371893, -0.664629, -0.585008, 0.801838, -0.121743, 0.487649, 0.467709, 0.737189)
    Head.CFrame = CFrame.new(0.00561226, -0.000934854, 0.00177443, 0.969339, 0.183732, -0.163172, -0.180847, 0.982974, 0.0324908, 0.166364, -0.00198538, 0.986062)
    Right Leg.CFrame = CFrame.new(0.0143957, 0.181986, 0.102797, 0.956636, 0.159032, -0.244041, -0.130857, 0.98314, 0.127716, 0.260237, -0.0902434, 0.961318)

[19]
    Time: 0.600000
    HumanoidRootPart.CFrame = CFrame.new(0, 0, 0, 1, 0, 0, 0, 1, 0, 0, 0, 1)
    Torso.CFrame = CFrame.new(-0.154073, -0.0762291, -0.106191, 0.977003, -0.192966, -0.0907176, 0.187787, 0.980213, -0.0626053, 0.101003, 0.04413, 0.993907)
    Left Leg.CFrame = CFrame.new(-0.250044, 0.0670995, -0.0437985, 0.968351, -0.0825204, 0.235557, 0.0490443, 0.988275, 0.144597, -0.244727, -0.128468, 0.961044)
    Right Arm.CFrame = CFrame.new(-0.684563, 0.132037, 0.251285, 0.650427, -0.37051, 0.663074, 0.570415, 0.814708, -0.104295, -0.501569, 0.446063, 0.741253)
    Left Arm.CFrame = CFrame.new(0.663094, 0.0924309, 0.263895, 0.648046, 0.371893, -0.664629, -0.585008, 0.801838, -0.121743, 0.487649, 0.467709, 0.737189)
    Head.CFrame = CFrame.new(0.00561226, -0.000934854, 0.00177443, 0.969339, 0.183732, -0.163172, -0.180847, 0.982974, 0.0324908, 0.166364, -0.00198538, 0.986062)
    Right Leg.CFrame = CFrame.new(0.0143957, 0.181986, 0.102797, 0.956636, 0.159032, -0.244041, -0.130857, 0.98314, 0.127716, 0.260237, -0.0902434, 0.961318)

[20]
    Time: 0.633333
    HumanoidRootPart.CFrame = CFrame.new(0, 0, 0, 1, 0, 0, 0, 1, 0, 0, 0, 1)
    Torso.CFrame = CFrame.new(-0.154073, -0.0762291, -0.106191, 0.977003, -0.192966, -0.0907176, 0.187787, 0.980213, -0.0626053, 0.101003, 0.04413, 0.993907)
    Left Leg.CFrame = CFrame.new(-0.250044, 0.0670995, -0.0437985, 0.968351, -0.0825204, 0.235557, 0.0490443, 0.988275, 0.144597, -0.244727, -0.128468, 0.961044)
    Right Arm.CFrame = CFrame.new(-0.684563, 0.132037, 0.251285, 0.650427, -0.37051, 0.663074, 0.570415, 0.814708, -0.104295, -0.501569, 0.446063, 0.741253)
    Left Arm.CFrame = CFrame.new(0.663094, 0.0924309, 0.263895, 0.648046, 0.371893, -0.664629, -0.585008, 0.801838, -0.121743, 0.487649, 0.467709, 0.737189)
    Head.CFrame = CFrame.new(0.00561226, -0.000934854, 0.00177443, 0.969339, 0.183732, -0.163172, -0.180847, 0.982974, 0.0324908, 0.166364, -0.00198538, 0.986062)
    Right Leg.CFrame = CFrame.new(0.0143957, 0.181986, 0.102797, 0.956636, 0.159032, -0.244041, -0.130857, 0.98314, 0.127716, 0.260237, -0.0902434, 0.961318)

[21]
    Time: 0.666667
    HumanoidRootPart.CFrame = CFrame.new(0, 0, 0, 1, 0, 0, 0, 1, 0, 0, 0, 1)
    Torso.CFrame = CFrame.new(-0.154073, -0.0762291, -0.106191, 0.977003, -0.192966, -0.0907176, 0.187787, 0.980213, -0.0626053, 0.101003, 0.04413, 0.993907)
    Left Leg.CFrame = CFrame.new(-0.250044, 0.0670995, -0.0437985, 0.968351, -0.0825204, 0.235557, 0.0490443, 0.988275, 0.144597, -0.244727, -0.128468, 0.961044)
    Right Arm.CFrame = CFrame.new(-0.684563, 0.132037, 0.251285, 0.650427, -0.37051, 0.663074, 0.570415, 0.814708, -0.104295, -0.501569, 0.446063, 0.741253)
    Left Arm.CFrame = CFrame.new(0.663094, 0.0924309, 0.263895, 0.648046, 0.371893, -0.664629, -0.585008, 0.801838, -0.121743, 0.487649, 0.467709, 0.737189)
    Head.CFrame = CFrame.new(0.00561226, -0.000934854, 0.00177443, 0.969339, 0.183732, -0.163172, -0.180847, 0.982974, 0.0324908, 0.166364, -0.00198538, 0.986062)
    Right Leg.CFrame = CFrame.new(0.0143957, 0.181986, 0.102797, 0.956636, 0.159032, -0.244041, -0.130857, 0.98314, 0.127716, 0.260237, -0.0902434, 0.961318)

[22]
    Time: 0.700000
    HumanoidRootPart.CFrame = CFrame.new(0, 0, 0, 1, 0, 0, 0, 1, 0, 0, 0, 1)
    Torso.CFrame = CFrame.new(-0.0613145, -0.0395365, -0.158778, 0.996921, -0.0523556, -0.0583658, 0.0491542, 0.997276, -0.054999, 0.0610863, 0.0519607, 0.996779)
    Left Leg.CFrame = CFrame.new(-0.310551, 0.157763, 0.322423, 0.715833, -0.265961, 0.645637, 0.299204, 0.952267, 0.0605383, -0.63092, 0.149842, 0.761241)
    Right Arm.CFrame = CFrame.new(-0.656554, 0.130723, 0.220104, 0.690674, -0.237725, 0.682976, 0.44171, 0.88646, -0.138137, -0.572592, 0.397085, 0.71726)
    Left Arm.CFrame = CFrame.new(0.635058, 0.0907162, 0.232194, 0.688513, 0.239191, -0.684643, -0.458396, 0.875081, -0.155263, 0.561981, 0.420738, 0.71215)
    Head.CFrame = CFrame.new(0.00285521, -0.000533246, 0.00120068, 0.998594, 0.0529942, -0.000838971, -0.0529578, 0.998297, 0.0244766, 0.00213467, -0.0243978, 0.9997)
    Right Leg.CFrame = CFrame.new(0.391081, 0.169182, 0.159171, 0.921152, 0.30326, -0.243951, -0.274271, 0.950511, 0.145959, 0.276142, -0.0675418, 0.958741)

[23]
    Time: 0.733333
    HumanoidRootPart.CFrame = CFrame.new(0, 0, 0, 1, 0, 0, 0, 1, 0, 0, 0, 1)
    Torso.CFrame = CFrame.new(-0.0613145, -0.0395365, -0.158778, 0.996921, -0.0523556, -0.0583658, 0.0491542, 0.997276, -0.054999, 0.0610863, 0.0519607, 0.996779)
    Left Leg.CFrame = CFrame.new(-0.310551, 0.157763, 0.322423, 0.715833, -0.265961, 0.645637, 0.299204, 0.952267, 0.0605383, -0.63092, 0.149842, 0.761241)
    Right Arm.CFrame = CFrame.new(-0.656554, 0.130723, 0.220104, 0.690674, -0.237725, 0.682976, 0.44171, 0.88646, -0.138137, -0.572592, 0.397085, 0.71726)
    Left Arm.CFrame = CFrame.new(0.635058, 0.0907162, 0.232194, 0.688513, 0.239191, -0.684643, -0.458396, 0.875081, -0.155263, 0.561981, 0.420738, 0.71215)
    Head.CFrame = CFrame.new(0.00285521, -0.000533246, 0.00120068, 0.998594, 0.0529942, -0.000838971, -0.0529578, 0.998297, 0.0244766, 0.00213467, -0.0243978, 0.9997)
    Right Leg.CFrame = CFrame.new(0.391081, 0.169182, 0.159171, 0.921152, 0.30326, -0.243951, -0.274271, 0.950511, 0.145959, 0.276142, -0.0675418, 0.958741)

[24]
    Time: 0.766667
    HumanoidRootPart.CFrame = CFrame.new(0, 0, 0, 1, 0, 0, 0, 1, 0, 0, 0, 1)
    Torso.CFrame = CFrame.new(-0.0613145, -0.0395365, -0.158778, 0.996921, -0.0523556, -0.0583658, 0.0491542, 0.997276, -0.054999, 0.0610863, 0.0519607, 0.996779)
    Left Leg.CFrame = CFrame.new(-0.310551, 0.157763, 0.322423, 0.715833, -0.265961, 0.645637, 0.299204, 0.952267, 0.0605383, -0.63092, 0.149842, 0.761241)
    Right Arm.CFrame = CFrame.new(-0.656554, 0.130723, 0.220104, 0.690674, -0.237725, 0.682976, 0.44171, 0.88646, -0.138137, -0.572592, 0.397085, 0.71726)
    Left Arm.CFrame = CFrame.new(0.635058, 0.0907162, 0.232194, 0.688513, 0.239191, -0.684643, -0.458396, 0.875081, -0.155263, 0.561981, 0.420738, 0.71215)
    Head.CFrame = CFrame.new(0.00285521, -0.000533246, 0.00120068, 0.998594, 0.0529942, -0.000838971, -0.0529578, 0.998297, 0.0244766, 0.00213467, -0.0243978, 0.9997)
    Right Leg.CFrame = CFrame.new(0.391081, 0.169182, 0.159171, 0.921152, 0.30326, -0.243951, -0.274271, 0.950511, 0.145959, 0.276142, -0.0675418, 0.958741)

[25]
    Time: 0.800000
    HumanoidRootPart.CFrame = CFrame.new(0, 0, 0, 1, 0, 0, 0, 1, 0, 0, 0, 1)
    Torso.CFrame = CFrame.new(0.0442049, -0.0208652, -0.233391, 0.994711, 0.0991682, -0.0267678, -0.0999644, 0.994531, -0.0302512, 0.0236215, 0.032767, 0.999184)
    Left Leg.CFrame = CFrame.new(-0.278257, 0.183214, 0.506877, 0.567594, -0.370532, 0.735216, 0.461236, 0.882819, 0.0888416, -0.681981, 0.288682, 0.671985)
    Right Arm.CFrame = CFrame.new(-0.651196, 0.133149, 0.149871, 0.751966, -0.169375, 0.637071, 0.326918, 0.935028, -0.137285, -0.572427, 0.311504, 0.758481)
    Left Arm.CFrame = CFrame.new(0.63146, 0.0948389, 0.163679, 0.750056, 0.170962, -0.638896, -0.343741, 0.926059, -0.155744, 0.565029, 0.336431, 0.753363)
    Head.CFrame = CFrame.new(0.00251287, -0.00104775, 0.00118673, 0.99503, -0.097845, 0.0184677, 0.0962899, 0.992762, 0.0717721, -0.0253566, -0.0696372, 0.99725)
    Right Leg.CFrame = CFrame.new(0.808153, 0.199811, 0.230374, 0.839917, 0.476703, -0.259411, -0.463839, 0.878695, 0.112911, 0.281768, 0.0254889, 0.959144)

[26]
    Time: 0.833333
    HumanoidRootPart.CFrame = CFrame.new(0, 0, 0, 1, 0, 0, 0, 1, 0, 0, 0, 1)
    Torso.CFrame = CFrame.new(0.0442049, -0.0208652, -0.233391, 0.994711, 0.0991682, -0.0267678, -0.0999644, 0.994531, -0.0302512, 0.0236215, 0.032767, 0.999184)
    Left Leg.CFrame = CFrame.new(-0.278257, 0.183214, 0.506877, 0.567594, -0.370532, 0.735216, 0.461236, 0.882819, 0.0888416, -0.681981, 0.288682, 0.671985)
    Right Arm.CFrame = CFrame.new(-0.651196, 0.133149, 0.149871, 0.751966, -0.169375, 0.637071, 0.326918, 0.935028, -0.137285, -0.572427, 0.311504, 0.758481)
    Left Arm.CFrame = CFrame.new(0.63146, 0.0948389, 0.163679, 0.750056, 0.170962, -0.638896, -0.343741, 0.926059, -0.155744, 0.565029, 0.336431, 0.753363)
    Head.CFrame = CFrame.new(0.00251287, -0.00104775, 0.00118673, 0.99503, -0.097845, 0.0184677, 0.0962899, 0.992762, 0.0717721, -0.0253566, -0.0696372, 0.99725)
    Right Leg.CFrame = CFrame.new(0.808153, 0.199811, 0.230374, 0.839917, 0.476703, -0.259411, -0.463839, 0.878695, 0.112911, 0.281768, 0.0254889, 0.959144)

[27]
    Time: 0.866667
    HumanoidRootPart.CFrame = CFrame.new(0, 0, 0, 1, 0, 0, 0, 1, 0, 0, 0, 1)
    Torso.CFrame = CFrame.new(0.0442049, -0.0208652, -0.233391, 0.994711, 0.0991682, -0.0267678, -0.0999644, 0.994531, -0.0302512, 0.0236215, 0.032767, 0.999184)
    Left Leg.CFrame = CFrame.new(-0.278257, 0.183214, 0.506877, 0.567594, -0.370532, 0.735216, 0.461236, 0.882819, 0.0888416, -0.681981, 0.288682, 0.671985)
    Right Arm.CFrame = CFrame.new(-0.651196, 0.133149, 0.149871, 0.751966, -0.169375, 0.637071, 0.326918, 0.935028, -0.137285, -0.572427, 0.311504, 0.758481)
    Left Arm.CFrame = CFrame.new(0.63146, 0.0948389, 0.163679, 0.750056, 0.170962, -0.638896, -0.343741, 0.926059, -0.155744, 0.565029, 0.336431, 0.753363)
    Head.CFrame = CFrame.new(0.00251287, -0.00104775, 0.00118673, 0.99503, -0.097845, 0.0184677, 0.0962899, 0.992762, 0.0717721, -0.0253566, -0.0696372, 0.99725)
    Right Leg.CFrame = CFrame.new(0.808153, 0.199811, 0.230374, 0.839917, 0.476703, -0.259411, -0.463839, 0.878695, 0.112911, 0.281768, 0.0254889, 0.959144)

[28]
    Time: 0.900000
    HumanoidRootPart.CFrame = CFrame.new(0, 0, 0, 1, 0, 0, 0, 1, 0, 0, 0, 1)
    Torso.CFrame = CFrame.new(0.16479, -0.0455511, -0.106521, 0.978942, 0.183379, 0.089694, -0.184367, 0.982854, 0.00278499, -0.0876453, -0.019263, 0.995965)
    Left Leg.CFrame = CFrame.new(-0.349698, 0.209042, 0.198633, 0.886785, -0.388443, 0.25045, 0.365133, 0.921022, 0.135636, -0.283356, -0.0288327, 0.958581)
    Right Arm.CFrame = CFrame.new(-0.631832, 0.0835689, 0.229965, 0.649873, -0.279801, 0.706665, 0.451298, 0.890178, -0.0625661, -0.611551, 0.359576, 0.704777)
    Left Arm.CFrame = CFrame.new(0.609396, 0.0456455, 0.240708, 0.64757, 0.281188, -0.708228, -0.468802, 0.87973, -0.0793709, 0.600731, 0.383417, 0.701508)
    Head.CFrame = CFrame.new(-0.000973186, -0.000281673, 0.00116193, 0.959031, -0.184367, 0.215099, 0.180517, 0.982854, 0.0375839, -0.21834, 0.00278495, 0.975869)
    Right Leg.CFrame = CFrame.new(0.279949, 0.0552238, -0.0323016, 0.949107, 0.184941, -0.254938, -0.143294, 0.974375, 0.17338, 0.28047, -0.128026, 0.951287)

[29]
    Time: 0.933333
    HumanoidRootPart.CFrame = CFrame.new(0, 0, 0, 1, 0, 0, 0, 1, 0, 0, 0, 1)
    Torso.CFrame = CFrame.new(0.16479, -0.0455511, -0.106521, 0.978942, 0.183379, 0.089694, -0.184367, 0.982854, 0.00278499, -0.0876453, -0.019263, 0.995965)
    Left Leg.CFrame = CFrame.new(-0.349698, 0.209042, 0.198633, 0.886785, -0.388443, 0.25045, 0.365133, 0.921022, 0.135636, -0.283356, -0.0288327, 0.958581)
    Right Arm.CFrame = CFrame.new(-0.631832, 0.0835689, 0.229965, 0.649873, -0.279801, 0.706665, 0.451298, 0.890178, -0.0625661, -0.611551, 0.359576, 0.704777)
    Left Arm.CFrame = CFrame.new(0.609396, 0.0456455, 0.240708, 0.64757, 0.281188, -0.708228, -0.468802, 0.87973, -0.0793709, 0.600731, 0.383417, 0.701508)
    Head.CFrame = CFrame.new(-0.000973186, -0.000281673, 0.00116193, 0.959031, -0.184367, 0.215099, 0.180517, 0.982854, 0.0375839, -0.21834, 0.00278495, 0.975869)
    Right Leg.CFrame = CFrame.new(0.279949, 0.0552238, -0.0323016, 0.949107, 0.184941, -0.254938, -0.143294, 0.974375, 0.17338, 0.28047, -0.128026, 0.951287)

[30]
    Time: 0.966667
    HumanoidRootPart.CFrame = CFrame.new(0, 0, 0, 1, 0, 0, 0, 1, 0, 0, 0, 1)
    Torso.CFrame = CFrame.new(0.16479, -0.0455511, -0.106521, 0.978942, 0.183379, 0.089694, -0.184367, 0.982854, 0.00278499, -0.0876453, -0.019263, 0.995965)
    Left Leg.CFrame = CFrame.new(-0.349698, 0.209042, 0.198633, 0.886785, -0.388443, 0.25045, 0.365133, 0.921022, 0.135636, -0.283356, -0.0288327, 0.958581)
    Right Arm.CFrame = CFrame.new(-0.631832, 0.0835689, 0.229965, 0.649873, -0.279801, 0.706665, 0.451298, 0.890178, -0.0625661, -0.611551, 0.359576, 0.704777)
    Left Arm.CFrame = CFrame.new(0.609396, 0.0456455, 0.240708, 0.64757, 0.281188, -0.708228, -0.468802, 0.87973, -0.0793709, 0.600731, 0.383417, 0.701508)
    Head.CFrame = CFrame.new(-0.000973186, -0.000281673, 0.00116193, 0.959031, -0.184367, 0.215099, 0.180517, 0.982854, 0.0375839, -0.21834, 0.00278495, 0.975869)
    Right Leg.CFrame = CFrame.new(0.279949, 0.0552238, -0.0323016, 0.949107, 0.184941, -0.254938, -0.143294, 0.974375, 0.17338, 0.28047, -0.128026, 0.951287)

[31]
    Time: 1.000000
    HumanoidRootPart.CFrame = CFrame.new(0, 0, 0, 1, 0, 0, 0, 1, 0, 0, 0, 1)
    Torso.CFrame = CFrame.new(0.178055, -0.0808529, -0.108355, 0.979007, 0.192966, 0.0656528, -0.189329, 0.980213, -0.057773, -0.0755019, 0.0441302, 0.996169)
    Left Leg.CFrame = CFrame.new(-0.00735711, 0.155398, 0.0797454, 0.956732, -0.158921, 0.243739, 0.136895, 0.985016, 0.1049, -0.256758, -0.0669943, 0.964151)
    Right Arm.CFrame = CFrame.new(-0.684563, 0.132037, 0.251285, 0.650427, -0.37051, 0.663074, 0.570415, 0.814708, -0.104295, -0.501569, 0.446063, 0.741253)
    Left Arm.CFrame = CFrame.new(0.663094, 0.0924307, 0.263895, 0.648046, 0.371893, -0.664629, -0.585008, 0.801838, -0.121744, 0.487649, 0.467709, 0.737189)
    Head.CFrame = CFrame.new(-0.00049798, -0.000192605, 0.00111866, 0.964758, -0.183722, 0.188386, 0.180847, 0.982974, 0.0324908, -0.191148, 0.00272319, 0.981558)
    Right Leg.CFrame = CFrame.new(0.256783, 0.0897037, -0.0184592, 0.968302, 0.0826536, -0.235712, -0.0433434, 0.984949, 0.167323, 0.245994, -0.151803, 0.95731)

[32]
    Time: 1.033333
    HumanoidRootPart.CFrame = CFrame.new(0, 0, 0, 1, 0, 0, 0, 1, 0, 0, 0, 1)
    Torso.CFrame = CFrame.new(0.178055, -0.0808529, -0.108355, 0.979007, 0.192966, 0.0656528, -0.189329, 0.980213, -0.057773, -0.0755019, 0.0441302, 0.996169)
    Left Leg.CFrame = CFrame.new(-0.00735711, 0.155398, 0.0797454, 0.956732, -0.158921, 0.243739, 0.136895, 0.985016, 0.1049, -0.256758, -0.0669943, 0.964151)
    Right Arm.CFrame = CFrame.new(-0.684563, 0.132037, 0.251285, 0.650427, -0.37051, 0.663074, 0.570415, 0.814708, -0.104295, -0.501569, 0.446063, 0.741253)
    Left Arm.CFrame = CFrame.new(0.663094, 0.0924307, 0.263895, 0.648046, 0.371893, -0.664629, -0.585008, 0.801838, -0.121744, 0.487649, 0.467709, 0.737189)
    Head.CFrame = CFrame.new(-0.00049798, -0.000192605, 0.00111866, 0.964758, -0.183722, 0.188386, 0.180847, 0.982974, 0.0324908, -0.191148, 0.00272319, 0.981558)
    Right Leg.CFrame = CFrame.new(0.256783, 0.0897037, -0.0184592, 0.968302, 0.0826536, -0.235712, -0.0433434, 0.984949, 0.167323, 0.245994, -0.151803, 0.95731)

[33]
    Time: 1.066667
    HumanoidRootPart.CFrame = CFrame.new(0, 0, 0, 1, 0, 0, 0, 1, 0, 0, 0, 1)
    Torso.CFrame = CFrame.new(0.178055, -0.0808529, -0.108355, 0.979007, 0.192966, 0.0656528, -0.189329, 0.980213, -0.057773, -0.0755019, 0.0441302, 0.996169)
    Left Leg.CFrame = CFrame.new(-0.00735711, 0.155398, 0.0797454, 0.956732, -0.158921, 0.243739, 0.136895, 0.985016, 0.1049, -0.256758, -0.0669943, 0.964151)
    Right Arm.CFrame = CFrame.new(-0.684563, 0.132037, 0.251285, 0.650427, -0.37051, 0.663074, 0.570415, 0.814708, -0.104295, -0.501569, 0.446063, 0.741253)
    Left Arm.CFrame = CFrame.new(0.663094, 0.0924307, 0.263895, 0.648046, 0.371893, -0.664629, -0.585008, 0.801838, -0.121744, 0.487649, 0.467709, 0.737189)
    Head.CFrame = CFrame.new(-0.00049798, -0.000192605, 0.00111866, 0.964758, -0.183722, 0.188386, 0.180847, 0.982974, 0.0324908, -0.191148, 0.00272319, 0.981558)
    Right Leg.CFrame = CFrame.new(0.256783, 0.0897037, -0.0184592, 0.968302, 0.0826536, -0.235712, -0.0433434, 0.984949, 0.167323, 0.245994, -0.151803, 0.95731)

[34]
    Time: 1.100000
    HumanoidRootPart.CFrame = CFrame.new(0, 0, 0, 1, 0, 0, 0, 1, 0, 0, 0, 1)
    Torso.CFrame = CFrame.new(0.178055, -0.0808529, -0.108355, 0.979007, 0.192966, 0.0656528, -0.189329, 0.980213, -0.057773, -0.0755019, 0.0441302, 0.996169)
    Left Leg.CFrame = CFrame.new(-0.00735711, 0.155398, 0.0797454, 0.956732, -0.158921, 0.243739, 0.136895, 0.985016, 0.1049, -0.256758, -0.0669943, 0.964151)
    Right Arm.CFrame = CFrame.new(-0.684563, 0.132037, 0.251285, 0.650427, -0.37051, 0.663074, 0.570415, 0.814708, -0.104295, -0.501569, 0.446063, 0.741253)
    Left Arm.CFrame = CFrame.new(0.663094, 0.0924307, 0.263895, 0.648046, 0.371893, -0.664629, -0.585008, 0.801838, -0.121744, 0.487649, 0.467709, 0.737189)
    Head.CFrame = CFrame.new(-0.00049798, -0.000192605, 0.00111866, 0.964758, -0.183722, 0.188386, 0.180847, 0.982974, 0.0324908, -0.191148, 0.00272319, 0.981558)
    Right Leg.CFrame = CFrame.new(0.256783, 0.0897037, -0.0184592, 0.968302, 0.0826536, -0.235712, -0.0433434, 0.984949, 0.167323, 0.245994, -0.151803, 0.95731)

[35]
    Time: 1.133333
    HumanoidRootPart.CFrame = CFrame.new(0, 0, 0, 1, 0, 0, 0, 1, 0, 0, 0, 1)
    Torso.CFrame = CFrame.new(0.0857743, -0.0407589, -0.159962, 0.99809, 0.0523553, 0.0328012, -0.0505471, 0.997276, -0.0537213, -0.0355244, 0.0519607, 0.998017)
    Left Leg.CFrame = CFrame.new(-0.383902, 0.141779, 0.135687, 0.921326, -0.303194, 0.243378, 0.280714, 0.95186, 0.123138, -0.268996, -0.0451308, 0.962083)
    Right Arm.CFrame = CFrame.new(-0.656554, 0.130723, 0.220104, 0.690674, -0.237724, 0.682977, 0.44171, 0.88646, -0.138137, -0.572593, 0.397085, 0.717259)
    Left Arm.CFrame = CFrame.new(0.635058, 0.0907162, 0.232193, 0.688513, 0.239191, -0.684644, -0.458396, 0.875081, -0.155263, 0.561981, 0.420738, 0.712149)
    Head.CFrame = CFrame.new(0.0023808, -0.000316005, 0.00114512, 0.998212, -0.0536013, 0.0264553, 0.0529572, 0.998297, 0.0244766, -0.0277222, -0.0230318, 0.99935)
    Right Leg.CFrame = CFrame.new(0.327005, 0.191581, 0.350791, 0.715688, 0.265133, -0.646139, -0.283445, 0.955791, 0.0782382, 0.638317, 0.127151, 0.759199)

[36]
    Time: 1.166667
    HumanoidRootPart.CFrame = CFrame.new(0, 0, 0, 1, 0, 0, 0, 1, 0, 0, 0, 1)
    Torso.CFrame = CFrame.new(0.0857743, -0.0407589, -0.159962, 0.99809, 0.0523553, 0.0328012, -0.0505471, 0.997276, -0.0537213, -0.0355244, 0.0519607, 0.998017)
    Left Leg.CFrame = CFrame.new(-0.383902, 0.141779, 0.135687, 0.921326, -0.303194, 0.243378, 0.280714, 0.95186, 0.123138, -0.268996, -0.0451308, 0.962083)
    Right Arm.CFrame = CFrame.new(-0.656554, 0.130723, 0.220104, 0.690674, -0.237724, 0.682977, 0.44171, 0.88646, -0.138137, -0.572593, 0.397085, 0.717259)
    Left Arm.CFrame = CFrame.new(0.635058, 0.0907162, 0.232193, 0.688513, 0.239191, -0.684644, -0.458396, 0.875081, -0.155263, 0.561981, 0.420738, 0.712149)
    Head.CFrame = CFrame.new(0.0023808, -0.000316005, 0.00114512, 0.998212, -0.0536013, 0.0264553, 0.0529572, 0.998297, 0.0244766, -0.0277222, -0.0230318, 0.99935)
    Right Leg.CFrame = CFrame.new(0.327005, 0.191581, 0.350791, 0.715688, 0.265133, -0.646139, -0.283445, 0.955791, 0.0782382, 0.638317, 0.127151, 0.759199)

[37]
    Time: 1.200000
    HumanoidRootPart.CFrame = CFrame.new(0, 0, 0, 1, 0, 0, 0, 1, 0, 0, 0, 1)
    Torso.CFrame = CFrame.new(-0.0198091, -0.0184238, -0.233656, 0.99507, -0.0991685, 0.00127027, 0.0991567, 0.994531, -0.0328027, 0.00198967, 0.0327669, 0.999461)
    Left Leg.CFrame = CFrame.new(-0.800499, 0.170046, 0.207529, 0.840164, -0.476757, 0.25851, 0.470454, 0.877828, 0.089946, -0.269809, 0.0460474, 0.961812)
    Right Arm.CFrame = CFrame.new(-0.651196, 0.133149, 0.149871, 0.751966, -0.169375, 0.637071, 0.326918, 0.935028, -0.137285, -0.572427, 0.311504, 0.758481)
    Left Arm.CFrame = CFrame.new(0.63146, 0.0948389, 0.163679, 0.750056, 0.170962, -0.638896, -0.343741, 0.926059, -0.155744, 0.565029, 0.336431, 0.753363)
    Head.CFrame = CFrame.new(0.00271092, -0.00144301, 0.00123584, 0.995353, 0.0960291, 0.00709217, -0.0962905, 0.992762, 0.071772, -0.000148636, -0.0721214, 0.997396)
    Right Leg.CFrame = CFrame.new(0.296843, 0.220898, 0.536912, 0.5674, 0.36944, -0.735916, -0.444055, 0.8899, 0.104371, 0.69345, 0.267567, 0.668981)

[38]
    Time: 1.233333
    HumanoidRootPart.CFrame = CFrame.new(0, 0, 0, 1, 0, 0, 0, 1, 0, 0, 0, 1)
    Torso.CFrame = CFrame.new(-0.0198091, -0.0184238, -0.233656, 0.99507, -0.0991685, 0.00127027, 0.0991567, 0.994531, -0.0328027, 0.00198967, 0.0327669, 0.999461)
    Left Leg.CFrame = CFrame.new(-0.800499, 0.170046, 0.207529, 0.840164, -0.476757, 0.25851, 0.470454, 0.877828, 0.089946, -0.269809, 0.0460474, 0.961812)
    Right Arm.CFrame = CFrame.new(-0.651196, 0.133149, 0.149871, 0.751966, -0.169375, 0.637071, 0.326918, 0.935028, -0.137285, -0.572427, 0.311504, 0.758481)
    Left Arm.CFrame = CFrame.new(0.63146, 0.0948389, 0.163679, 0.750056, 0.170962, -0.638896, -0.343741, 0.926059, -0.155744, 0.565029, 0.336431, 0.753363)
    Head.CFrame = CFrame.new(0.00271092, -0.00144301, 0.00123584, 0.995353, 0.0960291, 0.00709217, -0.0962905, 0.992762, 0.071772, -0.000148636, -0.0721214, 0.997396)
