[1]
    Time: 0.000000
    HumanoidRootPart.CFrame = CFrame.new(0, 0, 0, 1, 0, 0, 0, 1, 0, 0, 0, 1)
    Torso.CFrame = CFrame.new(-0.117235, -0.0653, -0.12007, 0.997042, -0.0737714, 0.0215813, 0.0763573, 0.982801, -0.168144, -0.00880592, 0.169294, 0.985526)
    Left Leg.CFrame = CFrame.new(-0.498555, 0.360306, 0.12751, 0.965286, 0.0146584, 0.260782, -0.0529351, 0.988684, 0.140366, -0.255774, -0.149298, 0.955139)
    Right Arm.CFrame = CFrame.new(-0.13372, -0.53923, 0.834324, -0.39437, -0.315969, 0.862923, 0.0206432, 0.935746, 0.352069, -0.91872, 0.156659, -0.362507)
    Left Arm.CFrame = CFrame.new(0.425683, -0.64235, 0.61592, -0.0517116, 0.373097, -0.92635, -0.262428, 0.889915, 0.373072, 0.963565, 0.262392, 0.0518919)
    Head.CFrame = CFrame.new(-7.94232e-06, 0.000268608, 4.70579e-05, 0.998619, -0.0268942, 0.045119, 0.0313965, 0.994264, -0.102245, -0.0421104, 0.10352, 0.993736)
    Right Leg.CFrame = CFrame.new(0.602181, 0.0670179, -0.0932477, 0.957201, 0.267454, -0.110607, -0.264484, 0.963519, 0.0409804, 0.117532, -0.00997275, 0.993019)

[2]
    Time: 0.033333
    HumanoidRootPart.CFrame = CFrame.new(0, 0, 0, 1, 0, 0, 0, 1, 0, 0, 0, 1)
    Torso.CFrame = CFrame.new(-0.114663, -0.0792046, -0.134851, 0.986014, -0.158622, 0.0511488, 0.165977, 0.962415, -0.214965, -0.0151282, 0.220448, 0.975281)
    Left Leg.CFrame = CFrame.new(-0.521101, 0.547062, 0.223768, 0.949472, 0.13423, 0.283698, -0.16148, 0.984034, 0.0748482, -0.269122, -0.116878, 0.955988)
    Right Arm.CFrame = CFrame.new(0.11709, -0.372796, 0.991637, -0.594912, -0.306029, 0.743254, 0.00703831, 0.922666, 0.385535, -0.80376, 0.23459, -0.546752)
    Left Arm.CFrame = CFrame.new(0.13379, -0.544979, 0.865698, -0.400667, 0.335099, -0.852745, -0.271435, 0.845524, 0.459797, 0.875094, 0.41569, -0.247816)
    Head.CFrame = CFrame.new(1.2666e-07, 0.000273705, 4.47929e-05, 0.999827, -0.00468698, 0.0179956, 0.00637864, 0.995445, -0.095129, -0.0174678, 0.0952273, 0.995302)
    Right Leg.CFrame = CFrame.new(0.565758, 0.0751802, -0.0397199, 0.962514, 0.215657, -0.164497, -0.220211, 0.975404, -0.00974787, 0.158349, 0.0456066, 0.986329)

[3]
    Time: 0.100000
    HumanoidRootPart.CFrame = CFrame.new(0, 0, 0, 1, 0, 0, 0, 1, 0, 0, 0, 1)
    Torso.CFrame = CFrame.new(-0.100626, -0.0904274, -0.128503, 0.960634, -0.260117, 0.0975812, 0.277296, 0.919256, -0.27942, -0.0170201, 0.295479, 0.955198)
    Left Leg.CFrame = CFrame.new(-0.31844, 0.831682, 0.316039, 0.863266, 0.35041, 0.363296, -0.342218, 0.935393, -0.0890363, -0.371024, -0.0474643, 0.92741)
    Right Arm.CFrame = CFrame.new(0.419679, -0.178214, 1.03321, -0.71734, -0.489547, 0.49575, -0.114552, 0.784732, 0.609159, -0.687242, 0.380185, -0.618998)
    Left Arm.CFrame = CFrame.new(-0.451814, -0.275007, 0.979735, -0.820589, 0.256406, -0.510772, -0.115697, 0.80068, 0.587814, 0.559684, 0.541449, -0.627364)
    Head.CFrame = CFrame.new(1.22581e-05, 0.000271171, 5.17368e-05, 0.997743, 0.0458055, -0.0490911, -0.0513476, 0.991646, -0.118333, 0.0432607, 0.120586, 0.99176)
    Right Leg.CFrame = CFrame.new(0.468902, 0.0711897, 0.0199323, 0.953661, 0.10952, -0.280244, -0.134806, 0.988213, -0.0725449, 0.268996, 0.106962, 0.957184)

[4]
    Time: 0.166667
    HumanoidRootPart.CFrame = CFrame.new(0, 0, 0, 1, 0, 0, 0, 1, 0, 0, 0, 1)
    Torso.CFrame = CFrame.new(-0.105662, -0.0981979, -0.0244098, 0.972509, -0.208196, 0.104309, 0.230898, 0.920241, -0.315978, -0.0302041, 0.331376, 0.943015)
    Left Leg.CFrame = CFrame.new(-0.13259, 0.975652, 0.40869, 0.779385, 0.333512, 0.530405, -0.267462, 0.942645, -0.199711, -0.56659, 0.0137886, 0.823885)
    Right Arm.CFrame = CFrame.new(0.692312, -0.365965, 0.749062, -0.730623, -0.65985, 0.175466, -0.0899091, 0.347727, 0.933275, -0.676835, 0.666096, -0.313384)
    Left Arm.CFrame = CFrame.new(-0.657759, -0.142085, 0.926038, -0.878016, 0.37617, -0.295945, 0.0804411, 0.725496, 0.683509, 0.471823, 0.576326, -0.667257)
    Head.CFrame = CFrame.new(1.34893e-05, 0.000266224, 6.24061e-05, 0.996855, 0.0480889, -0.0629828, -0.057421, 0.9861, -0.155913, 0.0546098, 0.159039, 0.985761)
    Right Leg.CFrame = CFrame.new(0.244619, 0.0138012, -0.0533469, 0.974636, -0.141472, -0.173406, 0.126823, 0.987567, -0.0928864, 0.18439, 0.0685387, 0.98046)

[5]
    Time: 0.233333
    HumanoidRootPart.CFrame = CFrame.new(0, 0, 0, 1, 0, 0, 0, 1, 0, 0, 0, 1)
    Torso.CFrame = CFrame.new(-0.112772, -0.119255, 0.070281, 0.993567, -0.100804, 0.0516122, 0.112194, 0.938205, -0.32739, -0.0154207, 0.331074, 0.943479)
    Left Leg.CFrame = CFrame.new(-0.207152, 0.932438, 0.568511, 0.75128, 0.0978215, 0.652694, 0.0046144, 0.988152, -0.153409, -0.659968, 0.118265, 0.741927)
    Right Arm.CFrame = CFrame.new(0.778414, -0.641731, 0.0919381, -0.828559, -0.5351, 0.164801, 0.288668, -0.156051, 0.944626, -0.479752, 0.830251, 0.283764)
    Left Arm.CFrame = CFrame.new(-0.564738, -0.494219, 0.745621, -0.766767, 0.558414, -0.316612, -0.0921783, 0.392329, 0.915195, 0.635273, 0.730926, -0.249351)
    Head.CFrame = CFrame.new(5.13904e-06, 0.000273049, 6.58631e-05, 0.999507, 0.0210778, -0.0232504, -0.0248375, 0.984159, -0.175542, 0.019182, 0.176033, 0.984197)
    Right Leg.CFrame = CFrame.new(0.155448, 0.00706345, -0.0788893, 0.952567, -0.292171, -0.0851538, 0.291169, 0.956364, -0.0242467, 0.0885223, -0.00169745, 0.996073)

[6]
    Time: 0.300000
    HumanoidRootPart.CFrame = CFrame.new(0, 0, 0, 1, 0, 0, 0, 1, 0, 0, 0, 1)
    Torso.CFrame = CFrame.new(-0.0416031, -0.0830345, 0.0715516, 0.997135, -0.071341, -0.0251412, 0.0609722, 0.95477, -0.291027, 0.0447662, 0.28866, 0.956384)
    Left Leg.CFrame = CFrame.new(-0.599756, 0.635561, 0.529363, 0.841089, -0.186514, 0.507722, 0.22013, 0.97545, -0.00633048, -0.494076, 0.117089, 0.861498)
    Right Arm.CFrame = CFrame.new(0.490044, -0.76068, -0.39725, -0.781854, -0.435248, 0.446389, 0.615188, -0.422331, 0.665718, -0.101229, 0.795107, 0.597961)
    Left Arm.CFrame = CFrame.new(-0.381811, -0.877802, 0.0373378, -0.60266, 0.711814, -0.360724, -0.638972, -0.159656, 0.752479, 0.478033, 0.683981, 0.551048)
    Head.CFrame = CFrame.new(5.43892e-07, 0.000269592, 7.51913e-05, 0.999394, -0.00209596, 0.0347317, 0.00942004, 0.977205, -0.212087, -0.0334955, 0.212286, 0.976633)
    Right Leg.CFrame = CFrame.new(0.481132, 0.132518, -0.0919165, 0.998593, -0.0476969, -0.0231766, 0.048113, 0.998684, 0.0177402, 0.0223, -0.0188303, 0.999574)

[7]
    Time: 0.366667
    HumanoidRootPart.CFrame = CFrame.new(0, 0, 0, 1, 0, 0, 0, 1, 0, 0, 0, 1)
    Torso.CFrame = CFrame.new(0.0550966, -0.060318, -0.0444345, 0.992995, -0.0925014, -0.0735134, 0.074746, 0.973643, -0.215483, 0.0915082, 0.208478, 0.973737)
    Left Leg.CFrame = CFrame.new(-0.803695, 0.305169, 0.141255, 0.938221, -0.297905, 0.17605, 0.274291, 0.950423, 0.146494, -0.210963, -0.089155, 0.97342)
    Right Arm.CFrame = CFrame.new(0.144612, -0.783746, -0.582279, -0.581035, -0.538093, 0.610618, 0.809046, -0.463511, 0.36139, 0.0885661, 0.703998, 0.704658)
    Left Arm.CFrame = CFrame.new(-0.150944, -0.858576, -0.405142, -0.389534, 0.809862, -0.43862, -0.894133, -0.218312, 0.390981, 0.220884, 0.544485, 0.809164)
    Head.CFrame = CFrame.new(-6.28829e-06, 0.000268422, 8.33571e-05, 0.996911, -0.0251386, 0.0744106, 0.0424092, 0.969704, -0.240573, -0.0661086, 0.242985, 0.967775)
    Right Leg.CFrame = CFrame.new(0.478789, 0.125498, -0.0675647, 0.992074, 0.0920246, -0.0855647, -0.0899946, 0.995568, 0.0272952, 0.0876974, -0.0193785, 0.995959)

[8]
    Time: 0.433333
    HumanoidRootPart.CFrame = CFrame.new(0, 0, 0, 1, 0, 0, 0, 1, 0, 0, 0, 1)
    Torso.CFrame = CFrame.new(0.107389, -0.0276031, -0.198593, 0.994354, 0.0565935, -0.0897613, -0.0715493, 0.982267, -0.173298, 0.078362, 0.178742, 0.980771)
    Left Leg.CFrame = CFrame.new(-0.637421, 0.114372, -0.0148588, 0.915417, -0.378241, 0.137646, 0.348909, 0.91618, 0.197173, -0.200687, -0.13247, 0.970658)
    Right Arm.CFrame = CFrame.new(0.206287, -0.878567, -0.311305, -0.575235, -0.556769, 0.599261, 0.795669, -0.210883, 0.567838, -0.18978, 0.803453, 0.564311)
    Left Arm.CFrame = CFrame.new(-0.139646, -0.90505, -0.196256, -0.357684, 0.748843, -0.55794, -0.825523, 0.0257459, 0.563781, 0.436548, 0.662247, 0.608978)
    Head.CFrame = CFrame.new(-1.39177e-05, 0.000260144, 8.60393e-05, 0.993611, -0.0544161, 0.0988743, 0.0771239, 0.966994, -0.242845, -0.0823962, 0.248919, 0.965013)
    Right Leg.CFrame = CFrame.new(0.924602, 0.321125, -0.113606, 0.944819, 0.323007, -0.0546152, -0.317109, 0.943623, 0.0949538, 0.0822069, -0.0723953, 0.993982)

[9]
    Time: 0.466667
    HumanoidRootPart.CFrame = CFrame.new(0, 0, 0, 1, 0, 0, 0, 1, 0, 0, 0, 1)
    Torso.CFrame = CFrame.new(0.118264, -0.0193787, -0.25941, 0.978257, 0.189896, -0.0833843, -0.203137, 0.958378, -0.200615, 0.0418178, 0.213191, 0.976115)
    Left Leg.CFrame = CFrame.new(-0.564889, 0.111253, 0.060731, 0.859859, -0.427959, 0.278377, 0.382279, 0.901126, 0.204536, -0.338386, -0.0694543, 0.938441)
    Right Arm.CFrame = CFrame.new(0.445022, -0.838605, -0.0996008, -0.704951, -0.507758, 0.495202, 0.590274, -0.0329251, 0.806531, -0.393218, 0.86087, 0.322927)
    Left Arm.CFrame = CFrame.new(-0.293177, -0.890434, 0.00175117, -0.490207, 0.698058, -0.521931, -0.666857, 0.0852159, 0.740297, 0.561247, 0.710952, 0.423732)
    Head.CFrame = CFrame.new(-1.95131e-05, 0.000259168, 8.1867e-05, 0.99284, -0.0709002, 0.0961389, 0.0913804, 0.96913, -0.228988, -0.0769358, 0.236134, 0.96867)
    Right Leg.CFrame = CFrame.new(1.0418, 0.577665, -0.174419, 0.958702, 0.282357, -0.0341385, -0.278274, 0.956032, 0.0925596, 0.0587723, -0.0792372, 0.995122)

[10]
    Time: 0.533333
    HumanoidRootPart.CFrame = CFrame.new(0, 0, 0, 1, 0, 0, 0, 1, 0, 0, 0, 1)
    Torso.CFrame = CFrame.new(0.128651, -0.0293999, -0.299051, 0.949722, 0.305927, -0.066603, -0.312035, 0.907369, -0.281629, -0.0257245, 0.288252, 0.957209)
    Left Leg.CFrame = CFrame.new(-0.480342, 0.194291, 0.20725, 0.736765, -0.40998, 0.537675, 0.341268, 0.911959, 0.227741, -0.583707, 0.0156993, 0.811813)
    Right Arm.CFrame = CFrame.new(0.837448, -0.561829, 0.0525968, -0.826327, -0.545851, 0.138675, 0.120341, 0.0694122, 0.990303, -0.550183, 0.835002, 0.00833111)
    Left Arm.CFrame = CFrame.new(-0.636142, -0.718917, 0.219875, -0.714159, 0.634868, -0.29482, -0.332143, 0.0634002, 0.941096, 0.616163, 0.770015, 0.165589)
    Head.CFrame = CFrame.new(-2.06232e-05, 0.000268415, 6.7234e-05, 0.995958, -0.0777857, 0.0449135, 0.0848702, 0.978684, -0.187014, -0.0294091, 0.19007, 0.98133)
    Right Leg.CFrame = CFrame.new(0.919169, 1.09795, -0.186868, 0.995269, 0.0906645, -0.034909, -0.0883709, 0.994129, 0.0624302, 0.0403643, -0.0590499, 0.997439)

[11]
    Time: 0.633333
    HumanoidRootPart.CFrame = CFrame.new(0, 0, 0, 1, 0, 0, 0, 1, 0, 0, 0, 1)
    Torso.CFrame = CFrame.new(0.0592871, -0.0807343, -0.176899, 0.987255, 0.158299, 0.0164162, -0.144669, 0.935636, -0.321958, -0.0663252, 0.31548, 0.946612)
    Left Leg.CFrame = CFrame.new(-0.485404, 0.29647, 0.0783459, 0.844995, -0.27115, 0.460935, 0.128466, 0.939608, 0.317229, -0.519114, -0.208842, 0.828797)
    Right Arm.CFrame = CFrame.new(0.976163, -0.398701, 0.193421, -0.920025, -0.390768, -0.0292216, -0.0500661, 0.04326, 0.997809, -0.388647, 0.919472, -0.0593645)
    Left Arm.CFrame = CFrame.new(-0.745841, -0.671176, 0.113621, -0.82843, 0.532488, -0.173667, -0.318445, -0.19272, 0.928144, 0.460756, 0.824206, 0.329223)
    Head.CFrame = CFrame.new(-8.9407e-06, 0.000265762, 6.634e-05, 0.998983, -0.0299263, -0.0337117, 0.0237028, 0.984835, -0.171865, 0.0383437, 0.170891, 0.984544)
    Right Leg.CFrame = CFrame.new(0.749106, 1.25297, 0.22331, 0.879285, 0.216559, -0.424218, -0.190709, 0.976221, 0.103064, 0.436449, -0.00971988, 0.899676)

[12]
    Time: 0.700000
    HumanoidRootPart.CFrame = CFrame.new(0, 0, 0, 1, 0, 0, 0, 1, 0, 0, 0, 1)
    Torso.CFrame = CFrame.new(-0.102332, -0.132084, -0.0737829, 0.982513, 0.158035, 0.0984504, -0.117594, 0.936643, -0.329958, -0.144358, 0.312611, 0.938848)
    Left Leg.CFrame = CFrame.new(-0.362934, 0.39925, 0.10379, 0.810746, -0.198774, 0.550618, -0.00673029, 0.937359, 0.348299, -0.58536, -0.286088, 0.758622)
    Right Arm.CFrame = CFrame.new(0.88041, -0.553368, -0.0522808, -0.967419, -0.223651, 0.118664, 0.1581, -0.16757, 0.973101, -0.19775, 0.960157, 0.19747)
    Left Arm.CFrame = CFrame.new(-0.679429, -0.732663, -0.0643054, -0.823036, 0.542961, -0.166747, -0.448226, -0.440561, 0.777817, 0.348862, 0.714912, 0.605967)
    Head.CFrame = CFrame.new(-2.23517e-06, 0.000266969, 4.96805e-05, 0.994413, -0.00892549, -0.105182, -0.0034595, 0.993128, -0.116981, 0.105503, 0.116692, 0.987549)
    Right Leg.CFrame = CFrame.new(0.894497, 0.867702, 0.227222, 0.846704, 0.31237, -0.430718, -0.250486, 0.948222, 0.195276, 0.469414, -0.0574517, 0.881107)

[13]
    Time: 0.766667
    HumanoidRootPart.CFrame = CFrame.new(0, 0, 0, 1, 0, 0, 0, 1, 0, 0, 0, 1)
    Torso.CFrame = CFrame.new(-0.342011, -0.180923, -0.0657313, 0.981701, 0.111163, 0.154615, -0.0569682, 0.946186, -0.318569, -0.181707, 0.303931, 0.935205)
    Left Leg.CFrame = CFrame.new(-0.477894, 0.490993, 0.369256, 0.825544, -0.249231, 0.506321, 0.173665, 0.965852, 0.192275, -0.536952, -0.0708013, 0.840636)
    Right Arm.CFrame = CFrame.new(0.47045, -0.724587, -0.507473, -0.813673, -0.331929, 0.477241, 0.578865, -0.538037, 0.612724, 0.0533928, 0.774815, 0.629928)
    Left Arm.CFrame = CFrame.new(-0.47799, -0.801022, -0.315393, -0.743546, 0.592264, -0.310422, -0.643607, -0.507933, 0.572515, 0.181407, 0.625481, 0.758857)
    Head.CFrame = CFrame.new(3.13669e-06, 0.000274047, 1.64807e-05, 0.993856, 0.0140356, -0.109788, -0.0144233, 0.999892, -0.00273773, 0.109737, 0.00430441, 0.993951)
    Right Leg.CFrame = CFrame.new(0.790808, 0.429158, -0.0651999, 0.970827, 0.146351, -0.189937, -0.100011, 0.967085, 0.233977, 0.217928, -0.208156, 0.953508)

[14]
    Time: 0.833333
    HumanoidRootPart.CFrame = CFrame.new(0, 0, 0, 1, 0, 0, 0, 1, 0, 0, 0, 1)
    Torso.CFrame = CFrame.new(-0.504711, -0.180882, -0.159751, 0.987793, 0.00524721, 0.155686, 0.0308178, 0.973096, -0.22833, -0.152695, 0.23034, 0.961055)
    Left Leg.CFrame = CFrame.new(-0.431742, 0.226964, 0.343385, 0.80192, -0.273252, 0.531279, 0.303635, 0.952269, 0.0314678, -0.514519, 0.13608, 0.846612)
    Right Arm.CFrame = CFrame.new(0.12381, -0.67696, -0.735244, -0.455731, -0.664668, 0.592052, 0.884259, -0.414251, 0.215597, 0.101958, 0.621782, 0.776526)
    Left Arm.CFrame = CFrame.new(-0.198679, -0.912172, -0.144541, -0.487756, 0.702933, -0.517667, -0.786864, -0.0971907, 0.609425, 0.378072, 0.704585, 0.600518)
    Head.CFrame = CFrame.new(3.82401e-06, 0.000269696, 3.26633e-05, 0.999528, 0.0154799, -0.0265236, -0.0168849, 0.99842, -0.0535942, 0.0256521, 0.0540167, 0.99821)
    Right Leg.CFrame = CFrame.new(0.628992, 0.169947, -0.160349, 0.990307, 0.138777, 0.00578301, -0.136924, 0.968396, 0.208473, 0.0233311, -0.207244, 0.978011)

[15]
    Time: 0.900000
    HumanoidRootPart.CFrame = CFrame.new(0, 0, 0, 1, 0, 0, 0, 1, 0, 0, 0, 1)
    Torso.CFrame = CFrame.new(-0.565956, -0.140232, -0.243042, 0.983744, -0.0978787, 0.150557, 0.125785, 0.973944, -0.188708, -0.128164, 0.204578, 0.970424)
    Left Leg.CFrame = CFrame.new(-0.806544, 0.379106, 0.321781, 0.791162, -0.431555, 0.433386, 0.423143, 0.897865, 0.121607, -0.441603, 0.0871734, 0.892966)
    Right Arm.CFrame = CFrame.new(0.147749, -0.802863, -0.479501, -0.349559, -0.679313, 0.645246, 0.878069, 0.00269606, 0.478527, -0.326809, 0.733844, 0.595541)
    Left Arm.CFrame = CFrame.new(-0.228278, -0.872181, 0.245325, -0.507528, 0.586809, -0.630928, -0.517316, 0.37806, 0.76776, 0.689057, 0.716049, 0.11169)
    Head.CFrame = CFrame.new(3.64892e-06, 0.000267066, 7.25091e-05, 0.999904, 0.0113604, 0.00796256, -0.00954252, 0.979823, -0.199638, -0.0100699, 0.199543, 0.979837)
    Right Leg.CFrame = CFrame.new(0.674311, 0.105938, -0.0707912, 0.941508, 0.319528, -0.107069, -0.301874, 0.940914, 0.15347, 0.14978, -0.112172, 0.982336)

[16]
    Time: 0.966667
    HumanoidRootPart.CFrame = CFrame.new(0, 0, 0, 1, 0, 0, 0, 1, 0, 0, 0, 1)
    Torso.CFrame = CFrame.new(-0.603845, -0.163486, -0.244643, 0.980565, -0.121036, 0.154413, 0.158015, 0.953708, -0.255876, -0.116295, 0.275302, 0.954298)
    Left Leg.CFrame = CFrame.new(-0.83081, 0.844749, 0.425611, 0.809276, -0.337549, 0.480763, 0.332176, 0.937965, 0.0993988, -0.484491, 0.0792571, 0.871199)
    Right Arm.CFrame = CFrame.new(0.450143, -0.767919, -0.235865, -0.56447, -0.663543, 0.491003, 0.483411, 0.216425, 0.848218, -0.669095, 0.71615, 0.198598)
    Left Arm.CFrame = CFrame.new(-0.541231, -0.650383, 0.526596, -0.738957, 0.517929, -0.43092, -0.149242, 0.497865, 0.854317, 0.657015, 0.695615, -0.290603)
    Head.CFrame = CFrame.new(6.97002e-06, 0.000271991, 7.30753e-05, 0.999734, 0.0220171, -0.00691282, -0.0229692, 0.978277, -0.206026, 0.00222658, 0.20613, 0.978522)
    Right Leg.CFrame = CFrame.new(0.695004, 0.150201, 0.00338569, 0.920319, 0.291837, -0.260468, -0.266953, 0.955291, 0.127107, 0.285918, -0.0474461, 0.957079)

[17]
    Time: 1.033333
    HumanoidRootPart.CFrame = CFrame.new(0, 0, 0, 1, 0, 0, 0, 1, 0, 0, 0, 1)
    Torso.CFrame = CFrame.new(-0.610472, -0.220013, -0.176972, 0.987446, -0.0758921, 0.13853, 0.120364, 0.929448, -0.348769, -0.102287, 0.361065, 0.926914)
    Left Leg.CFrame = CFrame.new(-0.283658, 1.18974, 0.539332, 0.719504, -0.0483086, 0.692807, 0.166572, 0.980463, -0.104624, -0.674217, 0.19068, 0.713494)
    Right Arm.CFrame = CFrame.new(0.783949, -0.59396, -0.0258356, -0.757123, -0.627437, 0.1819, 0.145796, 0.109131, 0.983277, -0.636796, 0.770982, 0.00885217)
    Left Arm.CFrame = CFrame.new(-0.829904, -0.291245, 0.657609, -0.845714, 0.520018, -0.119789, 0.167622, 0.471985, 0.865525, 0.506627, 0.711908, -0.48633)
    Head.CFrame = CFrame.new(4.99561e-06, 0.000259072, 7.08699e-05, 0.999461, 0.0159611, 0.0286927, -0.0101586, 0.981335, -0.192039, -0.0312223, 0.191644, 0.980968)
    Right Leg.CFrame = CFrame.new(0.574759, 0.193091, -0.0194654, 0.95797, 0.0876234, -0.273158, -0.060518, 0.992508, 0.106138, 0.280412, -0.085146, 0.956096)

[18]
    Time: 1.100000
    HumanoidRootPart.CFrame = CFrame.new(0, 0, 0, 1, 0, 0, 0, 1, 0, 0, 0, 1)
    Torso.CFrame = CFrame.new(-0.562393, -0.282143, -0.0715818, 0.991979, -0.0523329, 0.115059, 0.0956734, 0.905747, -0.41288, -0.0826073, 0.420576, 0.903489)
    Left Leg.CFrame = CFrame.new(0.179944, 1.14655, 0.568668, 0.637754, 0.242685, 0.731009, 0.00381914, 0.948058, -0.318074, -0.770231, 0.205645, 0.603701)
    Right Arm.CFrame = CFrame.new(0.907003, -0.491832, 0.161147, -0.865304, -0.498941, 0.0480372, 0.069362, -0.0242752, 0.997296, -0.496426, 0.866296, 0.0556129)
    Left Arm.CFrame = CFrame.new(-0.95825, -0.0889211, 0.628801, -0.838929, 0.535596, 0.0966193, 0.329549, 0.358635, 0.873372, 0.433123, 0.764538, -0.477374)
    Head.CFrame = CFrame.new(5.06453e-06, 0.000271112, 6.04987e-05, 0.999795, 0.0134763, 0.0150951, -0.0108089, 0.986298, -0.16462, -0.0171067, 0.164423, 0.986241)
    Right Leg.CFrame = CFrame.new(0.292692, 0.148144, -0.0277603, 0.934684, -0.182239, -0.305211, 0.218176, 0.971952, 0.0877997, 0.28065, -0.148655, 0.948229)

[19]
    Time: 1.166667
    HumanoidRootPart.CFrame = CFrame.new(0, 0, 0, 1, 0, 0, 0, 1, 0, 0, 0, 1)
    Torso.CFrame = CFrame.new(-0.440037, -0.317165, 0.0187185, 0.997248, -0.0527291, 0.0521078, 0.0697204, 0.905979, -0.417542, -0.0251919, 0.420026, 0.907162)
    Left Leg.CFrame = CFrame.new(-0.100443, 0.917446, 0.568317, 0.653453, 0.128007, 0.746065, 0.0209202, 0.982168, -0.18684, -0.756678, 0.137699, 0.639123)
    Right Arm.CFrame = CFrame.new(0.801419, -0.629394, -0.0506013, -0.889466, -0.426233, 0.164852, 0.302612, -0.27901, 0.911361, -0.342457, 0.860511, 0.377153)
    Left Arm.CFrame = CFrame.new(-0.908476, -0.374559, 0.45331, -0.852173, 0.523172, 0.00955847, 0.0766433, 0.106729, 0.99133, 0.517616, 0.845517, -0.131049)
    Head.CFrame = CFrame.new(4.45917e-06, 0.000273496, 3.44217e-05, 0.998985, 0.0127555, -0.0432027, -0.01599, 0.997028, -0.0753685, 0.042113, 0.0759828, 0.996219)
    Right Leg.CFrame = CFrame.new(0.337032, 0.233693, -0.0204205, 0.924689, -0.150382, -0.349764, 0.208771, 0.96853, 0.135516, 0.318378, -0.19833, 0.926985)

[20]
    Time: 1.266667
    HumanoidRootPart.CFrame = CFrame.new(0, 0, 0, 1, 0, 0, 0, 1, 0, 0, 0, 1)
    Torso.CFrame = CFrame.new(-0.187877, -0.281582, -0.0458598, 0.996931, -0.017496, -0.0763072, -0.00530651, 0.957364, -0.288836, 0.0781072, 0.288355, 0.954333)
    Left Leg.CFrame = CFrame.new(-0.258582, 0.193945, 0.0505312, 0.878994, 0.0241976, 0.476219, -0.0774727, 0.992689, 0.0925565, -0.470497, -0.11825, 0.874442)
    Right Arm.CFrame = CFrame.new(0.398679, -0.635638, -0.669179, -0.638785, -0.569598, 0.517215, 0.767344, -0.422728, 0.482166, -0.0559993, 0.704883, 0.70711)
    Left Arm.CFrame = CFrame.new(-0.309777, -0.769334, -0.52287, -0.440271, 0.819956, -0.365833, -0.881135, -0.316289, 0.351514, 0.172517, 0.47711, 0.861745)
    Head.CFrame = CFrame.new(-7.77422e-06, 0.000270426, 4.93526e-05, 0.999567, -0.0251264, 0.0153125, 0.0268506, 0.991744, -0.125388, -0.0120355, 0.125745, 0.99199)
    Right Leg.CFrame = CFrame.new(0.72746, 0.388025, 0.172413, 0.983962, 0.138318, -0.112633, -0.125477, 0.985515, 0.114084, 0.126781, -0.0981219, 0.987066)

[21]
    Time: 1.333333
    HumanoidRootPart.CFrame = CFrame.new(0, 0, 0, 1, 0, 0, 0, 1, 0, 0, 0, 1)
    Torso.CFrame = CFrame.new(-0.120003, -0.225578, -0.14305, 0.993735, 0.0449723, -0.102318, -0.0652955, 0.9766, -0.204914, 0.0907085, 0.210311, 0.973417)
    Left Leg.CFrame = CFrame.new(-0.259825, 0.125916, 0.0615918, 0.875678, -0.133976, 0.463939, 0.0958912, 0.989854, 0.104855, -0.47328, -0.0473317, 0.87964)
    Right Arm.CFrame = CFrame.new(0.28751, -0.718009, -0.588108, -0.533266, -0.593394, 0.602919, 0.821466, -0.193017, 0.536599, -0.202041, 0.781427, 0.590382)
    Left Arm.CFrame = CFrame.new(-0.159674, -0.80134, -0.524629, -0.254141, 0.898006, -0.359161, -0.94903, -0.159963, 0.271577, 0.186425, 0.409873, 0.892888)
    Head.CFrame = CFrame.new(-1.18688e-05, 0.000264123, 8.31485e-05, 0.997149, -0.0410816, 0.0632943, 0.0552599, 0.968751, -0.2418, -0.0513829, 0.244608, 0.968259)
    Right Leg.CFrame = CFrame.new(0.742561, 0.279972, 0.0909376, 0.935862, 0.262479, -0.235089, -0.247082, 0.964496, 0.0932675, 0.251223, -0.0291993, 0.967489)

[22]
    Time: 1.400000
    HumanoidRootPart.CFrame = CFrame.new(0, 0, 0, 1, 0, 0, 0, 1, 0, 0, 0, 1)
    Torso.CFrame = CFrame.new(-0.0890265, -0.214603, -0.170308, 0.992027, -0.0892808, -0.0889466, 0.0672192, 0.971851, -0.225803, 0.106603, 0.218023, 0.970104)
    Left Leg.CFrame = CFrame.new(-0.559515, 0.388301, 0.305809, 0.854826, -0.151128, 0.49642, 0.154646, 0.987375, 0.0342949, -0.495335, 0.0474531, 0.867405)
    Right Arm.CFrame = CFrame.new(0.477832, -0.791198, -0.231713, -0.647241, -0.600626, 0.469391, 0.611006, -0.0405811, 0.790586, -0.455798, 0.7985, 0.393252)
    Left Arm.CFrame = CFrame.new(-0.250331, -0.896188, -0.109857, -0.449107, 0.719879, -0.529224, -0.742924, 0.0281753, 0.668782, 0.496353, 0.693528, 0.522162)
    Head.CFrame = CFrame.new(-5.93811e-06, 0.000260919, 9.11057e-05, 0.99718, -0.0198295, 0.0723843, 0.038369, 0.963593, -0.264606, -0.064502, 0.266637, 0.961636)
    Right Leg.CFrame = CFrame.new(0.650235, 0.229661, 0.103847, 0.90287, 0.273835, -0.33142, -0.250953, 0.961627, 0.110884, 0.349067, -0.016943, 0.936945)

[23]
    Time: 1.466667
    HumanoidRootPart.CFrame = CFrame.new(0, 0, 0, 1, 0, 0, 0, 1, 0, 0, 0, 1)
    Torso.CFrame = CFrame.new(-0.0435476, -0.24926, -0.166599, 0.983615, -0.174754, -0.0442945, 0.154105, 0.942533, -0.29645, 0.0935549, 0.284767, 0.954021)
    Left Leg.CFrame = CFrame.new(-0.485897, 0.894185, 0.432711, 0.855475, 0.00580695, 0.517812, 0.04103, 0.996033, -0.0789556, -0.516217, 0.0887904, 0.851843)
    Right Arm.CFrame = CFrame.new(0.77798, -0.632571, 0.0306822, -0.793192, -0.578696, 0.189624, 0.287031, -0.080648, 0.954521, -0.537084, 0.811546, 0.230073)
    Left Arm.CFrame = CFrame.new(-0.60914, -0.755224, 0.148188, -0.780788, 0.521424, -0.344218, -0.390148, 0.023425, 0.920454, 0.488011, 0.852976, 0.185142)
    Head.CFrame = CFrame.new(4.1239e-06, 0.000266373, 6.89924e-05, 0.999912, 0.013258, 0.000605918, -0.0128862, 0.980769, -0.194747, -0.00317621, 0.194722, 0.980853)
    Right Leg.CFrame = CFrame.new(0.5199, 0.210101, 0.23166, 0.876143, 0.175298, -0.449049, -0.190388, 0.981639, 0.0117419, 0.442862, 0.0752058, 0.89343)

[24]
    Time: 1.533333
    HumanoidRootPart.CFrame = CFrame.new(0, 0, 0, 1, 0, 0, 0, 1, 0, 0, 0, 1)
    Torso.CFrame = CFrame.new(-0.0246582, -0.246204, -0.0999944, 0.995073, -0.0942119, -0.0308685, 0.0789102, 0.941143, -0.328668, 0.060016, 0.324613, 0.943941)
    Left Leg.CFrame = CFrame.new(-0.29758, 1.17143, 0.455009, 0.813193, 0.0463332, 0.580148, -0.00708368, 0.99754, -0.0697386, -0.581952, 0.0526014, 0.811521)
    Right Arm.CFrame = CFrame.new(0.898036, -0.523751, -0.0251715, -0.878006, -0.475182, 0.0575131, 0.200765, -0.256526, 0.945456, -0.43451, 0.841663, 0.320631)
    Left Arm.CFrame = CFrame.new(-0.879864, -0.491415, 0.311809, -0.8786, 0.475309, -0.0463036, -0.0592934, -0.0123636, 0.998164, 0.473864, 0.879732, 0.0390453)
    Head.CFrame = CFrame.new(2.74181e-06, 0.000268757, 6.48499e-05, 0.999739, 0.00802059, -0.0213811, -0.0114236, 0.986372, -0.164135, 0.0197733, 0.164336, 0.986206)
    Right Leg.CFrame = CFrame.new(0.41122, 0.164012, 0.163438, 0.902331, 0.0142435, -0.430808, -0.0377071, 0.998231, -0.0459738, 0.429391, 0.0577281, 0.901272)

[25]
    Time: 1.633333
    HumanoidRootPart.CFrame = CFrame.new(0, 0, 0, 1, 0, 0, 0, 1, 0, 0, 0, 1)
    Torso.CFrame = CFrame.new(0.0330515, -0.221916, 0.0619581, 0.991566, -0.0514657, -0.118946, 0.0157617, 0.958848, -0.283482, 0.128641, 0.279216, 0.951572)
    Left Leg.CFrame = CFrame.new(-0.679044, 0.650101, 0.541785, 0.839222, -0.239568, 0.488174, 0.284023, 0.958652, -0.0178133, -0.463722, 0.153602, 0.872564)
    Right Arm.CFrame = CFrame.new(0.688215, -0.653588, -0.364945, -0.871727, -0.402088, 0.28003, 0.467143, -0.509503, 0.722623, -0.147882, 0.760744, 0.63198)
    Left Arm.CFrame = CFrame.new(-0.771754, -0.642709, 0.131987, -0.802649, 0.578204, -0.146407, -0.29184, -0.166642, 0.941838, 0.520177, 0.798693, 0.302498)
    Head.CFrame = CFrame.new(-6.32927e-06, 0.000262365, 6.92308e-05, 0.995898, -0.0296033, 0.0855057, 0.0446266, 0.982739, -0.179533, -0.0787151, 0.182613, 0.980029)
    Right Leg.CFrame = CFrame.new(0.25409, 0.18444, 0.0249727, 0.902938, -0.0221276, -0.429201, 0.0787042, 0.990298, 0.11452, 0.422503, -0.137184, 0.89592)

[26]
    Time: 1.700000
    HumanoidRootPart.CFrame = CFrame.new(0, 0, 0, 1, 0, 0, 0, 1, 0, 0, 0, 1)
    Torso.CFrame = CFrame.new(0.144378, -0.178631, 0.0562096, 0.985828, -0.0282589, -0.16536, -0.00267277, 0.982939, -0.183912, 0.167736, 0.181747, 0.968934)
    Left Leg.CFrame = CFrame.new(-0.649511, 0.190737, 0.222304, 0.91351, -0.270924, 0.30348, 0.272412, 0.961419, 0.038291, -0.302145, 0.0476923, 0.952068)
    Right Arm.CFrame = CFrame.new(0.407905, -0.671953, -0.622677, -0.634756, -0.611694, 0.47214, 0.770211, -0.451726, 0.450244, -0.0621335, 0.649442, 0.757869)
    Left Arm.CFrame = CFrame.new(-0.448467, -0.806632, -0.253468, -0.507731, 0.770638, -0.385132, -0.732253, -0.150506, 0.664194, 0.453888, 0.619245, 0.640719)
    Head.CFrame = CFrame.new(-1.20923e-05, 0.000262529, 8.85129e-05, 0.993439, -0.0454383, 0.104947, 0.0712999, 0.963581, -0.257735, -0.0894143, 0.263527, 0.960499)
    Right Leg.CFrame = CFrame.new(0.0960902, 0.126151, 0.0238042, 0.907344, 0.0308463, -0.419256, 0.0182698, 0.993469, 0.112632, 0.419992, -0.109856, 0.900854)

[27]
    Time: 1.766667
    HumanoidRootPart.CFrame = CFrame.new(0, 0, 0, 1, 0, 0, 0, 1, 0, 0, 0, 1)
    Torso.CFrame = CFrame.new(0.22867, -0.12495, -0.0569842, 0.981578, 0.0893618, -0.168876, -0.10955, 0.987392, -0.114264, 0.156536, 0.13066, 0.978992)
    Left Leg.CFrame = CFrame.new(-0.338357, 0.0283338, -0.00225946, 0.951088, -0.205403, 0.230742, 0.19332, 0.978337, 0.0740603, -0.240956, -0.0258307, 0.970192)
    Right Arm.CFrame = CFrame.new(0.286306, -0.714952, -0.56255, -0.32815, -0.757529, 0.56433, 0.862476, 0.00340441, 0.506087, -0.385297, 0.652793, 0.652233)
    Left Arm.CFrame = CFrame.new(-0.246303, -0.879234, -0.0216357, -0.295885, 0.76857, -0.567232, -0.616553, 0.299897, 0.727959, 0.729599, 0.565121, 0.385129)
    Head.CFrame = CFrame.new(-1.527e-05, 0.000256494, 0.000100315, 0.994389, -0.0602922, 0.0869179, 0.0836794, 0.950997, -0.297663, -0.0647119, 0.303266, 0.950706)
    Right Leg.CFrame = CFrame.new(0.399867, 0.209194, 0.106701, 0.874992, 0.240466, -0.420196, -0.191871, 0.969096, 0.155046, 0.444494, -0.0550406, 0.89409)

[28]
    Time: 1.833333
    HumanoidRootPart.CFrame = CFrame.new(0, 0, 0, 1, 0, 0, 0, 1, 0, 0, 0, 1)
    Torso.CFrame = CFrame.new(0.265555, -0.111736, -0.190212, 0.951759, 0.264454, -0.155624, -0.290738, 0.939373, -0.181795, 0.0981121, 0.218271, 0.970944)
    Left Leg.CFrame = CFrame.new(-0.37231, 0.0490993, 0.0601863, 0.89475, -0.270739, 0.355139, 0.262952, 0.962191, 0.0710321, -0.360942, 0.0298283, 0.932111)
    Right Arm.CFrame = CFrame.new(0.349606, -0.742511, -0.365013, -0.454581, -0.704573, 0.544915, 0.479826, 0.32171, 0.816253, -0.750415, 0.632518, 0.191829)
    Left Arm.CFrame = CFrame.new(-0.273577, -0.796717, 0.401442, -0.425027, 0.673313, -0.60498, -0.257774, 0.550646, 0.793941, 0.867701, 0.493394, -0.0604775)
    Head.CFrame = CFrame.new(-2.3488e-05, 0.000268079, 7.23302e-05, 0.995732, -0.0764315, 0.0517399, 0.0852278, 0.976575, -0.197581, -0.0354265, 0.201147, 0.97892)
    Right Leg.CFrame = CFrame.new(0.763547, 0.586765, 0.184173, 0.897964, 0.209981, -0.386741, -0.193694, 0.977703, 0.0811116, 0.39515, 0.00207406, 0.918614)

[29]
    Time: 1.900000
    HumanoidRootPart.CFrame = CFrame.new(0, 0, 0, 1, 0, 0, 0, 1, 0, 0, 0, 1)
    Torso.CFrame = CFrame.new(0.297171, -0.136497, -0.263253, 0.939042, 0.318566, -0.129291, -0.342779, 0.896524, -0.280618, 0.0265172, 0.30783, 0.951072)
    Left Leg.CFrame = CFrame.new(-0.477447, 0.15967, 0.204187, 0.80562, -0.289645, 0.5168, 0.281824, 0.954678, 0.0957335, -0.521106, 0.0685217, 0.850737)
    Right Arm.CFrame = CFrame.new(0.574074, -0.708, -0.22442, -0.719532, -0.586158, 0.372414, 0.334508, 0.177419, 0.925541, -0.608587, 0.790532, 0.0684157)
    Left Arm.CFrame = CFrame.new(-0.401418, -0.778459, 0.355543, -0.445362, 0.753722, -0.483275, -0.290833, 0.38871, 0.874254, 0.846799, 0.529913, 0.0460903)
    Head.CFrame = CFrame.new(-1.93119e-05, 0.000269093, 5.09918e-05, 0.997503, -0.0706286, -8.72612e-05, 0.0700639, 0.989681, -0.124989, 0.00891417, 0.124671, 0.992158)
    Right Leg.CFrame = CFrame.new(0.676288, 1.04261, 0.26082, 0.922976, 0.0526855, -0.381235, -0.0789622, 0.995435, -0.0536026, 0.376671, 0.079577, 0.922923)

[30]
    Time: 2.000000
    HumanoidRootPart.CFrame = CFrame.new(0, 0, 0, 1, 0, 0, 0, 1, 0, 0, 0, 1)
    Torso.CFrame = CFrame.new(0.271553, -0.152161, -0.171619, 0.968035, 0.240284, -0.0719158, -0.250601, 0.914758, -0.316887, -0.0103572, 0.32478, 0.945733)
    Left Leg.CFrame = CFrame.new(-0.41914, 0.204244, 0.0678372, 0.869466, -0.174662, 0.462085, 0.102422, 0.97882, 0.177261, -0.483258, -0.106795, 0.86894)
    Right Arm.CFrame = CFrame.new(0.675623, -0.612261, -0.292275, -0.594621, -0.755163, 0.27596, 0.394907, 0.0246563, 0.918391, -0.700339, 0.655073, 0.283558)
    Left Arm.CFrame = CFrame.new(-0.564357, -0.737702, -0.162273, -0.429017, 0.833252, -0.348764, -0.564169, 0.0543621, 0.823868, 0.705449, 0.550215, 0.446772)
    Head.CFrame = CFrame.new(-1.4279e-05, 0.000272676, 4.78625e-05, 0.998594, -0.0520177, -0.0101796, 0.0506086, 0.992796, -0.1086, 0.0157554, 0.107933, 0.994033)
    Right Leg.CFrame = CFrame.new(0.377939, 1.32079, 0.366273, 0.840527, 0.0273845, -0.541078, -0.0648932, 0.99662, -0.0503668, 0.53787, 0.0774469, 0.839463)

[31]
    Time: 2.066667
    HumanoidRootPart.CFrame = CFrame.new(0, 0, 0, 1, 0, 0, 0, 1, 0, 0, 0, 1)
    Torso.CFrame = CFrame.new(0.141735, -0.179638, -0.0273902, 0.975546, 0.218504, -0.0237843, -0.214852, 0.925189, -0.312832, -0.0463503, 0.310293, 0.94951)
    Left Leg.CFrame = CFrame.new(-0.129481, 0.145796, -0.0215203, 0.872404, -0.0263464, 0.488075, -0.0833742, 0.975891, 0.201705, -0.481622, -0.216661, 0.849175)
    Right Arm.CFrame = CFrame.new(0.661309, -0.576134, -0.402384, -0.53199, -0.796244, 0.288067, 0.52418, -0.0425053, 0.850546, -0.664998, 0.603481, 0.439988)
    Left Arm.CFrame = CFrame.new(-0.569364, -0.658065, -0.425053, -0.402699, 0.856873, -0.321873, -0.763102, -0.120093, 0.635022, 0.505478, 0.501344, 0.702243)
    Head.CFrame = CFrame.new(-9.40636e-06, 0.000274822, 3.46601e-05, 0.997835, -0.0388234, -0.053078, 0.0350838, 0.996954, -0.0696567, 0.0556206, 0.0676437, 0.996158)
    Right Leg.CFrame = CFrame.new(0.606069, 1.06344, 0.338997, 0.796282, 0.173609, -0.579478, -0.135645, 0.984783, 0.108642, 0.589521, -0.00790625, 0.807714)

[32]
    Time: 2.166667
    HumanoidRootPart.CFrame = CFrame.new(0, 0, 0, 1, 0, 0, 0, 1, 0, 0, 0, 1)
    Torso.CFrame = CFrame.new(-0.211508, -0.176792, 0.00766635, 0.989279, 0.140057, 0.041372, -0.126416, 0.963107, -0.237577, -0.0731199, 0.2298, 0.970487)
    Left Leg.CFrame = CFrame.new(-0.306941, 0.100802, 0.184576, 0.857924, -0.237408, 0.455637, 0.24239, 0.968967, 0.0484763, -0.453005, 0.068853, 0.888845)
    Right Arm.CFrame = CFrame.new(0.596004, -0.648529, -0.420105, -0.535178, -0.773887, 0.338648, 0.693094, -0.173098, 0.699755, -0.482912, 0.609209, 0.629015)
    Left Arm.CFrame = CFrame.new(-0.583961, -0.724304, -0.171614, -0.486759, 0.800276, -0.350176, -0.530142, 0.0479711, 0.846551, 0.694273, 0.59771, 0.40091)
    Head.CFrame = CFrame.new(-1.80677e-06, 0.000270046, 4.07696e-05, 0.995842, -0.000596322, -0.0910952, -0.007145, 0.996387, -0.0846313, 0.0908165, 0.0849303, 0.992239)
    Right Leg.CFrame = CFrame.new(0.494917, 0.366697, -0.0178019, 0.980399, -0.0122159, -0.196641, 0.0724392, 0.950516, 0.302114, 0.183219, -0.310437, 0.93277)

[33]
    Time: 2.233333
    HumanoidRootPart.CFrame = CFrame.new(0, 0, 0, 1, 0, 0, 0, 1, 0, 0, 0, 1)
    Torso.CFrame = CFrame.new(-0.330686, -0.155838, -0.082478, 0.995483, 0.0725266, 0.0612615, -0.0610685, 0.983253, -0.171711, -0.0726892, 0.167194, 0.983241)
    Left Leg.CFrame = CFrame.new(-0.2241, 0.0533472, 0.135515, 0.819586, -0.249843, 0.515614, 0.274541, 0.961128, 0.0293269, -0.502898, 0.117521, 0.856319)
    Right Arm.CFrame = CFrame.new(0.352634, -0.686366, -0.576934, -0.320114, -0.808046, 0.49456, 0.874825, -0.0517692, 0.481665, -0.363604, 0.586841, 0.723471)
    Left Arm.CFrame = CFrame.new(-0.502026, -0.757122, 0.22098, -0.523843, 0.72805, -0.442191, -0.225868, 0.381814, 0.896216, 0.821324, 0.569353, -0.0355675)
    Head.CFrame = CFrame.new(2.16067e-07, 0.000268191, 5.8651e-05, 0.99772, -0.00177773, -0.0674595, -0.00811711, 0.989233, -0.14612, 0.066993, 0.146335, 0.986964)
    Right Leg.CFrame = CFrame.new(0.245309, 0.157703, -0.0304527, 0.9887, -0.0355902, -0.145623, 0.0704043, 0.967853, 0.241463, 0.132348, -0.248987, 0.959421)

[34]
    Time: 2.300000
    HumanoidRootPart.CFrame = CFrame.new(0, 0, 0, 1, 0, 0, 0, 1, 0, 0, 0, 1)
    Torso.CFrame = CFrame.new(-0.383232, -0.13372, -0.169597, 0.99534, -0.0368242, 0.0891232, 0.0545243, 0.977207, -0.205169, -0.0795366, 0.209072, 0.97466)
    Left Leg.CFrame = CFrame.new(-0.714732, 0.33761, 0.459518, 0.815168, -0.404828, 0.414264, 0.415141, 0.907096, 0.0695401, -0.403929, 0.115291, 0.907496)
    Right Arm.CFrame = CFrame.new(0.250931, -0.692623, -0.601909, -0.256439, -0.768011, 0.586854, 0.878463, 0.0680624, 0.472937, -0.403164, 0.636809, 0.657216)
    Left Arm.CFrame = CFrame.new(-0.347417, -0.835799, 0.161166, -0.419849, 0.725907, -0.544781, -0.403519, 0.38836, 0.828462, 0.812957, 0.567658, 0.129864)
    Head.CFrame = CFrame.new(1.08033e-06, 0.000268362, 6.05881e-05, 0.99845, 0.00323675, -0.0555613, -0.0114934, 0.98878, -0.148936, 0.0544559, 0.149344, 0.987285)
    Right Leg.CFrame = CFrame.new(0.360923, 0.160452, 0.00587568, 0.940144, 0.134583, -0.313075, -0.0729902, 0.976916, 0.200767, 0.332868, -0.165899, 0.928265)

[35]
    Time: 2.366667
    HumanoidRootPart.CFrame = CFrame.new(0, 0, 0, 1, 0, 0, 0, 1, 0, 0, 0, 1)
    Torso.CFrame = CFrame.new(-0.423184, -0.139793, -0.23605, 0.989181, -0.104287, 0.103174, 0.127813, 0.957867, -0.257207, -0.0720041, 0.267611, 0.960833)
    Left Leg.CFrame = CFrame.new(-0.790492, 0.894216, 0.511538, 0.771854, -0.407378, 0.488143, 0.372092, 0.911981, 0.172737, -0.515547, 0.0483068, 0.855499)
    Right Arm.CFrame = CFrame.new(0.405749, -0.763287, -0.393773, -0.547472, -0.656263, 0.519225, 0.713986, -0.0427012, 0.698857, -0.436462, 0.753323, 0.49194)
    Left Arm.CFrame = CFrame.new(-0.392999, -0.841585, 0.158644, -0.546555, 0.674632, -0.496134, -0.494944, 0.217666, 0.841221, 0.675506, 0.705332, 0.214938)
    Head.CFrame = CFrame.new(4.76092e-06, 0.000273146, 5.62966e-05, 0.997855, 0.0165527, -0.0633325, -0.025462, 0.989457, -0.142567, 0.060305, 0.143874, 0.987757)
    Right Leg.CFrame = CFrame.new(0.539998, 0.20762, 0.080546, 0.912099, 0.212143, -0.350813, -0.15666, 0.971122, 0.179945, 0.378856, -0.109169, 0.918994)

[36]
    Time: 2.433333
    HumanoidRootPart.CFrame = CFrame.new(0, 0, 0, 1, 0, 0, 0, 1, 0, 0, 0, 1)
    Torso.CFrame = CFrame.new(-0.410485, -0.154709, -0.222587, 0.991835, -0.0969707, 0.0828298, 0.117391, 0.947994, -0.29585, -0.0498334, 0.303157, 0.951637)
    Left Leg.CFrame = CFrame.new(-0.535955, 1.28151, 0.352569, 0.682608, -0.319344, 0.657317, 0.188668, 0.945985, 0.263661, -0.706011, -0.0559621, 0.705987)
    Right Arm.CFrame = CFrame.new(0.647266, -0.736163, -0.117683, -0.825955, -0.456885, 0.330234, 0.451965, -0.18656, 0.872309, -0.336936, 0.869742, 0.360586)
    Left Arm.CFrame = CFrame.new(-0.627964, -0.713558, 0.297612, -0.799438, 0.509563, -0.318188, -0.310945, 0.102205, 0.944916, 0.514015, 0.854341, 0.0767397)
    Head.CFrame = CFrame.new(7.83056e-06, 0.000273004, 5.57303e-05, 0.994199, 0.0327879, -0.10244, -0.0464649, 0.989875, -0.134121, 0.0970055, 0.138103, 0.985656)
    Right Leg.CFrame = CFrame.new(0.540789, 0.248156, 0.0498266, 0.919603, 0.162658, -0.357592, -0.0890386, 0.972866, 0.213552, 0.382625, -0.164544, 0.909133)

[37]
    Time: 2.500000
    HumanoidRootPart.CFrame = CFrame.new(0, 0, 0, 1, 0, 0, 0, 1, 0, 0, 0, 1)
    Torso.CFrame = CFrame.new(-0.328279, -0.198494, -0.116064, 0.992985, -0.11393, 0.0316357, 0.117832, 0.93127, -0.344748, 0.00981561, 0.346058, 0.938162)
    Left Leg.CFrame = CFrame.new(-0.444205, 1.18108, 0.398939, 0.738371, -0.211887, 0.640244, 0.110332, 0.974523, 0.195273, -0.665308, -0.0735446, 0.742937)
    Right Arm.CFrame = CFrame.new(0.760159, -0.678331, 0.0351998, -0.943775, -0.270542, 0.18999, 0.272195, -0.309774, 0.911016, -0.187614, 0.911508, 0.365997)
    Left Arm.CFrame = CFrame.new(-0.803328, -0.609502, 0.212732, -0.919856, 0.359428, -0.157085, -0.193171, -0.0665456, 0.978906, 0.341393, 0.930797, 0.130644)
    Head.CFrame = CFrame.new(1.07065e-05, 0.000273988, 3.42429e-05, 0.992264, 0.0388669, -0.117902, -0.0465436, 0.996923, -0.0630709, 0.115088, 0.0680706, 0.99102)
    Right Leg.CFrame = CFrame.new(0.237293, 0.22303, -0.0439163, 0.903434, -0.0472497, -0.426115, 0.17439, 0.948469, 0.264564, 0.391656, -0.313327, 0.865119)

[38]
    Time: 2.566667
    HumanoidRootPart.CFrame = CFrame.new(0, 0, 0, 1, 0, 0, 0, 1, 0, 0, 0, 1)
    Torso.CFrame = CFrame.new(-0.155078, -0.219036, -0.0463157, 0.99516, -0.0792734, -0.0580637, 0.0519757, 0.926128, -0.373611, 0.0833918, 0.368785, 0.925766)
    Left Leg.CFrame = CFrame.new(-0.549987, 0.726303, 0.372506, 0.857923, -0.15405, 0.490139, 0.0916409, 0.984575, 0.149045, -0.505539, -0.0829524, 0.858807)
    Right Arm.CFrame = CFrame.new(0.788358, -0.651166, -0.120345, -0.978241, -0.111875, 0.174722, 0.20717, -0.481455, 0.851635, -0.0111556, 0.869302, 0.494156)
    Left Arm.CFrame = CFrame.new(-0.767168, -0.66981, -0.0213268, -0.919473, 0.353934, -0.171171, -0.303522, -0.362316, 0.88125, 0.249887, 0.86224, 0.440566)
