[1]
    Time: 0.000000
    HumanoidRootPart.CFrame = CFrame.new(0, 0, 0, 1, 0, 0, 0, 1, 0, 0, 0, 1)
    Torso.CFrame = CFrame.new(-0.013198, -0.031808, -0.117454, 0.923641, 0.382904, -0.016498, -0.38326, 0.922785, -0.039759, 0, 0.043046, 0.999073)
    Left Leg.CFrame = CFrame.new(-0.407949, 0.076672, -0.228015, 0.953169, 0.19719, -0.229316, -0.213762, 0.975627, -0.049569, 0.213952, 0.096267, 0.972089)
    Right Arm.CFrame = CFrame.new(0.10643, 0.225236, 0.425654, -0.204132, -0.06515, -0.976773, 0.078775, -0.995641, 0.049946, -0.975769, -0.066749, 0.208374)
    Left Arm.CFrame = CFrame.new(-0.101904, 0.374685, 0.401094, -0.277716, -0.010606, 0.960605, 0.024164, -0.9997, -0.004051, 0.960359, 0.022087, 0.277889)
    Head.CFrame = CFrame.new(0, 0, -1e-06, 0.991863, 0.116869, -0.050496, -0.124765, 0.971222, -0.202881, 0.025333, 0.20753, 0.977901)
    Right Leg.CFrame = CFrame.new(-0.379286, -0.048875, 0.086522, 0.809908, 0.239289, -0.535528, -0.329989, 0.940696, -0.078732, 0.484929, 0.240484, 0.84084)

[2]
    Time: 0.041667
    HumanoidRootPart.CFrame = CFrame.new(0, 0, 0, 1, 0, 0, 0, 1, 0, 0, 0, 1)
    Torso.CFrame = CFrame.new(-0.013198, -0.031808, -0.117454, 0.923641, 0.382904, -0.016498, -0.38326, 0.922785, -0.039759, 0, 0.043046, 0.999073)
    Left Leg.CFrame = CFrame.new(-0.407949, 0.076672, -0.228015, 0.953169, 0.19719, -0.229316, -0.213762, 0.975627, -0.049569, 0.213952, 0.096267, 0.972089)
    Right Arm.CFrame = CFrame.new(0.10643, 0.225236, 0.425654, -0.204132, -0.06515, -0.976773, 0.078775, -0.995641, 0.049946, -0.975769, -0.066749, 0.208374)
    Left Arm.CFrame = CFrame.new(-0.101904, 0.374685, 0.401094, -0.277716, -0.010606, 0.960605, 0.024164, -0.9997, -0.004051, 0.960359, 0.022087, 0.277889)
    Head.CFrame = CFrame.new(0, 0, -1e-06, 0.991863, 0.116869, -0.050496, -0.124765, 0.971222, -0.202881, 0.025333, 0.20753, 0.977901)
    Right Leg.CFrame = CFrame.new(-0.379286, -0.048875, 0.086522, 0.809908, 0.239289, -0.535528, -0.329989, 0.940696, -0.078732, 0.484929, 0.240484, 0.84084)

[3]
    Time: 0.083333
    HumanoidRootPart.CFrame = CFrame.new(0, 0, 0, 1, 0, 0, 0, 1, 0, 0, 0, 1)
    Torso.CFrame = CFrame.new(-0.051334, -0.031808, -0.140472, 0.923641, 0.382904, -0.016498, -0.38326, 0.922785, -0.039759, 0, 0.043046, 0.999073)
    Left Leg.CFrame = CFrame.new(-0.486692, 0.128544, -0.245357, 0.964061, 0.140588, -0.225438, -0.151521, 0.987941, -0.03186, 0.21824, 0.064874, 0.973737)
    Right Arm.CFrame = CFrame.new(0.143901, 0.150912, 0.438318, -0.205627, -0.106265, -0.972844, 0.116114, -0.989714, 0.083565, -0.971718, -0.095778, 0.215851)
    Left Arm.CFrame = CFrame.new(-0.131313, 0.384663, 0.382685, -0.273648, 0.030516, 0.961346, 0.041432, -0.998195, 0.04348, 0.960937, 0.051729, 0.271889)
    Head.CFrame = CFrame.new(0, 0, 0, 0.991863, 0.116869, -0.050496, -0.124765, 0.971222, -0.202881, 0.025333, 0.20753, 0.977901)
    Right Leg.CFrame = CFrame.new(-0.344816, -0.062181, 0.105586, 0.802788, 0.267918, -0.532684, -0.370443, 0.92414, -0.093476, 0.46723, 0.272371, 0.841136)

[4]
    Time: 0.125000
    HumanoidRootPart.CFrame = CFrame.new(0, 0, 0, 1, 0, 0, 0, 1, 0, 0, 0, 1)
    Torso.CFrame = CFrame.new(-0.051334, -0.031808, -0.140472, 0.923641, 0.382904, -0.016498, -0.38326, 0.922785, -0.039759, 0, 0.043046, 0.999073)
    Left Leg.CFrame = CFrame.new(-0.486692, 0.128544, -0.245357, 0.964061, 0.140588, -0.225438, -0.151521, 0.987941, -0.03186, 0.21824, 0.064874, 0.973737)
    Right Arm.CFrame = CFrame.new(0.143901, 0.150912, 0.438318, -0.205627, -0.106265, -0.972844, 0.116114, -0.989714, 0.083565, -0.971718, -0.095778, 0.215851)
    Left Arm.CFrame = CFrame.new(-0.131313, 0.384663, 0.382685, -0.273648, 0.030516, 0.961346, 0.041432, -0.998195, 0.04348, 0.960937, 0.051729, 0.271889)
    Head.CFrame = CFrame.new(0, 0, 0, 0.991863, 0.116869, -0.050496, -0.124765, 0.971222, -0.202881, 0.025333, 0.20753, 0.977901)
    Right Leg.CFrame = CFrame.new(-0.344816, -0.062181, 0.105586, 0.802788, 0.267918, -0.532684, -0.370443, 0.92414, -0.093476, 0.46723, 0.272371, 0.841136)

[5]
    Time: 0.166667
    HumanoidRootPart.CFrame = CFrame.new(0, 0, 0, 1, 0, 0, 0, 1, 0, 0, 0, 1)
    Torso.CFrame = CFrame.new(0.531071, 0.350829, -0.119644, 0.998564, 0.053343, 0.004872, -0.053349, 0.998575, 0.001009, -0.004812, -0.001267, 0.999988)
    Left Leg.CFrame = CFrame.new(-1.0368, -0.102276, -0.486159, 0.535115, -0.654368, -0.53428, 0.844695, 0.423395, 0.327456, 0.011935, -0.62653, 0.779306)
    Right Arm.CFrame = CFrame.new(-0.001024, -0.80781, -0.003887, -0.355692, -0.919062, 0.169729, 0.846543, -0.239865, 0.475215, -0.396041, 0.312713, 0.863344)
    Left Arm.CFrame = CFrame.new(0.001024, -0.80781, -0.003887, -0.418596, 0.899776, -0.123207, -0.816255, -0.313278, 0.485371, 0.398127, 0.303743, 0.865584)
    Head.CFrame = CFrame.new(0, 0, 0, 0.997146, -0.001816, 0.07547, 0.024325, 0.954119, -0.298437, -0.071465, 0.299421, 0.951441)
    Right Leg.CFrame = CFrame.new(-0.434672, 0.0777, 0.138258, 0.726762, 0.103704, -0.679016, -0.167375, 0.985477, -0.028636, 0.666185, 0.134462, 0.733564)

[6]
    Time: 0.208333
    HumanoidRootPart.CFrame = CFrame.new(0, 0, 0, 1, 0, 0, 0, 1, 0, 0, 0, 1)
    Torso.CFrame = CFrame.new(0.531071, 0.350829, -0.119644, 0.998564, 0.053343, 0.004872, -0.053349, 0.998575, 0.001009, -0.004812, -0.001267, 0.999988)
    Left Leg.CFrame = CFrame.new(-1.0368, -0.102276, -0.486159, 0.535115, -0.654368, -0.53428, 0.844695, 0.423395, 0.327456, 0.011935, -0.62653, 0.779306)
    Right Arm.CFrame = CFrame.new(-0.001024, -0.80781, -0.003887, -0.355692, -0.919062, 0.169729, 0.846543, -0.239865, 0.475215, -0.396041, 0.312713, 0.863344)
    Left Arm.CFrame = CFrame.new(0.001024, -0.80781, -0.003887, -0.418596, 0.899776, -0.123207, -0.816255, -0.313278, 0.485371, 0.398127, 0.303743, 0.865584)
    Head.CFrame = CFrame.new(0, 0, 0, 0.997146, -0.001816, 0.07547, 0.024325, 0.954119, -0.298437, -0.071465, 0.299421, 0.951441)
    Right Leg.CFrame = CFrame.new(-0.434672, 0.0777, 0.138258, 0.726762, 0.103704, -0.679016, -0.167375, 0.985477, -0.028636, 0.666185, 0.134462, 0.733564)

[7]
    Time: 0.250000
    HumanoidRootPart.CFrame = CFrame.new(0, 0, 0, 1, 0, 0, 0, 1, 0, 0, 0, 1)
    Torso.CFrame = CFrame.new(0.718252, 0.35662, -0.090956, 0.991364, 0.118394, 0.056403, -0.119041, 0.992855, 0.008248, -0.055023, -0.014891, 0.998374)
    Left Leg.CFrame = CFrame.new(-0.910328, -0.275952, -0.430962, 0.398802, -0.692725, -0.600906, 0.916432, 0.324856, 0.233713, 0.033309, -0.643895, 0.764389)
    Right Arm.CFrame = CFrame.new(-0.001024, -0.80781, -0.003887, -0.308125, -0.945782, 0.10274, 0.844021, -0.221936, 0.488234, -0.438961, 0.237152, 0.866644)
    Left Arm.CFrame = CFrame.new(0.001024, -0.80781, -0.003887, -0.538242, 0.832875, -0.128895, -0.752707, -0.406259, 0.518059, 0.379114, 0.375862, 0.845577)
    Head.CFrame = CFrame.new(0, 0, 0, 0.992814, 0.096257, 0.071104, -0.088062, 0.989959, -0.110574, -0.081033, 0.103518, 0.991321)
    Right Leg.CFrame = CFrame.new(-0.235713, 0.016311, 0.230994, 0.745844, 0.191561, -0.637983, -0.235203, 0.971801, 0.016826, 0.623215, 0.137506, 0.769867)

[8]
    Time: 0.291667
    HumanoidRootPart.CFrame = CFrame.new(0, 0, 0, 1, 0, 0, 0, 1, 0, 0, 0, 1)
    Torso.CFrame = CFrame.new(0.718252, 0.35662, -0.090956, 0.991364, 0.118394, 0.056403, -0.119041, 0.992855, 0.008248, -0.055023, -0.014891, 0.998374)
    Left Leg.CFrame = CFrame.new(-0.910328, -0.275952, -0.430962, 0.398802, -0.692725, -0.600906, 0.916432, 0.324856, 0.233713, 0.033309, -0.643895, 0.764389)
    Right Arm.CFrame = CFrame.new(-0.001024, -0.80781, -0.003887, -0.308125, -0.945782, 0.10274, 0.844021, -0.221936, 0.488234, -0.438961, 0.237152, 0.866644)
    Left Arm.CFrame = CFrame.new(0.001024, -0.80781, -0.003887, -0.538242, 0.832875, -0.128895, -0.752707, -0.406259, 0.518059, 0.379114, 0.375862, 0.845577)
    Head.CFrame = CFrame.new(0, 0, 0, 0.992814, 0.096257, 0.071104, -0.088062, 0.989959, -0.110574, -0.081033, 0.103518, 0.991321)
    Right Leg.CFrame = CFrame.new(-0.235713, 0.016311, 0.230994, 0.745844, 0.191561, -0.637983, -0.235203, 0.971801, 0.016826, 0.623215, 0.137506, 0.769867)

[9]
    Time: 0.333333
    HumanoidRootPart.CFrame = CFrame.new(0, 0, 0, 1, 0, 0, 0, 1, 0, 0, 0, 1)
    Torso.CFrame = CFrame.new(0.776602, 0.575048, -0.253777, 0.889183, 0.455371, 0.044616, -0.455928, 0.890013, 0.00264, -0.038506, -0.022689, 0.999001)
    Left Leg.CFrame = CFrame.new(0.140768, 0.304329, -0.159288, 0.760023, -0.505274, 0.408734, 0.183341, 0.770072, 0.611044, -0.6235, -0.38947, 0.67791)
    Right Arm.CFrame = CFrame.new(0.191404, -0.006989, 0.373679, 0.032108, -0.453542, -0.890656, 0.999483, 0.013202, 0.029309, -0.001534, -0.891137, 0.453732)
    Left Arm.CFrame = CFrame.new(-0.361298, -0.183354, -0.237017, 0.057572, 0.27168, -0.960664, -0.99421, 0.103057, -0.030437, 0.090734, 0.956854, 0.27604)
    Head.CFrame = CFrame.new(0, 0, 0, 0.820712, -0.571341, -0.000989, 0.570709, 0.819883, -0.04564, 0.026887, 0.036893, 0.998958)
    Right Leg.CFrame = CFrame.new(0.174001, 0.239787, 0.06549, 0.940493, 0.061158, -0.334265, -0.049086, 0.997805, 0.044451, 0.33625, -0.025399, 0.94143)

[10]
    Time: 0.375000
    HumanoidRootPart.CFrame = CFrame.new(0, 0, 0, 1, 0, 0, 0, 1, 0, 0, 0, 1)
    Torso.CFrame = CFrame.new(0.776602, 0.575048, -0.253777, 0.889183, 0.455371, 0.044616, -0.455928, 0.890013, 0.00264, -0.038506, -0.022689, 0.999001)
    Left Leg.CFrame = CFrame.new(0.140768, 0.304329, -0.159288, 0.760023, -0.505274, 0.408734, 0.183341, 0.770072, 0.611044, -0.6235, -0.38947, 0.67791)
    Right Arm.CFrame = CFrame.new(0.191404, -0.006989, 0.373679, 0.032108, -0.453542, -0.890656, 0.999483, 0.013202, 0.029309, -0.001534, -0.891137, 0.453732)
    Left Arm.CFrame = CFrame.new(-0.361298, -0.183354, -0.237017, 0.057572, 0.27168, -0.960664, -0.99421, 0.103057, -0.030437, 0.090734, 0.956854, 0.27604)
    Head.CFrame = CFrame.new(0, 0, 0, 0.820712, -0.571341, -0.000989, 0.570709, 0.819883, -0.04564, 0.026887, 0.036893, 0.998958)
    Right Leg.CFrame = CFrame.new(0.174001, 0.239787, 0.06549, 0.940493, 0.061158, -0.334265, -0.049086, 0.997805, 0.044451, 0.33625, -0.025399, 0.94143)

[11]
    Time: 0.416667
    HumanoidRootPart.CFrame = CFrame.new(0, 0, 0, 1, 0, 0, 0, 1, 0, 0, 0, 1)
    Torso.CFrame = CFrame.new(0.701595, 0.551427, -0.36501, 0.792783, 0.60752, -0.049143, -0.609085, 0.792649, -0.026886, 0.022619, 0.051247, 0.99843)
    Left Leg.CFrame = CFrame.new(0.119984, 0.263882, -0.083937, 0.554843, -0.611058, 0.564586, 0.260679, 0.772143, 0.579518, -0.79006, -0.174366, 0.587709)
    Right Arm.CFrame = CFrame.new(0.191405, -0.006989, 0.373679, -0.008727, -0.410968, -0.911608, 0.996853, -0.075407, 0.024452, -0.078791, -0.908526, 0.410333)
    Left Arm.CFrame = CFrame.new(-0.361298, -0.183354, -0.237017, 0.024582, 0.276623, -0.960664, -0.999394, -0.016892, -0.030437, -0.024647, 0.96083, 0.27604)
    Head.CFrame = CFrame.new(0, 0, 0, 0.705988, -0.706433, 0.050333, 0.707646, 0.706498, -0.009864, -0.028592, 0.042582, 0.998684)
    Right Leg.CFrame = CFrame.new(0.449343, 0.424591, 0.084671, 0.999481, -0.021913, 0.023609, 0.020638, 0.998385, 0.052936, -0.024731, -0.052421, 0.998319)

[12]
    Time: 0.458333
    HumanoidRootPart.CFrame = CFrame.new(0, 0, 0, 1, 0, 0, 0, 1, 0, 0, 0, 1)
    Torso.CFrame = CFrame.new(0.701595, 0.551427, -0.36501, 0.792783, 0.60752, -0.049143, -0.609085, 0.792649, -0.026886, 0.022619, 0.051247, 0.99843)
    Left Leg.CFrame = CFrame.new(0.119984, 0.263882, -0.083937, 0.554843, -0.611058, 0.564586, 0.260679, 0.772143, 0.579518, -0.79006, -0.174366, 0.587709)
    Right Arm.CFrame = CFrame.new(0.191405, -0.006989, 0.373679, -0.008727, -0.410968, -0.911608, 0.996853, -0.075407, 0.024452, -0.078791, -0.908526, 0.410333)
    Left Arm.CFrame = CFrame.new(-0.361298, -0.183354, -0.237017, 0.024582, 0.276623, -0.960664, -0.999394, -0.016892, -0.030437, -0.024647, 0.96083, 0.27604)
    Head.CFrame = CFrame.new(0, 0, 0, 0.705988, -0.706433, 0.050333, 0.707646, 0.706498, -0.009864, -0.028592, 0.042582, 0.998684)
    Right Leg.CFrame = CFrame.new(0.449343, 0.424591, 0.084671, 0.999481, -0.021913, 0.023609, 0.020638, 0.998385, 0.052936, -0.024731, -0.052421, 0.998319)

[13]
    Time: 0.500000
    HumanoidRootPart.CFrame = CFrame.new(0, 0, 0, 1, 0, 0, 0, 1, 0, 0, 0, 1)
    Torso.CFrame = CFrame.new(0.635867, 0.545867, -0.190186, 0.986192, 0.160802, 0.039605, -0.159512, 0.986616, -0.033836, -0.044516, 0.027051, 0.998642)
    Left Leg.CFrame = CFrame.new(-0.718146, 0.132308, 0.227311, 0.381788, -0.896405, 0.225159, 0.688646, 0.438376, 0.577575, -0.616446, -0.065456, 0.784672)
    Right Arm.CFrame = CFrame.new(0.011607, -0.33708, -0.00069, -0.451679, -0.776739, 0.438933, 0.845343, -0.215283, 0.488926, -0.285273, 0.591886, 0.75385)
    Left Arm.CFrame = CFrame.new(-0.024057, -0.698657, -0.000598, -0.328018, 0.861703, -0.387134, -0.944507, -0.291513, 0.151415, 0.01762, 0.415318, 0.909506)
    Head.CFrame = CFrame.new(0, 0, 0, 0.99671, -0.080776, 0.006631, 0.080753, 0.996728, 0.003568, -0.006897, -0.00302, 0.999972)
    Right Leg.CFrame = CFrame.new(0.246757, 0.137568, 0.094373, 0.967183, 0.161037, -0.196529, -0.165401, 0.986209, -0.005887, 0.192871, 0.0382, 0.98048)

[14]
    Time: 0.541667
    HumanoidRootPart.CFrame = CFrame.new(0, 0, 0, 1, 0, 0, 0, 1, 0, 0, 0, 1)
    Torso.CFrame = CFrame.new(0.635867, 0.545867, -0.190186, 0.986192, 0.160802, 0.039605, -0.159512, 0.986616, -0.033836, -0.044516, 0.027051, 0.998642)
    Left Leg.CFrame = CFrame.new(-0.718146, 0.132308, 0.227311, 0.381788, -0.896405, 0.225159, 0.688646, 0.438376, 0.577575, -0.616446, -0.065456, 0.784672)
    Right Arm.CFrame = CFrame.new(0.011607, -0.33708, -0.00069, -0.451679, -0.776739, 0.438933, 0.845343, -0.215283, 0.488926, -0.285273, 0.591886, 0.75385)
    Left Arm.CFrame = CFrame.new(-0.024057, -0.698657, -0.000598, -0.328018, 0.861703, -0.387134, -0.944507, -0.291513, 0.151415, 0.01762, 0.415318, 0.909506)
    Head.CFrame = CFrame.new(0, 0, 0, 0.99671, -0.080776, 0.006631, 0.080753, 0.996728, 0.003568, -0.006897, -0.00302, 0.999972)
    Right Leg.CFrame = CFrame.new(0.246757, 0.137568, 0.094373, 0.967183, 0.161037, -0.196529, -0.165401, 0.986209, -0.005887, 0.192871, 0.0382, 0.98048)

[15]
    Time: 0.583333
    HumanoidRootPart.CFrame = CFrame.new(0, 0, 0, 1, 0, 0, 0, 1, 0, 0, 0, 1)
    Torso.CFrame = CFrame.new(0.54506, 0.545867, -0.189579, 0.987117, 0.15984, 0.007202, -0.159512, 0.986616, -0.033836, -0.012514, 0.032251, 0.999401)
    Left Leg.CFrame = CFrame.new(-0.758856, -0.082671, 0.274871, 0.344816, -0.899201, 0.269331, 0.860694, 0.417376, 0.291553, -0.374577, 0.13128, 0.917855)
    Right Arm.CFrame = CFrame.new(0.011607, -0.33708, -0.00069, -0.457101, -0.787293, 0.413797, 0.832858, -0.21563, 0.509757, -0.312101, 0.577645, 0.754268)
    Left Arm.CFrame = CFrame.new(-0.024057, -0.698657, -0.000598, -0.421544, 0.840555, -0.340248, -0.901426, -0.347609, 0.258069, 0.098648, 0.415495, 0.90423)
    Head.CFrame = CFrame.new(0, 0, 0, 0.99517, -0.097136, -0.014197, 0.098129, 0.988404, 0.115882, 0.002776, -0.116716, 0.993162)
    Right Leg.CFrame = CFrame.new(0.260624, 0.146033, 0.111155, 0.959185, 0.177392, -0.220218, -0.185057, 0.982621, -0.014511, 0.213817, 0.054671, 0.975343)

[16]
    Time: 0.625000
    HumanoidRootPart.CFrame = CFrame.new(0, 0, 0, 1, 0, 0, 0, 1, 0, 0, 0, 1)
    Torso.CFrame = CFrame.new(0.54506, 0.545867, -0.189579, 0.987117, 0.15984, 0.007202, -0.159512, 0.986616, -0.033836, -0.012514, 0.032251, 0.999401)
    Left Leg.CFrame = CFrame.new(-0.758856, -0.082671, 0.274871, 0.344816, -0.899201, 0.269331, 0.860694, 0.417376, 0.291553, -0.374577, 0.13128, 0.917855)
    Right Arm.CFrame = CFrame.new(0.011607, -0.33708, -0.00069, -0.457101, -0.787293, 0.413797, 0.832858, -0.21563, 0.509757, -0.312101, 0.577645, 0.754268)
    Left Arm.CFrame = CFrame.new(-0.024057, -0.698657, -0.000598, -0.421544, 0.840555, -0.340248, -0.901426, -0.347609, 0.258069, 0.098648, 0.415495, 0.90423)
    Head.CFrame = CFrame.new(0, 0, 0, 0.99517, -0.097136, -0.014197, 0.098129, 0.988404, 0.115882, 0.002776, -0.116716, 0.993162)
    Right Leg.CFrame = CFrame.new(0.260624, 0.146033, 0.111155, 0.959185, 0.177392, -0.220218, -0.185057, 0.982621, -0.014511, 0.213817, 0.054671, 0.975343)

[17]
    Time: 0.666667
    HumanoidRootPart.CFrame = CFrame.new(0, 0, 0, 1, 0, 0, 0, 1, 0, 0, 0, 1)
    Torso.CFrame = CFrame.new(0.180486, 1.1335, -0.252358, 0.864078, -0.500208, -0.056232, 0.500544, 0.865665, -0.008959, 0.05316, -0.020405, 0.998378)
    Left Leg.CFrame = CFrame.new(0.579024, -0.175105, -0.002056, 0.441427, -0.396197, 0.80509, 0.689036, 0.724414, -0.0213, -0.57478, 0.564139, 0.59277)
    Right Arm.CFrame = CFrame.new(0.297422, -0.358959, 0.169613, 0.134007, -0.576704, 0.805887, 0.848116, 0.487381, 0.207747, -0.512583, 0.655646, 0.554425)
    Left Arm.CFrame = CFrame.new(-0.143096, -0.102742, 0.228101, -0.822157, 0.490256, -0.289321, -0.563589, -0.772567, 0.292419, -0.080159, 0.403472, 0.911474)
    Head.CFrame = CFrame.new(0, 0, 0, 0.991195, -0.130545, 0.022137, 0.131652, 0.953813, -0.270016, 0.014135, 0.270553, 0.962601)
    Right Leg.CFrame = CFrame.new(0.593829, 0.280672, -0.127012, 0.963944, 0.115209, 0.239873, -0.13197, 0.989728, 0.054973, -0.231076, -0.084647, 0.969247)

[18]
    Time: 0.708333
    HumanoidRootPart.CFrame = CFrame.new(0, 0, 0, 1, 0, 0, 0, 1, 0, 0, 0, 1)
    Torso.CFrame = CFrame.new(0.180486, 1.1335, -0.252358, 0.864078, -0.500208, -0.056232, 0.500544, 0.865665, -0.008959, 0.05316, -0.020405, 0.998378)
    Left Leg.CFrame = CFrame.new(0.579024, -0.175105, -0.002056, 0.441427, -0.396197, 0.80509, 0.689036, 0.724414, -0.0213, -0.57478, 0.564139, 0.59277)
    Right Arm.CFrame = CFrame.new(0.297422, -0.358959, 0.169613, 0.134007, -0.576704, 0.805887, 0.848116, 0.487381, 0.207747, -0.512583, 0.655646, 0.554425)
    Left Arm.CFrame = CFrame.new(-0.143096, -0.102742, 0.228101, -0.822157, 0.490256, -0.289321, -0.563589, -0.772567, 0.292419, -0.080159, 0.403472, 0.911474)
    Head.CFrame = CFrame.new(0, 0, 0, 0.991195, -0.130545, 0.022137, 0.131652, 0.953813, -0.270016, 0.014135, 0.270553, 0.962601)
    Right Leg.CFrame = CFrame.new(0.593829, 0.280672, -0.127012, 0.963944, 0.115209, 0.239873, -0.13197, 0.989728, 0.054973, -0.231076, -0.084647, 0.969247)

[19]
    Time: 0.750000
    HumanoidRootPart.CFrame = CFrame.new(0, 0, 0, 1, 0, 0, 0, 1, 0, 0, 0, 1)
    Torso.CFrame = CFrame.new(-0.020417, 1.12302, -0.404612, 0.924136, -0.381185, -0.025892, 0.380692, 0.924439, -0.022057, 0.032344, 0.010526, 0.999421)
    Left Leg.CFrame = CFrame.new(0.61963, -0.140483, -0.066545, 0.321787, -0.336169, 0.885124, 0.656135, 0.753147, 0.047507, -0.682598, 0.565473, 0.462925)
    Right Arm.CFrame = CFrame.new(0.297421, -0.358959, 0.169613, 0.100721, -0.583439, 0.805887, 0.874665, 0.437952, 0.207748, -0.474148, 0.683957, 0.554424)
    Left Arm.CFrame = CFrame.new(-0.143096, -0.102742, 0.228101, -0.822157, 0.531662, -0.203452, -0.563589, -0.810531, 0.159396, -0.080159, 0.245712, 0.966023)
    Head.CFrame = CFrame.new(0, 0, 0, 0.991195, -0.130545, 0.022137, 0.131652, 0.953813, -0.270016, 0.014135, 0.270553, 0.962601)
    Right Leg.CFrame = CFrame.new(1.11188, 0.502371, -0.468967, 0.871135, 0.301873, 0.387294, -0.349522, 0.935177, 0.057259, -0.344904, -0.185248, 0.920176)

[20]
    Time: 0.791667
    HumanoidRootPart.CFrame = CFrame.new(0, 0, 0, 1, 0, 0, 0, 1, 0, 0, 0, 1)
    Torso.CFrame = CFrame.new(-0.020417, 1.12302, -0.404612, 0.924136, -0.381185, -0.025892, 0.380692, 0.924439, -0.022057, 0.032344, 0.010526, 0.999421)
    Left Leg.CFrame = CFrame.new(0.61963, -0.140483, -0.066545, 0.321787, -0.336169, 0.885124, 0.656135, 0.753147, 0.047507, -0.682598, 0.565473, 0.462925)
    Right Arm.CFrame = CFrame.new(0.297421, -0.358959, 0.169613, 0.100721, -0.583439, 0.805887, 0.874665, 0.437952, 0.207748, -0.474148, 0.683957, 0.554424)
    Left Arm.CFrame = CFrame.new(-0.143096, -0.102742, 0.228101, -0.822157, 0.531662, -0.203452, -0.563589, -0.810531, 0.159396, -0.080159, 0.245712, 0.966023)
    Head.CFrame = CFrame.new(0, 0, 0, 0.991195, -0.130545, 0.022137, 0.131652, 0.953813, -0.270016, 0.014135, 0.270553, 0.962601)
    Right Leg.CFrame = CFrame.new(1.11188, 0.502371, -0.468967, 0.871135, 0.301873, 0.387294, -0.349522, 0.935177, 0.057259, -0.344904, -0.185248, 0.920176)

[21]
    Time: 0.833333
    HumanoidRootPart.CFrame = CFrame.new(0, 0, 0, 1, 0, 0, 0, 1, 0, 0, 0, 1)
    Torso.CFrame = CFrame.new(-0.49378, 1.33455, -0.088711, 0.489135, -0.872207, -0.001495, 0.871935, 0.489024, -0.024186, 0.021826, 0.010526, 0.999706)
    Left Leg.CFrame = CFrame.new(0.095661, -0.04126, -0.010953, 0.969324, -0.142575, 0.200208, 0.161409, 0.983554, -0.081053, -0.185359, 0.110882, 0.976395)
    Right Arm.CFrame = CFrame.new(-0.017758, -0.423316, 0.02165, -0.086018, -0.994348, -0.062231, 0.99618, -0.084896, -0.020458, 0.015059, -0.063753, 0.997852)
    Left Arm.CFrame = CFrame.new(-0.31337, -0.336676, 0.126227, -0.448756, 0.322168, -0.833562, -0.881919, -0.310323, 0.354851, -0.144351, 0.894376, 0.423385)
    Head.CFrame = CFrame.new(0, 0, 0, 0.937581, 0.346754, 0.026534, -0.339984, 0.929976, -0.139843, -0.073167, 0.122093, 0.989818)
    Right Leg.CFrame = CFrame.new(1.02914, -0.030919, -0.21145, 0.595312, 0.778357, 0.199409, -0.779377, 0.499029, 0.378868, 0.195384, -0.380959, 0.903712)

[22]
    Time: 0.875000
    HumanoidRootPart.CFrame = CFrame.new(0, 0, 0, 1, 0, 0, 0, 1, 0, 0, 0, 1)
    Torso.CFrame = CFrame.new(-0.49378, 1.33455, -0.088711, 0.489135, -0.872207, -0.001495, 0.871935, 0.489024, -0.024186, 0.021826, 0.010526, 0.999706)
    Left Leg.CFrame = CFrame.new(0.095661, -0.04126, -0.010953, 0.969324, -0.142575, 0.200208, 0.161409, 0.983554, -0.081053, -0.185359, 0.110882, 0.976395)
    Right Arm.CFrame = CFrame.new(-0.017758, -0.423316, 0.02165, -0.086018, -0.994348, -0.062231, 0.99618, -0.084896, -0.020458, 0.015059, -0.063753, 0.997852)
    Left Arm.CFrame = CFrame.new(-0.31337, -0.336676, 0.126227, -0.448756, 0.322168, -0.833562, -0.881919, -0.310323, 0.354851, -0.144351, 0.894376, 0.423385)
    Head.CFrame = CFrame.new(0, 0, 0, 0.937581, 0.346754, 0.026534, -0.339984, 0.929976, -0.139843, -0.073167, 0.122093, 0.989818)
    Right Leg.CFrame = CFrame.new(1.02914, -0.030919, -0.21145, 0.595312, 0.778357, 0.199409, -0.779377, 0.499029, 0.378868, 0.195384, -0.380959, 0.903712)

[23]
    Time: 0.916667
    HumanoidRootPart.CFrame = CFrame.new(0, 0, 0, 1, 0, 0, 0, 1, 0, 0, 0, 1)
    Torso.CFrame = CFrame.new(-0.795161, 1.33455, -0.24626, 0.489135, -0.872207, -0.001495, 0.871935, 0.489024, -0.024186, 0.021826, 0.010526, 0.999706)
    Left Leg.CFrame = CFrame.new(0.037589, -0.017635, -0.001707, 0.996428, -0.007517, 0.084116, 0.010509, 0.999326, -0.035187, -0.083795, 0.035945, 0.995835)
    Right Arm.CFrame = CFrame.new(-0.017758, -0.423316, 0.02165, -0.443886, -0.89433, 0.056033, 0.841066, -0.394243, 0.370379, -0.30915, 0.211533, 0.927189)
    Left Arm.CFrame = CFrame.new(-0.391912, -0.449415, 0.225087, -0.137925, 0.448325, -0.883166, -0.956809, -0.290711, 0.001851, -0.255916, 0.845276, 0.469057)
    Head.CFrame = CFrame.new(0, 0, 0, 0.937044, 0.346754, -0.041359, -0.349209, 0.929976, -0.114882, -0.001373, 0.122093, 0.992518)
    Right Leg.CFrame = CFrame.new(1.18713, -0.049934, -0.22553, 0.421276, 0.882054, 0.210967, -0.831034, 0.282277, 0.479273, 0.363194, -0.377227, 0.851933)

[24]
    Time: 0.958333
    HumanoidRootPart.CFrame = CFrame.new(0, 0, 0, 1, 0, 0, 0, 1, 0, 0, 0, 1)
    Torso.CFrame = CFrame.new(-0.795161, 1.33455, -0.24626, 0.489135, -0.872207, -0.001495, 0.871935, 0.489024, -0.024186, 0.021826, 0.010526, 0.999706)
    Left Leg.CFrame = CFrame.new(0.037589, -0.017635, -0.001707, 0.996428, -0.007517, 0.084116, 0.010509, 0.999326, -0.035187, -0.083795, 0.035945, 0.995835)
    Right Arm.CFrame = CFrame.new(-0.017758, -0.423316, 0.02165, -0.443886, -0.89433, 0.056033, 0.841066, -0.394243, 0.370379, -0.30915, 0.211533, 0.927189)
    Left Arm.CFrame = CFrame.new(-0.391912, -0.449415, 0.225087, -0.137925, 0.448325, -0.883166, -0.956809, -0.290711, 0.001851, -0.255916, 0.845276, 0.469057)
    Head.CFrame = CFrame.new(0, 0, 0, 0.937044, 0.346754, -0.041359, -0.349209, 0.929976, -0.114882, -0.001373, 0.122093, 0.992518)
    Right Leg.CFrame = CFrame.new(1.18713, -0.049934, -0.22553, 0.421276, 0.882054, 0.210967, -0.831034, 0.282277, 0.479273, 0.363194, -0.377227, 0.851933)

[25]
    Time: 1.000000
    HumanoidRootPart.CFrame = CFrame.new(0, 0, 0, 1, 0, 0, 0, 1, 0, 0, 0, 1)
    Torso.CFrame = CFrame.new(-1.2312, 1.41115, -0.240419, 0.39376, -0.918103, 0.04518, 0.915404, 0.396124, 0.071563, -0.083599, 0.013179, 0.996412)
    Left Leg.CFrame = CFrame.new(-0.695717, 0.353271, -0.022457, 0.991505, -0.129959, 0.005372, 0.126602, 0.973722, 0.189308, -0.029834, -0.18702, 0.981903)
    Right Arm.CFrame = CFrame.new(0.532381, -0.102057, -0.473609, -0.676187, -0.400499, 0.618361, 0.733135, -0.282982, 0.618413, -0.072689, 0.871505, 0.484969)
    Left Arm.CFrame = CFrame.new(-0.432732, -0.860481, 0.145353, -0.22593, 0.70829, -0.66879, -0.972736, -0.200925, 0.115817, -0.052344, 0.676723, 0.734374)
    Head.CFrame = CFrame.new(0, 0, 0, 0.965277, 0.261146, 0.006494, -0.260121, 0.96318, -0.067974, -0.024006, 0.063925, 0.997666)
    Right Leg.CFrame = CFrame.new(0.109132, 0.072666, 0.203427, 0.809364, 0.258752, -0.527236, -0.279711, 0.959193, 0.041358, 0.516422, 0.114, 0.848712)

[26]
    Time: 1.041667
    HumanoidRootPart.CFrame = CFrame.new(0, 0, 0, 1, 0, 0, 0, 1, 0, 0, 0, 1)
    Torso.CFrame = CFrame.new(-1.2312, 1.41115, -0.240419, 0.39376, -0.918103, 0.04518, 0.915404, 0.396124, 0.071563, -0.083599, 0.013179, 0.996412)
    Left Leg.CFrame = CFrame.new(-0.695717, 0.353271, -0.022457, 0.991505, -0.129959, 0.005372, 0.126602, 0.973722, 0.189308, -0.029834, -0.18702, 0.981903)
    Right Arm.CFrame = CFrame.new(0.532381, -0.102057, -0.473609, -0.676187, -0.400499, 0.618361, 0.733135, -0.282982, 0.618413, -0.072689, 0.871505, 0.484969)
    Left Arm.CFrame = CFrame.new(-0.432732, -0.860481, 0.145353, -0.22593, 0.70829, -0.66879, -0.972736, -0.200925, 0.115817, -0.052344, 0.676723, 0.734374)
    Head.CFrame = CFrame.new(0, 0, 0, 0.965277, 0.261146, 0.006494, -0.260121, 0.96318, -0.067974, -0.024006, 0.063925, 0.997666)
    Right Leg.CFrame = CFrame.new(0.109132, 0.072666, 0.203427, 0.809364, 0.258752, -0.527236, -0.279711, 0.959193, 0.041358, 0.516422, 0.114, 0.848712)

[27]
    Time: 1.083333
    HumanoidRootPart.CFrame = CFrame.new(0, 0, 0, 1, 0, 0, 0, 1, 0, 0, 0, 1)
    Torso.CFrame = CFrame.new(-1.15227, 1.34193, -0.440241, 0.584879, -0.811108, 0.004629, 0.811067, 0.584764, -0.014894, 0.009374, 0.012466, 0.999878)
    Left Leg.CFrame = CFrame.new(-1.03919, -0.0596, -0.133379, 0.653169, -0.73382, -0.186759, 0.747532, 0.66421, 0.004574, 0.120691, -0.142596, 0.982395)
    Right Arm.CFrame = CFrame.new(0.501292, -0.187549, -0.369375, -0.676187, -0.400499, 0.618361, 0.733135, -0.282982, 0.618413, -0.072689, 0.871505, 0.484969)
    Left Arm.CFrame = CFrame.new(-0.432732, -0.860481, 0.145353, -0.341597, 0.583838, -0.736509, -0.922349, -0.05774, 0.38202, 0.180511, 0.809814, 0.558226)
    Head.CFrame = CFrame.new(0, 0, 0, 0.999096, 0.034679, -0.024578, -0.036833, 0.994943, -0.093444, 0.021213, 0.094265, 0.995321)
    Right Leg.CFrame = CFrame.new(0.367588, 0.354289, 0.287769, 0.781281, 0.366008, -0.505606, -0.324614, 0.930129, 0.171716, 0.533128, 0.029968, 0.845504)

[28]
    Time: 1.125000
    HumanoidRootPart.CFrame = CFrame.new(0, 0, 0, 1, 0, 0, 0, 1, 0, 0, 0, 1)
    Torso.CFrame = CFrame.new(-1.15227, 1.34193, -0.440241, 0.584879, -0.811108, 0.004629, 0.811067, 0.584764, -0.014894, 0.009374, 0.012466, 0.999878)
    Left Leg.CFrame = CFrame.new(-1.03919, -0.0596, -0.133379, 0.653169, -0.73382, -0.186759, 0.747532, 0.66421, 0.004574, 0.120691, -0.142596, 0.982395)
    Right Arm.CFrame = CFrame.new(0.501292, -0.187549, -0.369375, -0.676187, -0.400499, 0.618361, 0.733135, -0.282982, 0.618413, -0.072689, 0.871505, 0.484969)
    Left Arm.CFrame = CFrame.new(-0.432732, -0.860481, 0.145353, -0.341597, 0.583838, -0.736509, -0.922349, -0.05774, 0.38202, 0.180511, 0.809814, 0.558226)
    Head.CFrame = CFrame.new(0, 0, 0, 0.999096, 0.034679, -0.024578, -0.036833, 0.994943, -0.093444, 0.021213, 0.094265, 0.995321)
    Right Leg.CFrame = CFrame.new(0.367588, 0.354289, 0.287769, 0.781281, 0.366008, -0.505606, -0.324614, 0.930129, 0.171716, 0.533128, 0.029968, 0.845504)

[29]
    Time: 1.166667
    HumanoidRootPart.CFrame = CFrame.new(0, 0, 0, 1, 0, 0, 0, 1, 0, 0, 0, 1)
    Torso.CFrame = CFrame.new(-0.806797, 0.872648, -0.338422, 0.973412, -0.229013, 0.004629, 0.229057, 0.973299, -0.014894, -0.001094, 0.015558, 0.999878)
    Left Leg.CFrame = CFrame.new(-0.83421, -0.28005, 0.182005, 0.360281, -0.919327, 0.158226, 0.922391, 0.376403, 0.086697, -0.139259, 0.114711, 0.98359)
    Right Arm.CFrame = CFrame.new(0.328912, -0.810408, 0.127671, -0.376146, -0.890633, 0.255515, 0.89653, -0.280203, 0.343103, -0.233983, 0.358133, 0.903876)
    Left Arm.CFrame = CFrame.new(-0.432732, -0.860481, 0.145353, -0.669958, 0.649047, -0.360408, -0.669966, -0.319419, 0.670162, 0.319845, 0.690441, 0.648837)
    Head.CFrame = CFrame.new(0, 0, 0, 0.978132, -0.20795, 0.003732, 0.207895, 0.97704, -0.046605, 0.006045, 0.046362, 0.998906)
    Right Leg.CFrame = CFrame.new(0.279656, 0.281522, 0.241137, 0.809785, 0.312075, -0.496848, -0.256081, 0.949888, 0.179261, 0.527893, -0.017929, 0.849122)

[30]
    Time: 1.208333
    HumanoidRootPart.CFrame = CFrame.new(0, 0, 0, 1, 0, 0, 0, 1, 0, 0, 0, 1)
    Torso.CFrame = CFrame.new(-0.806797, 0.872648, -0.338422, 0.973412, -0.229013, 0.004629, 0.229057, 0.973299, -0.014894, -0.001094, 0.015558, 0.999878)
    Left Leg.CFrame = CFrame.new(-0.83421, -0.28005, 0.182005, 0.360281, -0.919327, 0.158226, 0.922391, 0.376403, 0.086697, -0.139259, 0.114711, 0.98359)
    Right Arm.CFrame = CFrame.new(0.328912, -0.810408, 0.127671, -0.376146, -0.890633, 0.255515, 0.89653, -0.280203, 0.343103, -0.233983, 0.358133, 0.903876)
    Left Arm.CFrame = CFrame.new(-0.432732, -0.860481, 0.145353, -0.669958, 0.649047, -0.360408, -0.669966, -0.319419, 0.670162, 0.319845, 0.690441, 0.648837)
    Head.CFrame = CFrame.new(0, 0, 0, 0.978132, -0.20795, 0.003732, 0.207895, 0.97704, -0.046605, 0.006045, 0.046362, 0.998906)
    Right Leg.CFrame = CFrame.new(0.279656, 0.281522, 0.241137, 0.809785, 0.312075, -0.496848, -0.256081, 0.949888, 0.179261, 0.527893, -0.017929, 0.849122)

[31]
    Time: 1.250000
    HumanoidRootPart.CFrame = CFrame.new(0, 0, 0, 1, 0, 0, 0, 1, 0, 0, 0, 1)
    Torso.CFrame = CFrame.new(-0.806797, 0.872648, -0.338422, 0.973412, -0.229013, 0.004629, 0.229057, 0.973299, -0.014894, -0.001094, 0.015558, 0.999878)
    Left Leg.CFrame = CFrame.new(-0.83421, -0.28005, 0.182005, 0.360281, -0.919327, 0.158226, 0.922391, 0.376403, 0.086697, -0.139259, 0.114711, 0.98359)
    Right Arm.CFrame = CFrame.new(0.328912, -0.810408, 0.127671, -0.376146, -0.890633, 0.255515, 0.89653, -0.280203, 0.343103, -0.233983, 0.358133, 0.903876)
    Left Arm.CFrame = CFrame.new(-0.432732, -0.860481, 0.145353, -0.669958, 0.649047, -0.360408, -0.669966, -0.319419, 0.670162, 0.319845, 0.690441, 0.648837)
    Head.CFrame = CFrame.new(0, 0, 0, 0.978132, -0.20795, 0.003732, 0.207895, 0.97704, -0.046605, 0.006045, 0.046362, 0.998906)
    Right Leg.CFrame = CFrame.new(0.279656, 0.281522, 0.241137, 0.809785, 0.312075, -0.496848, -0.256081, 0.949888, 0.179261, 0.527893, -0.017929, 0.849122)

[32]
    Time: 1.291667
    HumanoidRootPart.CFrame = CFrame.new(0, 0, 0, 1, 0, 0, 0, 1, 0, 0, 0, 1)
    Torso.CFrame = CFrame.new(-0.641037, 0.872648, -0.338422, 0.992808, -0.119628, 0.004629, 0.119684, 0.9927, -0.014894, -0.002813, 0.015341, 0.999878)
    Left Leg.CFrame = CFrame.new(-0.719927, -0.11062, 0.226062, 0.446588, -0.87279, 0.196968, 0.826755, 0.486703, 0.28213, -0.342105, 0.036849, 0.938939)
    Right Arm.CFrame = CFrame.new(0.328912, -0.810408, 0.127671, -0.280295, -0.946327, 0.160933, 0.92544, -0.221878, 0.307133, -0.254941, 0.235022, 0.937961)
    Left Arm.CFrame = CFrame.new(-0.194149, -0.860179, 0.143755, -0.479179, 0.843001, -0.24441, -0.845948, -0.369328, 0.384668, 0.234008, 0.391083, 0.890109)
    Head.CFrame = CFrame.new(0, 0, 0, 0.995857, -0.090855, 0.003732, 0.09093, 0.994766, -0.046605, 0.000522, 0.046752, 0.998906)
    Right Leg.CFrame = CFrame.new(0.321378, 0.304287, 0.310812, 0.876923, 0.264812, -0.401099, -0.203359, 0.960575, 0.189582, 0.435489, -0.084682, 0.896202)

[33]
    Time: 1.333333
    HumanoidRootPart.CFrame = CFrame.new(0, 0, 0, 1, 0, 0, 0, 1, 0, 0, 0, 1)
    Torso.CFrame = CFrame.new(-0.641037, 0.872648, -0.338422, 0.992808, -0.119628, 0.004629, 0.119684, 0.9927, -0.014894, -0.002813, 0.015341, 0.999878)
    Left Leg.CFrame = CFrame.new(-0.719927, -0.11062, 0.226062, 0.446588, -0.87279, 0.196968, 0.826755, 0.486703, 0.28213, -0.342105, 0.036849, 0.938939)
    Right Arm.CFrame = CFrame.new(0.328912, -0.810408, 0.127671, -0.280295, -0.946327, 0.160933, 0.92544, -0.221878, 0.307133, -0.254941, 0.235022, 0.937961)
    Left Arm.CFrame = CFrame.new(-0.194149, -0.860179, 0.143755, -0.479179, 0.843001, -0.24441, -0.845948, -0.369328, 0.384668, 0.234008, 0.391083, 0.890109)
    Head.CFrame = CFrame.new(0, 0, 0, 0.995857, -0.090855, 0.003732, 0.09093, 0.994766, -0.046605, 0.000522, 0.046752, 0.998906)
    Right Leg.CFrame = CFrame.new(0.321378, 0.304287, 0.310812, 0.876923, 0.264812, -0.401099, -0.203359, 0.960575, 0.189582, 0.435489, -0.084682, 0.896202)

[34]
    Time: 1.375000
    HumanoidRootPart.CFrame = CFrame.new(0, 0, 0, 1, 0, 0, 0, 1, 0, 0, 0, 1)
    Torso.CFrame = CFrame.new(-0.452556, 0.537183, -0.417867, 0.998389, -0.05293, -0.020423, 0.03883, 0.899967, -0.434225, 0.041364, 0.432733, 0.900573)
    Left Leg.CFrame = CFrame.new(-0.365044, 0.245779, 0.324188, 0.933814, 0.287131, 0.213418, -0.238768, 0.944436, -0.2259, -0.266422, 0.159991, 0.950485)
    Right Arm.CFrame = CFrame.new(0.406364, -0.377188, 0.122915, -0.527167, -0.770275, -0.358847, 0.849174, -0.461826, -0.256164, 0.031591, -0.439765, 0.897557)
    Left Arm.CFrame = CFrame.new(-0.406364, -0.377189, 0.122915, -0.664452, 0.65554, 0.358847, -0.745457, -0.615365, -0.256164, 0.052896, -0.437714, 0.897557)
    Head.CFrame = CFrame.new(0, 0, 0, 0.995857, -0.088789, 0.019624, 0.09093, 0.971137, -0.220511, 0.000522, 0.221381, 0.975187)
    Right Leg.CFrame = CFrame.new(0.532463, 0.589089, 0.058432, 0.842887, 0.011024, -0.537977, 0.185085, 0.932845, 0.309101, 0.505257, -0.360109, 0.784243)

[35]
    Time: 1.416667
    HumanoidRootPart.CFrame = CFrame.new(0, 0, 0, 1, 0, 0, 0, 1, 0, 0, 0, 1)
    Torso.CFrame = CFrame.new(-0.452556, 0.537183, -0.417867, 0.998389, -0.05293, -0.020423, 0.03883, 0.899967, -0.434225, 0.041364, 0.432733, 0.900573)
    Left Leg.CFrame = CFrame.new(-0.365044, 0.245779, 0.324188, 0.933814, 0.287131, 0.213418, -0.238768, 0.944436, -0.2259, -0.266422, 0.159991, 0.950485)
    Right Arm.CFrame = CFrame.new(0.406364, -0.377188, 0.122915, -0.527167, -0.770275, -0.358847, 0.849174, -0.461826, -0.256164, 0.031591, -0.439765, 0.897557)
    Left Arm.CFrame = CFrame.new(-0.406364, -0.377189, 0.122915, -0.664452, 0.65554, 0.358847, -0.745457, -0.615365, -0.256164, 0.052896, -0.437714, 0.897557)
    Head.CFrame = CFrame.new(0, 0, 0, 0.995857, -0.088789, 0.019624, 0.09093, 0.971137, -0.220511, 0.000522, 0.221381, 0.975187)
    Right Leg.CFrame = CFrame.new(0.532463, 0.589089, 0.058432, 0.842887, 0.011024, -0.537977, 0.185085, 0.932845, 0.309101, 0.505257, -0.360109, 0.784243)

[36]
    Time: 1.458333
    HumanoidRootPart.CFrame = CFrame.new(0, 0, 0, 1, 0, 0, 0, 1, 0, 0, 0, 1)
    Torso.CFrame = CFrame.new(-0.428975, 0.537183, -0.51571, 0.997672, -0.059298, -0.033684, 0.03883, 0.899967, -0.434225, 0.056063, 0.431906, 0.900174)
    Left Leg.CFrame = CFrame.new(-0.434007, 0.317504, 0.361856, 0.954893, 0.229694, 0.1882, -0.177077, 0.94922, -0.260047, -0.238375, 0.214991, 0.947078)
    Right Arm.CFrame = CFrame.new(0.406364, -0.377188, 0.122915, -0.491925, -0.791677, -0.362294, 0.869729, -0.465847, -0.162965, -0.039758, -0.395264, 0.917707)
    Left Arm.CFrame = CFrame.new(-0.406364, -0.377188, 0.122915, -0.644927, 0.684873, 0.339143, -0.761741, -0.61194, -0.212791, 0.0618, -0.395574, 0.916353)
    Head.CFrame = CFrame.new(0, 0, 0, 0.994899, -0.100776, 0.004493, 0.099297, 0.970506, -0.219677, 0.017778, 0.219002, 0.975562)
    Right Leg.CFrame = CFrame.new(0.619711, 0.704333, 0.076102, 0.820304, 0.101007, -0.562938, 0.132192, 0.924144, 0.358445, 0.556441, -0.36845, 0.744727)

[37]
    Time: 1.500000
    HumanoidRootPart.CFrame = CFrame.new(0, 0, 0, 1, 0, 0, 0, 1, 0, 0, 0, 1)
    Torso.CFrame = CFrame.new(-0.428975, 0.537183, -0.51571, 0.997672, -0.059298, -0.033684, 0.03883, 0.899967, -0.434225, 0.056063, 0.431906, 0.900174)
    Left Leg.CFrame = CFrame.new(-0.434007, 0.317504, 0.361856, 0.954893, 0.229694, 0.1882, -0.177077, 0.94922, -0.260047, -0.238375, 0.214991, 0.947078)
    Right Arm.CFrame = CFrame.new(0.406364, -0.377188, 0.122915, -0.491925, -0.791677, -0.362294, 0.869729, -0.465847, -0.162965, -0.039758, -0.395264, 0.917707)
    Left Arm.CFrame = CFrame.new(-0.406364, -0.377188, 0.122915, -0.644927, 0.684873, 0.339143, -0.761741, -0.61194, -0.212791, 0.0618, -0.395574, 0.916353)
    Head.CFrame = CFrame.new(0, 0, 0, 0.994899, -0.100776, 0.004493, 0.099297, 0.970506, -0.219677, 0.017778, 0.219002, 0.975562)
    Right Leg.CFrame = CFrame.new(0.619711, 0.704333, 0.076102, 0.820304, 0.101007, -0.562938, 0.132192, 0.924144, 0.358445, 0.556441, -0.36845, 0.744727)

[38]
    Time: 1.541667
    HumanoidRootPart.CFrame = CFrame.new(0, 0, 0, 1, 0, 0, 0, 1, 0, 0, 0, 1)
    Torso.CFrame = CFrame.new(-0.428975, 0.537183, -0.51571, 0.997672, -0.059298, -0.033684, 0.03883, 0.899967, -0.434225, 0.056063, 0.431906, 0.900174)
    Left Leg.CFrame = CFrame.new(-0.434007, 0.317504, 0.361856, 0.954893, 0.229694, 0.1882, -0.177077, 0.94922, -0.260047, -0.238375, 0.214991, 0.947078)
    Right Arm.CFrame = CFrame.new(0.406364, -0.377188, 0.122915, -0.491925, -0.791677, -0.362294, 0.869729, -0.465847, -0.162965, -0.039758, -0.395264, 0.917707)
    Left Arm.CFrame = CFrame.new(-0.406364, -0.377188, 0.122915, -0.644927, 0.684873, 0.339143, -0.761741, -0.61194, -0.212791, 0.0618, -0.395574, 0.916353)
    Head.CFrame = CFrame.new(0, 0, 0, 0.994899, -0.100776, 0.004493, 0.099297, 0.970506, -0.219677, 0.017778, 0.219002, 0.975562)
    Right Leg.CFrame = CFrame.new(0.619711, 0.704333, 0.076102, 0.820304, 0.101007, -0.562938, 0.132192, 0.924144, 0.358445, 0.556441, -0.36845, 0.744727)

[39]
    Time: 1.583333
    HumanoidRootPart.CFrame = CFrame.new(0, 0, 0, 1, 0, 0, 0, 1, 0, 0, 0, 1)
    Torso.CFrame = CFrame.new(-0.330007, 0.414446, 0.315617, 0.996027, -0.089057, 0, 0.0882, 0.986445, -0.138373, 0.012323, 0.137823, 0.99038)
    Left Leg.CFrame = CFrame.new(0.020466, -0.013951, 0.018813, 0.951425, 0.036949, 0.305656, -0.017957, 0.997742, -0.064715, -0.307357, 0.056082, 0.94994)
    Right Arm.CFrame = CFrame.new(0.095369, -0.685312, 0.008527, -0.502356, -0.845382, 0.181574, 0.845583, -0.436449, 0.30741, -0.180632, 0.307965, 0.934093)
    Left Arm.CFrame = CFrame.new(-0.095369, -0.685312, 0.008527, -0.174269, 0.8688, -0.463484, -0.973076, -0.079838, 0.216218, 0.150846, 0.488685, 0.859321)
    Head.CFrame = CFrame.new(0, 0, 0, 0.995548, 0.094256, 0, -0.093145, 0.98382, -0.153043, -0.014425, 0.152361, 0.98822)
    Right Leg.CFrame = CFrame.new(1.29305, -0.138428, -0.350019, 0.499916, 0.736592, 0.45554, -0.849294, 0.519974, 0.091248, -0.169657, -0.432503, 0.885527)

[40]
    Time: 1.625000
    HumanoidRootPart.CFrame = CFrame.new(0, 0, 0, 1, 0, 0, 0, 1, 0, 0, 0, 1)
    Torso.CFrame = CFrame.new(-0.330007, 0.414446, 0.315617, 0.996027, -0.089057, 0, 0.0882, 0.986445, -0.138373, 0.012323, 0.137823, 0.99038)
    Left Leg.CFrame = CFrame.new(0.020466, -0.013951, 0.018813, 0.951425, 0.036949, 0.305656, -0.017957, 0.997742, -0.064715, -0.307357, 0.056082, 0.94994)
