[1]
    Time: 0.000000
    HumanoidRootPart.CFrame = CFrame.new(0, 0, 0, 1, 0, 0, 0, 1, 0, 0, 0, 1)
    Torso.CFrame = CFrame.new(0, -0.072307, -0.000548, 0.999999, -0.001757, 0, 0.001755, 0.999216, 0.039562, -6.9e-05, -0.039562, 0.999217)
    Left Leg.CFrame = CFrame.new(0.227119, 0.065602, -0.010944, 0.849598, -0.118572, 0.513929, 0.067761, 0.990866, 0.11659, -0.52306, -0.06423, 0.849872)
    Right Arm.CFrame = CFrame.new(-0.077791, -0.088797, -0.086531, 0.988172, 0.12055, 0.094778, -0.122915, 0.992225, 0.019507, -0.09169, -0.030926, 0.995307)
    Left Arm.CFrame = CFrame.new(0.074575, -0.088801, -0.086238, 0.98784, -0.120425, -0.098336, 0.122907, 0.992226, 0.019556, 0.095216, -0.031405, 0.994961)
    Head.CFrame = CFrame.new(0, 1e-06, 0, 0.999915, 0.001755, -0.012889, -0.002264, 0.999216, -0.039536, 0.012809, 0.039562, 0.999135)
    Right Leg.CFrame = CFrame.new(-0.230581, 0.065612, -0.011804, 0.848094, 0.116403, -0.516901, -0.064946, 0.991051, 0.116619, 0.52585, -0.065333, 0.848064)

[2]
    Time: 0.016667
    HumanoidRootPart.CFrame = CFrame.new(0, 0, 0, 1, 0, 0, 0, 1, 0, 0, 0, 1)
    Torso.CFrame = CFrame.new(-0.000128, -0.072148, -0.000514, 0.999999, -0.001118, -0.00013, 0.001123, 0.999204, 0.039868, 8.6e-05, -0.039868, 0.999205)
    Left Leg.CFrame = CFrame.new(0.227505, 0.065502, -0.011023, 0.849199, -0.119136, 0.514459, 0.068293, 0.990814, 0.116719, -0.523639, -0.063984, 0.849534)
    Right Arm.CFrame = CFrame.new(-0.077814, -0.088797, -0.0865, 0.988162, 0.120611, 0.094809, -0.122984, 0.992215, 0.019583, -0.091709, -0.031012, 0.995303)
    Left Arm.CFrame = CFrame.new(0.074612, -0.088792, -0.08627, 0.987834, -0.120541, -0.098258, 0.123012, 0.992214, 0.019468, 0.095147, -0.031318, 0.994971)
    Head.CFrame = CFrame.new(0, 1e-06, 0, 0.997789, 0.065204, -0.012858, -0.065707, 0.996886, -0.043604, 0.009975, 0.044353, 0.998966)
    Right Leg.CFrame = CFrame.new(-0.230441, 0.065772, -0.011726, 0.848452, 0.116455, -0.516302, -0.064942, 0.991029, 0.11681, 0.525274, -0.065578, 0.848403)

[3]
    Time: 0.033333
    HumanoidRootPart.CFrame = CFrame.new(0, 0, 0, 1, 0, 0, 0, 1, 0, 0, 0, 1)
    Torso.CFrame = CFrame.new(-0.000486, -0.071713, -0.00042, 1, 0.000698, -0.000493, -0.000678, 0.999171, 0.040712, 0.000521, -0.040712, 0.999171)
    Left Leg.CFrame = CFrame.new(0.228584, 0.065223, -0.011243, 0.848059, -0.120715, 0.515969, 0.06978, 0.990668, 0.117082, -0.525287, -0.063288, 0.848568)
    Right Arm.CFrame = CFrame.new(-0.077879, -0.088797, -0.086413, 0.988135, 0.120781, 0.094881, -0.123177, 0.992187, 0.019799, -0.091748, -0.031251, 0.995292)
    Left Arm.CFrame = CFrame.new(0.074714, -0.088765, -0.086361, 0.987816, -0.120854, -0.098047, 0.123296, 0.992184, 0.019219, 0.094958, -0.031074, 0.994996)
    Head.CFrame = CFrame.new(0, 1e-06, 0, 0.972645, 0.231879, -0.013896, -0.232293, 0.971127, -0.054334, 0.000896, 0.056076, 0.998426)
    Right Leg.CFrame = CFrame.new(-0.230044, 0.066218, -0.011507, 0.849471, 0.116565, -0.514599, -0.064904, 0.99097, 0.117331, 0.523629, -0.06627, 0.849365)

[4]
    Time: 0.050000
    HumanoidRootPart.CFrame = CFrame.new(0, 0, 0, 1, 0, 0, 0, 1, 0, 0, 0, 1)
    Torso.CFrame = CFrame.new(-0.001034, -0.071069, -0.000282, 0.999993, 0.003547, -0.001041, -0.0035, 0.999113, 0.041973, 0.001189, -0.041969, 0.999118)
    Left Leg.CFrame = CFrame.new(0.230248, 0.064795, -0.011589, 0.846264, -0.123129, 0.51834, 0.072051, 0.990439, 0.11764, -0.527869, -0.062208, 0.847045)
    Right Arm.CFrame = CFrame.new(-0.077976, -0.088796, -0.08628, 0.988095, 0.121042, 0.094964, -0.123472, 0.992144, 0.020133, -0.091781, -0.031619, 0.995277)
    Left Arm.CFrame = CFrame.new(0.074862, -0.088726, -0.0865, 0.987791, -0.121313, -0.097732, 0.123711, 0.99214, 0.018838, 0.094679, -0.030698, 0.995035)
    Head.CFrame = CFrame.new(0, 1e-06, 0, 0.889951, 0.455699, -0.018072, -0.455798, 0.887414, -0.068885, -0.015353, 0.069541, 0.997461)
    Right Leg.CFrame = CFrame.new(-0.229426, 0.066895, -0.011179, 0.851068, 0.116659, -0.511931, -0.064787, 0.990886, 0.118097, 0.521043, -0.067342, 0.85087)

[5]
    Time: 0.066667
    HumanoidRootPart.CFrame = CFrame.new(0, 0, 0, 1, 0, 0, 0, 1, 0, 0, 0, 1)
    Torso.CFrame = CFrame.new(-0.001731, -0.07028, -0.000113, 0.999972, 0.00728, -0.001726, -0.007198, 0.999026, 0.04353, 0.002041, -0.043517, 0.999051)
    Left Leg.CFrame = CFrame.new(0.232393, 0.064253, -0.012049, 0.843898, -0.126192, 0.52145, 0.074925, 0.99014, 0.11836, -0.531246, -0.060814, 0.845033)
    Right Arm.CFrame = CFrame.new(-0.078098, -0.088796, -0.08611, 0.988048, 0.121372, 0.095027, -0.123847, 0.992088, 0.020566, -0.091779, -0.032089, 0.995262)
    Left Arm.CFrame = CFrame.new(0.075039, -0.088677, -0.086679, 0.987761, -0.121866, -0.097345, 0.124208, 0.992087, 0.01835, 0.094339, -0.030216, 0.995081)
    Head.CFrame = CFrame.new(0, 1e-06, 0, 0.739874, 0.672243, -0.026009, -0.671734, 0.736089, -0.083344, -0.036883, 0.079135, 0.996181)
    Right Leg.CFrame = CFrame.new(-0.228641, 0.067746, -0.010781, 0.853161, 0.116646, -0.508438, -0.064534, 0.990793, 0.11902, 0.517641, -0.068731, 0.852833)

[6]
    Time: 0.083333
    HumanoidRootPart.CFrame = CFrame.new(0, 0, 0, 1, 0, 0, 0, 1, 0, 0, 0, 1)
    Torso.CFrame = CFrame.new(-0.002537, -0.069411, 7.3e-05, 0.999928, 0.01175, -0.002502, -0.011625, 0.998907, 0.045268, 0.003031, -0.045235, 0.998972)
    Left Leg.CFrame = CFrame.new(0.234901, 0.063628, -0.012602, 0.841044, -0.129733, 0.52518, 0.078238, 0.989782, 0.119207, -0.535279, -0.059169, 0.8426)
    Right Arm.CFrame = CFrame.new(-0.078235, -0.088797, -0.085914, 0.988, 0.121755, 0.09504, -0.124278, 0.992024, 0.021078, -0.091715, -0.032636, 0.99525)
    Left Arm.CFrame = CFrame.new(0.07523, -0.08862, -0.086887, 0.98773, -0.12246, -0.096916, 0.124738, 0.99203, 0.017782, 0.093966, -0.029653, 0.995134)
    Head.CFrame = CFrame.new(0, 1e-06, 0, 0.560679, 0.827272, -0.035511, -0.825974, 0.555746, -0.094411, -0.058369, 0.082265, 0.9949)
    Right Leg.CFrame = CFrame.new(-0.227716, 0.068718, -0.010335, 0.855662, 0.116461, -0.504261, -0.064112, 0.9907, 0.120017, 0.513549, -0.070365, 0.855171)

[7]
    Time: 0.100000
    HumanoidRootPart.CFrame = CFrame.new(0, 0, 0, 1, 0, 0, 0, 1, 0, 0, 0, 1)
    Torso.CFrame = CFrame.new(-0.003416, -0.06852, 0.000264, 0.999853, 0.01681, -0.003327, -0.016635, 0.998753, 0.047078, 0.004114, -0.047015, 0.998886)
    Left Leg.CFrame = CFrame.new(0.237673, 0.062948, -0.013237, 0.837785, -0.133579, 0.529407, 0.081828, 0.989378, 0.120146, -0.539833, -0.057336, 0.839817)
    Right Arm.CFrame = CFrame.new(-0.078381, -0.088799, -0.085699, 0.987955, 0.122173, 0.094971, -0.124748, 0.991952, 0.021649, -0.091562, -0.033236, 0.995245)
    Left Arm.CFrame = CFrame.new(0.075418, -0.088563, -0.087116, 0.9877, -0.123049, -0.096476, 0.125258, 0.991976, 0.017159, 0.09359, -0.029032, 0.995187)
    Head.CFrame = CFrame.new(0, 0, 0, 0.416462, 0.908142, -0.042867, -0.906109, 0.410751, -0.10124, -0.074333, 0.081005, 0.993938)
    Right Leg.CFrame = CFrame.new(-0.226717, 0.069762, -0.009884, 0.858488, 0.116025, -0.499537, -0.063466, 0.99062, 0.121016, 0.508892, -0.072188, 0.857799)

[8]
    Time: 0.116667
    HumanoidRootPart.CFrame = CFrame.new(0, 0, 0, 1, 0, 0, 0, 1, 0, 0, 0, 1)
    Torso.CFrame = CFrame.new(-0.004332, -0.06766, 0.00045, 0.999742, 0.022311, -0.004164, -0.022081, 0.998561, 0.048864, 0.005249, -0.048759, 0.998797)
    Left Leg.CFrame = CFrame.new(0.2406, 0.062241, -0.013937, 0.83421, -0.137578, 0.53401, 0.085548, 0.988942, 0.121143, -0.544771, -0.055375, 0.836754)
    Right Arm.CFrame = CFrame.new(-0.07853, -0.088799, -0.085476, 0.987917, 0.122615, 0.09479, -0.125243, 0.991876, 0.022263, -0.091291, -0.033866, 0.995248)
    Left Arm.CFrame = CFrame.new(0.075588, -0.088507, -0.087358, 0.987674, -0.123586, -0.096057, 0.125723, 0.991928, 0.016503, 0.093242, -0.028376, 0.995239)
    Head.CFrame = CFrame.new(0, 0, 0, 0.362288, 0.930984, -0.044893, -0.9285, 0.356273, -0.104679, -0.08146, 0.079607, 0.993492)
    Right Leg.CFrame = CFrame.new(-0.225687, 0.070833, -0.00945, 0.861553, 0.115287, -0.494404, -0.062568, 0.990562, 0.121953, 0.503798, -0.074135, 0.860635)

[9]
    Time: 0.133333
    HumanoidRootPart.CFrame = CFrame.new(0, 0, 0, 1, 0, 0, 0, 1, 0, 0, 0, 1)
    Torso.CFrame = CFrame.new(-0.005256, -0.066877, 0.000623, 0.999593, 0.028105, -0.004986, -0.027818, 0.998335, 0.05054, 0.006399, -0.05038, 0.99871)
    Left Leg.CFrame = CFrame.new(0.243595, 0.061525, -0.014694, 0.830408, -0.141582, 0.538866, 0.08926, 0.988488, 0.122165, -0.549959, -0.053348, 0.833486)
    Right Arm.CFrame = CFrame.new(-0.078677, -0.088801, -0.085251, 0.987891, 0.123073, 0.094465, -0.12575, 0.991798, 0.022903, -0.090871, -0.034505, 0.995265)
    Left Arm.CFrame = CFrame.new(0.075728, -0.088455, -0.087604, 0.987654, -0.124028, -0.095692, 0.126095, 0.991892, 0.015835, 0.092952, -0.027706, 0.995285)
    Head.CFrame = CFrame.new(0, 0, 0, 0.3675, 0.92911, -0.041218, -0.926279, 0.361687, -0.105779, -0.083372, 0.077053, 0.993535)
    Right Leg.CFrame = CFrame.new(-0.224689, 0.071892, -0.009063, 0.864774, 0.114202, -0.489003, -0.061384, 0.990534, 0.122775, 0.498396, -0.076156, 0.863598)

[10]
    Time: 0.150000
    HumanoidRootPart.CFrame = CFrame.new(0, 0, 0, 1, 0, 0, 0, 1, 0, 0, 0, 1)
    Torso.CFrame = CFrame.new(-0.006163, -0.066213, 0.000772, 0.999404, 0.034044, -0.00577, -0.033698, 0.998077, 0.05203, 0.00753, -0.051805, 0.998629)
    Left Leg.CFrame = CFrame.new(0.246536, 0.060822, -0.01548, 0.826474, -0.145474, 0.543854, 0.092856, 0.988031, 0.123176, -0.555264, -0.051301, 0.830091)
    Right Arm.CFrame = CFrame.new(-0.078818, -0.088802, -0.085032, 0.987881, 0.123542, 0.093962, -0.126262, 0.991717, 0.023555, -0.090274, -0.035134, 0.995297)
    Left Arm.CFrame = CFrame.new(0.075824, -0.088411, -0.087846, 0.987642, -0.124337, -0.095414, 0.126335, 0.991872, 0.015173, 0.092752, -0.02704, 0.995322)
    Head.CFrame = CFrame.new(0, 1e-06, 0, 0.372913, 0.927224, -0.034511, -0.923949, 0.367668, -0.105543, -0.085173, 0.071245, 0.993816)
    Right Leg.CFrame = CFrame.new(-0.223772, 0.072906, -0.008738, 0.868068, 0.112742, -0.483473, -0.059899, 0.990543, 0.123441, 0.492818, -0.078195, 0.866612)

[11]
    Time: 0.166667
    HumanoidRootPart.CFrame = CFrame.new(0, 0, 0, 1, 0, 0, 0, 1, 0, 0, 0, 1)
    Torso.CFrame = CFrame.new(-0.007027, -0.065703, 0.000895, 0.999179, 0.039978, -0.006497, -0.039576, 0.997796, 0.053265, 0.008612, -0.052964, 0.998559)
    Left Leg.CFrame = CFrame.new(0.249343, 0.060141, -0.016292, 0.822507, -0.149125, 0.548857, 0.096218, 0.987589, 0.124138, -0.560557, -0.049295, 0.826648)
    Right Arm.CFrame = CFrame.new(-0.078952, -0.088804, -0.084826, 0.987889, 0.12402, 0.093249, -0.126775, 0.991636, 0.024205, -0.089467, -0.035733, 0.995349)
    Left Arm.CFrame = CFrame.new(0.075865, -0.088376, -0.08808, 0.98764, -0.124474, -0.095258, 0.126409, 0.991872, 0.014535, 0.092674, -0.026396, 0.995347)
    Head.CFrame = CFrame.new(0, 1e-06, 0, 0.378389, 0.925257, -0.026857, -0.921574, 0.373847, -0.104596, -0.086738, 0.064329, 0.994152)
    Right Leg.CFrame = CFrame.new(-0.223004, 0.073845, -0.008502, 0.871358, 0.110884, -0.477954, -0.058088, 0.990591, 0.123914, 0.487198, -0.08021, 0.8696)

[12]
    Time: 0.183333
    HumanoidRootPart.CFrame = CFrame.new(0, 0, 0, 1, 0, 0, 0, 1, 0, 0, 0, 1)
    Torso.CFrame = CFrame.new(-0.007829, -0.065384, 0.000984, 0.998927, 0.045759, -0.007156, -0.045306, 0.997503, 0.054181, 0.009617, -0.053798, 0.998506)
    Left Leg.CFrame = CFrame.new(0.251893, 0.059497, -0.017093, 0.818608, -0.152435, 0.553755, 0.099258, 0.987178, 0.125014, -0.565711, -0.047372, 0.823242)
    Right Arm.CFrame = CFrame.new(-0.079075, -0.088804, -0.08464, 0.987917, 0.124506, 0.092291, -0.127285, 0.991555, 0.024841, -0.088419, -0.036288, 0.995422)
    Left Arm.CFrame = CFrame.new(0.07584, -0.088353, -0.088296, 0.987649, -0.124403, -0.095256, 0.126282, 0.991897, 0.013935, 0.092751, -0.025792, 0.995355)
    Head.CFrame = CFrame.new(0, 1e-06, 0, 0.383789, 0.923197, -0.020323, -0.919223, 0.379856, -0.103628, -0.087949, 0.058453, 0.994409)
    Right Leg.CFrame = CFrame.new(-0.22243, 0.074681, -0.008361, 0.874564, 0.108622, -0.472588, -0.055948, 0.990683, 0.124168, 0.481673, -0.082152, 0.872492)

[13]
    Time: 0.200000
    HumanoidRootPart.CFrame = CFrame.new(0, 0, 0, 1, 0, 0, 0, 1, 0, 0, 0, 1)
    Torso.CFrame = CFrame.new(-0.008549, -0.065289, 0.001035, 0.998657, 0.051239, -0.007735, -0.050741, 0.997212, 0.054712, 0.010517, -0.054246, 0.998472)
    Left Leg.CFrame = CFrame.new(0.25409, 0.058897, -0.017871, 0.814884, -0.155294, 0.558434, 0.101877, 0.986816, 0.125759, -0.5706, -0.045588, 0.819961)
    Right Arm.CFrame = CFrame.new(-0.079187, -0.088804, -0.08448, 0.98797, 0.125001, 0.091055, -0.127789, 0.991475, 0.025449, -0.087098, -0.036779, 0.995521)
    Left Arm.CFrame = CFrame.new(0.075737, -0.088347, -0.088491, 0.98767, -0.124088, -0.095444, 0.125919, 0.99195, 0.01339, 0.093014, -0.025243, 0.995345)
    Head.CFrame = CFrame.new(0, 0, 0, 0.388979, 0.92109, -0.016957, -0.916967, 0.385335, -0.10338, -0.088688, 0.055762, 0.994497)
    Right Leg.CFrame = CFrame.new(-0.2221, 0.075389, -0.00833, 0.877611, 0.105948, -0.467519, -0.053465, 0.990819, 0.124173, 0.476382, -0.08398, 0.875219)

[14]
    Time: 0.216667
    HumanoidRootPart.CFrame = CFrame.new(0, 0, 0, 1, 0, 0, 0, 1, 0, 0, 0, 1)
    Torso.CFrame = CFrame.new(-0.009176, -0.065638, 0.001011, 0.998382, 0.056265, -0.00824, -0.055735, 0.996958, 0.054483, 0.01128, -0.053935, 0.998481)
    Left Leg.CFrame = CFrame.new(0.255703, 0.058318, -0.01859, 0.811477, -0.157293, 0.562817, 0.103732, 0.986572, 0.126158, -0.575104, -0.043992, 0.816897)
    Right Arm.CFrame = CFrame.new(-0.079256, -0.088805, -0.084354, 0.988058, 0.12542, 0.089501, -0.128202, 0.991407, 0.026023, -0.085468, -0.037186, 0.995647)
    Left Arm.CFrame = CFrame.new(0.075514, -0.088363, -0.088656, 0.987716, -0.123405, -0.09586, 0.125201, 0.992047, 0.012924, 0.093502, -0.024767, 0.995311)
    Head.CFrame = CFrame.new(0, 0, 0, 0.393988, 0.918973, -0.016212, -0.914853, 0.390403, -0.1031, -0.088417, 0.055452, 0.994539)
    Right Leg.CFrame = CFrame.new(-0.221936, 0.075913, -0.00841, 0.880443, 0.102556, -0.462927, -0.050369, 0.991034, 0.123755, 0.471468, -0.085642, 0.877715)

[15]
    Time: 0.233333
    HumanoidRootPart.CFrame = CFrame.new(0, 0, 0, 1, 0, 0, 0, 1, 0, 0, 0, 1)
    Torso.CFrame = CFrame.new(-0.009706, -0.066556, 0.000891, 0.998119, 0.060687, -0.008689, -0.060141, 0.996767, 0.053276, 0.011894, -0.052653, 0.998542)
    Left Leg.CFrame = CFrame.new(0.256559, 0.057734, -0.019221, 0.808516, -0.158186, 0.566815, 0.104629, 0.986489, 0.126064, -0.579099, -0.042619, 0.814143)
    Right Arm.CFrame = CFrame.new(-0.079264, -0.088813, -0.084267, 0.988191, 0.125723, 0.08759, -0.128479, 0.991357, 0.026557, -0.083494, -0.037497, 0.995803)
    Left Arm.CFrame = CFrame.new(0.075145, -0.088407, -0.088787, 0.98779, -0.122273, -0.096539, 0.124046, 0.992197, 0.012554, 0.094251, -0.024376, 0.99525)
    Head.CFrame = CFrame.new(0, 0, 0, 0.398753, 0.916911, -0.016464, -0.912969, 0.395218, -0.101441, -0.086505, 0.055481, 0.994705)
    Right Leg.CFrame = CFrame.new(-0.221919, 0.076224, -0.008601, 0.882993, 0.098301, -0.458978, -0.046516, 0.991337, 0.122832, 0.467076, -0.08711, 0.879916)

[16]
    Time: 0.250000
    HumanoidRootPart.CFrame = CFrame.new(0, 0, 0, 1, 0, 0, 0, 1, 0, 0, 0, 1)
    Torso.CFrame = CFrame.new(-0.010135, -0.067936, 0.00069, 0.997885, 0.064363, -0.009095, -0.063815, 0.996644, 0.051268, 0.012364, -0.050579, 0.998644)
    Left Leg.CFrame = CFrame.new(0.256634, 0.05715, -0.019748, 0.806086, -0.158109, 0.570287, 0.104693, 0.98655, 0.125534, -0.582465, -0.041486, 0.811797)
    Right Arm.CFrame = CFrame.new(-0.079233, -0.088824, -0.084221, 0.98836, 0.125974, 0.085292, -0.128685, 0.991317, 0.027049, -0.081144, -0.03771, 0.995989)
    Left Arm.CFrame = CFrame.new(0.074641, -0.088477, -0.088884, 0.987885, -0.120724, -0.097516, 0.122486, 0.992394, 0.012273, 0.095292, -0.024069, 0.995158)
    Head.CFrame = CFrame.new(0, 0, 0, 0.403006, 0.915018, -0.018127, -0.911454, 0.399489, -0.098289, -0.082695, 0.056133, 0.994993)
    Right Leg.CFrame = CFrame.new(-0.222154, 0.076349, -0.008896, 0.885176, 0.093426, -0.45578, -0.042099, 0.991696, 0.121517, 0.463349, -0.088376, 0.881758)

[17]
    Time: 0.266667
    HumanoidRootPart.CFrame = CFrame.new(0, 0, 0, 1, 0, 0, 0, 1, 0, 0, 0, 1)
    Torso.CFrame = CFrame.new(-0.010457, -0.069673, 0.000424, 0.997698, 0.06715, -0.009473, -0.066613, 0.996593, 0.04863, 0.012707, -0.047887, 0.998772)
    Left Leg.CFrame = CFrame.new(0.255898, 0.056574, -0.020152, 0.804272, -0.157196, 0.573094, 0.104054, 0.986733, 0.124626, -0.585081, -0.0406, 0.809958)
    Right Arm.CFrame = CFrame.new(-0.079184, -0.088832, -0.084215, 0.988557, 0.126237, 0.08258, -0.128882, 0.991279, 0.027497, -0.078388, -0.037826, 0.996205)
    Left Arm.CFrame = CFrame.new(0.074016, -0.088569, -0.088945, 0.98799, -0.118786, -0.098821, 0.120553, 0.992634, 0.012077, 0.096658, -0.023845, 0.995032)
    Head.CFrame = CFrame.new(0, 0, 0, 0.406473, 0.913407, -0.021608, -0.910436, 0.402939, -0.093528, -0.076722, 0.05769, 0.995382)
    Right Leg.CFrame = CFrame.new(-0.222738, 0.076325, -0.009284, 0.886911, 0.088174, -0.453447, -0.037317, 0.992082, 0.119923, 0.460431, -0.089439, 0.883178)

[18]
    Time: 0.283333
    HumanoidRootPart.CFrame = CFrame.new(0, 0, 0, 1, 0, 0, 0, 1, 0, 0, 0, 1)
    Torso.CFrame = CFrame.new(-0.010668, -0.071661, 0.000107, 0.997575, 0.068907, -0.009837, -0.068392, 0.996619, 0.045534, 0.012941, -0.044751, 0.998914)
    Left Leg.CFrame = CFrame.new(0.254312, 0.056004, -0.02041, 0.803153, -0.155585, 0.575098, 0.102845, 0.987014, 0.123395, -0.586828, -0.039959, 0.808725)
    Right Arm.CFrame = CFrame.new(-0.079138, -0.088837, -0.084247, 0.988773, 0.126572, 0.079424, -0.129129, 0.991235, 0.027905, -0.075196, -0.037848, 0.99645)
    Left Arm.CFrame = CFrame.new(0.073281, -0.088681, -0.088974, 0.988096, -0.11649, -0.100486, 0.118274, 0.992909, 0.011957, 0.09838, -0.0237, 0.994867)
    Head.CFrame = CFrame.new(0, 1e-06, 0, 0.40887, 0.912184, -0.027307, -0.910032, 0.4053, -0.08703, -0.068319, 0.060434, 0.995831)
    Right Leg.CFrame = CFrame.new(-0.223733, 0.076188, -0.009735, 0.888121, 0.082804, -0.452088, -0.032386, 0.992467, 0.118158, 0.458467, -0.090298, 0.884113)

[19]
    Time: 0.300000
    HumanoidRootPart.CFrame = CFrame.new(0, 0, 0, 1, 0, 0, 0, 1, 0, 0, 0, 1)
    Torso.CFrame = CFrame.new(-0.010762, -0.073799, -0.000246, 0.99753, 0.069495, -0.010199, -0.069008, 0.996725, 0.042148, 0.013095, -0.041341, 0.999059)
    Left Leg.CFrame = CFrame.new(0.251841, 0.055438, -0.020506, 0.802811, -0.153412, 0.57616, 0.101197, 0.98737, 0.121898, -0.587584, -0.039556, 0.808196)
    Right Arm.CFrame = CFrame.new(-0.079115, -0.088833, -0.084318, 0.988997, 0.12704, 0.075801, -0.129487, 0.991178, 0.028276, -0.07154, -0.03778, 0.996722)
    Left Arm.CFrame = CFrame.new(0.072448, -0.08881, -0.088972, 0.988191, -0.113865, -0.102539, 0.115679, 0.993215, 0.011902, 0.100488, -0.023624, 0.994658)
    Head.CFrame = CFrame.new(0, 0, 0, 0.409891, 0.911439, -0.035608, -0.910338, 0.406323, -0.078652, -0.057219, 0.064654, 0.996266)
    Right Leg.CFrame = CFrame.new(-0.225221, 0.075984, -0.010238, 0.888734, 0.077563, -0.451815, -0.027506, 0.992829, 0.116333, 0.457598, -0.090961, 0.884494)

[20]
    Time: 0.316667
    HumanoidRootPart.CFrame = CFrame.new(0, 0, 0, 1, 0, 0, 0, 1, 0, 0, 0, 1)
    Torso.CFrame = CFrame.new(-0.010715, -0.075983, -0.000618, 0.997592, 0.068542, -0.010591, -0.068087, 0.996931, 0.038645, 0.013207, -0.03783, 0.999197)
    Left Leg.CFrame = CFrame.new(0.248234, 0.05485, -0.020413, 0.803455, -0.150794, 0.575952, 0.099241, 0.98778, 0.120176, -0.587036, -0.039397, 0.808602)
    Right Arm.CFrame = CFrame.new(-0.079167, -0.088812, -0.08443, 0.989219, 0.127827, 0.071454, -0.130135, 0.991083, 0.028628, -0.067157, -0.037619, 0.997033)
    Left Arm.CFrame = CFrame.new(0.071498, -0.088959, -0.088937, 0.988253, -0.110819, -0.105236, 0.112681, 0.99356, 0.011895, 0.10324, -0.023613, 0.994376)
    Head.CFrame = CFrame.new(0, 0, 0, 0.405164, 0.913204, -0.0436, -0.913345, 0.402191, -0.063584, -0.04053, 0.065584, 0.997024)
    Right Leg.CFrame = CFrame.new(-0.227503, 0.075776, -0.010785, 0.88857, 0.072721, -0.452941, -0.022879, 0.993152, 0.114571, 0.458171, -0.091442, 0.884148)

[21]
    Time: 0.333333
    HumanoidRootPart.CFrame = CFrame.new(0, 0, 0, 1, 0, 0, 0, 1, 0, 0, 0, 1)
    Torso.CFrame = CFrame.new(-0.010519, -0.078109, -0.000991, 0.997766, 0.065882, -0.011028, -0.065458, 0.997235, 0.035192, 0.013316, -0.034391, 0.99932)
    Left Leg.CFrame = CFrame.new(0.243416, 0.054231, -0.020118, 0.805174, -0.147868, 0.574309, 0.097115, 0.988219, 0.118283, -0.585033, -0.039464, 0.810049)
    Right Arm.CFrame = CFrame.new(-0.07932, -0.08877, -0.084582, 0.989423, 0.129008, 0.06633, -0.131148, 0.990939, 0.028976, -0.061991, -0.037368, 0.997377)
    Left Arm.CFrame = CFrame.new(0.070439, -0.089125, -0.088874, 0.988267, -0.107366, -0.108635, 0.109292, 0.993938, 0.011919, 0.106697, -0.023652, 0.99401)
    Head.CFrame = CFrame.new(0, 0, 0, 0.396668, 0.916676, -0.048583, -0.917755, 0.394899, -0.042186, -0.019486, 0.061321, 0.997928)
    Right Leg.CFrame = CFrame.new(-0.230661, 0.07562, -0.011352, 0.887541, 0.068543, -0.455601, -0.018722, 0.99342, 0.112984, 0.460348, -0.091749, 0.882985)

[22]
    Time: 0.350000
    HumanoidRootPart.CFrame = CFrame.new(0, 0, 0, 1, 0, 0, 0, 1, 0, 0, 0, 1)
    Torso.CFrame = CFrame.new(-0.010194, -0.080071, -0.001347, 0.99803, 0.061674, -0.011499, -0.06128, 0.997609, 0.031957, 0.013442, -0.03119, 0.999423)
    Left Leg.CFrame = CFrame.new(0.23767, 0.053594, -0.019658, 0.807856, -0.144764, 0.571325, 0.094917, 0.988669, 0.116299, -0.581687, -0.039724, 0.812442)
    Right Arm.CFrame = CFrame.new(-0.079549, -0.088712, -0.084763, 0.989591, 0.130477, 0.060704, -0.132429, 0.990759, 0.029318, -0.056318, -0.037051, 0.997725)
    Left Arm.CFrame = CFrame.new(0.069324, -0.089298, -0.088795, 0.98823, -0.103695, -0.112465, 0.105697, 0.994326, 0.01197, 0.110586, -0.023716, 0.993584)
    Head.CFrame = CFrame.new(0, 0, 0, 0.393992, 0.917672, -0.051453, -0.919114, 0.393362, -0.022273, -0.000199, 0.056067, 0.998427)
    Right Leg.CFrame = CFrame.new(-0.234489, 0.075544, -0.011912, 0.88571, 0.065238, -0.459633, -0.015242, 0.99363, 0.111659, 0.463989, -0.091891, 0.881062)

[23]
    Time: 0.366667
    HumanoidRootPart.CFrame = CFrame.new(0, 0, 0, 1, 0, 0, 0, 1, 0, 0, 0, 1)
    Torso.CFrame = CFrame.new(-0.00977, -0.081768, -0.001661, 0.998355, 0.05608, -0.011958, -0.055712, 0.998022, 0.029128, 0.013567, -0.028414, 0.999504)
    Left Leg.CFrame = CFrame.new(0.231572, 0.052958, -0.018909, 0.81144, -0.141472, 0.567054, 0.092652, 0.989129, 0.114192, -0.577044, -0.040122, 0.815727)
    Right Arm.CFrame = CFrame.new(-0.079704, -0.088669, -0.084928, 0.989727, 0.131635, 0.055783, -0.133423, 0.990617, 0.029613, -0.051361, -0.036752, 0.998004)
    Left Arm.CFrame = CFrame.new(0.068343, -0.089447, -0.088733, 0.988204, -0.100508, -0.115544, 0.102573, 0.994653, 0.012053, 0.113714, -0.023762, 0.993229)
    Head.CFrame = CFrame.new(0, 0, 0, 0.407676, 0.911556, -0.053532, -0.913066, 0.407625, -0.012354, 0.01056, 0.053915, 0.99849)
    Right Leg.CFrame = CFrame.new(-0.238223, 0.075569, -0.012388, 0.883088, 0.063378, -0.464907, -0.013003, 0.99376, 0.110775, 0.469027, -0.091779, 0.878402)

[24]
    Time: 0.383333
    HumanoidRootPart.CFrame = CFrame.new(0, 0, 0, 1, 0, 0, 0, 1, 0, 0, 0, 1)
    Torso.CFrame = CFrame.new(-0.009271, -0.083103, -0.001908, 0.998709, 0.049259, -0.01238, -0.048912, 0.998441, 0.026897, 0.013686, -0.026256, 0.999562)
    Left Leg.CFrame = CFrame.new(0.225571, 0.052326, -0.017778, 0.815839, -0.138063, 0.561556, 0.090393, 0.989591, 0.111975, -0.57117, -0.040593, 0.819827)
    Right Arm.CFrame = CFrame.new(-0.079682, -0.08866, -0.085037, 0.989852, 0.132062, 0.05246, -0.133739, 0.990567, 0.029841, -0.048025, -0.036554, 0.998177)
    Left Arm.CFrame = CFrame.new(0.067643, -0.089548, -0.088713, 0.988251, -0.098345, -0.116994, 0.100442, 0.994869, 0.012147, 0.115199, -0.023755, 0.993058)
    Head.CFrame = CFrame.new(0, 1e-06, 0, 0.452679, 0.889819, -0.057477, -0.891654, 0.452159, -0.022494, 0.005973, 0.061432, 0.998093)
    Right Leg.CFrame = CFrame.new(-0.241446, 0.075735, -0.012772, 0.879703, 0.063346, -0.471285, -0.012363, 0.993799, 0.110501, 0.475362, -0.091382, 0.875031)

[25]
    Time: 0.400000
    HumanoidRootPart.CFrame = CFrame.new(0, 0, 0, 1, 0, 0, 0, 1, 0, 0, 0, 1)
    Torso.CFrame = CFrame.new(-0.008707, -0.083973, -0.002066, 0.999062, 0.04137, -0.012781, -0.041035, 0.998834, 0.025441, 0.013818, -0.024892, 0.999595)
    Left Leg.CFrame = CFrame.new(0.219736, 0.051692, -0.01634, 0.820894, -0.134804, 0.554942, 0.088355, 0.99002, 0.109793, -0.564205, -0.041096, 0.824612)
    Right Arm.CFrame = CFrame.new(-0.079528, -0.08868, -0.085089, 0.989971, 0.131917, 0.050544, -0.133532, 0.99059, 0.030022, -0.046108, -0.03647, 0.998271)
    Left Arm.CFrame = CFrame.new(0.067217, -0.089605, -0.088736, 0.988367, -0.097152, -0.117012, 0.09925, 0.994988, 0.012219, 0.115239, -0.02369, 0.993055)
    Head.CFrame = CFrame.new(0, 1e-06, 0, 0.540349, 0.839228, -0.060986, -0.841406, 0.538243, -0.048284, -0.007696, 0.077404, 0.99697)
    Right Leg.CFrame = CFrame.new(-0.24445, 0.076075, -0.013137, 0.875626, 0.065076, -0.478585, -0.013238, 0.993743, 0.110906, 0.482808, -0.090777, 0.871009)

[26]
    Time: 0.416667
    HumanoidRootPart.CFrame = CFrame.new(0, 0, 0, 1, 0, 0, 0, 1, 0, 0, 0, 1)
    Torso.CFrame = CFrame.new(-0.008092, -0.084273, -0.002113, 0.999383, 0.032573, -0.013165, -0.032238, 0.999169, 0.024936, 0.013966, -0.024496, 0.999602)
    Left Leg.CFrame = CFrame.new(0.214224, 0.051079, -0.014715, 0.826456, -0.131913, 0.547329, 0.086687, 0.990386, 0.107799, -0.556287, -0.041645, 0.829946)
    Right Arm.CFrame = CFrame.new(-0.07929, -0.088719, -0.08509, 0.990082, 0.131355, 0.04984, -0.13295, 0.990664, 0.030161, -0.045413, -0.036488, 0.998302)
    Left Arm.CFrame = CFrame.new(0.067052, -0.089621, -0.088795, 0.988538, -0.096871, -0.115793, 0.098943, 0.995018, 0.012259, 0.114028, -0.023575, 0.993198)
    Head.CFrame = CFrame.new(0, 0, 0, 0.672216, 0.738131, -0.057351, -0.740157, 0.668222, -0.075147, -0.017145, 0.092964, 0.995522)
    Right Leg.CFrame = CFrame.new(-0.24746, 0.076607, -0.013535, 0.870917, 0.068545, -0.486627, -0.015587, 0.99358, 0.112058, 0.491184, -0.090008, 0.866393)

[27]
    Time: 0.433333
    HumanoidRootPart.CFrame = CFrame.new(0, 0, 0, 1, 0, 0, 0, 1, 0, 0, 0, 1)
    Torso.CFrame = CFrame.new(-0.007335, -0.083908, -0.002028, 0.999646, 0.023018, -0.013365, -0.022671, 0.999417, 0.025545, 0.013945, -0.025233, 0.999584)
    Left Leg.CFrame = CFrame.new(0.20918, 0.050683, -0.01295, 0.832388, -0.1296, 0.538826, 0.08544, 0.990658, 0.106289, -0.547567, -0.042436, 0.835685)
    Right Arm.CFrame = CFrame.new(-0.079009, -0.088766, -0.085078, 0.990176, 0.130523, 0.050159, -0.132131, 0.990773, 0.030178, -0.045758, -0.03651, 0.998285)
    Left Arm.CFrame = CFrame.new(0.067139, -0.089601, -0.088856, 0.988744, -0.097445, -0.11353, 0.099476, 0.994963, 0.012346, 0.111756, -0.023501, 0.993458)
    Head.CFrame = CFrame.new(0, 1e-06, 0, 0.830156, 0.555635, -0.045945, -0.557307, 0.824659, -0.096673, -0.015826, 0.10586, 0.994255)
    Right Leg.CFrame = CFrame.new(-0.250712, 0.077158, -0.014101, 0.865624, 0.073715, -0.495238, -0.019443, 0.993306, 0.113868, 0.500317, -0.088938, 0.861263)

[28]
    Time: 0.450000
    HumanoidRootPart.CFrame = CFrame.new(0, 0, 0, 1, 0, 0, 0, 1, 0, 0, 0, 1)
    Torso.CFrame = CFrame.new(-0.006367, -0.082927, -0.001819, 0.99983, 0.012852, -0.013247, -0.012489, 0.999552, 0.027188, 0.01359, -0.027018, 0.999543)
    Left Leg.CFrame = CFrame.new(0.204662, 0.050663, -0.011093, 0.838575, -0.127826, 0.529578, 0.084476, 0.990836, 0.105397, -0.538198, -0.043647, 0.841688)
    Right Arm.CFrame = CFrame.new(-0.078704, -0.088814, -0.08509, 0.990251, 0.129503, 0.051304, -0.131143, 0.990909, 0.030005, -0.046951, -0.036441, 0.998232)
    Left Arm.CFrame = CFrame.new(0.067442, -0.089555, -0.088884, 0.988968, -0.098743, -0.110422, 0.100731, 0.994834, 0.012563, 0.108611, -0.023547, 0.993805)
    Head.CFrame = CFrame.new(0, 1e-06, 0, 0.959795, 0.279204, -0.028968, -0.280662, 0.952754, -0.11614, -0.004828, 0.119601, 0.99281)
    Right Leg.CFrame = CFrame.new(-0.254312, 0.077555, -0.01494, 0.859803, 0.080322, -0.50427, -0.024636, 0.992926, 0.116151, 0.510032, -0.087444, 0.855699)

[29]
    Time: 0.466667
    HumanoidRootPart.CFrame = CFrame.new(0, 0, 0, 1, 0, 0, 0, 1, 0, 0, 0, 1)
    Torso.CFrame = CFrame.new(-0.005229, -0.08144, -0.001515, 0.999915, 0.002232, -0.012869, -0.00185, 0.999558, 0.029673, 0.012929, -0.029646, 0.999477)
    Left Leg.CFrame = CFrame.new(0.200671, 0.050983, -0.009241, 0.844909, -0.126448, 0.51975, 0.083687, 0.990941, 0.10504, -0.528324, -0.045253, 0.847837)
    Right Arm.CFrame = CFrame.new(-0.078384, -0.088862, -0.08513, 0.990308, 0.128349, 0.053068, -0.130036, 0.991066, 0.02966, -0.048787, -0.036273, 0.99815)
    Left Arm.CFrame = CFrame.new(0.067911, -0.08949, -0.08888, 0.989192, -0.100601, -0.106667, 0.102548, 0.994644, 0.012912, 0.104797, -0.023711, 0.994211)
    Head.CFrame = CFrame.new(0, 0, 0, 0.998303, -0.057691, -0.007899, 0.056189, 0.990015, -0.129282, 0.015279, 0.128619, 0.991576)
    Right Leg.CFrame = CFrame.new(-0.258324, 0.077798, -0.0161, 0.85352, 0.087981, -0.513578, -0.030801, 0.992437, 0.118827, 0.520149, -0.085603, 0.849775)

[30]
    Time: 0.483333
    HumanoidRootPart.CFrame = CFrame.new(0, 0, 0, 1, 0, 0, 0, 1, 0, 0, 0, 1)
    Torso.CFrame = CFrame.new(-0.003965, -0.07956, -0.001142, 0.999887, -0.008685, -0.012288, 0.009084, 0.99942, 0.032809, 0.011996, -0.032917, 0.999386)
    Left Leg.CFrame = CFrame.new(0.197205, 0.051599, -0.007479, 0.851289, -0.125327, 0.50951, 0.082972, 0.990991, 0.10513, -0.518095, -0.047221, 0.854019)
    Right Arm.CFrame = CFrame.new(-0.078058, -0.088905, -0.085203, 0.990348, 0.127117, 0.055246, -0.128858, 0.991234, 0.029162, -0.051055, -0.036, 0.998047)
    Left Arm.CFrame = CFrame.new(0.068499, -0.089411, -0.088842, 0.989405, -0.102857, -0.102463, 0.104763, 0.994407, 0.01339, 0.100513, -0.023983, 0.994647)
    Head.CFrame = CFrame.new(0, 0, 0, 0.924713, -0.380458, 0.012577, 0.378604, 0.915768, -0.134269, 0.039566, 0.128922, 0.990865)
    Right Leg.CFrame = CFrame.new(-0.262758, 0.077896, -0.017601, 0.846856, 0.096341, -0.523024, -0.037604, 0.991841, 0.121811, 0.530492, -0.083488, 0.843569)

[31]
    Time: 0.500000
    HumanoidRootPart.CFrame = CFrame.new(0, 0, 0, 1, 0, 0, 0, 1, 0, 0, 0, 1)
    Torso.CFrame = CFrame.new(-0.002617, -0.0774, -0.000726, 0.999738, -0.01974, -0.011562, 0.020149, 0.999134, 0.036406, 0.010833, -0.036629, 0.99927)
    Left Leg.CFrame = CFrame.new(0.194225, 0.052465, -0.005862, 0.857617, -0.124352, 0.499028, 0.08226, 0.991003, 0.105576, -0.507668, -0.049494, 0.86013)
    Right Arm.CFrame = CFrame.new(-0.077736, -0.088945, -0.085312, 0.990372, 0.125867, 0.057634, -0.127659, 0.991407, 0.028539, -0.053546, -0.035622, 0.99793)
    Left Arm.CFrame = CFrame.new(0.069158, -0.089326, -0.088772, 0.989594, -0.105348, -0.09801, 0.107218, 0.994137, 0.01399, 0.095962, -0.024353, 0.995087)
    Head.CFrame = CFrame.new(0, 0, 0, 0.778742, -0.626714, 0.028125, 0.624279, 0.769731, -0.133378, 0.061941, 0.121425, 0.990666)
    Right Leg.CFrame = CFrame.new(-0.267594, 0.077868, -0.019442, 0.839904, 0.105068, -0.532467, -0.044736, 0.991146, 0.12501, 0.540888, -0.081176, 0.837168)

[32]
    Time: 0.516667
    HumanoidRootPart.CFrame = CFrame.new(0, 0, 0, 1, 0, 0, 0, 1, 0, 0, 0, 1)
    Torso.CFrame = CFrame.new(-0.001226, -0.075071, -0.000291, 0.999469, -0.030773, -0.010747, 0.031182, 0.998702, 0.040275, 0.009493, -0.040588, 0.999131)
    Left Leg.CFrame = CFrame.new(0.191694, 0.053523, -0.004443, 0.863802, -0.123415, 0.488482, 0.081483, 0.990991, 0.106285, -0.497199, -0.052006, 0.866077)
    Right Arm.CFrame = CFrame.new(-0.077429, -0.088979, -0.085455, 0.990383, 0.124654, 0.060027, -0.126491, 0.991578, 0.02782, -0.056054, -0.035145, 0.997809)
    Left Arm.CFrame = CFrame.new(0.069841, -0.089238, -0.088672, 0.989753, -0.107914, -0.093507, 0.109749, 0.993851, 0.014693, 0.091346, -0.024805, 0.99551)
    Head.CFrame = CFrame.new(0, 0, 0, 0.621135, -0.782803, 0.037549, 0.779688, 0.612399, -0.130588, 0.07923, 0.11039, 0.990725)
    Right Leg.CFrame = CFrame.new(-0.272768, 0.077743, -0.021588, 0.832776, 0.113859, -0.541775, -0.051919, 0.990372, 0.12833, 0.55117, -0.078742, 0.830669)

[33]
    Time: 0.533333
    HumanoidRootPart.CFrame = CFrame.new(0, 0, 0, 1, 0, 0, 0, 1, 0, 0, 0, 1)
    Torso.CFrame = CFrame.new(0.000164, -0.072684, 0.000138, 0.999085, -0.041619, -0.009899, 0.042017, 0.998138, 0.044226, 0.00804, -0.044602, 0.998973)
    Left Leg.CFrame = CFrame.new(0.189541, 0.054705, -0.003251, 0.869758, -0.122435, 0.47805, 0.0806, 0.99097, 0.107157, -0.486852, -0.05467, 0.871772)
    Right Arm.CFrame = CFrame.new(-0.077145, -0.089003, -0.08563, 0.990387, 0.123538, 0.062226, -0.125405, 0.991737, 0.027042, -0.058371, -0.034586, 0.997696)
    Left Arm.CFrame = CFrame.new(0.070501, -0.089157, -0.088545, 0.989881, -0.110396, -0.08915, 0.1122, 0.993565, 0.015474, 0.086868, -0.02532, 0.995898)
    Head.CFrame = CFrame.new(0, 0, 0, 0.494399, -0.868217, 0.042045, 0.864414, 0.485994, -0.128836, 0.091424, 0.100041, 0.990774)
    Right Leg.CFrame = CFrame.new(-0.278208, 0.077549, -0.023991, 0.825599, 0.12242, -0.550818, -0.058885, 0.989543, 0.131668, 0.561177, -0.076271, 0.824174)

[34]
    Time: 0.550000
    HumanoidRootPart.CFrame = CFrame.new(0, 0, 0, 1, 0, 0, 0, 1, 0, 0, 0, 1)
    Torso.CFrame = CFrame.new(0.001513, -0.070353, 0.000545, 0.9986, -0.052114, -0.009075, 0.052492, 0.997464, 0.048073, 0.006547, -0.048483, 0.998803)
    Left Leg.CFrame = CFrame.new(0.187663, 0.055937, -0.002291, 0.875402, -0.121358, 0.467913, 0.079598, 0.990949, 0.108094, -0.476796, -0.05738, 0.877139)
    Right Arm.CFrame = CFrame.new(-0.076896, -0.089019, -0.085832, 0.990392, 0.122576, 0.06403, -0.124456, 0.991878, 0.026248, -0.060292, -0.033965, 0.997603)
    Left Arm.CFrame = CFrame.new(0.071092, -0.089086, -0.0884, 0.989983, -0.112634, -0.085136, 0.114413, 0.9933, 0.016298, 0.08273, -0.025875, 0.996236)
    Head.CFrame = CFrame.new(0, 1e-06, 0, 0.41823, -0.907307, 0.043331, 0.902847, 0.409988, -0.12953, 0.099759, 0.093295, 0.990628)
    Right Leg.CFrame = CFrame.new(-0.283782, 0.077324, -0.026549, 0.818511, 0.130502, -0.559471, -0.065416, 0.988695, 0.134918, 0.570754, -0.073834, 0.817795)

[35]
    Time: 0.566667
    HumanoidRootPart.CFrame = CFrame.new(0, 0, 0, 1, 0, 0, 0, 1, 0, 0, 0, 1)
    Torso.CFrame = CFrame.new(0.002778, -0.068189, 0.000911, 0.998036, -0.062093, -0.008329, 0.062441, 0.996712, 0.051631, 0.005095, -0.05205, 0.998632)
    Left Leg.CFrame = CFrame.new(0.185943, 0.057129, -0.001569, 0.880662, -0.120141, 0.458258, 0.078472, 0.990941, 0.108991, -0.467201, -0.060024, 0.882111)
    Right Arm.CFrame = CFrame.new(-0.076692, -0.089027, -0.086052, 0.990405, 0.121826, 0.065245, -0.1237, 0.991992, 0.025486, -0.061618, -0.033312, 0.997544)
    Left Arm.CFrame = CFrame.new(0.071568, -0.089033, -0.088242, 0.990064, -0.114474, -0.08166, 0.116234, 0.993074, 0.01712, 0.079135, -0.026442, 0.996513)
    Head.CFrame = CFrame.new(0, 0, 0, 0.401187, -0.915004, 0.042629, 0.909935, 0.392755, -0.133273, 0.105202, 0.092257, 0.990162)
    Right Leg.CFrame = CFrame.new(-0.289356, 0.077103, -0.029148, 0.811667, 0.137857, -0.56762, -0.0713, 0.987867, 0.137968, 0.579753, -0.071513, 0.811648)

[36]
    Time: 0.583333
    HumanoidRootPart.CFrame = CFrame.new(0, 0, 0, 1, 0, 0, 0, 1, 0, 0, 0, 1)
    Torso.CFrame = CFrame.new(0.003919, -0.066301, 0.001219, 0.997419, -0.071388, -0.007714, 0.071705, 0.995924, 0.054715, 0.003777, -0.055127, 0.998472)
    Left Leg.CFrame = CFrame.new(0.184242, 0.058192, -0.001075, 0.885465, -0.118767, 0.449272, 0.077234, 0.990955, 0.109744, -0.458243, -0.062475, 0.886629)
    Right Arm.CFrame = CFrame.new(-0.076543, -0.089023, -0.086281, 0.990435, 0.121345, 0.065679, -0.123191, 0.992073, 0.024807, -0.062148, -0.03266, 0.997532)
    Left Arm.CFrame = CFrame.new(0.071884, -0.089005, -0.088081, 0.990137, -0.11576, -0.078917, 0.11751, 0.992911, 0.017891, 0.076286, -0.026988, 0.996721)
    Head.CFrame = CFrame.new(0, 0, 0, 0.418196, -0.907461, 0.040339, 0.901666, 0.409325, -0.13947, 0.110052, 0.094698, 0.989404)
    Right Leg.CFrame = CFrame.new(-0.294761, 0.076922, -0.031632, 0.805224, 0.144274, -0.575151, -0.076362, 0.987103, 0.140702, 0.588033, -0.069377, 0.805856)

[37]
    Time: 0.600000
    HumanoidRootPart.CFrame = CFrame.new(0, 0, 0, 1, 0, 0, 0, 1, 0, 0, 0, 1)
    Torso.CFrame = CFrame.new(0.004893, -0.0648, 0.001456, 0.996781, -0.079835, -0.007285, 0.080122, 0.995146, 0.057144, 0.002687, -0.057544, 0.998339)
    Left Leg.CFrame = CFrame.new(0.182402, 0.059027, -0.0008, 0.889747, -0.117231, 0.441144, 0.075911, 0.991001, 0.110246, -0.450098, -0.064603, 0.890639)
    Right Arm.CFrame = CFrame.new(-0.07646, -0.08901, -0.086507, 0.990489, 0.121192, 0.06514, -0.122986, 0.992112, 0.024267, -0.061685, -0.032047, 0.997581)
    Left Arm.CFrame = CFrame.new(0.071995, -0.089006, -0.087928, 0.990213, -0.116339, -0.077097, 0.118091, 0.992829, 0.018557, 0.074386, -0.02748, 0.996851)
    Head.CFrame = CFrame.new(0, 1e-06, 0, 0.437532, -0.898431, 0.037261, 0.891839, 0.428284, -0.145589, 0.114844, 0.09693, 0.988643)
    Right Leg.CFrame = CFrame.new(-0.299834, 0.076814, -0.033838, 0.799349, 0.14954, -0.581961, -0.080428, 0.986449, 0.143005, 0.59546, -0.067505, 0.800544)

[38]
    Time: 0.616667
    HumanoidRootPart.CFrame = CFrame.new(0, 0, 0, 1, 0, 0, 0, 1, 0, 0, 0, 1)
    Torso.CFrame = CFrame.new(0.005661, -0.063796, 0.001611, 0.99616, -0.087268, -0.007093, 0.087535, 0.994428, 0.058738, 0.001928, -0.059133, 0.998248)
    Left Leg.CFrame = CFrame.new(0.180262, 0.059531, -0.000734, 0.893444, -0.115538, 0.434062, 0.074533, 0.991089, 0.110393, -0.442949, -0.066278, 0.894094)
    Right Arm.CFrame = CFrame.new(-0.076453, -0.088986, -0.08672, 0.990571, 0.121424, 0.06344, -0.123144, 0.9921, 0.023925, -0.060033, -0.031512, 0.997699)
    Left Arm.CFrame = CFrame.new(0.071857, -0.089042, -0.087793, 0.9903, -0.116058, -0.076394, 0.117827, 0.992851, 0.019062, 0.073635, -0.027878, 0.996896)
    Head.CFrame = CFrame.new(0, 0, 0, 0.456217, -0.889191, 0.034721, 0.882121, 0.446763, -0.149217, 0.117171, 0.098704, 0.988195)
    Right Leg.CFrame = CFrame.new(-0.30439, 0.076811, -0.035572, 0.794209, 0.153463, -0.587947, -0.08335, 0.98595, 0.144758, 0.601901, -0.065963, 0.795842)

[39]
    Time: 0.633333
    HumanoidRootPart.CFrame = CFrame.new(0, 0, 0, 1, 0, 0, 0, 1, 0, 0, 0, 1)
    Torso.CFrame = CFrame.new(0.006183, -0.063395, 0.001668, 0.995591, -0.093524, -0.007191, 0.093786, 0.993824, 0.059318, 0.001599, -0.059731, 0.998213)
    Left Leg.CFrame = CFrame.new(0.177631, 0.059609, -0.000864, 0.896495, -0.113709, 0.428214, 0.073144, 0.991228, 0.11008, -0.436975, -0.067365, 0.896948)
    Right Arm.CFrame = CFrame.new(-0.076534, -0.088952, -0.086908, 0.990679, 0.122099, 0.060387, -0.123719, 0.992031, 0.023841, -0.056994, -0.03109, 0.99789)
    Left Arm.CFrame = CFrame.new(0.071426, -0.089121, -0.08769, 0.990404, -0.114765, -0.076998, 0.11657, 0.992994, 0.019353, 0.074238, -0.028143, 0.996843)
    Head.CFrame = CFrame.new(0, 1e-06, 0, 0.47157, -0.881218, 0.032821, 0.874409, 0.46246, -0.146762, 0.114151, 0.097908, 0.988627)
    Right Leg.CFrame = CFrame.new(-0.308274, 0.076941, -0.036661, 0.789971, 0.155839, -0.593009, -0.08496, 0.985653, 0.145845, 0.60723, -0.064831, 0.791877)

[40]
    Time: 0.650000
    HumanoidRootPart.CFrame = CFrame.new(0, 0, 0, 1, 0, 0, 0, 1, 0, 0, 0, 1)
    Torso.CFrame = CFrame.new(0.006515, -0.063587, 0.001633, 0.995107, -0.098515, -0.007481, 0.098785, 0.993364, 0.058907, 0.001629, -0.059358, 0.998235)
