[1]
    Time: 0.000000
    HumanoidRootPart.CFrame = CFrame.new(0, 0, 0, 1, 0, 0, 0, 1, 0, 0, 0, 1)
    Torso.CFrame = CFrame.new(0, 0, 0, 1, 0, -0, 0, 1, 0, 0, 0, 1)
    Head.CFrame = CFrame.new(0, -0, 0, 1, -0, 0, 0, 1, -0, -0, 0, 1)
    Left Leg.CFrame = CFrame.new(0.049648, 0.019772, 0.03573, 0.994778, -0.000782, 0.102065, -0.003599, 0.999079, 0.042764, -0.102004, -0.042909, 0.993858)
    Right Arm.CFrame = CFrame.new(-0.006266, -0.070839, -0.187252, 0.969811, 0.02382, -0.24269, -0.005493, 0.997099, 0.075914, 0.243795, -0.072289, 0.967129)
    Right Leg.CFrame = CFrame.new(-0.067898, 0.025123, 0.04131, 0.990476, 0.000531, -0.137687, 0.007215, 0.998417, 0.05578, 0.137499, -0.056242, 0.988904)
    Left Arm.CFrame = CFrame.new(0.006267, -0.070839, -0.187251, 0.969811, -0.02382, 0.24269, 0.005493, 0.997099, 0.075914, -0.243795, -0.072289, 0.967129)

[2]
    Time: 0.033333
    HumanoidRootPart.CFrame = CFrame.new(0, 0, 0, 1, 0, 0, 0, 1, 0, 0, 0, 1)
    Torso.CFrame = CFrame.new(0.000173, -0.001739, -2e-06, 1, 0.000371, 0.000173, -0.000371, 0.999999, -0.001739, -0.000173, 0.001739, 0.999999)
    Head.CFrame = CFrame.new(-0, -0, 0, 0.999277, 0.03798, -0.001662, -0.037981, 0.999278, -0.000714, 0.001633, 0.000777, 0.999998)
    Left Leg.CFrame = CFrame.new(0.049186, 0.019875, 0.03577, 0.994734, 0.000441, 0.102492, -0.004846, 0.999073, 0.042775, -0.102378, -0.043047, 0.993814)
    Right Arm.CFrame = CFrame.new(-0.006983, -0.07077, -0.186559, 0.969114, 0.026545, -0.245182, -0.007279, 0.996836, 0.07915, 0.246508, -0.074921, 0.966241)
    Right Leg.CFrame = CFrame.new(-0.066951, 0.024867, 0.041263, 0.990515, -0.000887, -0.137398, 0.008583, 0.998424, 0.055459, 0.137133, -0.056112, 0.988962)
    Left Arm.CFrame = CFrame.new(0.004965, -0.070856, -0.187102, 0.971424, -0.018871, 0.236599, 0.001042, 0.997164, 0.075254, -0.237348, -0.072857, 0.968689)

[3]
    Time: 0.066667
    HumanoidRootPart.CFrame = CFrame.new(0, 0, 0, 1, 0, 0, 0, 1, 0, 0, 0, 1)
    Torso.CFrame = CFrame.new(0.000545, -0.005567, -1.5e-05, 0.999995, 0.002969, 0.000545, -0.002966, 0.99998, -0.005567, -0.000562, 0.005565, 0.999984)
    Head.CFrame = CFrame.new(-0, 0, 1e-06, 0.990357, 0.138399, -0.006138, -0.138415, 0.990372, -0.002201, 0.005774, 0.00303, 0.999979)
    Left Leg.CFrame = CFrame.new(0.049344, 0.02013, 0.035766, 0.994449, 0.002675, 0.105185, -0.007214, 0.999056, 0.042833, -0.104971, -0.043355, 0.99353)
    Right Arm.CFrame = CFrame.new(-0.008858, -0.070571, -0.184749, 0.967127, 0.033676, -0.252053, -0.011835, 0.996079, 0.08767, 0.254017, -0.081805, 0.963734)
    Right Leg.CFrame = CFrame.new(-0.063698, 0.024293, 0.041242, 0.990834, -0.004493, -0.135013, 0.01198, 0.99843, 0.054724, 0.134556, -0.05584, 0.989331)
    Left Arm.CFrame = CFrame.new(0.001704, -0.070874, -0.186774, 0.975182, -0.006475, 0.22131, -0.010104, 0.99723, 0.073696, -0.221174, -0.074103, 0.972415)

[4]
    Time: 0.116667
    HumanoidRootPart.CFrame = CFrame.new(0, 0, 0, 1, 0, 0, 0, 1, 0, 0, 0, 1)
    Torso.CFrame = CFrame.new(0.000887, -0.009399, -4.5e-05, 0.999949, 0.010022, 0.000887, -0.010014, 0.999906, -0.009399, -0.000981, 0.009389, 0.999956)
    Head.CFrame = CFrame.new(-0, -0, 0, 0.960226, 0.278938, -0.012601, -0.278999, 0.960285, -0.003332, 0.011171, 0.006715, 0.999915)
    Left Leg.CFrame = CFrame.new(0.052437, 0.020431, 0.035523, 0.993672, 0.003768, 0.11226, -0.00864, 0.999039, 0.042976, -0.11199, -0.043674, 0.992749)
    Right Arm.CFrame = CFrame.new(-0.011485, -0.070249, -0.182225, 0.963979, 0.043663, -0.26237, -0.017927, 0.994856, 0.099696, 0.265374, -0.091401, 0.959803)
    Right Leg.CFrame = CFrame.new(-0.05752, 0.023695, 0.041398, 0.991698, -0.00932, -0.128252, 0.016354, 0.998411, 0.053934, 0.127546, -0.055584, 0.990274)
    Left Arm.CFrame = CFrame.new(-0.002544, -0.070842, -0.186448, 0.979479, 0.00968, 0.201315, -0.024625, 0.997111, 0.071862, -0.200038, -0.075344, 0.976887)

[5]
    Time: 0.150000
    HumanoidRootPart.CFrame = CFrame.new(0, 0, 0, 1, 0, 0, 0, 1, 0, 0, 0, 1)
    Torso.CFrame = CFrame.new(0.000975, -0.011149, -6.2e-05, 0.999717, 0.023757, 0.000975, -0.023744, 0.999656, -0.011149, -0.00124, 0.011123, 0.999937)
    Head.CFrame = CFrame.new(-0, 0, 0, 0.900943, 0.433481, -0.019911, -0.433621, 0.90109, -0.003165, 0.01657, 0.011485, 0.999797)
    Left Leg.CFrame = CFrame.new(0.060756, 0.020661, 0.034775, 0.992052, 0.001558, 0.125821, -0.007053, 0.999039, 0.043266, -0.125633, -0.04381, 0.991109)
    Right Arm.CFrame = CFrame.new(-0.014453, -0.069826, -0.17939, 0.959807, 0.054948, -0.275228, -0.024333, 0.993247, 0.113438, 0.279603, -0.102181, 0.954663)
    Right Leg.CFrame = CFrame.new(-0.047799, 0.02334, 0.041822, 0.993282, -0.014403, -0.11482, 0.020653, 0.998356, 0.053463, 0.113861, -0.055476, 0.991947)
    Left Arm.CFrame = CFrame.new(-0.006801, -0.07075, -0.186247, 0.983106, 0.025866, 0.181203, -0.039164, 0.996764, 0.070199, -0.178801, -0.076109, 0.980937)

[6]
    Time: 0.183333
    HumanoidRootPart.CFrame = CFrame.new(0, 0, 0, 1, 0, 0, 0, 1, 0, 0, 0, 1)
    Torso.CFrame = CFrame.new(-0.000607, -0.003269, -5e-06, 0.99784, 0.065694, -0.000607, -0.065695, 0.997834, -0.003269, 0.000391, 0.003302, 0.999994)
    Head.CFrame = CFrame.new(0, -0, 0, 0.81693, 0.57612, -0.026674, -0.576354, 0.817199, -0.001346, 0.021023, 0.016473, 0.999643)
    Left Leg.CFrame = CFrame.new(0.091236, 0.019832, 0.031056, 0.985907, -0.015215, 0.166602, 0.008008, 0.999005, 0.043866, -0.167103, -0.041914, 0.985048)
    Right Arm.CFrame = CFrame.new(-0.017341, -0.069351, -0.176631, 0.954816, 0.065929, -0.289794, -0.029889, 0.991443, 0.127076, 0.295692, -0.112673, 0.948615)
    Right Leg.CFrame = CFrame.new(-0.023267, 0.024751, 0.043432, 0.997126, -0.019966, -0.073079, 0.024014, 0.998197, 0.054999, 0.071849, -0.056596, 0.995808)
    Left Arm.CFrame = CFrame.new(-0.010081, -0.070643, -0.186215, 0.985437, 0.038337, 0.165661, -0.050343, 0.996353, 0.068893, -0.162415, -0.07623, 0.983774)

[7]
    Time: 0.216667
    HumanoidRootPart.CFrame = CFrame.new(0, 0, 0, 1, 0, 0, 0, 1, 0, 0, 0, 1)
    Torso.CFrame = CFrame.new(-0.004415, 0.01023, -6.2e-05, 0.992808, 0.119634, -0.004415, -0.119584, 0.992771, 0.01023, 0.005607, -0.009629, 0.999938)
    Head.CFrame = CFrame.new(-0, 0, 0, 0.724841, 0.688192, -0.031578, -0.688493, 0.72524, 0.001793, 0.024135, 0.020442, 0.9995)
    Left Leg.CFrame = CFrame.new(0.13138, 0.0169, 0.023564, 0.975056, -0.03897, 0.218513, 0.030061, 0.998581, 0.043963, -0.219916, -0.036298, 0.974843)
    Right Arm.CFrame = CFrame.new(-0.019714, -0.068909, -0.174313, 0.949294, 0.07495, -0.305327, -0.033516, 0.989759, 0.138756, 0.3126, -0.121487, 0.942084)
    Right Leg.CFrame = CFrame.new(0.007203, 0.028915, 0.044982, 0.999509, -0.025014, -0.018881, 0.02609, 0.997902, 0.05925, 0.01736, -0.059714, 0.998065)
    Left Arm.CFrame = CFrame.new(-0.011402, -0.070598, -0.186341, 0.986258, 0.043361, 0.15942, -0.054781, 0.996184, 0.06795, -0.155865, -0.075749, 0.98487)

[8]
    Time: 0.233333
    HumanoidRootPart.CFrame = CFrame.new(0, 0, 0, 1, 0, 0, 0, 1, 0, 0, 0, 1)
    Torso.CFrame = CFrame.new(-0.01031, 0.017601, -0.000208, 0.988816, 0.148783, -0.01031, -0.148588, 0.988743, 0.017601, 0.012813, -0.015872, 0.999792)
    Head.CFrame = CFrame.new(-0, -0, -0, 0.6455, 0.763019, -0.033653, -0.763306, 0.646009, 0.006052, 0.026358, 0.021781, 0.999415)
    Left Leg.CFrame = CFrame.new(0.152659, 0.011604, 0.017148, 0.967846, -0.051216, 0.246274, 0.042333, 0.998252, 0.041248, -0.247956, -0.029497, 0.968322)
    Right Arm.CFrame = CFrame.new(-0.021266, -0.068579, -0.172667, 0.943532, 0.080854, -0.321264, -0.034597, 0.988506, 0.147171, 0.32947, -0.127745, 0.935484)
    Right Leg.CFrame = CFrame.new(0.023817, 0.035124, 0.046309, 0.999541, -0.028428, 0.010501, 0.027685, 0.997505, 0.064942, -0.012321, -0.064621, 0.997834)
    Left Arm.CFrame = CFrame.new(-0.008888, -0.070722, -0.186688, 0.984976, 0.033801, 0.169353, -0.045839, 0.996653, 0.067685, -0.166498, -0.074431, 0.983229)

[9]
    Time: 0.250000
    HumanoidRootPart.CFrame = CFrame.new(0, 0, 0, 1, 0, 0, 0, 1, 0, 0, 0, 1)
    Torso.CFrame = CFrame.new(-0.016064, 0.021555, -0.000361, 0.987087, 0.159375, -0.016064, -0.159016, 0.987041, 0.021555, 0.019291, -0.018722, 0.999639)
    Head.CFrame = CFrame.new(-0, -0, 0, 0.591842, 0.805352, -0.033648, -0.805565, 0.592421, 0.010118, 0.028082, 0.021117, 0.999383)
    Left Leg.CFrame = CFrame.new(0.160504, 0.006314, 0.013212, 0.964998, -0.05613, 0.25618, 0.04808, 0.998136, 0.037601, -0.257813, -0.023969, 0.965898)
    Right Arm.CFrame = CFrame.new(-0.022272, -0.068338, -0.171476, 0.937535, 0.084677, -0.337429, -0.034012, 0.98759, 0.15333, 0.346225, -0.132275, 0.92878)
    Right Leg.CFrame = CFrame.new(0.029404, 0.041116, 0.047563, 0.999345, -0.029346, 0.021179, 0.027789, 0.997144, 0.070227, -0.023179, -0.069592, 0.997306)
    Left Arm.CFrame = CFrame.new(-0.002739, -0.070906, -0.187342, 0.980698, 0.01042, 0.19525, -0.024243, 0.997354, 0.068533, -0.194019, -0.071944, 0.978356)

[10]
    Time: 0.300000
    HumanoidRootPart.CFrame = CFrame.new(0, 0, 0, 1, 0, 0, 0, 1, 0, 0, 0, 1)
    Torso.CFrame = CFrame.new(-0.018304, 0.028436, -0.000572, 0.986667, 0.161722, -0.018304, -0.16117, 0.986517, 0.028436, 0.022656, -0.025106, 0.999428)
    Head.CFrame = CFrame.new(-0, 0, 0, 0.572497, 0.819232, -0.033267, -0.8194, 0.573098, 0.011904, 0.028818, 0.020444, 0.999376)
    Left Leg.CFrame = CFrame.new(0.164278, 0.004335, 0.011448, 0.964151, -0.061722, 0.258074, 0.054087, 0.997865, 0.036602, -0.259782, -0.021332, 0.965432)
    Right Arm.CFrame = CFrame.new(-0.023155, -0.068117, -0.170426, 0.931209, 0.088035, -0.353694, -0.032952, 0.986753, 0.158849, 0.362993, -0.136266, 0.921774)
    Right Leg.CFrame = CFrame.new(0.028263, 0.044189, 0.048019, 0.999398, -0.025233, 0.02381, 0.023429, 0.997052, 0.073068, -0.025584, -0.072466, 0.997043)
    Left Arm.CFrame = CFrame.new(0.004892, -0.070943, -0.188323, 0.972747, -0.018596, 0.231124, 0.002279, 0.997497, 0.070667, -0.23186, -0.068214, 0.970354)

[11]
    Time: 0.333333
    HumanoidRootPart.CFrame = CFrame.new(0, 0, 0, 1, 0, 0, 0, 1, 0, 0, 0, 1)
    Torso.CFrame = CFrame.new(-0.017232, 0.042825, -0.001066, 0.986284, 0.164157, -0.017232, -0.163303, 0.985646, 0.042825, 0.024015, -0.039423, 0.998934)
    Head.CFrame = CFrame.new(-0, 0, 0, 0.604638, 0.795728, -0.035089, -0.796001, 0.605232, 0.008751, 0.0282, 0.02264, 0.999346)
    Left Leg.CFrame = CFrame.new(0.170984, 0.00562, 0.010271, 0.962861, -0.073547, 0.259786, 0.06568, 0.997084, 0.03886, -0.261886, -0.020355, 0.964884)
    Right Arm.CFrame = CFrame.new(-0.024352, -0.067839, -0.169222, 0.924449, 0.092584, -0.369894, -0.032546, 0.985693, 0.165376, 0.379913, -0.140843, 0.914237)
    Right Leg.CFrame = CFrame.new(0.024373, 0.045099, 0.047787, 0.999524, -0.01495, 0.02699, 0.012908, 0.997163, 0.074154, -0.028022, -0.07377, 0.996882)
    Left Arm.CFrame = CFrame.new(0.011848, -0.070798, -0.189479, 0.961527, -0.045043, 0.270994, 0.025936, 0.996945, 0.073681, -0.273484, -0.063818, 0.959757)

[12]
    Time: 0.383333
    HumanoidRootPart.CFrame = CFrame.new(0, 0, 0, 1, 0, 0, 0, 1, 0, 0, 0, 1)
    Torso.CFrame = CFrame.new(-0.015736, 0.060857, -0.001978, 0.985766, 0.167382, -0.015736, -0.166149, 0.984221, 0.060857, 0.025674, -0.057376, 0.998022)
    Head.CFrame = CFrame.new(0, 0, 1e-06, 0.68982, 0.722904, -0.039466, -0.723481, 0.690344, -0.000488, 0.026892, 0.028889, 0.999221)
    Left Leg.CFrame = CFrame.new(0.179355, 0.007525, 0.008826, 0.96098, -0.088499, 0.262078, 0.080316, 0.995893, 0.041809, -0.264702, -0.01913, 0.964141)
    Right Arm.CFrame = CFrame.new(-0.026305, -0.067408, -0.167587, 0.917136, 0.100013, -0.385823, -0.033862, 0.984058, 0.174595, 0.397134, -0.147062, 0.905901)
    Right Leg.CFrame = CFrame.new(0.019873, 0.046312, 0.04754, 0.999511, -0.001966, 0.031201, -0.000394, 0.997158, 0.075343, -0.03126, -0.075318, 0.996669)
    Left Arm.CFrame = CFrame.new(0.01601, -0.070634, -0.190397, 0.949071, -0.060866, 0.309129, 0.039049, 0.996321, 0.076285, -0.312635, -0.060328, 0.947956)

[13]
    Time: 0.400000
    HumanoidRootPart.CFrame = CFrame.new(0, 0, 0, 1, 0, 0, 0, 1, 0, 0, 0, 1)
    Torso.CFrame = CFrame.new(-0.014372, 0.076271, -0.003016, 0.985307, 0.170185, -0.014373, -0.168627, 0.982725, 0.076271, 0.027104, -0.072727, 0.996984)
    Head.CFrame = CFrame.new(-0, -0, 0, 0.805216, 0.591345, -0.044036, -0.592405, 0.805487, -0.015731, 0.026167, 0.038754, 0.998906)
    Left Leg.CFrame = CFrame.new(0.186205, 0.009365, 0.007557, 0.959156, -0.101479, 0.264048, 0.093004, 0.994673, 0.044448, -0.267152, -0.018076, 0.963485)
    Right Arm.CFrame = CFrame.new(-0.029307, -0.066745, -0.165367, 0.909229, 0.111425, -0.401107, -0.037532, 0.981531, 0.187585, 0.4146, -0.155503, 0.896619)
    Right Leg.CFrame = CFrame.new(0.016258, 0.0475, 0.047175, 0.999348, 0.009222, 0.034907, -0.011872, 0.997009, 0.076367, -0.034098, -0.076731, 0.996469)
    Left Arm.CFrame = CFrame.new(0.017816, -0.070544, -0.190832, 0.937668, -0.067736, 0.340867, 0.043456, 0.995976, 0.078374, -0.344804, -0.058676, 0.936839)

[14]
    Time: 0.433333
    HumanoidRootPart.CFrame = CFrame.new(0, 0, 0, 1, 0, 0, 0, 1, 0, 0, 0, 1)
    Torso.CFrame = CFrame.new(-0.013774, 0.082801, -0.003529, 0.985109, 0.171381, -0.013774, -0.169685, 0.982014, 0.082801, 0.027717, -0.07923, 0.996471)
    Head.CFrame = CFrame.new(0, -0, 0, 0.917408, 0.395316, -0.045686, -0.396989, 0.917112, -0.036144, 0.02761, 0.051295, 0.998302)
    Left Leg.CFrame = CFrame.new(0.188565, 0.01021, 0.006916, 0.958304, -0.107281, 0.264847, 0.098655, 0.994071, 0.045714, -0.268181, -0.017681, 0.963206)
    Right Arm.CFrame = CFrame.new(-0.032992, -0.065885, -0.162836, 0.901145, 0.125439, -0.414973, -0.04273, 0.978263, 0.202918, 0.431407, -0.165127, 0.886917)
    Right Leg.CFrame = CFrame.new(0.014856, 0.048122, 0.046597, 0.999234, 0.014017, 0.036536, -0.016804, 0.996889, 0.077015, -0.035343, -0.07757, 0.99636)
    Left Arm.CFrame = CFrame.new(0.019158, -0.070455, -0.190945, 0.927811, -0.072839, 0.36587, 0.04622, 0.995641, 0.081005, -0.370175, -0.058246, 0.927134)

[15]
    Time: 0.483333
    HumanoidRootPart.CFrame = CFrame.new(0, 0, 0, 1, 0, 0, 0, 1, 0, 0, 0, 1)
    Torso.CFrame = CFrame.new(-0.014321, 0.08053, -0.003351, 0.989099, 0.146552, -0.014321, -0.14495, 0.986156, 0.08053, 0.025924, -0.077576, 0.996649)
    Head.CFrame = CFrame.new(0, -0, -0, 0.988105, 0.148035, -0.041635, -0.150338, 0.986869, -0.059067, 0.032345, 0.064624, 0.997385)
    Left Leg.CFrame = CFrame.new(0.171355, 0.010017, 0.010824, 0.965367, -0.099932, 0.240997, 0.091963, 0.994784, 0.044135, -0.24415, -0.020445, 0.969522)
    Right Arm.CFrame = CFrame.new(-0.036821, -0.06493, -0.160343, 0.893508, 0.139998, -0.426667, -0.048367, 0.974636, 0.218508, 0.446436, -0.174602, 0.877616)
    Right Leg.CFrame = CFrame.new(-0.000554, 0.048193, 0.046162, 0.999736, 0.019868, 0.011516, -0.020705, 0.996782, 0.077444, -0.00994, -0.077662, 0.99693)
    Left Arm.CFrame = CFrame.new(0.020138, -0.070371, -0.190764, 0.919667, -0.076565, 0.385164, 0.047664, 0.995321, 0.084047, -0.389797, -0.058936, 0.919013)

[16]
    Time: 0.500000
    HumanoidRootPart.CFrame = CFrame.new(0, 0, 0, 1, 0, 0, 0, 1, 0, 0, 0, 1)
    Torso.CFrame = CFrame.new(-0.015368, 0.074592, -0.002904, 0.996373, 0.0837, -0.015368, -0.082334, 0.993809, 0.074592, 0.021516, -0.073056, 0.997096)
    Head.CFrame = CFrame.new(0, -0, 0, 0.993056, -0.113415, -0.031242, 0.110607, 0.990611, -0.080353, 0.040062, 0.07634, 0.996277)
    Left Leg.CFrame = CFrame.new(0.129163, 0.009693, 0.019163, 0.980337, -0.080126, 0.180327, 0.073984, 0.996434, 0.040564, -0.182935, -0.026426, 0.98277)
    Right Arm.CFrame = CFrame.new(-0.040242, -0.064023, -0.158208, 0.887049, 0.153007, -0.435584, -0.053474, 0.971186, 0.232248, 0.458569, -0.182723, 0.869671)
    Right Leg.CFrame = CFrame.new(-0.039202, 0.04793, 0.044538, 0.998082, 0.034442, -0.051436, -0.03036, 0.996475, 0.078201, 0.053948, -0.07649, 0.99561)
    Left Arm.CFrame = CFrame.new(0.020851, -0.07029, -0.190328, 0.913203, -0.079274, 0.39972, 0.048113, 0.99501, 0.087413, -0.404655, -0.060593, 0.91246)

[17]
    Time: 0.550000
    HumanoidRootPart.CFrame = CFrame.new(0, 0, 0, 1, 0, 0, 0, 1, 0, 0, 0, 1)
    Torso.CFrame = CFrame.new(-0.015986, 0.066362, -0.002332, 0.999872, 0.000808, -0.015986, 0.000255, 0.997796, 0.066362, 0.016005, -0.066358, 0.997668)
    Head.CFrame = CFrame.new(0, 0, -0, 0.938711, -0.344297, -0.016768, 0.341223, 0.935025, -0.096413, 0.048873, 0.084782, 0.9952)
    Left Leg.CFrame = CFrame.new(0.073846, 0.009655, 0.026366, 0.993632, -0.052849, 0.099507, 0.049334, 0.998078, 0.037498, -0.101297, -0.032351, 0.99433)
    Right Arm.CFrame = CFrame.new(-0.0427, -0.063339, -0.156719, 0.882576, 0.162352, -0.44125, -0.057168, 0.968583, 0.24203, 0.466681, -0.188384, 0.86413)
    Right Leg.CFrame = CFrame.new(-0.089245, 0.047054, 0.039201, 0.989631, 0.053162, -0.133431, -0.042765, 0.995906, 0.079637, 0.137119, -0.073105, 0.987853)
    Left Arm.CFrame = CFrame.new(0.021384, -0.070206, -0.189687, 0.908249, -0.081302, 0.410455, 0.047895, 0.994694, 0.091044, -0.41568, -0.063032, 0.907324)

[18]
    Time: 0.583333
    HumanoidRootPart.CFrame = CFrame.new(0, 0, 0, 1, 0, 0, 0, 1, 0, 0, 0, 1)
    Torso.CFrame = CFrame.new(-0.015563, 0.057374, -0.001768, 0.996426, -0.083027, -0.015563, 0.08379, 0.99483, 0.057374, 0.010719, -0.058473, 0.998231)
    Head.CFrame = CFrame.new(-0, 0, -0, 0.856858, -0.515549, -0.001974, 0.512467, 0.852142, -0.105984, 0.056322, 0.089802, 0.994366)
    Left Leg.CFrame = CFrame.new(0.017859, 0.010167, 0.029308, 0.999572, -0.023917, 0.016866, 0.023292, 0.999061, 0.036541, -0.017724, -0.036133, 0.99919)
    Right Arm.CFrame = CFrame.new(-0.043642, -0.063069, -0.156158, 0.880911, 0.165931, -0.443241, -0.058597, 0.967559, 0.245755, 0.46964, -0.190516, 0.862057)
    Right Leg.CFrame = CFrame.new(-0.138768, 0.045454, 0.029941, 0.973976, 0.071263, -0.215156, -0.0548, 0.995161, 0.081558, 0.219927, -0.067645, 0.973168)
    Left Arm.CFrame = CFrame.new(0.021823, -0.070118, -0.188894, 0.904539, -0.082972, 0.418241, 0.047331, 0.994361, 0.0949, -0.423756, -0.066045, 0.903365)

[19]
    Time: 0.616667
    HumanoidRootPart.CFrame = CFrame.new(0, 0, 0, 1, 0, 0, 0, 1, 0, 0, 0, 1)
    Torso.CFrame = CFrame.new(-0.014035, 0.049209, -0.00131, 0.988775, -0.148754, -0.014035, 0.149271, 0.987571, 0.049209, 0.006541, -0.050752, 0.99869)
    Head.CFrame = CFrame.new(-0, -0, 0, 0.784477, -0.620079, 0.009885, 0.617207, 0.779091, -0.10988, 0.060433, 0.092299, 0.993896)
    Left Leg.CFrame = CFrame.new(-0.026299, 0.011291, 0.028541, 0.998823, 0.000317, -0.048495, 0.001518, 0.999287, 0.037725, 0.048472, -0.037754, 0.998111)
    Right Arm.CFrame = CFrame.new(-0.042696, -0.06365, -0.158344, 0.887339, 0.162337, -0.431598, -0.062705, 0.969767, 0.235839, 0.456835, -0.182206, 0.870691)
    Right Leg.CFrame = CFrame.new(-0.176502, 0.043298, 0.019783, 0.956762, 0.0843, -0.278388, -0.063465, 0.994523, 0.083052, 0.283864, -0.061794, 0.956871)
    Left Arm.CFrame = CFrame.new(0.022252, -0.070021, -0.188008, 0.901742, -0.084602, 0.423916, 0.04674, 0.993994, 0.098948, -0.429741, -0.069412, 0.90028)

[20]
    Time: 0.650000
    HumanoidRootPart.CFrame = CFrame.new(0, 0, 0, 1, 0, 0, 0, 1, 0, 0, 0, 1)
    Torso.CFrame = CFrame.new(-0.01181, 0.043317, -0.001009, 0.983855, -0.178576, -0.01181, 0.178924, 0.982909, 0.043317, 0.003873, -0.044731, 0.998992)
    Head.CFrame = CFrame.new(-0, -0, 1e-06, 0.750037, -0.661182, 0.01683, 0.658682, 0.744414, -0.109484, 0.059861, 0.093203, 0.993846)
    Left Leg.CFrame = CFrame.new(-0.046861, 0.012929, 0.027282, 0.996845, 0.013545, -0.078207, -0.010451, 0.999153, 0.039795, 0.07868, -0.038852, 0.996143)
    Right Arm.CFrame = CFrame.new(-0.040499, -0.064969, -0.163782, 0.901979, 0.153981, -0.403391, -0.071932, 0.974782, 0.21125, 0.425747, -0.161526, 0.890308)
    Right Leg.CFrame = CFrame.new(-0.192228, 0.040953, 0.013859, 0.94763, 0.088439, -0.306878, -0.065996, 0.99438, 0.082789, 0.312476, -0.058202, 0.948141)
    Left Arm.CFrame = CFrame.new(0.022754, -0.069914, -0.18709, 0.899488, -0.086508, 0.428297, 0.046436, 0.99358, 0.103161, -0.434471, -0.072904, 0.89773)

[21]
    Time: 0.700000
    HumanoidRootPart.CFrame = CFrame.new(0, 0, 0, 1, 0, 0, 0, 1, 0, 0, 0, 1)
    Torso.CFrame = CFrame.new(-0.009806, 0.039814, -0.000841, 0.983004, -0.183321, -0.009806, 0.183568, 0.9822, 0.039814, 0.002333, -0.040937, 0.999159)
    Head.CFrame = CFrame.new(0, 0, 0, 0.742522, -0.669452, 0.02223, 0.667551, 0.736869, -0.106771, 0.055097, 0.09412, 0.994035)
    Left Leg.CFrame = CFrame.new(-0.050674, 0.01452, 0.026926, 0.9964, 0.018141, -0.082812, -0.014733, 0.999028, 0.041539, 0.083485, -0.040169, 0.995699)
    Right Arm.CFrame = CFrame.new(-0.03797, -0.066413, -0.170755, 0.918152, 0.144365, -0.368993, -0.081819, 0.980271, 0.179932, 0.387689, -0.135013, 0.911849)
    Right Leg.CFrame = CFrame.new(-0.193083, 0.03906, 0.012076, 0.946254, 0.087213, -0.311443, -0.064829, 0.994559, 0.081546, 0.31686, -0.056973, 0.94676)
    Left Arm.CFrame = CFrame.new(0.023411, -0.069789, -0.186201, 0.897382, -0.08901, 0.432185, 0.046726, 0.993105, 0.107511, -0.438774, -0.076284, 0.895353)

[22]
    Time: 0.733333
    HumanoidRootPart.CFrame = CFrame.new(0, 0, 0, 1, 0, 0, 0, 1, 0, 0, 0, 1)
    Torso.CFrame = CFrame.new(-0.007728, 0.036632, -0.000701, 0.982332, -0.186986, -0.007728, 0.187144, 0.981649, 0.036632, 0.000736, -0.03743, 0.999299)
    Head.CFrame = CFrame.new(0, -0, -0, 0.733796, -0.678297, 0.038174, 0.678216, 0.728118, -0.099331, 0.039581, 0.098779, 0.994322)
    Left Leg.CFrame = CFrame.new(-0.053205, 0.016354, 0.026071, 0.996008, 0.022506, -0.086376, -0.018777, 0.998868, 0.043703, 0.087262, -0.041906, 0.995304)
    Right Arm.CFrame = CFrame.new(-0.034392, -0.068188, -0.181732, 0.935621, 0.130761, -0.327896, -0.091737, 0.987016, 0.131845, 0.340879, -0.093276, 0.935468)
    Right Leg.CFrame = CFrame.new(-0.192313, 0.037282, 0.009729, 0.945192, 0.086475, -0.314855, -0.064098, 0.994669, 0.080775, 0.320162, -0.056167, 0.945696)
    Left Arm.CFrame = CFrame.new(0.025536, -0.069475, -0.184771, 0.891929, -0.097091, 0.441629, 0.05028, 0.991915, 0.116521, -0.449371, -0.081723, 0.889599)

[23]
    Time: 0.766667
    HumanoidRootPart.CFrame = CFrame.new(0, 0, 0, 1, 0, 0, 0, 1, 0, 0, 0, 1)
    Torso.CFrame = CFrame.new(-0.007386, 0.036241, -0.000684, 0.9822, -0.187692, -0.007386, 0.187837, 0.981531, 0.036241, 0.000447, -0.036983, 0.999316)
    Head.CFrame = CFrame.new(0, -0, 0, 0.731809, -0.679889, 0.046977, 0.680821, 0.72623, -0.095253, 0.030645, 0.10169, 0.994344)
    Left Leg.CFrame = CFrame.new(-0.053339, 0.016763, 0.02555, 0.995927, 0.02333, -0.087096, -0.01952, 0.998827, 0.044302, 0.088027, -0.042421, 0.995214)
    Right Arm.CFrame = CFrame.new(-0.03262, -0.068584, -0.183594, 0.936135, 0.124023, -0.329045, -0.087757, 0.988529, 0.122923, 0.340516, -0.086197, 0.936279)
    Right Leg.CFrame = CFrame.new(-0.19155, 0.037101, 0.008818, 0.944963, 0.086889, -0.315427, -0.064401, 0.994626, 0.081063, 0.320775, -0.056289, 0.945481)
    Left Arm.CFrame = CFrame.new(0.027154, -0.069277, -0.184348, 0.88777, -0.103241, 0.44856, 0.05404, 0.991159, 0.121172, -0.457104, -0.083332, 0.885501)

[24]
    Time: 0.800000
    HumanoidRootPart.CFrame = CFrame.new(0, 0, 0, 1, 0, 0, 0, 1, 0, 0, 0, 1)
    Torso.CFrame = CFrame.new(-0.007323, 0.036183, -0.000682, 0.981983, -0.18883, -0.007323, 0.188972, 0.981316, 0.036183, 0.000354, -0.036915, 0.999318)
    Head.CFrame = CFrame.new(0, -0, 1e-06, 0.730923, -0.680223, 0.055204, 0.682102, 0.725527, -0.091368, 0.022099, 0.104438, 0.994286)
    Left Leg.CFrame = CFrame.new(-0.053625, 0.016952, 0.024937, 0.995808, 0.023972, -0.088274, -0.020076, 0.998798, 0.044713, 0.08924, -0.042753, 0.995092)
    Right Arm.CFrame = CFrame.new(-0.029729, -0.069001, -0.184415, 0.936809, 0.113033, -0.331077, -0.07834, 0.990112, 0.116364, 0.340956, -0.083074, 0.936401)
    Right Leg.CFrame = CFrame.new(-0.191104, 0.037198, 0.007853, 0.944562, 0.08777, -0.316383, -0.06506, 0.994534, 0.081672, 0.321823, -0.056561, 0.945109)
    Left Arm.CFrame = CFrame.new(0.029145, -0.069042, -0.18411, 0.882499, -0.110812, 0.457074, 0.059062, 0.990265, 0.126042, -0.466591, -0.084236, 0.880453)

[25]
    Time: 0.833333
    HumanoidRootPart.CFrame = CFrame.new(0, 0, 0, 1, 0, 0, 0, 1, 0, 0, 0, 1)
    Torso.CFrame = CFrame.new(-0.008574, 0.040365, -0.000852, 0.981544, -0.191044, -0.008574, 0.191235, 0.980714, 0.040365, 0.000697, -0.04126, 0.999148)
    Head.CFrame = CFrame.new(0, -0, 0, 0.730814, -0.679754, 0.062015, 0.682416, 0.725649, -0.087994, 0.014813, 0.106627, 0.994189)
    Left Leg.CFrame = CFrame.new(-0.053459, 0.016445, 0.024146, 0.995646, 0.021212, -0.090765, -0.017228, 0.998865, 0.044406, 0.091604, -0.042649, 0.994882)
    Right Arm.CFrame = CFrame.new(-0.026599, -0.069353, -0.184573, 0.936903, 0.101129, -0.334643, -0.067023, 0.991449, 0.111967, 0.343104, -0.082473, 0.93567)
    Right Leg.CFrame = CFrame.new(-0.192243, 0.038612, 0.006708, 0.943516, 0.092764, -0.318076, -0.069417, 0.994045, 0.083999, 0.323975, -0.057176, 0.944337)
    Left Arm.CFrame = CFrame.new(0.031472, -0.068762, -0.184012, 0.876171, -0.119658, 0.466912, 0.065136, 0.989203, 0.131279, -0.477579, -0.08461, 0.874505)

[26]
    Time: 0.883333
    HumanoidRootPart.CFrame = CFrame.new(0, 0, 0, 1, 0, 0, 0, 1, 0, 0, 0, 1)
    Torso.CFrame = CFrame.new(-0.011707, 0.05112, -0.001376, 0.98093, -0.194009, -0.011707, 0.194356, 0.979598, 0.05112, 0.00155, -0.052421, 0.998624)
    Head.CFrame = CFrame.new(0, 0, 0, 0.731179, -0.67893, 0.066567, 0.682117, 0.726235, -0.085433, 0.009659, 0.107873, 0.994118)
    Left Leg.CFrame = CFrame.new(-0.052209, 0.015065, 0.023191, 0.995453, 0.012842, -0.094385, -0.008801, 0.999033, 0.043073, 0.094847, -0.042046, 0.994603)
    Right Arm.CFrame = CFrame.new(-0.024112, -0.069583, -0.184444, 0.935793, 0.091674, -0.340424, -0.057367, 0.992327, 0.109528, 0.347852, -0.082966, 0.933871)
    Right Leg.CFrame = CFrame.new(-0.195107, 0.041921, 0.005406, 0.941692, 0.103937, -0.320021, -0.079405, 0.992878, 0.088823, 0.326974, -0.058234, 0.943238)
    Left Arm.CFrame = CFrame.new(0.034096, -0.068431, -0.184006, 0.868846, -0.129633, 0.47781, 0.072047, 0.987944, 0.137026, -0.489812, -0.084629, 0.867711)

[27]
    Time: 0.916667
    HumanoidRootPart.CFrame = CFrame.new(0, 0, 0, 1, 0, 0, 0, 1, 0, 0, 0, 1)
    Torso.CFrame = CFrame.new(-0.015873, 0.065734, -0.002289, 0.980243, -0.197159, -0.015873, 0.19778, 0.97804, 0.065734, 0.002564, -0.067575, 0.997711)
    Head.CFrame = CFrame.new(-0, 0, -0, 0.731726, -0.678198, 0.068012, 0.681558, 0.726929, -0.083981, 0.007516, 0.107805, 0.994144)
    Left Leg.CFrame = CFrame.new(-0.050404, 0.013352, 0.022189, 0.995142, 0.000987, -0.098443, 0.003085, 0.999147, 0.041172, 0.0984, -0.041275, 0.994291)
    Right Arm.CFrame = CFrame.new(-0.023155, -0.069667, -0.18441, 0.932946, 0.088034, -0.349087, -0.052929, 0.992646, 0.108872, 0.356103, -0.083095, 0.930745)
    Right Leg.CFrame = CFrame.new(-0.198521, 0.046286, 0.004008, 0.939315, 0.118816, -0.321823, -0.0928, 0.991135, 0.095078, 0.330267, -0.059444, 0.942014)
    Left Arm.CFrame = CFrame.new(0.036978, -0.068039, -0.184048, 0.860592, -0.140595, 0.489506, 0.079579, 0.986457, 0.14342, -0.50304, -0.084471, 0.860125)

[28]
    Time: 0.950000
    HumanoidRootPart.CFrame = CFrame.new(0, 0, 0, 1, 0, 0, 0, 1, 0, 0, 0, 1)
    Torso.CFrame = CFrame.new(-0.020194, 0.081498, -0.003531, 0.979597, -0.199953, -0.020194, 0.200941, 0.976208, 0.081498, 0.003418, -0.083893, 0.996469)
    Head.CFrame = CFrame.new(0, -0, 0, 0.735089, -0.676906, 0.037969, 0.677763, 0.735097, -0.016449, -0.016777, 0.037825, 0.999144)
    Left Leg.CFrame = CFrame.new(-0.048459, 0.011801, 0.021243, 0.994684, -0.012146, -0.102256, 0.016233, 0.9991, 0.039197, 0.101688, -0.040648, 0.993986)
    Right Arm.CFrame = CFrame.new(-0.023482, -0.069655, -0.184613, 0.925151, 0.089279, -0.36895, -0.052027, 0.992599, 0.10973, 0.376016, -0.082322, 0.922949)
    Right Leg.CFrame = CFrame.new(-0.2015, 0.050829, 0.002591, 0.936696, 0.134837, -0.32314, -0.107305, 0.989016, 0.101652, 0.333297, -0.060544, 0.940876)
    Left Arm.CFrame = CFrame.new(0.040084, -0.067581, -0.184088, 0.85149, -0.152404, 0.501736, 0.087513, 0.984715, 0.150592, -0.517018, -0.084319, 0.851812)

[29]
    Time: 1.000000
    HumanoidRootPart.CFrame = CFrame.new(0, 0, 0, 1, 0, 0, 0, 1, 0, 0, 0, 1)
    Torso.CFrame = CFrame.new(-0.023759, 0.095715, -0.004875, 0.979118, -0.201901, -0.023759, 0.203258, 0.974436, 0.095715, 0.003827, -0.098546, 0.995125)
    Head.CFrame = CFrame.new(-0, -0, 0, 0.744739, -0.666802, -0.027189, 0.663898, 0.736122, 0.131775, -0.067853, -0.116188, 0.990907)
    Left Leg.CFrame = CFrame.new(-0.046714, 0.010837, 0.020441, 0.994159, -0.024287, -0.105159, 0.028394, 0.998886, 0.037695, 0.104126, -0.040461, 0.993741)
    Right Arm.CFrame = CFrame.new(-0.024194, -0.069614, -0.184906, 0.91141, 0.091988, -0.401086, -0.051066, 0.992443, 0.111574, 0.408318, -0.081208, 0.90922)
    Right Leg.CFrame = CFrame.new(-0.203252, 0.054607, 0.001266, 0.934294, 0.149369, -0.323703, -0.120575, 0.98688, 0.107381, 0.335496, -0.061296, 0.940046)
    Left Arm.CFrame = CFrame.new(0.043358, -0.067053, -0.184091, 0.841683, -0.164855, 0.514192, 0.095602, 0.982708, 0.158573, -0.531441, -0.08431, 0.842889)

[30]
    Time: 1.016667
    HumanoidRootPart.CFrame = CFrame.new(0, 0, 0, 1, 0, 0, 0, 1, 0, 0, 0, 1)
    Torso.CFrame = CFrame.new(-0.025633, 0.105711, -0.005934, 0.978935, -0.202559, -0.025633, 0.204144, 0.973217, 0.105711, 0.003534, -0.108717, 0.994066)
    Head.CFrame = CFrame.new(-0, 0, 0, 0.758491, -0.645452, -0.089908, 0.641657, 0.715571, 0.276107, -0.113879, -0.267114, 0.956913)
    Left Leg.CFrame = CFrame.new(-0.045397, 0.010838, 0.019849, 0.993761, -0.033089, -0.106504, 0.037247, 0.998612, 0.037257, 0.105123, -0.040991, 0.993614)
    Right Arm.CFrame = CFrame.new(-0.025194, -0.069547, -0.185251, 0.895109, 0.095786, -0.435437, -0.050745, 0.99219, 0.113944, 0.442951, -0.079896, 0.892979)
    Right Leg.CFrame = CFrame.new(-0.203192, 0.056651, 0.00015, 0.932714, 0.159708, -0.323322, -0.130208, 0.985247, 0.11106, 0.336289, -0.061489, 0.939749)
    Left Arm.CFrame = CFrame.new(0.046671, -0.066474, -0.184071, 0.831526, -0.17745, 0.526381, 0.103518, 0.980505, 0.167013, -0.545756, -0.084385, 0.833684)

[31]
    Time: 1.066667
    HumanoidRootPart.CFrame = CFrame.new(0, 0, 0, 1, 0, 0, 0, 1, 0, 0, 0, 1)
    Torso.CFrame = CFrame.new(-0.026104, 0.111721, -0.006603, 0.979063, -0.201878, -0.026104, 0.203539, 0.972672, 0.111721, 0.002837, -0.114695, 0.993397)
    Head.CFrame = CFrame.new(-0, -0, 1e-06, 0.7684, -0.628881, -0.118615, 0.626682, 0.701837, 0.338666, -0.129733, -0.334565, 0.9334)
    Left Leg.CFrame = CFrame.new(-0.044286, 0.011496, 0.019407, 0.993585, -0.038746, -0.106241, 0.042963, 0.998367, 0.037667, 0.104608, -0.041989, 0.993627)
    Right Arm.CFrame = CFrame.new(-0.026388, -0.069456, -0.185589, 0.880943, 0.100328, -0.462465, -0.051829, 0.991844, 0.116443, 0.470375, -0.078611, 0.878958)
    Right Leg.CFrame = CFrame.new(-0.201525, 0.057257, -0.000697, 0.932083, 0.166001, -0.321968, -0.136276, 0.984213, 0.112939, 0.335634, -0.061394, 0.93999)
    Left Arm.CFrame = CFrame.new(0.049873, -0.065873, -0.184048, 0.821467, -0.189623, 0.537806, 0.110935, 0.978217, 0.175457, -0.559361, -0.08447, 0.824609)

[32]
    Time: 1.100000
    HumanoidRootPart.CFrame = CFrame.new(0, 0, 0, 1, 0, 0, 0, 1, 0, 0, 0, 1)
    Torso.CFrame = CFrame.new(-0.026121, 0.116002, -0.007095, 0.979436, -0.200059, -0.026121, 0.201745, 0.972544, 0.116002, 0.002197, -0.118886, 0.992905)
    Head.CFrame = CFrame.new(-0, -1e-06, 0, 0.771996, -0.623926, -0.121403, 0.623168, 0.705301, 0.337952, -0.125231, -0.336553, 0.9333)
    Left Leg.CFrame = CFrame.new(-0.042966, 0.012259, 0.019013, 0.99356, -0.043255, -0.104722, 0.047495, 0.998137, 0.038298, 0.10287, -0.043025, 0.993764)
    Right Arm.CFrame = CFrame.new(-0.027698, -0.069339, -0.185828, 0.874654, 0.10531, -0.473172, -0.055162, 0.991399, 0.11868, 0.4816, -0.077702, 0.87294)
    Right Leg.CFrame = CFrame.new(-0.198837, 0.057407, -0.001304, 0.932078, 0.170402, -0.319675, -0.140654, 0.983458, 0.114135, 0.333836, -0.06142, 0.940628)
    Left Arm.CFrame = CFrame.new(0.052815, -0.065284, -0.184034, 0.812005, -0.200811, 0.548017, 0.117561, 0.975977, 0.183437, -0.571688, -0.084526, 0.816106)

[33]
    Time: 1.133333
    HumanoidRootPart.CFrame = CFrame.new(0, 0, 0, 1, 0, 0, 0, 1, 0, 0, 0, 1)
    Torso.CFrame = CFrame.new(-0.025736, 0.118917, -0.007429, 0.980056, -0.197048, -0.025736, 0.198716, 0.972816, 0.118917, 0.001604, -0.121659, 0.992571)
    Head.CFrame = CFrame.new(0, 0, 0, 0.773645, -0.621542, -0.123122, 0.621651, 0.706975, 0.337249, -0.12257, -0.33745, 0.93333)
    Left Leg.CFrame = CFrame.new(-0.041296, 0.01313, 0.018667, 0.993686, -0.046933, -0.101912, 0.051151, 0.997924, 0.039143, 0.099863, -0.044108, 0.994023)
    Right Arm.CFrame = CFrame.new(-0.029174, -0.069194, -0.186032, 0.874924, 0.11092, -0.471386, -0.060642, 0.990848, 0.120596, 0.480449, -0.076926, 0.873643)
    Right Leg.CFrame = CFrame.new(-0.195231, 0.057171, -0.001673, 0.932693, 0.173182, -0.316372, -0.143607, 0.982964, 0.11472, 0.33085, -0.061567, 0.941673)
    Left Arm.CFrame = CFrame.new(0.055353, -0.064747, -0.184029, 0.803676, -0.210463, 0.556606, 0.123131, 0.973939, 0.190476, -0.582188, -0.084545, 0.808646)

[34]
    Time: 1.150000
    HumanoidRootPart.CFrame = CFrame.new(0, 0, 0, 1, 0, 0, 0, 1, 0, 0, 0, 1)
    Torso.CFrame = CFrame.new(-0.025005, 0.120824, -0.007641, 0.980922, -0.19279, -0.025005, 0.194402, 0.973452, 0.120824, 0.001047, -0.12338, 0.992359)
    Head.CFrame = CFrame.new(0, 0, 0, 0.774193, -0.620694, -0.123953, 0.621267, 0.707737, 0.336355, -0.121048, -0.337411, 0.933542)
    Left Leg.CFrame = CFrame.new(-0.039157, 0.014112, 0.018367, 0.993946, -0.050109, -0.097777, 0.054256, 0.997718, 0.040186, 0.09554, -0.045247, 0.994397)
    Right Arm.CFrame = CFrame.new(-0.03085, -0.069022, -0.186296, 0.876414, 0.117295, -0.467055, -0.067255, 0.990191, 0.12247, 0.476839, -0.075923, 0.875706)
    Right Leg.CFrame = CFrame.new(-0.190791, 0.056624, -0.001815, 0.933902, 0.174616, -0.311985, -0.1454, 0.982694, 0.114775, 0.326627, -0.061827, 0.943129)
    Left Arm.CFrame = CFrame.new(0.057343, -0.06431, -0.18403, 0.797039, -0.21803, 0.563198, 0.127403, 0.972274, 0.196093, -0.590337, -0.08454, 0.802718)

[35]
    Time: 1.183333
    HumanoidRootPart.CFrame = CFrame.new(0, 0, 0, 1, 0, 0, 0, 1, 0, 0, 0, 1)
    Torso.CFrame = CFrame.new(-0.023983, 0.122082, -0.00777, 0.982025, -0.187222, -0.023983, 0.188751, 0.974407, 0.122082, 0.000513, -0.124414, 0.99223)
    Head.CFrame = CFrame.new(-0, 0, 0, 0.774466, -0.620328, -0.124081, 0.621139, 0.708455, 0.335079, -0.119954, -0.336579, 0.933984)
    Left Leg.CFrame = CFrame.new(-0.036445, 0.01521, 0.018109, 0.994315, -0.053119, -0.092281, 0.057136, 0.997507, 0.041416, 0.089851, -0.046453, 0.994871)
    Right Arm.CFrame = CFrame.new(-0.032631, -0.068824, -0.186545, 0.878956, 0.124066, -0.460483, -0.074518, 0.989437, 0.124342, 0.471046, -0.074977, 0.878917)
    Right Leg.CFrame = CFrame.new(-0.185583, 0.055837, -0.001738, 0.935671, 0.174986, -0.306429, -0.146308, 0.982605, 0.114379, 0.321113, -0.06219, 0.944997)
    Left Arm.CFrame = CFrame.new(0.058643, -0.064015, -0.184032, 0.792658, -0.222971, 0.567431, 0.130145, 0.971153, 0.199809, -0.595614, -0.084532, 0.79881)

[36]
    Time: 1.216667
    HumanoidRootPart.CFrame = CFrame.new(0, 0, 0, 1, 0, 0, 0, 1, 0, 0, 0, 1)
    Torso.CFrame = CFrame.new(-0.022725, 0.123045, -0.007859, 0.983352, -0.180285, -0.022725, 0.181711, 0.975623, 0.123045, -1.2e-05, -0.125126, 0.992141)
    Head.CFrame = CFrame.new(-0, -0, -0, 0.775285, -0.61938, -0.123696, 0.620381, 0.709989, 0.333231, -0.118574, -0.335088, 0.934696)
    Left Leg.CFrame = CFrame.new(-0.033077, 0.016429, 0.017884, 0.994755, -0.056311, -0.085389, 0.060133, 0.997272, 0.042821, 0.082745, -0.047731, 0.995427)
    Right Arm.CFrame = CFrame.new(-0.03442, -0.068605, -0.186706, 0.882381, 0.130866, -0.451972, -0.08195, 0.988607, 0.126254, 0.463345, -0.074365, 0.883052)
    Right Leg.CFrame = CFrame.new(-0.179652, 0.054877, -0.001453, 0.93795, 0.174582, -0.299617, -0.146611, 0.982648, 0.113619, 0.314254, -0.062642, 0.94727)
    Left Arm.CFrame = CFrame.new(0.059108, -0.063908, -0.184033, 0.791081, -0.22474, 0.568931, 0.131116, 0.970745, 0.201152, -0.597494, -0.084531, 0.797405)

[37]
    Time: 1.250000
    HumanoidRootPart.CFrame = CFrame.new(0, 0, 0, 1, 0, 0, 0, 1, 0, 0, 0, 1)
    Torso.CFrame = CFrame.new(-0.021284, 0.12407, -0.007955, 0.984882, -0.171914, -0.021284, 0.173226, 0.977036, 0.12407, -0.000534, -0.125881, 0.992045)
    Head.CFrame = CFrame.new(-0, 0, 0, 0.777462, -0.616786, -0.122996, 0.618103, 0.71319, 0.330619, -0.116201, -0.333068, 0.935715)
    Left Leg.CFrame = CFrame.new(-0.028986, 0.017772, 0.017679, 0.995216, -0.060045, -0.077066, 0.063593, 0.996988, 0.044394, 0.074168, -0.049082, 0.996037)
    Right Arm.CFrame = CFrame.new(-0.036117, -0.068375, -0.186709, 0.88653, 0.137321, -0.441824, -0.089074, 0.987732, 0.128262, 0.454016, -0.074353, 0.887886)
    Right Leg.CFrame = CFrame.new(-0.173029, 0.053805, -0.000972, 0.94068, 0.173702, -0.291457, -0.146598, 0.98277, 0.112576, 0.30599, -0.063172, 0.949937)
    Left Arm.CFrame = CFrame.new(0.057117, -0.064482, -0.185466, 0.792149, -0.217168, 0.570384, 0.128317, 0.972926, 0.192224, -0.596686, -0.07908, 0.798569)

[38]
    Time: 1.283333
    HumanoidRootPart.CFrame = CFrame.new(0, 0, 0, 1, 0, 0, 0, 1, 0, 0, 0, 1)
    Torso.CFrame = CFrame.new(-0.019703, 0.125511, -0.008103, 0.986586, -0.162048, -0.019703, 0.163238, 0.978571, 0.125511, -0.001057, -0.127043, 0.991897)
    Head.CFrame = CFrame.new(0, -0, -0, 0.78178, -0.611466, -0.12219, 0.613389, 0.718884, 0.327046, -0.112137, -0.330628, 0.937075)
    Left Leg.CFrame = CFrame.new(-0.024124, 0.019239, 0.017479, 0.995635, -0.06469, -0.067279, 0.067875, 0.996627, 0.046133, 0.064068, -0.050498, 0.996667)
    Right Arm.CFrame = CFrame.new(-0.037625, -0.068144, -0.186488, 0.891258, 0.143052, -0.430344, -0.095413, 0.986855, 0.13044, 0.443347, -0.075195, 0.893191)
    Right Leg.CFrame = CFrame.new(-0.165725, 0.05268, -0.000307, 0.943794, 0.172655, -0.281853, -0.146567, 0.982916, 0.111333, 0.296261, -0.063766, 0.952976)
    Left Arm.CFrame = CFrame.new(0.051946, -0.065826, -0.188756, 0.795281, -0.197506, 0.573166, 0.120153, 0.978039, 0.170305, -0.594215, -0.066572, 0.801546)

[39]
    Time: 1.316667
    HumanoidRootPart.CFrame = CFrame.new(0, 0, 0, 1, 0, 0, 0, 1, 0, 0, 0, 1)
    Torso.CFrame = CFrame.new(-0.018004, 0.127592, -0.008337, 0.988444, -0.150513, -0.018004, 0.151578, 0.980176, 0.127592, -0.001557, -0.128847, 0.991663)
    Head.CFrame = CFrame.new(-0, -0, -0, 0.797359, -0.592155, -0.116495, 0.59503, 0.739139, 0.315616, -0.100787, -0.320977, 0.941709)
    Left Leg.CFrame = CFrame.new(-0.018407, 0.020825, 0.017264, 0.995943, -0.070535, -0.055877, 0.073249, 0.996156, 0.048051, 0.052273, -0.051949, 0.997281)
    Right Arm.CFrame = CFrame.new(-0.03884, -0.067926, -0.185981, 0.896437, 0.147676, -0.417844, -0.100497, 0.986024, 0.132877, 0.431627, -0.077124, 0.898749)
    Right Leg.CFrame = CFrame.new(-0.157675, 0.051539, 0.000541, 0.947271, 0.171591, -0.270614, -0.146672, 0.983058, 0.109931, 0.284893, -0.064444, 0.956391)
    Left Arm.CFrame = CFrame.new(0.044817, -0.067384, -0.192384, 0.800276, -0.170402, 0.57491, 0.106946, 0.98396, 0.142774, -0.590018, -0.052773, 0.805664)

[40]
    Time: 1.350000
    HumanoidRootPart.CFrame = CFrame.new(0, 0, 0, 1, 0, 0, 0, 1, 0, 0, 0, 1)
    Torso.CFrame = CFrame.new(-0.016132, 0.13001, -0.008619, 0.990482, -0.136691, -0.016133, 0.137626, 0.981915, 0.13001, -0.00193, -0.130993, 0.991382)
    Head.CFrame = CFrame.new(0, 0, -0, 0.830207, -0.548054, -0.101952, 0.552027, 0.782794, 0.287227, -0.077608, -0.294738, 0.952421)
    Left Leg.CFrame = CFrame.new(-0.011553, 0.022492, 0.017019, 0.996096, -0.077516, -0.042232, 0.079606, 0.995563, 0.050174, 0.038156, -0.05334, 0.997847)
