[1]
    Time: 0.000000
    HumanoidRootPart.CFrame = CFrame.new(0, 0, 0, 1, 0, 0, 0, 1, 0, 0, 0, 1)
    Torso.CFrame = CFrame.new(0.027688, -0.079304, -0.003534, 0.983986, -0.176083, 0.027688, 0.177758, 0.980874, -0.079304, -0.013195, 0.082956, 0.996466)
    Right Arm.CFrame = CFrame.new(0.614195, -0.590453, -0.10223, -0.705027, -0.702403, 0.09781, 0.34995, -0.224617, 0.909441, -0.616824, 0.675409, 0.404167)
    Left Arm.CFrame = CFrame.new(-0.311645, -0.921157, 0.109697, -0.616264, 0.785207, -0.060566, -0.197377, -0.079542, 0.977095, 0.762404, 0.614103, 0.204001)
    Right Leg.CFrame = CFrame.new(-0.087825, -0.020684, -0.007262, 0.983873, -0.032524, -0.175887, 0.02881, 0.999306, -0.02361, 0.176533, 0.018161, 0.984127)
    Left Leg.CFrame = CFrame.new(-0.105304, 0.022477, -0.010505, 0.976603, 0.123448, -0.176093, -0.11969, 0.992301, 0.031828, 0.178667, -0.010006, 0.983859)
    Head.CFrame = CFrame.new(0, 0, -0, 0.998811, 6.8e-05, 0.04874, -0.000462, 0.999967, 0.008066, -0.048738, -0.008079, 0.998779)
    RightUpperArm.CFrame = CFrame.new(0.075402, -0.912528, -0.429463, 0.404167, 0.675409, 0.616824, 0.909441, -0.224617, -0.34995, -0.09781, 0.702403, -0.705027)
    LeftUpperArm.CFrame = CFrame.new(-0.271205, -1.20508, -0.105135, 0.204001, -0.614103, -0.762405, -0.977095, -0.079542, -0.197377, 0.060566, 0.785207, -0.616264)
    LeftHand.CFrame = CFrame.new(0.0005, 0.0001, 0, 1, -0, 0, 0, 1, 1e-06, -0, 0, 1)

[2]
    Time: 0.016667
    HumanoidRootPart.CFrame = CFrame.new(0, 0, 0, 1, 0, 0, 0, 1, 0, 0, 0, 1)
    Torso.CFrame = CFrame.new(0.027932, -0.081105, -0.004011, 0.983687, -0.177708, 0.027931, 0.179422, 0.980422, -0.081117, -0.012969, 0.084805, 0.996313)
    Right Arm.CFrame = CFrame.new(0.615261, -0.589632, -0.101076, -0.70246, -0.70509, 0.096949, 0.350272, -0.223912, 0.909491, -0.619564, 0.672839, 0.404262)
    Left Arm.CFrame = CFrame.new(-0.31085, -0.921, 0.111628, -0.615435, 0.785714, -0.062405, -0.19708, -0.076741, 0.977379, 0.763151, 0.613811, 0.202077)
    Right Leg.CFrame = CFrame.new(-0.08865, -0.020374, -0.007386, 0.983534, -0.033905, -0.177515, 0.030153, 0.999262, -0.023775, 0.17819, 0.018031, 0.983831)
    Left Leg.CFrame = CFrame.new(-0.106761, 0.022929, -0.010795, 0.976063, 0.125382, -0.17771, -0.12158, 0.99206, 0.032148, 0.18033, -0.009771, 0.983558)
    Head.CFrame = CFrame.new(0, 0, -0, 0.998796, -0.001992, 0.04902, 0.001646, 0.999974, 0.007085, -0.049033, -0.006996, 0.998773)
    RightUpperArm.CFrame = CFrame.new(0.075881, -0.91152, -0.429823, 0.404262, 0.672839, 0.619565, 0.909491, -0.223912, -0.350272, -0.096949, 0.70509, -0.702459)
    LeftUpperArm.CFrame = CFrame.new(-0.27306, -1.20418, -0.104207, 0.202077, -0.613811, -0.763152, -0.977379, -0.076741, -0.19708, 0.062405, 0.785714, -0.615434)
    LeftHand.CFrame = CFrame.new(0.0005, 0.0001, -0, 1, 0, 0, -0, 1, 1e-06, -0, -0, 1)

[3]
    Time: 0.033333
    HumanoidRootPart.CFrame = CFrame.new(0, 0, 0, 1, 0, 0, 0, 1, 0, 0, 0, 1)
    Torso.CFrame = CFrame.new(0.028633, -0.086092, -0.005376, 0.982837, -0.182242, 0.02863, 0.184064, 0.979133, -0.086137, -0.012335, 0.089928, 0.995872)
    Right Arm.CFrame = CFrame.new(0.618161, -0.587389, -0.097726, -0.695169, -0.71259, 0.094636, 0.351164, -0.221769, 0.909672, -0.627236, 0.665608, 0.404402)
    Left Arm.CFrame = CFrame.new(-0.308636, -0.920433, 0.117055, -0.613237, 0.787012, -0.067474, -0.196219, -0.069033, 0.978127, 0.765139, 0.613063, 0.19676)
    Right Leg.CFrame = CFrame.new(-0.090954, -0.019497, -0.00774, 0.982564, -0.03772, -0.182058, 0.033859, 0.999132, -0.024254, 0.182815, 0.017667, 0.982989)
    Left Leg.CFrame = CFrame.new(-0.111194, 0.02428, -0.011692, 0.974556, 0.130526, -0.182221, -0.126597, 0.991403, 0.033062, 0.184969, -0.009151, 0.982702)
    Head.CFrame = CFrame.new(0, 0, -0, 0.998734, -0.007567, 0.049737, 0.007363, 0.999964, 0.004287, -0.049768, -0.003916, 0.998753)
    RightUpperArm.CFrame = CFrame.new(0.077329, -0.908714, -0.43075, 0.404403, 0.665608, 0.627236, 0.909672, -0.221769, -0.351164, -0.094636, 0.71259, -0.695168)
    LeftUpperArm.CFrame = CFrame.new(-0.278291, -1.20159, -0.101652, 0.19676, -0.613063, -0.76514, -0.978127, -0.069033, -0.196219, 0.067475, 0.787012, -0.613237)
    LeftHand.CFrame = CFrame.new(0.0005, 0.0001, 0, 1, 0, 0, 0, 1, 1e-06, -0, 0, 1)

[4]
    Time: 0.050000
    HumanoidRootPart.CFrame = CFrame.new(0, 0, 0, 1, 0, 0, 0, 1, 0, 0, 0, 1)
    Torso.CFrame = CFrame.new(0.029759, -0.093635, -0.007549, 0.981494, -0.189167, 0.029752, 0.191157, 0.977074, -0.093733, -0.011339, 0.097686, 0.995153)
    Right Arm.CFrame = CFrame.new(0.62243, -0.584061, -0.092329, -0.683719, -0.724014, 0.091282, 0.352495, -0.218142, 0.910033, -0.638964, 0.654383, 0.40436)
    Left Arm.CFrame = CFrame.new(-0.305252, -0.919305, 0.125435, -0.610112, 0.788747, -0.075111, -0.194832, -0.057463, 0.979152, 0.767987, 0.612026, 0.188732)
    Right Leg.CFrame = CFrame.new(-0.094491, -0.018128, -0.008301, 0.981014, -0.043477, -0.189002, 0.039445, 0.998908, -0.025029, 0.189884, 0.017098, 0.981658)
    Left Leg.CFrame = CFrame.new(-0.117583, 0.026398, -0.013055, 0.972138, 0.138522, -0.189106, -0.134394, 0.990326, 0.034524, 0.192059, -0.008147, 0.98135)
    Head.CFrame = CFrame.new(0, 0, -0, 0.998589, -0.015752, 0.050716, 0.015778, 0.999876, -0.000107, -0.050708, 0.000907, 0.998713)
    RightUpperArm.CFrame = CFrame.new(0.079774, -0.904432, -0.432015, 0.40436, 0.654383, 0.638964, 0.910033, -0.218142, -0.352496, -0.091282, 0.724014, -0.683719)
    LeftUpperArm.CFrame = CFrame.new(-0.286397, -1.19742, -0.097812, 0.188732, -0.612026, -0.767987, -0.979152, -0.057463, -0.194832, 0.075111, 0.788747, -0.610112)
    LeftHand.CFrame = CFrame.new(0.0005, 0.0001, -0, 1, 0, 0, 0, 1, 1e-06, -0, -0, 1)

[5]
    Time: 0.066667
    HumanoidRootPart.CFrame = CFrame.new(0, 0, 0, 1, 0, 0, 0, 1, 0, 0, 0, 1)
    Torso.CFrame = CFrame.new(0.031283, -0.103101, -0.010453, 0.97971, -0.197965, 0.031271, 0.200168, 0.974303, -0.103273, -0.010023, 0.107437, 0.994161)
    Right Arm.CFrame = CFrame.new(0.627593, -0.579984, -0.085025, -0.66865, -0.738435, 0.087307, 0.354115, -0.212984, 0.910626, -0.653843, 0.639806, 0.403903)
    Left Arm.CFrame = CFrame.new(-0.300948, -0.917461, 0.136224, -0.606504, 0.790562, -0.084645, -0.192958, -0.043077, 0.980261, 0.771311, 0.610864, 0.178672)
    Right Leg.CFrame = CFrame.new(-0.099023, -0.016348, -0.009048, 0.978925, -0.050688, -0.197828, 0.04643, 0.998581, -0.026085, 0.19887, 0.016349, 0.97989)
    Left Leg.CFrame = CFrame.new(-0.126094, 0.029314, -0.014973, 0.968946, 0.148328, -0.197845, -0.143929, 0.988914, 0.036493, 0.201065, -0.006883, 0.979554)
    Head.CFrame = CFrame.new(0, 0, 0, 0.998329, -0.025641, 0.051784, 0.02598, 0.999645, -0.005881, -0.051614, 0.007216, 0.998641)
    RightUpperArm.CFrame = CFrame.new(0.083243, -0.898999, -0.433384, 0.403903, 0.639806, 0.653843, 0.910626, -0.212985, -0.354116, -0.087307, 0.738435, -0.668649)
    LeftUpperArm.CFrame = CFrame.new(-0.296881, -1.19179, -0.09303, 0.178672, -0.610864, -0.771311, -0.980261, -0.043077, -0.192958, 0.084645, 0.790563, -0.606503)
    LeftHand.CFrame = CFrame.new(0.0005, 0.0001, 0, 1, -0, 0, -0, 1, 1e-06, -0, -0, 1)

[6]
    Time: 0.083333
    HumanoidRootPart.CFrame = CFrame.new(0, 0, 0, 1, 0, 0, 0, 1, 0, 0, 0, 1)
    Torso.CFrame = CFrame.new(0.03317, -0.113857, -0.014002, 0.977543, -0.208113, 0.033151, 0.210568, 0.970895, -0.114121, -0.008436, 0.118539, 0.992914)
    Right Arm.CFrame = CFrame.new(0.633163, -0.575492, -0.075968, -0.650517, -0.754928, 0.083145, 0.355857, -0.206251, 0.911497, -0.670965, 0.622531, 0.402816)
    Left Arm.CFrame = CFrame.new(-0.295986, -0.914756, 0.148876, -0.602859, 0.792125, -0.095396, -0.190657, -0.026926, 0.981287, 0.774733, 0.609765, 0.167257)
    Right Leg.CFrame = CFrame.new(-0.10427, -0.01423, -0.009954, 0.976354, -0.058838, -0.208019, 0.054309, 0.998148, -0.027402, 0.209246, 0.015456, 0.977741)
    Left Leg.CFrame = CFrame.new(-0.135665, 0.032885, -0.017292, 0.965039, 0.159602, -0.207915, -0.154873, 0.987167, 0.038919, 0.211458, -0.005357, 0.977372)
    Head.CFrame = CFrame.new(-0, 0, -0, 0.997946, -0.036329, 0.052763, 0.037053, 0.999231, -0.012819, -0.052257, 0.014748, 0.998525)
    RightUpperArm.CFrame = CFrame.new(0.087758, -0.892736, -0.434618, 0.402816, 0.622531, 0.670965, 0.911497, -0.206251, -0.355858, -0.083145, 0.754928, -0.650516)
    LeftUpperArm.CFrame = CFrame.new(-0.309245, -1.18484, -0.087658, 0.167257, -0.609765, -0.774733, -0.981287, -0.026926, -0.190657, 0.095396, 0.792125, -0.602858)
    LeftHand.CFrame = CFrame.new(0.0005, 0.0001, 0, 1, 0, 0, -0, 1, 1e-06, -0, -0, 1)

[7]
    Time: 0.100000
    HumanoidRootPart.CFrame = CFrame.new(0, 0, 0, 1, 0, 0, 0, 1, 0, 0, 0, 1)
    Torso.CFrame = CFrame.new(0.035368, -0.12527, -0.018089, 0.975063, -0.219095, 0.035341, 0.221828, 0.966957, -0.125644, -0.006646, 0.13035, 0.991446)
    Right Arm.CFrame = CFrame.new(0.638659, -0.570914, -0.065332, -0.629929, -0.772599, 0.079247, 0.357547, -0.197905, 0.912685, -0.689456, 0.603261, 0.400907)
    Left Arm.CFrame = CFrame.new(-0.290649, -0.911069, 0.162838, -0.599626, 0.793141, -0.106664, -0.188015, -0.010064, 0.982115, 0.777881, 0.608955, 0.155156)
    Right Leg.CFrame = CFrame.new(-0.099371, -0.011232, -0.008499, 0.973784, -0.06137, -0.219039, 0.05637, 0.997989, -0.028995, 0.220378, 0.015887, 0.975285)
    Left Leg.CFrame = CFrame.new(-0.146535, 0.037147, -0.02011, 0.960623, 0.171266, -0.218798, -0.166143, 0.985218, 0.041729, 0.22271, -0.003733, 0.974877)
    Head.CFrame = CFrame.new(-0, -0, -0, 0.997467, -0.046913, 0.053463, 0.048078, 0.998629, -0.020714, -0.052418, 0.023232, 0.998355)
    RightUpperArm.CFrame = CFrame.new(0.093326, -0.885964, -0.435465, 0.400907, 0.603261, 0.689456, 0.912685, -0.197905, -0.357548, -0.079247, 0.772599, -0.629929)
    LeftUpperArm.CFrame = CFrame.new(-0.322993, -1.17672, -0.082053, 0.155157, -0.608955, -0.777882, -0.982115, -0.010064, -0.188015, 0.106664, 0.793141, -0.599626)
    LeftHand.CFrame = CFrame.new(0.0005, 0.0001, 0, 1, -0, 0, 0, 1, 1e-06, -0, -0, 1)

[8]
    Time: 0.116667
    HumanoidRootPart.CFrame = CFrame.new(0, 0, 0, 1, 0, 0, 0, 1, 0, 0, 0, 1)
    Torso.CFrame = CFrame.new(0.037803, -0.136714, -0.022579, 0.972363, -0.230399, 0.037767, 0.233426, 0.962645, -0.137213, -0.004743, 0.142236, 0.989821)
    Right Arm.CFrame = CFrame.new(0.643604, -0.56657, -0.053329, -0.607571, -0.790614, 0.076076, 0.359011, -0.187923, 0.914219, -0.708498, 0.582764, 0.398016)
    Left Arm.CFrame = CFrame.new(-0.285239, -0.906314, 0.177545, -0.59725, 0.793367, -0.117737, -0.185147, 0.006453, 0.98269, 0.780393, 0.608709, 0.143036)
    Right Leg.CFrame = CFrame.new(-0.090844, -0.007727, -0.005893, 0.971144, -0.061669, -0.230382, 0.056062, 0.997952, -0.030795, 0.23181, 0.01699, 0.972613)
    Left Leg.CFrame = CFrame.new(-0.157725, 0.041923, -0.02324, 0.955844, 0.182952, -0.229984, -0.177384, 0.98312, 0.044826, 0.234303, -0.00205, 0.972161)
    Head.CFrame = CFrame.new(0, -0, -0, 0.996959, -0.056498, 0.053675, 0.058131, 0.997877, -0.029363, -0.051902, 0.032394, 0.998127)
    RightUpperArm.CFrame = CFrame.new(0.099938, -0.878994, -0.435672, 0.398016, 0.582764, 0.708498, 0.914219, -0.187923, -0.359011, -0.076076, 0.790614, -0.60757)
    LeftUpperArm.CFrame = CFrame.new(-0.337636, -1.16762, -0.076584, 0.143036, -0.608709, -0.780393, -0.98269, 0.006453, -0.185147, 0.117737, 0.793367, -0.59725)
    LeftHand.CFrame = CFrame.new(0.0005, 0.0001, 0, 1, 0, 0, 0, 1, 1e-06, -0, -0, 1)

[9]
    Time: 0.133333
    HumanoidRootPart.CFrame = CFrame.new(0, 0, 0, 1, 0, 0, 0, 1, 0, 0, 0, 1)
    Torso.CFrame = CFrame.new(0.040373, -0.147568, -0.027308, 0.969557, -0.241523, 0.040328, 0.244851, 0.958167, -0.148206, -0.002845, 0.153569, 0.988134)
    Right Arm.CFrame = CFrame.new(0.64754, -0.562769, -0.040203, -0.584209, -0.808214, 0.074101, 0.360085, -0.176289, 0.916112, -0.727351, 0.561883, 0.394015)
    Left Arm.CFrame = CFrame.new(-0.280076, -0.900436, 0.192426, -0.59617, 0.792608, -0.127888, -0.182196, 0.021572, 0.983026, 0.781912, 0.60935, 0.131549)
    Right Leg.CFrame = CFrame.new(-0.081362, -0.003978, -0.002698, 0.968474, -0.060929, -0.241548, 0.054619, 0.997971, -0.032723, 0.243051, 0.018498, 0.969837)
    Left Leg.CFrame = CFrame.new(-0.169293, 0.047183, -0.026697, 0.951001, 0.193719, -0.240978, -0.187656, 0.981057, 0.048078, 0.245727, -0.0005, 0.969339)
    Head.CFrame = CFrame.new(0, -0, 0, 0.99652, -0.064196, 0.053169, 0.066289, 0.997055, -0.038567, -0.050537, 0.041958, 0.99784)
    RightUpperArm.CFrame = CFrame.new(0.107573, -0.872134, -0.43498, 0.394015, 0.561883, 0.727351, 0.916112, -0.17629, -0.360085, -0.074101, 0.808214, -0.584208)
    LeftUpperArm.CFrame = CFrame.new(-0.352685, -1.15776, -0.071621, 0.131549, -0.60935, -0.781912, -0.983026, 0.021572, -0.182196, 0.127888, 0.792608, -0.596169)
    LeftHand.CFrame = CFrame.new(0.0005, 0.0001, 0, 1, 0, 0, -0, 1, 1e-06, -0, -0, 1)

[10]
    Time: 0.150000
    HumanoidRootPart.CFrame = CFrame.new(0, 0, 0, 1, 0, 0, 0, 1, 0, 0, 0, 1)
    Torso.CFrame = CFrame.new(0.042953, -0.157223, -0.032085, 0.966782, -0.251978, 0.042897, 0.255601, 0.953782, -0.158015, -0.001098, 0.16373, 0.986505)
    Right Arm.CFrame = CFrame.new(0.650033, -0.559809, -0.026233, -0.560691, -0.824731, 0.073792, 0.360623, -0.162998, 0.918359, -0.74537, 0.541526, 0.388808)
    Left Arm.CFrame = CFrame.new(-0.275493, -0.893409, 0.206902, -0.596813, 0.790703, -0.13639, -0.179318, 0.034247, 0.983195, 0.782086, 0.611241, 0.121348)
    Right Leg.CFrame = CFrame.new(-0.072286, -0.000202, 0.000703, 0.965879, -0.059601, -0.252043, 0.052531, 0.998017, -0.034679, 0.25361, 0.020255, 0.967094)
    Left Leg.CFrame = CFrame.new(-0.181418, 0.052915, -0.030513, 0.946472, 0.202583, -0.2513, -0.195972, 0.979265, 0.051321, 0.256486, 0.000674, 0.966548)
    Head.CFrame = CFrame.new(0, -0, -0, 0.996268, -0.069127, 0.051694, 0.071625, 0.99627, -0.048127, -0.048175, 0.05165, 0.997503)
    RightUpperArm.CFrame = CFrame.new(0.116189, -0.865678, -0.433129, 0.388808, 0.541526, 0.74537, 0.918359, -0.162998, -0.360623, -0.073792, 0.824731, -0.560691)
    LeftUpperArm.CFrame = CFrame.new(-0.367658, -1.1474, -0.067538, 0.121348, -0.611241, -0.782086, -0.983195, 0.034247, -0.179318, 0.13639, 0.790704, -0.596813)
    LeftHand.CFrame = CFrame.new(0.0005, 0.0001, -0, 1, 0, 0, -0, 1, 1e-06, -0, -0, 1)

[11]
    Time: 0.166667
    HumanoidRootPart.CFrame = CFrame.new(0, 0, 0, 1, 0, 0, 0, 1, 0, 0, 0, 1)
    Torso.CFrame = CFrame.new(0.045395, -0.16508, -0.036695, 0.964197, -0.261285, 0.045327, 0.265187, 0.949793, -0.166037, 0.000332, 0.172113, 0.985077)
    Right Arm.CFrame = CFrame.new(0.650677, -0.557976, -0.011721, -0.537937, -0.839588, 0.075611, 0.360508, -0.148046, 0.920933, -0.762009, 0.522662, 0.382317)
    Left Arm.CFrame = CFrame.new(-0.271823, -0.885234, 0.220385, -0.599594, 0.787513, -0.142518, -0.176671, 0.043438, 0.983311, 0.78056, 0.614766, 0.113085)
    Right Leg.CFrame = CFrame.new(-0.062985, 0.003466, 0.004381, 0.96355, -0.057013, -0.261384, 0.049139, 0.998123, -0.036556, 0.262977, 0.022378, 0.964543)
    Left Leg.CFrame = CFrame.new(-0.19333, 0.058885, -0.034454, 0.942558, 0.209124, -0.260486, -0.201933, 0.977888, 0.054372, 0.266097, 0.001353, 0.963945)
    Head.CFrame = CFrame.new(-0, 0, 0, 0.996315, -0.070416, 0.048976, 0.073212, 0.995638, -0.057836, -0.044689, 0.061209, 0.997124)
    RightUpperArm.CFrame = CFrame.new(0.125739, -0.859912, -0.429866, 0.382317, 0.522662, 0.762009, 0.920932, -0.148046, -0.360508, -0.075611, 0.839588, -0.537937)
    LeftUpperArm.CFrame = CFrame.new(-0.382068, -1.13681, -0.064708, 0.113085, -0.614766, -0.78056, -0.983311, 0.043438, -0.176671, 0.142518, 0.787513, -0.599594)
    LeftHand.CFrame = CFrame.new(0.0005, 0.0001, -0, 1, -0, 0, 0, 1, 1e-06, -0, 0, 1)

[12]
    Time: 0.183333
    HumanoidRootPart.CFrame = CFrame.new(0, 0, 0, 1, 0, 0, 0, 1, 0, 0, 0, 1)
    Torso.CFrame = CFrame.new(0.047558, -0.170683, -0.040934, 0.96195, -0.269069, 0.047477, 0.273222, 0.946482, -0.171816, 0.001294, 0.178251, 0.983984)
    Right Arm.CFrame = CFrame.new(0.649214, -0.557485, 0.003, -0.516893, -0.852324, 0.079785, 0.359631, -0.131626, 0.923764, -0.776844, 0.50618, 0.374559)
    Left Arm.CFrame = CFrame.new(-0.269316, -0.875991, 0.232406, -0.604758, 0.782958, -0.145755, -0.174361, 0.04841, 0.983491, 0.777088, 0.620188, 0.107241)
    Right Leg.CFrame = CFrame.new(-0.054429, 0.006813, 0.007938, 0.961601, -0.053493, -0.269187, 0.044824, 0.998263, -0.038238, 0.270765, 0.024702, 0.962329)
    Left Leg.CFrame = CFrame.new(-0.205276, 0.065026, -0.03852, 0.939632, 0.212547, -0.268174, -0.204749, 0.97715, 0.057048, 0.274171, 0.001305, 0.96168)
    Head.CFrame = CFrame.new(-0, -0, 0, 0.996712, -0.06749, 0.044829, 0.070423, 0.995235, -0.067433, -0.040064, 0.070368, 0.996716)
    RightUpperArm.CFrame = CFrame.new(0.136125, -0.855103, -0.425053, 0.374559, 0.50618, 0.776844, 0.923764, -0.131626, -0.359632, -0.079785, 0.852324, -0.516892)
    LeftUpperArm.CFrame = CFrame.new(-0.395515, -1.12626, -0.063398, 0.107241, -0.620188, -0.777089, -0.983491, 0.04841, -0.174361, 0.145755, 0.782958, -0.604758)
    LeftHand.CFrame = CFrame.new(0.0005, 0.0001, -0, 1, 0, 0, 0, 1, 1e-06, -0, -0, 1)

[13]
    Time: 0.200000
    HumanoidRootPart.CFrame = CFrame.new(0, 0, 0, 1, 0, 0, 0, 1, 0, 0, 0, 1)
    Torso.CFrame = CFrame.new(0.049385, -0.174106, -0.044701, 0.960091, -0.27531, 0.049292, 0.279682, 0.94393, -0.175426, 0.001769, 0.182211, 0.983258)
    Right Arm.CFrame = CFrame.new(0.645889, -0.558298, 0.017546, -0.49842, -0.862696, 0.085644, 0.357835, -0.114739, 0.926709, -0.78964, 0.492536, 0.365891)
    Left Arm.CFrame = CFrame.new(-0.267885, -0.866042, 0.242995, -0.611938, 0.77724, -0.146393, -0.17233, 0.049618, 0.983789, 0.771903, 0.627245, 0.103578)
    Right Leg.CFrame = CFrame.new(-0.046815, 0.009737, 0.011201, 0.960058, -0.049248, -0.275434, 0.03983, 0.998418, -0.039674, 0.276952, 0.027117, 0.960501)
    Left Leg.CFrame = CFrame.new(-0.217049, 0.071139, -0.042598, 0.937733, 0.213048, -0.274351, -0.20463, 0.977042, 0.059285, 0.280683, 0.000548, 0.959801)
    Head.CFrame = CFrame.new(0, -0, -0, 0.997357, -0.060968, 0.039511, 0.063855, 0.995026, -0.076463, -0.034653, 0.078784, 0.996289)
    RightUpperArm.CFrame = CFrame.new(0.147083, -0.851475, -0.419001, 0.365891, 0.492536, 0.789641, 0.926709, -0.114739, -0.357836, -0.085644, 0.862696, -0.498419)
    LeftUpperArm.CFrame = CFrame.new(-0.40796, -1.11599, -0.063472, 0.103578, -0.627245, -0.771903, -0.983789, 0.049618, -0.17233, 0.146394, 0.77724, -0.611938)
    LeftHand.CFrame = CFrame.new(0.0005, 0.0001, 0, 1, 0, 0, -0, 1, 1e-06, -0, -0, 1)

[14]
    Time: 0.216667
    HumanoidRootPart.CFrame = CFrame.new(0, 0, 0, 1, 0, 0, 0, 1, 0, 0, 0, 1)
    Torso.CFrame = CFrame.new(0.050854, -0.175552, -0.047932, 0.958636, -0.280075, 0.050747, 0.28463, 0.942143, -0.177067, 0.001781, 0.184187, 0.98289)
    Right Arm.CFrame = CFrame.new(0.641102, -0.56034, 0.031532, -0.483349, -0.870552, 0.092265, 0.355016, -0.098584, 0.929648, -0.800211, 0.4821, 0.35671)
    Left Arm.CFrame = CFrame.new(-0.267358, -0.855801, 0.252306, -0.620622, 0.7706, -0.144931, -0.170466, 0.047815, 0.984203, 0.765356, 0.635523, 0.101686)
    Right Leg.CFrame = CFrame.new(-0.039536, 0.012201, 0.014268, 0.958931, -0.044106, -0.280189, 0.033991, 0.998587, -0.040846, 0.281594, 0.029644, 0.959076)
    Left Leg.CFrame = CFrame.new(-0.228035, 0.076929, -0.046451, 0.936749, 0.211224, -0.279083, -0.202203, 0.977437, 0.06106, 0.285683, -0.000766, 0.958324)
    Head.CFrame = CFrame.new(0, 0, -0, 0.998101, -0.051753, 0.033414, 0.054416, 0.994942, -0.084429, -0.028876, 0.086087, 0.995869)
    RightUpperArm.CFrame = CFrame.new(0.158325, -0.849268, -0.412147, 0.35671, 0.4821, 0.800211, 0.929648, -0.098584, -0.355016, -0.092265, 0.870552, -0.483349)
    LeftUpperArm.CFrame = CFrame.new(-0.419448, -1.10623, -0.06469, 0.101686, -0.635523, -0.765356, -0.984203, 0.047815, -0.170467, 0.144931, 0.7706, -0.620622)
    LeftHand.CFrame = CFrame.new(0.0005, 0.0001, 0, 1, 0, 0, 0, 1, 1e-06, -0, -0, 1)

[15]
    Time: 0.233333
    HumanoidRootPart.CFrame = CFrame.new(0, 0, 0, 1, 0, 0, 0, 1, 0, 0, 0, 1)
    Torso.CFrame = CFrame.new(0.051954, -0.175219, -0.05058, 0.957593, -0.283424, 0.051833, 0.288122, 0.941105, -0.176936, 0.001368, 0.184367, 0.982857)
    Right Arm.CFrame = CFrame.new(0.635279, -0.563565, 0.044589, -0.472497, -0.875789, 0.098694, 0.351133, -0.084353, 0.932518, -0.808364, 0.475266, 0.347375)
    Left Arm.CFrame = CFrame.new(-0.267554, -0.845664, 0.260498, -0.630307, 0.763274, -0.141867, -0.168656, 0.043749, 0.984704, 0.757805, 0.644592, 0.101155)
    Right Leg.CFrame = CFrame.new(-0.033079, 0.014145, 0.016923, 0.958195, -0.038509, -0.283514, 0.027785, 0.998742, -0.041739, 0.284765, 0.032115, 0.958059)
    Left Leg.CFrame = CFrame.new(-0.238712, 0.082342, -0.050156, 0.936679, 0.207039, -0.282432, -0.197439, 0.978329, 0.062359, 0.289222, -0.002646, 0.957258)
    Head.CFrame = CFrame.new(0, -0, -0, 0.998806, -0.04074, 0.026961, 0.043034, 0.994935, -0.090845, -0.023124, 0.091897, 0.9955)
    RightUpperArm.CFrame = CFrame.new(0.169584, -0.84875, -0.404946, 0.347375, 0.475266, 0.808364, 0.932518, -0.084353, -0.351133, -0.098694, 0.875789, -0.472497)
    LeftUpperArm.CFrame = CFrame.new(-0.430025, -1.09716, -0.066813, 0.101156, -0.644592, -0.757805, -0.984704, 0.043749, -0.168656, 0.141867, 0.763274, -0.630306)
    LeftHand.CFrame = CFrame.new(0.0005, 0.0001, 0, 1, -0, 0, -0, 1, 1e-06, -0, -0, 1)

[16]
    Time: 0.250000
    HumanoidRootPart.CFrame = CFrame.new(0, 0, 0, 1, 0, 0, 0, 1, 0, 0, 0, 1)
    Torso.CFrame = CFrame.new(0.052684, -0.173302, -0.052608, 0.956962, -0.285415, 0.052548, 0.290211, 0.940783, -0.175227, 0.000576, 0.182935, 0.983125)
    Right Arm.CFrame = CFrame.new(0.628858, -0.567955, 0.056352, -0.466647, -0.878313, 0.103954, 0.346178, -0.073224, 0.935307, -0.81388, 0.472444, 0.338222)
    Left Arm.CFrame = CFrame.new(-0.268301, -0.836027, 0.267733, -0.640503, 0.755511, -0.137699, -0.166794, 0.038168, 0.985253, 0.749624, 0.654024, 0.101568)
    Right Leg.CFrame = CFrame.new(-0.027552, 0.015541, 0.019077, 0.957831, -0.032684, -0.285469, 0.02146, 0.998872, -0.042347, 0.286531, 0.034434, 0.957452)
    Left Leg.CFrame = CFrame.new(-0.248446, 0.087098, -0.05347, 0.937366, 0.201082, -0.284452, -0.190957, 0.979562, 0.063183, 0.291343, -0.004907, 0.956606)
    Head.CFrame = CFrame.new(0, 0, 0, 0.999372, -0.02881, 0.020607, 0.030647, 0.994982, -0.095243, -0.017759, 0.095814, 0.995241)
    RightUpperArm.CFrame = CFrame.new(0.180605, -0.850213, -0.397862, 0.338223, 0.472444, 0.81388, 0.935307, -0.073224, -0.346178, -0.103954, 0.878313, -0.466647)
    LeftUpperArm.CFrame = CFrame.new(-0.439741, -1.08899, -0.069601, 0.101568, -0.654024, -0.749624, -0.985253, 0.038168, -0.166794, 0.137699, 0.755511, -0.640502)
    LeftHand.CFrame = CFrame.new(0.0005, 0.0001, 0, 1, -0, 0, -0, 1, 1e-06, -0, -0, 1)

[17]
    Time: 0.266667
    HumanoidRootPart.CFrame = CFrame.new(0, 0, 0, 1, 0, 0, 0, 1, 0, 0, 0, 1)
    Torso.CFrame = CFrame.new(0.053049, -0.169989, -0.053988, 0.956739, -0.286097, 0.052898, 0.290946, 0.941128, -0.172128, -0.000538, 0.180072, 0.983653)
    Right Arm.CFrame = CFrame.new(0.622278, -0.573515, 0.066457, -0.46654, -0.877998, 0.107054, 0.340128, -0.066358, 0.938035, -0.816488, 0.474043, 0.329591)
    Left Arm.CFrame = CFrame.new(-0.269435, -0.827281, 0.274176, -0.650736, 0.747581, -0.132914, -0.164798, 0.031821, 0.985814, 0.741205, 0.663408, 0.102492)
    Right Leg.CFrame = CFrame.new(-0.023064, 0.01638, 0.020658, 0.957821, -0.02685, -0.286107, 0.015254, 0.998973, -0.042672, 0.286959, 0.036507, 0.957247)
    Left Leg.CFrame = CFrame.new(-0.256982, 0.09102, -0.056261, 0.938692, 0.193717, -0.285189, -0.183145, 0.981029, 0.063545, 0.292089, -0.007417, 0.956362)
    Head.CFrame = CFrame.new(-0, 0, -0, 0.999748, -0.016841, 0.014831, 0.018205, 0.9951, -0.097178, -0.013122, 0.097423, 0.995157)
    RightUpperArm.CFrame = CFrame.new(0.19113, -0.853968, -0.391365, 0.329591, 0.474043, 0.816488, 0.938035, -0.066359, -0.340129, -0.107054, 0.877998, -0.46654)
    LeftUpperArm.CFrame = CFrame.new(-0.448653, -1.08191, -0.072821, 0.102492, -0.663408, -0.741205, -0.985814, 0.031821, -0.164798, 0.132914, 0.747581, -0.650735)
    LeftHand.CFrame = CFrame.new(0.0005, 0.0001, -0, 1, 0, 0, -0, 1, 1e-06, -0, -0, 1)

[18]
    Time: 0.283333
    HumanoidRootPart.CFrame = CFrame.new(0, 0, 0, 1, 0, 0, 0, 1, 0, 0, 0, 1)
    Torso.CFrame = CFrame.new(0.053063, -0.165469, -0.054691, 0.956912, -0.28552, 0.052896, 0.290372, 0.942082, -0.167825, -0.001915, 0.175953, 0.984397)
    Right Arm.CFrame = CFrame.new(0.615957, -0.580256, 0.07453, -0.47286, -0.874618, 0.106996, 0.3329, -0.064898, 0.940726, -0.815832, 0.48045, 0.321848)
    Left Arm.CFrame = CFrame.new(-0.270807, -0.819828, 0.279995, -0.660552, 0.739791, -0.127991, -0.162609, 0.025458, 0.986362, 0.732959, 0.672355, 0.10348)
    Right Leg.CFrame = CFrame.new(-0.019747, 0.016657, 0.021605, 0.95815, -0.021237, -0.285479, 0.009411, 0.999043, -0.042724, 0.286113, 0.038248, 0.957432)
    Left Leg.CFrame = CFrame.new(-0.264044, 0.093953, -0.058407, 0.94054, 0.185308, -0.284687, -0.174388, 0.982629, 0.06346, 0.291501, -0.01004, 0.956518)
    Head.CFrame = CFrame.new(0, -0, -0, 0.999932, -0.005707, 0.01013, 0.006655, 0.995337, -0.096228, -0.009533, 0.096289, 0.995308)
    RightUpperArm.CFrame = CFrame.new(0.200888, -0.860324, -0.385933, 0.321848, 0.48045, 0.815832, 0.940726, -0.064898, -0.3329, -0.106996, 0.874618, -0.472859)
    LeftUpperArm.CFrame = CFrame.new(-0.456824, -1.07613, -0.076242, 0.103481, -0.672355, -0.73296, -0.986362, 0.025458, -0.162609, 0.127991, 0.739791, -0.660551)
    LeftHand.CFrame = CFrame.new(0.0005, 0.0001, -0, 1, -0, 0, -0, 1, 1e-06, -0, -0, 1)

[19]
    Time: 0.300000
    HumanoidRootPart.CFrame = CFrame.new(0, 0, 0, 1, 0, 0, 0, 1, 0, 0, 0, 1)
    Torso.CFrame = CFrame.new(0.052741, -0.159926, -0.054698, 0.957464, -0.283726, 0.052558, 0.288532, 0.94358, -0.162502, -0.003487, 0.170754, 0.985308)
    Right Arm.CFrame = CFrame.new(0.610266, -0.588174, 0.080179, -0.486208, -0.867778, 0.102779, 0.324288, -0.069963, 0.943368, -0.811443, 0.492002, 0.315427)
    Left Arm.CFrame = CFrame.new(-0.272283, -0.814075, 0.285357, -0.669516, 0.732477, -0.123396, -0.160199, 0.019826, 0.986886, 0.725317, 0.680503, 0.104068)
    Right Leg.CFrame = CFrame.new(-0.017739, 0.016379, 0.021872, 0.958798, -0.016076, -0.283633, 0.004172, 0.999087, -0.042512, 0.284057, 0.039576, 0.95799)
    Left Leg.CFrame = CFrame.new(-0.26936, 0.09577, -0.059798, 0.9428, 0.176213, -0.282983, -0.165065, 0.984271, 0.062953, 0.289625, -0.012641, 0.957057)
    Head.CFrame = CFrame.new(0, 0, -0, 0.999969, 0.003716, 0.007001, -0.003056, 0.995756, -0.091987, -0.007313, 0.091963, 0.995736)
    RightUpperArm.CFrame = CFrame.new(0.209575, -0.869574, -0.38204, 0.315427, 0.492002, 0.811443, 0.943368, -0.069963, -0.324288, -0.102779, 0.867778, -0.486207)
    LeftUpperArm.CFrame = CFrame.new(-0.464329, -1.07186, -0.079641, 0.104068, -0.680503, -0.725317, -0.986886, 0.019826, -0.160199, 0.123396, 0.732477, -0.669516)
    LeftHand.CFrame = CFrame.new(0.0005, 0.0001, -0, 1, 0, 0, 0, 1, 1e-06, -0, -0, 1)

[20]
    Time: 0.316667
    HumanoidRootPart.CFrame = CFrame.new(0, 0, 0, 1, 0, 0, 0, 1, 0, 0, 0, 1)
    Torso.CFrame = CFrame.new(0.052104, -0.153545, -0.053982, 0.958374, -0.280758, 0.051905, 0.285469, 0.94555, -0.156342, -0.005185, 0.164651, 0.986338)
    Right Arm.CFrame = CFrame.new(0.605501, -0.597231, 0.082984, -0.507074, -0.856825, 0.09342, 0.3139, -0.082641, 0.945853, -0.80271, 0.508941, 0.310862)
    Left Arm.CFrame = CFrame.new(-0.273739, -0.810433, 0.290433, -0.677211, 0.726006, -0.119586, -0.157558, 0.015672, 0.987385, 0.718721, 0.68751, 0.103775)
    Right Leg.CFrame = CFrame.new(-0.017218, 0.015553, 0.021422, 0.959751, -0.011618, -0.280613, -0.000205, 0.999115, -0.042052, 0.280853, 0.040416, 0.958899)
    Left Leg.CFrame = CFrame.new(-0.272236, 0.096301, -0.06022, 0.945326, 0.167025, -0.280113, -0.155793, 0.985838, 0.062052, 0.28651, -0.015018, 0.957959)
    Head.CFrame = CFrame.new(-0, 0, 0, 0.999927, 0.010536, 0.00593, -0.010001, 0.996411, -0.084051, -0.006795, 0.083985, 0.996444)
    RightUpperArm.CFrame = CFrame.new(0.216836, -0.881965, -0.380156, 0.310863, 0.508941, 0.80271, 0.945853, -0.082641, -0.3139, -0.09342, 0.856825, -0.507073)
    LeftUpperArm.CFrame = CFrame.new(-0.471248, -1.06931, -0.0828, 0.103775, -0.68751, -0.718722, -0.987385, 0.015672, -0.157558, 0.119586, 0.726006, -0.677211)
    LeftHand.CFrame = CFrame.new(0.0005, 0.0001, -0, 1, 0, 0, -0, 1, 1e-06, -0, -0, 1)

[21]
    Time: 0.333333
    HumanoidRootPart.CFrame = CFrame.new(0, 0, 0, 1, 0, 0, 0, 1, 0, 0, 0, 1)
    Torso.CFrame = CFrame.new(0.051172, -0.146509, -0.052544, 0.959617, -0.276656, 0.050958, 0.281224, 0.947921, -0.149527, -0.006937, 0.157819, 0.987444)
    Right Arm.CFrame = CFrame.new(0.601766, -0.607341, 0.082669, -0.535203, -0.841075, 0.078435, 0.301285, -0.103318, 0.94792, -0.789168, 0.53096, 0.308699)
    Left Arm.CFrame = CFrame.new(-0.275054, -0.809247, 0.295437, -0.683237, 0.720761, -0.117014, -0.154694, 0.013738, 0.987867, 0.713623, 0.693048, 0.102111)
    Right Leg.CFrame = CFrame.new(-0.018311, 0.01421, 0.020253, 0.960991, -0.00808, -0.276463, -0.003501, 0.999138, -0.041361, 0.276559, 0.040715, 0.960134)
    Left Leg.CFrame = CFrame.new(-0.273214, 0.095631, -0.059845, 0.948112, 0.157625, -0.276114, -0.146444, 0.987349, 0.06078, 0.282201, -0.01719, 0.959201)
    Head.CFrame = CFrame.new(-0, 0, 0, 0.999875, 0.01406, 0.007218, -0.013502, 0.997293, -0.072277, -0.008215, 0.07217, 0.997359)
    RightUpperArm.CFrame = CFrame.new(0.222311, -0.897513, -0.380563, 0.308699, 0.53096, 0.789168, 0.94792, -0.103318, -0.301285, -0.078435, 0.841075, -0.535202)
    LeftUpperArm.CFrame = CFrame.new(-0.477709, -1.06863, -0.085494, 0.102111, -0.693048, -0.713623, -0.987867, 0.013738, -0.154694, 0.117014, 0.720761, -0.683236)
    LeftHand.CFrame = CFrame.new(0.0005, 0.0001, 0, 1, -0, 0, -0, 1, 1e-06, -0, -0, 1)

[22]
    Time: 0.350000
    HumanoidRootPart.CFrame = CFrame.new(0, 0, 0, 1, 0, 0, 0, 1, 0, 0, 0, 1)
    Torso.CFrame = CFrame.new(0.049968, -0.139001, -0.050473, 0.961164, -0.271458, 0.049738, 0.275841, 0.950621, -0.142239, -0.00867, 0.150435, 0.988582)
    Right Arm.CFrame = CFrame.new(0.598749, -0.618447, 0.079635, -0.567938, -0.820935, 0.059264, 0.28664, -0.129778, 0.949208, -0.771546, 0.556079, 0.309018)
    Left Arm.CFrame = CFrame.new(-0.27608, -0.810583, 0.300754, -0.687198, 0.717128, -0.116131, -0.151615, 0.014762, 0.988329, 0.710473, 0.696785, 0.098583)
    Right Leg.CFrame = CFrame.new(-0.020834, 0.012461, 0.01848, 0.962501, -0.005497, -0.271223, -0.005698, 0.999165, -0.040456, 0.271219, 0.040484, 0.961666)
    Left Leg.CFrame = CFrame.new(-0.271919, 0.093793, -0.058598, 0.951065, 0.14841, -0.271019, -0.137425, 0.988743, 0.059169, 0.276749, -0.019027, 0.960754)
    Head.CFrame = CFrame.new(0, -0, -0, 0.99984, 0.014464, 0.010519, -0.013835, 0.998245, -0.057588, -0.011333, 0.057433, 0.998285)
    RightUpperArm.CFrame = CFrame.new(0.225884, -0.915578, -0.382843, 0.309019, 0.556078, 0.771546, 0.949208, -0.129778, -0.28664, -0.059264, 0.820935, -0.567938)
    LeftUpperArm.CFrame = CFrame.new(-0.484009, -1.0697, -0.087476, 0.098583, -0.696785, -0.710473, -0.988329, 0.014762, -0.151615, 0.116131, 0.717128, -0.687198)
    LeftHand.CFrame = CFrame.new(0.0005, 0.0001, -0, 1, 0, 0, 0, 1, 1e-06, -0, -0, 1)

[23]
    Time: 0.366667
    HumanoidRootPart.CFrame = CFrame.new(0, 0, 0, 1, 0, 0, 0, 1, 0, 0, 0, 1)
    Torso.CFrame = CFrame.new(0.048511, -0.131205, -0.047876, 0.962984, -0.265203, 0.048266, 0.269362, 0.953578, -0.134661, -0.010314, 0.142677, 0.989716)
    Right Arm.CFrame = CFrame.new(0.596111, -0.630542, 0.074503, -0.60217, -0.797469, 0.037884, 0.270575, -0.159208, 0.949443, -0.75112, 0.581976, 0.311645)
    Left Arm.CFrame = CFrame.new(-0.276653, -0.814425, 0.306814, -0.688703, 0.715476, -0.117401, -0.148313, 0.019479, 0.988749, 0.709712, 0.698366, 0.092699)
    Right Leg.CFrame = CFrame.new(-0.024536, 0.01043, 0.016245, 0.964259, -0.00386, -0.264933, -0.006817, 0.999202, -0.039357, 0.264874, 0.039756, 0.963463)
    Left Leg.CFrame = CFrame.new(-0.268424, 0.090925, -0.056553, 0.954141, 0.139516, -0.264862, -0.128867, 0.990008, 0.057245, 0.270202, -0.020486, 0.962586)
    Head.CFrame = CFrame.new(0, -0, -0, 0.999809, 0.012143, 0.015312, -0.011503, 0.999086, -0.041166, -0.015798, 0.040982, 0.999035)
    RightUpperArm.CFrame = CFrame.new(0.227563, -0.935414, -0.386377, 0.311645, 0.581976, 0.75112, 0.949443, -0.159208, -0.270575, -0.037884, 0.797469, -0.60217)
    LeftUpperArm.CFrame = CFrame.new(-0.490484, -1.0723, -0.088483, 0.092699, -0.698366, -0.709713, -0.988749, 0.019479, -0.148313, 0.117401, 0.715476, -0.688703)
    LeftHand.CFrame = CFrame.new(0.0005, 0.0001, 0, 1, -0, 0, -0, 1, 1e-06, -0, -0, 1)

[24]
    Time: 0.383333
    HumanoidRootPart.CFrame = CFrame.new(0, 0, 0, 1, 0, 0, 0, 1, 0, 0, 0, 1)
    Torso.CFrame = CFrame.new(0.046821, -0.123305, -0.044858, 0.965042, -0.257928, 0.046561, 0.261832, 0.956724, -0.126975, -0.011796, 0.134727, 0.990813)
    Right Arm.CFrame = CFrame.new(0.593647, -0.643688, 0.06795, -0.635064, -0.772289, 0.016287, 0.254068, -0.18892, 0.948556, -0.729482, 0.606531, 0.31619)
    Left Arm.CFrame = CFrame.new(-0.276587, -0.820732, 0.314055, -0.687345, 0.71613, -0.12131, -0.144744, 0.028617, 0.989055, 0.711763, 0.69738, 0.083985)
    Right Leg.CFrame = CFrame.new(-0.029166, 0.008229, 0.013692, 0.966238, -0.003169, -0.257633, -0.006879, 0.999251, -0.038078, 0.25756, 0.038564, 0.965492)
    Left Leg.CFrame = CFrame.new(-0.263182, 0.087209, -0.053894, 0.957327, 0.130871, -0.25768, -0.120681, 0.991164, 0.055032, 0.262605, -0.021586, 0.964662)
    Head.CFrame = CFrame.new(0, -0, -0, 0.99975, 0.007511, 0.02108, -0.007, 0.999683, -0.024196, -0.021255, 0.024042, 0.999485)
    RightUpperArm.CFrame = CFrame.new(0.227467, -0.956375, -0.390535, 0.31619, 0.606531, 0.729482, 0.948556, -0.18892, -0.254069, -0.016287, 0.772289, -0.635063)
    LeftUpperArm.CFrame = CFrame.new(-0.497466, -1.07621, -0.088245, 0.083985, -0.69738, -0.711763, -0.989055, 0.028617, -0.144744, 0.12131, 0.71613, -0.687344)
    LeftHand.CFrame = CFrame.new(0.0005, 0.0001, -0, 1, 0, 0, 0, 1, 1e-06, -0, -0, 1)

[25]
    Time: 0.400000
    HumanoidRootPart.CFrame = CFrame.new(0, 0, 0, 1, 0, 0, 0, 1, 0, 0, 0, 1)
    Torso.CFrame = CFrame.new(0.045082, -0.116418, -0.042406, 0.967557, -0.248659, 0.044746, 0.252303, 0.960267, -0.119292, -0.013306, 0.126711, 0.99185)
    Right Arm.CFrame = CFrame.new(0.591329, -0.658016, 0.060686, -0.664167, -0.747576, -0.003591, 0.23849, -0.216429, 0.946721, -0.708523, 0.627924, 0.322034)
    Left Arm.CFrame = CFrame.new(-0.275656, -0.829425, 0.32292, -0.682695, 0.719338, -0.12838, -0.1408, 0.042899, 0.989108, 0.71701, 0.693334, 0.071996)
    Right Leg.CFrame = CFrame.new(-0.03411, 0.006595, 0.010919, 0.968666, -0.003116, -0.248346, -0.006209, 0.999306, -0.03674, 0.248288, 0.03713, 0.967974)
    Left Leg.CFrame = CFrame.new(-0.25336, 0.083537, -0.050057, 0.96079, 0.123022, -0.248492, -0.113413, 0.992151, 0.052666, 0.253021, -0.022418, 0.967201)
    Head.CFrame = CFrame.new(0, 0, -0, 0.999626, 0.001009, 0.027319, -0.000795, 0.999969, -0.007867, -0.027326, 0.007843, 0.999596)
    RightUpperArm.CFrame = CFrame.new(0.22583, -0.977937, -0.394717, 0.322034, 0.627924, 0.708524, 0.946721, -0.216429, -0.238491, 0.003591, 0.747576, -0.664166)
    LeftUpperArm.CFrame = CFrame.new(-0.505267, -1.08114, -0.08647, 0.071996, -0.693334, -0.717011, -0.989108, 0.042899, -0.1408, 0.12838, 0.719338, -0.682694)
    LeftHand.CFrame = CFrame.new(0.0005, 0.0001, 0, 1, 0, 0, 0, 1, 1e-06, -0, -0, 1)

[26]
    Time: 0.416667
    HumanoidRootPart.CFrame = CFrame.new(0, 0, 0, 1, 0, 0, 0, 1, 0, 0, 0, 1)
    Torso.CFrame = CFrame.new(0.043399, -0.111517, -0.041296, 0.970616, -0.236779, 0.042905, 0.240172, 0.964276, -0.111755, -0.014911, 0.118775, 0.992809)
    Right Arm.CFrame = CFrame.new(0.589313, -0.673708, 0.053432, -0.687432, -0.725976, -0.019934, 0.225533, -0.239489, 0.944341, -0.690342, 0.644674, 0.328364)
    Left Arm.CFrame = CFrame.new(-0.273705, -0.840265, 0.33367, -0.674473, 0.725122, -0.138873, -0.136304, 0.062568, 0.988689, 0.725609, 0.685772, 0.056636)
    Right Leg.CFrame = CFrame.new(-0.040034, 0.00616, 0.007776, 0.971633, -0.004066, -0.236457, -0.00444, 0.999363, -0.035417, 0.23645, 0.035462, 0.970996)
    Left Leg.CFrame = CFrame.new(-0.237863, 0.080759, -0.044991, 0.964653, 0.115874, -0.236683, -0.106949, 0.992994, 0.050237, 0.240845, -0.023147, 0.970287)
    Head.CFrame = CFrame.new(0, 0, 0, 0.999413, -0.006887, 0.033559, 0.006669, 0.999956, 0.006619, -0.033603, -0.006391, 0.999415)
    RightUpperArm.CFrame = CFrame.new(0.222981, -0.999693, -0.398381, 0.328364, 0.644674, 0.690343, 0.944341, -0.239489, -0.225534, 0.019934, 0.725976, -0.687431)
    LeftUpperArm.CFrame = CFrame.new(-0.514028, -1.08681, -0.082998, 0.056637, -0.685772, -0.725609, -0.988689, 0.062568, -0.136304, 0.138873, 0.725122, -0.674472)
    LeftHand.CFrame = CFrame.new(0.0005, 0.0001, 0, 1, 0, 0, 0, 1, 1e-06, -0, -0, 1)

[27]
    Time: 0.433333
    HumanoidRootPart.CFrame = CFrame.new(0, 0, 0, 1, 0, 0, 0, 1, 0, 0, 0, 1)
    Torso.CFrame = CFrame.new(0.041667, -0.108556, -0.041313, 0.973986, -0.222869, 0.040988, 0.226013, 0.968493, -0.104592, -0.016386, 0.111135, 0.99367)
    Right Arm.CFrame = CFrame.new(0.58794, -0.691018, 0.046978, -0.703524, -0.709979, -0.031379, 0.216444, -0.256115, 0.942102, -0.676909, 0.655999, 0.333854)
    Left Arm.CFrame = CFrame.new(-0.271037, -0.852543, 0.345788, -0.663106, 0.732961, -0.151852, -0.1311, 0.086008, 0.987631, 0.736956, 0.674811, 0.039059)
    Right Leg.CFrame = CFrame.new(-0.046512, 0.006845, 0.004588, 0.974904, -0.005836, -0.222548, -0.001796, 0.999418, -0.034057, 0.222617, 0.033601, 0.974327)
    Left Leg.CFrame = CFrame.new(-0.217585, 0.078702, -0.039095, 0.968673, 0.10964, -0.22283, -0.101495, 0.993691, 0.047703, 0.226654, -0.023591, 0.973689)
    Head.CFrame = CFrame.new(0, 0, -0, 0.999102, -0.015677, 0.039371, 0.014975, 0.999725, 0.018055, -0.039644, -0.017449, 0.999062)
    RightUpperArm.CFrame = CFrame.new(0.219506, -1.02138, -0.401215, 0.333854, 0.655999, 0.676909, 0.942102, -0.256115, -0.216445, 0.031379, 0.709979, -0.703524)
    LeftUpperArm.CFrame = CFrame.new(-0.523264, -1.09292, -0.078268, 0.039059, -0.674811, -0.736956, -0.987631, 0.086008, -0.1311, 0.151852, 0.732961, -0.663105)
    LeftHand.CFrame = CFrame.new(0.0005, 0.0001, 0, 1, -0, 0, 0, 1, 1e-06, -0, -0, 1)

[28]
    Time: 0.450000
    HumanoidRootPart.CFrame = CFrame.new(0, 0, 0, 1, 0, 0, 0, 1, 0, 0, 0, 1)
    Torso.CFrame = CFrame.new(0.039777, -0.107472, -0.042255, 0.977456, -0.207518, 0.038941, 0.210411, 0.972685, -0.098033, -0.017534, 0.104017, 0.994421)
    Right Arm.CFrame = CFrame.new(0.587795, -0.710402, 0.042433, -0.71276, -0.700382, -0.037942, 0.209897, -0.264597, 0.941239, -0.669266, 0.662913, 0.335602)
    Left Arm.CFrame = CFrame.new(-0.268107, -0.865497, 0.358551, -0.649196, 0.742277, -0.166043, -0.125094, 0.111134, 0.985901, 0.750264, 0.660814, 0.020706)
    Right Leg.CFrame = CFrame.new(-0.053458, 0.008565, 0.001549, 0.978261, -0.008442, -0.207208, 0.001717, 0.999467, -0.032597, 0.207372, 0.031532, 0.977754)
    Left Leg.CFrame = CFrame.new(-0.193435, 0.077177, -0.032757, 0.972629, 0.104541, -0.207523, -0.097255, 0.994241, 0.045018, 0.211034, -0.023602, 0.977194)
    Head.CFrame = CFrame.new(0, -0, 0, 0.998707, -0.024838, 0.044366, 0.023734, 0.9994, 0.025227, -0.044966, -0.024141, 0.998697)
    RightUpperArm.CFrame = CFrame.new(0.216779, -1.04299, -0.403594, 0.335603, 0.662913, 0.669266, 0.941239, -0.264597, -0.209898, 0.037942, 0.700382, -0.712759)
    LeftUpperArm.CFrame = CFrame.new(-0.532344, -1.09927, -0.072888, 0.020706, -0.660813, -0.750264, -0.985901, 0.111134, -0.125094, 0.166043, 0.742277, -0.649196)
    LeftHand.CFrame = CFrame.new(0.0005, 0.0001, -0, 1, -0, 0, -0, 1, 1e-06, -0, -0, 1)

[29]
