[1]
    Time: 0.000000
    HumanoidRootPart.CFrame = CFrame.new(0, 0, 0, 1, 0, 0, 0, 1, 0, 0, 0, 1)
    Torso.CFrame = CFrame.new(-0.695128, 1.49012e-07, -0.478504, 0.983849, -0.169134, -0.0586098, 0.171099, 0.984789, 0.0302727, 0.0525981, -0.0398118, 0.997822)
    Head.CFrame = CFrame.new(6.33299e-08, 1.49012e-08, -2.98023e-08, 0.998123, -0.0290847, 0.053902, 0.0405966, 0.973128, -0.226657, -0.0458613, 0.22842, 0.972482)
    Left Leg.CFrame = CFrame.new(-0.129617, 0.40074, 0.110887, 0.858532, -0.0996912, 0.502975, -0.135643, 0.901819, 0.410273, -0.494493, -0.420458, 0.760718)
    Right Arm.CFrame = CFrame.new(-0.15613, -0.503607, 0.0641996, 0.138992, -0.807729, -0.572935, 0.766664, -0.278437, 0.578532, -0.626824, -0.51966, 0.580557)
    Right Leg.CFrame = CFrame.new(0.193183, 0.221678, 0.485136, 0.637936, 0.358865, -0.681362, -0.5107, 0.85938, -0.0255255, 0.576388, 0.364255, 0.731502)
    Left Arm.CFrame = CFrame.new(-0.113914, 0.123161, 0.263407, -0.433292, 0.757762, 0.487909, -0.140688, -0.5916, 0.793862, 0.890205, 0.275331, 0.362943)

[2]
    Time: 0.050000
    HumanoidRootPart.CFrame = CFrame.new(0, 0, 0, 1, 0, 0, 0, 1, 0, 0, 0, 1)
    Torso.CFrame = CFrame.new(-0.552294, 1.17347e-07, -0.352325, 0.99717, -0.049981, -0.0561599, 0.0499021, 0.99875, -0.00280757, 0.05623, -2.86681e-06, 0.998418)
    Head.CFrame = CFrame.new(8.9407e-08, -2.98023e-08, 4.17233e-07, 0.995732, -0.0104798, 0.0916936, 0.0292714, 0.978097, -0.20608, -0.0875256, 0.207884, 0.97423)
    Left Leg.CFrame = CFrame.new(-0.0149833, 0.314523, 0.139339, 0.788132, -0.12418, 0.60285, -0.106362, 0.937225, 0.332108, -0.606247, -0.325866, 0.725449)
    Right Arm.CFrame = CFrame.new(-0.155391, -0.436801, -0.000303209, 0.0681098, -0.781806, -0.619791, 0.897459, -0.223358, 0.380367, -0.435808, -0.582144, 0.686426)
    Right Leg.CFrame = CFrame.new(0.215373, 0.256097, 0.398431, 0.748193, 0.283057, -0.600072, -0.355532, 0.934661, -0.00240652, 0.560182, 0.215145, 0.799943)
    Left Arm.CFrame = CFrame.new(-0.112631, 0.128663, 0.274519, -0.31004, 0.744926, 0.590729, -0.11758, -0.64662, 0.753696, 0.943425, 0.164218, 0.288066)

[3]
    Time: 0.083333
    HumanoidRootPart.CFrame = CFrame.new(0, 0, 0, 1, 0, 0, 0, 1, 0, 0, 0, 1)
    Torso.CFrame = CFrame.new(-0.552294, 1.17347e-07, -0.352325, 0.99717, -0.049981, -0.0561599, 0.0499021, 0.99875, -0.00280757, 0.05623, -2.86681e-06, 0.998418)
    Head.CFrame = CFrame.new(8.9407e-08, -2.98023e-08, 4.17233e-07, 0.995732, -0.0104798, 0.0916936, 0.0292714, 0.978097, -0.20608, -0.0875256, 0.207884, 0.97423)
    Left Leg.CFrame = CFrame.new(-0.0149833, 0.314523, 0.139339, 0.788132, -0.12418, 0.60285, -0.106362, 0.937225, 0.332108, -0.606247, -0.325866, 0.725449)
    Right Arm.CFrame = CFrame.new(-0.155391, -0.436801, -0.000303209, 0.0681098, -0.781806, -0.619791, 0.897459, -0.223358, 0.380367, -0.435808, -0.582144, 0.686426)
    Right Leg.CFrame = CFrame.new(0.215373, 0.256097, 0.398431, 0.748193, 0.283057, -0.600072, -0.355532, 0.934661, -0.00240652, 0.560182, 0.215145, 0.799943)
    Left Arm.CFrame = CFrame.new(-0.112631, 0.128663, 0.274519, -0.31004, 0.744926, 0.590729, -0.11758, -0.64662, 0.753696, 0.943425, 0.164218, 0.288066)

[4]
    Time: 0.133333
    HumanoidRootPart.CFrame = CFrame.new(0, 0, 0, 1, 0, 0, 0, 1, 0, 0, 0, 1)
    Torso.CFrame = CFrame.new(-0.237651, -3.07322e-05, -0.24602, 0.99973, -5.1439e-06, -0.0232533, -0.000459633, 0.9998, -0.0199822, 0.0232487, 0.0199875, 0.99953)
    Head.CFrame = CFrame.new(9.31323e-08, 2.79397e-09, -2.98023e-08, 0.999746, 0.0148145, 0.0170095, -0.0144904, 0.999714, -0.0190223, -0.0172865, 0.018771, 0.999674)
    Left Leg.CFrame = CFrame.new(-0.305278, 0.266214, 0.148912, 0.935689, -0.205484, 0.286813, 0.115105, 0.94621, 0.302386, -0.333521, -0.249925, 0.909011)
    Right Arm.CFrame = CFrame.new(-0.143266, -0.449603, -0.083657, 0.0795072, -0.903051, -0.42211, 0.906306, -0.110837, 0.40783, -0.415076, -0.414986, 0.809628)
    Right Leg.CFrame = CFrame.new(0.418907, 0.262896, 0.175843, 0.945549, 0.248041, -0.210745, -0.225773, 0.966224, 0.124247, 0.234445, -0.0699009, 0.969613)
    Left Arm.CFrame = CFrame.new(-0.103937, 0.194511, 0.330103, -0.107424, 0.669406, 0.735089, -0.0935477, -0.742892, 0.662842, 0.989802, 0.00243901, 0.142425)

[5]
    Time: 0.166667
    HumanoidRootPart.CFrame = CFrame.new(0, 0, 0, 1, 0, 0, 0, 1, 0, 0, 0, 1)
    Torso.CFrame = CFrame.new(-0.237651, -3.07322e-05, -0.24602, 0.99973, -5.1439e-06, -0.0232533, -0.000459633, 0.9998, -0.0199822, 0.0232487, 0.0199875, 0.99953)
    Head.CFrame = CFrame.new(9.31323e-08, 2.79397e-09, -2.98023e-08, 0.999746, 0.0148145, 0.0170095, -0.0144904, 0.999714, -0.0190223, -0.0172865, 0.018771, 0.999674)
    Left Leg.CFrame = CFrame.new(-0.305278, 0.266214, 0.148912, 0.935689, -0.205484, 0.286813, 0.115105, 0.94621, 0.302386, -0.333521, -0.249925, 0.909011)
    Right Arm.CFrame = CFrame.new(-0.143266, -0.449603, -0.083657, 0.0795072, -0.903051, -0.42211, 0.906306, -0.110837, 0.40783, -0.415076, -0.414986, 0.809628)
    Right Leg.CFrame = CFrame.new(0.418907, 0.262896, 0.175843, 0.945549, 0.248041, -0.210745, -0.225773, 0.966224, 0.124247, 0.234445, -0.0699009, 0.969613)
    Left Arm.CFrame = CFrame.new(-0.103937, 0.194511, 0.330103, -0.107424, 0.669406, 0.735089, -0.0935477, -0.742892, 0.662842, 0.989802, 0.00243901, 0.142425)

[6]
    Time: 0.200000
    HumanoidRootPart.CFrame = CFrame.new(0, 0, 0, 1, 0, 0, 0, 1, 0, 0, 0, 1)
    Torso.CFrame = CFrame.new(0.104745, -3.07336e-05, -0.133312, 0.973187, 0.227841, 0.0315629, -0.228302, 0.973519, 0.0118111, -0.028036, -0.0187002, 0.999432)
    Head.CFrame = CFrame.new(1.04308e-07, -4.65661e-09, 2.98023e-08, 0.988675, 0.0380041, -0.145178, -0.0395408, 0.999188, -0.00771298, 0.144767, 0.0133661, 0.989376)
    Left Leg.CFrame = CFrame.new(-0.336919, 0.124638, 0.161093, 0.909654, -0.361545, 0.204485, 0.31646, 0.922118, 0.2226, -0.26904, -0.137778, 0.953224)
    Right Arm.CFrame = CFrame.new(-0.187464, -0.457883, -0.214571, 0.218801, -0.808202, -0.54675, 0.938104, 0.020054, 0.345772, -0.268489, -0.588564, 0.762566)
    Right Leg.CFrame = CFrame.new(0.317222, 0.161118, 0.0111272, 0.976229, 0.00470414, 0.216689, -0.056936, 0.970218, 0.235447, -0.209128, -0.242188, 0.947423)
    Left Arm.CFrame = CFrame.new(-0.0972489, 0.214901, 0.363906, 0.0755504, 0.642356, 0.762674, -0.140006, -0.750449, 0.645929, 0.987264, -0.155579, 0.0332373)

[7]
    Time: 0.250000
    HumanoidRootPart.CFrame = CFrame.new(0, 0, 0, 1, 0, 0, 0, 1, 0, 0, 0, 1)
    Torso.CFrame = CFrame.new(0.104745, -3.07336e-05, -0.133312, 0.973187, 0.227841, 0.0315629, -0.228302, 0.973519, 0.0118111, -0.028036, -0.0187002, 0.999432)
    Head.CFrame = CFrame.new(1.04308e-07, -4.65661e-09, 2.98023e-08, 0.988675, 0.0380041, -0.145178, -0.0395408, 0.999188, -0.00771298, 0.144767, 0.0133661, 0.989376)
    Left Leg.CFrame = CFrame.new(-0.336919, 0.124638, 0.161093, 0.909654, -0.361545, 0.204485, 0.31646, 0.922118, 0.2226, -0.26904, -0.137778, 0.953224)
    Right Arm.CFrame = CFrame.new(-0.187464, -0.457883, -0.214571, 0.218801, -0.808202, -0.54675, 0.938104, 0.020054, 0.345772, -0.268489, -0.588564, 0.762566)
    Right Leg.CFrame = CFrame.new(0.317222, 0.161118, 0.0111272, 0.976229, 0.00470414, 0.216689, -0.056936, 0.970218, 0.235447, -0.209128, -0.242188, 0.947423)
    Left Arm.CFrame = CFrame.new(-0.0972489, 0.214901, 0.363906, 0.0755504, 0.642356, 0.762674, -0.140006, -0.750449, 0.645929, 0.987264, -0.155579, 0.0332373)

[8]
    Time: 0.283333
    HumanoidRootPart.CFrame = CFrame.new(0, 0, 0, 1, 0, 0, 0, 1, 0, 0, 0, 1)
    Torso.CFrame = CFrame.new(0.163292, 0.0243879, -0.205799, 0.95975, 0.2762, 0.0509324, -0.277693, 0.960347, 0.0249023, -0.0420347, -0.0380436, 0.998392)
    Head.CFrame = CFrame.new(5.96046e-08, -1.17579e-08, 5.96046e-08, 0.987865, 0.0484659, -0.147559, -0.0485698, 0.998816, 0.00290123, 0.147525, 0.00430091, 0.989049)
    Left Leg.CFrame = CFrame.new(-0.539708, 0.113667, 0.123006, 0.884835, -0.460597, 0.0701249, 0.439138, 0.874781, 0.204733, -0.155643, -0.15036, 0.976303)
    Right Arm.CFrame = CFrame.new(-0.188792, -0.394206, -0.207565, 0.325867, -0.765953, -0.55419, 0.927033, 0.143845, 0.346292, -0.185526, -0.626598, 0.756938)
    Right Leg.CFrame = CFrame.new(0.487183, 0.196055, -0.12098, 0.913417, 0.0219694, 0.406431, -0.138098, 0.956039, 0.258684, -0.382881, -0.292414, 0.876297)
    Left Arm.CFrame = CFrame.new(-0.0899803, 0.219623, 0.368148, 0.129705, 0.569667, 0.811576, -0.150645, -0.797667, 0.58398, 0.980042, -0.198005, -0.0176442)

[9]
    Time: 0.333333
    HumanoidRootPart.CFrame = CFrame.new(0, 0, 0, 1, 0, 0, 0, 1, 0, 0, 0, 1)
    Torso.CFrame = CFrame.new(0.163292, 0.0243879, -0.205799, 0.95975, 0.2762, 0.0509324, -0.277693, 0.960347, 0.0249023, -0.0420347, -0.0380436, 0.998392)
    Head.CFrame = CFrame.new(5.96046e-08, -1.17579e-08, 5.96046e-08, 0.987865, 0.0484659, -0.147559, -0.0485698, 0.998816, 0.00290123, 0.147525, 0.00430091, 0.989049)
    Left Leg.CFrame = CFrame.new(-0.539708, 0.113667, 0.123006, 0.884835, -0.460597, 0.0701249, 0.439138, 0.874781, 0.204733, -0.155643, -0.15036, 0.976303)
    Right Arm.CFrame = CFrame.new(-0.188792, -0.394206, -0.207565, 0.325867, -0.765953, -0.55419, 0.927033, 0.143845, 0.346292, -0.185526, -0.626598, 0.756938)
    Right Leg.CFrame = CFrame.new(0.487183, 0.196055, -0.12098, 0.913417, 0.0219694, 0.406431, -0.138098, 0.956039, 0.258684, -0.382881, -0.292414, 0.876297)
    Left Arm.CFrame = CFrame.new(-0.0899803, 0.219623, 0.368148, 0.129705, 0.569667, 0.811576, -0.150645, -0.797667, 0.58398, 0.980042, -0.198005, -0.0176442)

[10]
    Time: 0.383333
    HumanoidRootPart.CFrame = CFrame.new(0, 0, 0, 1, 0, 0, 0, 1, 0, 0, 0, 1)
    Torso.CFrame = CFrame.new(0.49516, 0.0200637, -0.323758, 0.95828, 0.273844, 0.0819047, -0.278955, 0.958482, 0.0591258, -0.062313, -0.0795068, 0.994885)
    Head.CFrame = CFrame.new(5.96046e-08, -3.72529e-09, 5.96046e-08, 0.98964, -0.0785013, -0.120211, 0.0651442, 0.991652, -0.111277, 0.127943, 0.102293, 0.986492)
    Left Leg.CFrame = CFrame.new(-0.738106, 0.0706631, 0.102349, 0.831513, -0.555434, 0.00886327, 0.554821, 0.831176, 0.0363416, -0.0275523, -0.0253011, 0.9993)
    Right Arm.CFrame = CFrame.new(-0.183319, -0.391452, -0.214281, 0.254693, -0.820673, -0.511496, 0.950882, 0.116305, 0.286872, -0.175938, -0.559437, 0.809985)
    Right Leg.CFrame = CFrame.new(0.434216, 0.231722, -0.101186, 0.938306, 0.0198717, 0.345235, -0.161521, 0.907936, 0.386733, -0.305766, -0.418637, 0.855132)
    Left Arm.CFrame = CFrame.new(-0.0908113, 0.220548, 0.360526, 0.085355, 0.577978, 0.811576, -0.0886368, -0.806914, 0.58398, 0.9924, -0.121781, -0.0176442)

[11]
    Time: 0.416667
    HumanoidRootPart.CFrame = CFrame.new(0, 0, 0, 1, 0, 0, 0, 1, 0, 0, 0, 1)
    Torso.CFrame = CFrame.new(0.733036, -0.00743526, -0.565979, 0.910383, 0.39956, 0.107493, -0.398788, 0.916568, -0.0295199, -0.11032, -0.0159926, 0.993767)
    Head.CFrame = CFrame.new(1.91387e-07, -5.21541e-08, -1.78814e-07, 0.996912, -0.0784044, 0.00436261, 0.078288, 0.988042, -0.132831, 0.00610406, 0.132762, 0.991129)
    Left Leg.CFrame = CFrame.new(-0.0621275, 0.331288, 0.593638, 0.40224, -0.332671, 0.852955, 0.542346, 0.837171, 0.0707536, -0.737607, 0.434137, 0.517167)
    Right Arm.CFrame = CFrame.new(0.212424, -0.170881, 0.0881202, -0.00474018, -0.883993, -0.467477, 0.976994, -0.103769, 0.18632, -0.213215, -0.455839, 0.864147)
    Right Leg.CFrame = CFrame.new(0.131905, 0.374008, 0.0807525, 0.93231, -0.190974, -0.307128, 0.284834, 0.911031, 0.298148, 0.222865, -0.365446, 0.903759)
    Left Arm.CFrame = CFrame.new(-0.113914, 0.12316, 0.263407, -0.433292, 0.757762, 0.487909, -0.140688, -0.5916, 0.793862, 0.890205, 0.275331, 0.362943)

[12]
    Time: 0.466667
    HumanoidRootPart.CFrame = CFrame.new(0, 0, 0, 1, 0, 0, 0, 1, 0, 0, 0, 1)
    Torso.CFrame = CFrame.new(0.548062, -0.0490417, -0.358475, 0.910383, 0.399559, 0.107493, -0.402881, 0.915195, 0.0102438, -0.0942841, -0.0526327, 0.994153)
    Head.CFrame = CFrame.new(7.45058e-08, -5.21541e-08, 4.17233e-07, 0.967336, -0.189261, -0.168649, 0.148143, 0.961909, -0.22975, 0.205708, 0.197261, 0.958526)
    Left Leg.CFrame = CFrame.new(0.0341156, 0.27499, 0.463576, 0.31977, -0.393741, 0.861809, 0.448836, 0.863986, 0.228198, -0.834442, 0.313841, 0.453002)
    Right Arm.CFrame = CFrame.new(0.0870432, -0.139, 0.0557513, -0.149116, -0.888176, -0.434636, 0.960051, -0.235296, 0.151451, -0.236783, -0.394689, 0.887781)
    Right Leg.CFrame = CFrame.new(0.0745271, 0.23587, 0.102948, 0.953276, -0.119258, -0.277564, 0.191107, 0.949638, 0.248325, 0.233971, -0.289766, 0.928059)
    Left Arm.CFrame = CFrame.new(-0.112631, 0.128662, 0.274518, -0.31004, 0.744926, 0.590729, -0.11758, -0.64662, 0.753696, 0.943425, 0.164218, 0.288066)

[13]
    Time: 0.500000
    HumanoidRootPart.CFrame = CFrame.new(0, 0, 0, 1, 0, 0, 0, 1, 0, 0, 0, 1)
    Torso.CFrame = CFrame.new(0.548062, -0.0490417, -0.358475, 0.910383, 0.399559, 0.107493, -0.402881, 0.915195, 0.0102438, -0.0942841, -0.0526327, 0.994153)
    Head.CFrame = CFrame.new(7.45058e-08, -5.21541e-08, 4.17233e-07, 0.967336, -0.189261, -0.168649, 0.148143, 0.961909, -0.22975, 0.205708, 0.197261, 0.958526)
    Left Leg.CFrame = CFrame.new(0.0341156, 0.27499, 0.463576, 0.31977, -0.393741, 0.861809, 0.448836, 0.863986, 0.228198, -0.834442, 0.313841, 0.453002)
    Right Arm.CFrame = CFrame.new(0.0870432, -0.139, 0.0557513, -0.149116, -0.888176, -0.434636, 0.960051, -0.235296, 0.151451, -0.236783, -0.394689, 0.887781)
    Right Leg.CFrame = CFrame.new(0.0745271, 0.23587, 0.102948, 0.953276, -0.119258, -0.277564, 0.191107, 0.949638, 0.248325, 0.233971, -0.289766, 0.928059)
    Left Arm.CFrame = CFrame.new(-0.112631, 0.128662, 0.274518, -0.31004, 0.744926, 0.590729, -0.11758, -0.64662, 0.753696, 0.943425, 0.164218, 0.288066)

[14]
    Time: 0.550000
    HumanoidRootPart.CFrame = CFrame.new(0, 0, 0, 1, 0, 0, 0, 1, 0, 0, 0, 1)
    Torso.CFrame = CFrame.new(0.0590993, -0.0490417, -0.282297, 0.999125, 0.0112275, 0.0402988, -0.0109918, 0.999921, -0.00606539, -0.0403638, 0.00561712, 0.999169)
    Head.CFrame = CFrame.new(7.07805e-08, -1.49012e-08, 2.98023e-07, 0.998455, -0.0514882, -0.0209165, 0.0473491, 0.985175, -0.164892, 0.0290963, 0.163647, 0.98609)
    Left Leg.CFrame = CFrame.new(-0.494023, 0.306648, 0.183013, 0.899388, -0.348694, 0.263656, 0.27819, 0.921767, 0.270103, -0.337212, -0.169581, 0.926029)
    Right Arm.CFrame = CFrame.new(0.0332327, -0.156243, -0.0154138, -0.0578343, -0.928311, -0.367279, 0.973092, -0.134612, 0.187006, -0.22304, -0.346581, 0.911117)
    Right Leg.CFrame = CFrame.new(0.362469, 0.256018, 0.16826, 0.933233, 0.266109, -0.241377, -0.219588, 0.954235, 0.203019, 0.284355, -0.13646, 0.948958)
    Left Arm.CFrame = CFrame.new(-0.103937, 0.194511, 0.330104, -0.107424, 0.669407, 0.735088, -0.0935477, -0.742892, 0.662842, 0.989803, 0.00243903, 0.142425)

[15]
    Time: 0.583333
    HumanoidRootPart.CFrame = CFrame.new(0, 0, 0, 1, 0, 0, 0, 1, 0, 0, 0, 1)
    Torso.CFrame = CFrame.new(0.0590993, -0.0490417, -0.282297, 0.999125, 0.0112275, 0.0402988, -0.0109918, 0.999921, -0.00606539, -0.0403638, 0.00561712, 0.999169)
    Head.CFrame = CFrame.new(7.07805e-08, -1.49012e-08, 2.98023e-07, 0.998455, -0.0514882, -0.0209165, 0.0473491, 0.985175, -0.164892, 0.0290963, 0.163647, 0.98609)
    Left Leg.CFrame = CFrame.new(-0.494023, 0.306648, 0.183013, 0.899388, -0.348694, 0.263656, 0.27819, 0.921767, 0.270103, -0.337212, -0.169581, 0.926029)
    Right Arm.CFrame = CFrame.new(0.0332327, -0.156243, -0.0154138, -0.0578343, -0.928311, -0.367279, 0.973092, -0.134612, 0.187006, -0.22304, -0.346581, 0.911117)
    Right Leg.CFrame = CFrame.new(0.362469, 0.256018, 0.16826, 0.933233, 0.266109, -0.241377, -0.219588, 0.954235, 0.203019, 0.284355, -0.13646, 0.948958)
    Left Arm.CFrame = CFrame.new(-0.103937, 0.194511, 0.330104, -0.107424, 0.669407, 0.735088, -0.0935477, -0.742892, 0.662842, 0.989803, 0.00243903, 0.142425)

[16]
    Time: 0.633333
    HumanoidRootPart.CFrame = CFrame.new(0, 0, 0, 1, 0, 0, 0, 1, 0, 0, 0, 1)
    Torso.CFrame = CFrame.new(-0.10278, -0.0490417, -0.225163, 0.999839, 0.0112275, -0.0140282, -0.011305, 0.999921, -0.00545942, 0.0139658, 0.00561712, 0.999887)
    Head.CFrame = CFrame.new(7.07805e-08, -7.45058e-09, -2.98023e-08, 0.995908, -0.0417921, -0.0801328, 0.0288288, 0.987243, -0.156591, 0.0856548, 0.15364, 0.984407)
    Left Leg.CFrame = CFrame.new(-0.49345, 0.198905, 0.0755192, 0.957086, -0.288297, 0.0295068, 0.270703, 0.925713, 0.26415, -0.103469, -0.244827, 0.96403)
    Right Arm.CFrame = CFrame.new(0.0361655, -0.15972, -0.0629263, -0.0492416, -0.961919, -0.268862, 0.974576, -0.105185, 0.197833, -0.21858, -0.252285, 0.942643)
    Right Leg.CFrame = CFrame.new(0.514318, 0.223927, 0.0473291, 0.960952, 0.274847, 0.0321099, -0.275665, 0.940731, 0.197571, 0.0240951, -0.198708, 0.979763)
    Left Arm.CFrame = CFrame.new(-0.097249, 0.214902, 0.363906, 0.0755504, 0.642356, 0.762674, -0.140006, -0.750449, 0.645929, 0.987264, -0.155579, 0.0332373)

[17]
    Time: 0.666667
    HumanoidRootPart.CFrame = CFrame.new(0, 0, 0, 1, 0, 0, 0, 1, 0, 0, 0, 1)
    Torso.CFrame = CFrame.new(-0.10278, -0.0490417, -0.225163, 0.999839, 0.0112275, -0.0140282, -0.011305, 0.999921, -0.00545942, 0.0139658, 0.00561712, 0.999887)
    Head.CFrame = CFrame.new(7.07805e-08, -7.45058e-09, -2.98023e-08, 0.995908, -0.0417921, -0.0801328, 0.0288288, 0.987243, -0.156591, 0.0856548, 0.15364, 0.984407)
    Left Leg.CFrame = CFrame.new(-0.49345, 0.198905, 0.0755192, 0.957086, -0.288297, 0.0295068, 0.270703, 0.925713, 0.26415, -0.103469, -0.244827, 0.96403)
    Right Arm.CFrame = CFrame.new(0.0361655, -0.15972, -0.0629263, -0.0492416, -0.961919, -0.268862, 0.974576, -0.105185, 0.197833, -0.21858, -0.252285, 0.942643)
    Right Leg.CFrame = CFrame.new(0.514318, 0.223927, 0.0473291, 0.960952, 0.274847, 0.0321099, -0.275665, 0.940731, 0.197571, 0.0240951, -0.198708, 0.979763)
    Left Arm.CFrame = CFrame.new(-0.097249, 0.214902, 0.363906, 0.0755504, 0.642356, 0.762674, -0.140006, -0.750449, 0.645929, 0.987264, -0.155579, 0.0332373)

[18]
    Time: 0.700000
    HumanoidRootPart.CFrame = CFrame.new(0, 0, 0, 1, 0, 0, 0, 1, 0, 0, 0, 1)
    Torso.CFrame = CFrame.new(-0.22657, -0.0490417, -0.272774, 0.997801, 0.0511953, -0.0421044, -0.0526199, 0.998054, -0.033451, 0.0403099, 0.035593, 0.998553)
    Head.CFrame = CFrame.new(1.15484e-07, 7.45058e-09, -1.49012e-07, 0.993216, -0.0417921, -0.108515, 0.0243494, 0.987243, -0.15735, 0.113706, 0.15364, 0.981563)
    Left Leg.CFrame = CFrame.new(-0.540523, 0.204972, 0.0202851, 0.959776, -0.272126, -0.0691163, 0.280338, 0.915228, 0.289429, -0.0155039, -0.297163, 0.954701)
    Right Arm.CFrame = CFrame.new(0.0319333, -0.158448, -0.0506791, -0.035744, -0.919595, -0.391239, 0.975054, -0.117909, 0.18806, -0.219069, -0.374757, 0.900869)
    Right Leg.CFrame = CFrame.new(0.668618, 0.283184, -0.11267, 0.936559, 0.240517, 0.254968, -0.291087, 0.93893, 0.18352, -0.195257, -0.246095, 0.949374)
    Left Arm.CFrame = CFrame.new(-0.08998, 0.219623, 0.368148, 0.129705, 0.569667, 0.811576, -0.150645, -0.797667, 0.58398, 0.980042, -0.198005, -0.0176442)

[19]
    Time: 0.800000
    HumanoidRootPart.CFrame = CFrame.new(0, 0, 0, 1, 0, 0, 0, 1, 0, 0, 0, 1)
    Torso.CFrame = CFrame.new(-0.22657, -0.0490417, -0.272774, 0.997801, 0.0511953, -0.0421044, -0.0526199, 0.998054, -0.033451, 0.0403099, 0.035593, 0.998553)
    Head.CFrame = CFrame.new(1.15484e-07, 7.45058e-09, -1.49012e-07, 0.993216, -0.0417921, -0.108515, 0.0243494, 0.987243, -0.15735, 0.113706, 0.15364, 0.981563)
    Left Leg.CFrame = CFrame.new(-0.540523, 0.204972, 0.0202851, 0.959776, -0.272126, -0.0691163, 0.280338, 0.915228, 0.289429, -0.0155039, -0.297163, 0.954701)
    Right Arm.CFrame = CFrame.new(0.0319333, -0.158448, -0.0506791, -0.035744, -0.919595, -0.391239, 0.975054, -0.117909, 0.18806, -0.219069, -0.374757, 0.900869)
    Right Leg.CFrame = CFrame.new(0.668618, 0.283184, -0.11267, 0.936559, 0.240517, 0.254968, -0.291087, 0.93893, 0.18352, -0.195257, -0.246095, 0.949374)
    Left Arm.CFrame = CFrame.new(-0.08998, 0.219623, 0.368148, 0.129705, 0.569667, 0.811576, -0.150645, -0.797667, 0.58398, 0.980042, -0.198005, -0.0176442)

[20]
    Time: 0.833333
    HumanoidRootPart.CFrame = CFrame.new(0, 0, 0, 1, 0, 0, 0, 1, 0, 0, 0, 1)
    Torso.CFrame = CFrame.new(-0.695128, 1.49012e-07, -0.478504, 0.983849, -0.169134, -0.0586098, 0.171099, 0.984789, 0.0302727, 0.0525981, -0.0398118, 0.997822)
    Head.CFrame = CFrame.new(6.33299e-08, 1.49012e-08, -2.98023e-08, 0.998123, -0.0290847, 0.053902, 0.0405966, 0.973128, -0.226657, -0.0458613, 0.22842, 0.972482)
    Left Leg.CFrame = CFrame.new(-0.129617, 0.40074, 0.110887, 0.858532, -0.0996912, 0.502975, -0.135643, 0.901819, 0.410273, -0.494493, -0.420458, 0.760718)
    Right Arm.CFrame = CFrame.new(-0.15613, -0.503607, 0.0641996, 0.138992, -0.807729, -0.572935, 0.766664, -0.278437, 0.578532, -0.626824, -0.51966, 0.580557)
    Right Leg.CFrame = CFrame.new(0.193183, 0.221678, 0.485136, 0.637936, 0.358865, -0.681362, -0.5107, 0.85938, -0.0255255, 0.576388, 0.364255, 0.731502)
    Left Arm.CFrame = CFrame.new(-0.113914, 0.123161, 0.263407, -0.433292, 0.757762, 0.487909, -0.140688, -0.5916, 0.793862, 0.890205, 0.275331, 0.362943)

[21]
    Time: 0.883333
    HumanoidRootPart.CFrame = CFrame.new(0, 0, 0, 1, 0, 0, 0, 1, 0, 0, 0, 1)
    Torso.CFrame = CFrame.new(-0.552294, 1.17347e-07, -0.352325, 0.99717, -0.049981, -0.0561599, 0.0499021, 0.99875, -0.00280757, 0.05623, -2.86681e-06, 0.998418)
    Head.CFrame = CFrame.new(8.9407e-08, -2.98023e-08, 4.17233e-07, 0.995732, -0.0104798, 0.0916936, 0.0292714, 0.978097, -0.20608, -0.0875256, 0.207884, 0.97423)
    Left Leg.CFrame = CFrame.new(-0.0149833, 0.314523, 0.139339, 0.788132, -0.12418, 0.60285, -0.106362, 0.937225, 0.332108, -0.606247, -0.325866, 0.725449)
    Right Arm.CFrame = CFrame.new(-0.155391, -0.436801, -0.000303209, 0.0681098, -0.781806, -0.619791, 0.897459, -0.223358, 0.380367, -0.435808, -0.582144, 0.686426)
    Right Leg.CFrame = CFrame.new(0.215373, 0.256097, 0.398431, 0.748193, 0.283057, -0.600072, -0.355532, 0.934661, -0.00240652, 0.560182, 0.215145, 0.799943)
    Left Arm.CFrame = CFrame.new(-0.112631, 0.128663, 0.274519, -0.31004, 0.744926, 0.590729, -0.11758, -0.64662, 0.753696, 0.943425, 0.164218, 0.288066)

[22]
    Time: 0.916667
    HumanoidRootPart.CFrame = CFrame.new(0, 0, 0, 1, 0, 0, 0, 1, 0, 0, 0, 1)
    Torso.CFrame = CFrame.new(-0.552294, 1.17347e-07, -0.352325, 0.99717, -0.049981, -0.0561599, 0.0499021, 0.99875, -0.00280757, 0.05623, -2.86681e-06, 0.998418)
    Head.CFrame = CFrame.new(8.9407e-08, -2.98023e-08, 4.17233e-07, 0.995732, -0.0104798, 0.0916936, 0.0292714, 0.978097, -0.20608, -0.0875256, 0.207884, 0.97423)
    Left Leg.CFrame = CFrame.new(-0.0149833, 0.314523, 0.139339, 0.788132, -0.12418, 0.60285, -0.106362, 0.937225, 0.332108, -0.606247, -0.325866, 0.725449)
    Right Arm.CFrame = CFrame.new(-0.155391, -0.436801, -0.000303209, 0.0681098, -0.781806, -0.619791, 0.897459, -0.223358, 0.380367, -0.435808, -0.582144, 0.686426)
    Right Leg.CFrame = CFrame.new(0.215373, 0.256097, 0.398431, 0.748193, 0.283057, -0.600072, -0.355532, 0.934661, -0.00240652, 0.560182, 0.215145, 0.799943)
    Left Arm.CFrame = CFrame.new(-0.112631, 0.128663, 0.274519, -0.31004, 0.744926, 0.590729, -0.11758, -0.64662, 0.753696, 0.943425, 0.164218, 0.288066)

[23]
    Time: 0.950000
    HumanoidRootPart.CFrame = CFrame.new(0, 0, 0, 1, 0, 0, 0, 1, 0, 0, 0, 1)
    Torso.CFrame = CFrame.new(-0.237651, -3.07322e-05, -0.24602, 0.99973, -5.1439e-06, -0.0232533, -0.000459633, 0.9998, -0.0199822, 0.0232487, 0.0199875, 0.99953)
    Head.CFrame = CFrame.new(9.31323e-08, 2.79397e-09, -2.98023e-08, 0.999746, 0.0148145, 0.0170095, -0.0144904, 0.999714, -0.0190223, -0.0172865, 0.018771, 0.999674)
    Left Leg.CFrame = CFrame.new(-0.305278, 0.266214, 0.148912, 0.935689, -0.205484, 0.286813, 0.115105, 0.94621, 0.302386, -0.333521, -0.249925, 0.909011)
    Right Arm.CFrame = CFrame.new(-0.143266, -0.449603, -0.083657, 0.0795072, -0.903051, -0.42211, 0.906306, -0.110837, 0.40783, -0.415076, -0.414986, 0.809628)
    Right Leg.CFrame = CFrame.new(0.418907, 0.262896, 0.175843, 0.945549, 0.248041, -0.210745, -0.225773, 0.966224, 0.124247, 0.234445, -0.0699009, 0.969613)
    Left Arm.CFrame = CFrame.new(-0.103937, 0.194511, 0.330103, -0.107424, 0.669406, 0.735089, -0.0935477, -0.742892, 0.662842, 0.989802, 0.00243901, 0.142425)

[24]
    Time: 1.000000
    HumanoidRootPart.CFrame = CFrame.new(0, 0, 0, 1, 0, 0, 0, 1, 0, 0, 0, 1)
    Torso.CFrame = CFrame.new(-0.237651, -3.07322e-05, -0.24602, 0.99973, -5.1439e-06, -0.0232533, -0.000459633, 0.9998, -0.0199822, 0.0232487, 0.0199875, 0.99953)
    Head.CFrame = CFrame.new(9.31323e-08, 2.79397e-09, -2.98023e-08, 0.999746, 0.0148145, 0.0170095, -0.0144904, 0.999714, -0.0190223, -0.0172865, 0.018771, 0.999674)
    Left Leg.CFrame = CFrame.new(-0.305278, 0.266214, 0.148912, 0.935689, -0.205484, 0.286813, 0.115105, 0.94621, 0.302386, -0.333521, -0.249925, 0.909011)
    Right Arm.CFrame = CFrame.new(-0.143266, -0.449603, -0.083657, 0.0795072, -0.903051, -0.42211, 0.906306, -0.110837, 0.40783, -0.415076, -0.414986, 0.809628)
    Right Leg.CFrame = CFrame.new(0.418907, 0.262896, 0.175843, 0.945549, 0.248041, -0.210745, -0.225773, 0.966224, 0.124247, 0.234445, -0.0699009, 0.969613)
    Left Arm.CFrame = CFrame.new(-0.103937, 0.194511, 0.330103, -0.107424, 0.669406, 0.735089, -0.0935477, -0.742892, 0.662842, 0.989802, 0.00243901, 0.142425)

[25]
    Time: 1.033333
    HumanoidRootPart.CFrame = CFrame.new(0, 0, 0, 1, 0, 0, 0, 1, 0, 0, 0, 1)
    Torso.CFrame = CFrame.new(0.104745, -3.07336e-05, -0.133312, 0.973187, 0.227841, 0.0315629, -0.228302, 0.973519, 0.0118111, -0.028036, -0.0187002, 0.999432)
    Head.CFrame = CFrame.new(1.04308e-07, -4.65661e-09, 2.98023e-08, 0.988675, 0.0380041, -0.145178, -0.0395408, 0.999188, -0.00771298, 0.144767, 0.0133661, 0.989376)
    Left Leg.CFrame = CFrame.new(-0.336919, 0.124638, 0.161093, 0.909654, -0.361545, 0.204485, 0.31646, 0.922118, 0.2226, -0.26904, -0.137778, 0.953224)
    Right Arm.CFrame = CFrame.new(-0.187464, -0.457883, -0.214571, 0.218801, -0.808202, -0.54675, 0.938104, 0.020054, 0.345772, -0.268489, -0.588564, 0.762566)
    Right Leg.CFrame = CFrame.new(0.317222, 0.161118, 0.0111272, 0.976229, 0.00470414, 0.216689, -0.056936, 0.970218, 0.235447, -0.209128, -0.242188, 0.947423)
    Left Arm.CFrame = CFrame.new(-0.0972489, 0.214901, 0.363906, 0.0755504, 0.642356, 0.762674, -0.140006, -0.750449, 0.645929, 0.987264, -0.155579, 0.0332373)

[26]
    Time: 1.083333
    HumanoidRootPart.CFrame = CFrame.new(0, 0, 0, 1, 0, 0, 0, 1, 0, 0, 0, 1)
    Torso.CFrame = CFrame.new(0.104745, -3.07336e-05, -0.133312, 0.973187, 0.227841, 0.0315629, -0.228302, 0.973519, 0.0118111, -0.028036, -0.0187002, 0.999432)
    Head.CFrame = CFrame.new(1.04308e-07, -4.65661e-09, 2.98023e-08, 0.988675, 0.0380041, -0.145178, -0.0395408, 0.999188, -0.00771298, 0.144767, 0.0133661, 0.989376)
    Left Leg.CFrame = CFrame.new(-0.336919, 0.124638, 0.161093, 0.909654, -0.361545, 0.204485, 0.31646, 0.922118, 0.2226, -0.26904, -0.137778, 0.953224)
    Right Arm.CFrame = CFrame.new(-0.187464, -0.457883, -0.214571, 0.218801, -0.808202, -0.54675, 0.938104, 0.020054, 0.345772, -0.268489, -0.588564, 0.762566)
    Right Leg.CFrame = CFrame.new(0.317222, 0.161118, 0.0111272, 0.976229, 0.00470414, 0.216689, -0.056936, 0.970218, 0.235447, -0.209128, -0.242188, 0.947423)
    Left Arm.CFrame = CFrame.new(-0.0972489, 0.214901, 0.363906, 0.0755504, 0.642356, 0.762674, -0.140006, -0.750449, 0.645929, 0.987264, -0.155579, 0.0332373)

[27]
    Time: 1.133333
    HumanoidRootPart.CFrame = CFrame.new(0, 0, 0, 1, 0, 0, 0, 1, 0, 0, 0, 1)
    Torso.CFrame = CFrame.new(0.163292, 0.0243879, -0.205799, 0.95975, 0.2762, 0.0509324, -0.277693, 0.960347, 0.0249023, -0.0420347, -0.0380436, 0.998392)
    Head.CFrame = CFrame.new(5.96046e-08, -1.17579e-08, 5.96046e-08, 0.987865, 0.0484659, -0.147559, -0.0485698, 0.998816, 0.00290123, 0.147525, 0.00430091, 0.989049)
    Left Leg.CFrame = CFrame.new(-0.539708, 0.113667, 0.123006, 0.884835, -0.460597, 0.0701249, 0.439138, 0.874781, 0.204733, -0.155643, -0.15036, 0.976303)
    Right Arm.CFrame = CFrame.new(-0.188792, -0.394206, -0.207565, 0.325867, -0.765953, -0.55419, 0.927033, 0.143845, 0.346292, -0.185526, -0.626598, 0.756938)
    Right Leg.CFrame = CFrame.new(0.487183, 0.196055, -0.12098, 0.913417, 0.0219694, 0.406431, -0.138098, 0.956039, 0.258684, -0.382881, -0.292414, 0.876297)
    Left Arm.CFrame = CFrame.new(-0.0899803, 0.219623, 0.368148, 0.129705, 0.569667, 0.811576, -0.150645, -0.797667, 0.58398, 0.980042, -0.198005, -0.0176442)

[28]
    Time: 1.166667
    HumanoidRootPart.CFrame = CFrame.new(0, 0, 0, 1, 0, 0, 0, 1, 0, 0, 0, 1)
    Torso.CFrame = CFrame.new(0.163292, 0.0243879, -0.205799, 0.95975, 0.2762, 0.0509324, -0.277693, 0.960347, 0.0249023, -0.0420347, -0.0380436, 0.998392)
    Head.CFrame = CFrame.new(5.96046e-08, -1.17579e-08, 5.96046e-08, 0.987865, 0.0484659, -0.147559, -0.0485698, 0.998816, 0.00290123, 0.147525, 0.00430091, 0.989049)
    Left Leg.CFrame = CFrame.new(-0.539708, 0.113667, 0.123006, 0.884835, -0.460597, 0.0701249, 0.439138, 0.874781, 0.204733, -0.155643, -0.15036, 0.976303)
    Right Arm.CFrame = CFrame.new(-0.188792, -0.394206, -0.207565, 0.325867, -0.765953, -0.55419, 0.927033, 0.143845, 0.346292, -0.185526, -0.626598, 0.756938)
    Right Leg.CFrame = CFrame.new(0.487183, 0.196055, -0.12098, 0.913417, 0.0219694, 0.406431, -0.138098, 0.956039, 0.258684, -0.382881, -0.292414, 0.876297)
    Left Arm.CFrame = CFrame.new(-0.0899803, 0.219623, 0.368148, 0.129705, 0.569667, 0.811576, -0.150645, -0.797667, 0.58398, 0.980042, -0.198005, -0.0176442)

[29]
    Time: 1.216667
    HumanoidRootPart.CFrame = CFrame.new(0, 0, 0, 1, 0, 0, 0, 1, 0, 0, 0, 1)
    Torso.CFrame = CFrame.new(0.49516, 0.0200637, -0.323758, 0.95828, 0.273844, 0.0819047, -0.278955, 0.958482, 0.0591258, -0.062313, -0.0795068, 0.994885)
    Head.CFrame = CFrame.new(5.96046e-08, -3.72529e-09, 5.96046e-08, 0.98964, -0.0785013, -0.120211, 0.0651442, 0.991652, -0.111277, 0.127943, 0.102293, 0.986492)
    Left Leg.CFrame = CFrame.new(-0.738106, 0.0706631, 0.102349, 0.831513, -0.555434, 0.00886327, 0.554821, 0.831176, 0.0363416, -0.0275523, -0.0253011, 0.9993)
    Right Arm.CFrame = CFrame.new(-0.183319, -0.391452, -0.214281, 0.254693, -0.820673, -0.511496, 0.950882, 0.116305, 0.286872, -0.175938, -0.559437, 0.809985)
    Right Leg.CFrame = CFrame.new(0.434216, 0.231722, -0.101186, 0.938306, 0.0198717, 0.345235, -0.161521, 0.907936, 0.386733, -0.305766, -0.418637, 0.855132)
    Left Arm.CFrame = CFrame.new(-0.0908113, 0.220548, 0.360526, 0.085355, 0.577978, 0.811576, -0.0886368, -0.806914, 0.58398, 0.9924, -0.121781, -0.0176442)

[30]
    Time: 1.250000
    HumanoidRootPart.CFrame = CFrame.new(0, 0, 0, 1, 0, 0, 0, 1, 0, 0, 0, 1)
    Torso.CFrame = CFrame.new(0.733036, -0.00743526, -0.565979, 0.910383, 0.39956, 0.107493, -0.398788, 0.916568, -0.0295199, -0.11032, -0.0159926, 0.993767)
    Head.CFrame = CFrame.new(1.91387e-07, -5.21541e-08, -1.78814e-07, 0.996912, -0.0784044, 0.00436261, 0.078288, 0.988042, -0.132831, 0.00610406, 0.132762, 0.991129)
    Left Leg.CFrame = CFrame.new(-0.0621275, 0.331288, 0.593638, 0.40224, -0.332671, 0.852955, 0.542346, 0.837171, 0.0707536, -0.737607, 0.434137, 0.517167)
    Right Arm.CFrame = CFrame.new(0.212424, -0.170881, 0.0881202, -0.00474018, -0.883993, -0.467477, 0.976994, -0.103769, 0.18632, -0.213215, -0.455839, 0.864147)
    Right Leg.CFrame = CFrame.new(0.131905, 0.374008, 0.0807525, 0.93231, -0.190974, -0.307128, 0.284834, 0.911031, 0.298148, 0.222865, -0.365446, 0.903759)
    Left Arm.CFrame = CFrame.new(-0.113914, 0.12316, 0.263407, -0.433292, 0.757762, 0.487909, -0.140688, -0.5916, 0.793862, 0.890205, 0.275331, 0.362943)

[31]
    Time: 1.283333
    HumanoidRootPart.CFrame = CFrame.new(0, 0, 0, 1, 0, 0, 0, 1, 0, 0, 0, 1)
    Torso.CFrame = CFrame.new(0.548062, -0.0490417, -0.358475, 0.910383, 0.399559, 0.107493, -0.402881, 0.915195, 0.0102438, -0.0942841, -0.0526327, 0.994153)
    Head.CFrame = CFrame.new(7.45058e-08, -5.21541e-08, 4.17233e-07, 0.967336, -0.189261, -0.168649, 0.148143, 0.961909, -0.22975, 0.205708, 0.197261, 0.958526)
    Left Leg.CFrame = CFrame.new(0.0341156, 0.27499, 0.463576, 0.31977, -0.393741, 0.861809, 0.448836, 0.863986, 0.228198, -0.834442, 0.313841, 0.453002)
    Right Arm.CFrame = CFrame.new(0.0870432, -0.139, 0.0557513, -0.149116, -0.888176, -0.434636, 0.960051, -0.235296, 0.151451, -0.236783, -0.394689, 0.887781)
    Right Leg.CFrame = CFrame.new(0.0745271, 0.23587, 0.102948, 0.953276, -0.119258, -0.277564, 0.191107, 0.949638, 0.248325, 0.233971, -0.289766, 0.928059)
    Left Arm.CFrame = CFrame.new(-0.112631, 0.128662, 0.274518, -0.31004, 0.744926, 0.590729, -0.11758, -0.64662, 0.753696, 0.943425, 0.164218, 0.288066)

[32]
    Time: 1.333333
    HumanoidRootPart.CFrame = CFrame.new(0, 0, 0, 1, 0, 0, 0, 1, 0, 0, 0, 1)
    Torso.CFrame = CFrame.new(0.548062, -0.0490417, -0.358475, 0.910383, 0.399559, 0.107493, -0.402881, 0.915195, 0.0102438, -0.0942841, -0.0526327, 0.994153)
    Head.CFrame = CFrame.new(7.45058e-08, -5.21541e-08, 4.17233e-07, 0.967336, -0.189261, -0.168649, 0.148143, 0.961909, -0.22975, 0.205708, 0.197261, 0.958526)
    Left Leg.CFrame = CFrame.new(0.0341156, 0.27499, 0.463576, 0.31977, -0.393741, 0.861809, 0.448836, 0.863986, 0.228198, -0.834442, 0.313841, 0.453002)
    Right Arm.CFrame = CFrame.new(0.0870432, -0.139, 0.0557513, -0.149116, -0.888176, -0.434636, 0.960051, -0.235296, 0.151451, -0.236783, -0.394689, 0.887781)
    Right Leg.CFrame = CFrame.new(0.0745271, 0.23587, 0.102948, 0.953276, -0.119258, -0.277564, 0.191107, 0.949638, 0.248325, 0.233971, -0.289766, 0.928059)
    Left Arm.CFrame = CFrame.new(-0.112631, 0.128662, 0.274518, -0.31004, 0.744926, 0.590729, -0.11758, -0.64662, 0.753696, 0.943425, 0.164218, 0.288066)

[33]
    Time: 1.383333
    HumanoidRootPart.CFrame = CFrame.new(0, 0, 0, 1, 0, 0, 0, 1, 0, 0, 0, 1)
    Torso.CFrame = CFrame.new(0.0590993, -0.0490417, -0.282297, 0.999125, 0.0112275, 0.0402988, -0.0109918, 0.999921, -0.00606539, -0.0403638, 0.00561712, 0.999169)
    Head.CFrame = CFrame.new(7.07805e-08, -1.49012e-08, 2.98023e-07, 0.998455, -0.0514882, -0.0209165, 0.0473491, 0.985175, -0.164892, 0.0290963, 0.163647, 0.98609)
    Left Leg.CFrame = CFrame.new(-0.494023, 0.306648, 0.183013, 0.899388, -0.348694, 0.263656, 0.27819, 0.921767, 0.270103, -0.337212, -0.169581, 0.926029)
    Right Arm.CFrame = CFrame.new(0.0332327, -0.156243, -0.0154138, -0.0578343, -0.928311, -0.367279, 0.973092, -0.134612, 0.187006, -0.22304, -0.346581, 0.911117)
    Right Leg.CFrame = CFrame.new(0.362469, 0.256018, 0.16826, 0.933233, 0.266109, -0.241377, -0.219588, 0.954235, 0.203019, 0.284355, -0.13646, 0.948958)
    Left Arm.CFrame = CFrame.new(-0.103937, 0.194511, 0.330104, -0.107424, 0.669407, 0.735088, -0.0935477, -0.742892, 0.662842, 0.989803, 0.00243903, 0.142425)

[34]
    Time: 1.466667
    HumanoidRootPart.CFrame = CFrame.new(0, 0, 0, 1, 0, 0, 0, 1, 0, 0, 0, 1)
    Torso.CFrame = CFrame.new(0.0590993, -0.0490417, -0.282297, 0.999125, 0.0112275, 0.0402988, -0.0109918, 0.999921, -0.00606539, -0.0403638, 0.00561712, 0.999169)
    Head.CFrame = CFrame.new(7.07805e-08, -1.49012e-08, 2.98023e-07, 0.998455, -0.0514882, -0.0209165, 0.0473491, 0.985175, -0.164892, 0.0290963, 0.163647, 0.98609)
    Left Leg.CFrame = CFrame.new(-0.494023, 0.306648, 0.183013, 0.899388, -0.348694, 0.263656, 0.27819, 0.921767, 0.270103, -0.337212, -0.169581, 0.926029)
    Right Arm.CFrame = CFrame.new(0.0332327, -0.156243, -0.0154138, -0.0578343, -0.928311, -0.367279, 0.973092, -0.134612, 0.187006, -0.22304, -0.346581, 0.911117)
    Right Leg.CFrame = CFrame.new(0.362469, 0.256018, 0.16826, 0.933233, 0.266109, -0.241377, -0.219588, 0.954235, 0.203019, 0.284355, -0.13646, 0.948958)
    Left Arm.CFrame = CFrame.new(-0.103937, 0.194511, 0.330104, -0.107424, 0.669407, 0.735088, -0.0935477, -0.742892, 0.662842, 0.989803, 0.00243903, 0.142425)

[35]
    Time: 1.500000
    HumanoidRootPart.CFrame = CFrame.new(0, 0, 0, 1, 0, 0, 0, 1, 0, 0, 0, 1)
    Torso.CFrame = CFrame.new(-0.078022, -0.0490417, -0.373711, 0.986958, -0.158096, -0.0303324, 0.157517, 0.987301, -0.0206242, 0.0332078, 0.0155773, 0.999327)
    Head.CFrame = CFrame.new(1.00583e-07, 1.49012e-08, 3.57628e-07, 0.994135, 0.00749745, -0.107886, -0.0247976, 0.986818, -0.159924, 0.105265, 0.161661, 0.981216)
    Left Leg.CFrame = CFrame.new(-0.594328, 0.350966, -0.0501116, 0.984331, -0.16063, -0.0727327, 0.176208, 0.911375, 0.37195, 0.00654048, -0.378938, 0.925399)
    Right Arm.CFrame = CFrame.new(0.363374, -0.372801, -0.463762, -0.21933, -0.973262, -0.0682289, 0.950617, -0.228919, 0.209581, -0.219596, -0.0188921, 0.975408)
    Right Leg.CFrame = CFrame.new(0.694805, 0.273666, -0.0320545, 0.901647, 0.417753, 0.111867, -0.432465, 0.86953, 0.238518, 0.00236945, -0.263438, 0.964674)
    Left Arm.CFrame = CFrame.new(-0.0846834, 0.187141, 0.218516, -0.534326, 0.619612, 0.574959, -0.207951, -0.755652, 0.621085, 0.8193, 0.212298, 0.532613)

[36]
    Time: 1.533333
    HumanoidRootPart.CFrame = CFrame.new(0, 0, 0, 1, 0, 0, 0, 1, 0, 0, 0, 1)
    Torso.CFrame = CFrame.new(-0.078022, -0.0490417, -0.373711, 0.986958, -0.158096, -0.0303324, 0.157517, 0.987301, -0.0206242, 0.0332078, 0.0155773, 0.999327)
    Head.CFrame = CFrame.new(1.00583e-07, 1.49012e-08, 3.57628e-07, 0.994135, 0.00749745, -0.107886, -0.0247976, 0.986818, -0.159924, 0.105265, 0.161661, 0.981216)
    Left Leg.CFrame = CFrame.new(-0.594328, 0.350966, -0.0501116, 0.984331, -0.16063, -0.0727327, 0.176208, 0.911375, 0.37195, 0.00654048, -0.378938, 0.925399)
    Right Arm.CFrame = CFrame.new(0.363374, -0.372801, -0.463762, -0.21933, -0.973262, -0.0682289, 0.950617, -0.228919, 0.209581, -0.219596, -0.0188921, 0.975408)
    Right Leg.CFrame = CFrame.new(0.694805, 0.273666, -0.0320545, 0.901647, 0.417753, 0.111867, -0.432465, 0.86953, 0.238518, 0.00236945, -0.263438, 0.964674)
    Left Arm.CFrame = CFrame.new(-0.0846834, 0.187141, 0.218516, -0.534326, 0.619612, 0.574959, -0.207951, -0.755652, 0.621085, 0.8193, 0.212298, 0.532613)

[37]
    Time: 1.583333
    HumanoidRootPart.CFrame = CFrame.new(0, 0, 0, 1, 0, 0, 0, 1, 0, 0, 0, 1)
    Torso.CFrame = CFrame.new(0.070526, -0.0490417, -0.533686, 0.878174, -0.47833, 0.00324856, 0.476123, 0.87343, -0.102112, 0.0460058, 0.091219, 0.994768)
    Head.CFrame = CFrame.new(6.06524e-08, -4.47035e-08, 2.98023e-07, 0.981072, 0.193616, -0.00330988, -0.187468, 0.945356, -0.266753, -0.0485187, 0.262324, 0.963759)
    Left Leg.CFrame = CFrame.new(-0.349447, 0.518337, -0.00745738, 0.951503, 0.289969, 0.102762, -0.307622, 0.900353, 0.307789, -0.00327348, -0.324474, 0.945889)
    Right Arm.CFrame = CFrame.new(0.517886, -0.358532, -0.499946, -0.14735, -0.256882, 0.955144, 0.793342, 0.546005, 0.269234, -0.590674, 0.797428, 0.123341)
    Right Leg.CFrame = CFrame.new(0.770046, 0.258294, -0.0291276, 0.823813, 0.559019, 0.0939704, -0.561009, 0.780264, 0.276509, 0.0812521, -0.28051, 0.956406)
    Left Arm.CFrame = CFrame.new(-0.0535048, -0.0772234, -0.0457767, -0.578894, 0.668654, -0.466674, -0.796342, -0.340588, 0.49984, 0.175277, 0.660986, 0.729641)

[38]
    Time: 1.633333
    HumanoidRootPart.CFrame = CFrame.new(0, 0, 0, 1, 0, 0, 0, 1, 0, 0, 0, 1)
    Torso.CFrame = CFrame.new(0.070526, -0.0490417, -0.533686, 0.878174, -0.47833, 0.00324856, 0.476123, 0.87343, -0.102112, 0.0460058, 0.091219, 0.994768)
    Head.CFrame = CFrame.new(6.06524e-08, -4.47035e-08, 2.98023e-07, 0.981072, 0.193616, -0.00330988, -0.187468, 0.945356, -0.266753, -0.0485187, 0.262324, 0.963759)
    Left Leg.CFrame = CFrame.new(-0.349447, 0.518337, -0.00745738, 0.951503, 0.289969, 0.102762, -0.307622, 0.900353, 0.307789, -0.00327348, -0.324474, 0.945889)
