[1]
    Time: 0.000000
    HumanoidRootPart.CFrame = CFrame.new(0, 0, 0, 1, 0, 0, 0, 1, 0, 0, 0, 1)
    Torso.CFrame = CFrame.new(0.272598, -0.0718049, -0.323628, 0.732774, -0.586832, 0.344486, 0.646508, 0.758336, -0.0833951, -0.212297, 0.283822, 0.93508)
    Left Leg.CFrame = CFrame.new(-0.543854, 0.734233, 0.0545144, 0.864916, -0.0974013, 0.492375, -0.112395, 0.918492, 0.37913, -0.48917, -0.383256, 0.783471)
    Right Arm.CFrame = CFrame.new(-0.409642, -0.00973368, 0.136063, 0.87487, 0.130942, 0.466322, -0.0291675, 0.97526, -0.219128, -0.483478, 0.178107, 0.857045)
    Head.CFrame = CFrame.new(1.04308e-07, 4.47035e-08, 0, 0.77966, 0.536722, -0.322583, -0.534048, 0.838904, 0.105034, 0.326991, 0.0903839, 0.940695)
    Left Arm.CFrame = CFrame.new(-0.365166, -0.585989, 0.280668, -0.049384, 0.702034, 0.710429, -0.750747, -0.495225, 0.437186, 0.658741, -0.511763, 0.551506)
    Right Leg.CFrame = CFrame.new(0.18262, 0.00445956, 0.0197824, 0.976433, 0.196095, -0.0901455, -0.190839, 0.979552, 0.063711, 0.100796, -0.0450058, 0.993889)

[2]
    Time: 0.033333
    HumanoidRootPart.CFrame = CFrame.new(0, 0, 0, 1, 0, 0, 0, 1, 0, 0, 0, 1)
    Torso.CFrame = CFrame.new(0.29511, -0.0875017, -0.361085, 0.724123, -0.581349, 0.37105, 0.652204, 0.752146, -0.0943719, -0.224221, 0.310337, 0.923805)
    Left Leg.CFrame = CFrame.new(-0.590862, 0.794518, 0.0533243, 0.855879, -0.107472, 0.505887, -0.113609, 0.915207, 0.386637, -0.504544, -0.388388, 0.771097)
    Right Arm.CFrame = CFrame.new(-0.49873, 0.0182129, 0.117918, 0.852467, 0.209675, 0.47889, -0.0388553, 0.938922, -0.341928, -0.521335, 0.272875, 0.808548)
    Head.CFrame = CFrame.new(1.56462e-07, 1.49012e-08, 0, 0.783055, 0.502167, -0.366952, -0.502408, 0.858505, 0.10274, 0.366623, 0.103908, 0.924549)
    Left Arm.CFrame = CFrame.new(-0.446498, -0.565407, 0.278426, -0.223448, 0.622797, 0.749796, -0.727572, -0.618464, 0.296885, 0.648621, -0.479192, 0.591325)
    Right Leg.CFrame = CFrame.new(0.267372, -4.29153e-06, 0.031404, 0.974599, 0.212749, -0.069957, -0.210319, 0.976792, 0.0405313, 0.0769565, -0.0247885, 0.996726)

[3]
    Time: 0.066667
    HumanoidRootPart.CFrame = CFrame.new(0, 0, 0, 1, 0, 0, 0, 1, 0, 0, 0, 1)
    Torso.CFrame = CFrame.new(0.322501, -0.116208, -0.415994, 0.712357, -0.56631, 0.414536, 0.660631, 0.740447, -0.123713, -0.236882, 0.361983, 0.901585)
    Left Leg.CFrame = CFrame.new(-0.578614, 0.878077, 0.0216355, 0.849189, -0.0679601, 0.523698, -0.163355, 0.909242, 0.382876, -0.502189, -0.410682, 0.761017)
    Right Arm.CFrame = CFrame.new(-0.67673, 0.0913821, 0.0702516, 0.877146, 0.291438, 0.381679, -0.13443, 0.912032, -0.387462, -0.461024, 0.288552, 0.839163)
    Head.CFrame = CFrame.new(0, -1.49012e-08, -1.78814e-07, 0.769876, 0.501665, -0.39449, -0.481174, 0.862345, 0.157582, 0.41924, 0.0684998, 0.905288)
    Left Arm.CFrame = CFrame.new(-0.647358, -0.55942, 0.146122, -0.615289, 0.422291, 0.66565, -0.609387, -0.790461, -0.0618106, 0.500068, -0.443669, 0.7437)
    Right Leg.CFrame = CFrame.new(0.45755, 0.0219288, 0.0462635, 0.97217, 0.232414, -0.0294951, -0.232159, 0.972606, 0.0118256, 0.0314356, -0.00464894, 0.999495)

[4]
    Time: 0.100000
    HumanoidRootPart.CFrame = CFrame.new(0, 0, 0, 1, 0, 0, 0, 1, 0, 0, 0, 1)
    Torso.CFrame = CFrame.new(0.335379, -0.154485, -0.492825, 0.718971, -0.52308, 0.457677, 0.648324, 0.742061, -0.170358, -0.250513, 0.419206, 0.872645)
    Left Leg.CFrame = CFrame.new(-0.539625, 0.989973, -0.0634454, 0.831788, -0.0429642, 0.553428, -0.225374, 0.884987, 0.407436, -0.507282, -0.463629, 0.726439)
    Right Arm.CFrame = CFrame.new(-0.735376, 0.110002, -0.0835446, 0.886309, 0.412887, 0.209715, -0.341407, 0.888541, -0.306489, -0.312886, 0.200046, 0.928485)
    Head.CFrame = CFrame.new(1.04308e-07, 4.47035e-08, 1.19209e-07, 0.760979, 0.507286, -0.404439, -0.458979, 0.861534, 0.217018, 0.458529, 0.0204831, 0.888443)
    Left Arm.CFrame = CFrame.new(-0.858056, -0.5652, -0.212643, -0.91544, 0.196707, 0.351106, -0.335031, -0.855857, -0.394035, 0.222987, -0.478347, 0.849389)
    Right Leg.CFrame = CFrame.new(0.663933, 0.122277, 0.0907789, 0.971108, 0.233414, -0.0496726, -0.234025, 0.972207, -0.00678481, 0.0467083, 0.0182135, 0.998743)

[5]
    Time: 0.133333
    HumanoidRootPart.CFrame = CFrame.new(0, 0, 0, 1, 0, 0, 0, 1, 0, 0, 0, 1)
    Torso.CFrame = CFrame.new(0.317169, -0.179091, -0.544846, 0.781003, -0.447511, 0.435624, 0.574624, 0.788135, -0.220568, -0.244624, 0.422584, 0.872687)
    Left Leg.CFrame = CFrame.new(-0.628837, 1.02699, -0.11394, 0.821684, -0.16878, 0.54438, -0.147631, 0.859518, 0.489319, -0.550492, -0.482433, 0.681335)
    Right Arm.CFrame = CFrame.new(-0.562578, 0.0142096, -0.185994, 0.818391, 0.571183, 0.0631336, -0.568086, 0.820702, -0.0610478, -0.0866833, 0.0140958, 0.996136)
    Head.CFrame = CFrame.new(-1.04308e-07, -2.98023e-08, 0, 0.818697, 0.470952, -0.328542, -0.425855, 0.881772, 0.202793, 0.385205, -0.0261143, 0.922462)
    Left Arm.CFrame = CFrame.new(-0.859121, -0.714254, -0.545072, -0.973804, 0.166724, 0.154623, -0.220733, -0.856417, -0.466719, 0.0546086, -0.488624, 0.870784)
    Right Leg.CFrame = CFrame.new(0.778438, 0.27659, 0.168693, 0.96629, 0.222311, -0.129849, -0.22207, 0.974891, 0.0165194, 0.130261, 0.012873, 0.991396)

[6]
    Time: 0.166667
    HumanoidRootPart.CFrame = CFrame.new(0, 0, 0, 1, 0, 0, 0, 1, 0, 0, 0, 1)
    Torso.CFrame = CFrame.new(0.279553, -0.202314, -0.544828, 0.872503, -0.330002, 0.36033, 0.438736, 0.853719, -0.280491, -0.215058, 0.402818, 0.889656)
    Left Leg.CFrame = CFrame.new(-0.995964, 0.828902, -0.214564, 0.88399, -0.397906, 0.245422, 0.143792, 0.730928, 0.667135, -0.444843, -0.554451, 0.703349)
    Right Arm.CFrame = CFrame.new(-0.295146, -0.213552, -0.0640333, 0.896508, 0.442329, 0.0248671, -0.435898, 0.870663, 0.227901, 0.0791562, -0.215155, 0.973367)
    Head.CFrame = CFrame.new(-8.9407e-08, 5.96046e-08, 4.76837e-07, 0.906136, 0.396166, -0.148224, -0.374792, 0.914427, 0.152824, 0.196084, -0.0829259, 0.977074)
    Left Arm.CFrame = CFrame.new(-0.270815, -1.0421, -0.507213, -0.762072, 0.647212, -0.019068, -0.632661, -0.750559, -0.190794, -0.137796, -0.133335, 0.981445)
    Right Leg.CFrame = CFrame.new(0.791732, 0.433745, 0.242218, 0.960196, 0.15919, -0.229528, -0.153574, 0.987234, 0.0422427, 0.233322, -0.00531144, 0.972385)

[7]
    Time: 0.200000
    HumanoidRootPart.CFrame = CFrame.new(0, 0, 0, 1, 0, 0, 0, 1, 0, 0, 0, 1)
    Torso.CFrame = CFrame.new(0.252421, -0.226216, -0.538031, 0.955057, -0.174607, 0.239538, 0.249754, 0.909245, -0.333011, -0.159652, 0.37787, 0.91199)
    Left Leg.CFrame = CFrame.new(-1.29424, 0.199965, -0.437892, 0.736104, -0.53169, -0.418876, 0.67431, 0.522273, 0.52205, -0.0588011, -0.666736, 0.742971)
    Right Arm.CFrame = CFrame.new(-0.134796, -0.301273, 0.110214, 0.990076, -0.0365568, -0.135693, 0.108944, 0.809589, 0.576798, 0.0887693, -0.585857, 0.805538)
    Head.CFrame = CFrame.new(2.98023e-08, -1.49012e-08, 2.38419e-07, 0.949115, 0.306069, 0.0741815, -0.313034, 0.942668, 0.115701, -0.0345162, -0.133035, 0.99051)
    Left Arm.CFrame = CFrame.new(0.0288985, -0.836214, -0.108933, -0.159088, 0.905319, -0.393812, -0.987248, -0.143596, 0.068711, 0.0056555, 0.399722, 0.916619)
    Right Leg.CFrame = CFrame.new(0.757194, 0.595978, 0.274932, 0.942754, 0.0748333, -0.324986, -0.0520339, 0.995571, 0.0783014, 0.329406, -0.0569087, 0.942472)

[8]
    Time: 0.233333
    HumanoidRootPart.CFrame = CFrame.new(0, 0, 0, 1, 0, 0, 0, 1, 0, 0, 0, 1)
    Torso.CFrame = CFrame.new(0.196803, -0.244027, -0.566525, 0.99577, -0.00186434, 0.0918612, 0.0353728, 0.93051, -0.364554, -0.0847982, 0.366261, 0.92664)
    Left Leg.CFrame = CFrame.new(-1.19751, -0.128982, -0.465834, 0.523909, -0.593353, -0.611107, 0.823085, 0.537305, 0.183945, 0.219206, -0.599363, 0.769879)
    Right Arm.CFrame = CFrame.new(-0.0854203, -0.420157, 0.213783, 0.784607, -0.507468, -0.356185, 0.605397, 0.503163, 0.616702, -0.133737, -0.699502, 0.702005)
    Head.CFrame = CFrame.new(8.00937e-08, 3.0268e-09, 4.76837e-07, 0.940362, 0.233466, 0.247412, -0.268139, 0.956278, 0.116764, -0.209334, -0.176141, 0.961849)
    Left Arm.CFrame = CFrame.new(-0.132095, -0.61277, 0.0686504, 0.114287, 0.761726, -0.63774, -0.931724, 0.304934, 0.197247, 0.344717, 0.571654, 0.744568)
    Right Leg.CFrame = CFrame.new(0.714717, 0.76225, 0.23934, 0.926829, -0.0320441, -0.374115, 0.0798372, 0.990387, 0.112959, 0.366899, -0.134562, 0.920477)

[9]
    Time: 0.266667
    HumanoidRootPart.CFrame = CFrame.new(0, 0, 0, 1, 0, 0, 0, 1, 0, 0, 0, 1)
    Torso.CFrame = CFrame.new(0.100086, -0.243757, -0.669282, 0.986497, 0.154109, -0.0554514, -0.163609, 0.911742, -0.376774, -0.00750692, 0.380759, 0.924644)
    Left Leg.CFrame = CFrame.new(-1.07776, -0.211664, -0.385544, 0.506326, -0.647406, -0.569649, 0.770164, 0.636653, -0.0390038, 0.38792, -0.418974, 0.820962)
    Right Arm.CFrame = CFrame.new(-0.0503152, -0.752441, 0.229414, 0.108894, -0.762705, -0.637513, 0.903357, -0.191708, 0.383659, -0.414835, -0.61768, 0.668119)
    Head.CFrame = CFrame.new(5.96046e-08, -1.41095e-07, 2.38419e-07, 0.951681, 0.183352, 0.246343, -0.210803, 0.973386, 0.089895, -0.223304, -0.137481, 0.965005)
    Left Arm.CFrame = CFrame.new(0.029125, -0.513073, 0.0618724, 0.254236, 0.773962, -0.579954, -0.891158, 0.420456, 0.170451, 0.375768, 0.473496, 0.796618)
    Right Leg.CFrame = CFrame.new(0.678494, 1.00378, 0.144572, 0.910185, -0.103919, -0.400954, 0.180521, 0.970767, 0.158189, 0.372794, -0.216361, 0.902337)

[10]
    Time: 0.300000
    HumanoidRootPart.CFrame = CFrame.new(0, 0, 0, 1, 0, 0, 0, 1, 0, 0, 0, 1)
    Torso.CFrame = CFrame.new(0.0083821, -0.23632, -0.792608, 0.947192, 0.264802, -0.18085, -0.315922, 0.867263, -0.384771, 0.0549564, 0.421586, 0.905121)
    Left Leg.CFrame = CFrame.new(-1.03789, -0.240415, -0.338222, 0.525707, -0.693704, -0.492348, 0.725859, 0.667611, -0.165604, 0.443577, -0.270316, 0.854499)
    Right Arm.CFrame = CFrame.new(0.312512, -0.968745, 0.130389, -0.495829, -0.437182, -0.75035, 0.697144, -0.715596, -0.0437379, -0.517826, -0.544789, 0.659592)
    Head.CFrame = CFrame.new(7.45058e-08, -8.9407e-08, 2.38419e-07, 0.983487, 0.155506, 0.0925781, -0.151779, 0.987341, -0.046065, -0.0985695, 0.031253, 0.994639)
    Left Arm.CFrame = CFrame.new(0.364412, -0.330403, 0.139466, 0.406451, 0.748725, -0.52365, -0.836643, 0.535321, 0.11602, 0.367188, 0.390951, 0.843997)
    Right Leg.CFrame = CFrame.new(0.669599, 1.23572, 0.0607146, 0.890582, -0.129268, -0.436065, 0.234363, 0.952103, 0.196401, 0.389791, -0.277109, 0.878222)

[11]
    Time: 0.333333
    HumanoidRootPart.CFrame = CFrame.new(0, 0, 0, 1, 0, 0, 0, 1, 0, 0, 0, 1)
    Torso.CFrame = CFrame.new(-0.0661228, -0.229605, -0.877244, 0.902816, 0.326051, -0.280383, -0.418074, 0.81816, -0.394752, 0.100689, 0.473609, 0.874961)
    Left Leg.CFrame = CFrame.new(-1.05243, -0.21547, -0.316659, 0.569534, -0.700294, -0.430371, 0.68058, 0.695361, -0.230834, 0.460915, -0.161434, 0.872638)
    Right Arm.CFrame = CFrame.new(0.651169, -0.916787, 0.148806, -0.736108, -0.0730415, -0.672912, 0.290571, -0.931993, -0.216696, -0.611321, -0.35504, 0.707271)
    Head.CFrame = CFrame.new(8.9407e-08, -4.47035e-08, 1.19209e-07, 0.990647, 0.116722, -0.0706772, -0.130521, 0.961625, -0.241333, 0.039796, 0.248301, 0.967865)
    Left Arm.CFrame = CFrame.new(0.720303, -0.0300021, 0.267073, 0.574498, 0.650392, -0.496933, -0.733901, 0.678131, 0.0390931, 0.362411, 0.342241, 0.866908)
    Right Leg.CFrame = CFrame.new(0.676042, 1.42314, 0.0268257, 0.873443, -0.158888, -0.460274, 0.274479, 0.94143, 0.195884, 0.402192, -0.297429, 0.865897)

[12]
    Time: 0.366667
    HumanoidRootPart.CFrame = CFrame.new(0, 0, 0, 1, 0, 0, 0, 1, 0, 0, 0, 1)
    Torso.CFrame = CFrame.new(-0.128759, -0.216878, -0.944341, 0.869763, 0.34384, -0.353957, -0.474303, 0.780461, -0.407329, 0.136194, 0.522163, 0.841901)
    Left Leg.CFrame = CFrame.new(-1.11912, -0.142117, -0.312872, 0.607652, -0.689169, -0.394722, 0.64347, 0.718529, -0.263937, 0.465516, -0.0936097, 0.880075)
    Right Arm.CFrame = CFrame.new(0.842131, -0.754669, 0.182979, -0.743646, 0.162827, -0.648443, 0.0294556, -0.960969, -0.275084, -0.667925, -0.223665, 0.709824)
    Head.CFrame = CFrame.new(8.9407e-08, 2.98023e-08, 1.19209e-07, 0.988729, 0.0961686, -0.114742, -0.134401, 0.907804, -0.397277, 0.0659577, 0.408221, 0.910497)
    Left Arm.CFrame = CFrame.new(0.916433, 0.260124, 0.412332, 0.726429, 0.458711, -0.511748, -0.565895, 0.821776, -0.0666835, 0.389953, 0.338036, 0.856544)
    Right Leg.CFrame = CFrame.new(0.657316, 1.57802, 0.0162232, 0.8564, -0.202636, -0.474887, 0.312936, 0.935288, 0.165251, 0.41067, -0.29013, 0.864393)

[13]
    Time: 0.400000
    HumanoidRootPart.CFrame = CFrame.new(0, 0, 0, 1, 0, 0, 0, 1, 0, 0, 0, 1)
    Torso.CFrame = CFrame.new(-0.150513, -0.204369, -0.988972, 0.857654, 0.336052, -0.389229, -0.489537, 0.765299, -0.417937, 0.157428, 0.548987, 0.820871)
    Left Leg.CFrame = CFrame.new(-1.19851, -0.0330911, -0.298783, 0.637682, -0.675253, -0.370669, 0.613495, 0.736199, -0.285717, 0.465817, -0.0452072, 0.883725)
    Right Arm.CFrame = CFrame.new(0.926279, -0.667208, 0.147773, -0.718444, 0.259932, -0.645193, -0.0831536, -0.952997, -0.291344, -0.690597, -0.155664, 0.70629)
    Head.CFrame = CFrame.new(1.49012e-07, 1.19209e-07, 3.57628e-07, 0.993161, 0.09582, -0.0667082, -0.116384, 0.857925, -0.500419, 0.00928058, 0.504761, 0.863209)
    Left Arm.CFrame = CFrame.new(0.976122, 0.367493, 0.548714, 0.78042, 0.295182, -0.551192, -0.459193, 0.868894, -0.184839, 0.424366, 0.397355, 0.813648)
    Right Leg.CFrame = CFrame.new(0.604829, 1.65865, 0.0074923, 0.828583, -0.232914, -0.509119, 0.345958, 0.92797, 0.138509, 0.440186, -0.2909, 0.849478)

[14]
    Time: 0.433333
    HumanoidRootPart.CFrame = CFrame.new(0, 0, 0, 1, 0, 0, 0, 1, 0, 0, 0, 1)
    Torso.CFrame = CFrame.new(-0.147149, -0.194937, -0.993042, 0.874, 0.301395, -0.381162, -0.456207, 0.779052, -0.430062, 0.167326, 0.549763, 0.81839)
    Left Leg.CFrame = CFrame.new(-1.25737, 0.0911408, -0.260277, 0.670531, -0.654807, -0.348735, 0.594946, 0.755434, -0.274516, 0.443201, -0.0234067, 0.896117)
    Right Arm.CFrame = CFrame.new(0.930556, -0.67984, 0.090139, -0.703931, 0.228086, -0.67265, -0.0908934, -0.968178, -0.233175, -0.704429, -0.102999, 0.702261)
    Head.CFrame = CFrame.new(8.9407e-08, 8.9407e-08, 2.38419e-07, 0.992823, 0.114983, -0.0328899, -0.111962, 0.79695, -0.593579, -0.04204, 0.593001, 0.804103)
    Left Arm.CFrame = CFrame.new(0.960292, 0.41269, 0.625798, 0.7799, 0.199467, -0.59327, -0.415186, 0.874171, -0.251883, 0.468377, 0.442761, 0.764582)
    Right Leg.CFrame = CFrame.new(0.587155, 1.66396, 0.00657296, 0.80866, -0.219315, -0.545866, 0.345291, 0.928206, 0.138594, 0.476281, -0.300558, 0.82633)

[15]
    Time: 0.466667
    HumanoidRootPart.CFrame = CFrame.new(0, 0, 0, 1, 0, 0, 0, 1, 0, 0, 0, 1)
    Torso.CFrame = CFrame.new(-0.108073, -0.198699, -0.986946, 0.914617, 0.220236, -0.339075, -0.364954, 0.810643, -0.457894, 0.174024, 0.542544, 0.821804)
    Left Leg.CFrame = CFrame.new(-1.31979, 0.221608, -0.218741, 0.699857, -0.63544, -0.326216, 0.59887, 0.77092, -0.216881, 0.389301, -0.0435752, 0.920079)
    Right Arm.CFrame = CFrame.new(0.897766, -0.736268, 0.0241528, -0.72072, 0.116001, -0.683452, -0.0542369, -0.992314, -0.111229, -0.691102, -0.0430967, 0.721472)
    Head.CFrame = CFrame.new(1.49012e-08, -5.21541e-08, 7.15256e-07, 0.987499, 0.156923, -0.0148706, -0.126707, 0.734139, -0.667072, -0.093762, 0.660617, 0.744845)
    Left Arm.CFrame = CFrame.new(0.876293, 0.426523, 0.720837, 0.729075, 0.107384, -0.675957, -0.401908, 0.866578, -0.295824, 0.554003, 0.487351, 0.674959)
    Right Leg.CFrame = CFrame.new(0.631316, 1.65349, -0.00256443, 0.793776, -0.143411, -0.591061, 0.310933, 0.930897, 0.191708, 0.522724, -0.335954, 0.783514)

[16]
    Time: 0.500000
    HumanoidRootPart.CFrame = CFrame.new(0, 0, 0, 1, 0, 0, 0, 1, 0, 0, 0, 1)
    Torso.CFrame = CFrame.new(-0.0270343, -0.20985, -0.957809, 0.961088, 0.109037, -0.253812, -0.225377, 0.840792, -0.492213, 0.159733, 0.530264, 0.83265)
    Left Leg.CFrame = CFrame.new(-1.37477, 0.368946, -0.154934, 0.741737, -0.61583, -0.265668, 0.611393, 0.783694, -0.109645, 0.275725, -0.0810998, 0.957809)
    Right Arm.CFrame = CFrame.new(0.809789, -0.819368, -0.0444339, -0.798156, -0.116008, -0.591176, 0.0651318, -0.99215, 0.106756, -0.598919, 0.0467036, 0.799446)
    Head.CFrame = CFrame.new(4.47035e-08, -9.31323e-08, 7.15256e-07, 0.986162, 0.165438, -0.0107377, -0.121716, 0.678523, -0.724425, -0.112561, 0.715707, 0.68927)
    Left Arm.CFrame = CFrame.new(0.682491, 0.3639, 0.81638, 0.545744, 0.00465843, -0.837939, -0.355102, 0.90704, -0.226233, 0.758991, 0.421019, 0.496665)
    Right Leg.CFrame = CFrame.new(0.749555, 1.62965, -0.027519, 0.798929, -0.00573364, -0.601399, 0.238294, 0.921134, 0.30778, 0.552204, -0.389204, 0.737286)

[17]
    Time: 0.533333
    HumanoidRootPart.CFrame = CFrame.new(0, 0, 0, 1, 0, 0, 0, 1, 0, 0, 0, 1)
    Torso.CFrame = CFrame.new(0.0589056, -0.220984, -0.927311, 0.990371, -0.0190403, -0.137126, -0.0551537, 0.854237, -0.516951, 0.126981, 0.519536, 0.844961)
    Left Leg.CFrame = CFrame.new(-1.35386, 0.577227, -0.0278887, 0.807664, -0.58217, -0.0935795, 0.588244, 0.806463, 0.0598892, 0.0406027, -0.103418, 0.993809)
    Right Arm.CFrame = CFrame.new(0.566731, -0.851509, 0.0508529, -0.777371, -0.466949, -0.42149, 0.253538, -0.845797, 0.46941, -0.575686, 0.258042, 0.775887)
    Head.CFrame = CFrame.new(8.9407e-08, 2.40281e-07, 9.53674e-07, 0.993906, 0.110196, -0.00258684, -0.0742142, 0.651648, -0.754883, -0.0814997, 0.750475, 0.655855)
    Left Arm.CFrame = CFrame.new(0.396765, 0.363596, 0.780428, 0.246193, -0.154161, -0.956882, -0.0382081, 0.984958, -0.168515, 0.968467, 0.078048, 0.2366)
    Right Leg.CFrame = CFrame.new(0.918439, 1.55648, -0.0334814, 0.80997, 0.178641, -0.558602, 0.115054, 0.88557, 0.450033, 0.575075, -0.428782, 0.696731)

[18]
    Time: 0.566667
    HumanoidRootPart.CFrame = CFrame.new(0, 0, 0, 1, 0, 0, 0, 1, 0, 0, 0, 1)
    Torso.CFrame = CFrame.new(0.129052, -0.226901, -0.927087, 0.989489, -0.144428, -0.00716508, 0.119452, 0.844292, -0.522401, 0.0814987, 0.516054, 0.85267)
    Left Leg.CFrame = CFrame.new(-1.14678, 0.860819, 0.121646, 0.852739, -0.477779, 0.2111, 0.434425, 0.873114, 0.22124, -0.290018, -0.0969531, 0.952098)
    Right Arm.CFrame = CFrame.new(0.178033, -0.560023, 0.27168, -0.506049, -0.855966, 0.106006, 0.490018, -0.18418, 0.852033, -0.709787, 0.483115, 0.512643)
    Head.CFrame = CFrame.new(5.21541e-08, 5.58794e-08, 5.96046e-07, 0.999662, -0.0176489, 0.0190757, 0.0259846, 0.667197, -0.744428, 0.000411112, 0.744673, 0.66743)
    Left Arm.CFrame = CFrame.new(0.471987, 0.0861859, 0.452338, 0.616207, 0.208077, -0.7596, 0.293924, 0.834032, 0.466904, 0.730683, -0.510974, 0.452777)
    Right Leg.CFrame = CFrame.new(0.96438, 1.39961, 0.0614252, 0.770705, 0.317204, -0.552625, 0.0129039, 0.859335, 0.51125, 0.637061, -0.401154, 0.658201)

[19]
    Time: 0.600000
    HumanoidRootPart.CFrame = CFrame.new(0, 0, 0, 1, 0, 0, 0, 1, 0, 0, 0, 1)
    Torso.CFrame = CFrame.new(0.200676, -0.231252, -0.992125, 0.961348, -0.248714, 0.118113, 0.273459, 0.812492, -0.514856, 0.0320853, 0.527255, 0.849101)
    Left Leg.CFrame = CFrame.new(-0.837887, 1.13469, 0.148396, 0.811442, -0.326403, 0.484791, 0.215817, 0.938229, 0.270462, -0.543125, -0.114838, 0.831762)
    Right Arm.CFrame = CFrame.new(-0.209684, -0.496241, 0.133834, 0.0702536, -0.889498, 0.451507, 0.574157, 0.40619, 0.710883, -0.815726, 0.209294, 0.539247)
    Head.CFrame = CFrame.new(7.45058e-08, 5.21541e-08, 7.15256e-07, 0.982349, -0.179882, 0.051322, 0.165797, 0.710232, -0.684165, 0.0866182, 0.680597, 0.72752)
    Left Arm.CFrame = CFrame.new(0.308864, -0.0869623, 0.368151, 0.827022, 0.482157, -0.289067, 0.00762468, 0.50453, 0.86336, 0.562118, -0.716222, 0.413581)
    Right Leg.CFrame = CFrame.new(0.974076, 1.16405, 0.141532, 0.769818, 0.433553, -0.468415, -0.133436, 0.826993, 0.546148, 0.62416, -0.357931, 0.694486)

[20]
    Time: 0.633333
    HumanoidRootPart.CFrame = CFrame.new(0, 0, 0, 1, 0, 0, 0, 1, 0, 0, 0, 1)
    Torso.CFrame = CFrame.new(0.276923, -0.236653, -1.10959, 0.91633, -0.32668, 0.23156, 0.400199, 0.766553, -0.502232, -0.013434, 0.55288, 0.833153)
    Left Leg.CFrame = CFrame.new(-0.550009, 1.3867, 0.0296183, 0.712415, -0.198231, 0.673178, 0.0192236, 0.964427, 0.26365, -0.701495, -0.174887, 0.690883)
    Right Arm.CFrame = CFrame.new(-0.565364, -0.520445, -0.0941724, 0.576266, -0.636999, 0.512005, 0.480884, 0.770845, 0.417789, -0.660808, 0.00545733, 0.750535)
    Head.CFrame = CFrame.new(7.45058e-08, 4.47035e-08, 9.53674e-07, 0.941801, -0.327597, 0.0754451, 0.308813, 0.754404, -0.579232, 0.132839, 0.56882, 0.811664)
    Left Arm.CFrame = CFrame.new(0.335854, -0.349822, 0.369443, 0.444634, 0.781127, 0.43834, -0.779805, 0.0968065, 0.618492, 0.440686, -0.616822, 0.65217)
    Right Leg.CFrame = CFrame.new(1.0199, 0.888857, 0.156533, 0.777653, 0.56013, -0.285499, -0.371316, 0.775654, 0.510377, 0.507326, -0.290886, 0.811176)

[21]
    Time: 0.666667
    HumanoidRootPart.CFrame = CFrame.new(0, 0, 0, 1, 0, 0, 0, 1, 0, 0, 0, 1)
    Torso.CFrame = CFrame.new(0.355349, -0.239221, -1.24195, 0.865035, -0.379391, 0.328295, 0.499122, 0.717156, -0.486379, -0.0509105, 0.584594, 0.809727)
    Left Leg.CFrame = CFrame.new(-0.463188, 1.56597, -0.130318, 0.696322, -0.15199, 0.701452, -0.0749909, 0.956564, 0.281711, -0.713801, -0.248764, 0.654679)
    Right Arm.CFrame = CFrame.new(-0.879995, -0.265406, -0.0680608, 0.775573, -0.195113, 0.600348, 0.165049, 0.980628, 0.105482, -0.609299, 0.0172782, 0.792752)
    Head.CFrame = CFrame.new(8.9407e-08, 2.98023e-08, 1.07288e-06, 0.901071, -0.425352, 0.0845389, 0.413656, 0.784456, -0.462079, 0.130229, 0.451336, 0.8828)
    Left Arm.CFrame = CFrame.new(0.327528, -0.709201, 0.42372, -0.0805315, 0.801624, 0.59238, -0.799711, -0.406706, 0.441648, 0.59496, -0.438166, 0.67382)
    Right Leg.CFrame = CFrame.new(1.09281, 0.614209, 0.0952407, 0.747868, 0.658192, -0.0864626, -0.574527, 0.706982, 0.412427, 0.332584, -0.258766, 0.906878)

[22]
    Time: 0.700000
    HumanoidRootPart.CFrame = CFrame.new(0, 0, 0, 1, 0, 0, 0, 1, 0, 0, 0, 1)
    Torso.CFrame = CFrame.new(0.432179, -0.236508, -1.35067, 0.817218, -0.410988, 0.404034, 0.570885, 0.673394, -0.469714, -0.0790268, 0.614516, 0.784936)
    Left Leg.CFrame = CFrame.new(-0.50143, 1.64836, -0.165717, 0.730985, -0.146157, 0.666558, -0.0737485, 0.954152, 0.290095, -0.678397, -0.261212, 0.686692)
    Right Arm.CFrame = CFrame.new(-1.04351, -0.123711, 0.114526, 0.78924, 0.200591, 0.580399, 0.0260499, 0.933358, -0.358, -0.613532, 0.297667, 0.731419)
    Head.CFrame = CFrame.new(5.96046e-08, 8.9407e-08, 1.3113e-06, 0.894175, -0.439211, 0.0868597, 0.437203, 0.814786, -0.380759, 0.0964613, 0.37844, 0.920586)
    Left Arm.CFrame = CFrame.new(0.0616351, -0.90132, 0.414473, -0.459186, 0.607847, 0.64782, -0.649955, -0.726996, 0.221439, 0.605564, -0.319373, 0.728899)
    Right Leg.CFrame = CFrame.new(1.15073, 0.385943, 0.0107152, 0.687086, 0.725539, 0.0388082, -0.696266, 0.642216, 0.320582, 0.207671, -0.247288, 0.946426)

[23]
    Time: 0.733333
    HumanoidRootPart.CFrame = CFrame.new(0, 0, 0, 1, 0, 0, 0, 1, 0, 0, 0, 1)
    Torso.CFrame = CFrame.new(0.495696, -0.230432, -1.40976, 0.782295, -0.42325, 0.457027, 0.614965, 0.641567, -0.458487, -0.099159, 0.639728, 0.762178)
    Left Leg.CFrame = CFrame.new(-0.55466, 1.67186, -0.174199, 0.774526, -0.128496, 0.619354, -0.0776206, 0.952442, 0.294669, -0.627762, -0.276303, 0.727717)
    Right Arm.CFrame = CFrame.new(-1.15774, -0.0855452, 0.159962, 0.823858, 0.198986, 0.530719, 0.121063, 0.852963, -0.507739, -0.553717, 0.482555, 0.67863)
    Head.CFrame = CFrame.new(2.98023e-08, -2.98023e-08, 1.43051e-06, 0.938209, -0.341684, 0.0549152, 0.338585, 0.873468, -0.349878, 0.0715811, 0.346852, 0.935184)
    Left Arm.CFrame = CFrame.new(-0.320438, -0.960046, 0.271723, -0.756431, 0.312508, 0.574588, -0.436037, -0.895727, -0.0868626, 0.487528, -0.316247, 0.81382)
    Right Leg.CFrame = CFrame.new(1.17472, 0.250184, -0.0430253, 0.648475, 0.757335, 0.0769648, -0.7431, 0.607844, 0.279869, 0.165172, -0.238681, 0.956948)

[24]
    Time: 0.766667
    HumanoidRootPart.CFrame = CFrame.new(0, 0, 0, 1, 0, 0, 0, 1, 0, 0, 0, 1)
    Torso.CFrame = CFrame.new(0.526704, -0.229524, -1.44365, 0.766671, -0.41305, 0.491533, 0.632009, 0.620323, -0.464504, -0.113046, 0.666775, 0.736635)
    Left Leg.CFrame = CFrame.new(-0.521225, 1.73971, -0.21117, 0.759884, -0.110214, 0.640647, -0.109517, 0.949731, 0.293288, -0.640767, -0.293027, 0.709615)
    Right Arm.CFrame = CFrame.new(-1.15737, -0.00390416, 0.100251, 0.8215, 0.236281, 0.518951, 0.0862432, 0.84815, -0.52269, -0.563649, 0.474145, 0.676377)
    Head.CFrame = CFrame.new(9.68575e-08, 2.98023e-08, 1.66893e-06, 0.940128, -0.340476, 0.015374, 0.324671, 0.880942, -0.34428, 0.103676, 0.328659, 0.938741)
    Left Arm.CFrame = CFrame.new(-0.665586, -0.852382, -0.0316076, -0.943832, 0.0375764, 0.328283, -0.179849, -0.891874, -0.414988, 0.277194, -0.45072, 0.848537)
    Right Leg.CFrame = CFrame.new(1.20129, 0.219159, -0.0624002, 0.645804, 0.759892, 0.0741676, -0.746033, 0.607381, 0.272989, 0.162395, -0.231629, 0.959154)

[25]
    Time: 0.800000
    HumanoidRootPart.CFrame = CFrame.new(0, 0, 0, 1, 0, 0, 0, 1, 0, 0, 0, 1)
    Torso.CFrame = CFrame.new(0.539267, -0.226702, -1.4762, 0.757149, -0.411822, 0.507078, 0.64394, 0.601064, -0.473353, -0.109849, 0.684927, 0.720284)
    Left Leg.CFrame = CFrame.new(-0.481512, 1.7882, -0.218791, 0.742533, -0.0917629, 0.663494, -0.126046, 0.953731, 0.272965, -0.657843, -0.286316, 0.69661)
    Right Arm.CFrame = CFrame.new(-1.09866, 0.0608321, 0.0558715, 0.796806, 0.305709, 0.521194, 0.00121464, 0.861755, -0.507324, -0.604235, 0.404871, 0.68628)
    Head.CFrame = CFrame.new(0, 1.78814e-07, 1.78814e-06, 0.933784, -0.357723, -0.00907166, 0.328103, 0.866035, -0.37727, 0.142814, 0.349312, 0.926059)
    Left Arm.CFrame = CFrame.new(-0.815299, -0.715042, -0.279272, -0.991599, -0.0908145, 0.0921057, 0.0238651, -0.828306, -0.559767, 0.127127, -0.552867, 0.823515)
    Right Leg.CFrame = CFrame.new(1.22372, 0.230386, -0.0547379, 0.641838, 0.764734, 0.0568005, -0.744592, 0.603792, 0.284635, 0.183374, -0.224983, 0.956952)

[26]
    Time: 0.833333
    HumanoidRootPart.CFrame = CFrame.new(0, 0, 0, 1, 0, 0, 0, 1, 0, 0, 0, 1)
    Torso.CFrame = CFrame.new(0.540515, -0.238067, -1.50917, 0.747682, -0.426046, 0.509368, 0.659407, 0.56695, -0.49371, -0.0784431, 0.705019, 0.704837)
    Left Leg.CFrame = CFrame.new(-0.479618, 1.8157, -0.215061, 0.752037, -0.0737108, 0.654986, -0.125841, 0.959391, 0.252455, -0.646996, -0.272279, 0.712222)
    Right Arm.CFrame = CFrame.new(-0.915261, 0.0797458, -0.00227129, 0.765556, 0.363409, 0.530903, -0.125771, 0.893804, -0.43046, -0.630956, 0.26277, 0.729963)
    Head.CFrame = CFrame.new(2.98023e-08, -5.96046e-08, 1.43051e-06, 0.931916, -0.361768, -0.0256224, 0.317822, 0.848658, -0.42281, 0.174704, 0.385881, 0.905856)
    Left Arm.CFrame = CFrame.new(-0.853292, -0.67909, -0.397694, -0.990495, -0.137532, -0.0020375, 0.114107, -0.813334, -0.570498, 0.0768047, -0.565307, 0.821297)
    Right Leg.CFrame = CFrame.new(1.22213, 0.257643, -0.00852168, 0.626966, 0.779047, -0.000140175, -0.738967, 0.594767, 0.316514, 0.246663, -0.19834, 0.948588)

[27]
    Time: 0.866667
    HumanoidRootPart.CFrame = CFrame.new(0, 0, 0, 1, 0, 0, 0, 1, 0, 0, 0, 1)
    Torso.CFrame = CFrame.new(0.528089, -0.283365, -1.549, 0.753893, -0.423247, 0.502501, 0.656245, 0.521704, -0.545132, -0.0314311, 0.740734, 0.671062)
    Left Leg.CFrame = CFrame.new(-0.487041, 1.82865, -0.198921, 0.756689, -0.0581449, 0.651184, -0.122423, 0.965817, 0.228497, -0.642211, -0.252621, 0.723705)
    Right Arm.CFrame = CFrame.new(-0.574515, 0.0701501, -0.0464677, 0.803367, 0.301687, 0.513407, -0.190287, 0.947021, -0.25873, -0.564263, 0.110161, 0.818213)
    Head.CFrame = CFrame.new(5.21541e-08, -1.19209e-07, 1.66893e-06, 0.93576, -0.352116, -0.019177, 0.307415, 0.841191, -0.444852, 0.172771, 0.41038, 0.895399)
    Left Arm.CFrame = CFrame.new(-0.741051, -0.832331, -0.537748, -0.994921, -0.0994485, -0.0155889, 0.0916619, -0.831016, -0.548644, 0.0416072, -0.547286, 0.835911)
    Right Leg.CFrame = CFrame.new(1.21346, 0.34977, 0.0594839, 0.619889, 0.778842, -0.095622, -0.703121, 0.605412, 0.372957, 0.348365, -0.163958, 0.922908)

[28]
    Time: 0.900000
    HumanoidRootPart.CFrame = CFrame.new(0, 0, 0, 1, 0, 0, 0, 1, 0, 0, 0, 1)
    Torso.CFrame = CFrame.new(0.489399, -0.351233, -1.58434, 0.794093, -0.390451, 0.465795, 0.607574, 0.48919, -0.625737, 0.0164572, 0.779898, 0.62569)
    Left Leg.CFrame = CFrame.new(-0.552892, 1.81577, -0.171561, 0.776495, -0.0777636, 0.625306, -0.0881822, 0.96918, 0.230031, -0.623922, -0.233759, 0.745706)
    Right Arm.CFrame = CFrame.new(-0.229577, 0.0286414, -0.0942645, 0.939066, -0.0532288, 0.339591, 0.0279478, 0.99649, 0.07891, -0.3426, -0.0646108, 0.937257)
    Head.CFrame = CFrame.new(-5.58794e-08, -3.57628e-07, 1.90735e-06, 0.944818, -0.325848, 0.0338055, 0.306187, 0.841661, -0.444811, 0.116488, 0.430616, 0.894986)
    Left Arm.CFrame = CFrame.new(-0.54776, -1.03913, -0.624712, -0.979294, 0.0154302, -0.201856, 0.0668438, -0.916527, -0.394348, -0.191092, -0.399675, 0.896518)
    Right Leg.CFrame = CFrame.new(1.19666, 0.542576, 0.11283, 0.620853, 0.753156, -0.217478, -0.615134, 0.640024, 0.460413, 0.485954, -0.15207, 0.860653)

[29]
    Time: 0.933333
    HumanoidRootPart.CFrame = CFrame.new(0, 0, 0, 1, 0, 0, 0, 1, 0, 0, 0, 1)
    Torso.CFrame = CFrame.new(0.446074, -0.399407, -1.58499, 0.857536, -0.307654, 0.412287, 0.514098, 0.483992, -0.708136, 0.0183169, 0.819208, 0.573204)
    Left Leg.CFrame = CFrame.new(-0.728199, 1.78674, -0.18814, 0.845946, -0.144675, 0.513267, -0.0141243, 0.956079, 0.29277, -0.533081, -0.254917, 0.806748)
    Right Arm.CFrame = CFrame.new(-0.132429, -0.331994, -0.185839, 0.700433, -0.713624, -0.0115524, 0.671476, 0.653405, 0.349545, -0.241895, -0.25259, 0.936848)
    Head.CFrame = CFrame.new(-1.11759e-08, -2.98023e-08, 2.26498e-06, 0.972997, -0.227073, 0.0414118, 0.220823, 0.863535, -0.45337, 0.0671876, 0.450273, 0.89036)
    Left Arm.CFrame = CFrame.new(-0.359814, -1.14031, -0.395432, -0.783025, 0.204658, -0.587356, -0.216955, -0.974877, -0.0504548, -0.582926, 0.0879226, 0.807754)
    Right Leg.CFrame = CFrame.new(1.14536, 0.844639, 0.21751, 0.587066, 0.679348, -0.440272, -0.456037, 0.726877, 0.513498, 0.668868, -0.100677, 0.736533)

[30]
    Time: 0.966667
    HumanoidRootPart.CFrame = CFrame.new(0, 0, 0, 1, 0, 0, 0, 1, 0, 0, 0, 1)
    Torso.CFrame = CFrame.new(0.339196, -0.455462, -1.56971, 0.946023, -0.0819384, 0.313572, 0.307482, 0.532743, -0.788441, -0.10245, 0.842301, 0.529181)
    Left Leg.CFrame = CFrame.new(-0.724026, 1.74297, -0.169357, 0.738842, -0.260889, 0.621328, -0.0299703, 0.908385, 0.41706, -0.673211, -0.326763, 0.663334)
    Right Arm.CFrame = CFrame.new(0.0382431, -0.684489, 0.0880591, -0.088101, -0.994923, -0.0486529, 0.87755, -0.100633, 0.468806, -0.471322, -0.00139306, 0.88196)
    Head.CFrame = CFrame.new(2.98023e-08, 6.33299e-08, 2.5034e-06, 0.987135, -0.156982, -0.030342, 0.125486, 0.878267, -0.461411, 0.0990815, 0.451668, 0.886667)
    Left Arm.CFrame = CFrame.new(-0.369114, -0.881724, 0.172908, -0.54464, 0.293678, -0.785571, -0.683669, -0.698002, 0.21305, -0.485762, 0.653105, 0.580938)
    Right Leg.CFrame = CFrame.new(0.94558, 1.17656, 0.198635, 0.636513, 0.438198, -0.634691, -0.243759, 0.895037, 0.373485, 0.731732, -0.0830165, 0.676517)

[31]
    Time: 1.000000
    HumanoidRootPart.CFrame = CFrame.new(0, 0, 0, 1, 0, 0, 0, 1, 0, 0, 0, 1)
    Torso.CFrame = CFrame.new(0.591483, 0.377753, -0.0965695, 0.994564, -0.0779972, 0.0689789, 0.0697963, 0.991001, 0.114215, -0.0772666, -0.10878, 0.991059)
    Left Leg.CFrame = CFrame.new(-0.574022, 0.166348, -0.0687853, 0.899346, -0.423517, -0.108676, 0.435126, 0.891315, 0.127367, 0.0429227, -0.161835, 0.985884)
    Right Arm.CFrame = CFrame.new(-0.189234, -0.233406, -0.0567269, 0.995121, -0.0731147, 0.0662391, 0.0506857, 0.954902, 0.292562, -0.0846425, -0.287777, 0.95395)
    Head.CFrame = CFrame.new(4.84288e-08, 1.67638e-08, 2.38419e-06, 0.998509, 0.0535317, -0.0106475, -0.0545803, 0.979017, -0.196335, -8.61231e-05, 0.196624, 0.980479)
    Left Arm.CFrame = CFrame.new(-0.927601, 0.536083, 0.385871, -0.463525, -0.598046, 0.653824, 0.87707, -0.414648, 0.24252, 0.126068, 0.685863, 0.716728)
    Right Leg.CFrame = CFrame.new(0.649741, 0.0149066, 0.0724254, 0.813304, 0.572442, -0.104149, -0.565928, 0.819861, 0.0869123, 0.13514, -0.0117452, 0.990757)
