[1]
    Time: 0.000000
    HumanoidRootPart.CFrame = CFrame.new(0, 0, 0, 1, 0, 0, 0, 1, 0, 0, 0, 1)
    Torso.CFrame = CFrame.new(-0.184018, 0.121578, -0.106967, 0.87847, 0.399813, -0.261611, -0.434634, 0.896101, -0.0899798, 0.198455, 0.19275, 0.96097)
    Left Leg.CFrame = CFrame.new(-0.607943, 0.0166398, -0.0614404, 0.96899, 0.0247454, -0.245859, -0.0186994, 0.999463, 0.026896, 0.246393, -0.0214646, 0.968932)
    Right Arm.CFrame = CFrame.new(0.657533, -0.724214, -0.564934, -0.645839, 0.16138, 0.746223, 0.475447, -0.679735, 0.55849, 0.597363, 0.715483, 0.362272)
    Head.CFrame = CFrame.new(6.51926e-08, 4.787e-07, -2.98023e-07, 0.837169, -0.534136, -0.117671, 0.540783, 0.840557, 0.0319127, 0.0818635, -0.0903508, 0.99254)
    Left Arm.CFrame = CFrame.new(0.573429, 0.30708, 0.385532, 0.686772, -0.276337, 0.672296, -0.679871, -0.571405, 0.459642, 0.257137, -0.772744, -0.580299)
    Right Leg.CFrame = CFrame.new(0.191993, 0.396782, 0.0933366, 0.714706, 0.0146429, -0.699271, 0.195004, 0.955965, 0.219327, 0.671691, -0.293115, 0.680379)

[2]
    Time: 0.034583
    HumanoidRootPart.CFrame = CFrame.new(0, 0, 0, 1, 0, 0, 0, 1, 0, 0, 0, 1)
    Torso.CFrame = CFrame.new(-0.195585, 0.120792, -0.115716, 0.877864, 0.395297, -0.270361, -0.432432, 0.896881, -0.0927711, 0.20581, 0.198353, 0.958279)
    Left Leg.CFrame = CFrame.new(-0.604725, 0.0192788, -0.0579925, 0.967947, 0.0344953, -0.248774, -0.0299276, 0.999307, 0.022121, 0.249364, -0.0139667, 0.968309)
    Right Arm.CFrame = CFrame.new(0.68349, -0.691316, -0.600479, -0.654159, 0.18293, 0.733903, 0.445056, -0.691455, 0.569047, 0.611556, 0.698875, 0.370908)
    Head.CFrame = CFrame.new(7.54371e-08, 5.69969e-07, -1.19209e-07, 0.83511, -0.531936, -0.140127, 0.539974, 0.841331, 0.0242947, 0.10497, -0.0959539, 0.989836)
    Left Arm.CFrame = CFrame.new(0.552903, 0.331945, 0.378227, 0.674565, -0.315685, 0.667311, -0.704658, -0.544797, 0.454591, 0.220041, -0.776878, -0.589951)
    Right Leg.CFrame = CFrame.new(0.203567, 0.415617, 0.101302, 0.710692, 0.0198675, -0.703223, 0.191321, 0.956468, 0.220375, 0.676988, -0.29116, 0.675953)

[3]
    Time: 0.069167
    HumanoidRootPart.CFrame = CFrame.new(0, 0, 0, 1, 0, 0, 0, 1, 0, 0, 0, 1)
    Torso.CFrame = CFrame.new(-0.206453, 0.11446, -0.132218, 0.880399, 0.386773, -0.274417, -0.427033, 0.898231, -0.104033, 0.206253, 0.208776, 0.955967)
    Left Leg.CFrame = CFrame.new(-0.641177, 0.0413827, -0.0618722, 0.96676, 0.0282124, -0.254124, -0.0219445, 0.999382, 0.0274662, 0.254742, -0.0209766, 0.966781)
    Right Arm.CFrame = CFrame.new(0.69459, -0.657545, -0.630574, -0.659322, 0.194388, 0.726298, 0.421461, -0.704405, 0.571125, 0.622628, 0.682661, 0.382503)
    Head.CFrame = CFrame.new(1.40164e-07, 5.28991e-07, -5.96046e-08, 0.834898, -0.526698, -0.159798, 0.537186, 0.842995, 0.0281082, 0.119904, -0.109309, 0.98675)
    Left Arm.CFrame = CFrame.new(0.519013, 0.370097, 0.373395, 0.676954, -0.323853, 0.660948, -0.704628, -0.544636, 0.45483, 0.212678, -0.773622, -0.596889)
    Right Leg.CFrame = CFrame.new(0.214309, 0.43541, 0.111973, 0.703655, 0.0234923, -0.710153, 0.182071, 0.960123, 0.212166, 0.686819, -0.27859, 0.671318)

[4]
    Time: 0.103333
    HumanoidRootPart.CFrame = CFrame.new(0, 0, 0, 1, 0, 0, 0, 1, 0, 0, 0, 1)
    Torso.CFrame = CFrame.new(-0.21739, 0.104265, -0.150478, 0.884737, 0.37563, -0.275941, -0.41974, 0.899498, -0.121335, 0.202631, 0.223173, 0.953485)
    Left Leg.CFrame = CFrame.new(-0.680417, 0.072457, -0.0655533, 0.965104, 0.0256746, -0.260605, -0.0159913, 0.999103, 0.03921, 0.261378, -0.0336743, 0.964649)
    Right Arm.CFrame = CFrame.new(0.692037, -0.625926, -0.655278, -0.660712, 0.193078, 0.725383, 0.407877, -0.718901, 0.562866, 0.630156, 0.667759, 0.396234)
    Head.CFrame = CFrame.new(-5.58794e-09, 4.51691e-07, -2.98023e-07, 0.835974, -0.519659, -0.176361, 0.533655, 0.84473, 0.040541, 0.12791, -0.128007, 0.98349)
    Left Arm.CFrame = CFrame.new(0.4772, 0.411606, 0.368522, 0.688848, -0.310787, 0.654905, -0.689427, -0.560049, 0.459386, 0.224007, -0.767956, -0.600053)
    Right Leg.CFrame = CFrame.new(0.218271, 0.451155, 0.120091, 0.695139, 0.0210503, -0.718567, 0.174554, 0.964714, 0.197123, 0.697361, -0.262457, 0.666936)

[5]
    Time: 0.137917
    HumanoidRootPart.CFrame = CFrame.new(0, 0, 0, 1, 0, 0, 0, 1, 0, 0, 0, 1)
    Torso.CFrame = CFrame.new(-0.229265, 0.0917818, -0.165024, 0.889504, 0.363273, -0.277157, -0.411923, 0.900034, -0.142334, 0.197745, 0.240773, 0.950224)
    Left Leg.CFrame = CFrame.new(-0.698829, 0.103078, -0.0638815, 0.962927, 0.0391963, -0.266899, -0.0257608, 0.998227, 0.053657, 0.268529, -0.0447922, 0.96223)
    Right Arm.CFrame = CFrame.new(0.677026, -0.599171, -0.67514, -0.657297, 0.176333, 0.732713, 0.407335, -0.734869, 0.54226, 0.634066, 0.654885, 0.4112)
    Head.CFrame = CFrame.new(1.19209e-07, 5.84871e-07, -1.19209e-07, 0.837759, -0.512123, -0.189444, 0.53031, 0.845763, 0.0587885, 0.130118, -0.149714, 0.98013)
    Left Arm.CFrame = CFrame.new(0.433358, 0.447373, 0.362097, 0.703052, -0.28661, 0.650824, -0.668804, -0.577534, 0.468141, 0.241699, -0.764401, -0.597722)
    Right Leg.CFrame = CFrame.new(0.212467, 0.459305, 0.121747, 0.68658, 0.00964492, -0.72699, 0.174502, 0.968498, 0.177651, 0.705802, -0.248833, 0.663269)

[6]
    Time: 0.172500
    HumanoidRootPart.CFrame = CFrame.new(0, 0, 0, 1, 0, 0, 0, 1, 0, 0, 0, 1)
    Torso.CFrame = CFrame.new(-0.243258, 0.0778648, -0.174986, 0.893328, 0.350814, -0.280883, -0.405106, 0.899194, -0.165347, 0.194562, 0.261497, 0.945392)
    Left Leg.CFrame = CFrame.new(-0.695596, 0.128149, -0.0571332, 0.959933, 0.068413, -0.271751, -0.0519302, 0.996374, 0.0673976, 0.275377, -0.0505852, 0.960005)
    Right Arm.CFrame = CFrame.new(0.655139, -0.575517, -0.693487, -0.648979, 0.148591, 0.746155, 0.416249, -0.75159, 0.511712, 0.636839, 0.642677, 0.425915)
    Head.CFrame = CFrame.new(2.12342e-07, 5.96046e-07, -1.19209e-07, 0.839649, -0.505556, -0.198502, 0.528087, 0.845336, 0.0808168, 0.126943, -0.172684, 0.976763)
    Left Arm.CFrame = CFrame.new(0.391982, 0.47072, 0.354199, 0.71514, -0.256914, 0.650053, -0.64999, -0.586471, 0.483285, 0.257075, -0.768145, -0.586401)
    Right Leg.CFrame = CFrame.new(0.20066, 0.46275, 0.118253, 0.678615, -0.00969024, -0.73443, 0.182967, 0.970622, 0.156255, 0.71134, -0.240413, 0.660452)

[7]
    Time: 0.207083
    HumanoidRootPart.CFrame = CFrame.new(0, 0, 0, 1, 0, 0, 0, 1, 0, 0, 0, 1)
    Torso.CFrame = CFrame.new(-0.258093, 0.0622461, -0.18236, 0.895459, 0.339582, -0.287816, -0.400901, 0.896231, -0.189864, 0.193475, 0.285401, 0.938677)
    Left Leg.CFrame = CFrame.new(-0.685656, 0.148479, -0.0501363, 0.956255, 0.103467, -0.273625, -0.0847134, 0.993227, 0.0795187, 0.279999, -0.0528605, 0.958544)
    Right Arm.CFrame = CFrame.new(0.633396, -0.555423, -0.70818, -0.637093, 0.117488, 0.76178, 0.431946, -0.764127, 0.479096, 0.638385, 0.634276, 0.436071)
    Head.CFrame = CFrame.new(5.21541e-08, 6.10948e-07, -1.78814e-07, 0.8404, -0.501457, -0.205593, 0.528345, 0.842556, 0.104652, 0.120745, -0.196573, 0.973026)
    Left Arm.CFrame = CFrame.new(0.354912, 0.479639, 0.344412, 0.722752, -0.222791, 0.654212, -0.636058, -0.584657, 0.503593, 0.270294, -0.78009, -0.56427)
    Right Leg.CFrame = CFrame.new(0.189603, 0.465584, 0.114377, 0.671789, -0.0340447, -0.73996, 0.196896, 0.971214, 0.134072, 0.714095, -0.235764, 0.659154)

[8]
    Time: 0.241250
    HumanoidRootPart.CFrame = CFrame.new(0, 0, 0, 1, 0, 0, 0, 1, 0, 0, 0, 1)
    Torso.CFrame = CFrame.new(-0.2704, 0.0445995, -0.187457, 0.895693, 0.330695, -0.297278, -0.400354, 0.890667, -0.215473, 0.19352, 0.312014, 0.93016)
    Left Leg.CFrame = CFrame.new(-0.679391, 0.165771, -0.0475418, 0.952624, 0.137196, -0.27145, -0.11679, 0.989067, 0.0900341, 0.280834, -0.0540661, 0.958232)
    Right Arm.CFrame = CFrame.new(0.615437, -0.543798, -0.711357, -0.622992, 0.0863786, 0.777445, 0.457983, -0.765447, 0.452042, 0.634139, 0.637675, 0.437307)
    Head.CFrame = CFrame.new(1.71363e-07, 5.21541e-07, -1.19209e-07, 0.838657, -0.50076, -0.214231, 0.532332, 0.836819, 0.127893, 0.115229, -0.2213, 0.968374)
    Left Arm.CFrame = CFrame.new(0.3231, 0.473954, 0.331328, 0.722033, -0.185985, 0.666392, -0.630938, -0.572211, 0.523919, 0.283876, -0.798739, -0.5305)
    Right Leg.CFrame = CFrame.new(0.182155, 0.468336, 0.113072, 0.666635, -0.062344, -0.742773, 0.214976, 0.970233, 0.111504, 0.713711, -0.234011, 0.660193)

[9]
    Time: 0.275833
    HumanoidRootPart.CFrame = CFrame.new(0, 0, 0, 1, 0, 0, 0, 1, 0, 0, 0, 1)
    Torso.CFrame = CFrame.new(-0.275953, 0.0225139, -0.194636, 0.894751, 0.321597, -0.309833, -0.401707, 0.882707, -0.243846, 0.195071, 0.342643, 0.91899)
    Left Leg.CFrame = CFrame.new(-0.711502, 0.19406, -0.0625339, 0.953116, 0.151117, -0.262172, -0.129849, 0.986804, 0.0967354, 0.27333, -0.0581573, 0.960161)
    Right Arm.CFrame = CFrame.new(0.605164, -0.542221, -0.693264, -0.610659, 0.0593694, 0.789665, 0.494557, -0.750215, 0.438852, 0.618473, 0.658523, 0.428764)
    Head.CFrame = CFrame.new(1.49012e-07, 6.85453e-07, 1.19209e-07, 0.835005, -0.501475, -0.226473, 0.538676, 0.828949, 0.15057, 0.112227, -0.247722, 0.962309)
    Left Arm.CFrame = CFrame.new(0.298231, 0.450175, 0.313434, 0.69983, -0.146066, 0.699216, -0.643931, -0.552695, 0.529038, 0.309179, -0.820483, -0.480849)
    Right Leg.CFrame = CFrame.new(0.181483, 0.47906, 0.121623, 0.662902, -0.0925706, -0.742962, 0.235334, 0.967795, 0.0893904, 0.71076, -0.234101, 0.663338)

[10]
    Time: 0.310417
    HumanoidRootPart.CFrame = CFrame.new(0, 0, 0, 1, 0, 0, 0, 1, 0, 0, 0, 1)
    Torso.CFrame = CFrame.new(-0.275254, -0.0114024, -0.213847, 0.894425, 0.306606, -0.325571, -0.40146, 0.871247, -0.282414, 0.197063, 0.383302, 0.902355)
    Left Leg.CFrame = CFrame.new(-0.840495, 0.2702, -0.104293, 0.966517, 0.112207, -0.230769, -0.0929489, 0.991343, 0.0927295, 0.239177, -0.0681748, 0.96858)
    Right Arm.CFrame = CFrame.new(0.608729, -0.550411, -0.649945, -0.605377, 0.0460037, 0.794608, 0.528326, -0.723455, 0.444393, 0.595307, 0.688837, 0.413658)
    Head.CFrame = CFrame.new(5.21541e-08, 4.76837e-07, 0, 0.831657, -0.499191, -0.24322, 0.544064, 0.82015, 0.177055, 0.111092, -0.279576, 0.953675)
    Left Arm.CFrame = CFrame.new(0.292649, 0.38883, 0.286267, 0.617623, -0.107062, 0.779153, -0.689383, -0.550531, 0.470816, 0.378541, -0.827921, -0.413827)
    Right Leg.CFrame = CFrame.new(0.200166, 0.515942, 0.150675, 0.664704, -0.119375, -0.737508, 0.250625, 0.96558, 0.0695934, 0.703815, -0.231097, 0.671743)

[11]
    Time: 0.345000
    HumanoidRootPart.CFrame = CFrame.new(0, 0, 0, 1, 0, 0, 0, 1, 0, 0, 0, 1)
    Torso.CFrame = CFrame.new(-0.271834, -0.0522785, -0.24911, 0.895258, 0.284793, -0.342646, -0.397796, 0.857297, -0.326803, 0.200678, 0.428877, 0.880791)
    Left Leg.CFrame = CFrame.new(-0.994258, 0.383548, -0.137277, 0.981877, 0.0549875, -0.181366, -0.0427572, 0.996583, 0.070671, 0.184632, -0.0616356, 0.980873)
    Right Arm.CFrame = CFrame.new(0.625476, -0.563938, -0.588404, -0.606638, 0.0539811, 0.793144, 0.545344, -0.697679, 0.464591, 0.578439, 0.714374, 0.3938)
    Head.CFrame = CFrame.new(8.9407e-08, 6.4075e-07, 0, 0.83051, -0.492058, -0.261022, 0.545679, 0.812773, 0.204043, 0.111751, -0.311894, 0.943522)
    Left Arm.CFrame = CFrame.new(0.291172, 0.283652, 0.244696, 0.460936, -0.0938014, 0.882462, -0.743891, -0.583072, 0.326578, 0.483906, -0.806987, -0.338537)
    Right Leg.CFrame = CFrame.new(0.242794, 0.58741, 0.197718, 0.675241, -0.131983, -0.725693, 0.253676, 0.965398, 0.0604604, 0.692603, -0.224916, 0.685357)

[12]
    Time: 0.379167
    HumanoidRootPart.CFrame = CFrame.new(0, 0, 0, 1, 0, 0, 0, 1, 0, 0, 0, 1)
    Torso.CFrame = CFrame.new(-0.268184, -0.0864424, -0.296585, 0.896714, 0.258998, -0.35892, -0.390007, 0.845788, -0.364057, 0.20928, 0.466436, 0.859441)
    Left Leg.CFrame = CFrame.new(-1.11203, 0.49783, -0.146628, 0.990462, 0.00910153, -0.137487, -0.00498471, 0.99953, 0.0302593, 0.137698, -0.0292854, 0.990041)
    Right Arm.CFrame = CFrame.new(0.648087, -0.576255, -0.518251, -0.608492, 0.0862099, 0.788863, 0.540895, -0.682331, 0.491789, 0.580663, 0.725942, 0.368563)
    Head.CFrame = CFrame.new(-2.98023e-08, 5.51343e-07, -5.96046e-08, 0.83289, -0.480197, -0.275147, 0.541163, 0.810765, 0.223163, 0.115917, -0.334769, 0.935143)
    Left Arm.CFrame = CFrame.new(0.259593, 0.163329, 0.188772, 0.275156, -0.124411, 0.953316, -0.767831, -0.62516, 0.140034, 0.578554, -0.770517, -0.267543)
    Right Leg.CFrame = CFrame.new(0.301585, 0.68545, 0.248851, 0.691913, -0.120953, -0.711777, 0.241865, 0.967733, 0.0706664, 0.680263, -0.221049, 0.698842)

[13]
    Time: 0.413750
    HumanoidRootPart.CFrame = CFrame.new(0, 0, 0, 1, 0, 0, 0, 1, 0, 0, 0, 1)
    Torso.CFrame = CFrame.new(-0.266904, -0.109242, -0.352168, 0.898488, 0.231375, -0.373074, -0.378213, 0.839436, -0.390258, 0.222876, 0.491744, 0.841733)
    Left Leg.CFrame = CFrame.new(-1.19132, 0.592552, -0.143375, 0.993543, -0.0216078, -0.111384, 0.0193475, 0.999585, -0.0213329, 0.111799, 0.0190401, 0.993549)
    Right Arm.CFrame = CFrame.new(0.668366, -0.582987, -0.448861, -0.602936, 0.140842, 0.785259, 0.515711, -0.682186, 0.518328, 0.608695, 0.717486, 0.33868)
    Head.CFrame = CFrame.new(1.04308e-07, 3.42727e-07, -3.57628e-07, 0.838957, -0.464264, -0.283919, 0.530167, 0.81498, 0.233945, 0.122776, -0.346794, 0.929871)
    Left Arm.CFrame = CFrame.new(0.201894, 0.0550499, 0.121465, 0.122442, -0.15601, 0.980137, -0.750189, -0.661123, -0.0115161, 0.649788, -0.733878, -0.197986)
    Right Leg.CFrame = CFrame.new(0.370195, 0.795112, 0.293885, 0.710551, -0.0864754, -0.698312, 0.215544, 0.971461, 0.0990208, 0.669819, -0.220876, 0.708912)

[14]
    Time: 0.448333
    HumanoidRootPart.CFrame = CFrame.new(0, 0, 0, 1, 0, 0, 0, 1, 0, 0, 0, 1)
    Torso.CFrame = CFrame.new(-0.268946, -0.123858, -0.413126, 0.900821, 0.204025, -0.38327, -0.363514, 0.837118, -0.408768, 0.237444, 0.50755, 0.828259)
    Left Leg.CFrame = CFrame.new(-1.23606, 0.657471, -0.1372, 0.994226, -0.0335787, -0.101918, 0.0260575, 0.996899, -0.0742502, 0.104096, 0.0711657, 0.992018)
    Right Arm.CFrame = CFrame.new(0.677495, -0.584038, -0.385497, -0.585257, 0.200885, 0.78557, 0.484057, -0.69069, 0.537249, 0.65051, 0.694689, 0.306991)
    Head.CFrame = CFrame.new(7.45058e-08, 2.68221e-07, -2.38419e-07, 0.847108, -0.445984, -0.288975, 0.515322, 0.822213, 0.241679, 0.129813, -0.353643, 0.926329)
    Left Arm.CFrame = CFrame.new(0.154382, -0.0501416, 0.0449921, 0.0334958, -0.129046, 0.991073, -0.704568, -0.706356, -0.0681604, 0.708846, -0.695995, -0.114581)
    Right Leg.CFrame = CFrame.new(0.4429, 0.897596, 0.329692, 0.727515, -0.0374062, -0.685071, 0.177919, 0.97464, 0.135725, 0.662621, -0.22063, 0.715721)

[15]
    Time: 0.482917
    HumanoidRootPart.CFrame = CFrame.new(0, 0, 0, 1, 0, 0, 0, 1, 0, 0, 0, 1)
    Torso.CFrame = CFrame.new(-0.274584, -0.133253, -0.476972, 0.904225, 0.179284, -0.387602, -0.347033, 0.83743, -0.42223, 0.24889, 0.516302, 0.819443)
    Left Leg.CFrame = CFrame.new(-1.25443, 0.690832, -0.133042, 0.994365, -0.0298939, -0.101712, 0.0176503, 0.992712, -0.11921, 0.104535, 0.116744, 0.987646)
    Right Arm.CFrame = CFrame.new(0.667822, -0.585009, -0.326504, -0.563595, 0.232443, 0.792673, 0.478448, -0.690392, 0.542629, 0.673386, 0.685076, 0.277889)
    Head.CFrame = CFrame.new(0, 4.61936e-07, -3.57628e-07, 0.855757, -0.427395, -0.291571, 0.49957, 0.829174, 0.250799, 0.134573, -0.360283, 0.923085)
    Left Arm.CFrame = CFrame.new(0.146743, -0.169604, -0.043476, -0.00747709, -0.0392746, 0.999201, -0.659485, -0.750928, -0.0344509, 0.751681, -0.659215, -0.0202863)
    Right Leg.CFrame = CFrame.new(0.5164, 0.979128, 0.359781, 0.74066, 0.0190395, -0.671611, 0.130145, 0.976601, 0.171211, 0.659155, -0.214216, 0.720851)

[16]
    Time: 0.517083
    HumanoidRootPart.CFrame = CFrame.new(0, 0, 0, 1, 0, 0, 0, 1, 0, 0, 0, 1)
    Torso.CFrame = CFrame.new(-0.283291, -0.138042, -0.538158, 0.909203, 0.159986, -0.384389, -0.329439, 0.840985, -0.429203, 0.254599, 0.516865, 0.817331)
    Left Leg.CFrame = CFrame.new(-1.26669, 0.705734, -0.137202, 0.993985, -0.0293375, -0.105518, 0.0137859, 0.989307, -0.145195, 0.10865, 0.142867, 0.98376)
    Right Arm.CFrame = CFrame.new(0.638494, -0.592511, -0.270539, -0.551042, 0.216691, 0.805852, 0.516356, -0.670077, 0.533266, 0.655537, 0.709959, 0.257351)
    Head.CFrame = CFrame.new(1.93715e-07, 4.39584e-07, -2.38419e-07, 0.863177, -0.410341, -0.294187, 0.485562, 0.834363, 0.260899, 0.138401, -0.368048, 0.919449)
    Left Arm.CFrame = CFrame.new(0.180441, -0.28134, -0.136568, -0.0364469, 0.0830306, 0.99588, -0.639275, -0.767905, 0.0406274, 0.768114, -0.63516, 0.0810671)
    Right Leg.CFrame = CFrame.new(0.589356, 1.03193, 0.390473, 0.7475, 0.0819765, -0.659184, 0.0696752, 0.977206, 0.200536, 0.660597, -0.19583, 0.72475)

[17]
    Time: 0.551667
    HumanoidRootPart.CFrame = CFrame.new(0, 0, 0, 1, 0, 0, 0, 1, 0, 0, 0, 1)
    Torso.CFrame = CFrame.new(-0.294014, -0.13802, -0.588463, 0.915996, 0.148279, -0.37278, -0.310967, 0.849496, -0.426211, 0.253477, 0.50633, 0.824245)
    Left Leg.CFrame = CFrame.new(-1.28979, 0.717039, -0.151786, 0.992654, -0.0519931, -0.10925, 0.0358754, 0.988835, -0.144629, 0.11555, 0.139648, 0.983436)
    Right Arm.CFrame = CFrame.new(0.59788, -0.608125, -0.22342, -0.546818, 0.173999, 0.818972, 0.570115, -0.638971, 0.516415, 0.613155, 0.749293, 0.250202)
    Head.CFrame = CFrame.new(-1.49012e-08, 5.36442e-07, 0, 0.867563, -0.395582, -0.301411, 0.475093, 0.838413, 0.267116, 0.14704, -0.374938, 0.915314)
    Left Arm.CFrame = CFrame.new(0.230971, -0.355766, -0.211173, -0.0706955, 0.208624, 0.975437, -0.651679, -0.750003, 0.113178, 0.755193, -0.627671, 0.188978)
    Right Leg.CFrame = CFrame.new(0.65676, 1.04935, 0.427023, 0.743132, 0.151561, -0.651754, -0.00460517, 0.975147, 0.221513, 0.669129, -0.161612, 0.725361)

[18]
    Time: 0.586250
    HumanoidRootPart.CFrame = CFrame.new(0, 0, 0, 1, 0, 0, 0, 1, 0, 0, 0, 1)
    Torso.CFrame = CFrame.new(-0.310842, -0.139072, -0.622936, 0.92241, 0.139375, -0.360187, -0.293342, 0.859464, -0.418654, 0.251218, 0.491829, 0.833663)
    Left Leg.CFrame = CFrame.new(-1.31986, 0.729033, -0.169858, 0.989647, -0.0898525, -0.111915, 0.0754412, 0.989037, -0.126946, 0.122094, 0.117188, 0.985576)
    Right Arm.CFrame = CFrame.new(0.554247, -0.631558, -0.187824, -0.546781, 0.124192, 0.828014, 0.617876, -0.607528, 0.499138, 0.565031, 0.784529, 0.255449)
    Head.CFrame = CFrame.new(1.04308e-07, 4.84288e-07, -1.19209e-07, 0.870922, -0.383518, -0.307261, 0.467137, 0.840222, 0.275335, 0.152572, -0.383328, 0.910923)
    Left Arm.CFrame = CFrame.new(0.25857, -0.397128, -0.246584, -0.111115, 0.30386, 0.946215, -0.679056, -0.718398, 0.150958, 0.725629, -0.625759, 0.286163)
    Right Leg.CFrame = CFrame.new(0.707363, 1.04086, 0.465536, 0.724869, 0.216529, -0.653973, -0.0776811, 0.968955, 0.234716, 0.684493, -0.119337, 0.719186)

[19]
    Time: 0.620833
    HumanoidRootPart.CFrame = CFrame.new(0, 0, 0, 1, 0, 0, 0, 1, 0, 0, 0, 1)
    Torso.CFrame = CFrame.new(-0.338455, -0.145844, -0.638754, 0.925745, 0.127131, -0.356138, -0.278033, 0.867177, -0.413161, 0.256309, 0.481499, 0.838131)
    Left Leg.CFrame = CFrame.new(-1.34157, 0.727327, -0.18455, 0.986073, -0.117432, -0.117775, 0.104182, 0.988121, -0.112973, 0.129643, 0.0991294, 0.986593)
    Right Arm.CFrame = CFrame.new(0.51195, -0.662736, -0.160325, -0.55004, 0.0717521, 0.832051, 0.657997, -0.576306, 0.484677, 0.514292, 0.814078, 0.269778)
    Head.CFrame = CFrame.new(2.5332e-07, 3.94881e-07, -1.19209e-07, 0.877554, -0.374198, -0.299792, 0.457998, 0.839231, 0.293137, 0.141904, -0.394548, 0.907852)
    Left Arm.CFrame = CFrame.new(0.235866, -0.426432, -0.243263, -0.163055, 0.34985, 0.922506, -0.702599, -0.697603, 0.140372, 0.692652, -0.625264, 0.359552)
    Right Leg.CFrame = CFrame.new(0.739697, 1.02281, 0.495186, 0.698955, 0.267201, -0.663375, -0.132088, 0.959855, 0.247448, 0.702862, -0.0853313, 0.706189)

[20]
    Time: 0.655000
    HumanoidRootPart.CFrame = CFrame.new(0, 0, 0, 1, 0, 0, 0, 1, 0, 0, 0, 1)
    Torso.CFrame = CFrame.new(-0.371046, -0.157419, -0.635489, 0.92766, 0.112641, -0.356032, -0.264006, 0.872117, -0.411962, 0.264097, 0.476155, 0.838766)
    Left Leg.CFrame = CFrame.new(-1.35213, 0.710972, -0.19623, 0.983687, -0.128299, -0.12609, 0.115554, 0.987874, -0.10369, 0.137864, 0.0874287, 0.986585)
    Right Arm.CFrame = CFrame.new(0.474404, -0.699803, -0.138463, -0.556387, 0.0207791, 0.830664, 0.688633, -0.547904, 0.474959, 0.464993, 0.836283, 0.290537)
    Head.CFrame = CFrame.new(3.42727e-07, 4.24683e-07, 1.19209e-07, 0.887401, -0.365856, -0.28048, 0.445485, 0.837064, 0.317595, 0.118586, -0.406784, 0.905795)
    Left Arm.CFrame = CFrame.new(0.17366, -0.450023, -0.224896, -0.221882, 0.362605, 0.905144, -0.727726, -0.679425, 0.0937898, 0.648986, -0.637887, 0.414629)
    Right Leg.CFrame = CFrame.new(0.760139, 0.993176, 0.516579, 0.674183, 0.302263, -0.67388, -0.169123, 0.951356, 0.257525, 0.71894, -0.0596505, 0.692508)

[21]
    Time: 0.689583
    HumanoidRootPart.CFrame = CFrame.new(0, 0, 0, 1, 0, 0, 0, 1, 0, 0, 0, 1)
    Torso.CFrame = CFrame.new(-0.39631, -0.171077, -0.61366, 0.932231, 0.0992438, -0.347989, -0.248852, 0.873986, -0.417398, 0.262714, 0.475709, 0.839454)
    Left Leg.CFrame = CFrame.new(-1.3571, 0.695365, -0.209881, 0.98307, -0.126396, -0.132654, 0.115662, 0.98958, -0.085751, 0.14211, 0.0689562, 0.987446)
    Right Arm.CFrame = CFrame.new(0.445325, -0.738871, -0.120228, -0.566797, -0.0255457, 0.823462, 0.70868, -0.524835, 0.471509, 0.420137, 0.85082, 0.315579)
    Head.CFrame = CFrame.new(1.93715e-07, 2.38419e-07, 0, 0.898634, -0.35473, -0.258115, 0.428567, 0.835573, 0.343728, 0.0937432, -0.419505, 0.9029)
    Left Arm.CFrame = CFrame.new(0.101249, -0.46396, -0.214806, -0.272578, 0.372546, 0.88708, -0.768377, -0.63918, 0.0323324, 0.579049, -0.672799, 0.460482)
    Right Leg.CFrame = CFrame.new(0.774505, 0.940693, 0.539435, 0.657626, 0.320821, -0.681617, -0.198773, 0.946619, 0.253775, 0.726648, -0.0314019, 0.686292)

[22]
    Time: 0.724167
    HumanoidRootPart.CFrame = CFrame.new(0, 0, 0, 1, 0, 0, 0, 1, 0, 0, 0, 1)
    Torso.CFrame = CFrame.new(-0.404178, -0.18783, -0.577394, 0.941967, 0.0879775, -0.323972, -0.231047, 0.870024, -0.435518, 0.243548, 0.485097, 0.839861)
    Left Leg.CFrame = CFrame.new(-1.35875, 0.700159, -0.229729, 0.984923, -0.109736, -0.133733, 0.104091, 0.993384, -0.0485181, 0.138172, 0.0338663, 0.989829)
    Right Arm.CFrame = CFrame.new(0.420158, -0.750804, -0.0687782, -0.578229, -0.10373, 0.809253, 0.750213, -0.457452, 0.477408, 0.320673, 0.883163, 0.342332)
    Head.CFrame = CFrame.new(1.49012e-07, 3.50177e-07, -1.19209e-07, 0.912351, -0.332188, -0.239305, 0.402608, 0.834069, 0.377142, 0.0743146, -0.440431, 0.894705)
    Left Arm.CFrame = CFrame.new(0.0337712, -0.456805, -0.218661, -0.301584, 0.402702, 0.864221, -0.834684, -0.549604, -0.0351768, 0.460814, -0.73196, 0.501881)
    Right Leg.CFrame = CFrame.new(0.787149, 0.862335, 0.570579, 0.655423, 0.318532, -0.684805, -0.226089, 0.947881, 0.224511, 0.720628, 0.00767663, 0.69328)

[23]
    Time: 0.758750
    HumanoidRootPart.CFrame = CFrame.new(0, 0, 0, 1, 0, 0, 0, 1, 0, 0, 0, 1)
    Torso.CFrame = CFrame.new(-0.395387, -0.209217, -0.531996, 0.955205, 0.077393, -0.285647, -0.209632, 0.858243, -0.46848, 0.208897, 0.507375, 0.836022)
    Left Leg.CFrame = CFrame.new(-1.35484, 0.730655, -0.25721, 0.988885, -0.0745001, -0.128671, 0.0760348, 0.99708, 0.00705082, 0.12777, -0.0167559, 0.991662)
    Right Arm.CFrame = CFrame.new(0.381413, -0.687667, 0.0315051, -0.561299, -0.254664, 0.787458, 0.821218, -0.289435, 0.49176, 0.102685, 0.922699, 0.371594)
    Head.CFrame = CFrame.new(1.49012e-07, 2.75671e-07, 2.38419e-07, 0.931276, -0.289257, -0.221485, 0.359248, 0.830167, 0.426337, 0.0605487, -0.476605, 0.87703)
    Left Arm.CFrame = CFrame.new(-0.0310175, -0.420384, -0.22353, -0.299823, 0.464165, 0.833461, -0.912021, -0.395754, -0.107683, 0.279863, -0.79242, 0.541985)
    Right Leg.CFrame = CFrame.new(0.798374, 0.766123, 0.606151, 0.667888, 0.293276, -0.684044, -0.247014, 0.954341, 0.167982, 0.702075, 0.0567755, 0.709836)

[24]
    Time: 0.792917
    HumanoidRootPart.CFrame = CFrame.new(0, 0, 0, 1, 0, 0, 0, 1, 0, 0, 0, 1)
    Torso.CFrame = CFrame.new(-0.37713, -0.228045, -0.475549, 0.968705, 0.0657568, -0.239347, -0.182558, 0.842081, -0.507516, 0.168177, 0.535328, 0.827732)
    Left Leg.CFrame = CFrame.new(-1.34458, 0.768034, -0.292467, 0.992374, -0.0224491, -0.121206, 0.031276, 0.996956, 0.0714229, 0.119233, -0.0746691, 0.990055)
    Right Arm.CFrame = CFrame.new(0.329129, -0.547391, 0.117559, -0.48477, -0.43484, 0.758889, 0.858865, -0.0726077, 0.507029, -0.165375, 0.897576, 0.408667)
    Head.CFrame = CFrame.new(7.45058e-08, 4.65661e-07, -5.96046e-08, 0.954767, -0.224503, -0.194983, 0.292773, 0.824405, 0.484397, 0.051997, -0.519572, 0.852843)
    Left Arm.CFrame = CFrame.new(-0.094972, -0.367584, -0.219502, -0.255369, 0.554138, 0.792287, -0.965202, -0.19385, -0.175521, 0.0563221, -0.809539, 0.584358)
    Right Leg.CFrame = CFrame.new(0.806378, 0.657779, 0.636409, 0.688765, 0.25039, -0.680373, -0.255967, 0.962015, 0.0949157, 0.678295, 0.108778, 0.726694)

[25]
    Time: 0.827500
    HumanoidRootPart.CFrame = CFrame.new(0, 0, 0, 1, 0, 0, 0, 1, 0, 0, 0, 1)
    Torso.CFrame = CFrame.new(-0.358289, -0.233266, -0.401198, 0.980277, 0.0498647, -0.191234, -0.147468, 0.828755, -0.539831, 0.131568, 0.557385, 0.819763)
    Left Leg.CFrame = CFrame.new(-1.32922, 0.78431, -0.333163, 0.991958, 0.0421983, -0.119326, -0.0259798, 0.990594, 0.134344, 0.123873, -0.130163, 0.983724)
    Right Arm.CFrame = CFrame.new(0.278916, -0.375393, 0.149956, -0.359814, -0.588366, 0.724127, 0.850769, 0.111731, 0.513525, -0.383048, 0.800838, 0.460362)
    Head.CFrame = CFrame.new(9.49949e-08, 5.43892e-07, -1.19209e-07, 0.978739, -0.140374, -0.14955, 0.199563, 0.82014, 0.536233, 0.047379, -0.554677, 0.830716)
    Left Arm.CFrame = CFrame.new(-0.15783, -0.319929, -0.20981, -0.158775, 0.653643, 0.73996, -0.974697, 0.0156642, -0.222981, -0.157341, -0.756641, 0.634617)
    Right Leg.CFrame = CFrame.new(0.803454, 0.53898, 0.651419, 0.708423, 0.197853, -0.677489, -0.250558, 0.967881, 0.0206606, 0.659816, 0.155114, 0.735243)

[26]
    Time: 0.862083
    HumanoidRootPart.CFrame = CFrame.new(0, 0, 0, 1, 0, 0, 0, 1, 0, 0, 0, 1)
    Torso.CFrame = CFrame.new(-0.347561, -0.216299, -0.3027, 0.988927, 0.0250466, -0.146277, -0.102845, 0.82626, -0.553821, 0.106992, 0.562732, 0.819687)
    Left Leg.CFrame = CFrame.new(-1.30733, 0.752537, -0.373087, 0.984335, 0.115726, -0.133012, -0.0895685, 0.978055, 0.188111, 0.151863, -0.173251, 0.973099)
    Right Arm.CFrame = CFrame.new(0.239808, -0.216169, 0.137497, -0.183287, -0.708498, 0.681496, 0.822616, 0.269026, 0.500926, -0.538246, 0.652423, 0.533513)
    Head.CFrame = CFrame.new(1.08033e-07, 2.49594e-07, 0, 0.996089, -0.0410449, -0.0782484, 0.0782578, 0.820981, 0.565566, 0.0410269, -0.569478, 0.820982)
    Left Arm.CFrame = CFrame.new(-0.216748, -0.295754, -0.205966, -0.0188404, 0.736853, 0.675791, -0.953925, 0.189193, -0.232882, -0.299454, -0.649041, 0.699338)
    Right Leg.CFrame = CFrame.new(0.79411, 0.434823, 0.635624, 0.725704, 0.148646, -0.671757, -0.226633, 0.973536, -0.0294098, 0.649608, 0.173585, 0.740188)

[27]
    Time: 0.896667
    HumanoidRootPart.CFrame = CFrame.new(0, 0, 0, 1, 0, 0, 0, 1, 0, 0, 0, 1)
    Torso.CFrame = CFrame.new(-0.346888, -0.177956, -0.185867, 0.994256, -0.00773033, -0.106745, -0.0517738, 0.838178, -0.542934, 0.0936687, 0.545342, 0.832963)
    Left Leg.CFrame = CFrame.new(-1.27883, 0.67206, -0.375783, 0.975121, 0.171381, -0.140599, -0.139553, 0.9674, 0.211336, 0.172234, -0.186457, 0.967248)
    Right Arm.CFrame = CFrame.new(0.212769, -0.110677, 0.103665, 0.119579, -0.763323, 0.634854, 0.748916, 0.489143, 0.447062, -0.651787, 0.421993, 0.630156)
    Head.CFrame = CFrame.new(1.04308e-07, 5.54137e-07, 1.19209e-07, 0.997859, 0.0635845, 0.0152914, -0.0612732, 0.827295, 0.558416, 0.0228562, -0.558158, 0.82942)
    Left Arm.CFrame = CFrame.new(-0.224593, -0.317788, -0.238073, 0.203741, 0.867532, 0.453738, -0.944892, 0.295554, -0.140808, -0.25626, -0.400045, 0.87994)
    Right Leg.CFrame = CFrame.new(0.796988, 0.368854, 0.585399, 0.7512, 0.120062, -0.649063, -0.186488, 0.981861, -0.0342115, 0.633183, 0.146742, 0.759965)

[28]
    Time: 0.930833
    HumanoidRootPart.CFrame = CFrame.new(0, 0, 0, 1, 0, 0, 0, 1, 0, 0, 0, 1)
    Torso.CFrame = CFrame.new(-0.353237, -0.12284, -0.063385, 0.996334, -0.0433726, -0.0737382, 0.000616731, 0.865568, -0.500791, 0.0855461, 0.49891, 0.862421)
    Left Leg.CFrame = CFrame.new(-1.24406, 0.556567, -0.317769, 0.978885, 0.173363, -0.108302, -0.15125, 0.970694, 0.186752, 0.137504, -0.166428, 0.976419)
    Right Arm.CFrame = CFrame.new(0.136111, -0.0950179, 0.116698, 0.391552, -0.728187, 0.562521, 0.670911, 0.644313, 0.367069, -0.629735, 0.233675, 0.740831)
    Head.CFrame = CFrame.new(3.93484e-08, 4.4331e-07, -1.78814e-07, 0.979646, 0.160964, 0.119937, -0.199744, 0.840945, 0.502905, -0.0199106, -0.516625, 0.85598)
    Left Arm.CFrame = CFrame.new(-0.143962, -0.391392, -0.263648, 0.380423, 0.923124, -0.055863, -0.92173, 0.383391, 0.0585258, 0.0754439, 0.0292259, 0.996722)
    Right Leg.CFrame = CFrame.new(0.812274, 0.318671, 0.507537, 0.792175, 0.124292, -0.597503, -0.147061, 0.989069, 0.0107703, 0.59231, 0.0793371, 0.801795)

[29]
    Time: 0.965417
    HumanoidRootPart.CFrame = CFrame.new(0, 0, 0, 1, 0, 0, 0, 1, 0, 0, 0, 1)
    Torso.CFrame = CFrame.new(-0.358005, -0.0643004, 0.0383384, 0.995876, -0.076669, -0.0485097, 0.0481928, 0.900041, -0.433133, 0.0768686, 0.429009, 0.900024)
    Left Leg.CFrame = CFrame.new(-1.18373, 0.434858, -0.219539, 0.992104, 0.12378, -0.0202052, -0.120098, 0.984036, 0.131339, 0.0361398, -0.127876, 0.991132)
    Right Arm.CFrame = CFrame.new(-0.0512339, -0.113062, 0.170871, 0.41271, -0.794513, 0.445444, 0.756089, 0.57153, 0.318879, -0.507938, 0.20519, 0.836598)
    Head.CFrame = CFrame.new(6.89179e-08, 5.60656e-07, 1.19209e-07, 0.944907, 0.238395, 0.224317, -0.312922, 0.858981, 0.405254, -0.0960732, -0.453121, 0.886257)
    Left Arm.CFrame = CFrame.new(-0.068827, -0.46546, -0.231013, 0.317164, 0.811008, -0.491602, -0.864731, 0.460156, 0.201239, 0.38942, 0.361278, 0.847249)
    Right Leg.CFrame = CFrame.new(0.82083, 0.267965, 0.410159, 0.85141, 0.149482, -0.502749, -0.120441, 0.988634, 0.0899807, 0.510486, -0.0160588, 0.859737)

[30]
    Time: 1.000000
    HumanoidRootPart.CFrame = CFrame.new(0, 0, 0, 1, 0, 0, 0, 1, 0, 0, 0, 1)
    Torso.CFrame = CFrame.new(-0.351768, -0.0235858, 0.0944073, 0.994247, -0.103253, -0.0284755, 0.0859284, 0.927653, -0.363424, 0.0639399, 0.358886, 0.931189)
    Left Leg.CFrame = CFrame.new(-1.08123, 0.351891, -0.105735, 0.990844, 0.0564462, 0.122644, -0.0659625, 0.995002, 0.0749681, -0.1178, -0.0823716, 0.989615)
    Right Arm.CFrame = CFrame.new(-0.0898589, -0.11419, 0.153901, 0.551218, -0.778757, 0.299493, 0.6858, 0.627322, 0.368978, -0.475223, 0.00200497, 0.879863)
    Head.CFrame = CFrame.new(1.52737e-07, 6.18398e-07, 1.19209e-07, 0.902831, 0.286129, 0.320978, -0.382635, 0.875161, 0.296114, -0.196181, -0.390158, 0.899605)
    Left Arm.CFrame = CFrame.new(-0.0569906, -0.52597, -0.193587, 0.138476, 0.71041, -0.690031, -0.865791, 0.425135, 0.263944, 0.480865, 0.560872, 0.673937)
    Right Leg.CFrame = CFrame.new(0.798652, 0.221076, 0.30161, 0.921596, 0.156967, -0.354996, -0.100745, 0.979973, 0.171769, 0.374848, -0.122537, 0.918952)

[31]
    Time: 1.034583
    HumanoidRootPart.CFrame = CFrame.new(0, 0, 0, 1, 0, 0, 0, 1, 0, 0, 0, 1)
    Torso.CFrame = CFrame.new(-0.334934, -0.00187582, 0.102916, 0.991757, -0.127852, -0.0084804, 0.119074, 0.94406, -0.307526, 0.0473238, 0.303981, 0.951502)
    Left Leg.CFrame = CFrame.new(-0.942622, 0.324991, -0.00449502, 0.959499, 0.0123895, 0.281439, -0.0236699, 0.999045, 0.0367164, -0.280716, -0.041891, 0.958876)
    Right Arm.CFrame = CFrame.new(-0.0547509, -0.0860279, 0.169356, 0.711248, -0.690207, 0.133193, 0.532234, 0.652543, 0.539365, -0.459187, -0.312733, 0.831472)
    Head.CFrame = CFrame.new(7.82311e-08, 5.25266e-07, 1.19209e-07, 0.857254, 0.315771, 0.4067, -0.41996, 0.885804, 0.197445, -0.297909, -0.340058, 0.89197)
    Left Arm.CFrame = CFrame.new(-0.0962963, -0.590789, -0.172573, -0.0915586, 0.612685, -0.785006, -0.909405, 0.26973, 0.316589, 0.405709, 0.742874, 0.532483)
    Right Leg.CFrame = CFrame.new(0.718649, 0.17975, 0.19706, 0.980155, 0.113652, -0.162415, -0.0737396, 0.969567, 0.233456, 0.184005, -0.216847, 0.958707)

[32]
    Time: 1.069167
    HumanoidRootPart.CFrame = CFrame.new(0, 0, 0, 1, 0, 0, 0, 1, 0, 0, 0, 1)
    Torso.CFrame = CFrame.new(-0.313993, 0.0120726, 0.0710683, 0.987186, -0.159124, 0.0119942, 0.156422, 0.950076, -0.269977, 0.0315643, 0.268394, 0.962792)
    Left Leg.CFrame = CFrame.new(-0.795153, 0.34292, 0.0522311, 0.913373, 0.0144371, 0.406868, -0.0225959, 0.999628, 0.0152548, -0.406496, -0.0231269, 0.91336)
    Right Arm.CFrame = CFrame.new(-0.00261398, 0.00187784, 0.245012, 0.842469, -0.535046, -0.0630178, 0.390624, 0.526095, 0.755405, -0.371023, -0.661022, 0.652221)
    Head.CFrame = CFrame.new(7.07805e-08, 7.15256e-07, 5.96046e-07, 0.809021, 0.346903, 0.474492, -0.447626, 0.886814, 0.11486, -0.380941, -0.305319, 0.872734)
    Left Arm.CFrame = CFrame.new(-0.180297, -0.652796, -0.196043, -0.312767, 0.473826, -0.823204, -0.927262, 0.0354853, 0.372728, 0.20582, 0.879903, 0.428263)
    Right Leg.CFrame = CFrame.new(0.559746, 0.156574, 0.139295, 0.999222, 0.0114463, 0.037752, -0.0211696, 0.963101, 0.268306, -0.0332879, -0.268896, 0.962594)

[33]
    Time: 1.103333
    HumanoidRootPart.CFrame = CFrame.new(0, 0, 0, 1, 0, 0, 0, 1, 0, 0, 0, 1)
    Torso.CFrame = CFrame.new(-0.295092, 0.0326563, -0.02792, 0.978867, -0.202098, 0.0312542, 0.20357, 0.948395, -0.243119, 0.0194926, 0.244344, 0.969493)
    Left Leg.CFrame = CFrame.new(-0.687641, 0.393602, 0.0604899, 0.877971, 0.0407501, 0.476976, -0.050734, 0.99868, 0.0080648, -0.476018, -0.0312796, 0.878879)
    Right Arm.CFrame = CFrame.new(0.0105115, 0.173254, 0.338665, 0.900208, -0.339343, -0.272895, 0.365792, 0.249258, 0.896698, -0.236267, -0.907037, 0.348513)
    Head.CFrame = CFrame.new(1.00583e-07, 5.36442e-07, 3.57628e-07, 0.76529, 0.387038, 0.514328, -0.473902, 0.879513, 0.0432946, -0.435602, -0.276874, 0.8565)
    Left Arm.CFrame = CFrame.new(-0.286915, -0.695902, -0.275785, -0.475745, 0.294562, -0.828794, -0.878155, -0.212746, 0.428467, -0.0501129, 0.93165, 0.359883)
    Right Leg.CFrame = CFrame.new(0.586319, 0.18367, 0.106804, 0.980186, 0.0294732, 0.195873, -0.085133, 0.95556, 0.282238, -0.17885, -0.293321, 0.939136)

[34]
    Time: 1.137917
    HumanoidRootPart.CFrame = CFrame.new(0, 0, 0, 1, 0, 0, 0, 1, 0, 0, 0, 1)
    Torso.CFrame = CFrame.new(-0.277911, 0.0572172, -0.12781, 0.96737, -0.248212, 0.0508494, 0.253262, 0.94151, -0.2223, 0.00730238, 0.227924, 0.973651)
    Left Leg.CFrame = CFrame.new(-0.583651, 0.402763, 0.0192333, 0.856593, 0.101982, 0.505815, -0.123038, 0.992367, 0.00828374, -0.50111, -0.0693303, 0.862602)
    Right Arm.CFrame = CFrame.new(-0.0501756, 0.367959, 0.373518, 0.873769, -0.185668, -0.449505, 0.445043, -0.0674689, 0.892964, -0.196123, -0.980294, 0.0236784)
    Head.CFrame = CFrame.new(1.43424e-07, 4.24683e-07, -1.78814e-07, 0.742015, 0.430731, 0.513697, -0.496922, 0.86774, -0.00980983, -0.449981, -0.247988, 0.857915)
    Left Arm.CFrame = CFrame.new(-0.383241, -0.714698, -0.39541, -0.560514, 0.110412, -0.820752, -0.777106, -0.412673, 0.475192, -0.286235, 0.904163, 0.317111)
    Right Leg.CFrame = CFrame.new(0.680362, 0.200253, 0.0714058, 0.953678, 0.102992, 0.28265, -0.182686, 0.944757, 0.272141, -0.239007, -0.311171, 0.919809)

[35]
    Time: 1.172500
    HumanoidRootPart.CFrame = CFrame.new(0, 0, 0, 1, 0, 0, 0, 1, 0, 0, 0, 1)
    Torso.CFrame = CFrame.new(-0.260444, 0.0741571, -0.185024, 0.954744, -0.288592, 0.0719648, 0.297368, 0.931071, -0.211375, -0.0060034, 0.223209, 0.974752)
    Left Leg.CFrame = CFrame.new(-0.488396, 0.366361, -0.0444657, 0.841646, 0.180956, 0.508808, -0.216393, 0.976247, 0.0107478, -0.494778, -0.119149, 0.860813)
    Right Arm.CFrame = CFrame.new(-0.146107, 0.493691, 0.351636, 0.819756, -0.0847064, -0.566414, 0.515471, -0.321861, 0.794163, -0.249577, -0.94299, -0.220184)
    Head.CFrame = CFrame.new(3.1665e-08, 4.5076e-07, -4.17233e-07, 0.737841, 0.46989, 0.484555, -0.518795, 0.854044, -0.0382168, -0.431789, -0.223187, 0.873926)
    Left Arm.CFrame = CFrame.new(-0.445045, -0.721104, -0.530206, -0.582359, -0.0324097, -0.812285, -0.667833, -0.550665, 0.500767, -0.463527, 0.834097, 0.29904)
    Right Leg.CFrame = CFrame.new(0.74969, 0.19203, 0.0656852, 0.941553, 0.171895, 0.289707, -0.247711, 0.936124, 0.249623, -0.228293, -0.306797, 0.92399)

[36]
    Time: 1.207083
    HumanoidRootPart.CFrame = CFrame.new(0, 0, 0, 1, 0, 0, 0, 1, 0, 0, 0, 1)
    Torso.CFrame = CFrame.new(-0.24171, 0.0859017, -0.201255, 0.943462, -0.317461, 0.095382, 0.330654, 0.92162, -0.203187, -0.0234021, 0.223237, 0.974483)
    Left Leg.CFrame = CFrame.new(-0.458883, 0.350556, -0.0828655, 0.840075, 0.221831, 0.49504, -0.268483, 0.962983, 0.0240934, -0.47137, -0.15315, 0.868536)
    Right Arm.CFrame = CFrame.new(-0.228779, 0.543214, 0.311141, 0.772152, 0.000179194, -0.635438, 0.55508, -0.486945, 0.674367, -0.309303, -0.873433, -0.376095)
    Head.CFrame = CFrame.new(8.56817e-08, 3.94881e-07, -5.96046e-08, 0.743898, 0.498672, 0.444907, -0.534261, 0.843697, -0.0523543, -0.401474, -0.19875, 0.894045)
    Left Arm.CFrame = CFrame.new(-0.474422, -0.726293, -0.662706, -0.576963, -0.119006, -0.808054, -0.57107, -0.648539, 0.503266, -0.583946, 0.751821, 0.306223)
    Right Leg.CFrame = CFrame.new(0.806664, 0.15639, 0.0761834, 0.936502, 0.231225, 0.263626, -0.292365, 0.92996, 0.222931, -0.193615, -0.285851, 0.938511)

[37]
    Time: 1.241250
    HumanoidRootPart.CFrame = CFrame.new(0, 0, 0, 1, 0, 0, 0, 1, 0, 0, 0, 1)
    Torso.CFrame = CFrame.new(-0.221557, 0.0888725, -0.19344, 0.935617, -0.330879, 0.123048, 0.349992, 0.914962, -0.200872, -0.0461205, 0.231005, 0.971859)
    Left Leg.CFrame = CFrame.new(-0.47156, 0.367807, -0.0917169, 0.844353, 0.23366, 0.482153, -0.288907, 0.956416, 0.0424403, -0.451222, -0.175132, 0.875059)
    Right Arm.CFrame = CFrame.new(-0.268863, 0.542014, 0.269703, 0.731529, 0.046118, -0.680249, 0.569833, -0.589184, 0.572846, -0.374373, -0.806682, -0.457285)
    Head.CFrame = CFrame.new(1.08033e-07, 3.98606e-07, 1.19209e-07, 0.759103, 0.514126, 0.399296, -0.542321, 0.838744, -0.048941, -0.360069, -0.179395, 0.915515)
    Left Arm.CFrame = CFrame.new(-0.476644, -0.73078, -0.770851, -0.573669, -0.150596, -0.805124, -0.49767, -0.716625, 0.488644, -0.65056, 0.681006, 0.336158)
    Right Leg.CFrame = CFrame.new(0.85138, 0.106, 0.076171, 0.932825, 0.260515, 0.248936, -0.312283, 0.929166, 0.197813, -0.179769, -0.262263, 0.948104)

[38]
    Time: 1.275833
    HumanoidRootPart.CFrame = CFrame.new(0, 0, 0, 1, 0, 0, 0, 1, 0, 0, 0, 1)
    Torso.CFrame = CFrame.new(-0.213735, 0.0863611, -0.177042, 0.932247, -0.335719, 0.13494, 0.357515, 0.912071, -0.200771, -0.0556725, 0.235411, 0.9703)
    Left Leg.CFrame = CFrame.new(-0.470491, 0.359673, -0.0957567, 0.84451, 0.243334, 0.477065, -0.302326, 0.951911, 0.0496462, -0.442043, -0.186156, 0.877465)
    Right Arm.CFrame = CFrame.new(-0.282264, 0.518173, 0.23146, 0.701628, 0.0669799, -0.709388, 0.572663, -0.645422, 0.505458, -0.423999, -0.760884, -0.491203)
    Head.CFrame = CFrame.new(6.70552e-08, 4.00469e-07, -5.96046e-08, 0.771537, 0.518688, 0.368365, -0.543228, 0.83849, -0.042876, -0.33111, -0.167026, 0.928692)
    Left Arm.CFrame = CFrame.new(-0.471547, -0.731052, -0.847836, -0.572533, -0.157537, -0.804605, -0.453377, -0.756837, 0.470794, -0.683122, 0.634334, 0.361891)
    Right Leg.CFrame = CFrame.new(0.882457, 0.068276, 0.0706049, 0.929406, 0.277676, 0.243107, -0.325927, 0.926575, 0.187697, -0.173138, -0.253682, 0.951666)

[39]
    Time: 1.310417
    HumanoidRootPart.CFrame = CFrame.new(0, 0, 0, 1, 0, 0, 0, 1, 0, 0, 0, 1)
