[1]
    Time: 0.000000
    HumanoidRootPart.CFrame = CFrame.new(0, 0, 0, 1, 0, 0, 0, 1, 0, 0, 0, 1)
    Torso.CFrame = CFrame.new(0.00403935, 0.00586341, -0.220448, 0.995679, -0.0927, 0.00550642, 0.0926452, 0.987527, -0.127306, 0.00636357, 0.127266, 0.991848)
    Head.CFrame = CFrame.new(1.09896e-07, 2.23517e-08, 0.016662, 0.996518, 0.0831609, 0.00599358, -0.0832259, 0.987822, 0.131455, 0.00501137, -0.131496, 0.991304)
    Left Leg.CFrame = CFrame.new(-0.274505, 0.255029, 0.0109639, 0.888838, 0.194443, 0.414921, -0.189055, 0.980454, -0.0544763, -0.417404, -0.0300224, 0.908225)
    Right Arm.CFrame = CFrame.new(-0.138923, -0.255638, -0.00637197, 0.990724, 0.0911187, 0.100809, -0.105369, 0.983583, 0.146499, -0.085805, -0.155762, 0.984061)
    Right Leg.CFrame = CFrame.new(0.606318, 0.328045, 0.00772339, 0.982786, -0.149599, -0.108402, 0.16576, 0.973125, 0.159847, 0.0815755, -0.175064, 0.981172)
    Left Arm.CFrame = CFrame.new(-0.0235265, -0.331031, -0.0066421, 0.992243, -0.118128, 0.0387201, 0.116303, 0.992128, 0.0464227, -0.0438991, -0.0415594, 0.998171)

[2]
    Time: 0.016667
    HumanoidRootPart.CFrame = CFrame.new(0, 0, 0, 1, 0, 0, 0, 1, 0, 0, 0, 1)
    Torso.CFrame = CFrame.new(0.00398759, 0.00656807, -0.220292, 0.995621, -0.0933207, 0.0054427, 0.0932624, 0.987662, -0.1258, 0.00636424, 0.125757, 0.992041)
    Head.CFrame = CFrame.new(9.45292e-08, -1.11759e-07, 0.0166621, 0.996466, 0.0837787, 0.00599683, -0.0838463, 0.987969, 0.129947, 0.00496211, -0.129991, 0.991503)
    Left Leg.CFrame = CFrame.new(-0.275318, 0.254798, 0.010851, 0.889446, 0.192663, 0.414446, -0.187456, 0.980807, -0.053647, -0.416828, -0.029974, 0.908491)
    Right Arm.CFrame = CFrame.new(-0.138923, -0.255637, -0.00637174, 0.990725, 0.0911187, 0.100809, -0.105369, 0.983583, 0.146499, -0.085805, -0.155762, 0.984061)
    Right Leg.CFrame = CFrame.new(0.606281, 0.327127, 0.00797725, 0.983055, -0.147555, -0.10877, 0.163815, 0.973427, 0.160014, 0.0822686, -0.17512, 0.981104)
    Left Arm.CFrame = CFrame.new(-0.0235267, -0.331032, -0.00664186, 0.992243, -0.118128, 0.03872, 0.116303, 0.992128, 0.0464227, -0.0438991, -0.0415594, 0.998171)

[3]
    Time: 0.033333
    HumanoidRootPart.CFrame = CFrame.new(0, 0, 0, 1, 0, 0, 0, 1, 0, 0, 0, 1)
    Torso.CFrame = CFrame.new(0.00391881, 0.00693703, -0.220139, 0.995563, -0.0939476, 0.00535801, 0.0938834, 0.987793, -0.1243, 0.00638508, 0.124252, 0.99223)
    Head.CFrame = CFrame.new(1.03377e-07, 1.49012e-08, 0.0166623, 0.996414, 0.0844001, 0.00602031, -0.084473, 0.988113, 0.128442, 0.00489182, -0.12849, 0.991699)
    Left Leg.CFrame = CFrame.new(-0.276304, 0.254648, 0.010796, 0.89011, 0.190626, 0.413964, -0.185609, 0.981207, -0.0527377, -0.416238, -0.0298931, 0.908764)
    Right Arm.CFrame = CFrame.new(-0.138923, -0.255637, -0.00637174, 0.990724, 0.0911187, 0.100809, -0.105369, 0.983583, 0.146499, -0.085805, -0.155762, 0.984061)
    Right Leg.CFrame = CFrame.new(0.606455, 0.326276, 0.00824264, 0.98336, -0.145225, -0.109145, 0.16159, 0.973768, 0.160203, 0.0830161, -0.175174, 0.981031)
    Left Arm.CFrame = CFrame.new(-0.0235266, -0.331031, -0.00664198, 0.992243, -0.118128, 0.0387201, 0.116303, 0.992128, 0.0464227, -0.0438992, -0.0415594, 0.998171)

[4]
    Time: 0.050000
    HumanoidRootPart.CFrame = CFrame.new(0, 0, 0, 1, 0, 0, 0, 1, 0, 0, 0, 1)
    Torso.CFrame = CFrame.new(0.00383359, 0.00698162, -0.219987, 0.995503, -0.09458, 0.00525309, 0.0945076, 0.987921, -0.122806, 0.00642535, 0.12275, 0.992417)
    Head.CFrame = CFrame.new(1.08266e-07, -2.23517e-08, 0.0166622, 0.99636, 0.0850247, 0.00606324, -0.0851053, 0.988252, 0.126942, 0.00480122, -0.126996, 0.991892)
    Left Leg.CFrame = CFrame.new(-0.277455, 0.25457, 0.010796, 0.890822, 0.188342, 0.413476, -0.183525, 0.981652, -0.0517523, -0.415637, -0.029781, 0.909043)
    Right Arm.CFrame = CFrame.new(-0.138923, -0.255637, -0.00637186, 0.990724, 0.0911187, 0.100809, -0.105369, 0.983583, 0.146499, -0.0858051, -0.155762, 0.984061)
    Right Leg.CFrame = CFrame.new(0.606831, 0.325483, 0.00851858, 0.983699, -0.142621, -0.109526, 0.159096, 0.974143, 0.160415, 0.0838151, -0.175226, 0.980954)
    Left Arm.CFrame = CFrame.new(-0.0235265, -0.331031, -0.00664192, 0.992243, -0.118128, 0.0387201, 0.116303, 0.992128, 0.0464226, -0.0438992, -0.0415594, 0.998171)

[5]
    Time: 0.066667
    HumanoidRootPart.CFrame = CFrame.new(0, 0, 0, 1, 0, 0, 0, 1, 0, 0, 0, 1)
    Torso.CFrame = CFrame.new(0.00373253, 0.00671309, -0.219838, 0.995443, -0.0952175, 0.00512867, 0.0951348, 0.988044, -0.121319, 0.00648431, 0.121254, 0.9926)
    Head.CFrame = CFrame.new(7.45058e-08, -7.45058e-09, 0.016662, 0.996306, 0.0856522, 0.00612482, -0.0857426, 0.988388, 0.125447, 0.00469103, -0.125508, 0.992082)
    Left Leg.CFrame = CFrame.new(-0.278764, 0.254561, 0.0108466, 0.891581, 0.185821, 0.412981, -0.181213, 0.982136, -0.0506931, -0.415024, -0.0296407, 0.909328)
    Right Arm.CFrame = CFrame.new(-0.138923, -0.255638, -0.00637186, 0.990725, 0.0911187, 0.100809, -0.105369, 0.983583, 0.146499, -0.085805, -0.155762, 0.984061)
    Right Leg.CFrame = CFrame.new(0.6074, 0.324746, 0.00880665, 0.984067, -0.139754, -0.109912, 0.156346, 0.97455, 0.160649, 0.0846638, -0.175274, 0.980873)
    Left Arm.CFrame = CFrame.new(-0.0235265, -0.331032, -0.00664181, 0.992243, -0.118128, 0.0387201, 0.116303, 0.992128, 0.0464226, -0.0438991, -0.0415595, 0.998171)

[6]
    Time: 0.083333
    HumanoidRootPart.CFrame = CFrame.new(0, 0, 0, 1, 0, 0, 0, 1, 0, 0, 0, 1)
    Torso.CFrame = CFrame.new(0.00361623, 0.00614259, -0.219691, 0.995382, -0.0958593, 0.00498547, 0.0957643, 0.988164, -0.119839, 0.00656122, 0.119763, 0.992781)
    Head.CFrame = CFrame.new(8.801e-08, -1.49012e-08, 0.0166622, 0.996251, 0.0862819, 0.00620444, -0.0863843, 0.98852, 0.123957, 0.00456202, -0.124028, 0.992268)
    Left Leg.CFrame = CFrame.new(-0.280223, 0.254618, 0.0109455, 0.892381, 0.183075, 0.412479, -0.178685, 0.982657, -0.049564, -0.4144, -0.029474, 0.909618)
    Right Arm.CFrame = CFrame.new(-0.138923, -0.255637, -0.00637168, 0.990725, 0.0911187, 0.100809, -0.105369, 0.983583, 0.146499, -0.085805, -0.155762, 0.984061)
    Right Leg.CFrame = CFrame.new(0.608151, 0.32406, 0.00910521, 0.984461, -0.136637, -0.110304, 0.153351, 0.974984, 0.160903, 0.0855596, -0.175318, 0.980787)
    Left Arm.CFrame = CFrame.new(-0.0235265, -0.331031, -0.00664169, 0.992243, -0.118128, 0.0387201, 0.116303, 0.992128, 0.0464225, -0.0438992, -0.0415594, 0.998171)

[7]
    Time: 0.100000
    HumanoidRootPart.CFrame = CFrame.new(0, 0, 0, 1, 0, 0, 0, 1, 0, 0, 0, 1)
    Torso.CFrame = CFrame.new(0.00348528, 0.00528136, -0.219547, 0.995321, -0.0965048, 0.00482424, 0.0963958, 0.98828, -0.118368, 0.00665536, 0.118279, 0.992958)
    Head.CFrame = CFrame.new(8.03266e-08, -4.84288e-08, 0.0166624, 0.996196, 0.0869136, 0.00630125, -0.0870298, 0.988648, 0.122474, 0.0044149, -0.122556, 0.992452)
    Left Leg.CFrame = CFrame.new(-0.281826, 0.254733, 0.0110913, 0.893218, 0.180112, 0.411972, -0.17595, 0.98321, -0.0483692, -0.413767, -0.029282, 0.909912)
    Right Arm.CFrame = CFrame.new(-0.138923, -0.255638, -0.0063718, 0.990724, 0.0911188, 0.100809, -0.105369, 0.983583, 0.146499, -0.085805, -0.155762, 0.984061)
    Right Leg.CFrame = CFrame.new(0.609078, 0.323421, 0.00941485, 0.984876, -0.133283, -0.110701, 0.150122, 0.975441, 0.161176, 0.0865002, -0.175357, 0.980697)
    Left Arm.CFrame = CFrame.new(-0.0235265, -0.331031, -0.00664169, 0.992243, -0.118128, 0.0387201, 0.116303, 0.992128, 0.0464226, -0.0438991, -0.0415595, 0.998171)

[8]
    Time: 0.116667
    HumanoidRootPart.CFrame = CFrame.new(0, 0, 0, 1, 0, 0, 0, 1, 0, 0, 0, 1)
    Torso.CFrame = CFrame.new(0.00334028, 0.00414073, -0.219406, 0.995259, -0.0971534, 0.00464572, 0.0970288, 0.988392, -0.116906, 0.006766, 0.116802, 0.993132)
    Head.CFrame = CFrame.new(6.10016e-08, 2.6077e-08, 0.016662, 0.99614, 0.0875467, 0.00641457, -0.0876784, 0.988773, 0.120998, 0.00425036, -0.121093, 0.992632)
    Left Leg.CFrame = CFrame.new(-0.283563, 0.254902, 0.011278, 0.894088, 0.176945, 0.411457, -0.173018, 0.983791, -0.0471111, -0.413124, -0.0290679, 0.910211)
    Right Arm.CFrame = CFrame.new(-0.138923, -0.255638, -0.00637192, 0.990724, 0.0911187, 0.100809, -0.105369, 0.983583, 0.146499, -0.085805, -0.155762, 0.984061)
    Right Leg.CFrame = CFrame.new(0.610167, 0.322821, 0.00973597, 0.985309, -0.129703, -0.111102, 0.146673, 0.975917, 0.161469, 0.087483, -0.175392, 0.980604)
    Left Arm.CFrame = CFrame.new(-0.0235265, -0.331032, -0.00664186, 0.992243, -0.118128, 0.0387201, 0.116303, 0.992128, 0.0464226, -0.0438992, -0.0415594, 0.998171)

[9]
    Time: 0.133333
    HumanoidRootPart.CFrame = CFrame.new(0, 0, 0, 1, 0, 0, 0, 1, 0, 0, 0, 1)
    Torso.CFrame = CFrame.new(0.00318183, 0.00273189, -0.219267, 0.995196, -0.0978045, 0.00445064, 0.0976628, 0.9885, -0.115454, 0.00689241, 0.115334, 0.993303)
    Head.CFrame = CFrame.new(6.35628e-08, 1.86265e-08, 0.016662, 0.996083, 0.0881807, 0.00654367, -0.0883294, 0.988894, 0.11953, 0.0040692, -0.11964, 0.992809)
    Left Leg.CFrame = CFrame.new(-0.285428, 0.255118, 0.0115049, 0.894986, 0.173585, 0.410936, -0.1699, 0.984397, -0.0457939, -0.412473, -0.028833, 0.910513)
    Right Arm.CFrame = CFrame.new(-0.138923, -0.255637, -0.00637186, 0.990725, 0.0911187, 0.100809, -0.105369, 0.983583, 0.146499, -0.085805, -0.155762, 0.984061)
    Right Leg.CFrame = CFrame.new(0.61141, 0.322258, 0.0100674, 0.985755, -0.12591, -0.111506, 0.143016, 0.976409, 0.161779, 0.0885059, -0.175421, 0.980507)
    Left Arm.CFrame = CFrame.new(-0.0235266, -0.331032, -0.00664186, 0.992243, -0.118128, 0.0387201, 0.116303, 0.992128, 0.0464226, -0.0438992, -0.0415594, 0.998171)

[10]
    Time: 0.150000
    HumanoidRootPart.CFrame = CFrame.new(0, 0, 0, 1, 0, 0, 0, 1, 0, 0, 0, 1)
    Torso.CFrame = CFrame.new(0.00301054, 0.00106606, -0.219131, 0.995132, -0.0984573, 0.00423975, 0.0982973, 0.988605, -0.114012, 0.00703386, 0.113874, 0.99347)
    Head.CFrame = CFrame.new(1.09896e-07, -1.86265e-08, 0.0166619, 0.996026, 0.0888151, 0.00668784, -0.0889824, 0.98901, 0.118071, 0.00387221, -0.118197, 0.992983)
    Left Leg.CFrame = CFrame.new(-0.287412, 0.255378, 0.0117669, 0.895908, 0.17004, 0.410409, -0.166606, 0.985023, -0.0444198, -0.411816, -0.0285804, 0.910819)
    Right Arm.CFrame = CFrame.new(-0.138923, -0.255637, -0.0063718, 0.990724, 0.0911187, 0.100809, -0.105369, 0.983583, 0.146499, -0.085805, -0.155762, 0.984061)
    Right Leg.CFrame = CFrame.new(0.612797, 0.321724, 0.01041, 0.986211, -0.121917, -0.111913, 0.139163, 0.976911, 0.162106, 0.0895661, -0.175445, 0.980407)
    Left Arm.CFrame = CFrame.new(-0.0235265, -0.331032, -0.00664198, 0.992243, -0.118128, 0.03872, 0.116303, 0.992128, 0.0464225, -0.0438991, -0.0415593, 0.998171)

[11]
    Time: 0.166667
    HumanoidRootPart.CFrame = CFrame.new(0, 0, 0, 1, 0, 0, 0, 1, 0, 0, 0, 1)
    Torso.CFrame = CFrame.new(0.00282702, -0.000845429, -0.218998, 0.995068, -0.0991114, 0.00401379, 0.0989318, 0.988705, -0.112581, 0.00718964, 0.112423, 0.993634)
    Head.CFrame = CFrame.new(1.09896e-07, 2.6077e-08, 0.0166621, 0.995968, 0.0894495, 0.00684631, -0.0896365, 0.989123, 0.116622, 0.00365996, -0.116765, 0.993153)
    Left Leg.CFrame = CFrame.new(-0.289508, 0.255673, 0.0120616, 0.896849, 0.166324, 0.409876, -0.163146, 0.985665, -0.0429934, -0.411151, -0.0283112, 0.911127)
    Right Arm.CFrame = CFrame.new(-0.138923, -0.255637, -0.0063718, 0.990724, 0.0911187, 0.100809, -0.105369, 0.983583, 0.146499, -0.0858051, -0.155762, 0.984061)
    Right Leg.CFrame = CFrame.new(0.614316, 0.321215, 0.0107635, 0.986672, -0.117737, -0.112324, 0.135126, 0.977421, 0.162449, 0.0906613, -0.175462, 0.980303)
    Left Arm.CFrame = CFrame.new(-0.0235265, -0.331031, -0.00664192, 0.992243, -0.118128, 0.0387201, 0.116303, 0.992128, 0.0464227, -0.0438992, -0.0415595, 0.998171)

[12]
    Time: 0.183333
    HumanoidRootPart.CFrame = CFrame.new(0, 0, 0, 1, 0, 0, 0, 1, 0, 0, 0, 1)
    Torso.CFrame = CFrame.new(0.00263187, -0.0029914, -0.218867, 0.995004, -0.0997661, 0.00377352, 0.0995659, 0.988802, -0.111163, 0.00735902, 0.110983, 0.993795)
    Head.CFrame = CFrame.new(8.03266e-08, 1.11759e-08, 0.0166616, 0.99591, 0.0900836, 0.00701835, -0.0902913, 0.989232, 0.115183, 0.00343327, -0.115345, 0.99332)
    Left Leg.CFrame = CFrame.new(-0.291707, 0.255999, 0.0123858, 0.897805, 0.162445, 0.409338, -0.159532, 0.986319, -0.0415172, -0.410482, -0.028028, 0.911438)
    Right Arm.CFrame = CFrame.new(-0.138923, -0.255638, -0.0063718, 0.990724, 0.0911187, 0.100809, -0.105369, 0.983583, 0.146499, -0.085805, -0.155762, 0.984061)
    Right Leg.CFrame = CFrame.new(0.615953, 0.320722, 0.0111276, 0.987134, -0.113385, -0.112736, 0.130922, 0.977933, 0.162808, 0.0917883, -0.175473, 0.980196)
    Left Arm.CFrame = CFrame.new(-0.0235265, -0.331032, -0.00664163, 0.992243, -0.118128, 0.0387201, 0.116303, 0.992128, 0.0464225, -0.0438992, -0.0415595, 0.998171)

[13]
    Time: 0.200000
    HumanoidRootPart.CFrame = CFrame.new(0, 0, 0, 1, 0, 0, 0, 1, 0, 0, 0, 1)
    Torso.CFrame = CFrame.new(0.0024257, -0.00536054, -0.218739, 0.994939, -0.100421, 0.00351969, 0.100199, 0.988895, -0.109757, 0.00754129, 0.109554, 0.993952)
    Head.CFrame = CFrame.new(7.17118e-08, -1.49012e-08, 0.0166616, 0.995851, 0.0907166, 0.00720334, -0.0909461, 0.989338, 0.113755, 0.00319287, -0.113938, 0.993483)
    Left Leg.CFrame = CFrame.new(-0.294001, 0.256352, 0.0127359, 0.898773, 0.158417, 0.408793, -0.155773, 0.986983, -0.0399956, -0.409808, -0.0277322, 0.91175)
    Right Arm.CFrame = CFrame.new(-0.138923, -0.255638, -0.0063718, 0.990725, 0.0911188, 0.100809, -0.105369, 0.983583, 0.146499, -0.085805, -0.155762, 0.984061)
    Right Leg.CFrame = CFrame.new(0.6177, 0.320244, 0.0115014, 0.987595, -0.108873, -0.11315, 0.12656, 0.978445, 0.163181, 0.0929451, -0.175477, 0.980086)
    Left Arm.CFrame = CFrame.new(-0.0235265, -0.331032, -0.00664192, 0.992243, -0.118128, 0.0387201, 0.116303, 0.992128, 0.0464226, -0.0438992, -0.0415593, 0.998171)

[14]
    Time: 0.216667
    HumanoidRootPart.CFrame = CFrame.new(0, 0, 0, 1, 0, 0, 0, 1, 0, 0, 0, 1)
    Torso.CFrame = CFrame.new(0.00220914, -0.00794172, -0.218615, 0.994873, -0.101075, 0.00325306, 0.100831, 0.988984, -0.108365, 0.00773574, 0.108137, 0.994106)
    Head.CFrame = CFrame.new(9.68575e-08, -4.84288e-08, 0.0166626, 0.995791, 0.0913483, 0.00740046, -0.0916004, 0.989439, 0.112338, 0.00293964, -0.112544, 0.993643)
    Left Leg.CFrame = CFrame.new(-0.296383, 0.256726, 0.0131098, 0.899747, 0.154248, 0.408244, -0.15188, 0.987651, -0.0384311, -0.40913, -0.0274259, 0.912064)
    Right Arm.CFrame = CFrame.new(-0.138923, -0.255637, -0.00637197, 0.990725, 0.0911187, 0.100809, -0.105369, 0.983583, 0.146499, -0.085805, -0.155762, 0.984061)
    Right Leg.CFrame = CFrame.new(0.619548, 0.319774, 0.0118856, 0.98805, -0.104213, -0.113565, 0.122053, 0.978953, 0.163567, 0.0941293, -0.175473, 0.979974)
    Left Arm.CFrame = CFrame.new(-0.0235265, -0.331031, -0.00664204, 0.992243, -0.118128, 0.0387202, 0.116303, 0.992128, 0.0464226, -0.0438992, -0.0415593, 0.998171)

[15]
    Time: 0.233333
    HumanoidRootPart.CFrame = CFrame.new(0, 0, 0, 1, 0, 0, 0, 1, 0, 0, 0, 1)
    Torso.CFrame = CFrame.new(0.00198279, -0.0107236, -0.218493, 0.994808, -0.101728, 0.00297437, 0.101461, 0.98907, -0.106987, 0.00794165, 0.106733, 0.994256)
    Head.CFrame = CFrame.new(8.2422e-08, 3.72529e-08, 0.0166624, 0.995732, 0.091978, 0.00760904, -0.0922534, 0.989537, 0.110935, 0.00267413, -0.111163, 0.993798)
    Left Leg.CFrame = CFrame.new(-0.298842, 0.257114, 0.0135045, 0.900724, 0.149951, 0.407689, -0.147864, 0.988322, -0.0368281, -0.40845, -0.0271107, 0.912378)
    Right Arm.CFrame = CFrame.new(-0.138923, -0.255637, -0.00637186, 0.990724, 0.0911188, 0.100809, -0.105369, 0.983583, 0.146499, -0.085805, -0.155762, 0.984061)
    Right Leg.CFrame = CFrame.new(0.621487, 0.31931, 0.0122799, 0.988496, -0.0994153, -0.113981, 0.117412, 0.979454, 0.163965, 0.0953385, -0.175462, 0.979859)
    Left Arm.CFrame = CFrame.new(-0.0235265, -0.331031, -0.00664192, 0.992243, -0.118128, 0.03872, 0.116303, 0.992128, 0.0464226, -0.0438991, -0.0415594, 0.998171)

[16]
    Time: 0.250000
    HumanoidRootPart.CFrame = CFrame.new(0, 0, 0, 1, 0, 0, 0, 1, 0, 0, 0, 1)
    Torso.CFrame = CFrame.new(0.00174726, -0.013695, -0.218374, 0.994742, -0.102379, 0.00268439, 0.102089, 0.989152, -0.105623, 0.00815831, 0.105342, 0.994403)
    Head.CFrame = CFrame.new(9.73232e-08, -7.82311e-08, 0.0166616, 0.995672, 0.0926053, 0.00782837, -0.0929047, 0.989631, 0.109545, 0.00239725, -0.109798, 0.993951)
    Left Leg.CFrame = CFrame.new(-0.301367, 0.257508, 0.0139135, 0.9017, 0.145539, 0.40713, -0.143739, 0.98899, -0.035189, -0.407769, -0.0267906, 0.912692)
    Right Arm.CFrame = CFrame.new(-0.138923, -0.255638, -0.00637168, 0.990725, 0.0911188, 0.100809, -0.105369, 0.983583, 0.146499, -0.085805, -0.155762, 0.984061)
    Right Leg.CFrame = CFrame.new(0.623506, 0.318846, 0.0126834, 0.988931, -0.094495, -0.114397, 0.112651, 0.979944, 0.164376, 0.0965701, -0.175443, 0.979742)
    Left Arm.CFrame = CFrame.new(-0.0235266, -0.331032, -0.00664181, 0.992243, -0.118128, 0.0387201, 0.116303, 0.992128, 0.0464226, -0.0438992, -0.0415595, 0.998171)

[17]
    Time: 0.266667
    HumanoidRootPart.CFrame = CFrame.new(0, 0, 0, 1, 0, 0, 0, 1, 0, 0, 0, 1)
    Torso.CFrame = CFrame.new(0.00150319, -0.0168446, -0.218257, 0.994676, -0.103028, 0.00238389, 0.102713, 0.98923, -0.104275, 0.00838501, 0.103965, 0.994546)
    Head.CFrame = CFrame.new(8.2422e-08, -1.49012e-08, 0.0166617, 0.995612, 0.0932298, 0.00805772, -0.0935535, 0.989721, 0.108169, 0.00210963, -0.108448, 0.9941)
    Left Leg.CFrame = CFrame.new(-0.303952, 0.257905, 0.0143354, 0.902672, 0.141021, 0.406566, -0.139514, 0.989653, -0.0335175, -0.407086, -0.0264662, 0.913006)
    Right Arm.CFrame = CFrame.new(-0.138923, -0.255638, -0.0063718, 0.990724, 0.0911187, 0.100809, -0.105369, 0.983583, 0.146499, -0.0858051, -0.155762, 0.984061)
    Right Leg.CFrame = CFrame.new(0.625598, 0.31838, 0.0130958, 0.98935, -0.0894628, -0.114813, 0.10778, 0.980421, 0.164797, 0.0978218, -0.175416, 0.979622)
    Left Arm.CFrame = CFrame.new(-0.0235265, -0.331032, -0.00664163, 0.992243, -0.118128, 0.0387202, 0.116303, 0.992128, 0.0464225, -0.0438992, -0.0415594, 0.998171)

[18]
    Time: 0.283333
    HumanoidRootPart.CFrame = CFrame.new(0, 0, 0, 1, 0, 0, 0, 1, 0, 0, 0, 1)
    Torso.CFrame = CFrame.new(0.00125119, -0.0201611, -0.218144, 0.994609, -0.103673, 0.00207362, 0.103335, 0.989305, -0.102944, 0.00862105, 0.102603, 0.994685)
    Head.CFrame = CFrame.new(8.9407e-08, 4.84288e-08, 0.0166621, 0.995552, 0.0938508, 0.00829641, -0.0941993, 0.989807, 0.106808, 0.00181212, -0.107114, 0.994245)
    Left Leg.CFrame = CFrame.new(-0.306591, 0.258303, 0.0147696, 0.903636, 0.136408, 0.405999, -0.135196, 0.990308, -0.0318173, -0.406404, -0.0261383, 0.913319)
    Right Arm.CFrame = CFrame.new(-0.138923, -0.255637, -0.00637186, 0.990724, 0.0911188, 0.100809, -0.105369, 0.983583, 0.146499, -0.085805, -0.155762, 0.984061)
    Right Leg.CFrame = CFrame.new(0.627751, 0.317907, 0.0135172, 0.989753, -0.0843321, -0.115228, 0.102812, 0.980882, 0.165228, 0.0990911, -0.175381, 0.979501)
    Left Arm.CFrame = CFrame.new(-0.0235264, -0.331032, -0.00664181, 0.992243, -0.118128, 0.0387201, 0.116303, 0.992128, 0.0464227, -0.0438991, -0.0415595, 0.998171)

[19]
    Time: 0.300000
    HumanoidRootPart.CFrame = CFrame.new(0, 0, 0, 1, 0, 0, 0, 1, 0, 0, 0, 1)
    Torso.CFrame = CFrame.new(0.000991886, -0.0236335, -0.218034, 0.994543, -0.104315, 0.00175436, 0.103953, 0.989376, -0.101629, 0.00886573, 0.101257, 0.994821)
    Head.CFrame = CFrame.new(8.19564e-08, 4.84288e-08, 0.0166623, 0.995491, 0.0944681, 0.00854371, -0.0948416, 0.98989, 0.105462, 0.00150547, -0.105797, 0.994387)
    Left Leg.CFrame = CFrame.new(-0.309276, 0.258698, 0.0152132, 0.904589, 0.131709, 0.405428, -0.130796, 0.990952, -0.0300916, -0.405723, -0.025808, 0.913631)
    Right Arm.CFrame = CFrame.new(-0.138923, -0.255637, -0.00637203, 0.990725, 0.0911187, 0.100809, -0.105369, 0.983583, 0.146499, -0.085805, -0.155762, 0.984061)
    Right Leg.CFrame = CFrame.new(0.629957, 0.317425, 0.0139464, 0.990135, -0.0791143, -0.115642, 0.0977592, 0.981324, 0.165667, 0.100376, -0.175338, 0.979378)
    Left Arm.CFrame = CFrame.new(-0.0235264, -0.331031, -0.00664186, 0.992243, -0.118128, 0.0387201, 0.116303, 0.992128, 0.0464227, -0.0438992, -0.0415596, 0.998171)

[20]
    Time: 0.316667
    HumanoidRootPart.CFrame = CFrame.new(0, 0, 0, 1, 0, 0, 0, 1, 0, 0, 0, 1)
    Torso.CFrame = CFrame.new(0.000725899, -0.0272502, -0.217927, 0.994476, -0.104953, 0.00142688, 0.104566, 0.989444, -0.100332, 0.00911835, 0.0999272, 0.994953)
    Head.CFrame = CFrame.new(7.59028e-08, -1.86265e-08, 0.0166618, 0.995431, 0.0950809, 0.00879893, -0.0954797, 0.98997, 0.104133, 0.00119041, -0.104498, 0.994524)
    Left Leg.CFrame = CFrame.new(-0.312001, 0.259086, 0.0156637, 0.905528, 0.126935, 0.404855, -0.126326, 0.991584, -0.0283435, -0.405045, -0.0254777, 0.913942)
    Right Arm.CFrame = CFrame.new(-0.138923, -0.255638, -0.0063718, 0.990725, 0.0911187, 0.100809, -0.105369, 0.983583, 0.146499, -0.085805, -0.155762, 0.984061)
    Right Leg.CFrame = CFrame.new(0.632206, 0.316929, 0.0143838, 0.990496, -0.0738228, -0.116054, 0.0926339, 0.981746, 0.166115, 0.101673, -0.175287, 0.979253)
    Left Arm.CFrame = CFrame.new(-0.0235264, -0.331032, -0.00664198, 0.992243, -0.118128, 0.0387201, 0.116303, 0.992128, 0.0464226, -0.0438991, -0.0415594, 0.998171)

[21]
    Time: 0.333333
    HumanoidRootPart.CFrame = CFrame.new(0, 0, 0, 1, 0, 0, 0, 1, 0, 0, 0, 1)
    Torso.CFrame = CFrame.new(0.000453859, -0.0310002, -0.217823, 0.99441, -0.105586, 0.00109194, 0.105174, 0.989508, -0.0990537, 0.00937819, 0.0986148, 0.995081)
    Head.CFrame = CFrame.new(1.0198e-07, 1.11759e-08, 0.0166624, 0.99537, 0.0956889, 0.00906137, -0.0961131, 0.990045, 0.102822, 0.000867751, -0.103217, 0.994658)
    Left Leg.CFrame = CFrame.new(-0.314757, 0.259463, 0.0161193, 0.90645, 0.122097, 0.404278, -0.121794, 0.9922, -0.0265767, -0.40437, -0.0251481, 0.91425)
    Right Arm.CFrame = CFrame.new(-0.138923, -0.255638, -0.00637174, 0.990725, 0.0911187, 0.100809, -0.105369, 0.983583, 0.146499, -0.085805, -0.155762, 0.984061)
    Right Leg.CFrame = CFrame.new(0.634609, 0.316488, 0.0148306, 0.990837, -0.0683997, -0.116464, 0.0873789, 0.98215, 0.16657, 0.102992, -0.17522, 0.979127)
    Left Arm.CFrame = CFrame.new(-0.0235265, -0.331031, -0.00664198, 0.992243, -0.118128, 0.0387201, 0.116303, 0.992128, 0.0464225, -0.0438991, -0.0415593, 0.998171)

[22]
    Time: 0.350000
    HumanoidRootPart.CFrame = CFrame.new(0, 0, 0, 1, 0, 0, 0, 1, 0, 0, 0, 1)
    Torso.CFrame = CFrame.new(0.000176393, -0.0348721, -0.217721, 0.994343, -0.106214, 0.000750325, 0.105778, 0.989569, -0.0977943, 0.00964459, 0.0973204, 0.995206)
    Head.CFrame = CFrame.new(7.77654e-08, -7.45058e-08, 0.0166617, 0.995309, 0.0962916, 0.00933032, -0.096741, 0.990118, 0.101528, 0.000538168, -0.101954, 0.994789)
    Left Leg.CFrame = CFrame.new(-0.317537, 0.259824, 0.0165767, 0.907353, 0.117205, 0.4037, -0.11721, 0.992798, -0.0247941, -0.403698, -0.0248208, 0.914556)
    Right Arm.CFrame = CFrame.new(-0.138923, -0.255638, -0.0063718, 0.990725, 0.0911187, 0.100809, -0.105369, 0.983583, 0.146499, -0.0858051, -0.155762, 0.984061)
    Right Leg.CFrame = CFrame.new(0.636927, 0.315963, 0.015282, 0.991147, -0.0629896, -0.116872, 0.0821371, 0.982524, 0.16703, 0.104308, -0.175151, 0.979)
    Left Arm.CFrame = CFrame.new(-0.0235265, -0.331031, -0.00664163, 0.992243, -0.118128, 0.0387201, 0.116303, 0.992128, 0.0464226, -0.0438991, -0.0415595, 0.998171)

[23]
    Time: 0.366667
    HumanoidRootPart.CFrame = CFrame.new(0, 0, 0, 1, 0, 0, 0, 1, 0, 0, 0, 1)
    Torso.CFrame = CFrame.new(-0.000105867, -0.0388548, -0.217623, 0.994277, -0.106835, 0.000402805, 0.106375, 0.989627, -0.0965546, 0.00991682, 0.0960449, 0.995328)
    Head.CFrame = CFrame.new(8.5216e-08, -8.56817e-08, 0.0166619, 0.995249, 0.0968884, 0.0096051, -0.0973631, 0.990187, 0.100253, 0.000202526, -0.100712, 0.994916)
    Left Leg.CFrame = CFrame.new(-0.320333, 0.26017, 0.0170336, 0.908235, 0.112269, 0.40312, -0.112586, 0.993376, -0.0229991, -0.403031, -0.024497, 0.914858)
    Right Arm.CFrame = CFrame.new(-0.138923, -0.255637, -0.00637192, 0.990725, 0.0911187, 0.100809, -0.105369, 0.983583, 0.146499, -0.085805, -0.155762, 0.984061)
    Right Leg.CFrame = CFrame.new(0.639263, 0.315418, 0.0157392, 0.991431, -0.0575409, -0.117276, 0.0768573, 0.982872, 0.167497, 0.10563, -0.175075, 0.978872)
    Left Arm.CFrame = CFrame.new(-0.0235264, -0.331031, -0.00664175, 0.992243, -0.118128, 0.0387201, 0.116303, 0.992128, 0.0464226, -0.0438991, -0.0415595, 0.998171)

[24]
    Time: 0.383333
    HumanoidRootPart.CFrame = CFrame.new(0, 0, 0, 1, 0, 0, 0, 1, 0, 0, 0, 1)
    Torso.CFrame = CFrame.new(-0.000392288, -0.0429368, -0.217527, 0.99421, -0.107451, 5.01602e-05, 0.106966, 0.989681, -0.0953355, 0.0101942, 0.0947889, 0.995445)
    Head.CFrame = CFrame.new(9.63919e-08, -1.86265e-08, 0.016662, 0.995188, 0.0974788, 0.009885, -0.0979787, 0.990252, 0.098998, -0.000138409, -0.0994902, 0.995039)
    Left Leg.CFrame = CFrame.new(-0.323242, 0.260575, 0.0175369, 0.909099, 0.10724, 0.402539, -0.107863, 0.99394, -0.0211955, -0.402373, -0.0241503, 0.915157)
    Right Arm.CFrame = CFrame.new(-0.138923, -0.255638, -0.00637192, 0.990724, 0.0911187, 0.100809, -0.105369, 0.983583, 0.146499, -0.085805, -0.155762, 0.984061)
    Right Leg.CFrame = CFrame.new(0.64161, 0.314851, 0.0162022, 0.991686, -0.0520642, -0.117678, 0.0715499, 0.983193, 0.167967, 0.106955, -0.17499, 0.978744)
    Left Arm.CFrame = CFrame.new(-0.0235266, -0.331032, -0.00664163, 0.992243, -0.118128, 0.0387201, 0.116303, 0.992128, 0.0464226, -0.0438992, -0.0415595, 0.998171)

[25]
    Time: 0.400000
    HumanoidRootPart.CFrame = CFrame.new(0, 0, 0, 1, 0, 0, 0, 1, 0, 0, 0, 1)
    Torso.CFrame = CFrame.new(-0.000682238, -0.0471071, -0.217434, 0.994144, -0.108059, -0.00030683, 0.10755, 0.989733, -0.0941376, 0.0104761, 0.0935533, 0.995559)
    Head.CFrame = CFrame.new(8.84756e-08, 5.96046e-08, 0.0166618, 0.995128, 0.0980624, 0.0101693, -0.0985871, 0.990315, 0.0977632, -0.000483963, -0.0982894, 0.995158)
    Left Leg.CFrame = CFrame.new(-0.326058, 0.260883, 0.0179942, 0.909932, 0.102245, 0.401958, -0.10318, 0.994474, -0.0193867, -0.401719, -0.0238336, 0.915453)
    Right Arm.CFrame = CFrame.new(-0.138923, -0.255638, -0.00637162, 0.990724, 0.0911187, 0.100809, -0.105369, 0.983583, 0.146499, -0.0858049, -0.155762, 0.984061)
    Right Leg.CFrame = CFrame.new(0.643959, 0.314263, 0.0166695, 0.991912, -0.0465709, -0.118075, 0.0662261, 0.983484, 0.168441, 0.108281, -0.174898, 0.978614)
    Left Arm.CFrame = CFrame.new(-0.0235265, -0.331032, -0.00664186, 0.992243, -0.118128, 0.03872, 0.116303, 0.992128, 0.0464227, -0.0438991, -0.0415595, 0.998171)

[26]
    Time: 0.416667
    HumanoidRootPart.CFrame = CFrame.new(0, 0, 0, 1, 0, 0, 0, 1, 0, 0, 0, 1)
    Torso.CFrame = CFrame.new(-0.000975085, -0.0513544, -0.217345, 0.994079, -0.108659, -0.000667384, 0.108127, 0.989781, -0.0929616, 0.0107617, 0.092339, 0.995669)
    Head.CFrame = CFrame.new(1.05239e-07, 1.49012e-08, 0.0166622, 0.995068, 0.0986386, 0.0104574, -0.0991879, 0.990374, 0.0965494, -0.000833215, -0.0971105, 0.995273)
    Left Leg.CFrame = CFrame.new(-0.32887, 0.261167, 0.0184447, 0.910736, 0.0972372, 0.401378, -0.0984865, 0.994983, -0.0175749, -0.401073, -0.0235243, 0.915744)
    Right Arm.CFrame = CFrame.new(-0.138923, -0.255637, -0.00637197, 0.990724, 0.0911187, 0.100809, -0.105369, 0.983583, 0.146499, -0.0858051, -0.155762, 0.984061)
    Right Leg.CFrame = CFrame.new(0.646303, 0.313651, 0.0171407, 0.992108, -0.0410728, -0.118468, 0.0608971, 0.983747, 0.168917, 0.109605, -0.174799, 0.978485)
    Left Arm.CFrame = CFrame.new(-0.0235264, -0.331032, -0.00664175, 0.992243, -0.118128, 0.03872, 0.116303, 0.992128, 0.0464225, -0.0438991, -0.0415595, 0.998171)

[27]
    Time: 0.433333
    HumanoidRootPart.CFrame = CFrame.new(0, 0, 0, 1, 0, 0, 0, 1, 0, 0, 0, 1)
    Torso.CFrame = CFrame.new(-0.00127019, -0.0556672, -0.217258, 0.994014, -0.109251, -0.00103072, 0.108696, 0.989826, -0.0918081, 0.0110504, 0.0911465, 0.995776)
    Head.CFrame = CFrame.new(8.47504e-08, 3.72529e-09, 0.0166617, 0.995009, 0.099207, 0.0107485, -0.0997805, 0.99043, 0.0953576, -0.00118554, -0.0959541, 0.995385)
    Left Leg.CFrame = CFrame.new(-0.331671, 0.261424, 0.0188901, 0.911512, 0.0922272, 0.400799, -0.0937901, 0.995467, -0.0157644, -0.400436, -0.0232216, 0.91603)
    Right Arm.CFrame = CFrame.new(-0.138923, -0.255638, -0.00637192, 0.990724, 0.0911187, 0.100809, -0.105369, 0.983583, 0.146499, -0.0858051, -0.155762, 0.984061)
    Right Leg.CFrame = CFrame.new(0.648634, 0.313015, 0.0176153, 0.992274, -0.0355812, -0.118856, 0.0555743, 0.98398, 0.169396, 0.110925, -0.174692, 0.978355)
    Left Arm.CFrame = CFrame.new(-0.0235264, -0.331032, -0.00664192, 0.992243, -0.118128, 0.0387202, 0.116303, 0.992128, 0.0464226, -0.0438992, -0.0415594, 0.998171)

[28]
    Time: 0.450000
    HumanoidRootPart.CFrame = CFrame.new(0, 0, 0, 1, 0, 0, 0, 1, 0, 0, 0, 1)
    Torso.CFrame = CFrame.new(-0.00156692, -0.0600345, -0.217175, 0.993949, -0.109835, -0.00139605, 0.109256, 0.989869, -0.090678, 0.0113415, 0.0899768, 0.995879)
    Head.CFrame = CFrame.new(9.49949e-08, 0, 0.0166624, 0.99495, 0.0997668, 0.011042, -0.100364, 0.990482, 0.0941885, -0.00154004, -0.094821, 0.995493)
    Left Leg.CFrame = CFrame.new(-0.334457, 0.261655, 0.0193273, 0.912258, 0.0872238, 0.400221, -0.0891, 0.995925, -0.0139577, -0.399808, -0.0229267, 0.916312)
    Right Arm.CFrame = CFrame.new(-0.138923, -0.255637, -0.00637197, 0.990725, 0.0911188, 0.100809, -0.105369, 0.983583, 0.146499, -0.085805, -0.155762, 0.984061)
    Right Leg.CFrame = CFrame.new(0.650949, 0.312357, 0.0180919, 0.992409, -0.0301054, -0.11924, 0.0502665, 0.984183, 0.169874, 0.112239, -0.174578, 0.978225)
    Left Arm.CFrame = CFrame.new(-0.0235264, -0.331032, -0.00664163, 0.992243, -0.118128, 0.0387201, 0.116303, 0.992128, 0.0464226, -0.0438991, -0.0415595, 0.998171)

[29]
    Time: 0.466667
    HumanoidRootPart.CFrame = CFrame.new(0, 0, 0, 1, 0, 0, 0, 1, 0, 0, 0, 1)
    Torso.CFrame = CFrame.new(-0.00186463, -0.064445, -0.217093, 0.993885, -0.110409, -0.00176259, 0.109808, 0.989909, -0.0895719, 0.0116343, 0.0888306, 0.995979)
    Head.CFrame = CFrame.new(7.82311e-08, -5.21541e-08, 0.0166615, 0.994891, 0.100318, 0.0113372, -0.100939, 0.990532, 0.0930429, -0.00189599, -0.0937119, 0.995597)
    Left Leg.CFrame = CFrame.new(-0.337218, 0.261856, 0.0197558, 0.912973, 0.0822385, 0.399647, -0.0844272, 0.996355, -0.0121583, -0.39919, -0.0226408, 0.916589)
    Right Arm.CFrame = CFrame.new(-0.138923, -0.255638, -0.0063718, 0.990724, 0.0911187, 0.100809, -0.105369, 0.983583, 0.146499, -0.085805, -0.155762, 0.984061)
    Right Leg.CFrame = CFrame.new(0.653239, 0.311673, 0.01857, 0.992514, -0.0246574, -0.119617, 0.0449855, 0.984356, 0.170353, 0.113545, -0.174458, 0.978096)
    Left Arm.CFrame = CFrame.new(-0.0235265, -0.331032, -0.00664181, 0.992243, -0.118128, 0.0387201, 0.116303, 0.992128, 0.0464226, -0.0438992, -0.0415594, 0.998171)

[30]
    Time: 0.483333
    HumanoidRootPart.CFrame = CFrame.new(0, 0, 0, 1, 0, 0, 0, 1, 0, 0, 0, 1)
    Torso.CFrame = CFrame.new(-0.00216268, -0.0688873, -0.217016, 0.993821, -0.110973, -0.00212956, 0.11035, 0.989946, -0.0884905, 0.0119282, 0.0877087, 0.996075)
    Head.CFrame = CFrame.new(9.35979e-08, -3.35276e-08, 0.0166619, 0.994833, 0.100859, 0.0116334, -0.101503, 0.990579, 0.0919216, -0.0022526, -0.0926275, 0.995698)
    Left Leg.CFrame = CFrame.new(-0.339951, 0.262028, 0.0201747, 0.913656, 0.0772799, 0.399075, -0.0797796, 0.996759, -0.01037, -0.398583, -0.0223634, 0.91686)
    Right Arm.CFrame = CFrame.new(-0.138923, -0.255638, -0.00637168, 0.990724, 0.0911188, 0.100809, -0.105369, 0.983583, 0.146499, -0.085805, -0.155762, 0.984061)
    Right Leg.CFrame = CFrame.new(0.655501, 0.310968, 0.0190492, 0.992589, -0.0192465, -0.119989, 0.0397403, 0.984499, 0.17083, 0.114841, -0.174332, 0.977967)
    Left Arm.CFrame = CFrame.new(-0.0235265, -0.331032, -0.00664186, 0.992243, -0.118128, 0.0387201, 0.116303, 0.992128, 0.0464226, -0.0438991, -0.0415594, 0.998171)

[31]
    Time: 0.500000
    HumanoidRootPart.CFrame = CFrame.new(0, 0, 0, 1, 0, 0, 0, 1, 0, 0, 0, 1)
    Torso.CFrame = CFrame.new(-0.00246043, -0.0733502, -0.216941, 0.993758, -0.111526, -0.00249615, 0.110883, 0.98998, -0.0874344, 0.0122224, 0.0866119, 0.996167)
    Head.CFrame = CFrame.new(1.09896e-07, 4.47035e-08, 0.0166622, 0.994775, 0.101391, 0.0119298, -0.102057, 0.990624, 0.0908254, -0.00260905, -0.0915684, 0.995795)
    Left Leg.CFrame = CFrame.new(-0.34265, 0.26217, 0.0205814, 0.914306, 0.0723573, 0.398509, -0.0751662, 0.997134, -0.00859472, -0.397988, -0.0220962, 0.917124)
    Right Arm.CFrame = CFrame.new(-0.13893, -0.255636, -0.00637001, 0.990758, 0.0908873, 0.10069, -0.105118, 0.983614, 0.146472, -0.0857272, -0.155702, 0.984077)
    Right Leg.CFrame = CFrame.new(0.657726, 0.310242, 0.0195279, 0.992634, -0.0138839, -0.120354, 0.0345419, 0.984612, 0.171305, 0.116124, -0.1742, 0.977839)
    Left Arm.CFrame = CFrame.new(-0.0235139, -0.33103, -0.00664175, 0.992287, -0.117742, 0.038769, 0.115916, 0.992174, 0.046406, -0.0439296, -0.0415541, 0.99817)

[32]
    Time: 0.516667
    HumanoidRootPart.CFrame = CFrame.new(0, 0, 0, 1, 0, 0, 0, 1, 0, 0, 0, 1)
    Torso.CFrame = CFrame.new(-0.00275725, -0.0778225, -0.216868, 0.993696, -0.112069, -0.00286159, 0.111404, 0.990012, -0.0864044, 0.0125163, 0.085541, 0.996256)
    Head.CFrame = CFrame.new(7.86968e-08, -1.86265e-08, 0.0166617, 0.994718, 0.101912, 0.0122259, -0.1026, 0.990665, 0.089755, -0.00296467, -0.0905353, 0.995889)
    Left Leg.CFrame = CFrame.new(-0.345309, 0.262283, 0.0209786, 0.914923, 0.067481, 0.397947, -0.0705962, 0.997482, -0.00683751, -0.397406, -0.0218377, 0.917383)
    Right Arm.CFrame = CFrame.new(-0.138951, -0.255633, -0.00636417, 0.990856, 0.0902033, 0.100337, -0.104376, 0.983705, 0.146391, -0.0854973, -0.155526, 0.984125)
    Right Leg.CFrame = CFrame.new(0.659912, 0.309495, 0.020005, 0.99265, -0.00857845, -0.120712, 0.0293988, 0.984697, 0.171777, 0.117392, -0.174064, 0.977712)
    Left Arm.CFrame = CFrame.new(-0.023477, -0.331025, -0.00664103, 0.992416, -0.1166, 0.0389134, 0.11477, 0.99231, 0.0463564, -0.0440194, -0.041539, 0.998167)

[33]
    Time: 0.533333
    HumanoidRootPart.CFrame = CFrame.new(0, 0, 0, 1, 0, 0, 0, 1, 0, 0, 0, 1)
    Torso.CFrame = CFrame.new(-0.00305248, -0.0822929, -0.216799, 0.993635, -0.1126, -0.00322509, 0.111915, 0.990041, -0.0854012, 0.0128091, 0.0844967, 0.996341)
    Head.CFrame = CFrame.new(9.91859e-08, -1.49012e-08, 0.0166623, 0.994662, 0.102423, 0.012521, -0.103132, 0.990704, 0.0887113, -0.00331852, -0.0895291, 0.995979)
    Left Leg.CFrame = CFrame.new(-0.347923, 0.262367, 0.0213606, 0.915508, 0.0626597, 0.39739, -0.0660788, 0.997801, -0.00509913, -0.396836, -0.0215908, 0.917636)
    Right Arm.CFrame = CFrame.new(-0.138985, -0.255627, -0.00635505, 0.991016, 0.089082, 0.09976, -0.103161, 0.983853, 0.146259, -0.0851201, -0.155237, 0.984203)
    Right Leg.CFrame = CFrame.new(0.662053, 0.308731, 0.02048, 0.992639, -0.00334084, -0.121064, 0.0243215, 0.984754, 0.172246, 0.118642, -0.173922, 0.977586)
    Left Arm.CFrame = CFrame.new(-0.0234164, -0.331017, -0.0066402, 0.992625, -0.114728, 0.0391499, 0.112892, 0.992529, 0.0462751, -0.0441665, -0.0415144, 0.998161)

[34]
    Time: 0.550000
    HumanoidRootPart.CFrame = CFrame.new(0, 0, 0, 1, 0, 0, 0, 1, 0, 0, 0, 1)
    Torso.CFrame = CFrame.new(-0.00334549, -0.0867501, -0.216733, 0.993575, -0.113119, -0.00358584, 0.112415, 0.990068, -0.0844255, 0.0131003, 0.0834799, 0.996423)
    Head.CFrame = CFrame.new(8.89413e-08, -3.72529e-09, 0.0166624, 0.994607, 0.102921, 0.0128143, -0.103651, 0.99074, 0.087695, -0.00366997, -0.0885503, 0.996065)
    Left Leg.CFrame = CFrame.new(-0.350487, 0.262422, 0.0217322, 0.916059, 0.0579033, 0.396841, -0.0616222, 0.998094, -0.00338515, -0.396281, -0.0213532, 0.917881)
    Right Arm.CFrame = CFrame.new(-0.139031, -0.255619, -0.00634253, 0.991233, 0.0875386, 0.0989657, -0.101489, 0.984054, 0.146076, -0.0846003, -0.15484, 0.984311)
    Right Leg.CFrame = CFrame.new(0.664145, 0.307949, 0.0209521, 0.992601, 0.00181935, -0.121407, 0.0193193, 0.984783, 0.172709, 0.119874, -0.173777, 0.977462)
    Left Arm.CFrame = CFrame.new(-0.0233331, -0.331007, -0.00663918, 0.992907, -0.112151, 0.0394751, 0.110307, 0.992825, 0.0461625, -0.0443691, -0.0414807, 0.998154)

[35]
    Time: 0.566667
    HumanoidRootPart.CFrame = CFrame.new(0, 0, 0, 1, 0, 0, 0, 1, 0, 0, 0, 1)
    Torso.CFrame = CFrame.new(-0.00363563, -0.0911828, -0.216669, 0.993516, -0.113625, -0.00394306, 0.112902, 0.990093, -0.0834779, 0.0133891, 0.0824914, 0.996502)
    Head.CFrame = CFrame.new(8.14907e-08, 3.72529e-09, 0.0166622, 0.994553, 0.103408, 0.0131052, -0.104157, 0.990774, 0.086707, -0.00401812, -0.0875998, 0.996148)
    Left Leg.CFrame = CFrame.new(-0.352998, 0.262448, 0.0220887, 0.916577, 0.0532196, 0.3963, -0.0572347, 0.998359, -0.00169647, -0.39574, -0.0211271, 0.91812)
    Right Arm.CFrame = CFrame.new(-0.13909, -0.25561, -0.00632685, 0.991503, 0.085588, 0.0979628, -0.0993762, 0.984304, 0.145843, -0.0839428, -0.154339, 0.984446)
    Right Leg.CFrame = CFrame.new(0.666185, 0.307154, 0.0214195, 0.992538, 0.00689309, -0.121743, 0.014401, 0.984787, 0.173167, 0.121084, -0.173628, 0.977339)
    Left Arm.CFrame = CFrame.new(-0.0232275, -0.330994, -0.00663757, 0.993253, -0.108894, 0.0398857, 0.107039, 0.993189, 0.0460187, -0.0446253, -0.0414392, 0.998144)

[36]
    Time: 0.583333
    HumanoidRootPart.CFrame = CFrame.new(0, 0, 0, 1, 0, 0, 0, 1, 0, 0, 0, 1)
    Torso.CFrame = CFrame.new(-0.00392225, -0.0955798, -0.216608, 0.993458, -0.114118, -0.00429596, 0.113377, 0.990116, -0.0825591, 0.0136749, 0.0815319, 0.996577)
    Head.CFrame = CFrame.new(9.63919e-08, -4.84288e-08, 0.0166616, 0.994499, 0.103882, 0.013393, -0.104651, 0.990805, 0.085748, -0.00436218, -0.0866779, 0.996227)
    Left Leg.CFrame = CFrame.new(-0.355448, 0.262446, 0.0224306, 0.917063, 0.0486188, 0.395767, -0.0529254, 0.998599, -3.74757e-05, -0.395214, -0.0209117, 0.918351)
    Right Arm.CFrame = CFrame.new(-0.139161, -0.255599, -0.00630796, 0.991821, 0.0832452, 0.0967594, -0.0968395, 0.984599, 0.14556, -0.083152, -0.15374, 0.984606)
    Right Leg.CFrame = CFrame.new(0.668167, 0.306346, 0.0218824, 0.99245, 0.0118703, -0.12207, 0.00957628, 0.984767, 0.173618, 0.122271, -0.173476, 0.977218)
    Left Arm.CFrame = CFrame.new(-0.0231009, -0.330979, -0.00663596, 0.993654, -0.104982, 0.0403779, 0.103114, 0.993612, 0.0458446, -0.0449329, -0.0413903, 0.998132)

[37]
    Time: 0.600000
    HumanoidRootPart.CFrame = CFrame.new(0, 0, 0, 1, 0, 0, 0, 1, 0, 0, 0, 1)
    Torso.CFrame = CFrame.new(-0.00420472, -0.0999298, -0.21655, 0.993401, -0.114597, -0.00464374, 0.113838, 0.990137, -0.0816698, 0.013957, 0.0806023, 0.996649)
    Head.CFrame = CFrame.new(7.91624e-08, -3.35276e-08, 0.0166624, 0.994447, 0.104343, 0.0136771, -0.10513, 0.990835, 0.0848188, -0.00470148, -0.0857858, 0.996303)
    Left Leg.CFrame = CFrame.new(-0.357834, 0.262419, 0.0227585, 0.917516, 0.0441096, 0.395244, -0.0487023, 0.998812, 0.00158884, -0.394705, -0.0207071, 0.918575)
    Right Arm.CFrame = CFrame.new(-0.139243, -0.255585, -0.00628614, 0.99218, 0.0805249, 0.0953635, -0.0938953, 0.984933, 0.145228, -0.0822321, -0.153047, 0.984792)
    Right Leg.CFrame = CFrame.new(0.670089, 0.305529, 0.0223383, 0.992341, 0.0167421, -0.122388, 0.00485382, 0.984723, 0.174061, 0.123433, -0.173322, 0.9771)
    Left Arm.CFrame = CFrame.new(-0.0229537, -0.330962, -0.00663412, 0.9941, -0.100438, 0.0409486, 0.0985566, 0.994084, 0.0456398, -0.0452903, -0.041335, 0.998118)

[38]
    Time: 0.616667
    HumanoidRootPart.CFrame = CFrame.new(0, 0, 0, 1, 0, 0, 0, 1, 0, 0, 0, 1)
