[1]
    Time: 0.000000
    HumanoidRootPart.CFrame = CFrame.new(0, 0, 0, 1, 0, 0, 0, 1, 0, 0, 0, 1)
    Torso.CFrame = CFrame.new(-0.592843, -2.71068e-08, -0.0478389, 0.980778, 2.42796e-07, -0.195129, -2.62283e-07, 1, -7.40289e-08, 0.195129, 1.23785e-07, 0.980778)
    Left Leg.CFrame = CFrame.new(0.00801487, -0.000332952, -0.00409544, 0.999859, 0.016789, -1.68877e-07, -0.016789, 0.999859, -2.98023e-08, 1.31308e-07, -1.93046e-08, 1)
    Right Arm.CFrame = CFrame.new(2.48092e-07, 0.00278968, -0.000161052, 1, -3.80513e-10, 3.01012e-07, 3.80502e-10, 1, 1.49012e-08, -3.01012e-07, -1.93167e-14, 1)
    Head.CFrame = CFrame.new(1.78814e-07, 2.84217e-14, 0.0166624, 0.999955, -0.00949391, -0.000759632, 0.00949695, 0.999946, 0.00417127, 0.000719964, -0.00417827, 0.999991)
    Right Leg.CFrame = CFrame.new(-0.0079948, -0.00033164, -0.00409532, 0.999859, -0.0167659, 7.6562e-07, 0.0167658, 0.999859, -1.49011e-08, -7.03277e-07, -1.05038e-08, 1)
    Left Arm.CFrame = CFrame.new(2.28669e-07, 0.00278962, -0.000160813, 1, 1.03468e-08, 1.05129e-07, 5.10657e-08, 1, -1.63913e-07, -1.23116e-07, 8.9407e-08, 1)

[2]
    Time: 0.033333
    HumanoidRootPart.CFrame = CFrame.new(0, 0, 0, 1, 0, 0, 0, 1, 0, 0, 0, 1)
    Torso.CFrame = CFrame.new(-0.173122, -1.4099e-08, -0.0398057, 0.997927, 2.53019e-07, -0.0643525, -2.56392e-07, 1, -4.415e-08, 0.0643525, 6.0558e-08, 0.997927)
    Left Leg.CFrame = CFrame.new(0.00801165, -0.000332713, -0.00409532, 0.999859, 0.0167873, -2.0762e-07, -0.0167873, 0.999859, 4.11506e-08, 2.08282e-07, -3.76594e-08, 1)
    Right Arm.CFrame = CFrame.new(2.48092e-07, 0.00278956, -0.000160933, 1, 2.89971e-09, 2.95152e-07, -2.89974e-09, 1, 1.19209e-07, -2.95152e-07, -1.19209e-07, 1)
    Head.CFrame = CFrame.new(8.9407e-08, 1.42109e-14, 0.0166621, 0.999955, -0.00949389, -0.000759605, 0.00949698, 0.999946, 0.00417125, 0.000719962, -0.00417828, 0.999991)
    Right Leg.CFrame = CFrame.new(-0.00800547, -0.000331879, -0.00409532, 0.999859, -0.0167714, 7.3516e-07, 0.0167714, 0.999859, -5.93193e-08, -7.34062e-07, 7.16406e-08, 1)
    Left Arm.CFrame = CFrame.new(2.28669e-07, 0.00278908, -0.000160933, 1, -2.41674e-08, 1.04455e-07, 2.41674e-08, 1, -2.30968e-07, -1.04455e-07, 2.30968e-07, 1)

[3]
    Time: 0.066667
    HumanoidRootPart.CFrame = CFrame.new(0, 0, 0, 1, 0, 0, 0, 1, 0, 0, 0, 1)
    Torso.CFrame = CFrame.new(0.0735154, -6.32826e-09, -0.0386281, 0.999912, 2.5511e-07, 0.0132322, -2.54784e-07, 1, -2.63026e-08, -0.0132322, 2.29289e-08, 0.999912)
    Left Leg.CFrame = CFrame.new(0.00801673, -0.000332832, -0.00409532, 0.999859, 0.01679, -2.07567e-07, -0.01679, 0.999859, 1.55241e-08, 2.07798e-07, -1.20368e-08, 1)
    Right Arm.CFrame = CFrame.new(2.48092e-07, 0.00278956, -0.000161111, 1, 5.5511e-09, 2.88977e-07, -5.55115e-09, 1, 1.62981e-07, -2.88977e-07, -1.62981e-07, 1)
    Head.CFrame = CFrame.new(9.31323e-08, -1.24345e-14, 0.016662, 0.999955, -0.00949388, -0.000759631, 0.00949697, 0.999946, 0.00417127, 0.000719988, -0.0041783, 0.999991)
    Right Leg.CFrame = CFrame.new(-0.00801054, -0.000331998, -0.0040952, 0.999859, -0.0167741, 7.34648e-07, 0.0167741, 0.999859, 1.69647e-09, -7.34573e-07, 1.06268e-08, 1)
    Left Arm.CFrame = CFrame.new(2.28669e-07, 0.00278962, -0.000161052, 1, -2.75677e-08, 9.78306e-08, 2.75677e-08, 1, -1.20606e-07, -9.78306e-08, 1.20606e-07, 1)

[4]
    Time: 0.100000
    HumanoidRootPart.CFrame = CFrame.new(0, 0, 0, 1, 0, 0, 0, 1, 0, 0, 0, 1)
    Torso.CFrame = CFrame.new(0.218198, -1.75703e-09, -0.0391636, 0.998276, 2.54976e-07, 0.0586914, -2.54487e-07, 1, -1.58037e-08, -0.0586914, 8.40263e-10, 0.998276)
    Left Leg.CFrame = CFrame.new(0.00802235, -0.000332832, -0.00409555, 0.999859, 0.016793, -2.07759e-07, -0.016793, 0.999859, -1.22787e-07, 2.05668e-07, 1.26259e-07, 1)
    Right Arm.CFrame = CFrame.new(2.48092e-07, 0.00278938, -0.000161111, 1, 7.60351e-09, 2.84474e-07, -7.60353e-09, 1, 9.68575e-08, -2.84474e-07, -9.68575e-08, 1)
    Head.CFrame = CFrame.new(1.04308e-07, 5.77316e-15, 0.0166622, 0.999955, -0.00949389, -0.000759612, 0.00949698, 0.999946, 0.00417126, 0.00071997, -0.00417828, 0.999991)
    Right Leg.CFrame = CFrame.new(-0.00801081, -0.000331879, -0.00409532, 0.999859, -0.0167742, 7.54877e-07, 0.0167742, 0.999859, 1.38317e-07, -7.57091e-07, -1.25635e-07, 1)
    Left Arm.CFrame = CFrame.new(2.28669e-07, 0.00278938, -0.000160933, 1, -3.00544e-08, 9.36983e-08, 3.00544e-08, 1, -2.01166e-07, -9.36983e-08, 2.01166e-07, 1)

[5]
    Time: 0.133333
    HumanoidRootPart.CFrame = CFrame.new(0, 0, 0, 1, 0, 0, 0, 1, 0, 0, 0, 1)
    Torso.CFrame = CFrame.new(0.303047, 9.21848e-10, -0.0398967, 0.996358, 2.54431e-07, 0.0852704, -2.54535e-07, 1, -9.65099e-09, -0.0852704, -1.20884e-08, 0.996358)
    Left Leg.CFrame = CFrame.new(0.0080202, -0.000333428, -0.00409544, 0.999859, 0.0167918, -1.69015e-07, -0.0167918, 0.999859, -2.27428e-07, 1.65172e-07, 2.30234e-07, 1)
    Right Arm.CFrame = CFrame.new(2.48092e-07, 0.00278932, -0.000160933, 1, 9.02533e-09, 2.81553e-07, -9.02535e-09, 1, 5.96047e-08, -2.81553e-07, -5.96047e-08, 1)
    Head.CFrame = CFrame.new(5.96047e-08, 5.37337e-21, 0.016662, 0.999955, -0.00949385, -0.000759642, 0.00949693, 0.999946, 0.00417128, 0.00072, -0.0041783, 0.999991)
    Right Leg.CFrame = CFrame.new(-0.00801079, -0.000332236, -0.00409514, 0.999859, -0.0167742, 7.54115e-07, 0.0167742, 0.999859, -2.18885e-08, -7.53642e-07, 3.45352e-08, 1)
    Left Arm.CFrame = CFrame.new(2.28669e-07, 0.00278926, -0.000161052, 1, -3.16974e-08, 9.12097e-08, 3.16974e-08, 1, -1.11759e-07, -9.12097e-08, 1.11759e-07, 1)

[6]
    Time: 0.166667
    HumanoidRootPart.CFrame = CFrame.new(0, 0, 0, 1, 0, 0, 0, 1, 0, 0, 0, 1)
    Torso.CFrame = CFrame.new(0.352809, 2.49106e-09, -0.0404701, 0.994905, 2.53951e-07, 0.100819, -2.54639e-07, 1, -6.04685e-09, -0.100819, -1.96563e-08, 0.994905)
    Left Leg.CFrame = CFrame.new(0.0080202, -0.000333309, -0.00409549, 0.999859, 0.0167918, -1.68273e-07, -0.0167918, 0.999859, -3.37046e-08, 1.67683e-07, 3.65254e-08, 1)
    Right Arm.CFrame = CFrame.new(2.48092e-07, 0.00278902, -0.000160992, 1, 9.94323e-09, 2.79749e-07, -9.94326e-09, 1, 1.2666e-07, -2.79749e-07, -1.2666e-07, 1)
    Head.CFrame = CFrame.new(1.49012e-07, 2.57572e-14, 0.016662, 0.999955, -0.00949389, -0.000759605, 0.00949698, 0.999946, 0.00417126, 0.000719962, -0.00417828, 0.999991)
    Right Leg.CFrame = CFrame.new(-0.00799481, -0.000331998, -0.00409544, 0.999859, -0.0167659, 7.35276e-07, 0.0167659, 0.999859, 3.01083e-08, -7.35677e-07, -1.77765e-08, 1)
    Left Arm.CFrame = CFrame.new(2.28669e-07, 0.00278902, -0.000160813, 1, -3.27272e-08, 8.97319e-08, 3.27272e-08, 1, -2.01166e-07, -8.97319e-08, 2.01166e-07, 1)

[7]
    Time: 0.200000
    HumanoidRootPart.CFrame = CFrame.new(0, 0, 0, 1, 0, 0, 0, 1, 0, 0, 0, 1)
    Torso.CFrame = CFrame.new(0.381999, 3.41059e-09, -0.0408561, 0.99394, 2.53615e-07, 0.109922, -2.54727e-07, 1, -3.93489e-09, -0.109922, -2.40891e-08, 0.99394)
    Left Leg.CFrame = CFrame.new(0.00800206, -0.000332952, -0.00409526, 0.999859, 0.0167823, -1.29241e-07, -0.0167823, 0.999859, -1.64428e-07, 1.26463e-07, 1.66574e-07, 1)
    Right Arm.CFrame = CFrame.new(2.48092e-07, 0.00278944, -0.000160992, 1, 1.05123e-08, 2.7866e-07, -1.05124e-08, 1, 6.33299e-08, -2.7866e-07, -6.33299e-08, 1)
    Head.CFrame = CFrame.new(5.96047e-08, -1.82077e-14, 0.0166622, 0.999955, -0.00949385, -0.000759631, 0.00949694, 0.999946, 0.00417127, 0.000719989, -0.00417829, 0.999991)
    Right Leg.CFrame = CFrame.new(-0.0079948, -0.000331521, -0.0040952, 0.999859, -0.0167659, 7.34179e-07, 0.0167659, 0.999859, 1.15786e-07, -7.36017e-07, -1.03461e-07, 1)
    Left Arm.CFrame = CFrame.new(2.28669e-07, 0.00278914, -0.000160933, 1, -3.33546e-08, 8.88597e-08, 3.33546e-08, 1, -9.31323e-08, -8.88597e-08, 9.31323e-08, 1)

[8]
    Time: 0.233333
    HumanoidRootPart.CFrame = CFrame.new(0, 0, 0, 1, 0, 0, 0, 1, 0, 0, 0, 1)
    Torso.CFrame = CFrame.new(0.399122, 3.94966e-09, -0.0410991, 0.993336, 2.53399e-07, 0.115257, -2.54787e-07, 1, -2.69678e-09, -0.115257, -2.66871e-08, 0.993336)
    Left Leg.CFrame = CFrame.new(0.0080138, -0.000332952, -0.00409544, 0.999859, 0.0167885, -1.69061e-07, -0.0167885, 0.999859, -4.11485e-08, 1.68346e-07, 4.3981e-08, 1)
    Right Arm.CFrame = CFrame.new(2.48092e-07, 0.00278914, -0.000160992, 1, 1.0857e-08, 2.78012e-07, -1.08571e-08, 1, 1.71363e-07, -2.78012e-07, -1.71363e-07, 1)
    Head.CFrame = CFrame.new(1.15484e-07, 2.22045e-15, 0.0166619, 0.999955, -0.00949387, -0.000759627, 0.00949696, 0.999946, 0.00417126, 0.000719985, -0.00417828, 0.999991)
    Right Leg.CFrame = CFrame.new(-0.00800546, -0.000331998, -0.00409532, 0.999859, -0.0167715, 7.35257e-07, 0.0167715, 0.999859, 1.52061e-08, -7.35409e-07, -2.87255e-09, 1)
    Left Arm.CFrame = CFrame.new(2.28669e-07, 0.00278908, -0.000160992, 1, -3.37307e-08, 8.83464e-08, 3.37307e-08, 1, -1.04308e-07, -8.83464e-08, 1.04308e-07, 1)

[9]
    Time: 0.266667
    HumanoidRootPart.CFrame = CFrame.new(0, 0, 0, 1, 0, 0, 0, 1, 0, 0, 0, 1)
    Torso.CFrame = CFrame.new(0.409167, 4.26577e-09, -0.0412474, 0.992968, 2.53266e-07, 0.118384, -2.54825e-07, 1, -1.97075e-09, -0.118384, -2.82103e-08, 0.992968)
    Left Leg.CFrame = CFrame.new(0.00801248, -0.000332713, -0.00409561, 0.999859, 0.0167878, -1.29907e-07, -0.0167878, 0.999859, 2.18574e-08, 1.30255e-07, -1.96734e-08, 1)
    Right Arm.CFrame = CFrame.new(2.48092e-07, 0.00278974, -0.000160933, 1, 1.10631e-08, 2.77628e-07, -1.10631e-08, 1, 1.04308e-07, -2.77628e-07, -1.04308e-07, 1)
    Head.CFrame = CFrame.new(2.98023e-08, -8.65973e-15, 0.0166624, 0.999955, -0.0094939, -0.000759605, 0.00949699, 0.999946, 0.00417128, 0.000719962, -0.00417831, 0.999991)
    Right Leg.CFrame = CFrame.new(-0.00801054, -0.000331879, -0.00409526, 0.999859, -0.0167741, 7.35577e-07, 0.0167741, 0.999859, -1.83209e-08, -7.35166e-07, 3.0657e-08, 1)
    Left Arm.CFrame = CFrame.new(2.28669e-07, 0.00278896, -0.000160992, 1, -3.39541e-08, 8.80448e-08, 3.39541e-08, 1, -1.04308e-07, -8.80448e-08, 1.04308e-07, 1)

[10]
    Time: 0.300000
    HumanoidRootPart.CFrame = CFrame.new(0, 0, 0, 1, 0, 0, 0, 1, 0, 0, 0, 1)
    Torso.CFrame = CFrame.new(0.415061, 4.45118e-09, -0.0413365, 0.992748, 2.53186e-07, 0.120218, -2.54849e-07, 1, -1.54489e-09, -0.120218, -2.91037e-08, 0.992748)
    Left Leg.CFrame = CFrame.new(0.00802608, -0.000333309, -0.00409526, 0.999859, 0.0167949, -1.6822e-07, -0.0167949, 0.999859, -5.23304e-08, 1.67317e-07, 5.51482e-08, 1)
    Right Arm.CFrame = CFrame.new(2.48092e-07, 0.00278997, -0.000160933, 1, 1.11853e-08, 2.77401e-07, -1.11853e-08, 1, 1.37836e-07, -2.77401e-07, -1.37836e-07, 1)
    Head.CFrame = CFrame.new(8.19564e-08, 5.10703e-15, 0.0166624, 0.999955, -0.00949388, -0.000759616, 0.00949697, 0.999946, 0.00417127, 0.000719974, -0.00417829, 0.999991)
    Right Leg.CFrame = CFrame.new(-0.0080028, -0.00033164, -0.00409508, 0.999859, -0.0167701, 7.36287e-07, 0.0167701, 0.999859, 5.24693e-08, -7.37064e-07, -4.01144e-08, 1)
    Left Arm.CFrame = CFrame.new(2.28669e-07, 0.00278944, -0.000160754, 1, -1.97551e-08, 2.06212e-07, 1.97551e-08, 1, -1.60188e-07, -2.06212e-07, 1.60188e-07, 1)

[11]
    Time: 0.333333
    HumanoidRootPart.CFrame = CFrame.new(0, 0, 0, 1, 0, 0, 0, 1, 0, 0, 0, 1)
    Torso.CFrame = CFrame.new(0.418519, 4.55994e-09, -0.0413895, 0.992617, 2.53138e-07, 0.121294, -2.54863e-07, 1, -1.29508e-09, -0.121294, -2.96277e-08, 0.992617)
    Left Leg.CFrame = CFrame.new(0.00802022, -0.000333071, -0.00409526, 0.999859, 0.0167918, -1.28714e-07, -0.0167918, 0.999859, 6.94622e-09, 1.28813e-07, -4.7839e-09, 1)
    Right Arm.CFrame = CFrame.new(2.48092e-07, 0.00278944, -0.000161052, 1, 1.12575e-08, 2.77268e-07, -1.12575e-08, 1, 1.00583e-07, -2.77268e-07, -1.00583e-07, 1)
    Head.CFrame = CFrame.new(1.19209e-07, 6.66134e-15, 0.0166621, 0.999955, -0.00949385, -0.000759623, 0.00949694, 0.999946, 0.00417126, 0.000719981, -0.00417829, 0.999991)
    Right Leg.CFrame = CFrame.new(-0.00800547, -0.000332355, -0.00409526, 0.999859, -0.0167715, 7.32906e-07, 0.0167715, 0.999859, -1.46187e-08, -7.32558e-07, 2.69086e-08, 1)
    Left Arm.CFrame = CFrame.new(2.28669e-07, 0.00278914, -0.000160813, 1, -1.97047e-08, 2.06093e-07, 1.97047e-08, 1, -2.30968e-07, -2.06093e-07, 2.30968e-07, 1)

[12]
    Time: 0.366667
    HumanoidRootPart.CFrame = CFrame.new(0, 0, 0, 1, 0, 0, 0, 1, 0, 0, 0, 1)
    Torso.CFrame = CFrame.new(0.420547, 4.62373e-09, -0.0414209, 0.992539, 2.5311e-07, 0.121925, -2.54871e-07, 1, -1.14853e-09, -0.121925, -2.99351e-08, 0.992539)
    Left Leg.CFrame = CFrame.new(0.00801484, -0.000332832, -0.00409555, 0.999859, 0.0167891, -2.08449e-07, -0.0167891, 0.999859, -1.19054e-07, 2.06421e-07, 1.22537e-07, 1)
    Right Arm.CFrame = CFrame.new(2.48092e-07, 0.00278986, -0.000160933, 1, 1.13e-08, 2.7719e-07, -1.13e-08, 1, 1.56462e-07, -2.7719e-07, -1.56462e-07, 1)
    Head.CFrame = CFrame.new(8.9407e-08, 1.33226e-15, 0.016662, 0.999955, -0.00949387, -0.000759634, 0.00949696, 0.999946, 0.00417125, 0.000719992, -0.00417827, 0.999991)
    Right Leg.CFrame = CFrame.new(-0.00801081, -0.000331879, -0.0040952, 0.999859, -0.0167742, 7.14362e-07, 0.0167742, 0.999859, 1.15621e-07, -7.16201e-07, -1.03622e-07, 1)
    Left Arm.CFrame = CFrame.new(2.28669e-07, 0.00278938, -0.000160933, 1, -1.96752e-08, 2.06022e-07, 1.96753e-08, 1, -2.04891e-07, -2.06022e-07, 2.04891e-07, 1)

[13]
    Time: 0.400000
    HumanoidRootPart.CFrame = CFrame.new(0, 0, 0, 1, 0, 0, 0, 1, 0, 0, 0, 1)
    Torso.CFrame = CFrame.new(0.421738, 4.66119e-09, -0.0414393, 0.992494, 2.53093e-07, 0.122295, -2.54876e-07, 1, -1.06255e-09, -0.122295, -3.01155e-08, 0.992494)
    Left Leg.CFrame = CFrame.new(0.00803087, -0.000333428, -0.00409544, 0.999859, 0.0167974, -2.07954e-07, -0.0167974, 0.999859, 2.25152e-08, 2.08303e-07, -1.90189e-08, 1)
    Right Arm.CFrame = CFrame.new(2.48092e-07, 0.0027895, -0.000160933, 1, 1.13249e-08, 2.77144e-07, -1.1325e-08, 1, 1.52737e-07, -2.77144e-07, -1.52737e-07, 1)
    Head.CFrame = CFrame.new(5.96047e-08, -2.35367e-14, 0.0166622, 0.999955, -0.00949389, -0.000759623, 0.00949697, 0.999946, 0.00417129, 0.000719981, -0.00417831, 0.999991)
    Right Leg.CFrame = CFrame.new(-0.00800012, -0.000331759, -0.00409508, 0.999859, -0.0167686, 7.3514e-07, 0.0167686, 0.999859, -2.9503e-08, -7.34542e-07, 4.18262e-08, 1)
    Left Arm.CFrame = CFrame.new(2.28669e-07, 0.00278914, -0.000160873, 1, -1.9658e-08, 2.05981e-07, 1.96581e-08, 1, -1.08033e-07, -2.05981e-07, 1.08033e-07, 1)

[14]
    Time: 0.433333
    HumanoidRootPart.CFrame = CFrame.new(0, 0, 0, 1, 0, 0, 0, 1, 0, 0, 0, 1)
    Torso.CFrame = CFrame.new(0.422436, -3.94158e-09, -0.04145, 0.992467, 2.19934e-07, 0.122512, -2.2062e-07, 1, -7.96722e-09, -0.122512, -1.91215e-08, 0.992467)
    Left Leg.CFrame = CFrame.new(0.00801164, -0.000332577, -0.00409532, 0.999859, 0.0167874, -1.61697e-07, -0.0167874, 0.999859, -1.98251e-07, 1.58346e-07, 2.00937e-07, 1)
    Right Arm.CFrame = CFrame.new(2.46648e-07, 0.00278961, -0.000161059, 1, -2.26857e-07, 3.59902e-07, 2.26857e-07, 1, 6.86478e-08, -3.59902e-07, -6.86478e-08, 1)
    Head.CFrame = CFrame.new(1.15484e-07, 1.78468e-14, 0.0166622, 0.999955, -0.00949386, -0.000759611, 0.00949695, 0.999946, 0.00417127, 0.000719969, -0.00417829, 0.999991)
    Right Leg.CFrame = CFrame.new(-0.00801081, -0.000332126, -0.00409526, 0.999859, -0.0167742, 6.94089e-07, 0.0167742, 0.999859, -4.41329e-08, -6.93251e-07, 5.57695e-08, 1)
    Left Arm.CFrame = CFrame.new(2.2991e-07, 0.00278899, -0.00016082, 1, 2.31954e-07, 1.23964e-07, -2.31954e-07, 1, -1.05462e-07, -1.23964e-07, 1.05462e-07, 1)

[15]
    Time: 0.466667
    HumanoidRootPart.CFrame = CFrame.new(0, 0, 0, 1, 0, 0, 0, 1, 0, 0, 0, 1)
    Torso.CFrame = CFrame.new(-0.0837148, -0.0723493, -0.0447729, 0.957993, -0.276532, 0.0760279, 0.281529, 0.957321, -0.065409, -0.0546954, 0.0840654, 0.994958)
    Left Leg.CFrame = CFrame.new(-0.271918, 0.143482, -0.001315, 0.997904, 0.0292351, 0.0577359, -0.035952, 0.992248, 0.118959, -0.0538105, -0.120786, 0.991219)
    Right Arm.CFrame = CFrame.new(-0.0121124, -1.05576, -0.0597273, -0.516355, -0.779101, 0.355497, 0.831645, -0.357157, 0.425212, -0.204315, 0.515208, 0.832356)
    Head.CFrame = CFrame.new(1.00117e-07, 4.42378e-09, 0.0166619, 0.993916, 0.0973056, -0.0516019, -0.0913169, 0.98996, 0.107891, 0.0615822, -0.102523, 0.992823)
    Right Leg.CFrame = CFrame.new(-0.137199, -0.0729855, -0.0275943, 0.941052, -0.0255278, -0.337297, -0.0260442, 0.98872, -0.147493, 0.337257, 0.147583, 0.929772)
    Left Arm.CFrame = CFrame.new(0.0104106, -0.721563, -0.0530002, -0.602861, 0.732112, -0.317128, -0.778391, -0.45246, 0.435187, 0.175118, 0.509207, 0.84264)

[16]
    Time: 0.500000
    HumanoidRootPart.CFrame = CFrame.new(0, 0, 0, 1, 0, 0, 0, 1, 0, 0, 0, 1)
    Torso.CFrame = CFrame.new(-0.0593979, -0.0819855, -0.0294957, 0.959741, -0.277542, 0.0432094, 0.279111, 0.959591, -0.0358032, -0.0315264, 0.046422, 0.998424)
    Left Leg.CFrame = CFrame.new(-0.224571, 0.0864226, 0.00365949, 0.998477, -0.00935126, 0.0543675, 0.00526363, 0.997181, 0.0748468, -0.0549142, -0.0744466, 0.995712)
    Right Arm.CFrame = CFrame.new(-0.0126949, -1.00893, -0.0566373, -0.516355, -0.779102, 0.355497, 0.831645, -0.357158, 0.425212, -0.204315, 0.515208, 0.832356)
    Head.CFrame = CFrame.new(8.9407e-08, -6.51926e-09, 0.0166618, 0.99516, 0.0940434, -0.0285039, -0.0918523, 0.993287, 0.0703166, 0.0349253, -0.0673581, 0.997117)
    Right Leg.CFrame = CFrame.new(-0.144534, -0.0418345, -0.0264629, 0.938818, 0.0368257, -0.342439, -0.0689628, 0.994231, -0.0821466, 0.337438, 0.100736, 0.935942)
    Left Arm.CFrame = CFrame.new(0.0117381, -0.813059, -0.0526804, -0.567779, 0.752767, -0.333121, -0.801639, -0.413651, 0.431588, 0.18709, 0.512089, 0.838309)

[17]
    Time: 0.533333
    HumanoidRootPart.CFrame = CFrame.new(0, 0, 0, 1, 0, 0, 0, 1, 0, 0, 0, 1)
    Torso.CFrame = CFrame.new(-0.0435739, -0.0882102, -0.0204051, 0.960469, -0.277533, 0.0217796, 0.277905, 0.960468, -0.016433, -0.0163579, 0.0218361, 0.999628)
    Left Leg.CFrame = CFrame.new(-0.176407, 0.0512071, 0.00415015, 0.998219, -0.0263503, 0.0535265, 0.0238791, 0.998642, 0.0462942, -0.0546737, -0.0449336, 0.997493)
    Right Arm.CFrame = CFrame.new(-0.0130746, -0.978408, -0.0546228, -0.516355, -0.779102, 0.355497, 0.831645, -0.357158, 0.425212, -0.204315, 0.515208, 0.832356)
    Head.CFrame = CFrame.new(8.56817e-08, -9.77888e-09, 0.0166618, 0.995636, 0.0923568, -0.0133713, -0.091659, 0.994739, 0.0457587, 0.0175271, -0.0443335, 0.998863)
    Right Leg.CFrame = CFrame.new(-0.196874, -0.017539, -0.0441636, 0.937646, 0.0521689, -0.343654, -0.0698093, 0.996792, -0.0391523, 0.340509, 0.0607013, 0.93828)
    Left Arm.CFrame = CFrame.new(0.012573, -0.872688, -0.0524823, -0.544349, 0.765321, -0.343466, -0.815883, -0.387856, 0.428838, 0.194984, 0.513666, 0.835541)

[18]
    Time: 0.566667
    HumanoidRootPart.CFrame = CFrame.new(0, 0, 0, 1, 0, 0, 0, 1, 0, 0, 0, 1)
    Torso.CFrame = CFrame.new(-0.0339647, -0.0919783, -0.0152204, 0.960752, -0.27727, 0.00876699, 0.277316, 0.960767, -0.00465637, -0.00713197, 0.00690485, 0.999951)
    Left Leg.CFrame = CFrame.new(-0.136127, 0.0312169, 0.00316155, 0.998079, -0.0311914, 0.0535288, 0.0296652, 0.999137, 0.0290729, -0.0543896, -0.0274291, 0.998143)
    Right Arm.CFrame = CFrame.new(-0.0133052, -0.959872, -0.0533996, -0.516355, -0.779102, 0.355497, 0.831645, -0.357158, 0.425212, -0.204315, 0.515208, 0.832356)
    Head.CFrame = CFrame.new(8.75443e-08, 2.32831e-09, 0.0166622, 0.995796, 0.0915034, -0.00416309, -0.0913329, 0.995343, 0.0308379, 0.0069655, -0.0303281, 0.999516)
    Right Leg.CFrame = CFrame.new(-0.196727, -0.00402415, -0.0438412, 0.935887, 0.0779894, -0.343561, -0.0877624, 0.996057, -0.0129632, 0.341195, 0.0422837, 0.939041)
    Left Arm.CFrame = CFrame.new(0.0130679, -0.908891, -0.052366, -0.529921, 0.772584, -0.34971, -0.824173, -0.372018, 0.427014, 0.199806, 0.514506, 0.833883)

[19]
    Time: 0.600000
    HumanoidRootPart.CFrame = CFrame.new(0, 0, 0, 1, 0, 0, 0, 1, 0, 0, 0, 1)
    Torso.CFrame = CFrame.new(-0.028678, -0.0940488, -0.0124774, 0.960856, -0.277042, 0.00161385, 0.277039, 0.960857, 0.00182208, -0.00205547, -0.00130366, 0.999997)
    Left Leg.CFrame = CFrame.new(-0.108113, 0.0208701, 0.00208294, 0.99808, -0.0308672, 0.053693, 0.0298499, 0.999361, 0.0196475, -0.0542652, -0.0180071, 0.998364)
    Right Arm.CFrame = CFrame.new(-0.013432, -0.949679, -0.052727, -0.516355, -0.779101, 0.355497, 0.831645, -0.357157, 0.425212, -0.204315, 0.515208, 0.832356)
    Head.CFrame = CFrame.new(8.75443e-08, -1.90921e-08, 0.016662, 0.995842, 0.0910893, 0.000904932, -0.0910864, 0.995586, 0.0226331, 0.0011607, -0.0226214, 0.999743)
    Right Leg.CFrame = CFrame.new(-0.196507, 0.00341165, -0.0437742, 0.934714, 0.0921696, -0.343242, -0.0976035, 0.995224, 0.00145098, 0.341736, 0.0321454, 0.939246)
    Left Arm.CFrame = CFrame.new(0.013336, -0.928798, -0.0523033, -0.521926, 0.776461, -0.35313, -0.828614, -0.363257, 0.425962, 0.202466, 0.514929, 0.83298)

[20]
    Time: 0.633333
    HumanoidRootPart.CFrame = CFrame.new(0, 0, 0, 1, 0, 0, 0, 1, 0, 0, 0, 1)
    Torso.CFrame = CFrame.new(-0.0261699, -0.0950305, -0.0112028, 0.960893, -0.276914, -0.00177746, 0.276919, 0.960881, 0.0048947, 0.000352521, -0.0051955, 0.999986)
    Left Leg.CFrame = CFrame.new(-0.0925086, 0.0161571, 0.00139272, 0.998115, -0.0295183, 0.0538113, 0.0287395, 0.999472, 0.0151896, -0.0542312, -0.0136144, 0.998436)
    Right Arm.CFrame = CFrame.new(-0.0134921, -0.944845, -0.0524081, -0.516355, -0.779102, 0.355497, 0.831645, -0.357158, 0.425212, -0.204315, 0.515208, 0.832356)
    Head.CFrame = CFrame.new(8.68458e-08, -1.02445e-08, 0.0166619, 0.995854, 0.0909065, 0.00330924, -0.0909528, 0.995679, 0.0187425, -0.0015911, -0.0189658, 0.999819)
    Right Leg.CFrame = CFrame.new(-0.196369, 0.00693756, -0.04377, 0.934107, 0.0988875, -0.343024, -0.102261, 0.994723, 0.00828783, 0.342033, 0.0273362, 0.93929)
    Left Arm.CFrame = CFrame.new(0.0134623, -0.938238, -0.052274, -0.51812, 0.778271, -0.354749, -0.83069, -0.359089, 0.425451, 0.20373, 0.515121, 0.832553)

[21]
    Time: 0.666667
    HumanoidRootPart.CFrame = CFrame.new(0, 0, 0, 1, 0, 0, 0, 1, 0, 0, 0, 1)
    Torso.CFrame = CFrame.new(-0.0252381, -0.0953952, -0.0107341, 0.960905, -0.276863, -0.00303689, 0.276877, 0.960887, 0.00603596, 0.00124697, -0.00664083, 0.999977)
    Left Leg.CFrame = CFrame.new(-0.0862423, 0.014446, 0.00110197, 0.998134, -0.0287735, 0.0538614, 0.0280829, 0.999514, 0.0135358, -0.0542247, -0.011998, 0.998457)
    Right Arm.CFrame = CFrame.new(-0.0135144, -0.943049, -0.0522895, -0.516355, -0.779101, 0.355497, 0.831645, -0.357157, 0.425212, -0.204315, 0.515208, 0.832356)
    Head.CFrame = CFrame.new(9.03383e-08, -9.31314e-10, 0.0166621, 0.995857, 0.090841, 0.00420236, -0.0909006, 0.99571, 0.0172975, -0.00261301, -0.0176079, 0.999842)
    Right Leg.CFrame = CFrame.new(-0.196312, 0.00824714, -0.0437728, 0.933873, 0.101381, -0.342932, -0.103989, 0.994519, 0.0108272, 0.34215, 0.02555, 0.939298)
    Left Arm.CFrame = CFrame.new(0.013509, -0.941744, -0.0522631, -0.516704, 0.778938, -0.355349, -0.831457, -0.357539, 0.425259, 0.204199, 0.515191, 0.832395)

[22]
    Time: 0.700000
    HumanoidRootPart.CFrame = CFrame.new(0, 0, 0, 1, 0, 0, 0, 1, 0, 0, 0, 1)
    Torso.CFrame = CFrame.new(-0.0250231, -0.0954793, -0.0106263, 0.960907, -0.276851, -0.00332751, 0.276867, 0.960888, 0.00629933, 0.00145339, -0.00697435, 0.999975)
    Left Leg.CFrame = CFrame.new(-0.0847536, 0.0140551, 0.00103176, 0.998139, -0.0285795, 0.0538734, 0.0279091, 0.999524, 0.0131544, -0.0542238, -0.0116263, 0.998461)
    Right Arm.CFrame = CFrame.new(-0.0135196, -0.942635, -0.0522622, -0.516355, -0.779102, 0.355497, 0.831645, -0.357158, 0.425212, -0.204315, 0.515208, 0.832356)
    Head.CFrame = CFrame.new(9.40636e-08, 1.30385e-08, 0.0166621, 0.995857, 0.0908259, 0.00440846, -0.0908882, 0.995717, 0.0169641, -0.00284883, -0.0172944, 0.999846)
    Right Leg.CFrame = CFrame.new(-0.196298, 0.00855029, -0.0437742, 0.933819, 0.101957, -0.34291, -0.104388, 0.994471, 0.0114133, 0.342177, 0.0251377, 0.939299)
    Left Arm.CFrame = CFrame.new(0.0135197, -0.942553, -0.0522606, -0.516376, 0.779092, -0.355488, -0.831633, -0.357182, 0.425215, 0.204308, 0.515206, 0.832358)

[23]
    Time: 0.733333
    HumanoidRootPart.CFrame = CFrame.new(0, 0, 0, 1, 0, 0, 0, 1, 0, 0, 0, 1)
    Torso.CFrame = CFrame.new(-0.0250087, -0.0954849, -0.0106189, 0.960907, -0.27685, -0.00334688, 0.276866, 0.960888, 0.00631689, 0.00146715, -0.00699658, 0.999974)
    Left Leg.CFrame = CFrame.new(-0.0846557, 0.0140286, 0.00102747, 0.998139, -0.0285674, 0.0538745, 0.0278984, 0.999525, 0.0131289, -0.0542239, -0.0116014, 0.998461)
    Right Arm.CFrame = CFrame.new(-0.0135199, -0.942607, -0.0522603, -0.516355, -0.779102, 0.355497, 0.831645, -0.357158, 0.425212, -0.204315, 0.515208, 0.832356)
    Head.CFrame = CFrame.new(9.12696e-08, 2.79397e-09, 0.0166616, 0.995857, 0.090825, 0.00442223, -0.0908874, 0.995717, 0.0169419, -0.00286456, -0.0172736, 0.999847)
    Right Leg.CFrame = CFrame.new(-0.196297, 0.00856981, -0.043774, 0.933815, 0.101995, -0.342908, -0.104415, 0.994468, 0.0114524, 0.342179, 0.0251102, 0.939299)
    Left Arm.CFrame = CFrame.new(0.0135205, -0.942608, -0.0522605, -0.516355, 0.779102, -0.355497, -0.831645, -0.357158, 0.425212, 0.204315, 0.515208, 0.832356)

[24]
    Time: 0.766667
    HumanoidRootPart.CFrame = CFrame.new(0, 0, 0, 1, 0, 0, 0, 1, 0, 0, 0, 1)
    Torso.CFrame = CFrame.new(0.12673, -0.314556, -0.156317, 0.96108, -0.253959, -0.108769, 0.272066, 0.938446, 0.212837, 0.0480224, -0.234146, 0.971015)
    Left Leg.CFrame = CFrame.new(-0.235625, -0.150569, 0.00660706, 0.812926, -0.576989, 0.0789642, 0.581958, 0.809934, -0.0730178, -0.0218253, 0.105312, 0.9942)
    Right Arm.CFrame = CFrame.new(0.0412472, -0.474244, -0.0699734, -0.328981, -0.832701, 0.445401, 0.933374, -0.215062, 0.287336, -0.143476, 0.510253, 0.847972)
    Head.CFrame = CFrame.new(8.47504e-08, 1.30385e-08, 0.016662, 0.995086, 0.0849572, 0.0508489, -0.0724594, 0.974848, -0.210762, -0.0674758, 0.206042, 0.976214)
    Right Leg.CFrame = CFrame.new(-0.0244949, 0.0765041, 0.00793147, 0.731907, 0.624793, -0.271932, -0.559346, 0.778803, 0.283899, 0.389159, -0.0556833, 0.919486)
    Left Arm.CFrame = CFrame.new(0.15483, -1.09841, -0.0556874, -0.30518, 0.945693, -0.111933, -0.856805, -0.221375, 0.465702, 0.415632, 0.238027, 0.877834)

[25]
    Time: 0.800000
    HumanoidRootPart.CFrame = CFrame.new(0, 0, 0, 1, 0, 0, 0, 1, 0, 0, 0, 1)
    Torso.CFrame = CFrame.new(0.0740172, -0.238677, -0.101179, 0.961592, -0.264554, -0.0731585, 0.272621, 0.951514, 0.142472, 0.0319198, -0.156944, 0.987091)
    Left Leg.CFrame = CFrame.new(-0.26652, -0.0892081, 0.0114696, 0.896991, -0.436998, 0.0666341, 0.440183, 0.896834, -0.0439041, -0.0405737, 0.0687128, 0.996811)
    Right Arm.CFrame = CFrame.new(0.0222792, -0.635369, -0.0639241, -0.395907, -0.817724, 0.417834, 0.903392, -0.265198, 0.336976, -0.164744, 0.510879, 0.843719)
    Head.CFrame = CFrame.new(6.13218e-08, 8.09813e-09, 0.0166616, 0.995706, 0.0857941, 0.0347623, -0.0804626, 0.987813, -0.133232, -0.0457692, 0.129863, 0.990475)
    Right Leg.CFrame = CFrame.new(0.0218369, 0.0284193, 0.0333456, 0.801937, 0.511434, -0.308761, -0.47424, 0.859292, 0.191606, 0.36331, -0.00722878, 0.93164)
    Left Arm.CFrame = CFrame.new(0.106664, -1.0448, -0.0543218, -0.386114, 0.901255, -0.196612, -0.852973, -0.267676, 0.448092, 0.351217, 0.340719, 0.8721)

[26]
    Time: 0.833333
    HumanoidRootPart.CFrame = CFrame.new(0, 0, 0, 1, 0, 0, 0, 1, 0, 0, 0, 1)
    Torso.CFrame = CFrame.new(0.0366468, -0.184776, -0.0648828, 0.96159, -0.270412, -0.0471317, 0.27373, 0.95745, 0.0914426, 0.0203991, -0.100832, 0.994694)
    Left Leg.CFrame = CFrame.new(-0.246486, -0.0400087, 0.0109391, 0.94864, -0.31058, 0.0601794, 0.312358, 0.949696, -0.0225719, -0.0501419, 0.0402101, 0.997932)
    Right Arm.CFrame = CFrame.new(0.00877118, -0.750829, -0.0595606, -0.442414, -0.804721, 0.395847, 0.8786, -0.300422, 0.371225, -0.179811, 0.512026, 0.839939)
    Head.CFrame = CFrame.new(7.17118e-08, -2.468e-08, 0.016662, 0.995922, 0.0871603, 0.0232713, -0.0851402, 0.993391, -0.0769722, -0.0298265, 0.0746771, 0.996762)
    Right Leg.CFrame = CFrame.new(0.00633354, 0.0172792, 0.0290811, 0.857596, 0.396876, -0.327137, -0.377417, 0.917712, 0.123943, 0.349408, 0.0171745, 0.936813)
    Left Arm.CFrame = CFrame.new(0.071854, -1.0064, -0.0534437, -0.439212, 0.860772, -0.257226, -0.847067, -0.301403, 0.43776, 0.299283, 0.410157, 0.861511)

[27]
    Time: 0.866667
    HumanoidRootPart.CFrame = CFrame.new(0, 0, 0, 1, 0, 0, 0, 1, 0, 0, 0, 1)
    Torso.CFrame = CFrame.new(0.0110862, -0.147824, -0.0415099, 0.96141, -0.273578, -0.0290691, 0.274833, 0.959847, 0.0562179, 0.0125219, -0.0620376, 0.997995)
    Left Leg.CFrame = CFrame.new(-0.206929, -0.01038, 0.00845516, 0.97631, -0.208762, 0.0569032, 0.209529, 0.977771, -0.00779863, -0.0540102, 0.0195367, 0.998349)
    Right Arm.CFrame = CFrame.new(-0.000476153, -0.830202, -0.0565472, -0.473555, -0.794713, 0.379706, 0.860017, -0.324201, 0.394037, -0.190045, 0.513152, 0.836994)
    Head.CFrame = CFrame.new(8.47504e-08, 2.04891e-08, 0.0166621, 0.99596, 0.0884677, 0.0154234, -0.0878282, 0.995406, -0.0381203, -0.018725, 0.0366117, 0.999154)
    Right Leg.CFrame = CFrame.new(-0.0333108, 0.0128527, 0.0151942, 0.892955, 0.299698, -0.335877, -0.291001, 0.9536, 0.0772358, 0.343439, 0.0287723, 0.938734)
    Left Arm.CFrame = CFrame.new(0.0477856, -0.98, -0.0529072, -0.472923, 0.829035, -0.298405, -0.841511, -0.324599, 0.431851, 0.261157, 0.455343, 0.851152)

[28]
    Time: 0.900000
    HumanoidRootPart.CFrame = CFrame.new(0, 0, 0, 1, 0, 0, 0, 1, 0, 0, 0, 1)
    Torso.CFrame = CFrame.new(-0.00553701, -0.123745, -0.0269701, 0.961215, -0.275261, -0.017245, 0.275701, 0.960668, 0.0332414, 0.00741666, -0.0367066, 0.999299)
    Left Leg.CFrame = CFrame.new(-0.16505, 0.0045529, 0.00579131, 0.989505, -0.133512, 0.0552753, 0.133615, 0.991032, 0.00184139, -0.0550255, 0.00556354, 0.998469)
    Right Arm.CFrame = CFrame.new(-0.00648714, -0.881938, -0.0545768, -0.493452, -0.787734, 0.368755, 0.847251, -0.339481, 0.408556, -0.196648, 0.514031, 0.834926)
    Head.CFrame = CFrame.new(8.56817e-08, 2.14204e-08, 0.016662, 0.995935, 0.0894798, 0.0103411, -0.0893457, 0.995919, -0.0127708, -0.0114416, 0.0117949, 0.999865)
    Right Leg.CFrame = CFrame.new(-0.0828568, 0.0102929, -0.00257832, 0.913725, 0.222678, -0.339883, -0.220023, 0.974368, 0.046868, 0.341608, 0.0319577, 0.939299)
    Left Arm.CFrame = CFrame.new(0.0320401, -0.962792, -0.0525918, -0.493563, 0.806747, -0.324893, -0.837254, -0.339645, 0.42854, 0.235375, 0.48353, 0.843088)

[29]
    Time: 0.933333
    HumanoidRootPart.CFrame = CFrame.new(0, 0, 0, 1, 0, 0, 0, 1, 0, 0, 0, 1)
    Torso.CFrame = CFrame.new(-0.0156209, -0.109118, -0.0184102, 0.961066, -0.276136, -0.0100523, 0.276285, 0.960882, 0.019296, 0.00433071, -0.021322, 0.999763)
    Left Leg.CFrame = CFrame.new(-0.129622, 0.0109055, 0.00363171, 0.995104, -0.0824566, 0.0544819, 0.0821587, 0.99659, 0.00768972, -0.0549302, -0.00317591, 0.998485)
    Right Arm.CFrame = CFrame.new(-0.0101307, -0.913351, -0.0533783, -0.50537, -0.783324, 0.361946, 0.839255, -0.348668, 0.417231, -0.200628, 0.514621, 0.833615)
    Head.CFrame = CFrame.new(9.31323e-08, 7.91624e-09, 0.0166621, 0.995901, 0.090155, 0.00727049, -0.0901761, 0.995922, 0.00261774, -0.00700484, -0.00326264, 0.99997)
    Right Leg.CFrame = CFrame.new(-0.140343, 0.0101972, -0.0234482, 0.925909, 0.161095, -0.341673, -0.161125, 0.986522, 0.0284978, 0.341659, 0.0286657, 0.939387)
    Left Arm.CFrame = CFrame.new(0.0224585, -0.952341, -0.0524148, -0.505558, 0.79263, -0.340806, -0.834431, -0.348734, 0.426742, 0.219398, 0.500122, 0.8377)

[30]
    Time: 0.966667
    HumanoidRootPart.CFrame = CFrame.new(0, 0, 0, 1, 0, 0, 0, 1, 0, 0, 0, 1)
    Torso.CFrame = CFrame.new(-0.0211639, -0.10107, -0.0137889, 0.960975, -0.276569, -0.00609393, 0.276624, 0.960908, 0.0116317, 0.00263874, -0.0128635, 0.999914)
    Left Leg.CFrame = CFrame.new(-0.105048, 0.0131598, 0.00219023, 0.997197, -0.0516811, 0.0541079, 0.0511638, 0.998631, 0.0109022, -0.0545973, -0.00810327, 0.998476)
    Right Arm.CFrame = CFrame.new(-0.0121323, -0.930624, -0.0527185, -0.511869, -0.780844, 0.358151, 0.834781, -0.353688, 0.421955, -0.202807, 0.514963, 0.832876)
    Head.CFrame = CFrame.new(8.75443e-08, 1.62981e-08, 0.0166615, 0.995877, 0.0905458, 0.00558744, -0.0906032, 0.995825, 0.0110761, -0.0045612, -0.0115367, 0.999923)
    Right Leg.CFrame = CFrame.new(-0.196011, 0.0123298, -0.0437536, 0.932547, 0.114382, -0.342452, -0.115053, 0.993188, 0.0184256, 0.342227, 0.0222175, 0.939355)
    Left Arm.CFrame = CFrame.new(0.017183, -0.946595, -0.0523224, -0.511977, 0.784686, -0.349496, -0.832804, -0.353713, 0.425822, 0.210515, 0.509072, 0.834583)

[31]
    Time: 1.000000
    HumanoidRootPart.CFrame = CFrame.new(0, 0, 0, 1, 0, 0, 0, 1, 0, 0, 0, 1)
    Torso.CFrame = CFrame.new(-0.0237923, -0.0972523, -0.0116189, 0.960929, -0.276763, -0.00421613, 0.276789, 0.960897, 0.00799827, 0.00183765, -0.00885275, 0.999959)
    Left Leg.CFrame = CFrame.new(-0.0914535, 0.0138231, 0.0014118, 0.997892, -0.0360623, 0.0539458, 0.0354413, 0.999295, 0.0124246, -0.0543559, -0.0104865, 0.998467)
    Right Arm.CFrame = CFrame.new(-0.0130809, -0.938816, -0.0524054, -0.514938, -0.779655, 0.356339, 0.83264, -0.356061, 0.424183, -0.203838, 0.51513, 0.832521)
    Head.CFrame = CFrame.new(9.31323e-08, 4.65661e-10, 0.0166621, 0.995863, 0.090736, 0.00479068, -0.0907987, 0.995755, 0.0150861, -0.00340149, -0.0154587, 0.999875)
    Right Leg.CFrame = CFrame.new(-0.196211, 0.00975895, -0.043766, 0.933429, 0.105914, -0.342771, -0.107781, 0.994081, 0.0136573, 0.342189, 0.024196, 0.93932)
    Left Arm.CFrame = CFrame.new(0.0146795, -0.943869, -0.0522799, -0.514976, 0.780875, -0.353601, -0.832014, -0.356069, 0.425402, 0.20628, 0.513273, 0.833066)

[32]
    Time: 1.033333
    HumanoidRootPart.CFrame = CFrame.new(0, 0, 0, 1, 0, 0, 0, 1, 0, 0, 0, 1)
    Torso.CFrame = CFrame.new(-0.0247684, -0.0958341, -0.0108161, 0.960912, -0.276833, -0.0035186, 0.276851, 0.96089, 0.006649, 0.00154032, -0.00736323, 0.999972)
    Left Leg.CFrame = CFrame.new(-0.0860264, 0.0139934, 0.00110447, 0.998094, -0.0300625, 0.0538886, 0.029403, 0.999483, 0.0129898, -0.0542512, -0.0113806, 0.998462)
    Right Arm.CFrame = CFrame.new(-0.0134332, -0.941858, -0.0522891, -0.516075, -0.779211, 0.355664, 0.831842, -0.356941, 0.425009, -0.204221, 0.515192, 0.832389)
    Head.CFrame = CFrame.new(8.70787e-08, 3.72529e-09, 0.0166619, 0.995858, 0.0908073, 0.00449499, -0.0908699, 0.995725, 0.0165753, -0.00297061, -0.0169152, 0.999853)
    Right Leg.CFrame = CFrame.new(-0.19628, 0.00880468, -0.0437723, 0.93374, 0.102769, -0.342881, -0.10508, 0.994393, 0.0118877, 0.342181, 0.0249297, 0.939303)
    Left Arm.CFrame = CFrame.new(0.0137495, -0.942857, -0.0522642, -0.516083, 0.779453, -0.355123, -0.831718, -0.356943, 0.42525, 0.204703, 0.514826, 0.832497)

[33]
    Time: 1.066667
    HumanoidRootPart.CFrame = CFrame.new(0, 0, 0, 1, 0, 0, 0, 1, 0, 0, 0, 1)
    Torso.CFrame = CFrame.new(-0.0249937, -0.0955067, -0.0106313, 0.960908, -0.276849, -0.00335762, 0.276865, 0.960888, 0.00633765, 0.00147172, -0.0070195, 0.999974)
    Left Leg.CFrame = CFrame.new(-0.0847408, 0.0140268, 0.00103199, 0.998136, -0.0286604, 0.0538752, 0.027992, 0.999522, 0.0131202, -0.0542255, -0.0115877, 0.998461)
    Right Arm.CFrame = CFrame.new(-0.0135146, -0.94256, -0.0522621, -0.516338, -0.779108, 0.355508, 0.831657, -0.357144, 0.425199, -0.204309, 0.515207, 0.832358)
    Head.CFrame = CFrame.new(8.84757e-08, 1.21072e-08, 0.0166622, 0.995857, 0.0908239, 0.00442676, -0.0908864, 0.995718, 0.0169189, -0.00287116, -0.0172512, 0.999847)
    Right Leg.CFrame = CFrame.new(-0.196296, 0.00858474, -0.0437739, 0.933811, 0.102044, -0.342907, -0.104456, 0.994463, 0.0114795, 0.342179, 0.025099, 0.939299)
    Left Arm.CFrame = CFrame.new(0.0135347, -0.942623, -0.0522606, -0.516338, 0.779124, -0.355474, -0.831649, -0.357144, 0.425214, 0.204339, 0.515184, 0.832365)

[34]
    Time: 1.100000
    HumanoidRootPart.CFrame = CFrame.new(0, 0, 0, 1, 0, 0, 0, 1, 0, 0, 0, 1)
    Torso.CFrame = CFrame.new(-0.0250087, -0.0954849, -0.0106189, 0.960907, -0.27685, -0.00334688, 0.276866, 0.960888, 0.00631689, 0.00146715, -0.00699658, 0.999974)
    Left Leg.CFrame = CFrame.new(-0.0846558, 0.0140288, 0.00102746, 0.998139, -0.0285671, 0.0538745, 0.0278981, 0.999525, 0.013129, -0.0542239, -0.0116016, 0.998461)
    Right Arm.CFrame = CFrame.new(-0.01352, -0.942607, -0.0522603, -0.516355, -0.779102, 0.355497, 0.831645, -0.357158, 0.425212, -0.204315, 0.515208, 0.832356)
    Head.CFrame = CFrame.new(9.12696e-08, 2.79397e-09, 0.0166616, 0.995857, 0.090825, 0.00442223, -0.0908874, 0.995717, 0.0169419, -0.00286456, -0.0172736, 0.999847)
    Right Leg.CFrame = CFrame.new(-0.196297, 0.00856972, -0.0437741, 0.933815, 0.101995, -0.342908, -0.104414, 0.994468, 0.0114522, 0.342179, 0.0251103, 0.939299)
    Left Arm.CFrame = CFrame.new(0.0135205, -0.942607, -0.0522605, -0.516355, 0.779102, -0.355497, -0.831645, -0.357158, 0.425212, 0.204315, 0.515208, 0.832356)

[35]
    Time: 1.133333
    HumanoidRootPart.CFrame = CFrame.new(0, 0, 0, 1, 0, 0, 0, 1, 0, 0, 0, 1)
    Torso.CFrame = CFrame.new(-0.0837148, -0.0133504, -0.0430226, 0.957993, -0.276532, 0.0760279, 0.276866, 0.960888, 0.00631689, -0.0748011, 0.014998, 0.997086)
    Left Leg.CFrame = CFrame.new(-0.312758, 0.142834, -0.00220656, 0.996395, -0.0653308, 0.0541101, 0.0568541, 0.987708, 0.145602, -0.0629573, -0.142001, 0.987862)
    Right Arm.CFrame = CFrame.new(-0.0121123, -1.05576, -0.0597273, -0.516355, -0.779102, 0.355497, 0.831645, -0.357158, 0.425212, -0.204315, 0.515208, 0.832356)
    Head.CFrame = CFrame.new(1.00583e-07, 3.0268e-09, 0.0166616, 0.993053, 0.0932124, -0.0718128, -0.090592, 0.995127, 0.0389289, 0.0750915, -0.0321527, 0.996658)
    Right Leg.CFrame = CFrame.new(-0.196281, -0.0685407, -0.0485101, 0.939431, 0.0186523, -0.342229, -0.0712726, 0.987321, -0.141835, 0.335244, 0.157636, 0.92885)
    Left Arm.CFrame = CFrame.new(0.0104106, -0.721563, -0.0530002, -0.602861, 0.732112, -0.317128, -0.778391, -0.45246, 0.435187, 0.175118, 0.509207, 0.84264)

[36]
    Time: 1.166667
    HumanoidRootPart.CFrame = CFrame.new(0, 0, 0, 1, 0, 0, 0, 1, 0, 0, 0, 1)
    Torso.CFrame = CFrame.new(-0.0616335, -0.0442088, -0.0302401, 0.959798, -0.276856, 0.046237, 0.276866, 0.960888, 0.00631689, -0.0461774, 0.00673851, 0.998911)
    Left Leg.CFrame = CFrame.new(-0.256848, 0.0926707, 0.0036608, 0.996322, -0.0668864, 0.0535612, 0.0615728, 0.993537, 0.0953614, -0.0595934, -0.0917127, 0.994001)
    Right Arm.CFrame = CFrame.new(-0.0126412, -1.01325, -0.0569221, -0.516355, -0.779102, 0.355497, 0.831645, -0.357158, 0.425212, -0.204315, 0.515208, 0.832356)
    Head.CFrame = CFrame.new(1.05239e-07, 4.65661e-09, 0.016662, 0.994804, 0.0921823, -0.0432042, -0.0909042, 0.995387, 0.030673, 0.0458324, -0.0265861, 0.998595)
    Right Leg.CFrame = CFrame.new(-0.196706, -0.0398089, -0.045393, 0.9379, 0.0499169, -0.343295, -0.0838614, 0.992867, -0.0847455, 0.336616, 0.108272, 0.935397)
    Left Arm.CFrame = CFrame.new(0.0116182, -0.804634, -0.0527091, -0.571055, 0.750935, -0.331653, -0.799567, -0.417265, 0.431951, 0.18598, 0.511847, 0.838704)

[37]
    Time: 1.200000
    HumanoidRootPart.CFrame = CFrame.new(0, 0, 0, 1, 0, 0, 0, 1, 0, 0, 0, 1)
    Torso.CFrame = CFrame.new(-0.0464735, -0.0654278, -0.0218751, 0.960544, -0.276936, 0.0257231, 0.276866, 0.960888, 0.00631689, -0.0264663, 0.0010542, 0.999649)
    Left Leg.CFrame = CFrame.new(-0.204101, 0.0591302, 0.00476086, 0.996724, -0.0606434, 0.0535079, 0.0573478, 0.996482, 0.0611133, -0.0570258, -0.0578446, 0.996696)
    Right Arm.CFrame = CFrame.new(-0.0130049, -0.984014, -0.0549929, -0.516355, -0.779102, 0.355497, 0.831645, -0.357158, 0.425212, -0.204315, 0.515208, 0.832356)
    Head.CFrame = CFrame.new(1.02445e-07, -7.45056e-09, 0.0166621, 0.995522, 0.0915668, -0.0235017, -0.0909785, 0.995539, 0.0249906, 0.0256852, -0.0227405, 0.999411)
