[1]
    Time: 0.000000
    HumanoidRootPart.CFrame = CFrame.new(0, 0, 0, 1, 0, 0, 0, 1, 0, 0, 0, 1)
    Torso.CFrame = CFrame.new(0.011682, -0.016733, -0.172892, 0.344697, -0.930171, 0.126359, 0.938714, 0.341559, -0.046399, 0, 0.134609, 0.990899)
    Left Leg.CFrame = CFrame.new(-0.162233, 0.025537, 0.021621, 0.949042, 0.291769, 0.119123, -0.285359, 0.955998, -0.068105, -0.133752, 0.030642, 0.990541)
    Right Arm.CFrame = CFrame.new(-0.010535, -0.643538, 0.18819, -0.319867, -0.878805, 0.3541, 0.941111, -0.337903, 0.011521, 0.109527, 0.336933, 0.935137)
    Head.CFrame = CFrame.new(0, -0, -0, 0.816414, 0.576911, -0.025333, -0.570298, 0.812393, 0.121568, 0.090714, -0.084803, 0.99226)
    Right Leg.CFrame = CFrame.new(0.013579, 0.046661, 0.052939, 0.864976, -0.28136, -0.415515, 0.253332, 0.959602, -0.122421, 0.433174, 0.000628, 0.90131)
    Left Arm.CFrame = CFrame.new(0.150205, -0.20014, -0.064546, -0.456113, 0.575181, -0.679064, -0.843969, -0.521609, 0.125062, -0.282272, 0.630151, 0.723348)

[2]
    Time: 0.033333
    HumanoidRootPart.CFrame = CFrame.new(0, 0, 0, 1, 0, 0, 0, 1, 0, 0, 0, 1)
    Torso.CFrame = CFrame.new(0.011682, -0.016733, -0.148875, 0.344697, -0.932175, 0.110611, 0.938714, 0.342295, -0.040616, 0, 0.117832, 0.993034)
    Left Leg.CFrame = CFrame.new(-0.156762, 0.025283, 0.021342, 0.960631, 0.251263, 0.118551, -0.24597, 0.967565, -0.057585, -0.129175, 0.026158, 0.991277)
    Right Arm.CFrame = CFrame.new(-0.034276, -0.692544, 0.191478, -0.386792, -0.888147, 0.248168, 0.918439, -0.346842, 0.190185, -0.082837, 0.301489, 0.949865)
    Head.CFrame = CFrame.new(0, 0, 0, 0.806196, 0.591412, -0.016697, -0.587206, 0.803276, 0.09968, 0.072364, -0.070557, 0.99488)
    Right Leg.CFrame = CFrame.new(-0.005704, 0.040792, 0.052659, 0.837231, -0.240045, -0.491348, 0.209532, 0.97075, -0.117223, 0.505115, -0.00481, 0.863039)
    Left Arm.CFrame = CFrame.new(0.204204, -0.242227, -0.068438, -0.520637, 0.762445, -0.384207, -0.852204, -0.436768, 0.288067, 0.051826, 0.4774, 0.877156)

[3]
    Time: 0.066667
    HumanoidRootPart.CFrame = CFrame.new(0, 0, 0, 1, 0, 0, 0, 1, 0, 0, 0, 1)
    Torso.CFrame = CFrame.new(0.011682, -0.016733, -0.094439, 0.344697, -0.935812, 0.07376, 0.938714, 0.343631, -0.027085, 0, 0.078576, 0.996908)
    Left Leg.CFrame = CFrame.new(-0.125694, 0.021127, 0.020727, 0.98059, 0.158451, 0.115486, -0.155462, 0.987239, -0.034503, -0.11948, 0.01588, 0.99271)
    Right Arm.CFrame = CFrame.new(-0.046467, -0.800357, 0.193167, -0.469919, -0.864524, 0.178252, 0.866149, -0.412672, 0.281935, -0.17018, 0.28688, 0.942729)
    Head.CFrame = CFrame.new(0, 0, -0, 0.801177, 0.598427, 8.8e-05, -0.597652, 0.800131, 0.051013, 0.030457, -0.040923, 0.998698)
    Right Leg.CFrame = CFrame.new(-0.050847, 0.027747, 0.052045, 0.812415, -0.145858, -0.564541, 0.123185, 0.989288, -0.078325, 0.569918, -0.00591, 0.82168)
    Left Arm.CFrame = CFrame.new(0.231933, -0.350461, -0.077, -0.504738, 0.836714, -0.212486, -0.836327, -0.412921, 0.36063, 0.214004, 0.359732, 0.908183)

[4]
    Time: 0.100000
    HumanoidRootPart.CFrame = CFrame.new(0, 0, 0, 1, 0, 0, 0, 1, 0, 0, 0, 1)
    Torso.CFrame = CFrame.new(0.011682, -0.016733, -0.036007, 0.344697, -0.938183, 0.031566, 0.938714, 0.344502, -0.011591, 0, 0.033627, 0.999434)
    Left Leg.CFrame = CFrame.new(-0.085895, 0.013286, 0.020112, 0.992212, 0.05871, 0.109856, -0.057793, 0.998262, -0.011511, -0.11034, 0.005073, 0.993881)
    Right Arm.CFrame = CFrame.new(-0.050959, -0.90817, 0.193789, -0.543339, -0.827401, 0.142095, 0.816579, -0.481577, 0.318249, -0.19489, 0.288949, 0.937298)
    Head.CFrame = CFrame.new(0, 0, -0, 0.798989, 0.601121, 0.016433, -0.601228, 0.799074, 0.002105, -0.011865, -0.011562, 0.999863)
    Right Leg.CFrame = CFrame.new(-0.102363, 0.013353, 0.05143, 0.786898, -0.04494, -0.615444, 0.036978, 0.998986, -0.025667, 0.615974, -0.00256, 0.787762)
    Left Arm.CFrame = CFrame.new(0.24215, -0.497799, -0.085562, -0.489925, 0.860231, -0.141341, -0.830249, -0.410982, 0.376538, 0.265821, 0.301824, 0.915555)

[5]
    Time: 0.133333
    HumanoidRootPart.CFrame = CFrame.new(0, 0, 0, 1, 0, 0, 0, 1, 0, 0, 0, 1)
    Torso.CFrame = CFrame.new(0.011682, -0.016733, -0, 0.344697, -0.938714, 0, 0.938714, 0.344697, 0, 0, 0, 1)
    Left Leg.CFrame = CFrame.new(-0.054011, 0, 0.019833, 0.994325, -0, 0.106382, 0, 1, -0, -0.106382, 0, 0.994325)
    Right Arm.CFrame = CFrame.new(-0.051601, -0.957175, 0.193878, -0.575722, -0.806362, 0.135368, 0.792751, -0.509948, 0.333915, -0.200226, 0.299555, 0.932833)
    Head.CFrame = CFrame.new(0, -0, 0, 0.798417, 0.601634, 0.023812, -0.6013, 0.79877, -0.020136, -0.031135, 0.001759, 0.999514)
    Right Leg.CFrame = CFrame.new(-0.139299, 0, 0.051151, 0.773723, 0.014222, -0.633365, -0.011005, 0.999899, 0.009009, 0.633429, -0, 0.773801)
    Left Arm.CFrame = CFrame.new(0.243609, -0.657199, -0.089454, -0.486416, 0.865696, -0.118196, -0.827982, -0.413514, 0.378751, 0.279007, 0.282095, 0.91792)

[6]
    Time: 0.166667
    HumanoidRootPart.CFrame = CFrame.new(0, 0, 0, 1, 0, 0, 0, 1, 0, 0, 0, 1)
    Torso.CFrame = CFrame.new(0.011682, -0.016733, 0.01125, 0.344499, -0.938665, -0.015151, 0.938786, 0.344474, 0.004262, 0.001218, -0.015691, 0.999876)
    Left Leg.CFrame = CFrame.new(-0.038332, -0.013218, 0.018589, 0.994223, -0.015692, 0.106178, 0.015732, 0.999876, 0.000455, -0.106172, 0.001218, 0.994347)
    Right Arm.CFrame = CFrame.new(-0.051069, -0.949626, 0.193363, -0.568996, -0.8095, 0.14475, 0.79346, -0.494201, 0.355228, -0.216022, 0.316977, 0.923504)
    Right Leg.CFrame = CFrame.new(-0.155351, -0.007656, 0.052353, 0.773333, 0.02991, -0.633294, -0.022371, 0.999552, 0.019891, 0.633605, -0.001215, 0.773656)
    Left Arm.CFrame = CFrame.new(0.191726, -0.802, -0.040488, -0.493114, 0.86429, -0.099199, -0.814884, -0.418952, 0.400553, 0.304635, 0.278355, 0.910888)

[7]
    Time: 0.200000
    HumanoidRootPart.CFrame = CFrame.new(0, 0, 0, 1, 0, 0, 0, 1, 0, 0, 0, 1)
    Torso.CFrame = CFrame.new(0.011682, -0.016733, 0.015395, 0.34412, -0.938683, -0.021359, 0.938919, 0.344112, 0.004124, 0.003479, -0.021473, 0.999763)
    Left Leg.CFrame = CFrame.new(-0.032744, -0.019875, 0.016261, 0.994153, -0.021473, 0.105823, 0.021721, 0.999763, -0.001187, -0.105772, 0.003479, 0.994384)
    Right Arm.CFrame = CFrame.new(-0.050083, -0.935604, 0.192408, -0.555105, -0.81686, 0.15684, 0.797939, -0.46973, 0.377687, -0.234845, 0.334805, 0.912553)
    Right Leg.CFrame = CFrame.new(-0.161636, -0.008494, 0.054591, 0.772967, 0.03569, -0.633442, -0.025404, 0.999357, 0.025307, 0.633937, -0.00347, 0.773377)
    Left Arm.CFrame = CFrame.new(0.095372, -0.907048, 0.050448, -0.505835, 0.858806, -0.081137, -0.794822, -0.427454, 0.430745, 0.335243, 0.282376, 0.898819)

[8]
    Time: 0.233333
    HumanoidRootPart.CFrame = CFrame.new(0, 0, 0, 1, 0, 0, 0, 1, 0, 0, 0, 1)
    Torso.CFrame = CFrame.new(0.011682, -0.016733, 0.015987, 0.343915, -0.93873, -0.022554, 0.938989, 0.343931, 0.003261, 0.004696, -0.0223, 0.99974)
    Left Leg.CFrame = CFrame.new(-0.03208, -0.021734, 0.015006, 0.994155, -0.0223, 0.105635, 0.022671, 0.99974, -0.002315, -0.105556, 0.004696, 0.994402)
    Right Arm.CFrame = CFrame.new(-0.049552, -0.928054, 0.191893, -0.547463, -0.820814, 0.162937, 0.800461, -0.456869, 0.387986, -0.244024, 0.342832, 0.907148)
    Right Leg.CFrame = CFrame.new(-0.162682, -0.007663, 0.055794, 0.772826, 0.036516, -0.633567, -0.025268, 0.999322, 0.026775, 0.634115, -0.004684, 0.773225)
    Left Arm.CFrame = CFrame.new(0.043488, -0.94757, 0.099414, -0.512566, 0.855544, -0.072946, -0.784114, -0.431761, 0.445812, 0.349916, 0.285706, 0.89215)

[9]
    Time: 0.300000
    HumanoidRootPart.CFrame = CFrame.new(0, 0, 0, 1, 0, 0, 0, 1, 0, 0, 0, 1)
    Torso.CFrame = CFrame.new(0.011682, -0.016733, 0.015987, 0.343915, -0.93873, -0.022554, 0.938989, 0.343931, 0.003261, 0.004696, -0.0223, 0.99974)
    Left Leg.CFrame = CFrame.new(-0.03208, -0.021734, 0.015006, 0.994155, -0.0223, 0.105635, 0.022671, 0.99974, -0.002315, -0.105556, 0.004696, 0.994402)
    Right Arm.CFrame = CFrame.new(-0.049552, -0.928054, 0.191893, -0.547463, -0.820814, 0.162937, 0.800461, -0.456869, 0.387986, -0.244024, 0.342832, 0.907148)
    Head.CFrame = CFrame.new(0, 0, -0, 0.798417, 0.601634, 0.023812, -0.6013, 0.79877, -0.020136, -0.031135, 0.001759, 0.999514)
    Right Leg.CFrame = CFrame.new(-0.162682, -0.007663, 0.055794, 0.772826, 0.036516, -0.633567, -0.025268, 0.999322, 0.026775, 0.634115, -0.004684, 0.773225)
    Left Arm.CFrame = CFrame.new(0.043488, -0.94757, 0.099414, -0.512566, 0.855544, -0.072946, -0.784114, -0.431761, 0.445812, 0.349916, 0.285706, 0.89215)

[10]
    Time: 0.333333
    HumanoidRootPart.CFrame = CFrame.new(0, 0, 0, 1, 0, 0, 0, 1, 0, 0, 0, 1)
    Torso.CFrame = CFrame.new(0.04393, -0.02069, -0.131532, 0.344972, -0.934915, -0.083245, 0.938558, 0.344553, 0.019797, 0.010174, -0.084959, 0.996332)
    Left Leg.CFrame = CFrame.new(-0.014014, 0.061942, 0.026502, 0.983461, -0.151049, 0.099944, 0.150854, 0.98851, 0.009547, -0.100238, 0.005688, 0.994947)
    Right Arm.CFrame = CFrame.new(-0.049552, -0.928054, 0.191893, -0.628683, -0.738988, 0.242189, 0.761075, -0.520696, 0.386834, -0.159759, 0.42752, 0.889778)
    Head.CFrame = CFrame.new(0, -0, -0, 0.799371, 0.599017, 0.046736, -0.594595, 0.799853, -0.081806, -0.086386, 0.037604, 0.995552)
    Right Leg.CFrame = CFrame.new(-0.187742, 0.105098, 0.043185, 0.73714, 0.16481, -0.655333, -0.124876, 0.986322, 0.107587, 0.664101, 0.002529, 0.747638)
    Left Arm.CFrame = CFrame.new(0.365032, -0.763299, 0.077636, -0.273193, 0.958261, -0.08427, -0.903978, -0.225786, 0.363105, 0.328923, 0.175376, 0.92793)

[11]
    Time: 0.366667
    HumanoidRootPart.CFrame = CFrame.new(0, 0, 0, 1, 0, 0, 0, 1, 0, 0, 0, 1)
    Torso.CFrame = CFrame.new(0.076179, -0.024646, -0.27905, 0.345692, -0.927298, -0.143581, 0.938216, 0.344135, 0.036342, 0.015712, -0.147272, 0.988971)
    Left Leg.CFrame = CFrame.new(-0.006681, 0.143262, 0.038977, 0.956362, -0.277252, 0.092215, 0.276603, 0.960776, 0.020004, -0.094144, 0.006376, 0.995538)
    Right Arm.CFrame = CFrame.new(-0.049552, -0.928055, 0.191893, -0.723316, -0.616959, 0.310122, 0.688176, -0.607124, 0.397258, -0.056809, 0.500761, 0.863719)
    Head.CFrame = CFrame.new(0, 0, -0, 0.79904, 0.597217, 0.069762, -0.584479, 0.798705, -0.143022, -0.141134, 0.073506, 0.987258)
    Right Leg.CFrame = CFrame.new(-0.199849, 0.216588, 0.029431, 0.68737, 0.289816, -0.66598, -0.217057, 0.957004, 0.192433, 0.693115, 0.012283, 0.720722)
    Left Arm.CFrame = CFrame.new(0.686575, -0.579029, 0.055857, 0.035107, 0.997465, -0.061898, -0.964073, 0.05012, 0.260865, 0.263306, 0.050516, 0.963389)

[12]
    Time: 0.400000
    HumanoidRootPart.CFrame = CFrame.new(0, 0, 0, 1, 0, 0, 0, 1, 0, 0, 0, 1)
    Torso.CFrame = CFrame.new(0.074804, -0.024219, -0.244993, 0.344857, -0.929286, -0.132297, 0.9386, 0.342926, 0.03784, 0.010204, -0.137222, 0.990488)
    Left Leg.CFrame = CFrame.new(-0.004592, 0.122711, 0.039797, 0.961091, -0.260518, 0.091835, 0.259538, 0.965467, 0.02267, -0.09457, 0.002047, 0.995516)
    Right Arm.CFrame = CFrame.new(-0.049552, -0.928055, 0.191893, -0.754473, -0.59067, 0.286147, 0.654003, -0.63989, 0.403511, -0.055239, 0.491579, 0.869079)
    Right Leg.CFrame = CFrame.new(-0.204587, 0.184348, 0.028722, 0.693972, 0.273287, -0.666121, -0.208235, 0.961809, 0.177657, 0.689233, 0.015421, 0.724376)
    Left Arm.CFrame = CFrame.new(0.638939, -0.606328, 0.059084, 0.094948, 0.994465, -0.04499, -0.96396, 0.10313, 0.245244, 0.248526, 0.020083, 0.968417)

[13]
    Time: 0.433333
    HumanoidRootPart.CFrame = CFrame.new(0, 0, 0, 1, 0, 0, 0, 1, 0, 0, 0, 1)
    Torso.CFrame = CFrame.new(0.070737, -0.023269, -0.172522, 0.343915, -0.932813, -0.107624, 0.938989, 0.342217, 0.03445, 0.004696, -0.112905, 0.993595)
    Left Leg.CFrame = CFrame.new(-8e-06, 0.075211, 0.035968, 0.971289, -0.21884, 0.093314, 0.217793, 0.975761, 0.021382, -0.095731, -0.000445, 0.995407)
    Right Arm.CFrame = CFrame.new(-0.049552, -0.928054, 0.191893, -0.76113, -0.598476, 0.250015, 0.643619, -0.649238, 0.405271, -0.080226, 0.469378, 0.879345)
    Head.CFrame = CFrame.new(0, 0, -0, 0.79904, 0.597217, 0.069762, -0.584479, 0.798705, -0.143022, -0.141134, 0.073506, 0.987258)
    Right Leg.CFrame = CFrame.new(-0.210244, 0.123968, 0.032783, 0.711228, 0.232102, -0.663538, -0.180178, 0.972577, 0.147074, 0.679478, 0.014952, 0.733544)
    Left Arm.CFrame = CFrame.new(0.519849, -0.674577, 0.06715, 0.103921, 0.993856, -0.038082, -0.962517, 0.110141, 0.247851, 0.250523, 0.010898, 0.968049)

[14]
    Time: 0.466667
    HumanoidRootPart.CFrame = CFrame.new(0, 0, 0, 1, 0, 0, 0, 1, 0, 0, 0, 1)
    Torso.CFrame = CFrame.new(0.064121, -0.022363, -0.099852, 0.343866, -0.935666, -0.07928, 0.939007, 0.343055, 0.02406, 0.004686, -0.082717, 0.996562)
    Left Leg.CFrame = CFrame.new(0.003077, 0.027212, 0.025835, 0.981558, -0.16472, 0.097008, 0.164268, 0.986334, 0.012678, -0.097771, 0.003492, 0.995203)
    Right Arm.CFrame = CFrame.new(-0.049552, -0.928055, 0.191893, -0.733401, -0.645501, 0.213192, 0.667979, -0.626076, 0.402284, -0.1262, 0.437444, 0.890346)
    Head.CFrame = CFrame.new(0, -0, -0, 0.799282, 0.597691, 0.062564, -0.588003, 0.799303, -0.123965, -0.124101, 0.062295, 0.990312)
    Right Leg.CFrame = CFrame.new(-0.209985, 0.0733, 0.043323, 0.73289, 0.178498, -0.656514, -0.137839, 0.983914, 0.11364, 0.666238, 0.007208, 0.745705)
    Left Arm.CFrame = CFrame.new(0.365032, -0.763299, 0.077636, 0.005602, 0.998677, -0.051116, -0.960252, 0.019638, 0.278444, 0.27908, 0.047524, 0.959091)

[15]
    Time: 0.500000
    HumanoidRootPart.CFrame = CFrame.new(0, 0, 0, 1, 0, 0, 0, 1, 0, 0, 0, 1)
    Torso.CFrame = CFrame.new(0.05557, -0.021653, -0.039853, 0.343872, -0.937592, -0.051709, 0.939005, 0.34362, 0.013952, 0.004687, -0.053352, 0.998565)
    Left Leg.CFrame = CFrame.new(0.001977, -0.007853, 0.016612, 0.988922, -0.109409, 0.100316, 0.109591, 0.99397, 0.003716, -0.100117, 0.007318, 0.994949)
    Right Arm.CFrame = CFrame.new(-0.049552, -0.928055, 0.191893, -0.662958, -0.725139, 0.186171, 0.726128, -0.562264, 0.395724, -0.182278, 0.397533, 0.899301)
    Head.CFrame = CFrame.new(0, -0, -0, 0.799371, 0.599017, 0.046736, -0.594595, 0.799853, -0.081806, -0.086386, 0.037604, 0.995552)
    Right Leg.CFrame = CFrame.new(-0.20522, 0.034635, 0.053003, 0.752154, 0.123522, -0.647307, -0.093273, 0.992342, 0.080983, 0.652353, -0.000535, 0.757915)
    Left Arm.CFrame = CFrame.new(0.210215, -0.852022, 0.088122, -0.214261, 0.974152, -0.071559, -0.921077, -0.177115, 0.346766, 0.325129, 0.14021, 0.935218)

[16]
    Time: 0.533333
    HumanoidRootPart.CFrame = CFrame.new(0, 0, 0, 1, 0, 0, 0, 1, 0, 0, 0, 1)
    Torso.CFrame = CFrame.new(0.045883, -0.021017, 0.000938, 0.343899, -0.938501, -0.030827, 0.938995, 0.343873, 0.006295, 0.004693, -0.031111, 0.999505)
    Left Leg.CFrame = CFrame.new(-0.00257, -0.027602, 0.010536, 0.992638, -0.064143, 0.102736, 0.064839, 0.99789, -0.003447, -0.102298, 0.010082, 0.994703)
    Right Arm.CFrame = CFrame.new(-0.049552, -0.928055, 0.191893, -0.584901, -0.793304, 0.168994, 0.778813, -0.491086, 0.390237, -0.226586, 0.359865, 0.905072)
    Head.CFrame = CFrame.new(0, 0, -0, 0.798853, 0.60073, 0.030956, -0.599573, 0.799348, -0.039432, -0.048433, 0.01294, 0.998743)
    Right Leg.CFrame = CFrame.new(-0.197354, 0.009894, 0.059504, 0.765526, 0.078376, -0.638613, -0.055747, 0.9969, 0.055522, 0.640985, -0.006903, 0.767522)
    Left Arm.CFrame = CFrame.new(0.091124, -0.92027, 0.096188, -0.424545, 0.902197, -0.076166, -0.835976, -0.358292, 0.415658, 0.347716, 0.240139, 0.906326)

[17]
    Time: 0.566667
    HumanoidRootPart.CFrame = CFrame.new(0, 0, 0, 1, 0, 0, 0, 1, 0, 0, 0, 1)
    Torso.CFrame = CFrame.new(0.035853, -0.020331, 0.015987, 0.343915, -0.93873, -0.022554, 0.938989, 0.343931, 0.003261, 0.004696, -0.0223, 0.99974)
    Left Leg.CFrame = CFrame.new(-0.009598, -0.029392, 0.009846, 0.993749, -0.04023, 0.104134, 0.041143, 0.999131, -0.006636, -0.103777, 0.010879, 0.994541)
    Right Arm.CFrame = CFrame.new(-0.049552, -0.928054, 0.191893, -0.547463, -0.820814, 0.162937, 0.800461, -0.456869, 0.387986, -0.244024, 0.342832, 0.907148)
    Head.CFrame = CFrame.new(0, 0, -0, 0.798417, 0.601634, 0.023812, -0.6013, 0.79877, -0.020136, -0.031135, 0.001759, 0.999514)
    Right Leg.CFrame = CFrame.new(-0.188056, 0.001108, 0.060504, 0.771275, 0.054437, -0.63417, -0.03515, 0.998458, 0.042957, 0.635531, -0.01084, 0.771999)
    Left Arm.CFrame = CFrame.new(0.043488, -0.94757, 0.099414, -0.512566, 0.855544, -0.072946, -0.784114, -0.431761, 0.445812, 0.349916, 0.285706, 0.89215)

[18]
    Time: 0.600000
    HumanoidRootPart.CFrame = CFrame.new(0, 0, 0, 1, 0, 0, 0, 1, 0, 0, 0, 1)
    Torso.CFrame = CFrame.new(0.026279, -0.01947, 0.015987, 0.343915, -0.93873, -0.022554, 0.938989, 0.343931, 0.003261, 0.004696, -0.0223, 0.99974)
    Left Leg.CFrame = CFrame.new(-0.018226, -0.023837, 0.012365, 0.99389, -0.035406, 0.104538, 0.03618, 0.99933, -0.005521, -0.104272, 0.00927, 0.994506)
    Right Leg.CFrame = CFrame.new(-0.178719, 0.000586, 0.05811, 0.771998, 0.04952, -0.633693, -0.030853, 0.998705, 0.040456, 0.634876, -0.011681, 0.772526)

[19]
    Time: 0.633333
    HumanoidRootPart.CFrame = CFrame.new(0, 0, 0, 1, 0, 0, 0, 1, 0, 0, 0, 1)
    Torso.CFrame = CFrame.new(0.017957, -0.018312, 0.015987, 0.343915, -0.93873, -0.022554, 0.938989, 0.343931, 0.003261, 0.004696, -0.0223, 0.99974)
    Left Leg.CFrame = CFrame.new(-0.026424, -0.021907, 0.014198, 0.993959, -0.032929, 0.104699, 0.03344, 0.999436, -0.003129, -0.104537, 0.006612, 0.994499)
    Right Leg.CFrame = CFrame.new(-0.170133, -0.001735, 0.056352, 0.772079, 0.047001, -0.633786, -0.030259, 0.998849, 0.037212, 0.634806, -0.009553, 0.772613)

[20]
    Time: 0.666667
    HumanoidRootPart.CFrame = CFrame.new(0, 0, 0, 1, 0, 0, 0, 1, 0, 0, 0, 1)
    Torso.CFrame = CFrame.new(0.011682, -0.016733, 0.015987, 0.343915, -0.93873, -0.022554, 0.938989, 0.343931, 0.003261, 0.004696, -0.0223, 0.99974)
    Left Leg.CFrame = CFrame.new(-0.03208, -0.021734, 0.015006, 0.994155, -0.0223, 0.105635, 0.022671, 0.99974, -0.002315, -0.105556, 0.004696, 0.994402)
    Right Arm.CFrame = CFrame.new(-0.049552, -0.928054, 0.191893, -0.547463, -0.820814, 0.162937, 0.800461, -0.456869, 0.387986, -0.244024, 0.342832, 0.907148)
    Head.CFrame = CFrame.new(0, 0, -0, 0.798417, 0.601634, 0.023812, -0.6013, 0.79877, -0.020136, -0.031135, 0.001759, 0.999514)
    Right Leg.CFrame = CFrame.new(-0.162682, -0.007663, 0.055794, 0.772826, 0.036516, -0.633567, -0.025268, 0.999322, 0.026775, 0.634115, -0.004684, 0.773225)
    Left Arm.CFrame = CFrame.new(0.043488, -0.94757, 0.099414, -0.512566, 0.855544, -0.072946, -0.784114, -0.431761, 0.445812, 0.349916, 0.285706, 0.89215)

[21]
    Time: 0.700000
    HumanoidRootPart.CFrame = CFrame.new(0, 0, 0, 1, 0, 0, 0, 1, 0, 0, 0, 1)
    Torso.CFrame = CFrame.new(0.007888, -0.01534, -0.098426, 0.351429, -0.932692, 0.081147, 0.936215, 0.350124, -0.030241, -0.000205, 0.086599, 0.996243)
    Left Leg.CFrame = CFrame.new(-0.124853, 0.012417, 0.020778, 0.977836, 0.17046, 0.121573, -0.165665, 0.984984, -0.048593, -0.128031, 0.027376, 0.991392)
    Right Arm.CFrame = CFrame.new(-0.030043, -0.785797, 0.190041, -0.403608, -0.87329, 0.272884, 0.910886, -0.355518, 0.209508, -0.085946, 0.333126, 0.938957)
    Head.CFrame = CFrame.new(0, 0, -0, 0.808268, 0.588814, -0.000217, -0.588038, 0.807221, 0.051048, 0.030233, -0.041133, 0.998696)
    Right Leg.CFrame = CFrame.new(-0.033154, 0.043755, 0.05225, 0.858999, -0.163623, -0.485128, 0.141735, 0.986522, -0.081768, 0.491968, 0.001479, 0.870612)
    Left Arm.CFrame = CFrame.new(0.096847, -0.573855, 0.017434, -0.557202, 0.69766, -0.450329, -0.829003, -0.498562, 0.253359, -0.047759, 0.514496, 0.856162)

[22]
    Time: 0.733333
    HumanoidRootPart.CFrame = CFrame.new(0, 0, 0, 1, 0, 0, 0, 1, 0, 0, 0, 1)
    Torso.CFrame = CFrame.new(0.006588, -0.014862, -0.212838, 0.358367, -0.915348, 0.183607, 0.933562, 0.352614, -0.06423, -0.005949, 0.194426, 0.980899)
    Left Leg.CFrame = CFrame.new(-0.20829, 0.054748, 0.026921, 0.928841, 0.348805, 0.124859, -0.338504, 0.935992, -0.096612, -0.150566, 0.047472, 0.98746)
    Right Arm.CFrame = CFrame.new(-0.010535, -0.643538, 0.18819, -0.233699, -0.906611, 0.351341, 0.968902, -0.247369, 0.006159, 0.081327, 0.341855, 0.936227)
    Head.CFrame = CFrame.new(0, -0, 0, 0.816414, 0.576911, -0.025333, -0.570298, 0.812393, 0.121568, 0.090714, -0.084803, 0.99226)
    Right Leg.CFrame = CFrame.new(0.079662, 0.112066, 0.048293, 0.884748, -0.347858, -0.310186, 0.32111, 0.937332, -0.135264, 0.3378, 0.020071, 0.941004)
    Left Arm.CFrame = CFrame.new(0.150205, -0.20014, -0.064546, -0.437493, 0.464647, -0.769872, -0.790604, -0.606659, 0.083132, -0.428422, 0.645033, 0.632761)

[23]
    Time: 0.766667
    HumanoidRootPart.CFrame = CFrame.new(0, 0, 0, 1, 0, 0, 0, 1, 0, 0, 0, 1)
    Torso.CFrame = CFrame.new(0.007908, -0.015347, -0.211359, 0.354951, -0.917364, 0.180151, 0.934872, 0.349305, -0.063243, -0.004911, 0.190866, 0.981604)
    Left Leg.CFrame = CFrame.new(-0.206124, 0.051741, 0.025987, 0.932115, 0.340829, 0.122468, -0.330668, 0.938845, -0.096066, -0.14772, 0.049049, 0.987812)
    Right Arm.CFrame = CFrame.new(-0.010535, -0.643538, 0.18819, -0.23971, -0.904356, 0.3531, 0.966565, -0.25642, -0.000564, 0.091052, 0.341159, 0.935586)
    Right Leg.CFrame = CFrame.new(0.073154, 0.109064, 0.04902, 0.886631, -0.336727, -0.317019, 0.312124, 0.941502, -0.127093, 0.341269, 0.013735, 0.939865)
    Left Arm.CFrame = CFrame.new(0.150205, -0.20014, -0.064546, -0.433897, 0.472013, -0.767422, -0.7991, -0.595042, 0.085819, -0.41614, 0.650483, 0.635373)

[24]
    Time: 0.800000
    HumanoidRootPart.CFrame = CFrame.new(0, 0, 0, 1, 0, 0, 0, 1, 0, 0, 0, 1)
    Torso.CFrame = CFrame.new(0.010361, -0.016248, -0.201002, 0.348501, -0.922847, 0.164014, 0.937305, 0.343598, -0.058303, -0.00255, 0.17405, 0.984734)
    Left Leg.CFrame = CFrame.new(-0.1958, 0.037045, 0.023599, 0.943648, 0.308972, 0.118593, -0.299402, 0.949692, -0.091893, -0.141019, 0.051208, 0.988682)
    Right Arm.CFrame = CFrame.new(-0.010535, -0.643539, 0.18819, -0.266471, -0.896609, 0.353676, 0.958736, -0.284293, 0.001629, 0.099087, 0.339516, 0.935367)
    Right Leg.CFrame = CFrame.new(0.05021, 0.097967, 0.050459, 0.893713, -0.298079, -0.335298, 0.278815, 0.954541, -0.105422, 0.35148, 0.000731, 0.936195)
    Left Arm.CFrame = CFrame.new(0.150205, -0.20014, -0.064546, -0.434882, 0.50641, -0.744598, -0.818911, -0.566314, 0.093128, -0.374516, 0.650259, 0.660985)

[25]
    Time: 0.833333
    HumanoidRootPart.CFrame = CFrame.new(0, 0, 0, 1, 0, 0, 0, 1, 0, 0, 0, 1)
    Torso.CFrame = CFrame.new(0.011682, -0.016733, -0.172892, 0.344697, -0.930171, 0.126359, 0.938714, 0.341559, -0.046399, 0, 0.134609, 0.990899)
    Left Leg.CFrame = CFrame.new(-0.163754, 0.001554, 0.02099, 0.963111, 0.240628, 0.120477, -0.232069, 0.969333, -0.08085, -0.136238, 0.049909, 0.989418)
    Right Arm.CFrame = CFrame.new(-0.010535, -0.643538, 0.18819, -0.319867, -0.878805, 0.3541, 0.941111, -0.337903, 0.011521, 0.109527, 0.336933, 0.935137)
    Head.CFrame = CFrame.new(0, -0, -0, 0.816414, 0.576911, -0.025333, -0.570298, 0.812393, 0.121568, 0.090714, -0.084803, 0.99226)
    Right Leg.CFrame = CFrame.new(0.012057, 0.070645, 0.052307, 0.905607, -0.223377, -0.360525, 0.211252, 0.974683, -0.073254, 0.367761, -0.009823, 0.929869)
    Left Arm.CFrame = CFrame.new(0.150205, -0.20014, -0.064546, -0.456113, 0.575181, -0.679064, -0.843969, -0.521609, 0.125062, -0.282272, 0.630151, 0.723348)

[26]
    Time: 0.866667
    HumanoidRootPart.CFrame = CFrame.new(0, 0, 0, 1, 0, 0, 0, 1, 0, 0, 0, 1)
    Torso.CFrame = CFrame.new(0.011682, -0.016733, -0.106169, 0.344257, -0.936629, 0.064911, 0.938873, 0.343265, -0.026203, 0.002261, 0.069964, 0.997547)
    Left Leg.CFrame = CFrame.new(-0.10721, -0.026622, 0.018344, 0.983785, 0.132017, 0.121406, -0.126414, 0.990572, -0.052783, -0.127229, 0.03658, 0.991199)
    Right Arm.CFrame = CFrame.new(-0.020651, -0.717302, 0.18915, -0.416844, -0.853555, 0.312546, 0.908684, -0.400041, 0.119417, 0.023102, 0.333784, 0.942367)
    Head.CFrame = CFrame.new(0, -0, 0, 0.818765, 0.57396, -0.013959, -0.570405, 0.815977, 0.093915, 0.065294, -0.068931, 0.995482)
    Right Leg.CFrame = CFrame.new(-0.052814, 0.031807, 0.054129, 0.886922, -0.113274, -0.447815, 0.10722, 0.993472, -0.038942, 0.449303, -0.013477, 0.893278)
    Left Arm.CFrame = CFrame.new(0.122538, -0.393918, -0.022038, -0.515836, 0.703053, -0.48952, -0.854305, -0.464739, 0.232769, -0.063851, 0.53827, 0.84035)

[27]
    Time: 0.900000
    HumanoidRootPart.CFrame = CFrame.new(0, 0, 0, 1, 0, 0, 0, 1, 0, 0, 0, 1)
    Torso.CFrame = CFrame.new(0.011682, -0.016733, -0.024105, 0.344004, -0.938957, 0.004602, 0.93896, 0.343975, -0.005946, 0.004, 0.006367, 0.999972)
    Left Leg.CFrame = CFrame.new(-0.054522, -0.0269, 0.015997, 0.993329, 0.0255, 0.112465, -0.023569, 0.999552, -0.018471, -0.112885, 0.015697, 0.993484)
    Right Arm.CFrame = CFrame.new(-0.039437, -0.854291, 0.190933, -0.511817, -0.830753, 0.218845, 0.845622, -0.442233, 0.298922, -0.15155, 0.338053, 0.928845)
    Head.CFrame = CFrame.new(0, 0, 0, 0.822338, 0.568951, 0.007437, -0.568714, 0.821441, 0.04242, 0.018026, -0.039113, 0.999072)
    Right Leg.CFrame = CFrame.new(-0.126947, 0.002753, 0.055347, 0.818939, -0.009106, -0.573808, 0.012754, 0.999916, 0.002336, 0.573739, -0.009231, 0.818986)
    Left Arm.CFrame = CFrame.new(0.071156, -0.753792, 0.056906, -0.532721, 0.819083, -0.212866, -0.81776, -0.433451, 0.378667, 0.217892, 0.375797, 0.900722)

[28]
    Time: 0.933333
    HumanoidRootPart.CFrame = CFrame.new(0, 0, 0, 1, 0, 0, 0, 1, 0, 0, 0, 1)
    Torso.CFrame = CFrame.new(0.011682, -0.016733, 0.015987, 0.343915, -0.93873, -0.022554, 0.938989, 0.343931, 0.003261, 0.004696, -0.0223, 0.99974)
    Left Leg.CFrame = CFrame.new(-0.03208, -0.021734, 0.015006, 0.994155, -0.0223, 0.105635, 0.022671, 0.99974, -0.002315, -0.105556, 0.004696, 0.994402)
    Right Arm.CFrame = CFrame.new(-0.049552, -0.928054, 0.191893, -0.547463, -0.820814, 0.162937, 0.800461, -0.456869, 0.387986, -0.244024, 0.342832, 0.907148)
    Head.CFrame = CFrame.new(0, 0, -0, 0.823831, 0.566514, 0.019078, -0.566787, 0.823733, 0.014688, -0.007394, -0.022913, 0.99971)
    Right Leg.CFrame = CFrame.new(-0.162682, -0.007663, 0.055794, 0.772826, 0.036516, -0.633567, -0.025268, 0.999322, 0.026775, 0.634115, -0.004684, 0.773225)
    Left Arm.CFrame = CFrame.new(0.043488, -0.94757, 0.099414, -0.512566, 0.855544, -0.072946, -0.784114, -0.431761, 0.445812, 0.349916, 0.285706, 0.89215)

[29]
    Time: 1.000000
    HumanoidRootPart.CFrame = CFrame.new(0, 0, 0, 1, 0, 0, 0, 1, 0, 0, 0, 1)
    Torso.CFrame = CFrame.new(0.011682, -0.016733, 0.015987, 0.343915, -0.93873, -0.022554, 0.938989, 0.343931, 0.003261, 0.004696, -0.0223, 0.99974)
    Left Leg.CFrame = CFrame.new(-0.03208, -0.021734, 0.015006, 0.994155, -0.0223, 0.105635, 0.022671, 0.99974, -0.002315, -0.105556, 0.004696, 0.994402)
    Right Arm.CFrame = CFrame.new(-0.049552, -0.928054, 0.191893, -0.547463, -0.820814, 0.162937, 0.800461, -0.456869, 0.387986, -0.244024, 0.342832, 0.907148)
    Head.CFrame = CFrame.new(0, 0, -0, 0.823831, 0.566514, 0.019078, -0.566787, 0.823733, 0.014688, -0.007394, -0.022913, 0.99971)
    Right Leg.CFrame = CFrame.new(-0.162682, -0.007663, 0.055794, 0.772826, 0.036516, -0.633567, -0.025268, 0.999322, 0.026775, 0.634115, -0.004684, 0.773225)
    Left Arm.CFrame = CFrame.new(0.043488, -0.94757, 0.099414, -0.512566, 0.855544, -0.072946, -0.784114, -0.431761, 0.445812, 0.349916, 0.285706, 0.89215)

[30]
    Time: 1.033333
    HumanoidRootPart.CFrame = CFrame.new(0, 0, 0, 1, 0, 0, 0, 1, 0, 0, 0, 1)
    Torso.CFrame = CFrame.new(0.04393, -0.02069, -0.131532, 0.344972, -0.934915, -0.083245, 0.938558, 0.344553, 0.019797, 0.010174, -0.084959, 0.996332)
    Left Leg.CFrame = CFrame.new(-0.014014, 0.061942, 0.026502, 0.983461, -0.151049, 0.099944, 0.150854, 0.98851, 0.009547, -0.100238, 0.005688, 0.994947)
    Right Arm.CFrame = CFrame.new(-0.049552, -0.928055, 0.191893, -0.628683, -0.738987, 0.242189, 0.761075, -0.520696, 0.386834, -0.159759, 0.42752, 0.889778)
    Head.CFrame = CFrame.new(0, 0, -0, 0.812406, 0.581337, 0.045215, -0.578367, 0.813248, -0.064182, -0.074082, 0.025991, 0.996913)
    Right Leg.CFrame = CFrame.new(-0.187742, 0.105098, 0.043185, 0.73714, 0.164811, -0.655333, -0.124876, 0.986322, 0.107587, 0.664101, 0.002529, 0.747638)
    Left Arm.CFrame = CFrame.new(0.365032, -0.763299, 0.077636, -0.273193, 0.958261, -0.08427, -0.903978, -0.225786, 0.363105, 0.328923, 0.175376, 0.92793)

[31]
    Time: 1.066667
    HumanoidRootPart.CFrame = CFrame.new(0, 0, 0, 1, 0, 0, 0, 1, 0, 0, 0, 1)
    Torso.CFrame = CFrame.new(0.076179, -0.024646, -0.27905, 0.345692, -0.927298, -0.143581, 0.938216, 0.344135, 0.036342, 0.015712, -0.147272, 0.988971)
    Left Leg.CFrame = CFrame.new(-0.006681, 0.143262, 0.038977, 0.956362, -0.277252, 0.092215, 0.276603, 0.960776, 0.020004, -0.094144, 0.006376, 0.995538)
    Right Arm.CFrame = CFrame.new(-0.049552, -0.928055, 0.191893, -0.723316, -0.616959, 0.310122, 0.688176, -0.607124, 0.397258, -0.056809, 0.500761, 0.863719)
    Head.CFrame = CFrame.new(0, 0, -0, 0.79904, 0.597217, 0.069762, -0.584479, 0.798705, -0.143022, -0.141134, 0.073506, 0.987258)
    Right Leg.CFrame = CFrame.new(-0.199849, 0.216588, 0.029431, 0.68737, 0.289816, -0.66598, -0.217057, 0.957004, 0.192433, 0.693115, 0.012283, 0.720722)
    Left Arm.CFrame = CFrame.new(0.686575, -0.579029, 0.055857, 0.035107, 0.997465, -0.061898, -0.964073, 0.05012, 0.260865, 0.263306, 0.050516, 0.963389)

[32]
    Time: 1.100000
    HumanoidRootPart.CFrame = CFrame.new(0, 0, 0, 1, 0, 0, 0, 1, 0, 0, 0, 1)
    Torso.CFrame = CFrame.new(0.074804, -0.024219, -0.244993, 0.344857, -0.929286, -0.132297, 0.9386, 0.342926, 0.03784, 0.010204, -0.137222, 0.990488)
    Left Leg.CFrame = CFrame.new(-0.004592, 0.122711, 0.039797, 0.961091, -0.260518, 0.091835, 0.259538, 0.965467, 0.02267, -0.09457, 0.002047, 0.995516)
    Right Arm.CFrame = CFrame.new(-0.049552, -0.928055, 0.191893, -0.754473, -0.59067, 0.286147, 0.654003, -0.63989, 0.403511, -0.055239, 0.491579, 0.869079)
    Right Leg.CFrame = CFrame.new(-0.204587, 0.184348, 0.028722, 0.693972, 0.273287, -0.666121, -0.208235, 0.961809, 0.177657, 0.689233, 0.015421, 0.724376)
    Left Arm.CFrame = CFrame.new(0.638939, -0.606328, 0.059084, 0.094948, 0.994465, -0.04499, -0.96396, 0.10313, 0.245244, 0.248526, 0.020083, 0.968417)

[33]
    Time: 1.133333
    HumanoidRootPart.CFrame = CFrame.new(0, 0, 0, 1, 0, 0, 0, 1, 0, 0, 0, 1)
    Torso.CFrame = CFrame.new(0.070737, -0.023269, -0.172522, 0.343915, -0.932813, -0.107624, 0.938989, 0.342217, 0.03445, 0.004696, -0.112905, 0.993595)
    Left Leg.CFrame = CFrame.new(-8e-06, 0.075211, 0.035968, 0.971289, -0.21884, 0.093314, 0.217793, 0.975761, 0.021382, -0.095731, -0.000445, 0.995407)
    Right Arm.CFrame = CFrame.new(-0.049552, -0.928054, 0.191893, -0.76113, -0.598476, 0.250015, 0.643619, -0.649238, 0.405271, -0.080226, 0.469378, 0.879345)
    Head.CFrame = CFrame.new(0, 0, -0, 0.79904, 0.597217, 0.069762, -0.584479, 0.798705, -0.143022, -0.141134, 0.073506, 0.987258)
    Right Leg.CFrame = CFrame.new(-0.210244, 0.123968, 0.032783, 0.711228, 0.232102, -0.663538, -0.180178, 0.972577, 0.147074, 0.679478, 0.014952, 0.733544)
    Left Arm.CFrame = CFrame.new(0.519849, -0.674577, 0.06715, 0.103921, 0.993856, -0.038082, -0.962517, 0.110141, 0.247851, 0.250523, 0.010898, 0.968049)

[34]
    Time: 1.166667
    HumanoidRootPart.CFrame = CFrame.new(0, 0, 0, 1, 0, 0, 0, 1, 0, 0, 0, 1)
    Torso.CFrame = CFrame.new(0.064121, -0.022363, -0.099852, 0.343866, -0.935666, -0.07928, 0.939007, 0.343055, 0.02406, 0.004686, -0.082717, 0.996562)
    Left Leg.CFrame = CFrame.new(0.003077, 0.027212, 0.025835, 0.981558, -0.16472, 0.097008, 0.164268, 0.986334, 0.012678, -0.097771, 0.003492, 0.995203)
    Right Arm.CFrame = CFrame.new(-0.049552, -0.928055, 0.191893, -0.733401, -0.645501, 0.213192, 0.667979, -0.626076, 0.402284, -0.1262, 0.437444, 0.890346)
    Head.CFrame = CFrame.new(0, -0, -0, 0.799282, 0.597691, 0.062564, -0.588003, 0.799303, -0.123965, -0.124101, 0.062295, 0.990312)
    Right Leg.CFrame = CFrame.new(-0.209985, 0.0733, 0.043323, 0.73289, 0.178498, -0.656514, -0.137839, 0.983914, 0.11364, 0.666238, 0.007208, 0.745705)
    Left Arm.CFrame = CFrame.new(0.365032, -0.763299, 0.077636, 0.005602, 0.998677, -0.051116, -0.960252, 0.019638, 0.278444, 0.27908, 0.047524, 0.959091)

[35]
    Time: 1.200000
    HumanoidRootPart.CFrame = CFrame.new(0, 0, 0, 1, 0, 0, 0, 1, 0, 0, 0, 1)
    Torso.CFrame = CFrame.new(0.05557, -0.021653, -0.039853, 0.343872, -0.937592, -0.051709, 0.939005, 0.34362, 0.013952, 0.004687, -0.053352, 0.998565)
    Left Leg.CFrame = CFrame.new(0.001977, -0.007853, 0.016612, 0.988922, -0.109409, 0.100316, 0.109591, 0.99397, 0.003716, -0.100117, 0.007318, 0.994949)
    Right Arm.CFrame = CFrame.new(-0.049552, -0.928055, 0.191893, -0.662958, -0.725139, 0.186171, 0.726128, -0.562264, 0.395724, -0.182278, 0.397533, 0.899301)
    Head.CFrame = CFrame.new(0, 0, -0, 0.799371, 0.599017, 0.046736, -0.594595, 0.799853, -0.081806, -0.086386, 0.037604, 0.995552)
    Right Leg.CFrame = CFrame.new(-0.20522, 0.034635, 0.053003, 0.752154, 0.123522, -0.647307, -0.093273, 0.992342, 0.080983, 0.652353, -0.000535, 0.757915)
    Left Arm.CFrame = CFrame.new(0.210215, -0.852022, 0.088122, -0.214261, 0.974152, -0.071559, -0.921077, -0.177115, 0.346766, 0.325129, 0.14021, 0.935218)

[36]
    Time: 1.233333
    HumanoidRootPart.CFrame = CFrame.new(0, 0, 0, 1, 0, 0, 0, 1, 0, 0, 0, 1)
    Torso.CFrame = CFrame.new(0.045883, -0.021017, 0.000938, 0.343899, -0.938501, -0.030827, 0.938995, 0.343873, 0.006295, 0.004693, -0.031111, 0.999505)
    Left Leg.CFrame = CFrame.new(-0.002569, -0.027602, 0.010536, 0.992638, -0.064143, 0.102736, 0.064839, 0.99789, -0.003447, -0.102298, 0.010082, 0.994703)
    Right Arm.CFrame = CFrame.new(-0.049552, -0.928055, 0.191893, -0.584901, -0.793304, 0.168994, 0.778813, -0.491086, 0.390237, -0.226586, 0.359865, 0.905072)
    Head.CFrame = CFrame.new(0, -0, -0, 0.798853, 0.60073, 0.030956, -0.599573, 0.799348, -0.039432, -0.048433, 0.01294, 0.998743)
    Right Leg.CFrame = CFrame.new(-0.197354, 0.009894, 0.059504, 0.765526, 0.078376, -0.638613, -0.055747, 0.9969, 0.055522, 0.640985, -0.006903, 0.767522)
    Left Arm.CFrame = CFrame.new(0.091125, -0.92027, 0.096188, -0.424545, 0.902197, -0.076166, -0.835976, -0.358292, 0.415658, 0.347716, 0.240139, 0.906326)

[37]
    Time: 1.266667
    HumanoidRootPart.CFrame = CFrame.new(0, 0, 0, 1, 0, 0, 0, 1, 0, 0, 0, 1)
    Torso.CFrame = CFrame.new(0.035853, -0.020331, 0.015987, 0.343915, -0.93873, -0.022554, 0.938989, 0.343931, 0.003261, 0.004696, -0.0223, 0.99974)
    Left Leg.CFrame = CFrame.new(-0.009598, -0.029392, 0.009846, 0.993749, -0.04023, 0.104134, 0.041143, 0.999131, -0.006636, -0.103777, 0.010879, 0.994541)
    Right Arm.CFrame = CFrame.new(-0.049552, -0.928054, 0.191893, -0.547463, -0.820814, 0.162937, 0.800461, -0.456869, 0.387986, -0.244024, 0.342832, 0.907148)
    Head.CFrame = CFrame.new(0, 0, -0, 0.798417, 0.601634, 0.023812, -0.6013, 0.79877, -0.020136, -0.031135, 0.001759, 0.999514)
    Right Leg.CFrame = CFrame.new(-0.188056, 0.001108, 0.060504, 0.771275, 0.054437, -0.63417, -0.03515, 0.998458, 0.042957, 0.635531, -0.01084, 0.771999)
    Left Arm.CFrame = CFrame.new(0.043488, -0.94757, 0.099414, -0.512566, 0.855544, -0.072946, -0.784114, -0.431761, 0.445812, 0.349916, 0.285706, 0.89215)

[38]
    Time: 1.300000
    HumanoidRootPart.CFrame = CFrame.new(0, 0, 0, 1, 0, 0, 0, 1, 0, 0, 0, 1)
    Torso.CFrame = CFrame.new(0.026279, -0.01947, 0.015987, 0.343915, -0.93873, -0.022554, 0.938989, 0.343931, 0.003261, 0.004696, -0.0223, 0.99974)
    Left Leg.CFrame = CFrame.new(-0.018226, -0.023837, 0.012365, 0.99389, -0.035406, 0.104538, 0.03618, 0.99933, -0.005521, -0.104272, 0.00927, 0.994506)
    Right Leg.CFrame = CFrame.new(-0.178719, 0.000586, 0.05811, 0.771998, 0.04952, -0.633693, -0.030853, 0.998705, 0.040456, 0.634876, -0.011681, 0.772526)

[39]
    Time: 1.333333
    HumanoidRootPart.CFrame = CFrame.new(0, 0, 0, 1, 0, 0, 0, 1, 0, 0, 0, 1)
    Torso.CFrame = CFrame.new(0.017957, -0.018312, 0.015987, 0.343915, -0.93873, -0.022554, 0.938989, 0.343931, 0.003261, 0.004696, -0.0223, 0.99974)
    Left Leg.CFrame = CFrame.new(-0.026424, -0.021907, 0.014198, 0.993959, -0.032929, 0.104699, 0.03344, 0.999436, -0.003129, -0.104537, 0.006612, 0.994499)
    Right Leg.CFrame = CFrame.new(-0.170133, -0.001735, 0.056352, 0.772079, 0.047001, -0.633786, -0.030259, 0.998849, 0.037212, 0.634806, -0.009553, 0.772613)

[40]
    Time: 1.366667
    HumanoidRootPart.CFrame = CFrame.new(0, 0, 0, 1, 0, 0, 0, 1, 0, 0, 0, 1)
    Torso.CFrame = CFrame.new(0.011682, -0.016733, 0.015987, 0.343915, -0.93873, -0.022554, 0.938989, 0.343931, 0.003261, 0.004696, -0.0223, 0.99974)
    Left Leg.CFrame = CFrame.new(-0.03208, -0.021734, 0.015006, 0.994155, -0.0223, 0.105635, 0.022671, 0.99974, -0.002315, -0.105556, 0.004696, 0.994402)
    Right Arm.CFrame = CFrame.new(-0.049552, -0.928054, 0.191893, -0.547463, -0.820814, 0.162937, 0.800461, -0.456869, 0.387986, -0.244024, 0.342832, 0.907148)
    Head.CFrame = CFrame.new(0, 0, -0, 0.798417, 0.601634, 0.023812, -0.6013, 0.79877, -0.020136, -0.031135, 0.001759, 0.999514)
    Right Leg.CFrame = CFrame.new(-0.162682, -0.007663, 0.055794, 0.772826, 0.036516, -0.633567, -0.025268, 0.999322, 0.026775, 0.634115, -0.004684, 0.773225)
    Left Arm.CFrame = CFrame.new(0.043488, -0.94757, 0.099414, -0.512566, 0.855544, -0.072946, -0.784114, -0.431761, 0.445812, 0.349916, 0.285706, 0.89215)

[41]
    Time: 1.400000
    HumanoidRootPart.CFrame = CFrame.new(0, 0, 0, 1, 0, 0, 0, 1, 0, 0, 0, 1)
    Torso.CFrame = CFrame.new(0.007888, -0.01534, -0.098426, 0.351429, -0.932692, 0.081147, 0.936215, 0.350124, -0.030241, -0.000205, 0.086599, 0.996243)
    Left Leg.CFrame = CFrame.new(-0.124853, 0.012417, 0.020778, 0.977836, 0.17046, 0.121573, -0.165665, 0.984984, -0.048593, -0.128031, 0.027376, 0.991392)
    Right Arm.CFrame = CFrame.new(-0.030043, -0.785797, 0.190041, -0.403608, -0.87329, 0.272884, 0.910886, -0.355518, 0.209508, -0.085946, 0.333126, 0.938957)
    Head.CFrame = CFrame.new(0, 0, -0, 0.808268, 0.588814, -0.000217, -0.588038, 0.807221, 0.051048, 0.030233, -0.041133, 0.998696)
    Right Leg.CFrame = CFrame.new(-0.033154, 0.043755, 0.05225, 0.858999, -0.163623, -0.485128, 0.141735, 0.986522, -0.081768, 0.491968, 0.001479, 0.870612)
    Left Arm.CFrame = CFrame.new(0.096847, -0.573855, 0.017434, -0.557202, 0.69766, -0.450329, -0.829003, -0.498562, 0.253359, -0.047759, 0.514496, 0.856162)

[42]
    Time: 1.433333
    HumanoidRootPart.CFrame = CFrame.new(0, 0, 0, 1, 0, 0, 0, 1, 0, 0, 0, 1)
    Torso.CFrame = CFrame.new(0.006588, -0.014862, -0.212838, 0.358367, -0.915348, 0.183607, 0.933562, 0.352614, -0.06423, -0.005949, 0.194426, 0.980899)
    Left Leg.CFrame = CFrame.new(-0.20829, 0.054748, 0.026921, 0.928841, 0.348805, 0.124859, -0.338504, 0.935992, -0.096612, -0.150566, 0.047472, 0.98746)
    Right Arm.CFrame = CFrame.new(-0.010535, -0.643538, 0.18819, -0.233699, -0.906611, 0.351341, 0.968902, -0.247369, 0.006159, 0.081327, 0.341855, 0.936227)
    Head.CFrame = CFrame.new(0, -0, 0, 0.816414, 0.576911, -0.025333, -0.570298, 0.812393, 0.121568, 0.090714, -0.084803, 0.99226)
    Right Leg.CFrame = CFrame.new(0.079662, 0.112066, 0.048293, 0.884748, -0.347858, -0.310186, 0.32111, 0.937332, -0.135264, 0.3378, 0.020071, 0.941004)
    Left Arm.CFrame = CFrame.new(0.150205, -0.20014, -0.064546, -0.437493, 0.464647, -0.769872, -0.790604, -0.606659, 0.083132, -0.428422, 0.645033, 0.632761)

[43]
    Time: 1.466667
    HumanoidRootPart.CFrame = CFrame.new(0, 0, 0, 1, 0, 0, 0, 1, 0, 0, 0, 1)
    Torso.CFrame = CFrame.new(0.007908, -0.015347, -0.211359, 0.354951, -0.917364, 0.180151, 0.934872, 0.349305, -0.063243, -0.004911, 0.190866, 0.981604)
