[1]
    Time: 0.000000
    HumanoidRootPart.CFrame = CFrame.new(0, 0, 0, 1, 0, 0, 0, 1, 0, 0, 0, 1)
    Torso.CFrame = CFrame.new(0.858226, 0, -0.580565, 0.922755, -0.068145, 0.379314, 0.158858, 0.963992, -0.213269, -0.351122, 0.257053, 0.900354)
    Left Leg.CFrame = CFrame.new(-0.294561, 1.18542, 0.25451, 0.8163, 0.080788, 0.57195, -0.36611, 0.838243, 0.404119, -0.446785, -0.539279, 0.713835)
    Right Arm.CFrame = CFrame.new(-0.009054, -0.006404, 0.467834, 0.868859, 0.274094, -0.412257, 0.402951, 0.092224, 0.910563, 0.2876, -0.957271, -0.030317)
    Left Arm.CFrame = CFrame.new(-0.34462, -0.538999, 0.340264, -0.866991, 0.010803, -0.498207, -0.49548, -0.12535, 0.859527, -0.053165, 0.992054, 0.114029)
    Right Leg.CFrame = CFrame.new(0.506848, 0.165375, -0.124683, 0.984325, 0.064762, -0.164044, -0.004533, 0.939122, 0.343555, 0.176307, -0.337427, 0.924694)
    Head.CFrame = CFrame.new(0, -0, -0, 0.952412, 0.127293, -0.276961, -0.077573, 0.979931, 0.183625, 0.294777, -0.153402, 0.943173)

[2]
    Time: 0.233333
    HumanoidRootPart.CFrame = CFrame.new(0, 0, 0, 1, 0, 0, 0, 1, 0, 0, 0, 1)
    Torso.CFrame = CFrame.new(1.00968, 0, -0.656291, 0.922755, -0.068145, 0.379314, 0.158858, 0.963992, -0.213269, -0.351122, 0.257053, 0.900354)
    Left Leg.CFrame = CFrame.new(-0.308812, 1.2572, 0.266983, 0.849677, 0.06945, 0.522709, -0.290273, 0.889176, 0.353706, -0.440216, -0.452264, 0.775672)
    Right Arm.CFrame = CFrame.new(-0.020198, 0.029744, 0.466254, 0.863597, 0.301952, -0.403765, 0.423001, 0.001856, 0.906127, 0.274356, -0.953321, -0.126123)
    Left Arm.CFrame = CFrame.new(-0.338981, -0.520231, 0.343068, -0.864191, -0.003293, -0.503154, -0.495144, -0.172268, 0.851561, -0.089481, 0.985045, 0.147242)
    Right Leg.CFrame = CFrame.new(0.729851, 0.127294, -0.167832, 0.979605, 0.186913, -0.07374, -0.13168, 0.874381, 0.467032, 0.151771, -0.447797, 0.88116)
    Head.CFrame = CFrame.new(0, -0, 0, 0.958479, 0.070202, -0.276387, -0.026604, 0.98701, 0.158439, 0.28392, -0.144507, 0.947896)

[3]
    Time: 0.266667
    HumanoidRootPart.CFrame = CFrame.new(0, 0, 0, 1, 0, 0, 0, 1, 0, 0, 0, 1)
    Torso.CFrame = CFrame.new(0.429113, 0, -0.441735, 0.997677, -0.005879, 0.067863, 0.016279, 0.98798, -0.153724, -0.066143, 0.154471, 0.985781)
    Left Leg.CFrame = CFrame.new(-0.270594, 0.573113, 0.200952, 0.717246, -0.095621, 0.690228, -0.286291, 0.862639, 0.417003, -0.635292, -0.4967, 0.591349)
    Right Arm.CFrame = CFrame.new(-0.004621, -0.029683, 0.507197, 0.873742, 0.25248, -0.415726, 0.383072, 0.169475, 0.908039, 0.299717, -0.952645, 0.051359)
    Left Arm.CFrame = CFrame.new(-0.362161, -0.613562, 0.279632, -0.870135, 0.088, -0.484892, -0.46932, 0.152204, 0.869812, 0.150346, 0.984424, -0.091138)
    Right Leg.CFrame = CFrame.new(0.970955, 0.222068, -0.388478, 0.932565, 0.260913, 0.249493, -0.359409, 0.735875, 0.573858, -0.033869, -0.62483, 0.780026)
    Head.CFrame = CFrame.new(0, 0, 0, 0.998189, -0.058293, 0.014892, 0.054392, 0.980128, 0.190766, -0.025716, -0.18961, 0.981523)

[4]
    Time: 0.333333
    HumanoidRootPart.CFrame = CFrame.new(0, 0, 0, 1, 0, 0, 0, 1, 0, 0, 0, 1)
    Torso.CFrame = CFrame.new(0.100968, 0, -0.466977, 0.999093, -0.022122, -0.03638, 0.016279, 0.98798, -0.153724, 0.039343, 0.152992, 0.987444)
    Left Leg.CFrame = CFrame.new(-0.341808, 0.355568, 0.126511, 0.924841, -0.030148, 0.379157, -0.217281, 0.77631, 0.591719, -0.312183, -0.629629, 0.711413)
    Right Arm.CFrame = CFrame.new(0.178134, -0.154984, 0.470511, -0.335821, -0.902199, 0.270669, 0.193693, 0.215071, 0.957198, -0.921796, 0.373874, 0.102524)
    Left Arm.CFrame = CFrame.new(-0.056686, -0.427254, 0.31694, 0.811502, 0.582788, -0.042698, -0.140873, 0.266025, 0.953617, 0.567115, -0.767846, 0.29798)
    Right Leg.CFrame = CFrame.new(0.270502, 0.613157, 0.216834, 0.654494, 0.154273, -0.74016, 0.031934, 0.972447, 0.230927, 0.755392, -0.174777, 0.631534)
    Head.CFrame = CFrame.new(0, -0, 0, 0.990843, -0.061741, 0.120075, 0.038372, 0.981422, 0.187987, -0.129451, -0.181659, 0.974804)

[5]
    Time: 0.366667
    HumanoidRootPart.CFrame = CFrame.new(0, 0, 0, 1, 0, 0, 0, 1, 0, 0, 0, 1)
    Torso.CFrame = CFrame.new(-0.858226, 0, -0.580565, 0.922755, 0.068145, -0.379314, -0.158858, 0.963992, -0.213269, 0.351123, 0.257053, 0.900354)
    Left Leg.CFrame = CFrame.new(-0.586314, 0.014017, -0.410034, 0.859249, 0.074793, -0.506061, 0.223339, 0.835148, 0.50264, 0.46023, -0.544916, 0.700896)
    Right Arm.CFrame = CFrame.new(0.344619, -0.538998, 0.340265, -0.866991, -0.010803, 0.498207, 0.49548, -0.125349, 0.859527, 0.053165, 0.992054, 0.114029)
    Left Arm.CFrame = CFrame.new(0.009055, -0.006404, 0.467834, 0.868859, -0.274094, 0.412257, -0.402952, 0.092224, 0.910563, -0.2876, -0.957271, -0.030317)
    Right Leg.CFrame = CFrame.new(0.171671, 1.1453, 0.554178, 0.749938, -0.094067, -0.654786, 0.216728, 0.970145, 0.108851, 0.624998, -0.223542, 0.747935)
    Head.CFrame = CFrame.new(0, 0, -0, 0.97396, 0.030373, 0.224678, -0.061562, 0.989183, 0.13314, -0.218204, -0.143505, 0.965295)

[6]
    Time: 0.600000
    HumanoidRootPart.CFrame = CFrame.new(0, 0, 0, 1, 0, 0, 0, 1, 0, 0, 0, 1)
    Torso.CFrame = CFrame.new(-0.921331, 0, -0.631049, 0.923622, 0.068782, -0.377082, -0.158858, 0.963992, -0.213269, 0.348835, 0.256883, 0.901291)
    Left Leg.CFrame = CFrame.new(-0.526338, 0.029094, -0.361001, 0.888018, 0.08315, -0.452227, 0.197592, 0.819063, 0.538602, 0.415187, -0.567645, 0.710914)
    Right Arm.CFrame = CFrame.new(0.329696, -0.491092, 0.314021, -0.858078, 0.006031, 0.513484, 0.500659, -0.212553, 0.839143, 0.114203, 0.977131, 0.179368)
    Left Arm.CFrame = CFrame.new(0.023465, 0.061357, 0.464313, 0.86949, -0.296001, 0.395437, -0.416336, -0.008375, 0.909172, -0.265804, -0.955151, -0.130518)
    Right Leg.CFrame = CFrame.new(0.18245, 1.16779, 0.576547, 0.773722, -0.085689, -0.627703, 0.173731, 0.981526, 0.080155, 0.609239, -0.171069, 0.774315)
    Head.CFrame = CFrame.new(0, 0, 0, 0.980147, 0.033013, 0.195506, -0.051167, 0.994757, 0.088547, -0.191558, -0.096793, 0.976697)

[7]
    Time: 0.633333
    HumanoidRootPart.CFrame = CFrame.new(0, 0, 0, 1, 0, 0, 0, 1, 0, 0, 0, 1)
    Torso.CFrame = CFrame.new(-0.429113, 0, -0.441735, 0.997677, 0.005879, -0.067863, -0.016279, 0.98798, -0.153724, 0.066143, 0.154471, 0.985781)
    Left Leg.CFrame = CFrame.new(-0.924299, 0.12638, -0.423211, 0.920135, -0.212427, -0.328977, 0.384248, 0.651795, 0.653848, 0.075531, -0.728037, 0.681364)
    Right Arm.CFrame = CFrame.new(0.362161, -0.613562, 0.279632, -0.870135, -0.088, 0.484892, 0.469319, 0.152204, 0.869812, -0.150346, 0.984424, -0.091138)
    Left Arm.CFrame = CFrame.new(0.004621, -0.029683, 0.507198, 0.873742, -0.25248, 0.415726, -0.383072, 0.169475, 0.908039, -0.299717, -0.952645, 0.051359)
    Right Leg.CFrame = CFrame.new(0.487003, 0.632133, 0.281151, 0.783706, 0.215751, -0.582458, 0.032108, 0.92241, 0.384876, 0.620302, -0.320332, 0.71597)
    Head.CFrame = CFrame.new(0, 0, 0, 0.998188, 0.058292, -0.014891, -0.054392, 0.980128, 0.190766, 0.025716, -0.18961, 0.981523)

[8]
    Time: 0.700000
    HumanoidRootPart.CFrame = CFrame.new(0, 0, 0, 1, 0, 0, 0, 1, 0, 0, 0, 1)
    Torso.CFrame = CFrame.new(-0.100968, 0, -0.466977, 0.999093, 0.022122, 0.03638, -0.016279, 0.98798, -0.153724, -0.039343, 0.152992, 0.987444)
    Left Leg.CFrame = CFrame.new(-0.268258, 0.61893, 0.105798, 0.655109, -0.156799, 0.739085, -0.157496, 0.928397, 0.336563, -0.738937, -0.336888, 0.583506)
    Right Arm.CFrame = CFrame.new(0.056686, -0.427254, 0.31694, 0.811502, -0.582788, 0.042698, 0.140873, 0.266025, 0.953617, -0.567115, -0.767847, 0.297979)
    Left Arm.CFrame = CFrame.new(-0.178134, -0.154984, 0.470511, -0.335821, 0.902199, -0.270669, -0.193693, 0.215071, 0.957198, 0.921796, 0.373874, 0.102524)
    Right Leg.CFrame = CFrame.new(0.385261, 0.493851, 0.287709, 0.789431, 0.147206, -0.595927, 0.115366, 0.917939, 0.379577, 0.602901, -0.3684, 0.707667)
    Head.CFrame = CFrame.new(0, -0, 0, 0.990843, 0.06174, -0.120075, -0.038372, 0.981422, 0.187987, 0.129451, -0.181659, 0.974804)

[9]
    Time: 0.733333
    HumanoidRootPart.CFrame = CFrame.new(0, 0, 0, 1, 0, 0, 0, 1, 0, 0, 0, 1)
    Torso.CFrame = CFrame.new(0.858226, 0, -0.580565, 0.922755, -0.068145, 0.379314, 0.158858, 0.963992, -0.213269, -0.351122, 0.257053, 0.900354)
    Left Leg.CFrame = CFrame.new(-0.294561, 1.18542, 0.25451, 0.8163, 0.080788, 0.57195, -0.36611, 0.838243, 0.404119, -0.446785, -0.539279, 0.713835)
    Right Arm.CFrame = CFrame.new(-0.009054, -0.006404, 0.467834, 0.868859, 0.274094, -0.412257, 0.402951, 0.092224, 0.910563, 0.2876, -0.957271, -0.030317)
    Left Arm.CFrame = CFrame.new(-0.34462, -0.538999, 0.340264, -0.866991, 0.010803, -0.498207, -0.49548, -0.12535, 0.859527, -0.053165, 0.992054, 0.114029)
    Right Leg.CFrame = CFrame.new(0.506848, 0.165375, -0.124683, 0.984325, 0.064762, -0.164044, -0.004533, 0.939122, 0.343555, 0.176307, -0.337427, 0.924694)
    Head.CFrame = CFrame.new(0, -0, -0, 0.952412, 0.127293, -0.276961, -0.077573, 0.979931, 0.183625, 0.294777, -0.153402, 0.943173)

[10]
    Time: 0.966667
    HumanoidRootPart.CFrame = CFrame.new(0, 0, 0, 1, 0, 0, 0, 1, 0, 0, 0, 1)
    Torso.CFrame = CFrame.new(1.06016, 0, -0.681533, 0.916104, -0.063379, 0.3959, 0.158858, 0.963992, -0.213269, -0.368127, 0.258269, 0.893185)
    Left Leg.CFrame = CFrame.new(-0.291901, 1.28936, 0.235298, 0.852726, 0.073935, 0.5171, -0.293026, 0.88721, 0.356362, -0.432429, -0.455402, 0.778212)
    Right Arm.CFrame = CFrame.new(-0.020198, 0.029744, 0.466254, 0.863597, 0.301952, -0.403765, 0.423001, 0.001856, 0.906127, 0.274356, -0.953321, -0.126123)
    Left Arm.CFrame = CFrame.new(-0.338981, -0.520231, 0.343068, -0.864191, -0.003293, -0.503154, -0.495144, -0.172268, 0.851561, -0.089481, 0.985045, 0.147242)
    Right Leg.CFrame = CFrame.new(0.700936, 0.117238, -0.153451, 0.980762, 0.173265, -0.089922, -0.112872, 0.879172, 0.462943, 0.159268, -0.443887, 0.881815)
    Head.CFrame = CFrame.new(-0, -0, -0, 0.95336, 0.0689, -0.293866, -0.021974, 0.986858, 0.160091, 0.301034, -0.146167, 0.942345)

[11]
    Time: 1.000000
    HumanoidRootPart.CFrame = CFrame.new(0, 0, 0, 1, 0, 0, 0, 1, 0, 0, 0, 1)
    Torso.CFrame = CFrame.new(0.429113, 0, -0.441735, 0.997677, -0.005879, 0.067863, 0.016279, 0.98798, -0.153724, -0.066143, 0.154471, 0.985781)
    Left Leg.CFrame = CFrame.new(-0.270594, 0.573113, 0.200952, 0.717246, -0.095621, 0.690228, -0.286291, 0.862639, 0.417003, -0.635292, -0.4967, 0.591349)
    Right Arm.CFrame = CFrame.new(-0.004621, -0.029683, 0.507197, 0.873742, 0.25248, -0.415726, 0.383072, 0.169475, 0.908039, 0.299717, -0.952645, 0.051359)
    Left Arm.CFrame = CFrame.new(-0.362161, -0.613562, 0.279632, -0.870135, 0.088, -0.484892, -0.46932, 0.152204, 0.869812, 0.150346, 0.984424, -0.091138)
    Right Leg.CFrame = CFrame.new(0.970955, 0.222068, -0.388478, 0.932565, 0.260913, 0.249493, -0.359409, 0.735875, 0.573858, -0.033869, -0.62483, 0.780026)
    Head.CFrame = CFrame.new(0, 0, 0, 0.998189, -0.058293, 0.014892, 0.054392, 0.980128, 0.190766, -0.025716, -0.18961, 0.981523)

[12]
    Time: 1.066667
    HumanoidRootPart.CFrame = CFrame.new(0, 0, 0, 1, 0, 0, 0, 1, 0, 0, 0, 1)
    Torso.CFrame = CFrame.new(0.100968, 0, -0.466977, 0.999093, -0.022122, -0.03638, 0.016279, 0.98798, -0.153724, 0.039343, 0.152992, 0.987444)
    Left Leg.CFrame = CFrame.new(-0.341808, 0.355568, 0.126511, 0.924841, -0.030148, 0.379157, -0.217281, 0.77631, 0.591719, -0.312183, -0.629629, 0.711413)
    Right Arm.CFrame = CFrame.new(0.178134, -0.154984, 0.470511, -0.335821, -0.902199, 0.270669, 0.193693, 0.215071, 0.957198, -0.921796, 0.373874, 0.102524)
    Left Arm.CFrame = CFrame.new(-0.056686, -0.427254, 0.31694, 0.811502, 0.582788, -0.042698, -0.140873, 0.266025, 0.953617, 0.567115, -0.767846, 0.29798)
    Right Leg.CFrame = CFrame.new(0.270502, 0.613157, 0.216834, 0.654494, 0.154273, -0.74016, 0.031934, 0.972447, 0.230927, 0.755392, -0.174777, 0.631534)
    Head.CFrame = CFrame.new(0, -0, 0, 0.990843, -0.061741, 0.120075, 0.038372, 0.981422, 0.187987, -0.129451, -0.181659, 0.974804)

[13]
    Time: 1.100000
    HumanoidRootPart.CFrame = CFrame.new(0, 0, 0, 1, 0, 0, 0, 1, 0, 0, 0, 1)
    Torso.CFrame = CFrame.new(-0.858226, 0, -0.580565, 0.922755, 0.068145, -0.379314, -0.158858, 0.963992, -0.213269, 0.351123, 0.257053, 0.900354)
    Left Leg.CFrame = CFrame.new(-0.586314, 0.014017, -0.410034, 0.859249, 0.074793, -0.506061, 0.223339, 0.835148, 0.50264, 0.46023, -0.544916, 0.700896)
    Right Arm.CFrame = CFrame.new(0.344619, -0.538998, 0.340265, -0.866991, -0.010803, 0.498207, 0.49548, -0.125349, 0.859527, 0.053165, 0.992054, 0.114029)
    Left Arm.CFrame = CFrame.new(0.009055, -0.006404, 0.467834, 0.868859, -0.274094, 0.412257, -0.402952, 0.092224, 0.910563, -0.2876, -0.957271, -0.030317)
    Right Leg.CFrame = CFrame.new(0.171671, 1.1453, 0.554178, 0.749938, -0.094067, -0.654786, 0.216728, 0.970145, 0.108851, 0.624998, -0.223542, 0.747935)
    Head.CFrame = CFrame.new(0, 0, -0, 0.97396, 0.030373, 0.224678, -0.061562, 0.989183, 0.13314, -0.218204, -0.143505, 0.965295)

[14]
    Time: 1.333333
    HumanoidRootPart.CFrame = CFrame.new(0, 0, 0, 1, 0, 0, 0, 1, 0, 0, 0, 1)
    Torso.CFrame = CFrame.new(-0.921331, 0, -0.631049, 0.923622, 0.068782, -0.377082, -0.158858, 0.963992, -0.213269, 0.348835, 0.256883, 0.901291)
    Left Leg.CFrame = CFrame.new(-0.526338, 0.029094, -0.361001, 0.888018, 0.08315, -0.452227, 0.197592, 0.819063, 0.538602, 0.415187, -0.567645, 0.710914)
    Right Arm.CFrame = CFrame.new(0.329696, -0.491092, 0.314021, -0.858078, 0.006031, 0.513484, 0.500659, -0.212553, 0.839143, 0.114203, 0.977131, 0.179368)
    Left Arm.CFrame = CFrame.new(0.023465, 0.061357, 0.464313, 0.86949, -0.296001, 0.395437, -0.416336, -0.008375, 0.909172, -0.265804, -0.955151, -0.130518)
    Right Leg.CFrame = CFrame.new(0.18245, 1.16779, 0.576547, 0.773722, -0.085689, -0.627703, 0.173731, 0.981526, 0.080155, 0.609239, -0.171069, 0.774315)
    Head.CFrame = CFrame.new(0, 0, 0, 0.980147, 0.033013, 0.195506, -0.051167, 0.994757, 0.088547, -0.191558, -0.096793, 0.976697)

[15]
    Time: 1.366667
    HumanoidRootPart.CFrame = CFrame.new(0, 0, 0, 1, 0, 0, 0, 1, 0, 0, 0, 1)
    Torso.CFrame = CFrame.new(-0.429113, 0, -0.441735, 0.997677, 0.005879, -0.067863, -0.016279, 0.98798, -0.153724, 0.066143, 0.154471, 0.985781)
    Left Leg.CFrame = CFrame.new(-0.924299, 0.12638, -0.423211, 0.920135, -0.212427, -0.328977, 0.384248, 0.651795, 0.653848, 0.075531, -0.728037, 0.681364)
    Right Arm.CFrame = CFrame.new(0.362161, -0.613562, 0.279632, -0.870135, -0.088, 0.484892, 0.469319, 0.152204, 0.869812, -0.150346, 0.984424, -0.091138)
    Left Arm.CFrame = CFrame.new(0.004621, -0.029683, 0.507198, 0.873742, -0.25248, 0.415726, -0.383072, 0.169475, 0.908039, -0.299717, -0.952645, 0.051359)
    Right Leg.CFrame = CFrame.new(0.487003, 0.632133, 0.281151, 0.783706, 0.215751, -0.582458, 0.032108, 0.92241, 0.384876, 0.620302, -0.320332, 0.71597)
    Head.CFrame = CFrame.new(0, 0, 0, 0.998188, 0.058292, -0.014891, -0.054392, 0.980128, 0.190766, 0.025716, -0.18961, 0.981523)

[16]
    Time: 1.433333
    HumanoidRootPart.CFrame = CFrame.new(0, 0, 0, 1, 0, 0, 0, 1, 0, 0, 0, 1)
    Torso.CFrame = CFrame.new(-0.100968, 0, -0.466977, 0.999093, 0.022122, 0.03638, -0.016279, 0.98798, -0.153724, -0.039343, 0.152992, 0.987444)
    Left Leg.CFrame = CFrame.new(-0.268258, 0.61893, 0.105798, 0.655109, -0.156799, 0.739085, -0.157496, 0.928397, 0.336563, -0.738937, -0.336888, 0.583506)
    Right Arm.CFrame = CFrame.new(0.056686, -0.427254, 0.31694, 0.811502, -0.582788, 0.042698, 0.140873, 0.266025, 0.953617, -0.567115, -0.767847, 0.297979)
    Left Arm.CFrame = CFrame.new(-0.178134, -0.154984, 0.470511, -0.335821, 0.902199, -0.270669, -0.193693, 0.215071, 0.957198, 0.921796, 0.373874, 0.102524)
    Right Leg.CFrame = CFrame.new(0.385261, 0.493851, 0.287709, 0.789431, 0.147206, -0.595927, 0.115366, 0.917939, 0.379577, 0.602901, -0.3684, 0.707667)
    Head.CFrame = CFrame.new(0, -0, 0, 0.990843, 0.06174, -0.120075, -0.038372, 0.981422, 0.187987, 0.129451, -0.181659, 0.974804)

[17]
    Time: 1.466667
    HumanoidRootPart.CFrame = CFrame.new(0, 0, 0, 1, 0, 0, 0, 1, 0, 0, 0, 1)
    Torso.CFrame = CFrame.new(1.45588, 0.208678, -0.144962, 0.936167, 0.069059, 0.344706, -0.106013, 0.990328, 0.089509, -0.33519, -0.120339, 0.934434)
    Left Leg.CFrame = CFrame.new(-0.356017, 0.158491, 0.18818, 0.852593, -0.337349, 0.399101, 0.33034, 0.939694, 0.088598, -0.404921, 0.056301, 0.912617)
    Right Arm.CFrame = CFrame.new(-0.163996, -0.495998, 0.221105, 0.896985, -0.111507, -0.427766, 0.408057, 0.581029, 0.704198, 0.170021, -0.806208, 0.566676)
    Left Arm.CFrame = CFrame.new(0.167446, 0.120687, 0.554083, 0.97793, 0.020041, 0.207969, -0.172948, -0.48083, 0.859588, 0.117225, -0.876585, -0.466752)
    Right Leg.CFrame = CFrame.new(0.238139, 0.395408, -0.106137, 0.982279, 0.047969, -0.181182, 0.069453, 0.804707, 0.589595, 0.174081, -0.591731, 0.787116)
    Head.CFrame = CFrame.new(0, 0, -0, 0.973617, -0.013553, -0.227784, 0.023358, 0.99891, 0.040402, 0.226988, -0.044657, 0.972873)

[18]
    Time: 1.733333
    HumanoidRootPart.CFrame = CFrame.new(0, 0, 0, 1, 0, 0, 0, 1, 0, 0, 0, 1)
    Torso.CFrame = CFrame.new(1.54423, 0.208678, -0.144962, 0.923434, 0.064663, 0.378269, -0.106013, 0.990328, 0.089509, -0.368823, -0.122757, 0.921358)
    Left Leg.CFrame = CFrame.new(-0.361663, 0.15469, 0.174341, 0.863926, -0.334824, 0.376199, 0.324227, 0.941371, 0.093263, -0.38537, 0.041401, 0.921833)
    Right Arm.CFrame = CFrame.new(-0.169212, -0.526133, 0.197817, 0.899354, -0.098465, -0.42599, 0.380449, 0.656368, 0.651491, 0.215457, -0.747988, 0.627768)
    Left Arm.CFrame = CFrame.new(0.163116, 0.148549, 0.537159, 0.978418, 0.030866, 0.204317, -0.153979, -0.550485, 0.820522, 0.1378, -0.834274, -0.533852)
    Right Leg.CFrame = CFrame.new(0.298915, 0.392482, -0.087944, 0.980742, 0.089088, -0.173805, 0.02059, 0.837787, 0.545609, 0.194219, -0.53868, 0.819819)
    Head.CFrame = CFrame.new(0, 0, -0, 0.964932, -0.00878, -0.262353, 0.019282, 0.999111, 0.037482, 0.261791, -0.041226, 0.964244)

[19]
    Time: 1.766667
    HumanoidRootPart.CFrame = CFrame.new(0, 0, 0, 1, 0, 0, 0, 1, 0, 0, 0, 1)
    Torso.CFrame = CFrame.new(0.496689, 0.208678, -0.37214, 0.978744, 0.114915, -0.169867, -0.156265, 0.954285, -0.254798, 0.132822, 0.275927, 0.951957)
    Left Leg.CFrame = CFrame.new(-0.562229, 0.457715, -0.316161, 0.897268, 0.251004, -0.363191, -0.146811, 0.945476, 0.290727, 0.416362, -0.207539, 0.885195)
    Right Arm.CFrame = CFrame.new(0.106668, -0.282186, 0.284612, -0.720189, -0.192985, -0.666397, 0.371885, -0.918265, -0.135979, -0.585687, -0.345754, 0.733093)
    Left Arm.CFrame = CFrame.new(0.135317, 0.164338, 0.390573, -0.309268, 0.108147, 0.944805, 0.162284, -0.972937, 0.164489, 0.937026, 0.204198, 0.283348)
    Right Leg.CFrame = CFrame.new(0.659755, 0.413326, 0.30136, 0.161411, 0.915864, -0.367613, -0.513055, 0.396078, 0.761509, 0.843043, 0.06569, 0.53382)
    Head.CFrame = CFrame.new(0, -0, 0, 0.901314, -0.104798, -0.420298, 0.164151, 0.980558, 0.107522, 0.400858, -0.165903, 0.900993)

[20]
    Time: 1.833333
    HumanoidRootPart.CFrame = CFrame.new(0, 0, 0, 1, 0, 0, 0, 1, 0, 0, 0, 1)
    Torso.CFrame = CFrame.new(-0.263927, 0.170529, -0.660784, 0.877343, 0.015608, -0.479609, -0.156265, 0.954285, -0.254798, 0.453707, 0.298492, 0.839674)
    Left Leg.CFrame = CFrame.new(-0.478976, 0.299391, -0.355971, 0.70537, 0.37319, -0.602646, -0.172824, 0.915074, 0.364379, 0.687448, -0.15287, 0.709962)
    Right Arm.CFrame = CFrame.new(0.553186, 0.001403, 0.836354, -0.255259, 0.139639, -0.956736, -0.631307, -0.773542, 0.055533, -0.732321, 0.618169, 0.285608)
    Left Arm.CFrame = CFrame.new(-0.008275, 0.673566, 0.149522, -0.184629, -0.018305, 0.982638, 0.679647, -0.724595, 0.114201, 0.709924, 0.688932, 0.146222)
    Right Leg.CFrame = CFrame.new(0.776679, 1.0661, -0.419662, 0.927029, 0.119264, -0.355517, 0.262583, 0.470377, 0.842494, 0.267706, -0.874369, 0.404737)
    Head.CFrame = CFrame.new(0, 0, 0, 0.924056, -0.111241, -0.365713, 0.166345, 0.978404, 0.122701, 0.344166, -0.174218, 0.922604)

[21]
    Time: 2.066667
    HumanoidRootPart.CFrame = CFrame.new(0, 0, 0, 1, 0, 0, 0, 1, 0, 0, 0, 1)
    Torso.CFrame = CFrame.new(-0.30179, 0.170529, -0.723889, 0.847977, -0.002662, -0.530026, -0.156265, 0.954285, -0.254798, 0.506474, 0.298888, 0.808795)
    Left Leg.CFrame = CFrame.new(-0.484284, 0.301573, -0.352206, 0.69893, 0.378382, -0.606897, -0.212673, 0.920154, 0.328765, 0.682837, -0.100714, 0.723595)
    Right Arm.CFrame = CFrame.new(0.553186, 0.001403, 0.836354, -0.255259, 0.139639, -0.956736, -0.631307, -0.773542, 0.055533, -0.732321, 0.61817, 0.285608)
    Left Arm.CFrame = CFrame.new(-0.008275, 0.673566, 0.149522, -0.184629, -0.018305, 0.982638, 0.679647, -0.724595, 0.114201, 0.709924, 0.688932, 0.146222)
    Right Leg.CFrame = CFrame.new(0.788597, 1.07171, -0.52898, 0.914363, 0.154156, -0.374402, 0.296298, 0.375451, 0.878205, 0.27595, -0.913932, 0.297622)
    Head.CFrame = CFrame.new(0, 0, 0, 0.932854, -0.109223, -0.343299, 0.161831, 0.978423, 0.128454, 0.321861, -0.175385, 0.930401)

[22]
    Time: 2.100000
    HumanoidRootPart.CFrame = CFrame.new(0, 0, 0, 1, 0, 0, 0, 1, 0, 0, 0, 1)
    Torso.CFrame = CFrame.new(-0.683751, 0.185637, -0.496711, 0.418776, -0.897659, -0.137241, 0.908006, 0.415979, 0.049864, 0.012329, -0.145498, 0.989282)
    Left Leg.CFrame = CFrame.new(-0.615972, 0.281651, 0.239002, 0.829609, -0.447889, 0.333384, 0.464812, 0.884828, 0.032072, -0.309352, 0.128354, 0.942246)
    Right Arm.CFrame = CFrame.new(0.040139, -0.452107, 0.160326, 0.195106, -0.866283, 0.459878, 0.975954, 0.21795, -0.003495, -0.097203, 0.449501, 0.887975)
    Left Arm.CFrame = CFrame.new(0.157253, -0.662064, -0.033187, -0.204085, 0.857558, -0.472169, -0.958062, -0.075853, 0.276339, 0.201161, 0.508763, 0.837075)
    Right Leg.CFrame = CFrame.new(1.10971, -0.168005, -0.168363, 0.223261, 0.941237, 0.253433, -0.90233, 0.101216, 0.418994, 0.368721, -0.322225, 0.871904)
    Head.CFrame = CFrame.new(0, 0, 0, 0.718393, 0.691391, -0.076747, -0.689779, 0.693708, -0.2073, -0.090085, 0.201861, 0.975262)

[23]
    Time: 2.166667
    HumanoidRootPart.CFrame = CFrame.new(0, 0, 0, 1, 0, 0, 0, 1, 0, 0, 0, 1)
    Torso.CFrame = CFrame.new(-0.696372, 0.185637, -0.786994, 0.202577, -0.863988, -0.460963, 0.979166, 0.185461, 0.082697, 0.014042, -0.468111, 0.883558)
    Left Leg.CFrame = CFrame.new(-0.39912, -0.592731, 0.112706, -0.061588, -0.985703, 0.156834, 0.996284, -0.051233, 0.069238, -0.060213, 0.160515, 0.985195)
    Right Arm.CFrame = CFrame.new(0.855125, -0.40177, 0.052967, -0.771634, -0.575172, 0.271586, 0.607758, -0.792668, 0.048038, 0.187647, 0.202126, 0.961215)
    Left Arm.CFrame = CFrame.new(0.629758, -0.001036, 0.096803, 0.578241, -0.808446, 0.109778, 0.697423, 0.559623, 0.447687, -0.423366, -0.18231, 0.887426)
    Right Leg.CFrame = CFrame.new(0.311661, 0.211982, -0.0006, 0.983025, -0.17931, -0.038852, 0.181605, 0.981084, 0.067035, 0.026097, -0.072953, 0.996994)
    Head.CFrame = CFrame.new(0, -0, -0, 0.546688, 0.83549, 0.055583, -0.65219, 0.466501, -0.597516, -0.525148, 0.290404, 0.799928)

[24]
    Time: 2.500000
    HumanoidRootPart.CFrame = CFrame.new(0, 0, 0, 1, 0, 0, 0, 1, 0, 0, 0, 1)
    Torso.CFrame = CFrame.new(-0.734235, 0.185637, -0.850099, 0.201718, -0.841588, -0.501038, 0.979166, 0.185461, 0.082697, 0.023326, -0.507281, 0.861465)
    Left Leg.CFrame = CFrame.new(-0.37969, -0.637694, 0.112178, -0.138347, -0.977782, 0.157491, 0.989311, -0.129039, 0.067914, -0.046083, 0.165204, 0.985182)
    Right Arm.CFrame = CFrame.new(0.896145, -0.350698, 0.049511, -0.794721, -0.545285, 0.266616, 0.576671, -0.815362, 0.051338, 0.189395, 0.194548, 0.962435)
    Left Arm.CFrame = CFrame.new(0.637467, 0.020864, 0.121851, 0.559071, -0.827717, 0.048205, 0.70446, 0.50487, 0.498841, -0.437237, -0.24493, 0.865352)
    Right Leg.CFrame = CFrame.new(0.37437, 0.246915, -0.005409, 0.992581, -0.11719, -0.032385, 0.119408, 0.989761, 0.078198, 0.022889, -0.081484, 0.996412)
    Head.CFrame = CFrame.new(0, 0, 0, 0.544499, 0.836269, 0.064614, -0.625749, 0.456308, -0.63263, -0.558533, 0.304035, 0.771754)

[25]
    Time: 2.533333
    HumanoidRootPart.CFrame = CFrame.new(0, 0, 0, 1, 0, 0, 0, 1, 0, 0, 0, 1)
    Torso.CFrame = CFrame.new(0.465079, 0.448694, 0.176756, 0.979596, -0.00903, 0.200774, 0.048929, 0.979648, -0.19467, -0.194929, 0.200522, 0.960101)
    Left Leg.CFrame = CFrame.new(0.143622, 0.485371, -0.13705, 0.463894, 0.767368, 0.442661, -0.885522, 0.387247, 0.256693, 0.025559, -0.511064, 0.859163)
    Right Arm.CFrame = CFrame.new(0.508782, -0.313823, -0.150127, -0.040269, -0.95988, 0.277504, 0.687699, 0.174859, 0.704624, -0.724879, 0.219213, 0.653067)
    Left Arm.CFrame = CFrame.new(-0.508782, -0.313824, -0.150127, -0.040268, 0.95988, -0.277504, -0.687699, 0.174859, 0.704624, 0.724879, 0.219213, 0.653067)
    Right Leg.CFrame = CFrame.new(-0.011718, 0.506068, -0.138173, 0.796942, -0.31506, -0.515384, 0.567006, 0.684381, 0.458395, 0.208297, -0.65754, 0.724053)
    Head.CFrame = CFrame.new(0, -0, -0, 0.979596, 0.048929, -0.194929, -0.00903, 0.979648, 0.200522, 0.200774, -0.19467, 0.960101)

[26]
    Time: 2.600000
    HumanoidRootPart.CFrame = CFrame.new(0, 0, 0, 1, 0, 0, 0, 1, 0, 0, 0, 1)
    Torso.CFrame = CFrame.new(0.50391, 0.532406, 0.392895, 0.979596, -0.00902995, 0.200773, 0.0489288, 0.979648, -0.194669, -0.194929, 0.200521, 0.960101)
    Left Leg.CFrame = CFrame.new(0.0832057, 0.232076, -0.0302133, 0.463894, 0.767368, 0.442661, -0.885522, 0.387247, 0.256693, 0.0255588, -0.511064, 0.859163)
    Right Arm.CFrame = CFrame.new(0.890599, -0.409911, -0.0915798, 0.259093, -0.957292, 0.128312, 0.607067, 0.264732, 0.749258, -0.751227, -0.116234, 0.64973)
    Left Arm.CFrame = CFrame.new(-0.890599, -0.409917, -0.208682, 0.109648, 0.954447, -0.277505, -0.652095, 0.279782, 0.704623, 0.750166, 0.103699, 0.653067)
    Right Leg.CFrame = CFrame.new(0.0509707, 0.369873, -0.00732569, 0.661422, -0.544885, -0.515384, 0.750003, 0.476832, 0.458396, -0.00402081, -0.689733, 0.724053)
    Head.CFrame = CFrame.new(0, 0, 0, 0.979596, 0.0489291, -0.194929, -0.0090299, 0.979648, 0.200522, 0.200774, -0.19467, 0.960101)

[27]
    Time: 2.666667
    HumanoidRootPart.CFrame = CFrame.new(0, 0, 0, 1, 0, 0, 0, 1, 0, 0, 0, 1)
    Torso.CFrame = CFrame.new(0.490177, 0.424358, 0.296769, 0.979596, -0.00902993, 0.200773, 0.0489289, 0.979648, -0.19467, -0.194929, 0.200521, 0.960101)
    Left Leg.CFrame = CFrame.new(0.105675, 0.326277, -0.0699463, 0.463894, 0.767368, 0.442661, -0.885522, 0.387247, 0.256693, 0.0255588, -0.511064, 0.859163)
    Right Arm.CFrame = CFrame.new(0.7486, -0.374176, -0.113354, 0.147769, -0.971922, 0.183121, 0.640371, 0.235125, 0.731191, -0.753717, 0.00921813, 0.657135)
    Left Arm.CFrame = CFrame.new(-0.7486, -0.37418, -0.186905, 0.0540111, 0.959205, -0.277504, -0.667248, 0.241424, 0.704624, 0.742875, 0.147107, 0.653067)
    Right Leg.CFrame = CFrame.new(0.0276566, 0.420524, -0.0559883, 0.720164, -0.464482, -0.515384, 0.689627, 0.560614, 0.458396, 0.076015, -0.685543, 0.724053)
    Head.CFrame = CFrame.new(0, -0, -0, 0.979596, 0.048929, -0.194929, -0.00903, 0.979648, 0.200522, 0.200774, -0.19467, 0.960101)

[28]
    Time: 2.900000
    HumanoidRootPart.CFrame = CFrame.new(0, 0, 0, 1, 0, 0, 0, 1, 0, 0, 0, 1)
    Torso.CFrame = CFrame.new(0.540176, 0.424358, 0.246769, 0.979596, -0.00902994, 0.200773, 0.0489289, 0.979648, -0.19467, -0.194929, 0.200521, 0.960101)
    Left Leg.CFrame = CFrame.new(0.105675, 0.326277, -0.0699463, 0.463894, 0.767368, 0.442661, -0.885522, 0.387247, 0.256693, 0.0255588, -0.511064, 0.859163)
    Right Arm.CFrame = CFrame.new(0.7486, -0.374176, -0.113354, 0.147769, -0.971922, 0.183121, 0.640371, 0.235125, 0.731191, -0.753717, 0.00921813, 0.657135)
    Left Arm.CFrame = CFrame.new(-0.7486, -0.37418, -0.186905, 0.0540111, 0.959205, -0.277504, -0.667248, 0.241424, 0.704624, 0.742875, 0.147107, 0.653067)
    Right Leg.CFrame = CFrame.new(0.0276566, 0.420524, -0.0559883, 0.720164, -0.464482, -0.515384, 0.689627, 0.560614, 0.458396, 0.076015, -0.685543, 0.724053)
    Head.CFrame = CFrame.new(0, -0, -0, 0.979596, 0.048929, -0.194929, -0.00903, 0.979648, 0.200522, 0.200774, -0.19467, 0.960101)

[29]
    Time: 2.933333
    HumanoidRootPart.CFrame = CFrame.new(0, 0, 0, 1, 0, 0, 0, 1, 0, 0, 0, 1)
    Torso.CFrame = CFrame.new(0.858226, 0, -0.580565, 0.922755, -0.068145, 0.379314, 0.158858, 0.963992, -0.213269, -0.351122, 0.257053, 0.900354)
    Left Leg.CFrame = CFrame.new(-0.294561, 1.18542, 0.25451, 0.8163, 0.080788, 0.57195, -0.36611, 0.838243, 0.404119, -0.446785, -0.539279, 0.713835)
    Right Arm.CFrame = CFrame.new(-0.009054, -0.006404, 0.467834, 0.868859, 0.274094, -0.412257, 0.402951, 0.092224, 0.910563, 0.2876, -0.957271, -0.030317)
    Left Arm.CFrame = CFrame.new(-0.34462, -0.538999, 0.340264, -0.866991, 0.010803, -0.498207, -0.49548, -0.12535, 0.859527, -0.053165, 0.992054, 0.114029)
    Right Leg.CFrame = CFrame.new(0.506848, 0.165375, -0.124683, 0.984325, 0.064762, -0.164044, -0.004533, 0.939122, 0.343555, 0.176307, -0.337427, 0.924694)
    Head.CFrame = CFrame.new(0, -0, -0, 0.952412, 0.127293, -0.276961, -0.077573, 0.979931, 0.183625, 0.294777, -0.153402, 0.943173)

[30]
    Time: 3.166667
    HumanoidRootPart.CFrame = CFrame.new(0, 0, 0, 1, 0, 0, 0, 1, 0, 0, 0, 1)
    Torso.CFrame = CFrame.new(1.00968, 0, -0.656291, 0.922755, -0.068145, 0.379314, 0.158858, 0.963992, -0.213269, -0.351122, 0.257053, 0.900354)
    Left Leg.CFrame = CFrame.new(-0.308812, 1.2572, 0.266983, 0.849677, 0.06945, 0.522709, -0.290273, 0.889176, 0.353706, -0.440216, -0.452264, 0.775672)
    Right Arm.CFrame = CFrame.new(-0.020198, 0.029744, 0.466254, 0.863597, 0.301952, -0.403765, 0.423001, 0.001856, 0.906127, 0.274356, -0.953321, -0.126123)
    Left Arm.CFrame = CFrame.new(-0.338981, -0.520231, 0.343068, -0.864191, -0.003293, -0.503154, -0.495144, -0.172268, 0.851561, -0.089481, 0.985045, 0.147242)
    Right Leg.CFrame = CFrame.new(0.729851, 0.127294, -0.167832, 0.979605, 0.186913, -0.07374, -0.13168, 0.874381, 0.467032, 0.151771, -0.447797, 0.88116)
    Head.CFrame = CFrame.new(0, -0, 0, 0.958479, 0.070202, -0.276387, -0.026604, 0.98701, 0.158439, 0.28392, -0.144507, 0.947896)

[31]
    Time: 3.200000
    HumanoidRootPart.CFrame = CFrame.new(0, 0, 0, 1, 0, 0, 0, 1, 0, 0, 0, 1)
    Torso.CFrame = CFrame.new(0.429113, 0, -0.441735, 0.997677, -0.005879, 0.067863, 0.016279, 0.98798, -0.153724, -0.066143, 0.154471, 0.985781)
    Left Leg.CFrame = CFrame.new(-0.270594, 0.573113, 0.200952, 0.717246, -0.095621, 0.690228, -0.286291, 0.862639, 0.417003, -0.635292, -0.4967, 0.591349)
    Right Arm.CFrame = CFrame.new(-0.004621, -0.029683, 0.507197, 0.873742, 0.25248, -0.415726, 0.383072, 0.169475, 0.908039, 0.299717, -0.952645, 0.051359)
    Left Arm.CFrame = CFrame.new(-0.362161, -0.613562, 0.279632, -0.870135, 0.088, -0.484892, -0.46932, 0.152204, 0.869812, 0.150346, 0.984424, -0.091138)
    Right Leg.CFrame = CFrame.new(0.970955, 0.222068, -0.388478, 0.932565, 0.260913, 0.249493, -0.359409, 0.735875, 0.573858, -0.033869, -0.62483, 0.780026)
    Head.CFrame = CFrame.new(0, 0, 0, 0.998189, -0.058293, 0.014892, 0.054392, 0.980128, 0.190766, -0.025716, -0.18961, 0.981523)

[32]
    Time: 3.266667
    HumanoidRootPart.CFrame = CFrame.new(0, 0, 0, 1, 0, 0, 0, 1, 0, 0, 0, 1)
    Torso.CFrame = CFrame.new(0.100968, 0, -0.466977, 0.999093, -0.022122, -0.03638, 0.016279, 0.98798, -0.153724, 0.039343, 0.152992, 0.987444)
    Left Leg.CFrame = CFrame.new(-0.341808, 0.355568, 0.126511, 0.924841, -0.030148, 0.379157, -0.217281, 0.77631, 0.591719, -0.312183, -0.629629, 0.711413)
    Right Arm.CFrame = CFrame.new(0.178134, -0.154984, 0.470511, -0.335821, -0.902199, 0.270669, 0.193693, 0.215071, 0.957198, -0.921796, 0.373874, 0.102524)
    Left Arm.CFrame = CFrame.new(-0.056686, -0.427254, 0.31694, 0.811502, 0.582788, -0.042698, -0.140873, 0.266025, 0.953617, 0.567115, -0.767846, 0.29798)
    Right Leg.CFrame = CFrame.new(0.270502, 0.613157, 0.216834, 0.654494, 0.154273, -0.74016, 0.031934, 0.972447, 0.230927, 0.755392, -0.174777, 0.631534)
    Head.CFrame = CFrame.new(0, -0, 0, 0.990843, -0.061741, 0.120075, 0.038372, 0.981422, 0.187987, -0.129451, -0.181659, 0.974804)

[33]
    Time: 3.300000
    HumanoidRootPart.CFrame = CFrame.new(0, 0, 0, 1, 0, 0, 0, 1, 0, 0, 0, 1)
    Torso.CFrame = CFrame.new(-0.858226, 0, -0.580565, 0.922755, 0.068145, -0.379314, -0.158858, 0.963992, -0.213269, 0.351123, 0.257053, 0.900354)
    Left Leg.CFrame = CFrame.new(-0.586314, 0.014017, -0.410034, 0.859249, 0.074793, -0.506061, 0.223339, 0.835148, 0.50264, 0.46023, -0.544916, 0.700896)
    Right Arm.CFrame = CFrame.new(0.344619, -0.538998, 0.340265, -0.866991, -0.010803, 0.498207, 0.49548, -0.125349, 0.859527, 0.053165, 0.992054, 0.114029)
    Left Arm.CFrame = CFrame.new(0.009055, -0.006404, 0.467834, 0.868859, -0.274094, 0.412257, -0.402952, 0.092224, 0.910563, -0.2876, -0.957271, -0.030317)
    Right Leg.CFrame = CFrame.new(0.171671, 1.1453, 0.554178, 0.749938, -0.094067, -0.654786, 0.216728, 0.970145, 0.108851, 0.624998, -0.223542, 0.747935)
    Head.CFrame = CFrame.new(0, 0, -0, 0.97396, 0.030373, 0.224678, -0.061562, 0.989183, 0.13314, -0.218204, -0.143505, 0.965295)

[34]
    Time: 3.533333
    HumanoidRootPart.CFrame = CFrame.new(0, 0, 0, 1, 0, 0, 0, 1, 0, 0, 0, 1)
    Torso.CFrame = CFrame.new(-0.921331, 0, -0.631049, 0.923622, 0.068782, -0.377082, -0.158858, 0.963992, -0.213269, 0.348835, 0.256883, 0.901291)
    Left Leg.CFrame = CFrame.new(-0.526338, 0.029094, -0.361001, 0.888018, 0.08315, -0.452227, 0.197592, 0.819063, 0.538602, 0.415187, -0.567645, 0.710914)
    Right Arm.CFrame = CFrame.new(0.329696, -0.491092, 0.314021, -0.858078, 0.006031, 0.513484, 0.500659, -0.212553, 0.839143, 0.114203, 0.977131, 0.179368)
    Left Arm.CFrame = CFrame.new(0.023465, 0.061357, 0.464313, 0.86949, -0.296001, 0.395437, -0.416336, -0.008375, 0.909172, -0.265804, -0.955151, -0.130518)
    Right Leg.CFrame = CFrame.new(0.18245, 1.16779, 0.576547, 0.773722, -0.085689, -0.627703, 0.173731, 0.981526, 0.080155, 0.609239, -0.171069, 0.774315)
    Head.CFrame = CFrame.new(0, 0, 0, 0.980147, 0.033013, 0.195506, -0.051167, 0.994757, 0.088547, -0.191558, -0.096793, 0.976697)

[35]
    Time: 3.566667
    HumanoidRootPart.CFrame = CFrame.new(0, 0, 0, 1, 0, 0, 0, 1, 0, 0, 0, 1)
    Torso.CFrame = CFrame.new(-0.429113, 0, -0.441735, 0.997677, 0.005879, -0.067863, -0.016279, 0.98798, -0.153724, 0.066143, 0.154471, 0.985781)
    Left Leg.CFrame = CFrame.new(-0.924299, 0.12638, -0.423211, 0.920135, -0.212427, -0.328977, 0.384248, 0.651795, 0.653848, 0.075531, -0.728037, 0.681364)
    Right Arm.CFrame = CFrame.new(0.362161, -0.613562, 0.279632, -0.870135, -0.088, 0.484892, 0.469319, 0.152204, 0.869812, -0.150346, 0.984424, -0.091138)
    Left Arm.CFrame = CFrame.new(0.004621, -0.029683, 0.507198, 0.873742, -0.25248, 0.415726, -0.383072, 0.169475, 0.908039, -0.299717, -0.952645, 0.051359)
    Right Leg.CFrame = CFrame.new(0.487003, 0.632133, 0.281151, 0.783706, 0.215751, -0.582458, 0.032108, 0.92241, 0.384876, 0.620302, -0.320332, 0.71597)
    Head.CFrame = CFrame.new(0, 0, 0, 0.998188, 0.058292, -0.014891, -0.054392, 0.980128, 0.190766, 0.025716, -0.18961, 0.981523)

[36]
    Time: 3.633333
    HumanoidRootPart.CFrame = CFrame.new(0, 0, 0, 1, 0, 0, 0, 1, 0, 0, 0, 1)
    Torso.CFrame = CFrame.new(-0.100968, 0, -0.466977, 0.999093, 0.022122, 0.03638, -0.016279, 0.98798, -0.153724, -0.039343, 0.152992, 0.987444)
    Left Leg.CFrame = CFrame.new(-0.268258, 0.61893, 0.105798, 0.655109, -0.156799, 0.739085, -0.157496, 0.928397, 0.336563, -0.738937, -0.336888, 0.583506)
    Right Arm.CFrame = CFrame.new(0.056686, -0.427254, 0.31694, 0.811502, -0.582788, 0.042698, 0.140873, 0.266025, 0.953617, -0.567115, -0.767847, 0.297979)
    Left Arm.CFrame = CFrame.new(-0.178134, -0.154984, 0.470511, -0.335821, 0.902199, -0.270669, -0.193693, 0.215071, 0.957198, 0.921796, 0.373874, 0.102524)
    Right Leg.CFrame = CFrame.new(0.385261, 0.493851, 0.287709, 0.789431, 0.147206, -0.595927, 0.115366, 0.917939, 0.379577, 0.602901, -0.3684, 0.707667)
    Head.CFrame = CFrame.new(0, -0, 0, 0.990843, 0.06174, -0.120075, -0.038372, 0.981422, 0.187987, 0.129451, -0.181659, 0.974804)

[37]
    Time: 3.700000
    HumanoidRootPart.CFrame = CFrame.new(0, 0, 0, 1, 0, 0, 0, 1, 0, 0, 0, 1)
    Torso.CFrame = CFrame.new(-0.113589, 0, -0.832985, 0.997356, -0.044844, 0.057177, 0.072415, 0.678645, -0.730888, -0.006027, 0.733096, 0.680098)
    Left Leg.CFrame = CFrame.new(-0.180499, 0.618094, -0.764545, 0.696932, 0.683928, 0.215705, -0.456495, 0.191113, 0.868958, 0.553081, -0.704073, 0.445402)
    Right Arm.CFrame = CFrame.new(-0.389873, 0.399921, 0.089438, 0.0006, 0.974682, 0.223595, -0.999998, 0.000197, 0.001825, 0.001734, -0.223596, 0.97468)
    Left Arm.CFrame = CFrame.new(0.629951, -0.114414, -0.037096, 0.101079, -0.936348, -0.336207, 0.994504, 0.085825, 0.059966, -0.027294, -0.34042, 0.939877)
    Right Leg.CFrame = CFrame.new(0.418128, 0.565058, -0.505565, 0.852786, -0.468155, -0.231491, 0.38593, 0.266249, 0.883272, -0.351873, -0.842581, 0.407728)
    Head.CFrame = CFrame.new(0, 0, 0, 0.993341, 0.102075, -0.053424, -0.102311, 0.994751, -0.001695, 0.052971, 0.007149, 0.998571)

[38]
    Time: 3.766667
    HumanoidRootPart.CFrame = CFrame.new(0, 0, 0, 1, 0, 0, 0, 1, 0, 0, 0, 1)
    Torso.CFrame = CFrame.new(-0.113589, 0, -0.870848, 0.999645, -0.004094, 0.026339, 0.023343, 0.61148, -0.790916, -0.012868, 0.79125, 0.611358)
    Left Leg.CFrame = CFrame.new(-0.105619, 0.6036, -0.705499, 0.628709, 0.716751, 0.301651, -0.541377, 0.124957, 0.831443, 0.558244, -0.686043, 0.466593)
    Right Arm.CFrame = CFrame.new(-0.397015, 0.379466, 0.044239, 0.035792, 0.992539, 0.11656, -0.989756, 0.051337, -0.133221, -0.13821, -0.110597, 0.984208)
    Left Arm.CFrame = CFrame.new(0.644569, -0.141332, -0.103946, 0.151556, -0.972894, -0.174663, 0.988197, 0.15312, 0.00457, 0.022298, -0.173294, 0.984618)
    Right Leg.CFrame = CFrame.new(0.329564, 0.53946, -0.506558, 0.754278, -0.5681, -0.329132, 0.477552, 0.130694, 0.868829, -0.450566, -0.812516, 0.369876)
    Head.CFrame = CFrame.new(0, -0, 0, 0.99771, 0.063956, -0.021994, -0.061812, 0.994266, 0.087261, 0.027449, -0.085701, 0.995943)

[39]
    Time: 3.833333
    HumanoidRootPart.CFrame = CFrame.new(0, 0, 0, 1, 0, 0, 0, 1, 0, 0, 0, 1)
    Torso.CFrame = CFrame.new(-0.063105, 0, -0.984437, 0.999645, -0.004094, 0.026339, 0.023343, 0.61148, -0.790916, -0.012868, 0.79125, 0.611358)
    Left Leg.CFrame = CFrame.new(-0.063455, 0.657181, -0.832853, 0.652199, 0.67709, 0.340861, -0.553781, 0.118511, 0.824186, 0.517652, -0.726295, 0.452252)
    Right Arm.CFrame = CFrame.new(-0.397533, 0.35735, -0.012183, 0.110597, 0.993832, -0.008081, -0.973085, 0.106627, -0.204295, -0.202173, 0.030458, 0.978876)
    Left Arm.CFrame = CFrame.new(0.643755, -0.167064, -0.13298, 0.193216, -0.970862, -0.141756, 0.9589, 0.217451, -0.18228, 0.207793, -0.100711, 0.972975)
    Right Leg.CFrame = CFrame.new(0.298526, 0.534222, -0.525057, 0.7593, -0.519995, -0.391241, 0.505148, 0.091979, 0.858117, -0.410231, -0.849203, 0.332514)
    Head.CFrame = CFrame.new(0, -0, 0, 0.99771, 0.063956, -0.021994, -0.061812, 0.994266, 0.087261, 0.027449, -0.085701, 0.995943)

[40]
    Time: 3.900000
    HumanoidRootPart.CFrame = CFrame.new(0, 0, 0, 1, 0, 0, 0, 1, 0, 0, 0, 1)
    Torso.CFrame = CFrame.new(-0.164073, 0, -0.429114, 0.999669, 0.025688, -0.001269, -0.024988, 0.958362, -0.284461, -0.006091, 0.284399, 0.958687)
    Left Leg.CFrame = CFrame.new(-0.517679, 0.511546, -0.346233, 0.98286, 0.127901, -0.132769, -0.021216, 0.793876, 0.607709, 0.183129, -0.594476, 0.782983)
    Right Arm.CFrame = CFrame.new(0.011729, -0.030145, 0.083137, 0.993775, -0.039026, 0.104347, 0.000499, 0.938187, 0.34613, -0.111406, -0.343923, 0.932366)
