[1]
    Time: 0.000000
    HumanoidRootPart.CFrame = CFrame.new(0, 0, 0, 1, 0, 0, 0, 1, 0, 0, 0, 1)
    Torso.CFrame = CFrame.new(-0.044193, 0.02589, -0.269719, 0.960703, -0.244213, 0.131942, 0.264946, 0.948526, -0.173501, -0.082779, 0.201641, 0.975955)
    Left Leg.CFrame = CFrame.new(-0.699966, 0.453081, -0.460189, 0.932431, 0.077322, -0.352978, 0.103698, 0.87849, 0.466371, 0.346149, -0.471462, 0.811113)
    Right Arm.CFrame = CFrame.new(-0.191883, -0.30997, 0.189749, 0.167699, -0.429657, 0.887284, 0.941337, 0.337151, -0.014654, -0.292852, 0.83769, 0.460992)
    Head.CFrame = CFrame.new(-0.016486, 0.04059, -0.004798, 0.898622, 0.267758, -0.347541, -0.237411, 0.962937, 0.128018, 0.368938, -0.032529, 0.928885)
    Right Leg.CFrame = CFrame.new(0.547233, 0.213584, 0.024125, 0.990906, 0.123147, 0.054235, -0.120075, 0.991146, -0.056669, -0.060733, 0.049641, 0.996919)
    Left Arm.CFrame = CFrame.new(-0.231565, -0.224888, 0.037303, -0.252205, 0.384431, -0.888035, -0.68356, 0.578788, 0.444691, 0.684937, 0.719179, 0.116809)

[2]
    Time: 0.200000
    HumanoidRootPart.CFrame = CFrame.new(0, 0, 0, 1, 0, 0, 0, 1, 0, 0, 0, 1)
    Torso.CFrame = CFrame.new(0.093719, 0.069752, -0.032663, 0.994041, -0.108687, 0.00831, 0.10854, 0.993955, 0.016484, -0.010052, -0.015484, 0.99983)
    Left Leg.CFrame = CFrame.new(-0.477791, 0.047086, -0.163436, 0.895598, -0.113148, -0.430236, 0.15691, 0.985303, 0.067508, 0.416275, -0.127969, 0.900189)
    Right Arm.CFrame = CFrame.new(0.073868, -0.556321, 0.432897, -0.482702, -0.585314, 0.651465, 0.874699, -0.285186, 0.391881, -0.043585, 0.758997, 0.649634)
    Head.CFrame = CFrame.new(-0.001977, -0.002828, -4.8e-05, 0.995081, 0.099009, 0.003458, -0.09876, 0.98861, 0.113566, 0.007825, -0.113348, 0.993525)
    Right Leg.CFrame = CFrame.new(0.171118, 0.070858, 0.009977, 0.984406, 0.102528, 0.142948, -0.123516, 0.981446, 0.146654, -0.12526, -0.162024, 0.978805)
    Left Arm.CFrame = CFrame.new(0.189397, -0.457495, 0.409701, -0.084865, 0.586844, -0.80524, -0.988943, -0.148246, -0.003813, -0.121611, 0.796013, 0.592937)

[3]
    Time: 0.266667
    HumanoidRootPart.CFrame = CFrame.new(0, 0, 0, 1, 0, 0, 0, 1, 0, 0, 0, 1)
    Torso.CFrame = CFrame.new(0.040176, 0.05835, -0.045451, 0.969759, 0.238487, 0.051877, -0.240101, 0.970361, 0.027402, -0.043805, -0.039029, 0.998278)
    Left Leg.CFrame = CFrame.new(-0.252974, 0.079868, 0.009024, 0.965509, -0.244273, -0.090134, 0.254082, 0.959558, 0.121204, 0.056882, -0.139925, 0.988527)
    Right Arm.CFrame = CFrame.new(0.282992, -0.27994, 0.134879, -0.295719, -0.317126, 0.9011, 0.861403, 0.319253, 0.395047, -0.412959, 0.893033, 0.178765)
    Head.CFrame = CFrame.new(-0.008853, -0.007547, -0.000313, 0.935987, -0.334123, 0.11086, 0.337851, 0.94106, -0.016191, -0.098916, 0.052608, 0.993704)
    Right Leg.CFrame = CFrame.new(0.512307, 0.024256, -0.203685, 0.871281, 0.106223, 0.479151, -0.16714, 0.982159, 0.086191, -0.461447, -0.155182, 0.87349)
    Left Arm.CFrame = CFrame.new(0.141639, -0.16516, 0.291828, 0.143051, 0.359913, -0.921954, -0.959696, 0.278132, -0.04033, 0.241909, 0.890565, 0.385194)

[4]
    Time: 0.333333
    HumanoidRootPart.CFrame = CFrame.new(0, 0, 0, 1, 0, 0, 0, 1, 0, 0, 0, 1)
    Torso.CFrame = CFrame.new(0.154667, -0.006702, -0.250134, 0.960703, 0.244213, -0.131942, -0.264946, 0.948526, -0.173501, 0.082779, 0.201641, 0.975955)
    Left Leg.CFrame = CFrame.new(-0.544707, 0.179368, -0.039636, 0.985359, -0.074679, -0.153267, 0.056506, 0.991204, -0.119672, 0.160856, 0.109259, 0.980912)
    Right Arm.CFrame = CFrame.new(0.18853, -0.194762, -0.034278, -0.187027, -0.428759, 0.883848, 0.667305, 0.604829, 0.434611, -0.72092, 0.67108, 0.172993)
    Head.CFrame = CFrame.new(0.01648, 0.04059, -0.004801, 0.898622, -0.267758, 0.347541, 0.237411, 0.962937, 0.128018, -0.368938, -0.032529, 0.928885)
    Right Leg.CFrame = CFrame.new(0.611207, 0.433632, -0.360569, 0.95513, -0.106746, 0.276283, -0.053696, 0.854935, 0.515948, -0.29128, -0.507632, 0.810843)
    Left Arm.CFrame = CFrame.new(0.101652, -0.110437, 0.157435, 0.163939, 0.32059, -0.932924, -0.824779, 0.563358, 0.048657, 0.541169, 0.761479, 0.356773)

[5]
    Time: 0.533333
    HumanoidRootPart.CFrame = CFrame.new(0, 0, 0, 1, 0, 0, 0, 1, 0, 0, 0, 1)
    Torso.CFrame = CFrame.new(0.093719, 0.069752, -0.032663, 0.994041, -0.108687, 0.00831, 0.10854, 0.993955, 0.016484, -0.010052, -0.015484, 0.99983)
    Left Leg.CFrame = CFrame.new(-0.47779, 0.047086, -0.163436, 0.895598, -0.113148, -0.430236, 0.15691, 0.985303, 0.067508, 0.416274, -0.127969, 0.900189)
    Right Arm.CFrame = CFrame.new(0.006333, -0.4094, 0.294267, -0.326905, -0.917948, 0.224735, 0.890912, -0.22, 0.397335, -0.315291, 0.33011, 0.88973)
    Head.CFrame = CFrame.new(-0.001977, -0.002828, -4.8e-05, 0.995081, 0.099009, 0.003458, -0.09876, 0.98861, 0.113566, 0.007825, -0.113348, 0.993525)
    Right Leg.CFrame = CFrame.new(0.171118, 0.070858, 0.009977, 0.984406, 0.102528, 0.142948, -0.123516, 0.981446, 0.146654, -0.12526, -0.162024, 0.978805)
    Left Arm.CFrame = CFrame.new(0.43138, -0.212686, 0.097842, 0.085405, 0.832544, -0.547336, -0.973176, -0.048077, -0.224981, -0.213621, 0.551869, 0.806106)

[6]
    Time: 0.600000
    HumanoidRootPart.CFrame = CFrame.new(0, 0, 0, 1, 0, 0, 0, 1, 0, 0, 0, 1)
    Torso.CFrame = CFrame.new(-0.000816, 0.06992, -0.053021, 0.984627, -0.168724, 0.045182, 0.1683, 0.98565, 0.013041, -0.046734, -0.005237, 0.998894)
    Left Leg.CFrame = CFrame.new(-0.574674, 0.104442, -0.228601, 0.887975, -0.125904, -0.442323, 0.232045, 0.953049, 0.194558, 0.39706, -0.275401, 0.875499)
    Right Arm.CFrame = CFrame.new(0.364433, -0.380824, 0.193864, -0.70394, -0.636767, -0.314638, 0.627381, -0.765126, 0.144829, -0.33296, -0.095447, 0.938098)
    Head.CFrame = CFrame.new(-0.009297, -0.000786, -0.000235, 0.960609, 0.186962, -0.205612, -0.156942, 0.975553, 0.15384, 0.229347, -0.115511, 0.966466)
    Right Leg.CFrame = CFrame.new(0.2423, 0.021416, 0.008376, 0.980481, 0.158006, 0.117012, -0.162275, 0.986353, 0.027842, -0.111016, -0.046287, 0.99274)
    Left Arm.CFrame = CFrame.new(-0.039985, -0.184549, 0.412268, -0.456223, 0.845671, -0.27695, -0.806102, -0.260931, 0.531144, 0.376908, 0.46557, 0.80074)

[7]
    Time: 0.666667
    HumanoidRootPart.CFrame = CFrame.new(0, 0, 0, 1, 0, 0, 0, 1, 0, 0, 0, 1)
    Torso.CFrame = CFrame.new(-0.058155, -0.027737, -0.258476, 0.963414, -0.230084, 0.13746, 0.245595, 0.963221, -0.109032, -0.107318, 0.138802, 0.984488)
    Left Leg.CFrame = CFrame.new(-0.890266, 0.384877, -0.223256, 0.857641, -0.123575, -0.49918, 0.29018, 0.917686, 0.271382, 0.424554, -0.377601, 0.822904)
    Right Arm.CFrame = CFrame.new(0.406365, 0.194338, 0.463234, -0.515075, 0.075007, -0.853858, -0.00218, -0.996275, -0.086203, -0.857143, -0.042539, 0.513319)
    Head.CFrame = CFrame.new(-0.02139, 0.02802, -0.003122, 0.905071, 0.269555, -0.328917, -0.20333, 0.953609, 0.222006, 0.373501, -0.134053, 0.917893)
    Right Leg.CFrame = CFrame.new(0.586766, 0.07613, 0.048328, 0.961421, 0.248797, 0.117344, -0.22943, 0.960593, -0.156918, -0.151761, 0.123942, 0.980616)
    Left Arm.CFrame = CFrame.new(-0.530084, 0.24849, 0.022066, -0.937846, -0.025756, 0.346096, 0.095538, -0.977872, 0.186115, 0.333643, 0.207613, 0.919554)

[8]
    Time: 0.866667
    HumanoidRootPart.CFrame = CFrame.new(0, 0, 0, 1, 0, 0, 0, 1, 0, 0, 0, 1)
    Torso.CFrame = CFrame.new(0.093719, 0.069752, -0.032663, 0.994041, -0.108687, 0.00831, 0.10854, 0.993955, 0.016484, -0.010052, -0.015484, 0.99983)
    Left Leg.CFrame = CFrame.new(-0.47779, 0.047086, -0.163436, 0.895598, -0.113148, -0.430236, 0.15691, 0.985303, 0.067508, 0.416274, -0.127969, 0.900189)
    Right Arm.CFrame = CFrame.new(0.118871, -0.526308, 0.062571, -0.764068, -0.643646, -0.043818, 0.608693, -0.741747, 0.281611, -0.21376, 0.188498, 0.958528)
    Head.CFrame = CFrame.new(-0.001977, -0.002828, -4.8e-05, 0.995081, 0.099009, 0.003458, -0.09876, 0.98861, 0.113566, 0.007825, -0.113348, 0.993525)
    Right Leg.CFrame = CFrame.new(0.171118, 0.070858, 0.009977, 0.984406, 0.102528, 0.142948, -0.123516, 0.981446, 0.146654, -0.12526, -0.162024, 0.978805)
    Left Arm.CFrame = CFrame.new(0.026088, -0.2771, -0.071042, -0.608386, 0.741392, -0.283204, -0.793597, -0.564524, 0.226973, 0.0084, 0.362837, 0.931815)

[9]
    Time: 0.933333
    HumanoidRootPart.CFrame = CFrame.new(0, 0, 0, 1, 0, 0, 0, 1, 0, 0, 0, 1)
    Torso.CFrame = CFrame.new(0.115021, 0.048656, -0.044165, 0.984627, 0.168724, -0.045182, -0.1683, 0.98565, 0.013041, 0.046734, -0.005237, 0.998894)
    Left Leg.CFrame = CFrame.new(-0.26332, -0.016907, -0.028284, 0.970862, -0.132649, -0.199581, 0.123382, 0.990649, -0.05823, 0.205439, 0.031908, 0.97815)
    Right Arm.CFrame = CFrame.new(0.596175, -0.34295, -0.051412, -0.968053, -0.247006, 0.043164, 0.24945, -0.931168, 0.265897, -0.025485, 0.268169, 0.963035)
    Head.CFrame = CFrame.new(0.009297, -0.000786, -0.000236, 0.960609, -0.186962, 0.205612, 0.156942, 0.975553, 0.15384, -0.229347, -0.115511, 0.966466)
    Right Leg.CFrame = CFrame.new(0.431716, 0.131651, -0.128073, 0.926486, 0.06299, 0.371021, -0.172792, 0.947028, 0.270705, -0.334315, -0.314914, 0.888292)
    Left Arm.CFrame = CFrame.new(-0.220228, -0.145565, 0.004458, -0.718491, 0.677673, 0.15662, -0.634433, -0.730831, 0.251755, 0.28507, 0.08152, 0.955034)

[10]
    Time: 1.000000
    HumanoidRootPart.CFrame = CFrame.new(0, 0, 0, 1, 0, 0, 0, 1, 0, 0, 0, 1)
    Torso.CFrame = CFrame.new(0.170845, -0.049004, -0.237186, 0.963414, 0.230084, -0.13746, -0.245595, 0.963221, -0.109032, 0.107318, 0.138802, 0.984488)
    Left Leg.CFrame = CFrame.new(-0.568119, 0.026254, 0.019252, 0.955969, -0.179619, -0.232079, 0.118986, 0.96013, -0.252969, 0.268264, 0.214216, 0.939226)
    Right Arm.CFrame = CFrame.new(0.726079, 0.291026, 0.078861, -0.893818, 0.197378, -0.402657, -0.281177, -0.946164, 0.160358, -0.349328, 0.256548, 0.901195)
    Head.CFrame = CFrame.new(0.02139, 0.02802, -0.003122, 0.905071, -0.269555, 0.328917, 0.20333, 0.953609, 0.222006, -0.373501, -0.134053, 0.917893)
    Right Leg.CFrame = CFrame.new(0.904648, 0.355279, -0.207527, 0.905529, 0.166248, 0.390359, -0.323689, 0.865504, 0.382267, -0.274306, -0.472509, 0.837551)
    Left Arm.CFrame = CFrame.new(-0.2623, 0.178666, 0.346041, -0.587817, 0.048816, 0.80752, -0.131662, -0.990643, -0.035955, 0.798208, -0.127454, 0.588744)

[11]
    Time: 1.200000
    HumanoidRootPart.CFrame = CFrame.new(0, 0, 0, 1, 0, 0, 0, 1, 0, 0, 0, 1)
    Torso.CFrame = CFrame.new(0.093719, 0.069752, -0.032663, 0.994041, -0.108687, 0.00831, 0.10854, 0.993955, 0.016484, -0.010052, -0.015484, 0.99983)
    Left Leg.CFrame = CFrame.new(-0.47779, 0.047086, -0.163436, 0.895598, -0.113148, -0.430236, 0.15691, 0.985303, 0.067508, 0.416274, -0.127969, 0.900189)
    Right Arm.CFrame = CFrame.new(-0.0697, -0.351948, 0.278723, -0.302939, -0.762792, 0.571295, 0.924779, -0.090462, 0.369595, -0.230244, 0.640286, 0.732818)
    Head.CFrame = CFrame.new(-0.001977, -0.002828, -4.8e-05, 0.995081, 0.099009, 0.003458, -0.09876, 0.98861, 0.113566, 0.007825, -0.113348, 0.993525)
    Right Leg.CFrame = CFrame.new(0.171118, 0.070858, 0.009977, 0.984406, 0.102528, 0.142948, -0.123516, 0.981446, 0.146654, -0.12526, -0.162024, 0.978805)
    Left Arm.CFrame = CFrame.new(0.277619, -0.051842, 0.147332, 0.10869, 0.730556, -0.674147, -0.896349, 0.36525, 0.251298, 0.429819, 0.576958, 0.694532)

[12]
    Time: 1.266667
    HumanoidRootPart.CFrame = CFrame.new(0, 0, 0, 1, 0, 0, 0, 1, 0, 0, 0, 1)
    Torso.CFrame = CFrame.new(0.073051, 0.085972, -0.048639, 0.969759, -0.238487, -0.051877, 0.240101, 0.970361, 0.027402, 0.043805, -0.039029, 0.998278)
    Left Leg.CFrame = CFrame.new(-0.572673, 0.006966, -0.281708, 0.830337, -0.120823, -0.544006, 0.152437, 0.988225, 0.013189, 0.536006, -0.093878, 0.838978)
    Right Arm.CFrame = CFrame.new(-0.241374, -0.303599, 0.222631, 0.160279, -0.485597, 0.859364, 0.986672, 0.103596, -0.125485, -0.028091, 0.868023, 0.495729)
    Head.CFrame = CFrame.new(0.008849, -0.007549, -0.000314, 0.935987, 0.334123, -0.11086, -0.337851, 0.94106, -0.016191, 0.098916, 0.052608, 0.993704)
    Right Leg.CFrame = CFrame.new(0.10227, 0.136065, 0.04084, 0.982286, 0.186987, 0.012244, -0.185266, 0.959288, 0.213175, 0.028116, -0.211667, 0.976937)
    Left Arm.CFrame = CFrame.new(-0.346732, -0.346251, 0.19366, -0.40332, 0.264555, -0.875981, -0.835148, 0.284821, 0.470538, 0.37398, 0.921351, 0.106069)

[13]
    Time: 1.333333
    HumanoidRootPart.CFrame = CFrame.new(0, 0, 0, 1, 0, 0, 0, 1, 0, 0, 0, 1)
    Torso.CFrame = CFrame.new(-0.044193, 0.02589, -0.269719, 0.960703, -0.244213, 0.131942, 0.264946, 0.948526, -0.173501, -0.082779, 0.201641, 0.975955)
    Left Leg.CFrame = CFrame.new(-0.699966, 0.453081, -0.460189, 0.932431, 0.077322, -0.352978, 0.103698, 0.87849, 0.466371, 0.346149, -0.471462, 0.811113)
    Right Arm.CFrame = CFrame.new(-0.191883, -0.30997, 0.189749, 0.167699, -0.429657, 0.887284, 0.941337, 0.337151, -0.014654, -0.292852, 0.83769, 0.460992)
    Head.CFrame = CFrame.new(-0.016486, 0.04059, -0.004798, 0.898622, 0.267758, -0.347541, -0.237411, 0.962937, 0.128018, 0.368938, -0.032529, 0.928885)
    Right Leg.CFrame = CFrame.new(0.547233, 0.213584, 0.024125, 0.990906, 0.123147, 0.054235, -0.120075, 0.991146, -0.056669, -0.060733, 0.049641, 0.996919)
    Left Arm.CFrame = CFrame.new(-0.231565, -0.224888, 0.037303, -0.252205, 0.384431, -0.888035, -0.68356, 0.578788, 0.444691, 0.684937, 0.719179, 0.116809)
