[1]
    Time: 0.000000
    HumanoidRootPart.CFrame = CFrame.new(0, 0, 0, 1, 0, 0, 0, 1, 0, 0, 0, 1)
    Torso.CFrame = CFrame.new(0, 0, 1.94998, 1, 0, 0, 0, 1, 0, 0, 0, 1)
    Left Leg.CFrame = CFrame.new(-0.220048, 0.07134, 0.05898, 0.969137, -0.192133, 0.154459, 0.175857, 0.977905, 0.113032, -0.172764, -0.082381, 0.981512)
    Right Arm.CFrame = CFrame.new(-0.007005, 0.002811, 0.053552, 0.999666, -0.025827, 0.001359, 0.025522, 0.993612, 0.109929, -0.00419, -0.109857, 0.993939)
    Head.CFrame = CFrame.new(0, 0.000271, 1.7e-05, 1, 0, 0, 0, 1, 0, 0, 0, 1)
    Left Arm.CFrame = CFrame.new(0.007013, 0.002818, 0.053559, 0.999666, 0.025826, -0.001367, -0.025519, 0.993612, 0.109929, 0.004198, -0.109858, 0.993939)
    Right Leg.CFrame = CFrame.new(0.22009, 0.071348, 0.05898, 0.969135, 0.192147, -0.154456, -0.175869, 0.977902, 0.113041, 0.172763, -0.082388, 0.981512)

[2]
    Time: 4.700000
    HumanoidRootPart.CFrame = CFrame.new(0, 0, 0, 1, 0, 0, 0, 1, 0, 0, 0, 1)
    Torso.CFrame = CFrame.new(-7.1, 0, -0.050017, 1, 0, 0, 0, 1, 0, 0, 0, 1)
    Left Leg.CFrame = CFrame.new(-0.220048, 0.07134, 0.05898, 0.969137, -0.192134, 0.154459, 0.175857, 0.977905, 0.113032, -0.172764, -0.082381, 0.981512)
    Right Arm.CFrame = CFrame.new(-0.007005, 0.002811, 0.053552, 0.999666, -0.025827, 0.001359, 0.025522, 0.993612, 0.109929, -0.00419, -0.109857, 0.993939)
    Head.CFrame = CFrame.new(0, 0.000271, 1.7e-05, 1, 0, 0, 0, 1, 0, 0, 0, 1)
    Left Arm.CFrame = CFrame.new(0.007013, 0.002818, 0.053559, 0.999666, 0.025826, -0.001367, -0.025519, 0.993612, 0.109929, 0.004198, -0.109858, 0.993939)
    Right Leg.CFrame = CFrame.new(0.220086, 0.071348, 0.05898, 0.969135, 0.192147, -0.154456, -0.175869, 0.977902, 0.113041, 0.172763, -0.082388, 0.981512)

[3]
    Time: 4.733333
    HumanoidRootPart.CFrame = CFrame.new(0, 0, 0, 1, 0, 0, 0, 1, 0, 0, 0, 1)
    Torso.CFrame = CFrame.new(8.6095, 0.048191, -1.01753, -0.017988, 0.971068, -0.238126, -0.999502, -0.023636, -0.020885, -0.025909, 0.237632, 0.97101)
    Left Leg.CFrame = CFrame.new(-0.408456, 1.11749, -0.102217, 0.898387, 0.4219, 0.122073, -0.43276, 0.897765, 0.08208, -0.074963, -0.126567, 0.989122)
    Right Arm.CFrame = CFrame.new(0.056223, 0.416477, 0.490514, 0.176383, -0.451342, -0.874746, 0.866797, -0.349884, 0.35531, -0.466426, -0.820897, 0.329507)
    Head.CFrame = CFrame.new(-0.005184, 0.04776, -0.005643, 1, -0, 0, 0, 0.866026, -0.5, 0, 0.5, 0.866025)
    Left Arm.CFrame = CFrame.new(-0.072213, 0.405522, 0.461519, 0.153261, 0.474533, 0.866793, -0.880423, -0.332749, 0.337837, 0.448739, -0.814921, 0.366792)
    Right Leg.CFrame = CFrame.new(0.786901, -0.428235, -0.204277, 0.275963, 0.949318, 0.150462, -0.92633, 0.304446, -0.221868, -0.25643, -0.07815, 0.963398)

[4]
    Time: 4.766667
    HumanoidRootPart.CFrame = CFrame.new(0, 0, 0, 1, 0, 0, 0, 1, 0, 0, 0, 1)
    Torso.CFrame = CFrame.new(8.43367, 0, -0.94864, -0, 0.971628, -0.236514, -1, -0, -0, -0, 0.236514, 0.971628)
    Left Leg.CFrame = CFrame.new(-1.22405, 0.54237, -0.001812, 0.749431, -0.662081, -0.001385, 0.662083, 0.749431, 0.000337, 0.000815, -0.00117, 0.999999)
    Right Arm.CFrame = CFrame.new(0.075677, 0.484701, 0.459928, 0.216564, -0.427219, -0.877829, 0.90054, -0.259808, 0.34861, -0.377, -0.866016, 0.328462)
    Head.CFrame = CFrame.new(-2e-06, 0.047543, -0.005526, 1, -1.7e-05, -4.9e-05, -8e-06, 0.878374, -0.477974, 5.1e-05, 0.477974, 0.878374)
    Left Arm.CFrame = CFrame.new(-0.075676, 0.484728, 0.459923, 0.216575, 0.427219, 0.877826, -0.90053, -0.25982, 0.348625, 0.377016, -0.866012, 0.328453)
    Right Leg.CFrame = CFrame.new(1.27097, 0.782521, -0.001955, 0.658846, 0.752276, 0.001385, -0.752277, 0.658847, 0.000337, -0.000659, -0.001264, 0.999999)

[5]
    Time: 4.800000
    HumanoidRootPart.CFrame = CFrame.new(0, 0, 0, 1, 0, 0, 0, 1, 0, 0, 0, 1)
    Torso.CFrame = CFrame.new(7.94652, -0.010258, -0.760858, 0.01857, 0.972598, -0.231751, -0.999687, 0.021955, 0.012032, 0.016791, 0.231455, 0.972701)
    Left Leg.CFrame = CFrame.new(-0.641551, -0.247178, -0.040214, 0.529094, -0.844826, -0.079548, 0.838534, 0.534909, -0.1036, 0.130075, -0.01189, 0.991433)
    Right Arm.CFrame = CFrame.new(0.091655, 0.564861, 0.432455, 0.242862, -0.389658, -0.88836, 0.924758, -0.183592, 0.333341, -0.292985, -0.902475, 0.315753)
    Head.CFrame = CFrame.new(0.003358, 0.046537, -0.005327, 1, -5.7e-05, -0.000162, -1.6e-05, 0.907028, -0.421069, 0.000171, 0.42107, 0.907028)
    Left Arm.CFrame = CFrame.new(-0.0777, 0.57493, 0.450306, 0.258801, 0.361014, 0.89593, -0.915446, -0.204268, 0.346748, 0.308191, -0.909914, 0.277624)
    Right Leg.CFrame = CFrame.new(0.530679, 0.87405, -0.06895, 0.916089, -0.392925, -0.079946, 0.397355, 0.916322, 0.049623, 0.053758, -0.077226, 0.995564)

[6]
    Time: 4.833333
    HumanoidRootPart.CFrame = CFrame.new(0, 0, 0, 1, 0, 0, 0, 1, 0, 0, 0, 1)
    Torso.CFrame = CFrame.new(7.21167, 0, -0.519635, -0, 0.975477, -0.220099, -1, -0, -0, -0, 0.220099, 0.975478)
    Left Leg.CFrame = CFrame.new(-1.22078, 0.509988, -0.001794, 0.746591, -0.665282, -0.001391, 0.665283, 0.746591, 0.000314, 0.00083, -0.00116, 0.999999)
    Right Arm.CFrame = CFrame.new(0.063792, 0.521752, 0.46518, 0.174928, -0.379689, -0.908426, 0.885673, -0.342362, 0.313642, -0.430097, -0.859433, 0.276391)
    Head.CFrame = CFrame.new(3e-06, 0.044275, -0.004794, 1, -0.000104, -0.000287, -1e-06, 0.93932, -0.343043, 0.000306, 0.343043, 0.93932)
    Left Arm.CFrame = CFrame.new(-0.063794, 0.521777, 0.465175, 0.174937, 0.379689, 0.908424, -0.885665, -0.342373, 0.313654, 0.43011, -0.859429, 0.276383)
    Right Leg.CFrame = CFrame.new(1.00405, 0.339124, -0.001438, 0.882926, 0.46951, 0.001391, -0.469511, 0.882927, 0.000314, -0.001081, -0.00093, 0.999999)

[7]
    Time: 4.866667
    HumanoidRootPart.CFrame = CFrame.new(0, 0, 0, 1, 0, 0, 0, 1, 0, 0, 0, 1)
    Torso.CFrame = CFrame.new(6.29263, -0.056255, -0.280718, -0.018085, 0.980045, -0.19795, -0.999819, -0.016563, 0.009341, 0.005876, 0.198083, 0.980168)
    Left Leg.CFrame = CFrame.new(-0.320625, 0.170472, -0.070603, 0.805534, 0.592162, 0.021418, -0.592229, 0.805761, -0.003731, -0.019467, -0.009678, 0.999764)
    Right Arm.CFrame = CFrame.new(0.040087, 0.481857, 0.494144, 0.106967, -0.350786, -0.930326, 0.812373, -0.508641, 0.285192, -0.573243, -0.786278, 0.230561)
    Head.CFrame = CFrame.new(0.001175, 0.039879, -0.003878, 1, -0.000155, -0.000373, 5.3e-05, 0.965926, -0.258819, 0.000401, 0.258819, 0.965926)
    Left Arm.CFrame = CFrame.new(-0.05498, 0.471814, 0.495126, 0.083169, 0.370277, 0.925191, -0.825907, -0.493904, 0.271913, 0.557639, -0.786736, 0.264737)
    Right Leg.CFrame = CFrame.new(-0.067243, 0.112721, 0.064139, 0.936299, 0.350781, 0.017255, -0.350976, 0.936332, 0.00994, -0.01267, -0.015364, 0.999802)

[8]
    Time: 4.900000
    HumanoidRootPart.CFrame = CFrame.new(0, 0, 0, 1, 0, 0, 0, 1, 0, 0, 0, 1)
    Torso.CFrame = CFrame.new(5.25403, 0, -0.084434, -0, 0.987072, -0.160278, -1, -0, -0, -0, 0.160278, 0.987072)
    Left Leg.CFrame = CFrame.new(-0.440053, 0.084868, -0.000593, 0.993878, -0.110473, -0.001408, 0.110473, 0.993879, 0.000229, 0.001374, -0.000383, 0.999999)
    Right Arm.CFrame = CFrame.new(0.053388, 0.582564, 0.468092, 0.114865, -0.291199, -0.949742, 0.847979, -0.469255, 0.246435, -0.517433, -0.833668, 0.19303)
    Head.CFrame = CFrame.new(0, 0.032322, -0.002525, 1, -0.000213, -0.000397, 0.000147, 0.987334, -0.158654, 0.000426, 0.158654, 0.987334)
    Left Arm.CFrame = CFrame.new(-0.053396, 0.582589, 0.468082, 0.114872, 0.291198, 0.949741, -0.847973, -0.469263, 0.246443, 0.517442, -0.833664, 0.193023)
    Right Leg.CFrame = CFrame.new(0.989766, 0.267672, -0.00141, 0.862365, 0.506286, 0.001407, -0.506287, 0.862365, 0.000229, -0.001098, -0.00091, 0.999999)

[9]
    Time: 4.933333
    HumanoidRootPart.CFrame = CFrame.new(0, 0, 0, 1, 0, 0, 0, 1, 0, 0, 0, 1)
    Torso.CFrame = CFrame.new(4.16043, 0.08717, -0.01401, 0.01031, 0.994713, -0.102175, -0.999607, 0.007589, -0.026977, -0.026059, 0.102413, 0.994401)
    Left Leg.CFrame = CFrame.new(0.08034, 0.149343, 0.068516, 0.92441, -0.381377, 0.004313, 0.380569, 0.923081, 0.055587, -0.025181, -0.049744, 0.998445)
    Right Arm.CFrame = CFrame.new(0.066736, 0.68988, 0.438811, 0.113008, -0.226173, -0.96751, 0.884152, -0.42138, 0.201777, -0.453326, -0.878228, 0.152352)
    Head.CFrame = CFrame.new(-0.005205, 0.02075, -0.001121, 1, -0.00026, -0.000469, 0.000291, 0.997635, 0.068738, 0.00045, -0.068738, 0.997635)
    Left Arm.CFrame = CFrame.new(-0.058014, 0.696615, 0.415587, 0.127033, 0.208273, 0.969786, -0.875926, -0.435208, 0.208204, 0.465422, -0.875909, 0.127145)
    Right Leg.CFrame = CFrame.new(0.130593, -0.068322, -0.086312, 0.806848, -0.590715, 0.0072, 0.590553, 0.806184, -0.036252, 0.01561, 0.033502, 0.999317)

[10]
    Time: 4.966667
    HumanoidRootPart.CFrame = CFrame.new(0, 0, 0, 1, 0, 0, 0, 1, 0, 0, 0, 1)
    Torso.CFrame = CFrame.new(3.06825, 0, -0.00035, -0, 0.999583, -0.028868, -1, -0, -0, -0, 0.028868, 0.999583)
    Left Leg.CFrame = CFrame.new(-0.921379, 0.116287, -0.001308, 0.82182, -0.569745, -0.001425, 0.569746, 0.821821, 4.1e-05, 0.001148, -0.000846, 0.999999)
    Right Arm.CFrame = CFrame.new(0.06114, 0.648863, 0.462139, 0.057838, -0.174905, -0.982885, 0.784189, -0.601326, 0.153152, -0.617821, -0.779625, 0.102379)
    Head.CFrame = CFrame.new(2e-06, 0.006019, -0.000189, 1, -0.000219, -0.000699, 0.00051, 0.892698, 0.450655, 0.000525, -0.450655, 0.892698)
    Left Arm.CFrame = CFrame.new(-0.061141, 0.648884, 0.462127, 0.057841, 0.174903, 0.982885, -0.784185, -0.60133, 0.153154, 0.617825, -0.779623, 0.102375)
    Right Leg.CFrame = CFrame.new(0.01076, 0.000343, -8e-06, 0.999658, -0.026104, 0.001425, 0.026104, 0.999659, 4.1e-05, -0.001426, -4e-06, 0.999999)

[11]
    Time: 5.000000
    HumanoidRootPart.CFrame = CFrame.new(0, 0, 0, 1, 0, 0, 0, 1, 0, 0, 0, 1)
    Torso.CFrame = CFrame.new(2.03424, -0.084232, -0.011108, 0.005636, 0.998483, 0.054775, -0.999523, 0.003961, 0.030644, 0.030381, -0.054922, 0.998028)
    Left Leg.CFrame = CFrame.new(-0.101227, -0.090218, -0.089276, 0.889465, 0.456683, -0.017111, -0.456986, 0.888476, -0.042117, -0.004032, 0.045281, 0.998966)
    Right Arm.CFrame = CFrame.new(0.066, 0.601651, 0.493022, 0.019029, -0.116686, -0.992987, 0.6438, -0.758437, 0.101461, -0.764957, -0.641216, 0.06069)
    Head.CFrame = CFrame.new(0.006076, -0.010778, -0.000552, 1, -0.000124, -0.000883, 0.000663, 0.766045, 0.642787, 0.000597, -0.642787, 0.766045)
    Left Arm.CFrame = CFrame.new(-0.070769, 0.597556, 0.519258, 0.009091, 0.120668, 0.992651, -0.650294, -0.753395, 0.097539, 0.759628, -0.646403, 0.07162)
    Right Leg.CFrame = CFrame.new(-0.103945, 0.168046, 0.067193, 0.852915, 0.52193, -0.011218, -0.520417, 0.851748, 0.060758, 0.041267, -0.045984, 0.99809)

[12]
    Time: 5.033333
    HumanoidRootPart.CFrame = CFrame.new(0, 0, 0, 1, 0, 0, 0, 1, 0, 0, 0, 1)
    Torso.CFrame = CFrame.new(1.11605, 0, -0.008479, -0, 0.989422, 0.145065, -1, -0, -0, -0, -0.145065, 0.989422)
    Left Leg.CFrame = CFrame.new(0.02414, 0.001518, -8e-06, 0.989024, -0.147747, -0.001411, 0.147747, 0.989025, -0.000207, 0.001426, -4e-06, 0.999999)
    Right Arm.CFrame = CFrame.new(0.084614, 0.697892, 0.446645, 0.015292, -0.054771, -0.998382, 0.703878, -0.708583, 0.049654, -0.710156, -0.703498, 0.027717)
    Head.CFrame = CFrame.new(2e-06, -0.028805, -0.00227, 1, -0.0001, -0.000943, 0.000669, 0.778965, 0.627068, 0.000672, -0.627068, 0.778964)
    Left Arm.CFrame = CFrame.new(-0.084614, 0.697912, 0.44663, 0.015293, 0.05477, 0.998382, -0.703878, -0.708584, 0.049654, 0.710157, -0.703498, 0.027715)
    Right Leg.CFrame = CFrame.new(0.892785, -0.042238, -0.001308, 0.710528, 0.703668, 0.001411, -0.703668, 0.710529, -0.000207, -0.001148, -0.000846, 0.999999)

[13]
    Time: 5.066667
    HumanoidRootPart.CFrame = CFrame.new(0, 0, 0, 1, 0, 0, 0, 1, 0, 0, 0, 1)
    Torso.CFrame = CFrame.new(0.356068, 0.0816, -0.032276, -0.024278, 0.971857, 0.234316, -0.999283, -0.01678, -0.033938, -0.029051, -0.234972, 0.971568)
    Left Leg.CFrame = CFrame.new(0.127741, 0.1907, 0.065053, 0.743912, -0.668023, 0.018447, 0.665839, 0.743271, 0.064863, -0.057041, -0.03597, 0.997724)
    Right Arm.CFrame = CFrame.new(0.100862, 0.787096, 0.386229, 0.001163, -0.002526, -0.999996, 0.767669, -0.640841, 0.002511, -0.640845, -0.767669, 0.001193)
    Head.CFrame = CFrame.new(-0.005812, -0.046774, -0.005832, 1, -8.5e-05, -0.000965, 0.000637, 0.808455, 0.588559, 0.00073, -0.588559, 0.808454)
    Left Arm.CFrame = CFrame.new(-0.100799, 0.787169, 0.361539, 0.001352, 0.002401, 0.999996, -0.767538, -0.640999, 0.002576, 0.641003, -0.767538, 0.000976)
    Right Leg.CFrame = CFrame.new(0.063943, -0.106527, -0.091251, 0.957351, -0.287604, 0.027626, 0.288648, 0.956252, -0.047598, -0.012728, 0.053542, 0.998485)

[14]
    Time: 5.100000
    HumanoidRootPart.CFrame = CFrame.new(0, 0, 0, 1, 0, 0, 0, 1, 0, 0, 0, 1)
    Torso.CFrame = CFrame.new(-0.249836, 0, -0.041325, -0, 0.948364, 0.317184, -1, -0, -0, -0, -0.317184, 0.948364)
    Left Leg.CFrame = CFrame.new(-0.836159, -0.195938, -0.001308, 0.575299, -0.817942, -0.001352, 0.817943, 0.5753, -0.000452, 0.001148, -0.000846, 0.999999)
    Right Arm.CFrame = CFrame.new(0.134503, 0.702151, 0.436781, 5.1e-05, -5.2e-05, -1, 0.66262, -0.748956, 7.3e-05, -0.748956, -0.66262, -4e-06)
    Head.CFrame = CFrame.new(-2e-06, -0.063209, -0.010458, 1, -7.7e-05, -0.000965, 0.000587, 0.841077, 0.540916, 0.00077, -0.540917, 0.841076)
    Left Arm.CFrame = CFrame.new(-0.134503, 0.702169, 0.436762, 5.1e-05, 5.2e-05, 1, -0.66262, -0.748956, 7.3e-05, 0.748956, -0.66262, -4e-06)
    Right Leg.CFrame = CFrame.new(-0.058677, 0.008857, -8e-06, 0.947483, 0.319805, 0.001352, -0.319804, 0.947483, -0.000452, -0.001426, -4e-06, 0.999999)

[15]
    Time: 5.133333
    HumanoidRootPart.CFrame = CFrame.new(0, 0, 0, 1, 0, 0, 0, 1, 0, 0, 0, 1)
    Torso.CFrame = CFrame.new(-0.723022, -0.080051, -0.070721, 0.039266, 0.923373, 0.38189, -0.998974, 0.027645, 0.03587, 0.022565, -0.382907, 0.923511)
    Left Leg.CFrame = CFrame.new(-0.030493, -0.112501, -0.091538, 0.990139, 0.135318, -0.036234, -0.137064, 0.989246, -0.051044, 0.028937, 0.055507, 0.998039)
    Right Arm.CFrame = CFrame.new(0.162353, 0.616355, 0.489838, 1e-06, -0, -1, 0.544639, -0.83867, 0, -0.838671, -0.544639, -0)
    Head.CFrame = CFrame.new(0.00451, -0.076347, -0.015418, 1, -7.3e-05, -0.000956, 0.000542, 0.866026, 0.499999, 0.000792, -0.5, 0.866025)
    Left Arm.CFrame = CFrame.new(-0.162349, 0.616393, 0.508942, 0, 0, 1, -0.544639, -0.83867, 0, 0.838671, -0.544639, -0)
    Right Leg.CFrame = CFrame.new(-0.144951, 0.210244, 0.062835, 0.630872, 0.7755, -0.024481, -0.772975, 0.630923, 0.066682, 0.067158, -0.023145, 0.997474)

[16]
    Time: 5.166667
    HumanoidRootPart.CFrame = CFrame.new(0, 0, 0, 1, 0, 0, 0, 1, 0, 0, 0, 1)
    Torso.CFrame = CFrame.new(-1.07687, 0, -0.076482, -0, 0.904417, 0.426649, -1, -0, -0, -0, -0.426649, 0.904417)
    Left Leg.CFrame = CFrame.new(0.080846, 0.017127, -8e-06, 0.903257, -0.429099, -0.00129, 0.429098, 0.903258, -0.000608, 0.001426, -4e-06, 0.999999)
    Right Arm.CFrame = CFrame.new(0.180916, 0.683517, 0.436777, 5.1e-05, -5.2e-05, -1, 0.66262, -0.748956, 7.3e-05, -0.748956, -0.66262, -4e-06)
    Head.CFrame = CFrame.new(-1e-06, -0.085087, -0.019229, 1, -7.1e-05, -0.000951, 0.000518, 0.877967, 0.478721, 0.000801, -0.478722, 0.877966)
    Left Arm.CFrame = CFrame.new(-0.18092, 0.683538, 0.436762, 5.1e-05, 5.3e-05, 1, -0.66262, -0.748956, 7.3e-05, 0.748956, -0.66262, -4e-06)
    Right Leg.CFrame = CFrame.new(0.783687, -0.291501, -0.001308, 0.47507, 0.879947, 0.00129, -0.879947, 0.475071, -0.000608, -0.001148, -0.000846, 0.999999)

[17]
    Time: 5.200000
    HumanoidRootPart.CFrame = CFrame.new(0, 0, 0, 1, 0, 0, 0, 1, 0, 0, 0, 1)
    Torso.CFrame = CFrame.new(-1.33201, 0.079613, -0.091954, -0.04498, 0.89658, 0.440591, -0.998817, -0.032211, -0.036421, -0.018462, -0.441709, 0.896969)
    Left Leg.CFrame = CFrame.new(0.151428, 0.218391, 0.061824, 0.579357, -0.814625, 0.02706, 0.812042, 0.579745, 0.066965, -0.07024, -0.016823, 0.997389)
    Right Arm.CFrame = CFrame.new(0.187342, 0.756412, 0.380951, 0.000155, -0.00011, -1, 0.766045, -0.642788, 0.000189, -0.642788, -0.766045, -1.5e-05)
    Head.CFrame = CFrame.new(-0.003686, -0.088104, -0.020716, 1, -7e-05, -0.000952, 0.00051, 0.881909, 0.471419, 0.000806, -0.47142, 0.881909)
    Left Arm.CFrame = CFrame.new(-0.187338, 0.75641, 0.365291, 0.000154, 0.00011, 1, -0.766045, -0.642788, 0.000189, 0.642788, -0.766045, -1.5e-05)
    Right Leg.CFrame = CFrame.new(0.016706, -0.112765, -0.091275, 0.996687, -0.070926, 0.039798, 0.072957, 0.995973, -0.052117, -0.035941, 0.054848, 0.997848)

[18]
    Time: 5.233333
    HumanoidRootPart.CFrame = CFrame.new(0, 0, 0, 1, 0, 0, 0, 1, 0, 0, 0, 1)
    Torso.CFrame = CFrame.new(-1.486, 0, -0.082284, -0, 0.897164, 0.441698, -1, -0, -0, -0, -0.441698, 0.897164)
    Left Leg.CFrame = CFrame.new(-0.775394, -0.304667, -0.001308, 0.460215, -0.887807, -0.001279, 0.887807, 0.460216, -0.00063, 0.001148, -0.000846, 0.999999)
    Right Arm.CFrame = CFrame.new(0.187298, 0.680442, 0.436777, 5.1e-05, -5.2e-05, -1, 0.66262, -0.748956, 7.3e-05, -0.748956, -0.66262, -4e-06)
    Head.CFrame = CFrame.new(3e-06, -0.088096, -0.020678, 1, -6.7e-05, -0.000959, 0.000508, 0.884175, 0.467155, 0.000816, -0.467155, 0.884175)
    Left Arm.CFrame = CFrame.new(-0.187298, 0.680461, 0.436762, 5.1e-05, 5.2e-05, 1, -0.66262, -0.748956, 7.3e-05, 0.748956, -0.66262, -4e-06)
    Right Leg.CFrame = CFrame.new(-0.083821, 0.018467, -8e-06, 0.895938, 0.444177, 0.001279, -0.444176, 0.895939, -0.00063, -0.001426, -4e-06, 0.999999)

[19]
    Time: 5.266667
    HumanoidRootPart.CFrame = CFrame.new(0, 0, 0, 1, 0, 0, 0, 1, 0, 0, 0, 1)
    Torso.CFrame = CFrame.new(-1.54369, -0.079639, -0.09127, 0.044809, 0.897443, 0.438848, -0.998823, 0.032077, 0.036388, 0.01858, -0.439962, 0.897824)
    Left Leg.CFrame = CFrame.new(-0.01704, -0.112757, -0.091274, 0.996548, 0.072914, -0.039695, -0.074936, 0.995828, -0.052069, 0.035733, 0.054864, 0.997854)
    Right Arm.CFrame = CFrame.new(0.186542, 0.605464, 0.491532, 1e-06, -0, -1, 0.544639, -0.83867, 0, -0.838671, -0.544639, -0)
    Head.CFrame = CFrame.new(0.003714, -0.087746, -0.02054, 1, -6.2e-05, -0.000973, 0.000498, 0.890611, 0.454767, 0.000839, -0.454767, 0.89061)
    Left Arm.CFrame = CFrame.new(-0.186546, 0.605498, 0.507252, 0, 0, 1, -0.544639, -0.83867, 0, 0.838671, -0.544639, -0)
    Right Leg.CFrame = CFrame.new(-0.15119, 0.21807, 0.061864, 0.580915, 0.813517, -0.026985, -0.810936, 0.581293, 0.066944, 0.070146, -0.017005, 0.997392)

[20]
    Time: 5.300000
    HumanoidRootPart.CFrame = CFrame.new(0, 0, 0, 1, 0, 0, 0, 1, 0, 0, 0, 1)
    Torso.CFrame = CFrame.new(-1.51198, 0, -0.080964, -0, 0.898814, 0.438331, -1, -0, 0, 0, -0.438331, 0.898814)
    Left Leg.CFrame = CFrame.new(0.08321, 0.018192, -8e-06, 0.897621, -0.440766, -0.001282, 0.440765, 0.897622, -0.000625, 0.001426, -4e-06, 0.999999)
    Right Arm.CFrame = CFrame.new(0.185868, 0.681142, 0.436777, 5.1e-05, -5.2e-05, -1, 0.66262, -0.748956, 7.3e-05, -0.748956, -0.66262, -4e-06)
    Head.CFrame = CFrame.new(-2e-06, -0.087419, -0.020338, 1, -5.3e-05, -0.000996, 0.000469, 0.906308, 0.422617, 0.000881, -0.422618, 0.906308)
    Left Arm.CFrame = CFrame.new(-0.185868, 0.681161, 0.436762, 5.1e-05, 5.2e-05, 1, -0.66262, -0.748956, 7.3e-05, 0.748956, -0.66262, -4e-06)
    Right Leg.CFrame = CFrame.new(0.777249, -0.301613, -0.001308, 0.463629, 0.886029, 0.001282, -0.886029, 0.46363, -0.000625, -0.001148, -0.000846, 0.999999)

[21]
    Time: 5.333333
    HumanoidRootPart.CFrame = CFrame.new(0, 0, 0, 1, 0, 0, 0, 1, 0, 0, 0, 1)
    Torso.CFrame = CFrame.new(-1.4077, 0.079708, -0.0894, -0.044338, 0.899801, 0.434042, -0.998838, -0.031706, -0.036304, -0.018905, -0.435147, 0.900161)
    Left Leg.CFrame = CFrame.new(0.150739, 0.217416, 0.061944, 0.585312, -0.810366, 0.026779, 0.807791, 0.585663, 0.066886, -0.069885, -0.017517, 0.997401)
    Right Arm.CFrame = CFrame.new(0.184561, 0.757764, 0.381138, 0.000155, -0.00011, -1, 0.766045, -0.642788, 0.000189, -0.642788, -0.766045, -1.5e-05)
    Head.CFrame = CFrame.new(-0.003784, -0.086771, -0.02005, 1, -3.8e-05, -0.001039, 0.000409, 0.933135, 0.359525, 0.000955, -0.359526, 0.933135)
    Left Arm.CFrame = CFrame.new(-0.184561, 0.757764, 0.365104, 0.000154, 0.00011, 1, -0.766045, -0.642788, 0.000188, 0.642788, -0.766045, -1.5e-05)
    Right Leg.CFrame = CFrame.new(0.018281, -0.112747, -0.091299, 0.996157, -0.078224, 0.039407, 0.080222, 0.995423, -0.051945, -0.035163, 0.054906, 0.997872)

[22]
    Time: 5.366667
    HumanoidRootPart.CFrame = CFrame.new(0, 0, 0, 1, 0, 0, 0, 1, 0, 0, 0, 1)
    Torso.CFrame = CFrame.new(-1.23782, 0, -0.078597, -0, 0.901773, 0.43221, -1, -0, 0, 0, -0.43221, 0.901773)
    Left Leg.CFrame = CFrame.new(-0.780679, -0.296459, -0.001308, 0.469553, -0.882903, -0.001286, 0.882903, 0.469555, -0.000617, 0.001148, -0.000846, 0.999999)
    Right Arm.CFrame = CFrame.new(0.192872, 0.673185, 0.441288, 0.007082, -0.023106, -0.999708, 0.680799, -0.732147, 0.021744, -0.732436, -0.680754, 0.010545)
    Head.CFrame = CFrame.new(-1e-06, -0.086182, -0.019704, 0.999999, -2.7e-05, -0.00109, 0.000341, 0.957213, 0.289383, 0.001035, -0.289384, 0.957213)
    Left Arm.CFrame = CFrame.new(-0.192869, 0.673206, 0.441265, 0.007081, 0.023105, 0.999708, -0.680799, -0.732148, 0.021743, 0.732436, -0.680754, 0.010545)
    Right Leg.CFrame = CFrame.new(-0.081897, 0.017595, -9e-06, 0.900574, 0.434702, 0.001286, -0.434702, 0.900574, -0.000616, -0.001426, -4e-06, 0.999999)

[23]
    Time: 5.400000
    HumanoidRootPart.CFrame = CFrame.new(0, 0, 0, 1, 0, 0, 0, 1, 0, 0, 0, 1)
    Torso.CFrame = CFrame.new(-1.01909, -0.0798, -0.086637, 0.04363, 0.903287, 0.426812, -0.99886, 0.031148, 0.036187, 0.019394, -0.427904, 0.903616)
    Left Leg.CFrame = CFrame.new(-0.019933, -0.112711, -0.091319, 0.995508, 0.086286, -0.038976, -0.088248, 0.994753, -0.051765, 0.034304, 0.054972, 0.997898)
    Right Arm.CFrame = CFrame.new(0.200542, 0.587125, 0.495084, 0.008929, -0.053391, -0.998534, 0.591236, -0.805049, 0.048332, -0.806449, -0.590801, 0.024378)
    Head.CFrame = CFrame.new(0.003884, -0.085316, -0.019328, 1, -2.3e-05, -0.001114, 0.000307, 0.966692, 0.255943, 0.001071, -0.255944, 0.966691)
    Left Arm.CFrame = CFrame.new(-0.201991, 0.584789, 0.512097, 0.004818, 0.0537, 0.998546, -0.595116, -0.802321, 0.046019, 0.803625, -0.594472, 0.028092)
    Right Leg.CFrame = CFrame.new(-0.149915, 0.216291, 0.062072, 0.591793, 0.805655, -0.026467, -0.803088, 0.592103, 0.066808, 0.069495, -0.018281, 0.997415)

[24]
    Time: 5.433333
    HumanoidRootPart.CFrame = CFrame.new(0, 0, 0, 1, 0, 0, 0, 1, 0, 0, 0, 1)
    Torso.CFrame = CFrame.new(-0.757999, 0, -0.075477, 0, 0.905673, 0.423976, -1, -0, 0, 1e-06, -0.423976, 0.905673)
    Left Leg.CFrame = CFrame.new(0.080306, 0.016893, -8e-06, 0.90452, -0.42643, -0.001291, 0.426429, 0.904521, -0.000605, 0.001426, -3e-06, 0.999999)
    Right Arm.CFrame = CFrame.new(0.212563, 0.650743, 0.451197, 0.027137, -0.079424, -0.996471, 0.723403, -0.686405, 0.074411, -0.689892, -0.72287, 0.038829)
    Head.CFrame = CFrame.new(-0, -0.08454, -0.018938, 1, -3.2e-05, -0.001076, 0.000376, 0.946858, 0.321653, 0.001008, -0.321653, 0.946857)
    Left Arm.CFrame = CFrame.new(-0.212558, 0.650767, 0.451183, 0.027137, 0.079421, 0.996472, -0.723403, -0.686406, 0.074408, 0.689893, -0.722869, 0.038826)
    Right Leg.CFrame = CFrame.new(0.785131, -0.289183, -0.001308, 0.477666, 0.878541, 0.001291, -0.878541, 0.477667, -0.000604, -0.001147, -0.000846, 0.999999)

[25]
    Time: 5.466667
    HumanoidRootPart.CFrame = CFrame.new(0, 0, 0, 1, 0, 0, 0, 1, 0, 0, 0, 1)
    Torso.CFrame = CFrame.new(-0.468494, 0.079906, -0.083267, -0.042747, 0.907537, 0.41779, -0.998886, -0.030452, -0.036054, -0.019998, -0.418866, 0.907828)
    Left Leg.CFrame = CFrame.new(0.149012, 0.215052, 0.062221, 0.599864, -0.799677, 0.026077, 0.797121, 0.600123, 0.066719, -0.069003, -0.019236, 0.997431)
    Right Arm.CFrame = CFrame.new(0.226482, 0.714658, 0.413092, 0.052719, -0.100373, -0.993552, 0.830807, -0.547611, 0.099405, -0.554058, -0.830691, 0.054521)
    Head.CFrame = CFrame.new(-0.004001, -0.083535, -0.018541, 1, -6.1e-05, -0.000993, 0.000512, 0.887408, 0.460985, 0.000853, -0.460985, 0.887408)
    Left Arm.CFrame = CFrame.new(-0.224569, 0.718745, 0.393634, 0.060021, 0.09643, 0.993528, -0.824677, -0.556001, 0.103785, 0.562411, -0.825569, 0.046152)
    Right Leg.CFrame = CFrame.new(0.022168, -0.112661, -0.091354, 0.99462, -0.096201, 0.038434, 0.098118, 0.993839, -0.051553, -0.033238, 0.055047, 0.997931)

[26]
    Time: 5.500000
    HumanoidRootPart.CFrame = CFrame.new(0, 0, 0, 1, 0, 0, 0, 1, 0, 0, 0, 1)
    Torso.CFrame = CFrame.new(-0.154419, 0, -0.071888, 0, 0.91016, 0.414257, -1, -0, 1e-06, 1e-06, -0.414257, 0.91016)
    Left Leg.CFrame = CFrame.new(-0.790361, -0.280894, -0.001307, 0.486956, -0.873426, -0.001298, 0.873426, 0.486957, -0.000592, 0.001149, -0.000845, 0.999999)
    Right Arm.CFrame = CFrame.new(0.230588, 0.626968, 0.459231, 0.050706, -0.13402, -0.98968, 0.76206, -0.635311, 0.125076, -0.645518, -0.760538, 0.069917)
    Head.CFrame = CFrame.new(0, -0.08263, -0.018112, 1, -0.000102, -0.000916, 0.000622, 0.807946, 0.589256, 0.00068, -0.589257, 0.807946)
    Left Arm.CFrame = CFrame.new(-0.230591, 0.626983, 0.459214, 0.050705, 0.134014, 0.989681, -0.762059, -0.635313, 0.125072, 0.645519, -0.760538, 0.069913)
    Right Leg.CFrame = CFrame.new(-0.078268, 0.01601, -9e-06, 0.90901, 0.416772, 0.001298, -0.416772, 0.909011, -0.00059, -0.001426, -5e-06, 0.999999)

[27]
    Time: 5.533333
    HumanoidRootPart.CFrame = CFrame.new(0, 0, 0, 1, 0, 0, 0, 1, 0, 0, 0, 1)
    Torso.CFrame = CFrame.new(0.170948, -0.080006, -0.079565, 0.041748, 0.912208, 0.407596, -0.998914, 0.029664, 0.035927, 0.020682, -0.408653, 0.912456)
    Left Leg.CFrame = CFrame.new(-0.024497, -0.112589, -0.091391, 0.993493, 0.107428, -0.037822, -0.109295, 0.992683, -0.051335, 0.03203, 0.055134, 0.997965)
    Right Arm.CFrame = CFrame.new(0.231173, 0.542171, 0.49859, 0.040913, -0.16716, -0.985081, 0.684484, -0.713533, 0.149509, -0.727879, -0.680389, 0.085225)
    Head.CFrame = CFrame.new(0.004138, -0.081521, -0.01767, 1, -0.000124, -0.000883, 0.000663, 0.766045, 0.642787, 0.000597, -0.642787, 0.766045)
    Left Arm.CFrame = CFrame.new(-0.23575, 0.534526, 0.516903, 0.028691, 0.169217, 0.985161, -0.696246, -0.703786, 0.141163, 0.717229, -0.689965, 0.097624)
    Right Leg.CFrame = CFrame.new(-0.147844, 0.213552, 0.062403, 0.6088, 0.79291, -0.025635, -0.790365, 0.609001, 0.066638, 0.06845, -0.020309, 0.997448)

[28]
    Time: 5.566667
    HumanoidRootPart.CFrame = CFrame.new(0, 0, 0, 1, 0, 0, 0, 1, 0, 0, 0, 1)
    Torso.CFrame = CFrame.new(0.503639, 0, -0.06809, 0, 0.914906, 0.403666, -1, -0, 1e-06, 1e-06, -0.403666, 0.914907)
    Left Leg.CFrame = CFrame.new(0.076205, 0.015144, -7e-06, 0.913808, -0.406144, -0.001304, 0.406144, 0.913809, -0.000577, 0.001426, -3e-06, 0.999999)
    Right Arm.CFrame = CFrame.new(0.244493, 0.605429, 0.464648, 0.073923, -0.179936, -0.980897, 0.792315, -0.586716, 0.167339, -0.605618, -0.789549, 0.099194)
    Head.CFrame = CFrame.new(-1e-06, -0.080524, -0.017173, 1, -0.000118, -0.000891, 0.000651, 0.778965, 0.627068, 0.000621, -0.627068, 0.778964)
    Left Arm.CFrame = CFrame.new(-0.244491, 0.605449, 0.464632, 0.073923, 0.179928, 0.980898, -0.792314, -0.586719, 0.167334, 0.605619, -0.789548, 0.099188)
    Right Leg.CFrame = CFrame.new(0.795847, -0.271545, -0.001309, 0.497147, 0.867666, 0.001305, -0.867666, 0.497148, -0.000574, -0.001147, -0.000847, 0.999999)

[29]
    Time: 5.600000
    HumanoidRootPart.CFrame = CFrame.new(0, 0, 0, 1, 0, 0, 0, 1, 0, 0, 0, 1)
    Torso.CFrame = CFrame.new(0.830482, 0.080097, -0.075774, -0.040695, 0.91699, 0.396828, -0.998942, -0.028832, -0.035817, -0.021402, -0.397866, 0.917194)
    Left Leg.CFrame = CFrame.new(0.146715, 0.212127, 0.062579, 0.61817, -0.785641, 0.025166, 0.783109, 0.618311, 0.066573, -0.067863, -0.021446, 0.997464)
    Right Arm.CFrame = CFrame.new(0.258382, 0.670532, 0.434985, 0.107848, -0.184139, -0.976965, 0.875035, -0.448867, 0.181198, -0.471893, -0.874421, 0.112719)
    Head.CFrame = CFrame.new(-0.004278, -0.079352, -0.016707, 1, -0.000102, -0.000911, 0.000619, 0.808454, 0.588558, 0.000677, -0.588559, 0.808454)
    Left Arm.CFrame = CFrame.new(-0.254531, 0.678632, 0.413381, 0.120479, 0.176236, 0.976947, -0.864295, -0.465492, 0.190558, 0.488344, -0.867328, 0.096238)
    Right Leg.CFrame = CFrame.new(0.027121, -0.112499, -0.091436, 0.992184, -0.119123, 0.037171, 0.120938, 0.991343, -0.051128, -0.030758, 0.055224, 0.998)

[30]
    Time: 5.633333
    HumanoidRootPart.CFrame = CFrame.new(0, 0, 0, 1, 0, 0, 0, 1, 0, 0, 0, 1)
    Torso.CFrame = CFrame.new(1.1474, 4e-06, -0.064315, 0, 0.919626, 0.392794, -1, -0, 2e-06, 2e-06, -0.392795, 0.919626)
    Left Leg.CFrame = CFrame.new(-0.801418, -0.262222, -0.001303, 0.507309, -0.861763, -0.001311, 0.861763, 0.50731, -0.000562, 0.001149, -0.000845, 0.999999)
    Right Arm.CFrame = CFrame.new(0.252368, 0.590218, 0.467558, 0.091646, -0.211331, -0.973109, 0.811644, -0.550307, 0.19595, -0.576919, -0.807776, 0.121092)
    Head.CFrame = CFrame.new(6e-06, -0.078327, -0.016205, 1, -8.6e-05, -0.000936, 0.000578, 0.841076, 0.540916, 0.000741, -0.540916, 0.841076)
    Left Arm.CFrame = CFrame.new(-0.25237, 0.590242, 0.467546, 0.091646, 0.211322, 0.973111, -0.811643, -0.55031, 0.195945, 0.57692, -0.807776, 0.121084)
    Right Leg.CFrame = CFrame.new(-0.07393, 0.014224, -1.4e-05, 0.918536, 0.395336, 0.001312, -0.395335, 0.918537, -0.000558, -0.001425, -6e-06, 0.999999)

[31]
    Time: 5.666667
    HumanoidRootPart.CFrame = CFrame.new(0, 0, 0, 1, 0, 0, 0, 1, 0, 0, 0, 1)
    Torso.CFrame = CFrame.new(1.44134, -0.080147, -0.072108, 0.039646, 0.921618, 0.386068, -0.998968, 0.027996, 0.035753, 0.022143, -0.387088, 0.921777)
    Left Leg.CFrame = CFrame.new(-0.029549, -0.112411, -0.091481, 0.990734, 0.130817, -0.036516, -0.132581, 0.989861, -0.050966, 0.029478, 0.055335, 0.998033)
    Right Arm.CFrame = CFrame.new(0.243382, 0.514835, 0.497356, 0.068027, -0.232811, -0.97014, 0.733982, -0.646945, 0.20672, -0.675754, -0.726127, 0.126869)
    Head.CFrame = CFrame.new(0.004434, -0.077182, -0.015767, 1, -7.3e-05, -0.000956, 0.000542, 0.866026, 0.499999, 0.000792, -0.5, 0.866025)
    Left Arm.CFrame = CFrame.new(-0.249887, 0.504014, 0.516246, 0.051481, 0.236713, 0.970215, -0.749919, -0.632417, 0.194089, 0.659524, -0.737574, 0.144958)
    Right Leg.CFrame = CFrame.new(-0.145459, 0.210648, 0.062766, 0.627338, 0.778355, -0.024692, -0.775834, 0.627418, 0.066551, 0.067292, -0.022593, 0.997477)

[32]
    Time: 5.700000
    HumanoidRootPart.CFrame = CFrame.new(0, 0, 0, 1, 0, 0, 0, 1, 0, 0, 0, 1)
    Torso.CFrame = CFrame.new(1.70809, 4e-06, -0.060758, 0, 0.924073, 0.382217, -1, -0, 2e-06, 2e-06, -0.382217, 0.924073)
    Left Leg.CFrame = CFrame.new(0.07187, 0.013414, -1e-05, 0.923032, -0.38472, -0.001317, 0.38472, 0.923033, -0.000547, 0.001427, -2e-06, 0.999999)
    Right Arm.CFrame = CFrame.new(0.25256, 0.585542, 0.468429, 0.098392, -0.223036, -0.969832, 0.818466, -0.536221, 0.206352, -0.566068, -0.814078, 0.129787)
    Head.CFrame = CFrame.new(2e-06, -0.076206, -0.0153, 1, -6.7e-05, -0.000966, 0.000522, 0.877967, 0.478721, 0.000816, -0.478722, 0.877966)
    Left Arm.CFrame = CFrame.new(-0.252558, 0.58556, 0.468417, 0.098391, 0.223026, 0.969834, -0.818465, -0.536225, 0.206347, 0.56607, -0.814078, 0.129779)
    Right Leg.CFrame = CFrame.new(0.806631, -0.252854, -0.001309, 0.517249, 0.855834, 0.001318, -0.855834, 0.51725, -0.000543, -0.001146, -0.000847, 0.999999)

[33]
    Time: 5.733333
    HumanoidRootPart.CFrame = CFrame.new(0, 0, 0, 1, 0, 0, 0, 1, 0, 0, 0, 1)
    Torso.CFrame = CFrame.new(1.93582, 0.080154, -0.068747, -0.038658, 0.925862, 0.375879, -0.998991, -0.0272, -0.035744, -0.02287, -0.376881, 0.925979)
    Left Leg.CFrame = CFrame.new(0.14436, 0.20942, 0.062926, 0.635959, -0.771342, 0.024237, 0.768829, 0.635979, 0.066575, -0.066766, -0.023704, 0.997487)
    Right Arm.CFrame = CFrame.new(0.260079, 0.660572, 0.440031, 0.123223, -0.205886, -0.970787, 0.884503, -0.420772, 0.201509, -0.449968, -0.883495, 0.130258)
    Head.CFrame = CFrame.new(-0.004574, -0.075138, -0.014918, 1, -6.6e-05, -0.000969, 0.000515, 0.881909, 0.471419, 0.000823, -0.47142, 0.881909)
    Left Arm.CFrame = CFrame.new(-0.25553, 0.669729, 0.417187, 0.137133, 0.196558, 0.970855, -0.872766, -0.439568, 0.212272, 0.468481, -0.876439, 0.11127)
    Right Leg.CFrame = CFrame.new(0.031992, -0.11234, -0.091541, 0.989253, -0.14174, 0.035887, 0.143456, 0.988349, -0.050862, -0.028259, 0.055463, 0.998061)

[34]
    Time: 5.766667
    HumanoidRootPart.CFrame = CFrame.new(0, 0, 0, 1, 0, 0, 0, 1, 0, 0, 0, 1)
    Torso.CFrame = CFrame.new(2.12571, 4e-06, -0.057588, 0, 0.928036, 0.372491, -1, -1e-06, 2e-06, 2e-06, -0.372491, 0.928036)
    Left Leg.CFrame = CFrame.new(-0.811392, -0.244501, -0.00131, 0.526124, -0.850407, -0.001323, 0.850407, 0.526125, -0.000534, 0.00115, -0.000844, 0.999999)
    Right Arm.CFrame = CFrame.new(0.245452, 0.591846, 0.46777, 0.093168, -0.215286, -0.972097, 0.813748, -0.546113, 0.198937, -0.573703, -0.809576, 0.124308)
    Head.CFrame = CFrame.new(1e-06, -0.074253, -0.014502, 1, -6.5e-05, -0.00097, 0.00051, 0.884175, 0.467155, 0.000828, -0.467155, 0.884175)
    Left Arm.CFrame = CFrame.new(-0.245446, 0.591872, 0.467754, 0.093167, 0.215277, 0.972099, -0.813746, -0.546116, 0.198932, 0.573704, -0.809575, 0.124301)
    Right Leg.CFrame = CFrame.new(-0.069828, 0.012645, -7e-06, 0.927002, 0.375055, 0.001324, -0.375055, 0.927002, -0.000528, -0.001425, -7e-06, 0.999999)

[35]
    Time: 5.800000
    HumanoidRootPart.CFrame = CFrame.new(0, 0, 0, 1, 0, 0, 0, 1, 0, 0, 0, 1)
    Torso.CFrame = CFrame.new(2.2715, -0.08009, -0.065845, 0.037792, 0.929527, 0.366811, -0.999007, 0.026479, 0.035826, 0.023589, -0.367801, 0.929605)
    Left Leg.CFrame = CFrame.new(-0.033981, -0.112331, -0.091598, 0.987829, 0.151481, -0.035314, -0.153155, 0.986893, -0.050858, 0.027147, 0.055647, 0.998081)
    Right Arm.CFrame = CFrame.new(0.230573, 0.525739, 0.497035, 0.060442, -0.217701, -0.974142, 0.722843, -0.663477, 0.193123, -0.688364, -0.715825, 0.117262)
    Head.CFrame = CFrame.new(0.004719, -0.073315, -0.014189, 1, -6.1e-05, -0.000977, 0.000499, 0.890611, 0.454767, 0.000843, -0.454767, 0.89061)
    Left Arm.CFrame = CFrame.new(-0.236868, 0.515752, 0.517307, 0.044643, 0.221538, 0.974129, -0.737696, -0.650227, 0.181683, 0.673655, -0.726722, 0.1344)
    Right Leg.CFrame = CFrame.new(-0.14325, 0.208326, 0.063091, 0.643473, 0.765098, -0.023819, -0.762588, 0.643438, 0.066684, 0.066346, -0.024746, 0.99749)

[36]
    Time: 5.833333
    HumanoidRootPart.CFrame = CFrame.new(0, 0, 0, 1, 0, 0, 0, 1, 0, 0, 0, 1)
    Torso.CFrame = CFrame.new(2.37528, 4e-06, -0.054904, 0, 0.931389, 0.364024, -1, -1e-06, 3e-06, 3e-06, -0.364024, 0.931389)
    Left Leg.CFrame = CFrame.new(0.068194, 0.012042, -9e-06, 0.930398, -0.366548, -0.001328, 0.366547, 0.930399, -0.000522, 0.001427, -1e-06, 0.999999)
    Right Arm.CFrame = CFrame.new(0.233566, 0.605204, 0.465865, 0.080419, -0.19418, -0.977664, 0.80079, -0.571456, 0.179371, -0.593522, -0.797328, 0.109541)
    Head.CFrame = CFrame.new(2e-06, -0.072557, -0.013821, 1, -5.3e-05, -0.000996, 0.000469, 0.906308, 0.422617, 0.000881, -0.422618, 0.906308)
    Left Arm.CFrame = CFrame.new(-0.233566, 0.605226, 0.465861, 0.080419, 0.194172, 0.977666, -0.800789, -0.571459, 0.179366, 0.593523, -0.797328, 0.109535)
    Right Leg.CFrame = CFrame.new(0.815357, -0.23695, -0.001306, 0.533931, 0.845527, 0.001329, -0.845527, 0.533932, -0.000516, -0.001146, -0.000848, 0.999999)

[37]
    Time: 5.866667
    HumanoidRootPart.CFrame = CFrame.new(0, 0, 0, 1, 0, 0, 0, 1, 0, 0, 0, 1)
    Torso.CFrame = CFrame.new(2.43071, 0.07999, -0.06335, -0.037031, 0.932683, 0.358793, -0.99902, -0.025836, -0.035947, -0.024257, -0.359772, 0.932725)
    Left Leg.CFrame = CFrame.new(0.142367, 0.207526, 0.063211, 0.650099, -0.759488, 0.023443, 0.756978, 0.650014, 0.066825, -0.065991, -0.025698, 0.997489)
    Right Arm.CFrame = CFrame.new(0.234371, 0.688056, 0.432004, 0.094356, -0.167998, -0.981261, 0.866575, -0.471322, 0.164021, -0.490046, -0.865813, 0.101111)
    Head.CFrame = CFrame.new(-0.004856, -0.071696, -0.013538, 1, -3.8e-05, -0.001039, 0.000409, 0.933135, 0.359525, 0.000955, -0.359525, 0.933135)
    Left Arm.CFrame = CFrame.new(-0.230596, 0.695161, 0.408202, 0.106081, 0.160244, 0.981361, -0.856922, -0.485912, 0.171973, 0.504413, -0.859192, 0.085771)
    Right Leg.CFrame = CFrame.new(0.035892, -0.112343, -0.091681, 0.986508, -0.159971, 0.0348, 0.161611, 0.985541, -0.050902, -0.026154, 0.055839, 0.998097)

[38]
    Time: 5.900000
    HumanoidRootPart.CFrame = CFrame.new(0, 0, 0, 1, 0, 0, 0, 1, 0, 0, 0, 1)
    Torso.CFrame = CFrame.new(2.43988, 4e-06, -0.052519, 1e-06, 0.934372, 0.356299, -1, -1e-06, 3e-06, 4e-06, -0.356299, 0.934372)
    Left Leg.CFrame = CFrame.new(-0.818989, -0.230329, -0.001309, 0.54083, -0.841131, -0.001332, 0.841131, 0.540831, -0.000512, 0.001151, -0.000843, 0.999999)
    Right Arm.CFrame = CFrame.new(0.217946, 0.623086, 0.462581, 0.063425, -0.163109, -0.984567, 0.780907, -0.606189, 0.15073, -0.621419, -0.778416, 0.088926)
    Head.CFrame = CFrame.new(3e-06, -0.070999, -0.013187, 0.999999, -2.7e-05, -0.00109, 0.000341, 0.957213, 0.289383, 0.001035, -0.289384, 0.957213)
    Left Arm.CFrame = CFrame.new(-0.217946, 0.623109, 0.462572, 0.063424, 0.163103, 0.984568, -0.780906, -0.606191, 0.150726, 0.62142, -0.778415, 0.088921)
    Right Leg.CFrame = CFrame.new(-0.066558, 0.011458, -8e-06, 0.933382, 0.358881, 0.001333, -0.358881, 0.933383, -0.000504, -0.001425, -8e-06, 0.999999)

[39]
    Time: 5.933333
    HumanoidRootPart.CFrame = CFrame.new(0, 0, 0, 1, 0, 0, 0, 1, 0, 0, 0, 1)
    Torso.CFrame = CFrame.new(2.39661, -0.079884, -0.061109, 0.03633, 0.935517, 0.35141, -0.99903, 0.025244, 0.036079, 0.024882, -0.352379, 0.935526)
    Left Leg.CFrame = CFrame.new(-0.037475, -0.112365, -0.091751, 0.985218, 0.167834, -0.034328, -0.16944, 0.984222, -0.050962, 0.025233, 0.056025, 0.998111)
    Right Arm.CFrame = CFrame.new(0.202708, 0.558963, 0.496526, 0.034456, -0.15217, -0.987754, 0.672591, -0.727497, 0.135538, -0.739213, -0.669024, 0.077282)
    Head.CFrame = CFrame.new(0.004978, -0.070213, -0.012948, 1, -2.3e-05, -0.001114, 0.000307, 0.966692, 0.255944, 0.001071, -0.255944, 0.966691)
    Left Arm.CFrame = CFrame.new(-0.207278, 0.552204, 0.518392, 0.022855, 0.154588, 0.987715, -0.683078, -0.718981, 0.128335, 0.729988, -0.677619, 0.089163)
    Right Leg.CFrame = CFrame.new(-0.141426, 0.206701, 0.063337, 0.65608, 0.754338, -0.023096, -0.751829, 0.655948, 0.066976, 0.065672, -0.026578, 0.997487)

[40]
    Time: 5.966667
    HumanoidRootPart.CFrame = CFrame.new(0, 0, 0, 1, 0, 0, 0, 1, 0, 0, 0, 1)
    Torso.CFrame = CFrame.new(2.30292, 4e-06, -0.050387, 1e-06, 0.937036, 0.349234, -1, -1e-06, 4e-06, 4e-06, -0.349234, 0.937036)
    Left Leg.CFrame = CFrame.new(0.065216, 0.010984, -8e-06, 0.936085, -0.351773, -0.001336, 0.351772, 0.936085, -0.000502, 0.001427, 0, 0.999999)
    Right Arm.CFrame = CFrame.new(0.199916, 0.642929, 0.457884, 0.045304, -0.125728, -0.99103, 0.755758, -0.64444, 0.116306, -0.653283, -0.754247, 0.065824)
    Head.CFrame = CFrame.new(4e-06, -0.06959, -0.012665, 1, -3.2e-05, -0.001076, 0.000376, 0.946858, 0.321653, 0.001008, -0.321653, 0.946857)
    Left Arm.CFrame = CFrame.new(-0.199919, 0.642949, 0.457879, 0.045304, 0.125723, 0.99103, -0.755757, -0.644442, 0.116303, 0.653283, -0.754247, 0.06582)
    Right Leg.CFrame = CFrame.new(0.822168, -0.223985, -0.001307, 0.547249, 0.836969, 0.001337, -0.836969, 0.54725, -0.000494, -0.001145, -0.000849, 0.999999)

[41]
    Time: 6.000000
    HumanoidRootPart.CFrame = CFrame.new(0, 0, 0, 1, 0, 0, 0, 1, 0, 0, 0, 1)
    Torso.CFrame = CFrame.new(2.15271, 0.079792, -0.059121, -0.03569, 0.938031, 0.344709, -0.999039, -0.024711, -0.036194, -0.025433, -0.345669, 0.938012)
