[1]
    Time: 0.000000
    HumanoidRootPart.CFrame = CFrame.new(0, 0, 0, 1, 0, 0, 0, 1, 0, 0, 0, 1)
    Torso.CFrame = CFrame.new(0.0630417, -0.0283764, -0.0833261, 0.996321, 0.0797053, 0.0314938, -0.0771629, 0.994191, -0.075037, -0.0372917, 0.0723308, 0.996683)
    Left Leg.CFrame = CFrame.new(-0.495007, 0.162196, 0.322371, 0.808282, -0.253592, 0.531387, 0.306175, 0.951906, -0.0114411, -0.502929, 0.171945, 0.847052)
    Right Arm.CFrame = CFrame.new(-0.100549, -0.37794, 0.300499, -0.31939, -0.481192, 0.816361, 0.893871, 0.133036, 0.42813, -0.314618, 0.866462, 0.387633)
    Head.CFrame = CFrame.new(0.00591774, -0.000580678, 0.00184923, 0.98342, -0.0283621, -0.179111, 0.0356657, 0.998653, 0.0376889, 0.177801, -0.0434521, 0.983107)
    Right Leg.CFrame = CFrame.new(0.85073, 0.466905, 0.0831626, 0.944645, 0.292479, -0.148666, -0.273787, 0.952405, 0.134039, 0.180794, -0.0859162, 0.979761)
    Left Arm.CFrame = CFrame.new(0.0086337, -0.290304, -0.139456, 0.73434, 0.363319, -0.573362, -0.194418, 0.921883, 0.335161, 0.650343, -0.13465, 0.747611)

[2]
    Time: 0.050000
    HumanoidRootPart.CFrame = CFrame.new(0, 0, 0, 1, 0, 0, 0, 1, 0, 0, 0, 1)
    Torso.CFrame = CFrame.new(0.0630417, -0.0283764, -0.0833261, 0.996321, 0.0797053, 0.0314938, -0.0771629, 0.994191, -0.075037, -0.0372917, 0.0723308, 0.996683)
    Left Leg.CFrame = CFrame.new(-0.495007, 0.162196, 0.322371, 0.808282, -0.253592, 0.531387, 0.306175, 0.951906, -0.0114411, -0.502929, 0.171945, 0.847052)
    Right Arm.CFrame = CFrame.new(-0.100549, -0.37794, 0.300499, -0.31939, -0.481192, 0.816361, 0.893871, 0.133036, 0.42813, -0.314618, 0.866462, 0.387633)
    Head.CFrame = CFrame.new(0.00591774, -0.000580678, 0.00184923, 0.98342, -0.0283621, -0.179111, 0.0356657, 0.998653, 0.0376889, 0.177801, -0.0434521, 0.983107)
    Right Leg.CFrame = CFrame.new(0.85073, 0.466905, 0.0831626, 0.944645, 0.292479, -0.148666, -0.273787, 0.952405, 0.134039, 0.180794, -0.0859162, 0.979761)
    Left Arm.CFrame = CFrame.new(0.0086337, -0.290304, -0.139456, 0.73434, 0.363319, -0.573362, -0.194418, 0.921883, 0.335161, 0.650343, -0.13465, 0.747611)

[3]
    Time: 0.083333
    HumanoidRootPart.CFrame = CFrame.new(0, 0, 0, 1, 0, 0, 0, 1, 0, 0, 0, 1)
    Torso.CFrame = CFrame.new(0.70354, 0.00199819, -0.13893, 0.979827, 0.0398111, 0.195844, -0.0405006, 0.999179, -0.000484395, -0.195703, -0.00745718, 0.980635)
    Left Leg.CFrame = CFrame.new(-0.131064, 0.23375, -0.0115559, 0.935011, 0.334867, 0.116695, -0.352752, 0.912, 0.209337, -0.0363254, -0.236897, 0.970855)
    Right Arm.CFrame = CFrame.new(0.139258, -0.133021, 0.480355, 0.991573, -0.109216, 0.0696721, -0.038313, 0.266524, 0.963067, -0.123752, -0.95762, 0.260094)
    Head.CFrame = CFrame.new(0.00601893, 0.00159907, 0.00194699, 0.975669, 0.116319, -0.185848, -0.138028, 0.984472, -0.108458, 0.170347, 0.131471, 0.976574)
    Right Leg.CFrame = CFrame.new(0.0361562, 0.334402, -0.088489, 0.87421, -0.381182, -0.300762, 0.483351, 0.742058, 0.464458, 0.0461404, -0.551407, 0.832959)
    Left Arm.CFrame = CFrame.new(-0.0491749, -0.291353, 0.104961, 0.154942, 0.624781, -0.765272, -0.0545791, 0.778857, 0.624822, 0.986415, -0.0550437, 0.154778)

[4]
    Time: 0.133333
    HumanoidRootPart.CFrame = CFrame.new(0, 0, 0, 1, 0, 0, 0, 1, 0, 0, 0, 1)
    Torso.CFrame = CFrame.new(0.70354, 0.00199819, -0.13893, 0.979827, 0.0398111, 0.195844, -0.0405006, 0.999179, -0.000484395, -0.195703, -0.00745718, 0.980635)
    Left Leg.CFrame = CFrame.new(-0.131064, 0.23375, -0.0115559, 0.935011, 0.334867, 0.116695, -0.352752, 0.912, 0.209337, -0.0363254, -0.236897, 0.970855)
    Right Arm.CFrame = CFrame.new(0.139258, -0.133021, 0.480355, 0.991573, -0.109216, 0.0696721, -0.038313, 0.266524, 0.963067, -0.123752, -0.95762, 0.260094)
    Head.CFrame = CFrame.new(0.00601893, 0.00159907, 0.00194699, 0.975669, 0.116319, -0.185848, -0.138028, 0.984472, -0.108458, 0.170347, 0.131471, 0.976574)
    Right Leg.CFrame = CFrame.new(0.0361562, 0.334402, -0.088489, 0.87421, -0.381182, -0.300762, 0.483351, 0.742058, 0.464458, 0.0461404, -0.551407, 0.832959)
    Left Arm.CFrame = CFrame.new(-0.0491749, -0.291353, 0.104961, 0.154942, 0.624781, -0.765272, -0.0545791, 0.778857, 0.624822, 0.986415, -0.0550437, 0.154778)

[5]
    Time: 0.166667
    HumanoidRootPart.CFrame = CFrame.new(0, 0, 0, 1, 0, 0, 0, 1, 0, 0, 0, 1)
    Torso.CFrame = CFrame.new(0.392978, 0.0352319, 0.0385973, 0.993751, 0.0896584, 0.0664825, -0.0937629, 0.993698, 0.0614243, -0.0605563, -0.0672741, 0.995895)
    Left Leg.CFrame = CFrame.new(-0.293482, 0.0925781, 0.0738431, 0.961713, -0.121118, 0.245842, 0.116062, 0.992625, 0.0350081, -0.248269, -0.00513471, 0.968677)
    Right Arm.CFrame = CFrame.new(0.074593, -0.199996, 0.288279, 0.942499, -0.270928, 0.195689, -0.0405899, 0.488399, 0.871676, -0.331736, -0.829496, 0.449319)
    Head.CFrame = CFrame.new(0.00372594, -0.00245322, 0.00149417, 0.994814, 0.0877258, -0.0514716, -0.0803022, 0.988008, 0.131879, 0.0624236, -0.127062, 0.989929)
    Right Leg.CFrame = CFrame.new(0.601628, 0.34787, 0.0937465, 0.940171, 0.266213, -0.212623, -0.204597, 0.940167, 0.272445, 0.272429, -0.212643, 0.938385)
    Left Arm.CFrame = CFrame.new(0.0408585, -0.302721, 0.0470414, -0.0309501, 0.449733, -0.892627, 0.0182968, 0.89316, 0.449368, 0.999353, -0.00242431, -0.035872)

[6]
    Time: 0.200000
    HumanoidRootPart.CFrame = CFrame.new(0, 0, 0, 1, 0, 0, 0, 1, 0, 0, 0, 1)
    Torso.CFrame = CFrame.new(0.392978, 0.0352319, 0.0385973, 0.993751, 0.0896584, 0.0664825, -0.0937629, 0.993698, 0.0614243, -0.0605563, -0.0672741, 0.995895)
    Left Leg.CFrame = CFrame.new(-0.293482, 0.0925781, 0.0738431, 0.961713, -0.121118, 0.245842, 0.116062, 0.992625, 0.0350081, -0.248269, -0.00513471, 0.968677)
    Right Arm.CFrame = CFrame.new(0.074593, -0.199996, 0.288279, 0.942499, -0.270928, 0.195689, -0.0405899, 0.488399, 0.871676, -0.331736, -0.829496, 0.449319)
    Head.CFrame = CFrame.new(0.00372594, -0.00245322, 0.00149417, 0.994814, 0.0877258, -0.0514716, -0.0803022, 0.988008, 0.131879, 0.0624236, -0.127062, 0.989929)
    Right Leg.CFrame = CFrame.new(0.601628, 0.34787, 0.0937465, 0.940171, 0.266213, -0.212623, -0.204597, 0.940167, 0.272445, 0.272429, -0.212643, 0.938385)
    Left Arm.CFrame = CFrame.new(0.0408585, -0.302721, 0.0470414, -0.0309501, 0.449733, -0.892627, 0.0182968, 0.89316, 0.449368, 0.999353, -0.00242431, -0.035872)

[7]
    Time: 0.250000
    HumanoidRootPart.CFrame = CFrame.new(0, 0, 0, 1, 0, 0, 0, 1, 0, 0, 0, 1)
    Torso.CFrame = CFrame.new(0.392978, 0.0352319, 0.0385973, 0.993751, 0.0896584, 0.0664825, -0.0937629, 0.993698, 0.0614243, -0.0605563, -0.0672741, 0.995895)
    Left Leg.CFrame = CFrame.new(-0.293482, 0.0925781, 0.0738431, 0.961713, -0.121118, 0.245842, 0.116062, 0.992625, 0.0350081, -0.248269, -0.00513471, 0.968677)
    Right Arm.CFrame = CFrame.new(0.074593, -0.199996, 0.288279, 0.942499, -0.270928, 0.195689, -0.0405899, 0.488399, 0.871676, -0.331736, -0.829496, 0.449319)
    Head.CFrame = CFrame.new(0.00372594, -0.00245322, 0.00149417, 0.994814, 0.0877258, -0.0514716, -0.0803022, 0.988008, 0.131879, 0.0624236, -0.127062, 0.989929)
    Right Leg.CFrame = CFrame.new(0.601628, 0.34787, 0.0937465, 0.940171, 0.266213, -0.212623, -0.204597, 0.940167, 0.272445, 0.272429, -0.212643, 0.938385)
    Left Arm.CFrame = CFrame.new(0.0408585, -0.302721, 0.0470414, -0.0309501, 0.449733, -0.892627, 0.0182968, 0.89316, 0.449368, 0.999353, -0.00242431, -0.035872)

[8]
    Time: 0.283333
    HumanoidRootPart.CFrame = CFrame.new(0, 0, 0, 1, 0, 0, 0, 1, 0, 0, 0, 1)
    Torso.CFrame = CFrame.new(0.131599, -0.0428798, -0.250968, 0.988392, 0.149171, 0.0288, -0.146608, 0.986217, -0.0767012, -0.0398447, 0.0715885, 0.996638)
    Left Leg.CFrame = CFrame.new(-0.304662, -0.151081, 0.207971, 0.857354, -0.226593, 0.462169, 0.393765, 0.867, -0.305385, -0.331503, 0.443809, 0.83255)
    Right Arm.CFrame = CFrame.new(-0.023753, -0.262634, 0.0888309, 0.582633, -0.410313, 0.701557, -0.117521, 0.811599, 0.572272, -0.804194, -0.415873, 0.424644)
    Head.CFrame = CFrame.new(0.00320221, -0.00077649, 0.00125447, 0.996655, -0.0789621, -0.0210645, 0.080002, 0.99532, 0.0542089, 0.0166855, -0.0557128, 0.998307)
    Right Leg.CFrame = CFrame.new(0.82065, -0.455236, 0.586967, 0.185417, 0.826928, -0.530858, -0.964892, 0.255477, 0.0609457, 0.18602, 0.500921, 0.845266)
    Left Arm.CFrame = CFrame.new(-0.286846, -0.308237, 0.0535429, -0.687786, 0.198663, -0.6982, -0.711104, 0.00890478, 0.703031, 0.145883, 0.980028, 0.135145)

[9]
    Time: 0.333333
    HumanoidRootPart.CFrame = CFrame.new(0, 0, 0, 1, 0, 0, 0, 1, 0, 0, 0, 1)
    Torso.CFrame = CFrame.new(0.131599, -0.0428798, -0.250968, 0.988392, 0.149171, 0.0288, -0.146608, 0.986217, -0.0767012, -0.0398447, 0.0715885, 0.996638)
    Left Leg.CFrame = CFrame.new(-0.304662, -0.151081, 0.207971, 0.857354, -0.226593, 0.462169, 0.393765, 0.867, -0.305385, -0.331503, 0.443809, 0.83255)
    Right Arm.CFrame = CFrame.new(-0.023753, -0.262634, 0.0888309, 0.582633, -0.410313, 0.701557, -0.117521, 0.811599, 0.572272, -0.804194, -0.415873, 0.424644)
    Head.CFrame = CFrame.new(0.00320221, -0.00077649, 0.00125447, 0.996655, -0.0789621, -0.0210645, 0.080002, 0.99532, 0.0542089, 0.0166855, -0.0557128, 0.998307)
    Right Leg.CFrame = CFrame.new(0.82065, -0.455236, 0.586967, 0.185417, 0.826928, -0.530858, -0.964892, 0.255477, 0.0609457, 0.18602, 0.500921, 0.845266)
    Left Arm.CFrame = CFrame.new(-0.286846, -0.308237, 0.0535429, -0.687786, 0.198663, -0.6982, -0.711104, 0.00890478, 0.703031, 0.145883, 0.980028, 0.135145)

[10]
    Time: 0.383333
    HumanoidRootPart.CFrame = CFrame.new(0, 0, 0, 1, 0, 0, 0, 1, 0, 0, 0, 1)
    Torso.CFrame = CFrame.new(-0.137688, 0.000996515, -0.0461559, 0.99665, -0.080045, 0.0168086, 0.0800653, 0.99679, -0.000535521, -0.0167118, 0.00187951, 0.999859)
    Left Leg.CFrame = CFrame.new(-0.595414, 0.288929, 0.211272, 0.944562, -0.172233, 0.279534, 0.181723, 0.983316, -0.00818951, -0.273459, 0.0585332, 0.960101)
    Right Arm.CFrame = CFrame.new(-0.175802, -0.241768, -0.0659761, 0.426257, -0.14118, 0.893517, -0.168025, 0.958201, 0.231557, -0.88886, -0.248836, 0.384718)
    Head.CFrame = CFrame.new(0.00283476, -0.000639057, 0.00120193, 0.998183, -0.0602529, 0.000290564, 0.0601819, 0.99722, 0.0439488, -0.0029378, -0.0438514, 0.999034)
    Right Leg.CFrame = CFrame.new(0.542161, -0.0509105, 0.143423, 0.809186, 0.523397, -0.266971, -0.515657, 0.850423, 0.104301, 0.281629, 0.0532663, 0.958044)
    Left Arm.CFrame = CFrame.new(-0.0715028, -0.138173, 0.188117, -0.480746, 0.609355, -0.630532, -0.616953, 0.275921, 0.737046, 0.623099, 0.74334, 0.243295)

[11]
    Time: 0.416667
    HumanoidRootPart.CFrame = CFrame.new(0, 0, 0, 1, 0, 0, 0, 1, 0, 0, 0, 1)
    Torso.CFrame = CFrame.new(-0.137688, 0.000996515, -0.0461559, 0.99665, -0.080045, 0.0168086, 0.0800653, 0.99679, -0.000535521, -0.0167118, 0.00187951, 0.999859)
    Left Leg.CFrame = CFrame.new(-0.595414, 0.288929, 0.211272, 0.944562, -0.172233, 0.279534, 0.181723, 0.983316, -0.00818951, -0.273459, 0.0585332, 0.960101)
    Right Arm.CFrame = CFrame.new(-0.175802, -0.241768, -0.0659761, 0.426257, -0.14118, 0.893517, -0.168025, 0.958201, 0.231557, -0.88886, -0.248836, 0.384718)
    Head.CFrame = CFrame.new(0.00283476, -0.000639057, 0.00120193, 0.998183, -0.0602529, 0.000290564, 0.0601819, 0.99722, 0.0439488, -0.0029378, -0.0438514, 0.999034)
    Right Leg.CFrame = CFrame.new(0.542161, -0.0509105, 0.143423, 0.809186, 0.523397, -0.266971, -0.515657, 0.850423, 0.104301, 0.281629, 0.0532663, 0.958044)
    Left Arm.CFrame = CFrame.new(-0.0715028, -0.138173, 0.188117, -0.480746, 0.609355, -0.630532, -0.616953, 0.275921, 0.737046, 0.623099, 0.74334, 0.243295)

[12]
    Time: 0.466667
    HumanoidRootPart.CFrame = CFrame.new(0, 0, 0, 1, 0, 0, 0, 1, 0, 0, 0, 1)
    Torso.CFrame = CFrame.new(-0.137688, 0.000996515, -0.0461559, 0.99665, -0.080045, 0.0168086, 0.0800653, 0.99679, -0.000535521, -0.0167118, 0.00187951, 0.999859)
    Left Leg.CFrame = CFrame.new(-0.595414, 0.288929, 0.211272, 0.944562, -0.172233, 0.279534, 0.181723, 0.983316, -0.00818951, -0.273459, 0.0585332, 0.960101)
    Right Arm.CFrame = CFrame.new(-0.175802, -0.241768, -0.0659761, 0.426257, -0.14118, 0.893517, -0.168025, 0.958201, 0.231557, -0.88886, -0.248836, 0.384718)
    Head.CFrame = CFrame.new(0.00283476, -0.000639057, 0.00120193, 0.998183, -0.0602529, 0.000290564, 0.0601819, 0.99722, 0.0439488, -0.0029378, -0.0438514, 0.999034)
    Right Leg.CFrame = CFrame.new(0.542161, -0.0509105, 0.143423, 0.809186, 0.523397, -0.266971, -0.515657, 0.850423, 0.104301, 0.281629, 0.0532663, 0.958044)
    Left Arm.CFrame = CFrame.new(-0.0715028, -0.138173, 0.188117, -0.480746, 0.609355, -0.630532, -0.616953, 0.275921, 0.737046, 0.623099, 0.74334, 0.243295)

[13]
    Time: 0.500000
    HumanoidRootPart.CFrame = CFrame.new(0, 0, 0, 1, 0, 0, 0, 1, 0, 0, 0, 1)
    Torso.CFrame = CFrame.new(-0.679579, 0.00299098, -0.133825, 0.974486, -0.0398116, -0.220887, 0.0404754, 0.999179, -0.00152196, 0.220767, -0.00745737, 0.975298)
    Left Leg.CFrame = CFrame.new(-0.0285494, 0.320413, -0.10942, 0.873955, 0.381219, 0.301454, -0.482516, 0.754805, 0.44435, -0.0581445, -0.533799, 0.84361)
    Right Arm.CFrame = CFrame.new(0.0185516, -0.247623, 0.150293, 0.139715, -0.630428, 0.763571, 0.0591024, 0.775069, 0.629107, -0.988427, -0.0427666, 0.145548)
    Head.CFrame = CFrame.new(-0.000874221, 0.00216553, 0.0012846, 0.970984, -0.112911, 0.210811, 0.138027, 0.984472, -0.108458, -0.195292, 0.134409, 0.971491)
    Right Leg.CFrame = CFrame.new(0.271894, 0.381916, -0.00028304, 0.975971, -0.0204511, -0.216938, 0.113733, 0.897021, 0.427104, 0.185864, -0.441514, 0.877793)
    Left Arm.CFrame = CFrame.new(-0.14486, -0.11042, 0.39669, 0.993142, 0.105891, -0.0495598, -0.00434059, 0.456998, 0.889457, 0.116835, -0.883142, 0.454324)

[14]
    Time: 0.550000
    HumanoidRootPart.CFrame = CFrame.new(0, 0, 0, 1, 0, 0, 0, 1, 0, 0, 0, 1)
    Torso.CFrame = CFrame.new(-0.679579, 0.00299098, -0.133825, 0.974486, -0.0398116, -0.220887, 0.0404754, 0.999179, -0.00152196, 0.220767, -0.00745737, 0.975298)
    Left Leg.CFrame = CFrame.new(-0.0285494, 0.320413, -0.10942, 0.873955, 0.381219, 0.301454, -0.482516, 0.754805, 0.44435, -0.0581445, -0.533799, 0.84361)
    Right Arm.CFrame = CFrame.new(0.0185516, -0.247623, 0.150293, 0.139715, -0.630428, 0.763571, 0.0591024, 0.775069, 0.629107, -0.988427, -0.0427666, 0.145548)
    Head.CFrame = CFrame.new(-0.000874221, 0.00216553, 0.0012846, 0.970984, -0.112911, 0.210811, 0.138027, 0.984472, -0.108458, -0.195292, 0.134409, 0.971491)
    Right Leg.CFrame = CFrame.new(0.271894, 0.381916, -0.00028304, 0.975971, -0.0204511, -0.216938, 0.113733, 0.897021, 0.427104, 0.185864, -0.441514, 0.877793)
    Left Arm.CFrame = CFrame.new(-0.14486, -0.11042, 0.39669, 0.993142, 0.105891, -0.0495598, -0.00434059, 0.456998, 0.889457, 0.116835, -0.883142, 0.454324)

[15]
    Time: 0.583333
    HumanoidRootPart.CFrame = CFrame.new(0, 0, 0, 1, 0, 0, 0, 1, 0, 0, 0, 1)
    Torso.CFrame = CFrame.new(-0.679579, 0.00299098, -0.133825, 0.974486, -0.0398116, -0.220887, 0.0404754, 0.999179, -0.00152196, 0.220767, -0.00745737, 0.975298)
    Left Leg.CFrame = CFrame.new(-0.0285494, 0.320413, -0.10942, 0.873955, 0.381219, 0.301454, -0.482516, 0.754805, 0.44435, -0.0581445, -0.533799, 0.84361)
    Right Arm.CFrame = CFrame.new(0.0185516, -0.247623, 0.150293, 0.139715, -0.630428, 0.763571, 0.0591024, 0.775069, 0.629107, -0.988427, -0.0427666, 0.145548)
    Head.CFrame = CFrame.new(-0.000874221, 0.00216553, 0.0012846, 0.970984, -0.112911, 0.210811, 0.138027, 0.984472, -0.108458, -0.195292, 0.134409, 0.971491)
    Right Leg.CFrame = CFrame.new(0.271894, 0.381916, -0.00028304, 0.975971, -0.0204511, -0.216938, 0.113733, 0.897021, 0.427104, 0.185864, -0.441514, 0.877793)
    Left Arm.CFrame = CFrame.new(-0.14486, -0.11042, 0.39669, 0.993142, 0.105891, -0.0495598, -0.00434059, 0.456998, 0.889457, 0.116835, -0.883142, 0.454324)

[16]
    Time: 0.633333
    HumanoidRootPart.CFrame = CFrame.new(0, 0, 0, 1, 0, 0, 0, 1, 0, 0, 0, 1)
    Torso.CFrame = CFrame.new(-0.368635, 0.03755, 0.0403945, 0.991721, -0.0896589, -0.0919246, 0.0953065, 0.993698, 0.0590015, 0.0860553, -0.0672741, 0.994016)
    Left Leg.CFrame = CFrame.new(-0.595193, 0.325026, 0.0750163, 0.940328, -0.266056, 0.212127, 0.211002, 0.945001, 0.249904, -0.266948, -0.190233, 0.944749)
    Right Arm.CFrame = CFrame.new(-0.0730577, -0.254542, 0.0961206, -0.0349295, -0.449651, 0.892521, -0.0244155, 0.893184, 0.449029, -0.999092, -0.00610714, -0.042177)
    Head.CFrame = CFrame.new(0.00149584, -0.00212359, 0.00121436, 0.992888, -0.0909526, 0.0768209, 0.0803019, 0.988008, 0.131879, -0.0878944, -0.124772, 0.988285)
    Right Leg.CFrame = CFrame.new(0.377825, 0.127107, 0.0448322, 0.985638, 0.127751, -0.110446, -0.119275, 0.989613, 0.0802415, 0.119549, -0.0659157, 0.990638)
    Left Arm.CFrame = CFrame.new(-0.0871362, -0.130419, 0.365503, 0.941465, 0.272859, -0.197971, 0.0331499, 0.509475, 0.859847, 0.335478, -0.816078, 0.470607)

[17]
    Time: 0.666667
    HumanoidRootPart.CFrame = CFrame.new(0, 0, 0, 1, 0, 0, 0, 1, 0, 0, 0, 1)
    Torso.CFrame = CFrame.new(-0.368635, 0.03755, 0.0403945, 0.991721, -0.0896589, -0.0919246, 0.0953065, 0.993698, 0.0590015, 0.0860553, -0.0672741, 0.994016)
    Left Leg.CFrame = CFrame.new(-0.595193, 0.325026, 0.0750163, 0.940328, -0.266056, 0.212127, 0.211002, 0.945001, 0.249904, -0.266948, -0.190233, 0.944749)
    Right Arm.CFrame = CFrame.new(-0.0730577, -0.254542, 0.0961206, -0.0349295, -0.449651, 0.892521, -0.0244155, 0.893184, 0.449029, -0.999092, -0.00610714, -0.042177)
    Head.CFrame = CFrame.new(0.00149584, -0.00212359, 0.00121436, 0.992888, -0.0909526, 0.0768209, 0.0803019, 0.988008, 0.131879, -0.0878944, -0.124772, 0.988285)
    Right Leg.CFrame = CFrame.new(0.377825, 0.127107, 0.0448322, 0.985638, 0.127751, -0.110446, -0.119275, 0.989613, 0.0802415, 0.119549, -0.0659157, 0.990638)
    Left Arm.CFrame = CFrame.new(-0.0871362, -0.130419, 0.365503, 0.941465, 0.272859, -0.197971, 0.0331499, 0.509475, 0.859847, 0.335478, -0.816078, 0.470607)

[18]
    Time: 0.700000
    HumanoidRootPart.CFrame = CFrame.new(0, 0, 0, 1, 0, 0, 0, 1, 0, 0, 0, 1)
    Torso.CFrame = CFrame.new(-0.368635, 0.03755, 0.0403945, 0.991721, -0.0896589, -0.0919246, 0.0953065, 0.993698, 0.0590015, 0.0860553, -0.0672741, 0.994016)
    Left Leg.CFrame = CFrame.new(-0.595193, 0.325026, 0.0750163, 0.940328, -0.266056, 0.212127, 0.211002, 0.945001, 0.249904, -0.266948, -0.190233, 0.944749)
    Right Arm.CFrame = CFrame.new(-0.0730577, -0.254542, 0.0961206, -0.0349295, -0.449651, 0.892521, -0.0244155, 0.893184, 0.449029, -0.999092, -0.00610714, -0.042177)
    Head.CFrame = CFrame.new(0.00149584, -0.00212359, 0.00121436, 0.992888, -0.0909526, 0.0768209, 0.0803019, 0.988008, 0.131879, -0.0878944, -0.124772, 0.988285)
    Right Leg.CFrame = CFrame.new(0.377825, 0.127107, 0.0448322, 0.985638, 0.127751, -0.110446, -0.119275, 0.989613, 0.0802415, 0.119549, -0.0659157, 0.990638)
    Left Arm.CFrame = CFrame.new(-0.0871362, -0.130419, 0.365503, 0.941465, 0.272859, -0.197971, 0.0331499, 0.509475, 0.859847, 0.335478, -0.816078, 0.470607)

[19]
    Time: 0.750000
    HumanoidRootPart.CFrame = CFrame.new(0, 0, 0, 1, 0, 0, 0, 1, 0, 0, 0, 1)
    Torso.CFrame = CFrame.new(-0.107375, -0.0393095, -0.203848, 0.987329, -0.149171, -0.0541174, 0.144595, 0.986216, -0.0804328, 0.0653698, 0.0715886, 0.99529)
    Left Leg.CFrame = CFrame.new(-0.783593, -0.46669, 0.537569, 0.222423, -0.81453, 0.535788, 0.957596, 0.285744, 0.0368727, -0.183132, 0.504867, 0.843547)
    Right Arm.CFrame = CFrame.new(0.320259, -0.395376, -0.144649, -0.693291, -0.131341, 0.708588, 0.71792, -0.0402552, 0.69496, -0.0627525, 0.99052, 0.122201)
    Head.CFrame = CFrame.new(0.00202574, -0.00110471, 0.00114873, 0.9959, 0.0775091, 0.0466385, -0.0800025, 0.99532, 0.054209, -0.0422186, -0.057718, 0.99744)
    Right Leg.CFrame = CFrame.new(0.213845, -0.106899, 0.193022, 0.86536, 0.167597, -0.472295, -0.326129, 0.903894, -0.276795, 0.380515, 0.393557, 0.836852)
    Left Arm.CFrame = CFrame.new(-0.0053609, -0.198362, 0.162284, 0.580078, 0.411563, -0.702941, 0.096583, 0.82213, 0.561048, 0.808815, -0.393343, 0.437149)

[20]
    Time: 0.800000
    HumanoidRootPart.CFrame = CFrame.new(0, 0, 0, 1, 0, 0, 0, 1, 0, 0, 0, 1)
    Torso.CFrame = CFrame.new(-0.107375, -0.0393095, -0.203848, 0.987329, -0.149171, -0.0541174, 0.144595, 0.986216, -0.0804328, 0.0653698, 0.0715886, 0.99529)
    Left Leg.CFrame = CFrame.new(-0.783593, -0.46669, 0.537569, 0.222423, -0.81453, 0.535788, 0.957596, 0.285744, 0.0368727, -0.183132, 0.504867, 0.843547)
    Right Arm.CFrame = CFrame.new(0.320259, -0.395376, -0.144649, -0.693291, -0.131341, 0.708588, 0.71792, -0.0402552, 0.69496, -0.0627525, 0.99052, 0.122201)
    Head.CFrame = CFrame.new(0.00202574, -0.00110471, 0.00114873, 0.9959, 0.0775091, 0.0466385, -0.0800025, 0.99532, 0.054209, -0.0422186, -0.057718, 0.99744)
    Right Leg.CFrame = CFrame.new(0.213845, -0.106899, 0.193022, 0.86536, 0.167597, -0.472295, -0.326129, 0.903894, -0.276795, 0.380515, 0.393557, 0.836852)
    Left Arm.CFrame = CFrame.new(-0.0053609, -0.198362, 0.162284, 0.580078, 0.411563, -0.702941, 0.096583, 0.82213, 0.561048, 0.808815, -0.393343, 0.437149)

[21]
    Time: 0.833333
    HumanoidRootPart.CFrame = CFrame.new(0, 0, 0, 1, 0, 0, 0, 1, 0, 0, 0, 1)
    Torso.CFrame = CFrame.new(-0.107375, -0.0393095, -0.203848, 0.987329, -0.149171, -0.0541174, 0.144595, 0.986216, -0.0804328, 0.0653698, 0.0715886, 0.99529)
    Left Leg.CFrame = CFrame.new(-0.783593, -0.46669, 0.537569, 0.222423, -0.81453, 0.535788, 0.957596, 0.285744, 0.0368727, -0.183132, 0.504867, 0.843547)
    Right Arm.CFrame = CFrame.new(0.320259, -0.395376, -0.144649, -0.693291, -0.131341, 0.708588, 0.71792, -0.0402552, 0.69496, -0.0627525, 0.99052, 0.122201)
    Head.CFrame = CFrame.new(0.00202574, -0.00110471, 0.00114873, 0.9959, 0.0775091, 0.0466385, -0.0800025, 0.99532, 0.054209, -0.0422186, -0.057718, 0.99744)
    Right Leg.CFrame = CFrame.new(0.213845, -0.106899, 0.193022, 0.86536, 0.167597, -0.472295, -0.326129, 0.903894, -0.276795, 0.380515, 0.393557, 0.836852)
    Left Arm.CFrame = CFrame.new(-0.0053609, -0.198362, 0.162284, 0.580078, 0.411563, -0.702941, 0.096583, 0.82213, 0.561048, 0.808815, -0.393343, 0.437149)

[22]
    Time: 0.883333
    HumanoidRootPart.CFrame = CFrame.new(0, 0, 0, 1, 0, 0, 0, 1, 0, 0, 0, 1)
    Torso.CFrame = CFrame.new(0.162117, -0.000966599, -0.0454321, 0.995892, 0.0800447, -0.0423415, -0.0800524, 0.99679, 0.00151624, 0.0423269, 0.00187953, 0.999102)
    Left Leg.CFrame = CFrame.new(-0.534149, -0.0785161, 0.114393, 0.809478, -0.523419, 0.266042, 0.522254, 0.848921, 0.0811461, -0.268322, 0.0732555, 0.96054)
    Right Arm.CFrame = CFrame.new(0.0954981, -0.263507, 0.118033, -0.530487, -0.559698, 0.636649, 0.639476, 0.22879, 0.733979, -0.556466, 0.796488, 0.236543)
    Head.CFrame = CFrame.new(0.00240007, -0.000886036, 0.00116691, 0.997931, 0.0591096, 0.0253091, -0.0601821, 0.997219, 0.0439487, -0.0226409, -0.0453809, 0.998713)
    Right Leg.CFrame = CFrame.new(0.603398, 0.321632, 0.230773, 0.944445, 0.172324, -0.279871, -0.175242, 0.984415, 0.0147631, 0.278053, 0.0351021, 0.959924)
    Left Arm.CFrame = CFrame.new(0.141684, -0.184568, 0.00596714, 0.423778, 0.142131, -0.894545, 0.14378, 0.964534, 0.221365, 0.894282, -0.222427, 0.388313)

[23]
    Time: 0.916667
    HumanoidRootPart.CFrame = CFrame.new(0, 0, 0, 1, 0, 0, 0, 1, 0, 0, 0, 1)
    Torso.CFrame = CFrame.new(0.162117, -0.000966599, -0.0454321, 0.995892, 0.0800447, -0.0423415, -0.0800524, 0.99679, 0.00151624, 0.0423269, 0.00187953, 0.999102)
    Left Leg.CFrame = CFrame.new(-0.534149, -0.0785161, 0.114393, 0.809478, -0.523419, 0.266042, 0.522254, 0.848921, 0.0811461, -0.268322, 0.0732555, 0.96054)
    Right Arm.CFrame = CFrame.new(0.0954981, -0.263507, 0.118033, -0.530487, -0.559698, 0.636649, 0.639476, 0.22879, 0.733979, -0.556466, 0.796488, 0.236543)
    Head.CFrame = CFrame.new(0.00240007, -0.000886036, 0.00116691, 0.997931, 0.0591096, 0.0253091, -0.0601821, 0.997219, 0.0439487, -0.0226409, -0.0453809, 0.998713)
    Right Leg.CFrame = CFrame.new(0.603398, 0.321632, 0.230773, 0.944445, 0.172324, -0.279871, -0.175242, 0.984415, 0.0147631, 0.278053, 0.0351021, 0.959924)
    Left Arm.CFrame = CFrame.new(0.141684, -0.184568, 0.00596714, 0.423778, 0.142131, -0.894545, 0.14378, 0.964534, 0.221365, 0.894282, -0.222427, 0.388313)

[24]
    Time: 0.950000
    HumanoidRootPart.CFrame = CFrame.new(0, 0, 0, 1, 0, 0, 0, 1, 0, 0, 0, 1)
    Torso.CFrame = CFrame.new(0.70354, 0.00199819, -0.13893, 0.979827, 0.0398111, 0.195844, -0.0405006, 0.999179, -0.000484395, -0.195703, -0.00745718, 0.980635)
    Left Leg.CFrame = CFrame.new(-0.131064, 0.23375, -0.0115559, 0.935011, 0.334867, 0.116695, -0.352752, 0.912, 0.209337, -0.0363254, -0.236897, 0.970855)
    Right Arm.CFrame = CFrame.new(0.139258, -0.133021, 0.480355, 0.991573, -0.109216, 0.0696721, -0.038313, 0.266524, 0.963067, -0.123752, -0.95762, 0.260094)
    Head.CFrame = CFrame.new(0.00601893, 0.00159907, 0.00194699, 0.975669, 0.116319, -0.185848, -0.138028, 0.984472, -0.108458, 0.170347, 0.131471, 0.976574)
    Right Leg.CFrame = CFrame.new(0.0361562, 0.334402, -0.088489, 0.87421, -0.381182, -0.300762, 0.483351, 0.742058, 0.464458, 0.0461404, -0.551407, 0.832959)
    Left Arm.CFrame = CFrame.new(-0.0509133, -0.182946, 0.214178, 0.136563, 0.630785, -0.763847, -0.0844524, 0.775676, 0.625455, 0.987025, -0.0209054, 0.1592)

[25]
    Time: 1.000000
    HumanoidRootPart.CFrame = CFrame.new(0, 0, 0, 1, 0, 0, 0, 1, 0, 0, 0, 1)
    Torso.CFrame = CFrame.new(0.70354, 0.00199819, -0.13893, 0.979827, 0.0398111, 0.195844, -0.0405006, 0.999179, -0.000484395, -0.195703, -0.00745718, 0.980635)
    Left Leg.CFrame = CFrame.new(-0.131064, 0.23375, -0.0115559, 0.935011, 0.334867, 0.116695, -0.352752, 0.912, 0.209337, -0.0363254, -0.236897, 0.970855)
    Right Arm.CFrame = CFrame.new(0.139258, -0.133021, 0.480355, 0.991573, -0.109216, 0.0696721, -0.038313, 0.266524, 0.963067, -0.123752, -0.95762, 0.260094)
    Head.CFrame = CFrame.new(0.00601893, 0.00159907, 0.00194699, 0.975669, 0.116319, -0.185848, -0.138028, 0.984472, -0.108458, 0.170347, 0.131471, 0.976574)
    Right Leg.CFrame = CFrame.new(0.0361562, 0.334402, -0.088489, 0.87421, -0.381182, -0.300762, 0.483351, 0.742058, 0.464458, 0.0461404, -0.551407, 0.832959)
    Left Arm.CFrame = CFrame.new(-0.0509133, -0.182946, 0.214178, 0.136563, 0.630785, -0.763847, -0.0844524, 0.775676, 0.625455, 0.987025, -0.0209054, 0.1592)

[26]
    Time: 1.033333
    HumanoidRootPart.CFrame = CFrame.new(0, 0, 0, 1, 0, 0, 0, 1, 0, 0, 0, 1)
    Torso.CFrame = CFrame.new(0.392978, 0.0352319, 0.0385973, 0.993751, 0.0896584, 0.0664825, -0.0937629, 0.993698, 0.0614243, -0.0605563, -0.0672741, 0.995895)
    Left Leg.CFrame = CFrame.new(-0.293482, 0.0925781, 0.0738431, 0.961713, -0.121118, 0.245842, 0.116062, 0.992625, 0.0350081, -0.248269, -0.00513471, 0.968677)
    Right Arm.CFrame = CFrame.new(0.074593, -0.199996, 0.288279, 0.942499, -0.270928, 0.195689, -0.0405899, 0.488399, 0.871676, -0.331736, -0.829496, 0.449319)
    Head.CFrame = CFrame.new(0.00372594, -0.00245322, 0.00149417, 0.994814, 0.0877258, -0.0514716, -0.0803022, 0.988008, 0.131879, 0.0624236, -0.127062, 0.989929)
    Right Leg.CFrame = CFrame.new(0.601628, 0.34787, 0.0937465, 0.940171, 0.266213, -0.212623, -0.204597, 0.940167, 0.272445, 0.272429, -0.212643, 0.938385)
    Left Arm.CFrame = CFrame.new(-0.0606782, -0.188731, 0.187737, 0.209279, 0.602679, -0.770053, 0.0365389, 0.782121, 0.622054, 0.977173, -0.15832, 0.14166)

[27]
    Time: 1.083333
    HumanoidRootPart.CFrame = CFrame.new(0, 0, 0, 1, 0, 0, 0, 1, 0, 0, 0, 1)
    Torso.CFrame = CFrame.new(0.392978, 0.0352319, 0.0385973, 0.993751, 0.0896584, 0.0664825, -0.0937629, 0.993698, 0.0614243, -0.0605563, -0.0672741, 0.995895)
    Left Leg.CFrame = CFrame.new(-0.293482, 0.0925781, 0.0738431, 0.961713, -0.121118, 0.245842, 0.116062, 0.992625, 0.0350081, -0.248269, -0.00513471, 0.968677)
    Right Arm.CFrame = CFrame.new(0.074593, -0.199996, 0.288279, 0.942499, -0.270928, 0.195689, -0.0405899, 0.488399, 0.871676, -0.331736, -0.829496, 0.449319)
    Head.CFrame = CFrame.new(0.00372594, -0.00245322, 0.00149417, 0.994814, 0.0877258, -0.0514716, -0.0803022, 0.988008, 0.131879, 0.0624236, -0.127062, 0.989929)
    Right Leg.CFrame = CFrame.new(0.601628, 0.34787, 0.0937465, 0.940171, 0.266213, -0.212623, -0.204597, 0.940167, 0.272445, 0.272429, -0.212643, 0.938385)
    Left Arm.CFrame = CFrame.new(-0.0606782, -0.188731, 0.187737, 0.209279, 0.602679, -0.770053, 0.0365389, 0.782121, 0.622054, 0.977173, -0.15832, 0.14166)

[28]
    Time: 1.133333
    HumanoidRootPart.CFrame = CFrame.new(0, 0, 0, 1, 0, 0, 0, 1, 0, 0, 0, 1)
    Torso.CFrame = CFrame.new(0.392978, 0.0352319, 0.0385973, 0.993751, 0.0896584, 0.0664825, -0.0937629, 0.993698, 0.0614243, -0.0605563, -0.0672741, 0.995895)
    Left Leg.CFrame = CFrame.new(-0.293482, 0.0925781, 0.0738431, 0.961713, -0.121118, 0.245842, 0.116062, 0.992625, 0.0350081, -0.248269, -0.00513471, 0.968677)
    Right Arm.CFrame = CFrame.new(0.074593, -0.199996, 0.288279, 0.942499, -0.270928, 0.195689, -0.0405899, 0.488399, 0.871676, -0.331736, -0.829496, 0.449319)
    Head.CFrame = CFrame.new(0.00372594, -0.00245322, 0.00149417, 0.994814, 0.0877258, -0.0514716, -0.0803022, 0.988008, 0.131879, 0.0624236, -0.127062, 0.989929)
    Right Leg.CFrame = CFrame.new(0.601628, 0.34787, 0.0937465, 0.940171, 0.266213, -0.212623, -0.204597, 0.940167, 0.272445, 0.272429, -0.212643, 0.938385)
    Left Arm.CFrame = CFrame.new(-0.0606782, -0.188731, 0.187737, 0.209279, 0.602679, -0.770053, 0.0365389, 0.782121, 0.622054, 0.977173, -0.15832, 0.14166)

[29]
    Time: 1.166667
    HumanoidRootPart.CFrame = CFrame.new(0, 0, 0, 1, 0, 0, 0, 1, 0, 0, 0, 1)
    Torso.CFrame = CFrame.new(0.131599, -0.0428798, -0.250968, 0.988392, 0.149171, 0.0288, -0.146608, 0.986217, -0.0767012, -0.0398447, 0.0715885, 0.996638)
    Left Leg.CFrame = CFrame.new(-0.304662, -0.151081, 0.207971, 0.857354, -0.226593, 0.462169, 0.393765, 0.867, -0.305385, -0.331503, 0.443809, 0.83255)
    Right Arm.CFrame = CFrame.new(-0.023753, -0.262634, 0.0888309, 0.582633, -0.410313, 0.701557, -0.117521, 0.811599, 0.572272, -0.804194, -0.415873, 0.424644)
    Head.CFrame = CFrame.new(0.00320221, -0.00077649, 0.00125447, 0.996655, -0.0789621, -0.0210645, 0.080002, 0.99532, 0.0542089, 0.0166855, -0.0557128, 0.998307)
    Right Leg.CFrame = CFrame.new(0.82065, -0.455236, 0.586967, 0.185417, 0.826928, -0.530858, -0.964892, 0.255477, 0.0609457, 0.18602, 0.500921, 0.845266)
    Left Arm.CFrame = CFrame.new(-0.299907, -0.322818, 0.0613697, -0.695291, 0.130002, -0.706874, -0.717461, -0.0671498, 0.693355, 0.0426714, 0.989237, 0.13996)

[30]
    Time: 1.216667
    HumanoidRootPart.CFrame = CFrame.new(0, 0, 0, 1, 0, 0, 0, 1, 0, 0, 0, 1)
    Torso.CFrame = CFrame.new(0.131599, -0.0428798, -0.250968, 0.988392, 0.149171, 0.0288, -0.146608, 0.986217, -0.0767012, -0.0398447, 0.0715885, 0.996638)
    Left Leg.CFrame = CFrame.new(-0.304662, -0.151081, 0.207971, 0.857354, -0.226593, 0.462169, 0.393765, 0.867, -0.305385, -0.331503, 0.443809, 0.83255)
    Right Arm.CFrame = CFrame.new(-0.023753, -0.262634, 0.0888309, 0.582633, -0.410313, 0.701557, -0.117521, 0.811599, 0.572272, -0.804194, -0.415873, 0.424644)
    Head.CFrame = CFrame.new(0.00320221, -0.00077649, 0.00125447, 0.996655, -0.0789621, -0.0210645, 0.080002, 0.99532, 0.0542089, 0.0166855, -0.0557128, 0.998307)
    Right Leg.CFrame = CFrame.new(0.82065, -0.455236, 0.586967, 0.185417, 0.826928, -0.530858, -0.964892, 0.255477, 0.0609457, 0.18602, 0.500921, 0.845266)
    Left Arm.CFrame = CFrame.new(-0.299907, -0.322818, 0.0613697, -0.695291, 0.130002, -0.706874, -0.717461, -0.0671498, 0.693355, 0.0426714, 0.989237, 0.13996)

[31]
    Time: 1.250000
    HumanoidRootPart.CFrame = CFrame.new(0, 0, 0, 1, 0, 0, 0, 1, 0, 0, 0, 1)
    Torso.CFrame = CFrame.new(-0.137688, 0.000996515, -0.0461559, 0.99665, -0.080045, 0.0168086, 0.0800653, 0.99679, -0.000535521, -0.0167118, 0.00187951, 0.999859)
    Left Leg.CFrame = CFrame.new(-0.595414, 0.288929, 0.211272, 0.944562, -0.172233, 0.279534, 0.181723, 0.983316, -0.00818951, -0.273459, 0.0585332, 0.960101)
    Right Arm.CFrame = CFrame.new(-0.175802, -0.241768, -0.0659761, 0.426257, -0.14118, 0.893517, -0.168025, 0.958201, 0.231557, -0.88886, -0.248836, 0.384718)
    Head.CFrame = CFrame.new(0.00283476, -0.000639057, 0.00120193, 0.998183, -0.0602529, 0.000290564, 0.0601819, 0.99722, 0.0439488, -0.0029378, -0.0438514, 0.999034)
    Right Leg.CFrame = CFrame.new(0.542161, -0.0509105, 0.143423, 0.809186, 0.523397, -0.266971, -0.515657, 0.850423, 0.104301, 0.281629, 0.0532663, 0.958044)
    Left Arm.CFrame = CFrame.new(-0.0784082, -0.149688, 0.204786, -0.53318, 0.558682, -0.63529, -0.652161, 0.206908, 0.729298, 0.538892, 0.803158, 0.254031)

[32]
    Time: 1.283333
    HumanoidRootPart.CFrame = CFrame.new(0, 0, 0, 1, 0, 0, 0, 1, 0, 0, 0, 1)
    Torso.CFrame = CFrame.new(-0.137688, 0.000996515, -0.0461559, 0.99665, -0.080045, 0.0168086, 0.0800653, 0.99679, -0.000535521, -0.0167118, 0.00187951, 0.999859)
    Left Leg.CFrame = CFrame.new(-0.595414, 0.288929, 0.211272, 0.944562, -0.172233, 0.279534, 0.181723, 0.983316, -0.00818951, -0.273459, 0.0585332, 0.960101)
    Right Arm.CFrame = CFrame.new(-0.175802, -0.241768, -0.0659761, 0.426257, -0.14118, 0.893517, -0.168025, 0.958201, 0.231557, -0.88886, -0.248836, 0.384718)
    Head.CFrame = CFrame.new(0.00283476, -0.000639057, 0.00120193, 0.998183, -0.0602529, 0.000290564, 0.0601819, 0.99722, 0.0439488, -0.0029378, -0.0438514, 0.999034)
    Right Leg.CFrame = CFrame.new(0.542161, -0.0509105, 0.143423, 0.809186, 0.523397, -0.266971, -0.515657, 0.850423, 0.104301, 0.281629, 0.0532663, 0.958044)
    Left Arm.CFrame = CFrame.new(-0.0784082, -0.149688, 0.204786, -0.53318, 0.558682, -0.63529, -0.652161, 0.206908, 0.729298, 0.538892, 0.803158, 0.254031)

[33]
    Time: 1.333333
    HumanoidRootPart.CFrame = CFrame.new(0, 0, 0, 1, 0, 0, 0, 1, 0, 0, 0, 1)
    Torso.CFrame = CFrame.new(-0.137688, 0.000996515, -0.0461559, 0.99665, -0.080045, 0.0168086, 0.0800653, 0.99679, -0.000535521, -0.0167118, 0.00187951, 0.999859)
    Left Leg.CFrame = CFrame.new(-0.595414, 0.288929, 0.211272, 0.944562, -0.172233, 0.279534, 0.181723, 0.983316, -0.00818951, -0.273459, 0.0585332, 0.960101)
    Right Arm.CFrame = CFrame.new(-0.175802, -0.241768, -0.0659761, 0.426257, -0.14118, 0.893517, -0.168025, 0.958201, 0.231557, -0.88886, -0.248836, 0.384718)
    Head.CFrame = CFrame.new(0.00283476, -0.000639057, 0.00120193, 0.998183, -0.0602529, 0.000290564, 0.0601819, 0.99722, 0.0439488, -0.0029378, -0.0438514, 0.999034)
    Right Leg.CFrame = CFrame.new(0.542161, -0.0509105, 0.143423, 0.809186, 0.523397, -0.266971, -0.515657, 0.850423, 0.104301, 0.281629, 0.0532663, 0.958044)
    Left Arm.CFrame = CFrame.new(-0.0784082, -0.149688, 0.204786, -0.53318, 0.558682, -0.63529, -0.652161, 0.206908, 0.729298, 0.538892, 0.803158, 0.254031)

[34]
    Time: 1.383333
    HumanoidRootPart.CFrame = CFrame.new(0, 0, 0, 1, 0, 0, 0, 1, 0, 0, 0, 1)
    Torso.CFrame = CFrame.new(-0.679579, 0.00299098, -0.133825, 0.974486, -0.0398116, -0.220887, 0.0404754, 0.999179, -0.00152196, 0.220767, -0.00745737, 0.975298)
    Left Leg.CFrame = CFrame.new(-0.0285494, 0.320413, -0.10942, 0.873955, 0.381219, 0.301454, -0.482516, 0.754805, 0.44435, -0.0581445, -0.533799, 0.84361)
    Right Arm.CFrame = CFrame.new(0.0231375, -0.27908, 0.118137, 0.158085, -0.624388, 0.76495, 0.0292484, 0.777313, 0.628434, -0.986992, -0.0769728, 0.141144)
    Head.CFrame = CFrame.new(-0.000874221, 0.00216553, 0.0012846, 0.970984, -0.112911, 0.210811, 0.138027, 0.984472, -0.108458, -0.195292, 0.134409, 0.971491)
    Right Leg.CFrame = CFrame.new(0.271894, 0.381916, -0.00028304, 0.975971, -0.0204511, -0.216938, 0.113733, 0.897021, 0.427104, 0.185864, -0.441514, 0.877793)
    Left Arm.CFrame = CFrame.new(-0.14486, -0.11042, 0.396689, 0.993142, 0.105891, -0.0495598, -0.00434051, 0.456998, 0.889457, 0.116834, -0.883142, 0.454324)

[35]
    Time: 1.416667
    HumanoidRootPart.CFrame = CFrame.new(0, 0, 0, 1, 0, 0, 0, 1, 0, 0, 0, 1)
    Torso.CFrame = CFrame.new(-0.679579, 0.00299098, -0.133825, 0.974486, -0.0398116, -0.220887, 0.0404754, 0.999179, -0.00152196, 0.220767, -0.00745737, 0.975298)
    Left Leg.CFrame = CFrame.new(-0.0285494, 0.320413, -0.10942, 0.873955, 0.381219, 0.301454, -0.482516, 0.754805, 0.44435, -0.0581445, -0.533799, 0.84361)
    Right Arm.CFrame = CFrame.new(0.0231375, -0.27908, 0.118137, 0.158085, -0.624388, 0.76495, 0.0292484, 0.777313, 0.628434, -0.986992, -0.0769728, 0.141144)
    Head.CFrame = CFrame.new(-0.000874221, 0.00216553, 0.0012846, 0.970984, -0.112911, 0.210811, 0.138027, 0.984472, -0.108458, -0.195292, 0.134409, 0.971491)
    Right Leg.CFrame = CFrame.new(0.271894, 0.381916, -0.00028304, 0.975971, -0.0204511, -0.216938, 0.113733, 0.897021, 0.427104, 0.185864, -0.441514, 0.877793)
    Left Arm.CFrame = CFrame.new(-0.14486, -0.11042, 0.396689, 0.993142, 0.105891, -0.0495598, -0.00434051, 0.456998, 0.889457, 0.116834, -0.883142, 0.454324)

[36]
    Time: 1.466667
    HumanoidRootPart.CFrame = CFrame.new(0, 0, 0, 1, 0, 0, 0, 1, 0, 0, 0, 1)
    Torso.CFrame = CFrame.new(-0.679579, 0.00299098, -0.133825, 0.974486, -0.0398116, -0.220887, 0.0404754, 0.999179, -0.00152196, 0.220767, -0.00745737, 0.975298)
    Left Leg.CFrame = CFrame.new(-0.0285494, 0.320413, -0.10942, 0.873955, 0.381219, 0.301454, -0.482516, 0.754805, 0.44435, -0.0581445, -0.533799, 0.84361)
    Right Arm.CFrame = CFrame.new(0.0231375, -0.27908, 0.118137, 0.158085, -0.624388, 0.76495, 0.0292484, 0.777313, 0.628434, -0.986992, -0.0769728, 0.141144)
    Head.CFrame = CFrame.new(-0.000874221, 0.00216553, 0.0012846, 0.970984, -0.112911, 0.210811, 0.138027, 0.984472, -0.108458, -0.195292, 0.134409, 0.971491)
    Right Leg.CFrame = CFrame.new(0.271894, 0.381916, -0.00028304, 0.975971, -0.0204511, -0.216938, 0.113733, 0.897021, 0.427104, 0.185864, -0.441514, 0.877793)
    Left Arm.CFrame = CFrame.new(-0.14486, -0.11042, 0.396689, 0.993142, 0.105891, -0.0495598, -0.00434051, 0.456998, 0.889457, 0.116834, -0.883142, 0.454324)

[37]
    Time: 1.500000
    HumanoidRootPart.CFrame = CFrame.new(0, 0, 0, 1, 0, 0, 0, 1, 0, 0, 0, 1)
    Torso.CFrame = CFrame.new(-0.368635, 0.03755, 0.0403945, 0.991721, -0.0896589, -0.0919246, 0.0953065, 0.993698, 0.0590015, 0.0860553, -0.0672741, 0.994016)
    Left Leg.CFrame = CFrame.new(-0.595193, 0.325026, 0.0750163, 0.940328, -0.266056, 0.212127, 0.211002, 0.945001, 0.249904, -0.266948, -0.190233, 0.944749)
    Right Arm.CFrame = CFrame.new(-0.0703241, -0.285965, 0.0664616, -0.0278491, -0.449705, 0.892743, -0.044611, 0.892759, 0.448321, -0.998616, -0.0273409, -0.0449243)
    Head.CFrame = CFrame.new(0.00149584, -0.00212359, 0.00121436, 0.992888, -0.0909526, 0.0768209, 0.0803019, 0.988008, 0.131879, -0.0878944, -0.124772, 0.988285)
    Right Leg.CFrame = CFrame.new(0.377825, 0.127107, 0.0448322, 0.985638, 0.127751, -0.110446, -0.119275, 0.989613, 0.0802415, 0.119549, -0.0659157, 0.990638)
    Left Arm.CFrame = CFrame.new(-0.0871364, -0.130418, 0.365504, 0.941465, 0.272859, -0.197971, 0.0331499, 0.509475, 0.859847, 0.335478, -0.816078, 0.470607)

[38]
    Time: 1.533333
    HumanoidRootPart.CFrame = CFrame.new(0, 0, 0, 1, 0, 0, 0, 1, 0, 0, 0, 1)
    Torso.CFrame = CFrame.new(-0.368635, 0.03755, 0.0403945, 0.991721, -0.0896589, -0.0919246, 0.0953065, 0.993698, 0.0590015, 0.0860553, -0.0672741, 0.994016)
    Left Leg.CFrame = CFrame.new(-0.595193, 0.325026, 0.0750163, 0.940328, -0.266056, 0.212127, 0.211002, 0.945001, 0.249904, -0.266948, -0.190233, 0.944749)
    Right Arm.CFrame = CFrame.new(-0.0703241, -0.285965, 0.0664616, -0.0278491, -0.449705, 0.892743, -0.044611, 0.892759, 0.448321, -0.998616, -0.0273409, -0.0449243)
