[1]
    Time: 0.000000
    HumanoidRootPart.CFrame = CFrame.new(0, 0, 0, 1, 0, 0, 0, 1, 0, 0, 0, 1)
    Torso.CFrame = CFrame.new(0.111794, 2.22176e-05, -0.702408, 0.998911, -0.0122871, 0.0450068, 0.0203116, 0.983006, -0.182445, -0.0420002, 0.18316, 0.982186)
    Head.CFrame = CFrame.new(0.0209945, -0.0915946, 0.00890967, 0.998911, 0.0203117, -0.0420002, -0.0122871, 0.983006, 0.18316, 0.0450068, -0.182445, 0.982186)
    Left Leg.CFrame = CFrame.new(-0.513389, 0.714079, 0.0764095, 0.971693, 0.18388, 0.148335, -0.190214, 0.981298, 0.0295869, -0.140121, -0.0569647, 0.988497)
    Right Arm.CFrame = CFrame.new(-0.658084, 0.0641196, -0.109178, 0.288596, -0.956673, -0.0386096, 0.877531, 0.248162, 0.410316, -0.382957, -0.152297, 0.911127)
    Right Leg.CFrame = CFrame.new(0.51956, 0.659989, 0.0962256, 0.970819, -0.183418, -0.154501, 0.194918, 0.978811, 0.062782, 0.139711, -0.091065, 0.985999)
    Left Arm.CFrame = CFrame.new(-0.33217, -0.653538, -0.000135332, -0.196175, 0.194523, -0.961082, -0.96758, -0.197408, 0.157546, -0.159079, 0.960829, 0.226943)

[2]
    Time: 0.066667
    HumanoidRootPart.CFrame = CFrame.new(0, 0, 0, 1, 0, 0, 0, 1, 0, 0, 0, 1)
    Torso.CFrame = CFrame.new(-0.0237775, -2.0206e-05, -0.77069, 0.99907, 0.000247977, 0.0431065, 0.0102473, 0.969952, -0.243079, -0.0418715, 0.243295, 0.969048)
    Head.CFrame = CFrame.new(0.0209945, -0.0915946, 0.00890967, 0.998911, 0.0203117, -0.0420002, -0.0122871, 0.983006, 0.18316, 0.0450068, -0.182445, 0.982186)
    Left Leg.CFrame = CFrame.new(-0.63391, 0.844478, 0.167685, 0.971197, 0.17909, 0.157172, -0.191602, 0.979092, 0.0683139, -0.141652, -0.0964607, 0.985206)
    Right Leg.CFrame = CFrame.new(0.636931, 0.817412, 0.0294721, 0.973177, -0.180182, -0.143042, 0.184357, 0.982723, 0.0163797, 0.137619, -0.0423112, 0.989581)

[3]
    Time: 0.133333
    HumanoidRootPart.CFrame = CFrame.new(0, 0, 0, 1, 0, 0, 0, 1, 0, 0, 0, 1)
    Torso.CFrame = CFrame.new(-0.159241, -7.35074e-05, -0.83899, 1, 0, 0, 0, 0.953076, -0.302732, 0, 0.302732, 0.953076)
    Head.CFrame = CFrame.new(-1.98494e-08, -0.15137, 0.0234613, 1, 4.37114e-08, 0, -4.16603e-08, 0.953076, 0.302732, 1.32328e-08, -0.302732, 0.953076)
    Left Leg.CFrame = CFrame.new(-0.754397, 0.974893, 0.259075, 0.972938, 0.174887, 0.150999, -0.18386, 0.981799, 0.0475492, -0.139936, -0.0740256, 0.98739)
    Right Leg.CFrame = CFrame.new(0.754263, 0.974871, -0.0372071, 0.972938, -0.174887, -0.150999, 0.18386, 0.981799, 0.0475492, 0.139936, -0.0740256, 0.98739)

[4]
    Time: 0.266667
    HumanoidRootPart.CFrame = CFrame.new(0, 0, 0, 1, 0, 0, 0, 1, 0, 0, 0, 1)
    Torso.CFrame = CFrame.new(-0.111794, 2.22176e-05, -0.702408, 0.998911, 0.0122871, -0.0450068, -0.0203116, 0.983006, -0.182445, 0.0420002, 0.18316, 0.982186)
    Head.CFrame = CFrame.new(-0.0209945, -0.0915946, 0.00890967, 0.998911, -0.0203117, 0.0420002, 0.0122871, 0.983006, 0.18316, -0.0450068, -0.182445, 0.982186)
    Left Leg.CFrame = CFrame.new(-0.51956, 0.659989, 0.0962256, 0.970819, 0.183418, 0.154501, -0.194918, 0.978811, 0.062782, -0.139711, -0.091065, 0.985999)
    Right Arm.CFrame = CFrame.new(0.33217, -0.653538, -0.000135332, -0.196175, -0.194523, 0.961082, 0.96758, -0.197408, 0.157546, 0.159079, 0.960829, 0.226943)
    Right Leg.CFrame = CFrame.new(0.513389, 0.714079, 0.0764095, 0.971693, -0.18388, -0.148335, 0.190214, 0.981298, 0.0295869, 0.140121, -0.0569647, 0.988497)
    Left Arm.CFrame = CFrame.new(0.658084, 0.0641196, -0.109178, 0.288596, 0.956673, 0.0386096, -0.877531, 0.248162, 0.410316, 0.382957, -0.152297, 0.911127)

[5]
    Time: 0.333333
    HumanoidRootPart.CFrame = CFrame.new(0, 0, 0, 1, 0, 0, 0, 1, 0, 0, 0, 1)
    Torso.CFrame = CFrame.new(0.0237775, -2.0206e-05, -0.77069, 0.99907, -0.000247977, -0.0431065, -0.0102473, 0.969952, -0.243079, 0.0418715, 0.243295, 0.969048)
    Head.CFrame = CFrame.new(-0.0209945, -0.0915946, 0.00890967, 0.998911, -0.0203117, 0.0420002, 0.0122871, 0.983006, 0.18316, -0.0450068, -0.182445, 0.982186)
    Left Leg.CFrame = CFrame.new(-0.636931, 0.817412, 0.0294721, 0.973177, 0.180182, 0.143042, -0.184357, 0.982723, 0.0163797, -0.137619, -0.0423112, 0.989581)
    Right Leg.CFrame = CFrame.new(0.63391, 0.844478, 0.167685, 0.971197, -0.17909, -0.157172, 0.191602, 0.979092, 0.0683139, 0.141652, -0.0964607, 0.985206)

[6]
    Time: 0.400000
    HumanoidRootPart.CFrame = CFrame.new(0, 0, 0, 1, 0, 0, 0, 1, 0, 0, 0, 1)
    Torso.CFrame = CFrame.new(0.159241, -7.35074e-05, -0.83899, 1, 0, 0, 0, 0.953076, -0.302732, 0, 0.302732, 0.953076)
    Head.CFrame = CFrame.new(1.98494e-08, -0.15137, 0.0234613, 1, -4.37114e-08, 0, 4.16603e-08, 0.953076, 0.302732, -1.32328e-08, -0.302732, 0.953076)
    Left Leg.CFrame = CFrame.new(-0.754263, 0.974871, -0.0372071, 0.972938, 0.174887, 0.150999, -0.18386, 0.981799, 0.0475492, -0.139936, -0.0740256, 0.98739)
    Right Leg.CFrame = CFrame.new(0.754397, 0.974893, 0.259075, 0.972938, -0.174887, -0.150999, 0.18386, 0.981799, 0.0475492, 0.139936, -0.0740256, 0.98739)

[7]
    Time: 0.533333
    HumanoidRootPart.CFrame = CFrame.new(0, 0, 0, 1, 0, 0, 0, 1, 0, 0, 0, 1)
    Torso.CFrame = CFrame.new(0.111794, 2.22176e-05, -0.702408, 0.998911, -0.0122871, 0.0450068, 0.0203116, 0.983006, -0.182445, -0.0420002, 0.18316, 0.982186)
    Head.CFrame = CFrame.new(0.0209946, -0.0915948, 0.00890812, 0.998911, 0.0203116, -0.0420002, -0.012287, 0.983006, 0.18316, 0.0450068, -0.182445, 0.982186)
    Left Leg.CFrame = CFrame.new(-0.513389, 0.714079, 0.0764095, 0.971693, 0.18388, 0.148335, -0.190214, 0.981298, 0.0295869, -0.140121, -0.0569647, 0.988497)
    Right Arm.CFrame = CFrame.new(-0.658084, 0.0641196, -0.109178, 0.288596, -0.956673, -0.0386096, 0.877531, 0.248162, 0.410316, -0.382957, -0.152297, 0.911127)
    Right Leg.CFrame = CFrame.new(0.51956, 0.659989, 0.0962256, 0.970819, -0.183418, -0.154501, 0.194918, 0.978811, 0.062782, 0.139711, -0.091065, 0.985999)
    Left Arm.CFrame = CFrame.new(-0.33217, -0.653538, -0.000135332, -0.196175, 0.194523, -0.961082, -0.96758, -0.197408, 0.157546, -0.159079, 0.960829, 0.226943)

[8]
    Time: 0.033333
    HumanoidRootPart.CFrame = CFrame.new(0, 0, 0, 1, 0, 0, 0, 1, 0, 0, 0, 1)
    Torso.CFrame = CFrame.new(0, 0, 0, 1, 0, 0, 0, 1, 0, 0, 0, 1)
    Right Arm.CFrame = CFrame.new(-0.658084, 0.0641196, -0.109178, 0.288596, -0.956673, -0.0386096, 0.877531, 0.248162, 0.410316, -0.382957, -0.152297, 0.911127)
    Left Arm.CFrame = CFrame.new(-0.225203, -0.673395, 0.00217524, -0.196175, 0.194523, -0.961081, -0.96758, -0.197408, 0.157546, -0.159079, 0.960829, 0.226943)

[9]
    Time: 0.050000
    HumanoidRootPart.CFrame = CFrame.new(0, 0, 0, 1, 0, 0, 0, 1, 0, 0, 0, 1)
    Torso.CFrame = CFrame.new(0, 0, 0, 1, 0, 0, 0, 1, 0, 0, 0, 1)
    Right Arm.CFrame = CFrame.new(0.225203, -0.673395, 0.00217524, -0.196175, -0.194523, 0.961081, 0.96758, -0.197408, 0.157546, 0.159079, 0.960829, 0.226943)
    Left Arm.CFrame = CFrame.new(0.658084, 0.0641196, -0.109178, 0.288596, 0.956673, 0.0386096, -0.877531, 0.248162, 0.410316, 0.382957, -0.152297, 0.911127)

[10]
    Time: 0.300000
    HumanoidRootPart.CFrame = CFrame.new(0, 0, 0, 1, 0, 0, 0, 1, 0, 0, 0, 1)
    Torso.CFrame = CFrame.new(0, 0, 0, 1, 0, 0, 0, 1, 0, 0, 0, 1)
    Right Arm.CFrame = CFrame.new(0.225203, -0.673395, 0.00217524, -0.196175, -0.194523, 0.961081, 0.96758, -0.197408, 0.157546, 0.159079, 0.960829, 0.226943)
    Left Arm.CFrame = CFrame.new(0.658084, 0.0641196, -0.109178, 0.288596, 0.956673, 0.0386096, -0.877531, 0.248162, 0.410316, 0.382957, -0.152297, 0.911127)

[11]
    Time: 0.316667
    HumanoidRootPart.CFrame = CFrame.new(0, 0, 0, 1, 0, 0, 0, 1, 0, 0, 0, 1)
    Torso.CFrame = CFrame.new(0, 0, 0, 1, 0, 0, 0, 1, 0, 0, 0, 1)
    Right Arm.CFrame = CFrame.new(-0.658084, 0.0641196, -0.109178, 0.288596, -0.956673, -0.0386096, 0.877531, 0.248162, 0.410316, -0.382957, -0.152297, 0.911127)
    Left Arm.CFrame = CFrame.new(-0.225203, -0.673395, 0.00217524, -0.196175, 0.194523, -0.961081, -0.96758, -0.197408, 0.157546, -0.159079, 0.960829, 0.226943)
