[1]
    Time: 0.000000
    HumanoidRootPart.CFrame = CFrame.new(0, 0, 0, 1, 0, 0, 0, 1, 0, 0, 0, 1)
    Torso.CFrame = CFrame.new(0, 0, 0, 1, 0, 0, 0, 1, 0, 0, 0, 1)
    Left Leg.CFrame = CFrame.new(0, 0, 0, 1, 0, 0, 0, 1, 0, 0, 0, 1)
    Right Arm.CFrame = CFrame.new(0, 0, 0, 1, 0, 0, 0, 1, 0, 0, 0, 1)
    Left Arm.CFrame = CFrame.new(0, 0, 0, 1, 0, 0, 0, 1, 0, 0, 0, 1)
    Head.CFrame = CFrame.new(0, 0, 0, 1, 0, 0, 0, 1, 0, 0, 0, 1)
    Right Leg.CFrame = CFrame.new(0, 0, 0, 1, 0, 0, 0, 1, 0, 0, 0, 1)

[2]
    Time: 0.033333
    HumanoidRootPart.CFrame = CFrame.new(0, 0, 0, 1, 0, 0, 0, 1, 0, 0, 0, 1)
    Torso.CFrame = CFrame.new(0, 0, 0.46, 1, 0, 0, 0, 0.999975, 0.00701479, 0, -0.00701479, 0.999975)
    Left Leg.CFrame = CFrame.new(3.05474e-07, 1.78814e-07, 1.78814e-07, 0.998716, 0, 0.0506609, 0, 1, 0, -0.0506609, 0, 0.998716)
    Right Arm.CFrame = CFrame.new(8.94594e-07, -1.19209e-06, 0, 1, -0.000470769, -6.98023e-05, 0.000475916, 0.989188, 0.14665, 9.23319e-09, -0.14665, 0.989188)
    Left Arm.CFrame = CFrame.new(3.32366e-08, -7.7486e-07, 3.57628e-07, 1, 0.000668854, 3.62192e-05, -0.000669835, 0.99854, 0.0540079, -4.29245e-08, -0.054008, 0.998541)
    Head.CFrame = CFrame.new(0, -1.84402e-07, 1.43051e-06, 1, 0, 0, 0, 0.998267, -0.0588499, 0, 0.0588499, 0.998267)
    Right Leg.CFrame = CFrame.new(6.07222e-07, 1.78814e-07, -2.38419e-07, 0.992779, 0, -0.119954, 0, 1, 0, 0.119954, 0, 0.992779)

[3]
    Time: 0.133333
    HumanoidRootPart.CFrame = CFrame.new(0, 0, 0, 1, 0, 0, 0, 1, 0, 0, 0, 1)
    Torso.CFrame = CFrame.new(0, 0.00287357, 0.86999, 1, 0, 0, 0, 0.999975, 0.00700811, 0, -0.00700811, 0.999975)
    Left Leg.CFrame = CFrame.new(-0.127024, 0.160002, 0.0276532, 0.977114, -6.98492e-09, 0.212718, 6.51926e-09, 1, 3.49246e-10, -0.212718, 1.09018e-09, 0.977114)
    Right Arm.CFrame = CFrame.new(2.0602e-06, 4.94719e-06, -3.57628e-07, 1, -0.000455159, -0.000139146, 0.000475953, 0.956314, 0.292342, 5.45696e-09, -0.292342, 0.956314)
    Left Arm.CFrame = CFrame.new(-1.60071e-08, 4.05312e-06, 1.19209e-07, 1, 0.000650971, 0.000158386, -0.000669962, 0.971666, 0.236357, -3.71292e-08, -0.236357, 0.971666)
    Head.CFrame = CFrame.new(0, 3.72529e-09, 1.54972e-06, 1, 0, 0, 0, 0.994679, -0.103027, 0, 0.103027, 0.994679)
    Right Leg.CFrame = CFrame.new(1.07296e-06, -0.0399968, -5.96044e-07, 0.962949, 7.45058e-09, -0.269683, -6.98492e-09, 1, 1.74623e-09, 0.269683, 2.25487e-10, 0.962949)

[4]
    Time: 0.233333
    HumanoidRootPart.CFrame = CFrame.new(0, 0, 0, 1, 0, 0, 0, 1, 0, 0, 0, 1)
    Torso.CFrame = CFrame.new(0, 0.00490606, 1.15998, 1, 0, 0, 0, 0.999975, 0.00700811, 0, -0.00700811, 0.999975)
    Left Leg.CFrame = CFrame.new(-0.127024, 0.300001, 0.0276527, 0.916244, -1.11759e-08, 0.400621, 1.07102e-08, 1, 2.79397e-09, -0.400621, 1.80765e-09, 0.916244)
    Right Arm.CFrame = CFrame.new(2.89176e-06, 4.27663e-06, -3.57628e-07, 1, -0.000427518, -0.000209207, 0.000475962, 0.898224, 0.439538, 4.18367e-09, -0.439538, 0.898224)
    Left Arm.CFrame = CFrame.new(1.28523e-07, 1.60933e-06, 2.38419e-07, 1, 0.00060815, 0.000281111, -0.000669977, 0.907738, 0.419535, -3.45608e-08, -0.419536, 0.907739)
    Head.CFrame = CFrame.new(0, -2.23517e-08, -1.54972e-06, 1, 0, 0, 0, 0.954007, -0.299786, 0, 0.299786, 0.954007)
    Right Leg.CFrame = CFrame.new(2.42889e-06, -0.0399947, -7.15256e-07, 0.905461, 1.21072e-08, -0.424429, -1.11667e-08, 1, 4.2154e-09, 0.424429, 9.10633e-10, 0.905461)

[5]
    Time: 0.266667
    HumanoidRootPart.CFrame = CFrame.new(0, 0, 0, 1, 0, 0, 0, 1, 0, 0, 0, 1)
    Torso.CFrame = CFrame.new(0, 0.00490606, 1.15998, 1, 0, 0, 0, 0.999975, 0.00700811, 0, -0.00700811, 0.999975)
    Left Leg.CFrame = CFrame.new(-0.127024, 0.300001, 0.0276527, 0.916244, -1.11759e-08, 0.400621, 1.07102e-08, 1, 2.79397e-09, -0.400621, 1.80765e-09, 0.916244)
    Right Arm.CFrame = CFrame.new(2.89176e-06, 4.27663e-06, -3.57628e-07, 1, -0.000427518, -0.000209207, 0.000475962, 0.898224, 0.439538, 4.18367e-09, -0.439538, 0.898224)
    Left Arm.CFrame = CFrame.new(1.28523e-07, 1.60933e-06, 2.38419e-07, 1, 0.00060815, 0.000281111, -0.000669977, 0.907738, 0.419535, -3.45608e-08, -0.419536, 0.907739)
    Head.CFrame = CFrame.new(0, -2.23517e-08, -1.54972e-06, 1, 0, 0, 0, 0.954007, -0.299786, 0, 0.299786, 0.954007)
    Right Leg.CFrame = CFrame.new(2.42889e-06, -0.0399947, -7.15256e-07, 0.905461, 1.21072e-08, -0.424429, -1.11667e-08, 1, 4.2154e-09, 0.424429, 9.10633e-10, 0.905461)

[6]
    Time: 0.300000
    HumanoidRootPart.CFrame = CFrame.new(0, 0, 0, 1, 0, 0, 0, 1, 0, 0, 0, 1)
    Torso.CFrame = CFrame.new(0, 0.00490606, 1.15998, 1, 0, 0, 0, 0.999975, 0.00700811, 0, -0.00700811, 0.999975)
    Left Leg.CFrame = CFrame.new(-0.127024, 0.300001, 0.0276527, 0.916244, -1.11759e-08, 0.400621, 1.07102e-08, 1, 2.79397e-09, -0.400621, 1.80765e-09, 0.916244)
    Right Arm.CFrame = CFrame.new(2.89176e-06, 4.27663e-06, -3.57628e-07, 1, -0.000427518, -0.000209207, 0.000475962, 0.898224, 0.439538, 4.18367e-09, -0.439538, 0.898224)
    Left Arm.CFrame = CFrame.new(1.28523e-07, 1.60933e-06, 2.38419e-07, 1, 0.00060815, 0.000281111, -0.000669977, 0.907738, 0.419535, -3.45608e-08, -0.419536, 0.907739)
    Head.CFrame = CFrame.new(0, -2.23517e-08, -1.54972e-06, 1, 0, 0, 0, 0.954007, -0.299786, 0, 0.299786, 0.954007)
    Right Leg.CFrame = CFrame.new(2.42889e-06, -0.0399947, -7.15256e-07, 0.905461, 1.21072e-08, -0.424429, -1.11667e-08, 1, 4.2154e-09, 0.424429, 9.10633e-10, 0.905461)

[7]
    Time: 0.333333
    HumanoidRootPart.CFrame = CFrame.new(0, 0, 0, 1, 0, 0, 0, 1, 0, 0, 0, 1)
    Torso.CFrame = CFrame.new(0, 0.00490606, 1.15998, 1, 0, 0, 0, 0.999975, 0.00700811, 0, -0.00700811, 0.999975)
    Left Leg.CFrame = CFrame.new(-0.127024, 0.300001, 0.0276527, 0.916244, -1.11759e-08, 0.400621, 1.07102e-08, 1, 2.79397e-09, -0.400621, 1.80765e-09, 0.916244)
    Right Arm.CFrame = CFrame.new(2.89176e-06, 4.27663e-06, -3.57628e-07, 1, -0.000427518, -0.000209207, 0.000475962, 0.898224, 0.439538, 4.18367e-09, -0.439538, 0.898224)
    Left Arm.CFrame = CFrame.new(1.28523e-07, 1.60933e-06, 2.38419e-07, 1, 0.00060815, 0.000281111, -0.000669977, 0.907738, 0.419535, -3.45608e-08, -0.419536, 0.907739)
    Head.CFrame = CFrame.new(0, -2.23517e-08, -1.54972e-06, 1, 0, 0, 0, 0.954007, -0.299786, 0, 0.299786, 0.954007)
    Right Leg.CFrame = CFrame.new(2.42889e-06, -0.0399947, -7.15256e-07, 0.905461, 1.21072e-08, -0.424429, -1.11667e-08, 1, 4.2154e-09, 0.424429, 9.10633e-10, 0.905461)

[8]
    Time: 0.366667
    HumanoidRootPart.CFrame = CFrame.new(0, 0, 0, 1, 0, 0, 0, 1, 0, 0, 0, 1)
    Torso.CFrame = CFrame.new(0, 0.00490606, 1.15998, 1, 0, 0, 0, 0.999975, 0.00700811, 0, -0.00700811, 0.999975)
    Left Leg.CFrame = CFrame.new(-0.127024, 0.300001, 0.0276527, 0.916244, -1.11759e-08, 0.400621, 1.07102e-08, 1, 2.79397e-09, -0.400621, 1.80765e-09, 0.916244)
    Right Arm.CFrame = CFrame.new(2.89176e-06, 4.27663e-06, -3.57628e-07, 1, -0.000427518, -0.000209207, 0.000475962, 0.898224, 0.439538, 4.18367e-09, -0.439538, 0.898224)
    Left Arm.CFrame = CFrame.new(1.28523e-07, 1.60933e-06, 2.38419e-07, 1, 0.00060815, 0.000281111, -0.000669977, 0.907738, 0.419535, -3.45608e-08, -0.419536, 0.907739)
    Head.CFrame = CFrame.new(0, -2.23517e-08, -1.54972e-06, 1, 0, 0, 0, 0.954007, -0.299786, 0, 0.299786, 0.954007)
    Right Leg.CFrame = CFrame.new(2.42889e-06, -0.0399947, -7.15256e-07, 0.905461, 1.21072e-08, -0.424429, -1.11667e-08, 1, 4.2154e-09, 0.424429, 9.10633e-10, 0.905461)

[9]
    Time: 0.400000
    HumanoidRootPart.CFrame = CFrame.new(0, 0, 0, 1, 0, 0, 0, 1, 0, 0, 0, 1)
    Torso.CFrame = CFrame.new(0, 0.00490606, 1.15998, 1, 0, 0, 0, 0.999975, 0.00700811, 0, -0.00700811, 0.999975)
    Left Leg.CFrame = CFrame.new(-0.127024, 0.300001, 0.0276527, 0.916244, -1.11759e-08, 0.400621, 1.07102e-08, 1, 2.79397e-09, -0.400621, 1.80765e-09, 0.916244)
    Right Arm.CFrame = CFrame.new(2.89176e-06, 4.27663e-06, -3.57628e-07, 1, -0.000427518, -0.000209207, 0.000475962, 0.898224, 0.439538, 4.18367e-09, -0.439538, 0.898224)
    Left Arm.CFrame = CFrame.new(1.28523e-07, 1.60933e-06, 2.38419e-07, 1, 0.00060815, 0.000281111, -0.000669977, 0.907738, 0.419535, -3.45608e-08, -0.419536, 0.907739)
    Head.CFrame = CFrame.new(0, -2.23517e-08, -1.54972e-06, 1, 0, 0, 0, 0.954007, -0.299786, 0, 0.299786, 0.954007)
    Right Leg.CFrame = CFrame.new(2.42889e-06, -0.0399947, -7.15256e-07, 0.905461, 1.21072e-08, -0.424429, -1.11667e-08, 1, 4.2154e-09, 0.424429, 9.10633e-10, 0.905461)

[10]
    Time: 0.433333
    HumanoidRootPart.CFrame = CFrame.new(0, 0, 0, 1, 0, 0, 0, 1, 0, 0, 0, 1)
    Torso.CFrame = CFrame.new(0, 0.00490606, 1.15998, 1, 0, 0, 0, 0.999975, 0.00700811, 0, -0.00700811, 0.999975)
    Left Leg.CFrame = CFrame.new(-0.127024, 0.300001, 0.0276527, 0.916244, -1.11759e-08, 0.400621, 1.07102e-08, 1, 2.79397e-09, -0.400621, 1.80765e-09, 0.916244)
    Right Arm.CFrame = CFrame.new(2.89176e-06, 4.27663e-06, -3.57628e-07, 1, -0.000427518, -0.000209207, 0.000475962, 0.898224, 0.439538, 4.18367e-09, -0.439538, 0.898224)
    Left Arm.CFrame = CFrame.new(1.28523e-07, 1.60933e-06, 2.38419e-07, 1, 0.00060815, 0.000281111, -0.000669977, 0.907738, 0.419535, -3.45608e-08, -0.419536, 0.907739)
    Head.CFrame = CFrame.new(0, -2.23517e-08, -1.54972e-06, 1, 0, 0, 0, 0.954007, -0.299786, 0, 0.299786, 0.954007)
    Right Leg.CFrame = CFrame.new(2.42889e-06, -0.0399947, -7.15256e-07, 0.905461, 1.21072e-08, -0.424429, -1.11667e-08, 1, 4.2154e-09, 0.424429, 9.10633e-10, 0.905461)
