[1]
    Time: 0.000000
    HumanoidRootPart.CFrame = CFrame.new(0, 0, 0, 1, 0, 0, 0, 1, 0, 0, 0, 1)
    Torso.CFrame = CFrame.new(0.0314026, 0, -0.958635, 0.999993, 0, 0.00396394, 0, 1, 0, -0.00396394, 0, 0.999992)
    Left Leg.CFrame = CFrame.new(-0.557345, 0.825026, 4.76837e-07, 0.94485, -0.327507, -1.04293e-08, 0.327507, 0.944848, -6.18521e-09, 1.41426e-08, 9.13881e-09, 1)
    Right Leg.CFrame = CFrame.new(0.5, 1.22935e-07, -5.96046e-08, -2.13916e-07, -1, -6.25935e-08, 0.996195, -2.18557e-07, 0.0871556, -0.0871556, -4.37114e-08, 0.996195)
    Left Arm.CFrame = CFrame.new(-0.5, -0.500001, 1.37091e-06, -0.866928, 0.494883, -0.0593911, -0.0133227, 0.0961058, 0.995282, 0.498256, 0.863629, -0.0767236)
    Head.CFrame = CFrame.new(0, 0, 0, 1, 0, 0, 0, 1, 0, 0, 0, 1)
    Right Arm.CFrame = CFrame.new(0.499998, -0.5, 2.86102e-06, -0.939693, -0.34202, -6.90994e-08, 0.029809, -0.0818999, 0.996195, -0.340718, 0.936117, 0.0871561)

[2]
    Time: 0.100000
    HumanoidRootPart.CFrame = CFrame.new(0, 0, 0, 1, 0, 0, 0, 1, 0, 0, 0, 1)
    Torso.CFrame = CFrame.new(0, 0, 0, 1, 0, 0, 0, 1, 0, 0, 0, 1)
    Left Leg.CFrame = CFrame.new(-0.569335, 0.920965, -0.00218448, 0.995385, -0.0955074, -0.00940529, 0.095588, 0.995384, 0.00854564, 0.00854571, -0.00940525, 0.99992)

[3]
    Time: 0.200000
    HumanoidRootPart.CFrame = CFrame.new(0, 0, 0, 1, 0, 0, 0, 1, 0, 0, 0, 1)
    Torso.CFrame = CFrame.new(0, 0, -1.11, 0.999886, 0, -0.0151787, 0, 1, 0, 0.0151787, 0, 0.999885)
    Left Leg.CFrame = CFrame.new(-0.466352, 0.775235, -0.00540953, 0.895917, 0.443687, -0.0218233, -0.442831, 0.895916, 0.0351451, 0.0351453, -0.0218231, 0.999145)
    Right Leg.CFrame = CFrame.new(0.20645, 0.90355, -0.016922, 0.873622, -0.48593, 0.0256572, 0.484649, 0.873621, 0.0436018, -0.0436021, -0.0256568, 0.99872)
    Left Arm.CFrame = CFrame.new(-0.5, -0.5, 1.37091e-06, -0.866928, 0.494883, -0.0593911, 0.0301538, 0.17101, 0.984808, 0.497521, 0.851966, -0.163176)
    Right Arm.CFrame = CFrame.new(0.499999, -0.5, 3.06964e-06, -0.939693, -0.34202, -6.52897e-08, 6.04026e-08, -3.59918e-07, 1, -0.34202, 0.939692, 3.57579e-07)

[4]
    Time: 0.400000
    HumanoidRootPart.CFrame = CFrame.new(0, 0, 0, 1, 0, 0, 0, 1, 0, 0, 0, 1)
    Torso.CFrame = CFrame.new(0.0314026, 0, -0.958635, 0.999961, 0, 0.00889902, 0, 1, 0, -0.00889901, 0, 0.99996)
    Left Leg.CFrame = CFrame.new(-0.5, 5.96046e-08, 2.08616e-07, 1.56892e-08, 1, 4.25057e-08, -0.996195, 1.19249e-08, 0.0871556, 0.0871556, -4.37114e-08, 0.996195)
    Right Leg.CFrame = CFrame.new(0.63517, 0.698715, -0.000182446, 0.849637, 0.52737, -4.39082e-07, -0.527369, 0.849636, -8.15088e-09, 4.14385e-07, 1.68338e-07, 1)
    Left Arm.CFrame = CFrame.new(-0.499999, -0.5, 1.66893e-06, -0.866928, 0.494883, -0.0593911, -0.0133228, 0.0961057, 0.995282, 0.498256, 0.863629, -0.0767234)
    Right Arm.CFrame = CFrame.new(0.5, -0.5, 2.71201e-06, -0.939693, -0.34202, -6.90994e-08, 0.0298091, -0.0819, 0.996195, -0.340718, 0.936117, 0.0871561)

[5]
    Time: 0.600000
    HumanoidRootPart.CFrame = CFrame.new(0, 0, 0, 1, 0, 0, 0, 1, 0, 0, 0, 1)
    Torso.CFrame = CFrame.new(0, 0, -1.11, 0.999756, 0, -0.0221329, 0, 1, 0, 0.0221328, 0, 0.999755)
    Left Leg.CFrame = CFrame.new(-0.503696, 0.874047, -0.00437306, 0.962341, 0.271157, -0.0193547, -0.270643, 0.96234, 0.025555, 0.0255553, -0.0193545, 0.999487)
    Right Leg.CFrame = CFrame.new(0.279373, 0.772516, -0.0136389, 0.873618, -0.485937, 0.0256572, 0.484656, 0.873617, 0.0436026, -0.0436027, -0.0256571, 0.99872)
    Left Arm.CFrame = CFrame.new(-0.5, -0.5, 1.37091e-06, -0.866928, 0.494883, -0.0593911, 0.0301538, 0.17101, 0.984808, 0.497521, 0.851966, -0.163176)
    Right Arm.CFrame = CFrame.new(0.499999, -0.5, 3.06964e-06, -0.939693, -0.34202, -6.52897e-08, 6.04026e-08, -3.59918e-07, 1, -0.34202, 0.939692, 3.57579e-07)

[6]
    Time: 0.700000
    HumanoidRootPart.CFrame = CFrame.new(0, 0, 0, 1, 0, 0, 0, 1, 0, 0, 0, 1)
    Torso.CFrame = CFrame.new(0, 0, 0, 1, 0, 0, 0, 1, 0, 0, 0, 1)
    Left Leg.CFrame = CFrame.new(-0.567529, 0.901067, -0.00126073, 0.995391, -0.0954525, -0.00939967, 0.0955331, 0.995389, 0.00854096, 0.00854108, -0.00939959, 0.99992)

[7]
    Time: 0.800000
    HumanoidRootPart.CFrame = CFrame.new(0, 0, 0, 1, 0, 0, 0, 1, 0, 0, 0, 1)
    Torso.CFrame = CFrame.new(0.0314026, 0, -0.958635, 0.999993, 0, 0.00396394, 0, 1, 0, -0.00396394, 0, 0.999992)
    Left Leg.CFrame = CFrame.new(-0.557345, 0.825026, 4.76837e-07, 0.94485, -0.327507, -1.04293e-08, 0.327507, 0.944848, -6.18521e-09, 1.41426e-08, 9.13881e-09, 1)
    Right Leg.CFrame = CFrame.new(0.5, 1.22935e-07, -5.96046e-08, -2.13916e-07, -1, -6.25935e-08, 0.996195, -2.18557e-07, 0.0871556, -0.0871556, -4.37114e-08, 0.996195)
    Left Arm.CFrame = CFrame.new(-0.5, -0.500001, 1.3113e-06, -0.866928, 0.494883, -0.0593911, -0.0133228, 0.0961056, 0.995282, 0.498256, 0.863629, -0.0767234)
    Head.CFrame = CFrame.new(0, 0, 0, 1, 0, 0, 0, 1, 0, 0, 0, 1)
    Right Arm.CFrame = CFrame.new(0.499999, -0.499999, 2.20537e-06, -0.939693, -0.34202, -6.90994e-08, 0.0298089, -0.0818996, 0.996195, -0.340718, 0.936117, 0.0871557)

[8]
    Time: 0.300000
    HumanoidRootPart.CFrame = CFrame.new(0, 0, 0, 1, 0, 0, 0, 1, 0, 0, 0, 1)
    Torso.CFrame = CFrame.new(0, 0, 0, 1, 0, 0, 0, 1, 0, 0, 0, 1)
    Right Leg.CFrame = CFrame.new(0.424431, 0.951053, -0.0114127, 0.999539, 0.0239946, 0.0186557, -0.0243344, 0.999538, 0.0182099, -0.0182101, -0.0186555, 0.999661)

[9]
    Time: 0.500000
    HumanoidRootPart.CFrame = CFrame.new(0, 0, 0, 1, 0, 0, 0, 1, 0, 0, 0, 1)
    Torso.CFrame = CFrame.new(0, 0, 0, 1, 0, 0, 0, 1, 0, 0, 0, 1)
    Right Leg.CFrame = CFrame.new(0.461478, 0.905535, -0.0101709, 0.999542, 0.0239271, 0.0186053, -0.0242652, 0.99954, 0.0181622, -0.0181622, -0.0186053, 0.999663)
