[1]
    Time: 0.000000
    HumanoidRootPart.CFrame = CFrame.new(0, 0, 0, 1, 0, 0, 0, 1, 0, 0, 0, 1)
    Torso.CFrame = CFrame.new(0.0250835, -0.199446, -0.90475, 0.963079, 0.234067, -0.133011, -0.269062, 0.81994, -0.505277, -0.00920794, 0.52241, 0.852645)
    Left Leg.CFrame = CFrame.new(-0.664126, 0.965792, -0.0442429, 0.855719, -0.21918, 0.468727, 0.0258747, 0.922849, 0.384293, -0.516794, -0.316719, 0.79537)
    Right Arm.CFrame = CFrame.new(0.36904, 0.320279, -0.472448, -0.298229, -0.931485, 0.208318, 0.7451, -0.363598, -0.559127, 0.596562, -0.01153, 0.802484)
    Left Arm.CFrame = CFrame.new(-0.379487, 0.291755, -0.450697, -0.289194, 0.934529, -0.207419, -0.735743, -0.355609, -0.57639, -0.612413, -0.0140814, 0.790413)
    Right Leg.CFrame = CFrame.new(0.57552, 1.06451, -0.492154, 0.948101, -0.235283, -0.213884, 0.317345, 0.742307, 0.590145, 0.0199164, -0.627393, 0.778449)
    Head.CFrame = CFrame.new(7.78921e-05, 0.010815, 0.00483739, 0.982108, -0.103599, 0.15726, 0.178501, 0.77823, -0.602077, -0.0600099, 0.619375, 0.782798)

[2]
    Time: 0.016667
    HumanoidRootPart.CFrame = CFrame.new(0, 0, 0, 1, 0, 0, 0, 1, 0, 0, 0, 1)
    Torso.CFrame = CFrame.new(-0.01387, -0.187502, -0.865448, 0.938077, 0.299256, -0.174519, -0.346416, 0.814076, -0.46613, 0.00257947, 0.497722, 0.867333)
    Left Leg.CFrame = CFrame.new(-0.640392, 0.859729, 0.0497396, 0.805622, -0.280884, 0.521611, 0.091639, 0.928946, 0.358695, -0.5853, -0.241173, 0.774119)
    Right Arm.CFrame = CFrame.new(0.412641, 0.258265, -0.442392, -0.387322, -0.914167, 0.119498, 0.775926, -0.39323, -0.493264, 0.497916, -0.0983302, 0.861633)
    Left Arm.CFrame = CFrame.new(-0.418112, 0.207453, -0.419068, -0.346659, 0.932747, -0.0990512, -0.793353, -0.347902, -0.499556, -0.500419, -0.0945928, 0.8606)
    Right Leg.CFrame = CFrame.new(0.484777, 1.05506, -0.531501, 0.916744, -0.355487, -0.182237, 0.39025, 0.699476, 0.598697, -0.0853585, -0.619969, 0.779969)
    Head.CFrame = CFrame.new(0.00047522, 0.0105079, 0.00458622, 0.987299, -0.083788, 0.134982, 0.14788, 0.795204, -0.588032, -0.058068, 0.600525, 0.797495)

[3]
    Time: 0.033333
    HumanoidRootPart.CFrame = CFrame.new(0, 0, 0, 1, 0, 0, 0, 1, 0, 0, 0, 1)
    Torso.CFrame = CFrame.new(-0.0691921, -0.163813, -0.767828, 0.916854, 0.34431, -0.202063, -0.39777, 0.830997, -0.388875, 0.0340203, 0.436916, 0.898859)
    Left Leg.CFrame = CFrame.new(-0.609231, 0.675859, 0.0982417, 0.778554, -0.339331, 0.527929, 0.161256, 0.921138, 0.354261, -0.606507, -0.19068, 0.771875)
    Right Arm.CFrame = CFrame.new(0.482447, 0.12533, -0.340068, -0.470272, -0.879759, -0.0697781, 0.854537, -0.434181, -0.28505, 0.220478, -0.193679, 0.95597)
    Left Arm.CFrame = CFrame.new(-0.480614, 0.0754915, -0.303731, -0.412872, 0.905401, 0.0989274, -0.887, -0.375047, -0.269388, -0.206802, -0.198972, 0.957937)
    Right Leg.CFrame = CFrame.new(0.35089, 1.02628, -0.448302, 0.853831, -0.488202, -0.180644, 0.501964, 0.680273, 0.534098, -0.13786, -0.546706, 0.825898)
    Head.CFrame = CFrame.new(0.00247061, 0.0097107, 0.00411367, 0.997794, -0.0628956, 0.0212313, 0.0641511, 0.831379, -0.551991, 0.0170666, 0.552136, 0.83358)

[4]
    Time: 0.050000
    HumanoidRootPart.CFrame = CFrame.new(0, 0, 0, 1, 0, 0, 0, 1, 0, 0, 0, 1)
    Torso.CFrame = CFrame.new(-0.115206, -0.133427, -0.640074, 0.898008, 0.38429, -0.214249, -0.434352, 0.851945, -0.292451, 0.0701421, 0.355683, 0.931971)
    Left Leg.CFrame = CFrame.new(-0.550833, 0.466033, 0.0981096, 0.774068, -0.390145, 0.498604, 0.226456, 0.906075, 0.357415, -0.591216, -0.163752, 0.789714)
    Right Arm.CFrame = CFrame.new(0.513802, -0.00109637, -0.186626, -0.45267, -0.851946, -0.263208, 0.886077, -0.462817, -0.0258555, -0.0997897, -0.244927, 0.964393)
    Left Arm.CFrame = CFrame.new(-0.50472, -0.0288864, -0.148106, -0.389297, 0.875477, 0.286335, -0.914468, -0.404612, -0.00618627, 0.110439, -0.264253, 0.958109)
    Right Leg.CFrame = CFrame.new(0.223611, 0.945518, -0.223246, 0.776481, -0.589745, -0.221986, 0.627945, 0.694794, 0.350637, -0.0525516, -0.411658, 0.909822)
    Head.CFrame = CFrame.new(0.00467179, 0.00832716, 0.00367987, 0.993989, -0.0271455, -0.106059, -0.0276494, 0.875119, -0.483117, 0.105929, 0.483145, 0.869109)

[5]
    Time: 0.066667
    HumanoidRootPart.CFrame = CFrame.new(0, 0, 0, 1, 0, 0, 0, 1, 0, 0, 0, 1)
    Torso.CFrame = CFrame.new(-0.125654, -0.103104, -0.505808, 0.877802, 0.430772, -0.209521, -0.469576, 0.860253, -0.198652, 0.0946676, 0.272764, 0.957412)
    Left Leg.CFrame = CFrame.new(-0.459951, 0.279806, 0.064361, 0.783668, -0.426897, 0.451247, 0.281926, 0.891738, 0.354006, -0.553518, -0.150205, 0.81918)
    Right Arm.CFrame = CFrame.new(0.488436, -0.0858231, -0.0847601, -0.347114, -0.868079, -0.354896, 0.897167, -0.417585, 0.143923, -0.273136, -0.268444, 0.923761)
    Left Arm.CFrame = CFrame.new(-0.480619, -0.0929297, -0.0707986, -0.294959, 0.886525, 0.356473, -0.923975, -0.359687, 0.129985, 0.243453, -0.291032, 0.925219)
    Right Leg.CFrame = CFrame.new(0.123151, 0.805036, 0.00397098, 0.712674, -0.631795, -0.304847, 0.685857, 0.718801, 0.113688, 0.147297, -0.290104, 0.945592)
    Head.CFrame = CFrame.new(0.00577971, 0.00670381, 0.00319755, 0.98521, 0.0119326, -0.170938, -0.0797423, 0.914898, -0.395732, 0.151669, 0.40351, 0.902317)

[6]
    Time: 0.083333
    HumanoidRootPart.CFrame = CFrame.new(0, 0, 0, 1, 0, 0, 0, 1, 0, 0, 0, 1)
    Torso.CFrame = CFrame.new(-0.0887173, -0.0799948, -0.380818, 0.851364, 0.489542, -0.18849, -0.515456, 0.847402, -0.127336, 0.0973902, 0.205567, 0.973785)
    Left Leg.CFrame = CFrame.new(-0.348745, 0.146685, 0.0198882, 0.79679, -0.444793, 0.409005, 0.319833, 0.884726, 0.339068, -0.512672, -0.139352, 0.8472)
    Right Arm.CFrame = CFrame.new(0.422044, -0.153933, -0.0564749, -0.129653, -0.922677, -0.363122, 0.945721, -0.225128, 0.23437, -0.297997, -0.313025, 0.901783)
    Left Arm.CFrame = CFrame.new(-0.397236, -0.168913, -0.106184, -0.0946751, 0.967551, 0.234269, -0.966623, -0.145623, 0.210795, 0.23807, -0.206493, 0.949043)
    Right Leg.CFrame = CFrame.new(0.0814663, 0.714783, 0.0921777, 0.691799, -0.614786, -0.37875, 0.669118, 0.74298, 0.0161634, 0.271467, -0.264611, 0.925358)
    Head.CFrame = CFrame.new(0.0057058, 0.00535542, 0.00265348, 0.985912, 0.0148006, -0.166611, -0.0677086, 0.946135, -0.316613, 0.152951, 0.323433, 0.933808)

[7]
    Time: 0.100000
    HumanoidRootPart.CFrame = CFrame.new(0, 0, 0, 1, 0, 0, 0, 1, 0, 0, 0, 1)
    Torso.CFrame = CFrame.new(-0.0191674, -0.064415, -0.26953, 0.821157, 0.548939, -0.1561, -0.564335, 0.821775, -0.0788166, 0.0850136, 0.152814, 0.984592)
    Left Leg.CFrame = CFrame.new(-0.230157, 0.062072, -0.0275056, 0.815072, -0.441966, 0.374597, 0.335411, 0.887168, 0.316912, -0.472395, -0.132662, 0.871346)
    Right Arm.CFrame = CFrame.new(0.333866, -0.207295, -0.0450708, 0.207013, -0.917057, -0.340812, 0.942005, 0.0927853, 0.322519, -0.264145, -0.387812, 0.883079)
    Left Arm.CFrame = CFrame.new(-0.243269, -0.242598, -0.163369, 0.21731, 0.973954, -0.0647301, -0.928237, 0.22671, 0.294922, 0.301916, -0.00400477, 0.953326)
    Right Leg.CFrame = CFrame.new(0.0771832, 0.668279, 0.0992883, 0.691827, -0.582286, -0.426988, 0.656527, 0.753429, 0.0362814, 0.300579, -0.30543, 0.903529)
    Head.CFrame = CFrame.new(0.00534152, 0.00427003, 0.00222254, 0.98928, -0.0154533, -0.145211, -0.0213604, 0.968377, -0.248576, 0.144461, 0.249013, 0.957666)

[8]
    Time: 0.116667
    HumanoidRootPart.CFrame = CFrame.new(0, 0, 0, 1, 0, 0, 0, 1, 0, 0, 0, 1)
    Torso.CFrame = CFrame.new(0.069038, -0.0534089, -0.175094, 0.795311, 0.594641, -0.117824, -0.602591, 0.796679, -0.0467593, 0.0660627, 0.108188, 0.991933)
    Left Leg.CFrame = CFrame.new(-0.112563, 0.0166485, -0.0751565, 0.845188, -0.416231, 0.335274, 0.327947, 0.899207, 0.289616, -0.422028, -0.134828, 0.896501)
    Right Arm.CFrame = CFrame.new(0.256791, -0.23676, -0.0429881, 0.543499, -0.783753, -0.300566, 0.820213, 0.419718, 0.388699, -0.178491, -0.457786, 0.870961)
    Left Arm.CFrame = CFrame.new(-0.0889524, -0.266767, -0.199973, 0.47274, 0.798052, -0.37367, -0.760956, 0.583547, 0.283584, 0.444369, 0.150285, 0.883148)
    Right Leg.CFrame = CFrame.new(0.0584197, 0.59786, 0.0795062, 0.67658, -0.572733, -0.462835, 0.678528, 0.729079, 0.089687, 0.286077, -0.374727, 0.881896)
    Head.CFrame = CFrame.new(0.00497252, 0.00323075, 0.00188851, 0.991318, -0.0445517, -0.123711, 0.0212481, 0.982761, -0.183655, 0.12976, 0.179431, 0.975175)

[9]
    Time: 0.133333
    HumanoidRootPart.CFrame = CFrame.new(0, 0, 0, 1, 0, 0, 0, 1, 0, 0, 0, 1)
    Torso.CFrame = CFrame.new(0.162038, -0.0426232, -0.101208, 0.785084, 0.614309, -0.0791655, -0.617505, 0.786238, -0.0227464, 0.0482696, 0.066743, 0.996602)
    Left Leg.CFrame = CFrame.new(0.0410317, 0.0139996, -0.130687, 0.897873, -0.343174, 0.275783, 0.275245, 0.926461, 0.256732, -0.343606, -0.154604, 0.9263)
    Right Arm.CFrame = CFrame.new(0.220104, -0.246847, -0.0399296, 0.76845, -0.578328, -0.273899, 0.636239, 0.644733, 0.423697, -0.0684441, -0.499855, 0.8634)
    Left Arm.CFrame = CFrame.new(-0.0285514, -0.251961, -0.238619, 0.601525, 0.608072, -0.518088, -0.592609, 0.774566, 0.221049, 0.535707, 0.174057, 0.82627)
    Right Leg.CFrame = CFrame.new(-0.0299952, 0.440666, 0.0521791, 0.606353, -0.6172, -0.501398, 0.755057, 0.644669, 0.119549, 0.24945, -0.451073, 0.856918)
    Head.CFrame = CFrame.new(0.00470429, 0.00211331, 0.00164497, 0.993496, -0.0361159, -0.107992, 0.0231447, 0.99262, -0.119038, 0.111494, 0.115764, 0.986999)

[10]
    Time: 0.150000
    HumanoidRootPart.CFrame = CFrame.new(0, 0, 0, 1, 0, 0, 0, 1, 0, 0, 0, 1)
    Torso.CFrame = CFrame.new(0.252605, -0.0295072, -0.0514593, 0.786424, 0.616066, -0.0447222, -0.616624, 0.787256, 0.00164657, 0.0362222, 0.0262819, 0.998998)
    Left Leg.CFrame = CFrame.new(0.0781888, 0.0137156, -0.134281, 0.924387, -0.321242, 0.205699, 0.276628, 0.935837, 0.218372, -0.26265, -0.144958, 0.95394)
    Right Arm.CFrame = CFrame.new(0.221654, -0.248151, -0.0290607, 0.878753, -0.383731, -0.283804, 0.474689, 0.764529, 0.43608, 0.0496392, -0.517925, 0.853984)
    Left Arm.CFrame = CFrame.new(-0.0428606, -0.229074, -0.285025, 0.679504, 0.495538, -0.541033, -0.487102, 0.856161, 0.172398, 0.548641, 0.146393, 0.823142)
    Right Leg.CFrame = CFrame.new(-0.192098, 0.197626, 0.00245202, 0.470417, -0.696619, -0.541692, 0.86535, 0.484404, 0.128542, 0.172853, -0.529221, 0.830691)
    Head.CFrame = CFrame.new(0.00445923, 0.000990614, 0.00148797, 0.995487, 0.015399, -0.0936389, -0.021041, 0.998003, -0.0595672, 0.0925345, 0.0612686, 0.993823)

[11]
    Time: 0.166667
    HumanoidRootPart.CFrame = CFrame.new(0, 0, 0, 1, 0, 0, 0, 1, 0, 0, 0, 1)
    Torso.CFrame = CFrame.new(0.338978, -0.017304, -0.0231395, 0.787356, 0.616292, -0.0159757, -0.615873, 0.78746, 0.0246278, 0.0277581, -0.00955184, 0.999569)
    Left Leg.CFrame = CFrame.new(0.056144, -0.00349891, -0.121189, 0.930735, -0.33486, 0.146972, 0.307978, 0.934457, 0.178716, -0.197183, -0.121073, 0.972862)
    Right Arm.CFrame = CFrame.new(0.235299, -0.248648, -0.0127082, 0.922191, -0.223252, -0.315789, 0.350414, 0.827842, 0.438049, 0.163629, -0.514622, 0.841659)
    Left Arm.CFrame = CFrame.new(-0.0624487, -0.212437, -0.318944, 0.727744, 0.409249, -0.550367, -0.402761, 0.904529, 0.140035, 0.555133, 0.119757, 0.823096)
    Right Leg.CFrame = CFrame.new(-0.234985, 0.187329, -0.0115909, 0.420388, -0.695161, -0.583117, 0.890896, 0.438054, 0.120052, 0.171982, -0.569965, 0.803469)
    Head.CFrame = CFrame.new(0.00419595, -5.31343e-06, 0.00140536, 0.993895, 0.0773692, -0.0786555, -0.0783105, 0.996889, -0.00894912, 0.0777184, 0.015054, 0.996862)

[12]
    Time: 0.183333
    HumanoidRootPart.CFrame = CFrame.new(0, 0, 0, 1, 0, 0, 0, 1, 0, 0, 0, 1)
    Torso.CFrame = CFrame.new(0.41569, -0.009356, -0.0105267, 0.788039, 0.615591, 0.00655433, -0.615304, 0.787239, 0.0406973, 0.019893, -0.0361039, 0.99915)
    Left Leg.CFrame = CFrame.new(0.0390309, -0.0192517, -0.112292, 0.934152, -0.342471, 0.100364, 0.327141, 0.934145, 0.142662, -0.142612, -0.100435, 0.98467)
    Right Arm.CFrame = CFrame.new(0.249867, -0.248197, 0.00384247, 0.92901, -0.120129, -0.350013, 0.275242, 0.856529, 0.436578, 0.247351, -0.501923, 0.828789)
    Left Arm.CFrame = CFrame.new(-0.0859292, -0.199565, -0.341604, 0.751478, 0.366847, -0.548365, -0.36035, 0.924455, 0.124623, 0.552656, 0.103952, 0.826901)
    Right Leg.CFrame = CFrame.new(-0.275574, 0.156389, -0.027502, 0.339294, -0.697421, -0.631256, 0.919101, 0.388696, 0.0645699, 0.200334, -0.602096, 0.772882)
    Head.CFrame = CFrame.new(0.00402167, -0.000853186, 0.00139225, 0.989152, 0.129585, -0.0691775, -0.127476, 0.991255, 0.0340984, 0.0729912, -0.02491, 0.997021)

[13]
    Time: 0.200000
    HumanoidRootPart.CFrame = CFrame.new(0, 0, 0, 1, 0, 0, 0, 1, 0, 0, 0, 1)
    Torso.CFrame = CFrame.new(0.47732, -0.00898579, -0.00779653, 0.788473, 0.614661, 0.0224181, -0.614994, 0.787281, 0.0444009, 0.00964221, -0.0487959, 0.998762)
    Left Leg.CFrame = CFrame.new(0.0264632, -0.0292549, -0.105191, 0.938309, -0.339416, 0.0661319, 0.330588, 0.936574, 0.116362, -0.101433, -0.0873214, 0.991003)
    Right Arm.CFrame = CFrame.new(0.256519, -0.247514, 0.013427, 0.926518, -0.0840534, -0.366741, 0.251653, 0.863053, 0.437962, 0.279704, -0.498071, 0.820787)
    Left Arm.CFrame = CFrame.new(-0.111999, -0.187295, -0.354272, 0.75215, 0.382054, -0.536942, -0.376122, 0.917927, 0.126266, 0.541113, 0.106984, 0.834117)
    Right Leg.CFrame = CFrame.new(-0.301281, 0.116634, -0.0427271, 0.249078, -0.7028, -0.666357, 0.939894, 0.341355, -0.00870008, 0.233579, -0.624138, 0.745582)
    Head.CFrame = CFrame.new(0.00410369, -0.00154806, 0.00145745, 0.985408, 0.153114, -0.0743468, -0.147857, 0.986404, 0.0717307, 0.084319, -0.0596914, 0.994649)

[14]
    Time: 0.216667
    HumanoidRootPart.CFrame = CFrame.new(0, 0, 0, 1, 0, 0, 0, 1, 0, 0, 0, 1)
    Torso.CFrame = CFrame.new(0.521524, -0.0156944, -0.0155852, 0.789357, 0.612985, 0.0341436, -0.61393, 0.788355, 0.0398332, -0.00250009, -0.0524044, 0.998623)
    Left Leg.CFrame = CFrame.new(-0.0839573, -0.0649505, -0.0927894, 0.919557, -0.390647, 0.0425343, 0.384864, 0.917183, 0.103221, -0.0793346, -0.0785476, 0.993749)
    Right Arm.CFrame = CFrame.new(0.279651, -0.235756, 0.0196329, 0.916779, -0.124958, -0.379345, 0.295748, 0.850723, 0.434516, 0.268421, -0.510545, 0.81688)
    Left Arm.CFrame = CFrame.new(-0.142826, -0.171071, -0.363601, 0.730787, 0.43982, -0.522023, -0.435187, 0.889373, 0.1401, 0.525892, 0.124794, 0.841347)
    Right Leg.CFrame = CFrame.new(-0.308192, 0.11219, -0.0476573, 0.21335, -0.707657, -0.673575, 0.95438, 0.298384, -0.0111889, 0.208902, -0.64046, 0.739034)
    Head.CFrame = CFrame.new(0.00438719, -0.00204259, 0.00156641, 0.983905, 0.153868, -0.0908596, -0.144647, 0.984355, 0.100608, 0.104918, -0.0858461, 0.990769)

[15]
    Time: 0.233333
    HumanoidRootPart.CFrame = CFrame.new(0, 0, 0, 1, 0, 0, 0, 1, 0, 0, 0, 1)
    Torso.CFrame = CFrame.new(0.550881, -0.0267711, -0.0351055, 0.792334, 0.608511, 0.0438238, -0.609915, 0.791773, 0.0331594, -0.0145207, -0.0530021, 0.998489)
    Left Leg.CFrame = CFrame.new(-0.215069, -0.092765, -0.0874981, 0.890376, -0.454547, 0.0248436, 0.45015, 0.887265, 0.100629, -0.0677838, -0.0784147, 0.994614)
    Right Arm.CFrame = CFrame.new(0.335768, -0.201612, 0.0275643, 0.884234, -0.229386, -0.406831, 0.402853, 0.815327, 0.415876, 0.236304, -0.531624, 0.813349)
    Left Arm.CFrame = CFrame.new(-0.179729, -0.147757, -0.374347, 0.693795, 0.513368, -0.505075, -0.509768, 0.845471, 0.159112, 0.508709, 0.14708, 0.848282)
    Right Leg.CFrame = CFrame.new(-0.310493, 0.133898, -0.0479221, 0.215362, -0.707596, -0.672999, 0.964696, 0.261143, 0.0341385, 0.151593, -0.656592, 0.738855)
    Head.CFrame = CFrame.new(0.00467136, -0.00236154, 0.00167096, 0.982791, 0.150317, -0.107366, -0.137294, 0.983252, 0.119855, 0.123584, -0.103051, 0.986969)

[16]
    Time: 0.250000
    HumanoidRootPart.CFrame = CFrame.new(0, 0, 0, 1, 0, 0, 0, 1, 0, 0, 0, 1)
    Torso.CFrame = CFrame.new(0.567501, -0.0421985, -0.0615184, 0.79871, 0.599592, 0.0505048, -0.601104, 0.798866, 0.022069, -0.0271142, -0.0479854, 0.99848)
    Left Leg.CFrame = CFrame.new(-0.310166, -0.0986216, -0.0898349, 0.869196, -0.494382, 0.00915598, 0.490716, 0.864731, 0.106952, -0.0607929, -0.0884696, 0.994222)
    Right Arm.CFrame = CFrame.new(0.40333, -0.147654, 0.0320374, 0.822338, -0.364179, -0.437189, 0.537122, 0.750401, 0.385225, 0.187776, -0.551609, 0.812691)
    Left Arm.CFrame = CFrame.new(-0.21994, -0.117384, -0.384717, 0.643775, 0.594894, -0.481306, -0.592485, 0.785563, 0.178471, 0.484267, 0.170271, 0.858192)
    Right Leg.CFrame = CFrame.new(-0.311193, 0.165295, -0.0499804, 0.235258, -0.700974, -0.673268, 0.967859, 0.232319, 0.0963174, 0.0888967, -0.674288, 0.733098)
    Head.CFrame = CFrame.new(0.00491899, -0.0026062, 0.00176573, 0.982183, 0.143192, -0.121709, -0.126511, 0.982704, 0.135231, 0.138968, -0.117424, 0.98331)

[17]
    Time: 0.266667
    HumanoidRootPart.CFrame = CFrame.new(0, 0, 0, 1, 0, 0, 0, 1, 0, 0, 0, 1)
    Torso.CFrame = CFrame.new(0.573647, -0.0619823, -0.0900054, 0.809667, 0.584453, 0.0534365, -0.585466, 0.810686, 0.00420758, -0.0408611, -0.034692, 0.998562)
    Left Leg.CFrame = CFrame.new(-0.38817, -0.0873007, -0.0974417, 0.857054, -0.515166, -0.00782989, 0.512199, 0.850276, 0.121176, -0.0557681, -0.107865, 0.9926)
    Right Arm.CFrame = CFrame.new(0.462852, -0.0839583, 0.0298352, 0.736693, -0.495856, -0.459794, 0.663485, 0.661387, 0.349793, 0.130654, -0.562756, 0.816232)
    Left Arm.CFrame = CFrame.new(-0.260952, -0.0812369, -0.392438, 0.584992, 0.676746, -0.44699, -0.675948, 0.711388, 0.192409, 0.448195, 0.189584, 0.873601)
    Right Leg.CFrame = CFrame.new(-0.312808, 0.189638, -0.0566947, 0.254366, -0.685974, -0.681716, 0.96591, 0.215276, 0.143785, 0.0481243, -0.695051, 0.717348)
    Head.CFrame = CFrame.new(0.00508969, -0.00287674, 0.00185382, 0.982281, 0.133507, -0.131527, -0.113037, 0.98183, 0.15242, 0.149486, -0.134852, 0.979525)

[18]
    Time: 0.283333
    HumanoidRootPart.CFrame = CFrame.new(0, 0, 0, 1, 0, 0, 0, 1, 0, 0, 0, 1)
    Torso.CFrame = CFrame.new(0.5558, -0.0862111, -0.119043, 0.826178, 0.560988, 0.0521754, -0.560614, 0.82776, -0.022934, -0.0560544, -0.0103027, 0.998375)
    Left Leg.CFrame = CFrame.new(-0.448151, -0.0550797, -0.105587, 0.854878, -0.518497, -0.0185682, 0.51485, 0.843355, 0.153888, -0.0641305, -0.141115, 0.987914)
    Right Arm.CFrame = CFrame.new(0.504291, -0.0252421, 0.0211467, 0.644603, -0.603331, -0.469552, 0.760999, 0.565219, 0.318447, 0.0732704, -0.5626, 0.823476)
    Left Arm.CFrame = CFrame.new(-0.301196, -0.0419512, -0.39483, 0.522143, 0.753341, -0.399805, -0.754143, 0.626757, 0.196073, 0.39829, 0.199132, 0.895384)
    Right Leg.CFrame = CFrame.new(-0.31485, 0.197684, -0.0664065, 0.27322, -0.660601, -0.699254, 0.960497, 0.227303, 0.160557, 0.0528788, -0.715499, 0.696609)
    Head.CFrame = CFrame.new(0.00508932, -0.00312256, 0.00189734, 0.984, 0.120428, -0.131303, -0.0975735, 0.980876, 0.168411, 0.149074, -0.152904, 0.976933)

[19]
    Time: 0.300000
    HumanoidRootPart.CFrame = CFrame.new(0, 0, 0, 1, 0, 0, 0, 1, 0, 0, 0, 1)
    Torso.CFrame = CFrame.new(0.504498, -0.115109, -0.16024, 0.848872, 0.526526, 0.0467577, -0.52361, 0.849689, -0.0621315, -0.0724433, 0.0282589, 0.996972)
    Left Leg.CFrame = CFrame.new(-0.503353, 0.00419062, -0.110205, 0.858801, -0.512139, -0.0132075, 0.502749, 0.837538, 0.213948, -0.0985095, -0.190379, 0.976756)
    Right Arm.CFrame = CFrame.new(0.530955, 0.0240821, 0.00520945, 0.551976, -0.690967, -0.466783, 0.833624, 0.470584, 0.289176, 0.019849, -0.54874, 0.835758)
    Left Arm.CFrame = CFrame.new(-0.339946, -0.00131455, -0.390619, 0.454924, 0.822935, -0.340326, -0.825094, 0.53329, 0.186608, 0.335059, 0.195908, 0.921605)
    Right Leg.CFrame = CFrame.new(-0.30922, 0.207553, -0.0760339, 0.308076, -0.62183, -0.720012, 0.945265, 0.285618, 0.157786, 0.107533, -0.729212, 0.675786)
    Head.CFrame = CFrame.new(0.00485618, -0.00299605, 0.00181592, 0.98778, 0.102487, -0.117421, -0.0826474, 0.983179, 0.162878, 0.132139, -0.151183, 0.979634)

[20]
    Time: 0.316667
    HumanoidRootPart.CFrame = CFrame.new(0, 0, 0, 1, 0, 0, 0, 1, 0, 0, 0, 1)
    Torso.CFrame = CFrame.new(0.42841, -0.149034, -0.228857, 0.877759, 0.477594, 0.0379906, -0.470793, 0.874523, -0.11646, -0.0888442, 0.0843378, 0.992469)
    Left Leg.CFrame = CFrame.new(-0.567513, 0.101397, -0.115057, 0.867771, -0.496779, 0.0135789, 0.470754, 0.830453, 0.29789, -0.159262, -0.252108, 0.954504)
    Right Arm.CFrame = CFrame.new(0.547251, 0.0649495, -0.0202633, 0.456465, -0.76746, -0.450161, 0.889384, 0.379244, 0.255283, -0.0251984, -0.516893, 0.855679)
    Left Arm.CFrame = CFrame.new(-0.376921, 0.0398218, -0.379439, 0.380558, 0.884611, -0.269518, -0.887854, 0.43102, 0.161049, 0.258634, 0.178004, 0.949433)
    Right Leg.CFrame = CFrame.new(-0.19217, 0.621429, -0.0604841, 0.483485, -0.469249, -0.73895, 0.796753, 0.585524, 0.149484, 0.362528, -0.661034, 0.656968)
    Head.CFrame = CFrame.new(0.00440571, -0.00212741, 0.00158095, 0.992606, 0.0804446, -0.0908961, -0.0698426, 0.990984, 0.114339, 0.0992745, -0.107145, 0.989275)

[21]
    Time: 0.333333
    HumanoidRootPart.CFrame = CFrame.new(0, 0, 0, 1, 0, 0, 0, 1, 0, 0, 0, 1)
    Torso.CFrame = CFrame.new(0.336591, -0.188357, -0.340897, 0.911729, 0.409842, 0.0279277, -0.397781, 0.897784, -0.189085, -0.102568, 0.161285, 0.981564)
    Left Leg.CFrame = CFrame.new(-0.633541, 0.25705, -0.128198, 0.881583, -0.465851, 0.0761231, 0.401085, 0.824309, 0.399557, -0.248883, -0.321711, 0.913542)
    Right Arm.CFrame = CFrame.new(0.55546, 0.100242, -0.0582649, 0.352489, -0.838547, -0.415441, 0.934184, 0.289098, 0.209098, -0.0552354, -0.461803, 0.885261)
    Left Arm.CFrame = CFrame.new(-0.412386, 0.0810953, -0.360768, 0.294977, 0.936964, -0.187315, -0.940498, 0.319318, 0.116187, 0.168676, 0.141897, 0.975404)
    Right Leg.CFrame = CFrame.new(-0.112678, 0.785157, -0.0369456, 0.568773, -0.345501, -0.746408, 0.648032, 0.747097, 0.147988, 0.50651, -0.567868, 0.648825)
    Head.CFrame = CFrame.new(0.00379393, -8.2612e-05, 0.00133061, 0.996905, 0.0560452, -0.055135, -0.0562341, 0.998416, -0.00188201, 0.0549422, 0.00497663, 0.998477)

[22]
    Time: 0.350000
    HumanoidRootPart.CFrame = CFrame.new(0, 0, 0, 1, 0, 0, 0, 1, 0, 0, 0, 1)
    Torso.CFrame = CFrame.new(0.221789, -0.222307, -0.500089, 0.949779, 0.312788, 0.00910785, -0.296846, 0.909818, -0.290024, -0.0990025, 0.272755, 0.956976)
    Left Leg.CFrame = CFrame.new(-0.673891, 0.489734, -0.152971, 0.906731, -0.381459, 0.179799, 0.256257, 0.837009, 0.483475, -0.334919, -0.392307, 0.856694)
    Right Arm.CFrame = CFrame.new(0.544455, 0.142381, -0.158239, 0.188012, -0.934296, -0.302891, 0.982164, 0.17958, 0.0557245, 0.00232982, -0.307965, 0.951395)
    Left Arm.CFrame = CFrame.new(-0.424634, 0.136677, -0.36527, 0.165543, 0.975869, -0.14239, -0.986202, 0.163643, -0.0250317, -0.00112654, 0.144569, 0.989494)
    Right Leg.CFrame = CFrame.new(0.0461217, 0.903215, -0.038305, 0.676486, -0.218847, -0.703187, 0.488378, 0.847988, 0.20592, 0.551229, -0.482723, 0.680533)
    Head.CFrame = CFrame.new(0.00307031, 0.00313545, 0.00150561, 0.998791, 0.0473423, -0.0132103, -0.0489765, 0.981241, -0.186461, 0.00413493, 0.186883, 0.982374)

[23]
    Time: 0.366667
    HumanoidRootPart.CFrame = CFrame.new(0, 0, 0, 1, 0, 0, 0, 1, 0, 0, 0, 1)
    Torso.CFrame = CFrame.new(0.0948546, -0.242815, -0.677997, 0.982589, 0.185532, -0.00987492, -0.173626, 0.898019, -0.404247, -0.0661328, 0.398923, 0.914597)
    Left Leg.CFrame = CFrame.new(-0.647244, 0.745937, -0.197063, 0.928411, -0.227742, 0.293577, 0.0495993, 0.859022, 0.509531, -0.36823, -0.458493, 0.808821)
    Right Arm.CFrame = CFrame.new(0.489888, 0.213661, -0.308299, -0.020818, -0.996109, -0.0856348, 0.975858, -0.00161889, -0.218402, 0.217413, -0.088114, 0.972094)
    Left Arm.CFrame = CFrame.new(-0.407921, 0.208169, -0.399493, -0.00400828, 0.986725, -0.16235, -0.963607, -0.0472071, -0.263122, -0.267293, 0.155387, 0.951004)
    Right Leg.CFrame = CFrame.new(0.316403, 0.993507, -0.114937, 0.819541, -0.0915106, -0.565667, 0.328074, 0.884292, 0.332258, 0.46981, -0.457879, 0.754735)
    Head.CFrame = CFrame.new(0.00254471, 0.00666824, 0.0024879, 0.998132, 0.0586892, 0.0169986, -0.0474351, 0.919651, -0.389862, -0.0385134, 0.388327, 0.920716)

[24]
    Time: 0.383333
    HumanoidRootPart.CFrame = CFrame.new(0, 0, 0, 1, 0, 0, 0, 1, 0, 0, 0, 1)
    Torso.CFrame = CFrame.new(-0.00674855, -0.253409, -0.831312, 0.998899, 0.045877, -0.00979499, -0.0446977, 0.867414, -0.495576, -0.0142392, 0.495469, 0.868509)
    Left Leg.CFrame = CFrame.new(-0.569458, 0.934291, -0.261296, 0.932088, -0.0452647, 0.359392, -0.148899, 0.856585, 0.494057, -0.330213, -0.514018, 0.791673)
    Right Arm.CFrame = CFrame.new(0.409979, 0.294535, -0.422865, -0.176788, -0.976496, 0.123294, 0.862288, -0.214059, -0.458953, 0.474558, 0.0251774, 0.879864)
    Left Arm.CFrame = CFrame.new(-0.385203, 0.27127, -0.433191, -0.164838, 0.965837, -0.19997, -0.84503, -0.242853, -0.47639, -0.508678, 0.0904536, 0.856192)
    Right Leg.CFrame = CFrame.new(0.5834, 1.03507, -0.227229, 0.922253, 0.0152556, -0.386285, 0.172654, 0.877776, 0.446877, 0.345889, -0.478828, 0.806898)
    Head.CFrame = CFrame.new(0.00240427, 0.00939056, 0.00389612, 0.997466, 0.0666072, 0.0250141, -0.0421723, 0.83664, -0.546127, -0.0573037, 0.543688, 0.837329)

[25]
    Time: 0.400000
    HumanoidRootPart.CFrame = CFrame.new(0, 0, 0, 1, 0, 0, 0, 1, 0, 0, 0, 1)
    Torso.CFrame = CFrame.new(-0.0465233, -0.256477, -0.897452, 0.996369, -0.0839635, 0.0141115, 0.0785981, 0.84336, -0.53157, 0.0327314, 0.530749, 0.846897)
    Left Leg.CFrame = CFrame.new(-0.524825, 1.0024, -0.335862, 0.940906, 0.104898, 0.322015, -0.261796, 0.828473, 0.495071, -0.214849, -0.550117, 0.806977)
    Right Arm.CFrame = CFrame.new(0.368992, 0.322408, -0.470974, -0.286788, -0.935093, 0.208218, 0.750549, -0.354385, -0.557752, 0.595339, -0.00367885, 0.803466)
    Left Arm.CFrame = CFrame.new(-0.379535, 0.289666, -0.452225, -0.300627, 0.930898, -0.207491, -0.730249, -0.364607, -0.577753, -0.613482, -0.0221681, 0.789398)
    Right Leg.CFrame = CFrame.new(0.69833, 1.02998, -0.231819, 0.930874, 0.113674, -0.347206, 0.0714413, 0.875378, 0.478132, 0.358287, -0.469885, 0.806745)
    Head.CFrame = CFrame.new(0.00229167, 0.0104765, 0.00463939, 0.997797, 0.0583707, 0.0315419, -0.0272807, 0.7943, -0.606914, -0.0604797, 0.604716, 0.794142)

[26]
    Time: 0.416667
    HumanoidRootPart.CFrame = CFrame.new(0, 0, 0, 1, 0, 0, 0, 1, 0, 0, 0, 1)
    Torso.CFrame = CFrame.new(-0.0110168, -0.2394, -0.859245, 0.979954, -0.188537, 0.0643694, 0.195165, 0.843619, -0.500217, 0.0400063, 0.502753, 0.863504)
    Left Leg.CFrame = CFrame.new(-0.458356, 1.01549, -0.398934, 0.932919, 0.252674, 0.256551, -0.352415, 0.786972, 0.506438, -0.0739345, -0.562878, 0.823227)
    Right Arm.CFrame = CFrame.new(0.411393, 0.246995, -0.445261, -0.404742, -0.905885, 0.124724, 0.775528, -0.412321, -0.478066, 0.484499, -0.0967662, 0.869424)
    Left Arm.CFrame = CFrame.new(-0.42166, 0.221205, -0.426304, -0.429598, 0.895087, -0.119432, -0.741895, -0.425246, -0.518419, -0.514818, -0.134106, 0.846746)
    Right Leg.CFrame = CFrame.new(0.686834, 0.941164, -0.10038, 0.87345, 0.216087, -0.43634, 0.00106735, 0.89528, 0.445502, 0.486914, -0.38959, 0.781751)
    Head.CFrame = CFrame.new(0.00165448, 0.0102825, 0.0044421, 0.996831, 0.0410434, 0.0681418, 0.00725296, 0.806151, -0.591666, -0.0792165, 0.590285, 0.803298)

[27]
    Time: 0.433333
    HumanoidRootPart.CFrame = CFrame.new(0, 0, 0, 1, 0, 0, 0, 1, 0, 0, 0, 1)
    Torso.CFrame = CFrame.new(0.0608757, -0.195346, -0.764395, 0.953092, -0.274923, 0.126619, 0.302596, 0.855584, -0.420014, 0.00713842, 0.438627, 0.898641)
    Left Leg.CFrame = CFrame.new(-0.325333, 1.00619, -0.371292, 0.872826, 0.427676, 0.235094, -0.487437, 0.740158, 0.463218, 0.0241008, -0.518902, 0.854494)
    Right Arm.CFrame = CFrame.new(0.485208, 0.111195, -0.328742, -0.469743, -0.879168, -0.0800353, 0.863473, -0.438697, -0.248918, 0.18373, -0.186036, 0.965212)
    Left Arm.CFrame = CFrame.new(-0.4861, 0.0923062, -0.321146, -0.506831, 0.859223, 0.0696968, -0.829087, -0.463715, -0.312383, -0.236087, -0.21611, 0.947396)
    Right Leg.CFrame = CFrame.new(0.659094, 0.745153, 0.0235269, 0.824858, 0.3073, -0.474527, -0.0985244, 0.90466, 0.414587, 0.556688, -0.295224, 0.776493)
    Head.CFrame = CFrame.new(0.000636633, 0.0095493, 0.00391102, 0.991772, 0.0214774, 0.1262, 0.0511176, 0.837379, -0.544228, -0.117366, 0.546201, 0.829391)

[28]
    Time: 0.450000
    HumanoidRootPart.CFrame = CFrame.new(0, 0, 0, 1, 0, 0, 0, 1, 0, 0, 0, 1)
    Torso.CFrame = CFrame.new(0.126885, -0.13643, -0.640136, 0.918676, -0.35427, 0.17472, 0.392966, 0.864615, -0.31308, -0.0401511, 0.356278, 0.933517)
    Left Leg.CFrame = CFrame.new(-0.199673, 0.926218, -0.200513, 0.781579, 0.571174, 0.250786, -0.623795, 0.717954, 0.308905, -0.00361426, -0.397873, 0.917434)
    Right Arm.CFrame = CFrame.new(0.514139, -0.00290135, -0.167233, -0.413192, -0.865997, -0.281639, 0.900611, -0.434388, 0.0143917, -0.134804, -0.247701, 0.959413)
    Left Arm.CFrame = CFrame.new(-0.510138, -0.0252901, -0.167677, -0.46683, 0.844036, 0.263955, -0.880549, -0.471271, -0.0503759, 0.0818754, -0.255942, 0.963219)
    Right Leg.CFrame = CFrame.new(0.586749, 0.507262, 0.088048, 0.79472, 0.377359, -0.475416, -0.194186, 0.900156, 0.389886, 0.575076, -0.217531, 0.788649)
    Head.CFrame = CFrame.new(-0.000243958, 0.00838298, 0.00324702, 0.98437, 0.00386527, 0.176073, 0.0812445, 0.877057, -0.473467, -0.156256, 0.480371, 0.863034)

[29]
    Time: 0.466667
    HumanoidRootPart.CFrame = CFrame.new(0, 0, 0, 1, 0, 0, 0, 1, 0, 0, 0, 1)
    Torso.CFrame = CFrame.new(0.147241, -0.0808949, -0.507828, 0.882882, -0.430773, 0.18696, 0.464332, 0.860253, -0.21062, -0.0701033, 0.272764, 0.959524)
    Left Leg.CFrame = CFrame.new(-0.114743, 0.771825, -0.000901341, 0.707355, 0.638839, 0.302545, -0.687969, 0.720491, 0.087132, -0.162317, -0.269775, 0.949144)
    Right Arm.CFrame = CFrame.new(0.487754, -0.0742654, -0.0869442, -0.294032, -0.887158, -0.355663, 0.91855, -0.365148, 0.151437, -0.264218, -0.282167, 0.922264)
    Left Arm.CFrame = CFrame.new(-0.4813, -0.104534, -0.0689129, -0.348003, 0.867338, 0.355834, -0.902739, -0.412414, 0.122378, 0.252894, -0.278638, 0.926502)
    Right Leg.CFrame = CFrame.new(0.47429, 0.304555, 0.0876429, 0.785085, 0.422603, -0.452822, -0.2633, 0.889442, 0.373585, 0.560637, -0.174068, 0.80956)
    Head.CFrame = CFrame.new(-0.000562198, 0.00703114, 0.00260437, 0.981, -0.00158854, 0.194003, 0.0797417, 0.914897, -0.395732, -0.176864, 0.403683, 0.897641)

[30]
    Time: 0.483333
    HumanoidRootPart.CFrame = CFrame.new(0, 0, 0, 1, 0, 0, 0, 1, 0, 0, 0, 1)
    Torso.CFrame = CFrame.new(0.110128, -0.0434165, -0.382732, 0.848958, -0.501408, 0.166916, 0.523637, 0.840724, -0.137796, -0.0712379, 0.204387, 0.976295)
    Left Leg.CFrame = CFrame.new(-0.0824511, 0.665468, 0.0799414, 0.686048, 0.632227, 0.360037, -0.674244, 0.738413, -0.0118917, -0.273374, -0.234594, 0.932862)
    Right Arm.CFrame = CFrame.new(0.398847, -0.154056, -0.12113, -0.0897915, -0.968289, -0.233139, 0.961662, -0.145193, 0.232649, -0.259121, -0.203311, 0.944204)
    Left Arm.CFrame = CFrame.new(-0.414672, -0.171366, -0.0428075, -0.130635, 0.922377, 0.363532, -0.952083, -0.218988, 0.213499, 0.276535, -0.318223, 0.906787)
    Right Leg.CFrame = CFrame.new(0.350625, 0.171721, 0.0525191, 0.791676, 0.44141, -0.422381, -0.300487, 0.883288, 0.359875, 0.531937, -0.157985, 0.831916)
    Head.CFrame = CFrame.new(-0.000355437, 0.00570136, 0.00206602, 0.983111, 0.015573, 0.182348, 0.044977, 0.945255, -0.323217, -0.177399, 0.32596, 0.92859)

[31]
    Time: 0.500000
    HumanoidRootPart.CFrame = CFrame.new(0, 0, 0, 1, 0, 0, 0, 1, 0, 0, 0, 1)
    Torso.CFrame = CFrame.new(0.0393574, -0.0203942, -0.27106, 0.81812, -0.558999, 0.134907, 0.571997, 0.815201, -0.0909185, -0.0591533, 0.151549, 0.986678)
    Left Leg.CFrame = CFrame.new(-0.0743621, 0.614778, 0.0860349, 0.685282, 0.604024, 0.406871, -0.663224, 0.748397, 0.00601135, -0.30087, -0.273966, 0.913466)
    Right Arm.CFrame = CFrame.new(0.236461, -0.229415, -0.175448, 0.221964, -0.972944, 0.0641278, 0.92019, 0.230771, 0.316222, -0.322465, -0.0111799, 0.946516)
    Left Arm.CFrame = CFrame.new(-0.326843, -0.223564, -0.0330446, 0.205987, 0.917442, 0.340396, -0.947933, 0.100739, 0.302119, 0.242885, -0.384905, 0.890424)
    Right Leg.CFrame = CFrame.new(0.232628, 0.0891367, 0.00472808, 0.811604, 0.435612, -0.389284, -0.312648, 0.886757, 0.34046, 0.493509, -0.15461, 0.855889)
    Head.CFrame = CFrame.new(-2.84463e-05, 0.00441198, 0.00165582, 0.985547, 0.0432525, 0.163789, -0.000189628, 0.967137, -0.254254, -0.169404, 0.250548, 0.953167)

[32]
    Time: 0.516667
    HumanoidRootPart.CFrame = CFrame.new(0, 0, 0, 1, 0, 0, 0, 1, 0, 0, 0, 1)
    Torso.CFrame = CFrame.new(-0.0497947, -0.00475129, -0.176292, 0.795373, -0.598271, 0.097234, 0.60476, 0.794053, -0.0612021, -0.0405935, 0.107482, 0.993378)
    Left Leg.CFrame = CFrame.new(-0.0479974, 0.545547, 0.0659636, 0.668048, 0.59499, 0.446876, -0.685647, 0.725541, 0.0589767, -0.289137, -0.345798, 0.89265)
    Right Arm.CFrame = CFrame.new(0.0744829, -0.252377, -0.208732, 0.476027, -0.796808, 0.372151, 0.748655, 0.5892, 0.303906, -0.461425, 0.133945, 0.877009)
    Left Arm.CFrame = CFrame.new(-0.250145, -0.25224, -0.0318678, 0.542642, 0.784825, 0.299313, -0.824491, 0.429601, 0.368317, 0.16048, -0.446645, 0.880201)
    Right Leg.CFrame = CFrame.new(0.125422, 0.0436636, -0.0431561, 0.843978, 0.408898, -0.347137, -0.304684, 0.898106, 0.317132, 0.441441, -0.161885, 0.882566)
    Head.CFrame = CFrame.new(0.00027094, 0.00316336, 0.00136685, 0.987423, 0.0588027, 0.146759, -0.0308495, 0.982078, -0.185934, -0.155062, 0.179068, 0.97154)

[33]
    Time: 0.533333
    HumanoidRootPart.CFrame = CFrame.new(0, 0, 0, 1, 0, 0, 0, 1, 0, 0, 0, 1)
    Torso.CFrame = CFrame.new(-0.142765, 0.0113061, -0.102078, 0.786855, -0.614309, 0.0590223, 0.61672, 0.786237, -0.0385621, -0.0227165, 0.066743, 0.997512)
    Left Leg.CFrame = CFrame.new(0.0466223, 0.381448, 0.033463, 0.593067, 0.64214, 0.485724, -0.764996, 0.637544, 0.0912062, -0.251103, -0.425668, 0.869341)
    Right Arm.CFrame = CFrame.new(0.0106956, -0.235966, -0.246045, 0.604026, -0.606798, 0.516671, 0.577698, 0.779969, 0.240655, -0.549016, 0.153118, 0.821667)
    Left Arm.CFrame = CFrame.new(-0.213223, -0.262057, -0.0292305, 0.767944, 0.57986, 0.272074, -0.63813, 0.655995, 0.403063, 0.0552412, -0.483148, 0.873794)
    Right Leg.CFrame = CFrame.new(0.00801398, 0.0308288, -0.0884953, 0.890571, 0.352386, -0.28759, -0.270003, 0.918398, 0.289212, 0.366036, -0.179914, 0.913044)
    Head.CFrame = CFrame.new(0.000511307, 0.00201846, 0.00118899, 0.990312, 0.0390708, 0.133247, -0.0231451, 0.99262, -0.119038, -0.136915, 0.114801, 0.983908)

[34]
    Time: 0.550000
    HumanoidRootPart.CFrame = CFrame.new(0, 0, 0, 1, 0, 0, 0, 1, 0, 0, 0, 1)
    Torso.CFrame = CFrame.new(-0.232887, 0.0321023, -0.0520165, 0.787313, -0.616059, 0.0246665, 0.616464, 0.78725, -0.0144754, -0.0105011, 0.0266027, 0.999591)
    Left Leg.CFrame = CFrame.new(0.190984, 0.174317, -0.0150114, 0.47251, 0.711687, 0.519842, -0.862554, 0.494523, 0.106994, -0.180928, -0.498947, 0.847536)
    Right Arm.CFrame = CFrame.new(0.025047, -0.212506, -0.293161, 0.681916, -0.494326, 0.539104, 0.471826, 0.860488, 0.1922, -0.558902, 0.123299, 0.820016)
    Left Arm.CFrame = CFrame.new(-0.213561, -0.263579, -0.0187315, 0.878665, 0.385486, 0.281688, -0.473822, 0.776547, 0.415292, -0.0586548, -0.498373, 0.864977)
    Right Leg.CFrame = CFrame.new(-0.0827888, 0.0392086, -0.111529, 0.92791, 0.299641, -0.221808, -0.24088, 0.935985, 0.256727, 0.284535, -0.184791, 0.940687)
    Head.CFrame = CFrame.new(0.000759569, 0.00107286, 0.0011034, 0.992736, -0.0161092, 0.11923, 0.0232881, 0.997983, -0.0590653, -0.118037, 0.0614129, 0.991108)

[35]
    Time: 0.566667
    HumanoidRootPart.CFrame = CFrame.new(0, 0, 0, 1, 0, 0, 0, 1, 0, 0, 0, 1)
    Torso.CFrame = CFrame.new(-0.319224, 0.0538083, -0.023484, 0.787508, -0.616291, -0.0041066, 0.616302, 0.787464, 0.00855313, -0.00203742, -0.00926656, 0.999955)
    Left Leg.CFrame = CFrame.new(0.230294, 0.171276, -0.0267677, 0.432408, 0.713061, 0.551876, -0.885952, 0.449803, 0.112988, -0.167668, -0.537793, 0.826236)
    Right Arm.CFrame = CFrame.new(0.0451119, -0.195542, -0.327714, 0.730207, -0.408298, 0.547805, 0.387548, 0.907848, 0.16006, -0.562676, 0.095424, 0.821152)
    Left Arm.CFrame = CFrame.new(-0.225515, -0.264558, -0.00290775, 0.922507, 0.225092, 0.313551, -0.34679, 0.840013, 0.417271, -0.169462, -0.493672, 0.852978)
    Right Leg.CFrame = CFrame.new(-0.0640899, 0.0262207, -0.098541, 0.935975, 0.309661, -0.167515, -0.269843, 0.936583, 0.223602, 0.226132, -0.164083, 0.960178)
    Head.CFrame = CFrame.new(0.00101721, 0.000313386, 0.00107443, 0.991413, -0.078969, 0.104229, 0.0802926, 0.996735, -0.00855802, -0.103213, 0.0168534, 0.994517)

[36]
    Time: 0.583333
    HumanoidRootPart.CFrame = CFrame.new(0, 0, 0, 1, 0, 0, 0, 1, 0, 0, 0, 1)
    Torso.CFrame = CFrame.new(-0.396134, 0.0723957, -0.0106895, 0.787612, -0.615593, -0.0267083, 0.616145, 0.787242, 0.0248103, 0.00575283, -0.0359971, 0.999335)
    Left Leg.CFrame = CFrame.new(0.267011, 0.151663, -0.0394458, 0.369901, 0.718462, 0.589055, -0.912007, 0.401753, 0.0826888, -0.177246, -0.567809, 0.803851)
    Right Arm.CFrame = CFrame.new(0.0689392, -0.182701, -0.350884, 0.753916, -0.365906, 0.545639, 0.34522, 0.927278, 0.144839, -0.558957, 0.079169, 0.825409)
    Left Arm.CFrame = CFrame.new(-0.238594, -0.264607, 0.0131125, 0.92962, 0.12198, 0.347747, -0.269557, 0.868522, 0.415944, -0.251289, -0.480407, 0.840276)
    Right Leg.CFrame = CFrame.new(-0.0486726, 0.0148864, -0.0892006, 0.941166, 0.31383, -0.125367, -0.286919, 0.938056, 0.194239, 0.178559, -0.146841, 0.97291)
    Head.CFrame = CFrame.new(0.00117326, -0.000330701, 0.00107813, 0.986859, -0.130924, 0.0946992, 0.12821, 0.991156, 0.0342272, -0.0983429, -0.0216361, 0.994917)

[37]
    Time: 0.600000
    HumanoidRootPart.CFrame = CFrame.new(0, 0, 0, 1, 0, 0, 0, 1, 0, 0, 0, 1)
    Torso.CFrame = CFrame.new(-0.457997, 0.083863, -0.00771952, 0.787639, -0.614661, -0.0426148, 0.61593, 0.78728, 0.0286277, 0.0159535, -0.048796, 0.998681)
    Left Leg.CFrame = CFrame.new(0.290471, 0.122197, -0.0511242, 0.298621, 0.7272, 0.618066, -0.934189, 0.355208, 0.0334296, -0.195232, -0.587373, 0.785415)
    Right Arm.CFrame = CFrame.new(0.0946611, -0.171005, -0.363942, 0.754237, -0.380472, 0.535133, 0.360625, 0.921115, 0.146621, -0.548704, 0.0823952, 0.831946)
    Left Arm.CFrame = CFrame.new(-0.244582, -0.264122, 0.0224161, 0.927242, 0.085898, 0.364477, -0.245157, 0.874994, 0.417473, -0.283055, -0.476453, 0.83239)
    Right Leg.CFrame = CFrame.new(-0.0123486, 0.00146669, -0.0777974, 0.942158, 0.32123, -0.09565, -0.301879, 0.937287, 0.174248, 0.145625, -0.135295, 0.980045)
    Head.CFrame = CFrame.new(0.0010765, -0.000941232, 0.00109839, 0.982924, -0.154592, 0.0998096, 0.147856, 0.986404, 0.0717306, -0.109542, -0.0557482, 0.992418)

[38]
    Time: 0.616667
    HumanoidRootPart.CFrame = CFrame.new(0, 0, 0, 1, 0, 0, 0, 1, 0, 0, 0, 1)
    Torso.CFrame = CFrame.new(-0.502737, 0.0895387, -0.0133314, 0.788222, -0.612985, -0.0543591, 0.614749, 0.788355, 0.0240888, 0.0280882, -0.0524045, 0.998231)
    Left Leg.CFrame = CFrame.new(0.29495, 0.121208, -0.0550994, 0.2685, 0.735788, 0.62171, -0.948915, 0.313076, 0.0392879, -0.165735, -0.600499, 0.782262)
    Right Arm.CFrame = CFrame.new(0.1242, -0.156156, -0.373528, 0.732715, -0.436507, 0.522102, 0.418241, 0.894041, 0.160513, -0.536846, 0.100754, 0.837643)
    Left Arm.CFrame = CFrame.new(-0.267354, -0.252727, 0.0284188, 0.91804, 0.127312, 0.375493, -0.289176, 0.862918, 0.414428, -0.271258, -0.489045, 0.829008)
