[1]
    Time: 0.000000
    HumanoidRootPart.CFrame = CFrame.new(0, 0, 0, 1, 0, 0, 0, 1, 0, 0, 0, 1)
    Torso.CFrame = CFrame.new(-3.125, 7.62939e-06, 0, 0.289008, 0.952298, -0.0979969, -0.956904, 0.290406, 2.58163e-06, 0.0284613, 0.0937728, 0.995187)
    Left Leg.CFrame = CFrame.new(0, 0, 0, 1, 0, 0, 0, 1, 0, 0, 0, 1)
    Right Arm.CFrame = CFrame.new(0.629227, -0.757071, -0.519032, -0.919059, -0.368643, 0.139402, 0.391612, -0.81434, 0.428357, -0.0443904, 0.448277, 0.892792)
    Head.CFrame = CFrame.new(0, 0, 9.53674e-07, 0.379622, -0.923973, -0.0464836, 0.919891, 0.382336, -0.0872934, 0.0984291, -0.0096213, 0.995098)
    Left Arm.CFrame = CFrame.new(-0.642151, -0.616713, -0.541668, -0.854043, 0.313449, -0.415162, -0.357562, -0.93338, 0.0308456, -0.377835, 0.174789, 0.909225)
    Right Leg.CFrame = CFrame.new(0, 0, 0, 0.995591, -0.093793, -0.00133789, 0.0937929, 0.995185, 0.0284648, -0.00133836, -0.0284647, 0.999594)

[2]
    Time: 0.066667
    HumanoidRootPart.CFrame = CFrame.new(0, 0, 0, 1, 0, 0, 0, 1, 0, 0, 0, 1)
    Torso.CFrame = CFrame.new(-2.75, 7.62939e-06, 0, 0.289206, 0.952225, 0.0981173, -0.956843, 0.290606, 2.56374e-05, -0.0284891, -0.0938902, 0.995175)
    Left Leg.CFrame = CFrame.new(-7.62939e-06, 0, 3.8147e-06, 0.995591, -0.0937869, -0.0013414, 0.093787, 0.995185, 0.0284843, -0.0013364, -0.0284845, 0.999593)
    Right Arm.CFrame = CFrame.new(0.951149, -1.11815, -0.421331, 0.323667, -0.923916, -0.204005, 0.915222, 0.36041, -0.180201, 0.240017, -0.128385, 0.962242)
    Head.CFrame = CFrame.new(0, 0, 9.53674e-07, 0.379646, -0.923961, -0.0465262, 0.919885, 0.382364, -0.087227, 0.0983843, -0.00968339, 0.995101)
    Left Arm.CFrame = CFrame.new(-0.630463, -0.69222, -0.538219, -0.65589, 0.629455, -0.416647, -0.684811, -0.728377, -0.0223684, -0.317556, 0.270653, 0.908793)
    Right Leg.CFrame = CFrame.new(0, 0, 0, 1, 0, 0, 0, 1, 0, 0, 0, 1)

[3]
    Time: 0.133333
    HumanoidRootPart.CFrame = CFrame.new(0, 0, 0, 1, 0, 0, 0, 1, 0, 0, 0, 1)
    Torso.CFrame = CFrame.new(-2.92593, 7.62939e-06, 0, 0.290482, 0.956435, 0.0291853, -0.956843, 0.290605, 2.56067e-05, -0.00845692, -0.0279332, 0.999574)
    Left Leg.CFrame = CFrame.new(7.62939e-06, 2.38419e-07, 5.72205e-06, 0.995591, -0.093787, -0.00134143, 0.093787, 0.995185, 0.0284842, -0.00133646, -0.0284844, 0.999593)
    Right Arm.CFrame = CFrame.new(0.883668, -1.10012, -0.441832, 0.323666, -0.923917, -0.204005, 0.915222, 0.36041, -0.180202, 0.240017, -0.128385, 0.962242)
    Head.CFrame = CFrame.new(1.34221e-06, -5.36883e-06, -5.29819e-08, 0.380931, -0.924224, -0.0264963, 0.924124, 0.3815, -0.0212774, 0.0297735, -0.0163807, 0.999422)
    Left Arm.CFrame = CFrame.new(-0.621024, -0.629697, -0.535338, -0.65589, 0.629455, -0.416648, -0.684811, -0.728377, -0.0223684, -0.317556, 0.270654, 0.908793)
    Right Leg.CFrame = CFrame.new(0, 0, 0, 1, 0, 0, 0, 1, 0, 0, 0, 1)

[4]
    Time: 0.200000
    HumanoidRootPart.CFrame = CFrame.new(0, 0, 0, 1, 0, 0, 0, 1, 0, 0, 0, 1)
    Torso.CFrame = CFrame.new(-2.99074, 7.62939e-06, 0, 0.290604, 0.956836, 0.00373676, -0.956843, 0.290606, 2.56065e-05, -0.00106142, -0.00358293, 0.999993)
    Left Leg.CFrame = CFrame.new(7.62939e-06, -2.38419e-07, 5.72205e-06, 0.995592, -0.093787, -0.00134143, 0.0937871, 0.995185, 0.0284842, -0.00133643, -0.0284844, 0.999593)
    Right Arm.CFrame = CFrame.new(0.858807, -1.09347, -0.449385, 0.323666, -0.923917, -0.204005, 0.915222, 0.36041, -0.180202, 0.240017, -0.128385, 0.962242)
    Head.CFrame = CFrame.new(1.83671e-06, -7.34682e-06, -4.23855e-07, 0.381057, -0.924354, -0.0191021, 0.924541, 0.38107, 0.00306879, 0.00444259, -0.01883, 0.999813)
    Left Arm.CFrame = CFrame.new(-0.617547, -0.606662, -0.534276, -0.65589, 0.629455, -0.416648, -0.684811, -0.728377, -0.0223684, -0.317557, 0.270654, 0.908793)
    Right Leg.CFrame = CFrame.new(0, 0, 0, 1, 0, 0, 0, 1, 0, 0, 0, 1)

[5]
    Time: 0.266667
    HumanoidRootPart.CFrame = CFrame.new(0, 0, 0, 1, 0, 0, 0, 1, 0, 0, 0, 1)
    Torso.CFrame = CFrame.new(-3, 7.62939e-06, 0, 0.290605, 0.956843, 0.000100669, -0.956843, 0.290605, 2.56065e-05, -4.75343e-06, -0.000103765, 1)
    Left Leg.CFrame = CFrame.new(0, 0, 3.8147e-06, 0.995591, -0.093787, -0.00134143, 0.0937871, 0.995185, 0.0284842, -0.00133643, -0.0284844, 0.999593)
    Right Arm.CFrame = CFrame.new(0.855255, -1.09253, -0.450464, 0.323666, -0.923917, -0.204005, 0.915222, 0.36041, -0.180202, 0.240017, -0.128385, 0.962242)
    Head.CFrame = CFrame.new(1.90735e-06, -7.62939e-06, -4.76837e-07, 0.38106, -0.924374, -0.0180456, 0.92455, 0.381004, 0.00654731, 0.00082327, -0.019179, 0.999816)
    Left Arm.CFrame = CFrame.new(-0.61705, -0.603371, -0.534124, -0.65589, 0.629455, -0.416648, -0.684811, -0.728377, -0.0223684, -0.317557, 0.270654, 0.908793)
    Right Leg.CFrame = CFrame.new(0, 0, 0, 1, 0, 0, 0, 1, 0, 0, 0, 1)

[6]
    Time: 0.400000
    HumanoidRootPart.CFrame = CFrame.new(0, 0, 0, 1, 0, 0, 0, 1, 0, 0, 0, 1)
    Torso.CFrame = CFrame.new(-1.125, 7.62939e-06, 0, 0.289008, 0.952298, -0.0979969, -0.956904, 0.290406, 2.58163e-06, 0.0284613, 0.0937728, 0.995187)
    Left Leg.CFrame = CFrame.new(0, 0, 0, 1, 0, 0, 0, 1, 0, 0, 0, 1)
    Right Arm.CFrame = CFrame.new(0.629227, -0.757071, -0.519032, -0.919059, -0.368643, 0.139402, 0.391612, -0.81434, 0.428357, -0.0443904, 0.448277, 0.892792)
    Head.CFrame = CFrame.new(0, 0, 9.53674e-07, 0.379622, -0.923973, -0.0464836, 0.919891, 0.382336, -0.0872934, 0.0984291, -0.0096213, 0.995098)
    Left Arm.CFrame = CFrame.new(-0.642151, -0.616713, -0.541668, -0.854043, 0.313449, -0.415162, -0.357562, -0.93338, 0.0308456, -0.377835, 0.174789, 0.909225)
    Right Leg.CFrame = CFrame.new(0, 0, 0, 0.995591, -0.093793, -0.00133789, 0.0937929, 0.995185, 0.0284648, -0.00133836, -0.0284647, 0.999594)

[7]
    Time: 0.466667
    HumanoidRootPart.CFrame = CFrame.new(0, 0, 0, 1, 0, 0, 0, 1, 0, 0, 0, 1)
    Torso.CFrame = CFrame.new(-0.75, 7.62939e-06, 0, 0.289206, 0.952225, 0.0981173, -0.956843, 0.290606, 2.56374e-05, -0.0284891, -0.0938902, 0.995175)
    Left Leg.CFrame = CFrame.new(-7.62939e-06, 0, 3.8147e-06, 0.995591, -0.0937869, -0.0013414, 0.093787, 0.995185, 0.0284843, -0.0013364, -0.0284845, 0.999593)
    Right Arm.CFrame = CFrame.new(0.951149, -1.11815, -0.421331, 0.323667, -0.923916, -0.204005, 0.915222, 0.36041, -0.180201, 0.240017, -0.128385, 0.962242)
    Head.CFrame = CFrame.new(0, 0, 9.53674e-07, 0.379646, -0.923961, -0.0465262, 0.919885, 0.382364, -0.087227, 0.0983843, -0.00968339, 0.995101)
    Left Arm.CFrame = CFrame.new(-0.630463, -0.69222, -0.538219, -0.65589, 0.629455, -0.416647, -0.684811, -0.728377, -0.0223684, -0.317556, 0.270653, 0.908793)
    Right Leg.CFrame = CFrame.new(0, 0, 0, 1, 0, 0, 0, 1, 0, 0, 0, 1)

[8]
    Time: 0.533333
    HumanoidRootPart.CFrame = CFrame.new(0, 0, 0, 1, 0, 0, 0, 1, 0, 0, 0, 1)
    Torso.CFrame = CFrame.new(-0.925926, 7.62939e-06, 0, 0.290482, 0.956435, 0.0291853, -0.956843, 0.290605, 2.56067e-05, -0.00845692, -0.0279332, 0.999574)
    Left Leg.CFrame = CFrame.new(7.62939e-06, 2.38419e-07, 5.72205e-06, 0.995591, -0.093787, -0.00134143, 0.093787, 0.995185, 0.0284842, -0.00133646, -0.0284844, 0.999593)
    Right Arm.CFrame = CFrame.new(0.883668, -1.10012, -0.441832, 0.323666, -0.923917, -0.204005, 0.915222, 0.36041, -0.180202, 0.240017, -0.128385, 0.962242)
    Head.CFrame = CFrame.new(1.34221e-06, -5.36883e-06, -5.29819e-08, 0.380931, -0.924224, -0.0264963, 0.924124, 0.3815, -0.0212774, 0.0297735, -0.0163807, 0.999422)
    Left Arm.CFrame = CFrame.new(-0.621024, -0.629697, -0.535338, -0.65589, 0.629455, -0.416648, -0.684811, -0.728377, -0.0223684, -0.317556, 0.270654, 0.908793)
    Right Leg.CFrame = CFrame.new(0, 0, 0, 1, 0, 0, 0, 1, 0, 0, 0, 1)

[9]
    Time: 0.600000
    HumanoidRootPart.CFrame = CFrame.new(0, 0, 0, 1, 0, 0, 0, 1, 0, 0, 0, 1)
    Torso.CFrame = CFrame.new(-0.990742, 7.62939e-06, 0, 0.290604, 0.956836, 0.00373676, -0.956843, 0.290606, 2.56065e-05, -0.00106142, -0.00358293, 0.999993)
    Left Leg.CFrame = CFrame.new(7.62939e-06, -2.38419e-07, 5.72205e-06, 0.995592, -0.093787, -0.00134143, 0.0937871, 0.995185, 0.0284842, -0.00133643, -0.0284844, 0.999593)
    Right Arm.CFrame = CFrame.new(0.858807, -1.09347, -0.449385, 0.323666, -0.923917, -0.204005, 0.915222, 0.36041, -0.180202, 0.240017, -0.128385, 0.962242)
    Head.CFrame = CFrame.new(1.83671e-06, -7.34682e-06, -4.23855e-07, 0.381057, -0.924354, -0.0191021, 0.924541, 0.38107, 0.00306879, 0.00444259, -0.01883, 0.999813)
    Left Arm.CFrame = CFrame.new(-0.617547, -0.606662, -0.534276, -0.65589, 0.629455, -0.416648, -0.684811, -0.728377, -0.0223684, -0.317557, 0.270654, 0.908793)
    Right Leg.CFrame = CFrame.new(0, 0, 0, 1, 0, 0, 0, 1, 0, 0, 0, 1)

[10]
    Time: 0.666667
    HumanoidRootPart.CFrame = CFrame.new(0, 0, 0, 1, 0, 0, 0, 1, 0, 0, 0, 1)
    Torso.CFrame = CFrame.new(-1, 7.62939e-06, 0, 0.290605, 0.956843, 0.000100669, -0.956843, 0.290605, 2.56065e-05, -4.75343e-06, -0.000103765, 1)
    Left Leg.CFrame = CFrame.new(0, 0, 3.8147e-06, 0.995591, -0.093787, -0.00134143, 0.0937871, 0.995185, 0.0284842, -0.00133643, -0.0284844, 0.999593)
    Right Arm.CFrame = CFrame.new(0.855255, -1.09253, -0.450464, 0.323666, -0.923917, -0.204005, 0.915222, 0.36041, -0.180202, 0.240017, -0.128385, 0.962242)
    Head.CFrame = CFrame.new(1.90735e-06, -7.62939e-06, -4.76837e-07, 0.38106, -0.924374, -0.0180456, 0.92455, 0.381004, 0.00654731, 0.00082327, -0.019179, 0.999816)
    Left Arm.CFrame = CFrame.new(-0.61705, -0.603371, -0.534124, -0.65589, 0.629455, -0.416648, -0.684811, -0.728377, -0.0223684, -0.317557, 0.270654, 0.908793)
    Right Leg.CFrame = CFrame.new(0, 0, 0, 1, 0, 0, 0, 1, 0, 0, 0, 1)

[11]
    Time: 0.800000
    HumanoidRootPart.CFrame = CFrame.new(0, 0, 0, 1, 0, 0, 0, 1, 0, 0, 0, 1)
    Torso.CFrame = CFrame.new(0.875, 7.62939e-06, 0, 0.289008, 0.952298, -0.0979969, -0.956904, 0.290406, 2.58163e-06, 0.0284613, 0.0937728, 0.995187)
    Left Leg.CFrame = CFrame.new(0, 0, 0, 1, 0, 0, 0, 1, 0, 0, 0, 1)
    Right Arm.CFrame = CFrame.new(0.629227, -0.757071, -0.519032, -0.919059, -0.368643, 0.139402, 0.391612, -0.81434, 0.428357, -0.0443904, 0.448277, 0.892792)
    Head.CFrame = CFrame.new(0, 0, 9.53674e-07, 0.379622, -0.923973, -0.0464836, 0.919891, 0.382336, -0.0872934, 0.0984291, -0.0096213, 0.995098)
    Left Arm.CFrame = CFrame.new(-0.642151, -0.616713, -0.541668, -0.854043, 0.313449, -0.415162, -0.357562, -0.93338, 0.0308456, -0.377835, 0.174789, 0.909225)
    Right Leg.CFrame = CFrame.new(0, 0, 0, 0.995591, -0.093793, -0.00133789, 0.0937929, 0.995185, 0.0284648, -0.00133836, -0.0284647, 0.999594)

[12]
    Time: 0.866667
    HumanoidRootPart.CFrame = CFrame.new(0, 0, 0, 1, 0, 0, 0, 1, 0, 0, 0, 1)
    Torso.CFrame = CFrame.new(1.25, 7.62939e-06, 0, 0.289206, 0.952225, 0.0981173, -0.956843, 0.290606, 2.56374e-05, -0.0284891, -0.0938902, 0.995175)
    Left Leg.CFrame = CFrame.new(-7.62939e-06, 0, 3.8147e-06, 0.995591, -0.0937869, -0.0013414, 0.093787, 0.995185, 0.0284843, -0.0013364, -0.0284845, 0.999593)
    Right Arm.CFrame = CFrame.new(0.951149, -1.11815, -0.421331, 0.323667, -0.923916, -0.204005, 0.915222, 0.36041, -0.180201, 0.240017, -0.128385, 0.962242)
    Head.CFrame = CFrame.new(0, 0, 9.53674e-07, 0.379646, -0.923961, -0.0465262, 0.919885, 0.382364, -0.087227, 0.0983843, -0.00968339, 0.995101)
    Left Arm.CFrame = CFrame.new(-0.630463, -0.69222, -0.538219, -0.65589, 0.629455, -0.416647, -0.684811, -0.728377, -0.0223684, -0.317556, 0.270653, 0.908793)
    Right Leg.CFrame = CFrame.new(0, 0, 0, 1, 0, 0, 0, 1, 0, 0, 0, 1)

[13]
    Time: 0.933333
    HumanoidRootPart.CFrame = CFrame.new(0, 0, 0, 1, 0, 0, 0, 1, 0, 0, 0, 1)
    Torso.CFrame = CFrame.new(1.07407, 7.62939e-06, 0, 0.290482, 0.956435, 0.0291853, -0.956843, 0.290605, 2.56067e-05, -0.00845692, -0.0279332, 0.999574)
    Left Leg.CFrame = CFrame.new(7.62939e-06, 2.38419e-07, 5.72205e-06, 0.995591, -0.093787, -0.00134143, 0.093787, 0.995185, 0.0284842, -0.00133646, -0.0284844, 0.999593)
    Right Arm.CFrame = CFrame.new(0.883668, -1.10012, -0.441832, 0.323666, -0.923917, -0.204005, 0.915222, 0.36041, -0.180202, 0.240017, -0.128385, 0.962242)
    Head.CFrame = CFrame.new(1.34221e-06, -5.36883e-06, -5.29819e-08, 0.380931, -0.924224, -0.0264963, 0.924124, 0.3815, -0.0212774, 0.0297735, -0.0163807, 0.999422)
    Left Arm.CFrame = CFrame.new(-0.621024, -0.629697, -0.535338, -0.65589, 0.629455, -0.416648, -0.684811, -0.728377, -0.0223684, -0.317556, 0.270654, 0.908793)
    Right Leg.CFrame = CFrame.new(0, 0, 0, 1, 0, 0, 0, 1, 0, 0, 0, 1)

[14]
    Time: 1.000000
    HumanoidRootPart.CFrame = CFrame.new(0, 0, 0, 1, 0, 0, 0, 1, 0, 0, 0, 1)
    Torso.CFrame = CFrame.new(1.00926, 7.62939e-06, 0, 0.290604, 0.956836, 0.00373676, -0.956843, 0.290606, 2.56065e-05, -0.00106142, -0.00358293, 0.999993)
    Left Leg.CFrame = CFrame.new(7.62939e-06, -2.38419e-07, 5.72205e-06, 0.995592, -0.093787, -0.00134143, 0.0937871, 0.995185, 0.0284842, -0.00133643, -0.0284844, 0.999593)
    Right Arm.CFrame = CFrame.new(0.858807, -1.09347, -0.449385, 0.323666, -0.923917, -0.204005, 0.915222, 0.36041, -0.180202, 0.240017, -0.128385, 0.962242)
    Head.CFrame = CFrame.new(1.83671e-06, -7.34682e-06, -4.23855e-07, 0.381057, -0.924354, -0.0191021, 0.924541, 0.38107, 0.00306879, 0.00444259, -0.01883, 0.999813)
    Left Arm.CFrame = CFrame.new(-0.617547, -0.606662, -0.534276, -0.65589, 0.629455, -0.416648, -0.684811, -0.728377, -0.0223684, -0.317557, 0.270654, 0.908793)
    Right Leg.CFrame = CFrame.new(0, 0, 0, 1, 0, 0, 0, 1, 0, 0, 0, 1)

[15]
    Time: 1.066667
    HumanoidRootPart.CFrame = CFrame.new(0, 0, 0, 1, 0, 0, 0, 1, 0, 0, 0, 1)
    Torso.CFrame = CFrame.new(1, 7.62939e-06, 0, 0.290605, 0.956843, 0.000100669, -0.956843, 0.290605, 2.56065e-05, -4.75343e-06, -0.000103765, 1)
    Left Leg.CFrame = CFrame.new(0, 0, 3.8147e-06, 0.995591, -0.093787, -0.00134143, 0.0937871, 0.995185, 0.0284842, -0.00133643, -0.0284844, 0.999593)
    Right Arm.CFrame = CFrame.new(0.855255, -1.09253, -0.450464, 0.323666, -0.923917, -0.204005, 0.915222, 0.36041, -0.180202, 0.240017, -0.128385, 0.962242)
    Head.CFrame = CFrame.new(1.90735e-06, -7.62939e-06, -4.76837e-07, 0.38106, -0.924374, -0.0180456, 0.92455, 0.381004, 0.00654731, 0.00082327, -0.019179, 0.999816)
    Left Arm.CFrame = CFrame.new(-0.61705, -0.603371, -0.534124, -0.65589, 0.629455, -0.416648, -0.684811, -0.728377, -0.0223684, -0.317557, 0.270654, 0.908793)
    Right Leg.CFrame = CFrame.new(0, 0, 0, 1, 0, 0, 0, 1, 0, 0, 0, 1)

[16]
    Time: 1.200000
    HumanoidRootPart.CFrame = CFrame.new(0, 0, 0, 1, 0, 0, 0, 1, 0, 0, 0, 1)
    Torso.CFrame = CFrame.new(2.875, 7.62939e-06, 0, 0.289008, 0.952298, -0.0979969, -0.956904, 0.290406, 2.58163e-06, 0.0284613, 0.0937728, 0.995187)
    Left Leg.CFrame = CFrame.new(0, 0, 0, 1, 0, 0, 0, 1, 0, 0, 0, 1)
    Right Arm.CFrame = CFrame.new(0.629227, -0.757071, -0.519032, -0.919059, -0.368643, 0.139402, 0.391612, -0.81434, 0.428357, -0.0443904, 0.448277, 0.892792)
    Head.CFrame = CFrame.new(0, 0, 9.53674e-07, 0.379622, -0.923973, -0.0464836, 0.919891, 0.382336, -0.0872934, 0.0984291, -0.0096213, 0.995098)
    Left Arm.CFrame = CFrame.new(-0.642151, -0.616713, -0.541668, -0.854043, 0.313449, -0.415162, -0.357562, -0.93338, 0.0308456, -0.377835, 0.174789, 0.909225)
    Right Leg.CFrame = CFrame.new(0, 0, 0, 0.995591, -0.093793, -0.00133789, 0.0937929, 0.995185, 0.0284648, -0.00133836, -0.0284647, 0.999594)

[17]
    Time: 1.266667
    HumanoidRootPart.CFrame = CFrame.new(0, 0, 0, 1, 0, 0, 0, 1, 0, 0, 0, 1)
    Torso.CFrame = CFrame.new(3.25, 7.62939e-06, 0, 0.289206, 0.952225, 0.0981173, -0.956843, 0.290606, 2.56337e-05, -0.0284891, -0.0938902, 0.995175)
    Left Leg.CFrame = CFrame.new(-7.62939e-06, 0, 3.8147e-06, 0.995591, -0.0937869, -0.0013414, 0.093787, 0.995185, 0.0284843, -0.0013364, -0.0284845, 0.999593)
    Right Arm.CFrame = CFrame.new(0.951149, -1.11815, -0.421331, 0.323667, -0.923916, -0.204005, 0.915222, 0.36041, -0.180201, 0.240017, -0.128385, 0.962242)
    Head.CFrame = CFrame.new(0, 0, 9.53674e-07, 0.379646, -0.923961, -0.0465262, 0.919885, 0.382364, -0.087227, 0.0983843, -0.00968339, 0.995101)
    Left Arm.CFrame = CFrame.new(-0.630463, -0.69222, -0.538219, -0.65589, 0.629455, -0.416647, -0.684811, -0.728377, -0.0223684, -0.317556, 0.270653, 0.908793)
    Right Leg.CFrame = CFrame.new(0, 0, 0, 1, 0, 0, 0, 1, 0, 0, 0, 1)

[18]
    Time: 1.333333
    HumanoidRootPart.CFrame = CFrame.new(0, 0, 0, 1, 0, 0, 0, 1, 0, 0, 0, 1)
    Torso.CFrame = CFrame.new(3.07407, 7.62939e-06, 0, 0.290482, 0.956435, 0.0291853, -0.956843, 0.290605, 2.56067e-05, -0.00845692, -0.0279332, 0.999574)
    Left Leg.CFrame = CFrame.new(7.62939e-06, 2.38419e-07, 5.72205e-06, 0.995591, -0.093787, -0.00134143, 0.093787, 0.995185, 0.0284842, -0.00133646, -0.0284844, 0.999593)
    Right Arm.CFrame = CFrame.new(0.883668, -1.10012, -0.441832, 0.323666, -0.923917, -0.204005, 0.915222, 0.36041, -0.180202, 0.240017, -0.128385, 0.962242)
    Head.CFrame = CFrame.new(1.34221e-06, -5.36883e-06, -5.29819e-08, 0.380931, -0.924224, -0.0264963, 0.924124, 0.3815, -0.0212774, 0.0297735, -0.0163807, 0.999422)
    Left Arm.CFrame = CFrame.new(-0.621024, -0.629697, -0.535338, -0.65589, 0.629455, -0.416648, -0.684811, -0.728377, -0.0223684, -0.317556, 0.270654, 0.908793)
    Right Leg.CFrame = CFrame.new(0, 0, 0, 1, 0, 0, 0, 1, 0, 0, 0, 1)

[19]
    Time: 1.400000
    HumanoidRootPart.CFrame = CFrame.new(0, 0, 0, 1, 0, 0, 0, 1, 0, 0, 0, 1)
    Torso.CFrame = CFrame.new(3.00926, 7.62939e-06, 0, 0.290604, 0.956836, 0.00373676, -0.956843, 0.290606, 2.56065e-05, -0.00106142, -0.00358293, 0.999993)
    Left Leg.CFrame = CFrame.new(7.62939e-06, -2.38419e-07, 5.72205e-06, 0.995592, -0.093787, -0.00134143, 0.0937871, 0.995185, 0.0284842, -0.00133643, -0.0284844, 0.999593)
    Right Arm.CFrame = CFrame.new(0.858807, -1.09347, -0.449385, 0.323666, -0.923917, -0.204005, 0.915222, 0.36041, -0.180202, 0.240017, -0.128385, 0.962242)
    Head.CFrame = CFrame.new(1.83671e-06, -7.34682e-06, -4.23855e-07, 0.381057, -0.924354, -0.0191021, 0.924541, 0.38107, 0.00306879, 0.00444259, -0.01883, 0.999813)
    Left Arm.CFrame = CFrame.new(-0.617547, -0.606662, -0.534276, -0.65589, 0.629455, -0.416648, -0.684811, -0.728377, -0.0223684, -0.317557, 0.270654, 0.908793)
    Right Leg.CFrame = CFrame.new(0, 0, 0, 1, 0, 0, 0, 1, 0, 0, 0, 1)

[20]
    Time: 1.466667
    HumanoidRootPart.CFrame = CFrame.new(0, 0, 0, 1, 0, 0, 0, 1, 0, 0, 0, 1)
    Torso.CFrame = CFrame.new(3, 7.62939e-06, 0, 0.290605, 0.956843, 0.000100669, -0.956843, 0.290605, 2.56065e-05, -4.75343e-06, -0.000103765, 1)
    Left Leg.CFrame = CFrame.new(0, 0, 3.8147e-06, 0.995591, -0.093787, -0.00134143, 0.0937871, 0.995185, 0.0284842, -0.00133643, -0.0284844, 0.999593)
    Right Arm.CFrame = CFrame.new(0.855255, -1.09253, -0.450464, 0.323666, -0.923917, -0.204005, 0.915222, 0.36041, -0.180202, 0.240017, -0.128385, 0.962242)
    Head.CFrame = CFrame.new(1.90735e-06, -7.62939e-06, -4.76837e-07, 0.38106, -0.924374, -0.0180456, 0.92455, 0.381004, 0.00654731, 0.00082327, -0.019179, 0.999816)
    Left Arm.CFrame = CFrame.new(-0.61705, -0.603371, -0.534124, -0.65589, 0.629455, -0.416648, -0.684811, -0.728377, -0.0223684, -0.317557, 0.270654, 0.908793)
    Right Leg.CFrame = CFrame.new(0, 0, 0, 1, 0, 0, 0, 1, 0, 0, 0, 1)

[21]
    Time: 1.600000
    HumanoidRootPart.CFrame = CFrame.new(0, 0, 0, 1, 0, 0, 0, 1, 0, 0, 0, 1)
    Torso.CFrame = CFrame.new(-3.125, 7.62939e-06, 0, 0.289008, 0.952298, -0.0979969, -0.956904, 0.290406, 2.58163e-06, 0.0284613, 0.0937728, 0.995187)
    Left Leg.CFrame = CFrame.new(0, 0, 0, 1, 0, 0, 0, 1, 0, 0, 0, 1)
    Right Arm.CFrame = CFrame.new(0.629227, -0.757071, -0.519032, -0.919059, -0.368643, 0.139402, 0.391612, -0.81434, 0.428357, -0.0443904, 0.448277, 0.892792)
    Head.CFrame = CFrame.new(0, 0, 9.53674e-07, 0.379622, -0.923973, -0.0464836, 0.919891, 0.382336, -0.0872934, 0.0984291, -0.0096213, 0.995098)
    Left Arm.CFrame = CFrame.new(-0.642151, -0.616713, -0.541668, -0.854043, 0.313449, -0.415162, -0.357562, -0.93338, 0.0308456, -0.377835, 0.174789, 0.909225)
    Right Leg.CFrame = CFrame.new(0, 0, 0, 0.995591, -0.093793, -0.00133789, 0.0937929, 0.995185, 0.0284648, -0.00133836, -0.0284647, 0.999594)

[22]
    Time: 1.666667
    HumanoidRootPart.CFrame = CFrame.new(0, 0, 0, 1, 0, 0, 0, 1, 0, 0, 0, 1)
    Torso.CFrame = CFrame.new(-2.75, 7.62939e-06, 0, 0.289206, 0.952225, 0.0981173, -0.956843, 0.290606, 2.56374e-05, -0.0284891, -0.0938902, 0.995175)
    Left Leg.CFrame = CFrame.new(-7.62939e-06, 0, 3.8147e-06, 0.995591, -0.0937869, -0.0013414, 0.093787, 0.995185, 0.0284843, -0.0013364, -0.0284845, 0.999593)
    Right Arm.CFrame = CFrame.new(0.951149, -1.11815, -0.421331, 0.323667, -0.923916, -0.204005, 0.915222, 0.36041, -0.180201, 0.240017, -0.128385, 0.962242)
    Head.CFrame = CFrame.new(0, 0, 9.53674e-07, 0.379646, -0.923961, -0.0465262, 0.919885, 0.382364, -0.087227, 0.0983843, -0.00968339, 0.995101)
    Left Arm.CFrame = CFrame.new(-0.630463, -0.69222, -0.538219, -0.65589, 0.629455, -0.416647, -0.684811, -0.728377, -0.0223684, -0.317556, 0.270653, 0.908793)
    Right Leg.CFrame = CFrame.new(0, 0, 0, 1, 0, 0, 0, 1, 0, 0, 0, 1)

[23]
    Time: 1.733333
    HumanoidRootPart.CFrame = CFrame.new(0, 0, 0, 1, 0, 0, 0, 1, 0, 0, 0, 1)
    Torso.CFrame = CFrame.new(-2.92593, 7.62939e-06, 0, 0.290482, 0.956435, 0.0291853, -0.956843, 0.290605, 2.56067e-05, -0.00845692, -0.0279332, 0.999574)
    Left Leg.CFrame = CFrame.new(7.62939e-06, 2.38419e-07, 5.72205e-06, 0.995591, -0.093787, -0.00134143, 0.093787, 0.995185, 0.0284842, -0.00133646, -0.0284844, 0.999593)
    Right Arm.CFrame = CFrame.new(0.883668, -1.10012, -0.441832, 0.323666, -0.923917, -0.204005, 0.915222, 0.36041, -0.180202, 0.240017, -0.128385, 0.962242)
    Head.CFrame = CFrame.new(1.34221e-06, -5.36883e-06, -5.29819e-08, 0.380931, -0.924224, -0.0264963, 0.924124, 0.3815, -0.0212774, 0.0297735, -0.0163807, 0.999422)
    Left Arm.CFrame = CFrame.new(-0.621024, -0.629697, -0.535338, -0.65589, 0.629455, -0.416648, -0.684811, -0.728377, -0.0223684, -0.317556, 0.270654, 0.908793)
    Right Leg.CFrame = CFrame.new(0, 0, 0, 1, 0, 0, 0, 1, 0, 0, 0, 1)

[24]
    Time: 1.800000
    HumanoidRootPart.CFrame = CFrame.new(0, 0, 0, 1, 0, 0, 0, 1, 0, 0, 0, 1)
    Torso.CFrame = CFrame.new(-2.99074, 7.62939e-06, 0, 0.290604, 0.956836, 0.00373676, -0.956843, 0.290606, 2.56065e-05, -0.00106142, -0.00358293, 0.999993)
    Left Leg.CFrame = CFrame.new(7.62939e-06, -2.38419e-07, 5.72205e-06, 0.995592, -0.093787, -0.00134143, 0.0937871, 0.995185, 0.0284842, -0.00133643, -0.0284844, 0.999593)
    Right Arm.CFrame = CFrame.new(0.858807, -1.09347, -0.449385, 0.323666, -0.923917, -0.204005, 0.915222, 0.36041, -0.180202, 0.240017, -0.128385, 0.962242)
    Head.CFrame = CFrame.new(1.83671e-06, -7.34682e-06, -4.23855e-07, 0.381057, -0.924354, -0.0191021, 0.924541, 0.38107, 0.00306879, 0.00444259, -0.01883, 0.999813)
    Left Arm.CFrame = CFrame.new(-0.617547, -0.606662, -0.534276, -0.65589, 0.629455, -0.416648, -0.684811, -0.728377, -0.0223684, -0.317557, 0.270654, 0.908793)
    Right Leg.CFrame = CFrame.new(0, 0, 0, 1, 0, 0, 0, 1, 0, 0, 0, 1)

[25]
    Time: 1.866667
    HumanoidRootPart.CFrame = CFrame.new(0, 0, 0, 1, 0, 0, 0, 1, 0, 0, 0, 1)
    Torso.CFrame = CFrame.new(-3, 7.62939e-06, 0, 0.290605, 0.956843, 0.000100669, -0.956843, 0.290605, 2.56065e-05, -4.75343e-06, -0.000103765, 1)
    Left Leg.CFrame = CFrame.new(0, 0, 3.8147e-06, 0.995591, -0.093787, -0.00134143, 0.0937871, 0.995185, 0.0284842, -0.00133643, -0.0284844, 0.999593)
    Right Arm.CFrame = CFrame.new(0.855255, -1.09253, -0.450464, 0.323666, -0.923917, -0.204005, 0.915222, 0.36041, -0.180202, 0.240017, -0.128385, 0.962242)
    Head.CFrame = CFrame.new(1.90735e-06, -7.62939e-06, -4.76837e-07, 0.38106, -0.924374, -0.0180456, 0.92455, 0.381004, 0.00654731, 0.00082327, -0.019179, 0.999816)
    Left Arm.CFrame = CFrame.new(-0.61705, -0.603371, -0.534124, -0.65589, 0.629455, -0.416648, -0.684811, -0.728377, -0.0223684, -0.317557, 0.270654, 0.908793)
    Right Leg.CFrame = CFrame.new(0, 0, 0, 1, 0, 0, 0, 1, 0, 0, 0, 1)

[26]
    Time: 2.000000
    HumanoidRootPart.CFrame = CFrame.new(0, 0, 0, 1, 0, 0, 0, 1, 0, 0, 0, 1)
    Torso.CFrame = CFrame.new(-1.125, 7.62939e-06, 0, 0.289008, 0.952298, -0.0979969, -0.956904, 0.290406, 2.58163e-06, 0.0284613, 0.0937728, 0.995187)
    Left Leg.CFrame = CFrame.new(0, 0, 0, 1, 0, 0, 0, 1, 0, 0, 0, 1)
    Right Arm.CFrame = CFrame.new(0.629227, -0.757071, -0.519032, -0.919059, -0.368643, 0.139402, 0.391612, -0.81434, 0.428357, -0.0443904, 0.448277, 0.892792)
    Head.CFrame = CFrame.new(0, 0, 9.53674e-07, 0.379622, -0.923973, -0.0464836, 0.919891, 0.382336, -0.0872934, 0.0984291, -0.0096213, 0.995098)
    Left Arm.CFrame = CFrame.new(-0.642151, -0.616713, -0.541668, -0.854043, 0.313449, -0.415162, -0.357562, -0.93338, 0.0308456, -0.377835, 0.174789, 0.909225)
    Right Leg.CFrame = CFrame.new(0, 0, 0, 0.995591, -0.093793, -0.00133789, 0.0937929, 0.995185, 0.0284648, -0.00133836, -0.0284647, 0.999594)

[27]
    Time: 2.066667
    HumanoidRootPart.CFrame = CFrame.new(0, 0, 0, 1, 0, 0, 0, 1, 0, 0, 0, 1)
    Torso.CFrame = CFrame.new(-0.75, 7.62939e-06, 0, 0.289206, 0.952225, 0.0981173, -0.956843, 0.290606, 2.56374e-05, -0.0284891, -0.0938902, 0.995175)
    Left Leg.CFrame = CFrame.new(-7.62939e-06, 0, 3.8147e-06, 0.995591, -0.0937869, -0.0013414, 0.093787, 0.995185, 0.0284843, -0.0013364, -0.0284845, 0.999593)
    Right Arm.CFrame = CFrame.new(0.951149, -1.11815, -0.421331, 0.323667, -0.923916, -0.204005, 0.915222, 0.36041, -0.180201, 0.240017, -0.128385, 0.962242)
    Head.CFrame = CFrame.new(0, 0, 9.53674e-07, 0.379646, -0.923961, -0.0465262, 0.919885, 0.382364, -0.087227, 0.0983843, -0.00968339, 0.995101)
    Left Arm.CFrame = CFrame.new(-0.630463, -0.69222, -0.538219, -0.65589, 0.629455, -0.416647, -0.684811, -0.728377, -0.0223684, -0.317556, 0.270653, 0.908793)
    Right Leg.CFrame = CFrame.new(0, 0, 0, 1, 0, 0, 0, 1, 0, 0, 0, 1)

[28]
    Time: 2.133333
    HumanoidRootPart.CFrame = CFrame.new(0, 0, 0, 1, 0, 0, 0, 1, 0, 0, 0, 1)
    Torso.CFrame = CFrame.new(-0.925926, 7.62939e-06, 0, 0.290482, 0.956435, 0.0291853, -0.956843, 0.290605, 2.56067e-05, -0.00845692, -0.0279332, 0.999574)
    Left Leg.CFrame = CFrame.new(7.62939e-06, 2.38419e-07, 5.72205e-06, 0.995591, -0.093787, -0.00134143, 0.093787, 0.995185, 0.0284842, -0.00133646, -0.0284844, 0.999593)
    Right Arm.CFrame = CFrame.new(0.883668, -1.10012, -0.441832, 0.323666, -0.923917, -0.204005, 0.915222, 0.36041, -0.180202, 0.240017, -0.128385, 0.962242)
    Head.CFrame = CFrame.new(1.34221e-06, -5.36883e-06, -5.29819e-08, 0.380931, -0.924224, -0.0264963, 0.924124, 0.3815, -0.0212774, 0.0297735, -0.0163807, 0.999422)
    Left Arm.CFrame = CFrame.new(-0.621024, -0.629697, -0.535338, -0.65589, 0.629455, -0.416648, -0.684811, -0.728377, -0.0223684, -0.317556, 0.270654, 0.908793)
    Right Leg.CFrame = CFrame.new(0, 0, 0, 1, 0, 0, 0, 1, 0, 0, 0, 1)

[29]
    Time: 2.200000
    HumanoidRootPart.CFrame = CFrame.new(0, 0, 0, 1, 0, 0, 0, 1, 0, 0, 0, 1)
    Torso.CFrame = CFrame.new(-0.990742, 7.62939e-06, 0, 0.290604, 0.956836, 0.00373676, -0.956843, 0.290606, 2.56065e-05, -0.00106142, -0.00358293, 0.999993)
    Left Leg.CFrame = CFrame.new(7.62939e-06, -2.38419e-07, 5.72205e-06, 0.995592, -0.093787, -0.00134143, 0.0937871, 0.995185, 0.0284842, -0.00133643, -0.0284844, 0.999593)
    Right Arm.CFrame = CFrame.new(0.858807, -1.09347, -0.449385, 0.323666, -0.923917, -0.204005, 0.915222, 0.36041, -0.180202, 0.240017, -0.128385, 0.962242)
    Head.CFrame = CFrame.new(1.83671e-06, -7.34682e-06, -4.23855e-07, 0.381057, -0.924354, -0.0191021, 0.924541, 0.38107, 0.00306879, 0.00444259, -0.01883, 0.999813)
    Left Arm.CFrame = CFrame.new(-0.617547, -0.606662, -0.534276, -0.65589, 0.629455, -0.416648, -0.684811, -0.728377, -0.0223684, -0.317557, 0.270654, 0.908793)
    Right Leg.CFrame = CFrame.new(0, 0, 0, 1, 0, 0, 0, 1, 0, 0, 0, 1)

[30]
    Time: 2.266667
    HumanoidRootPart.CFrame = CFrame.new(0, 0, 0, 1, 0, 0, 0, 1, 0, 0, 0, 1)
    Torso.CFrame = CFrame.new(-1, 7.62939e-06, 0, 0.290605, 0.956843, 0.000100669, -0.956843, 0.290605, 2.56065e-05, -4.75343e-06, -0.000103765, 1)
    Left Leg.CFrame = CFrame.new(0, 0, 3.8147e-06, 0.995591, -0.093787, -0.00134143, 0.0937871, 0.995185, 0.0284842, -0.00133643, -0.0284844, 0.999593)
    Right Arm.CFrame = CFrame.new(0.855255, -1.09253, -0.450464, 0.323666, -0.923917, -0.204005, 0.915222, 0.36041, -0.180202, 0.240017, -0.128385, 0.962242)
    Head.CFrame = CFrame.new(1.90735e-06, -7.62939e-06, -4.76837e-07, 0.38106, -0.924374, -0.0180456, 0.92455, 0.381004, 0.00654731, 0.00082327, -0.019179, 0.999816)
    Left Arm.CFrame = CFrame.new(-0.61705, -0.603371, -0.534124, -0.65589, 0.629455, -0.416648, -0.684811, -0.728377, -0.0223684, -0.317557, 0.270654, 0.908793)
    Right Leg.CFrame = CFrame.new(0, 0, 0, 1, 0, 0, 0, 1, 0, 0, 0, 1)

[31]
    Time: 2.400000
    HumanoidRootPart.CFrame = CFrame.new(0, 0, 0, 1, 0, 0, 0, 1, 0, 0, 0, 1)
    Torso.CFrame = CFrame.new(0.875, 7.62939e-06, 0, 0.289008, 0.952298, -0.0979969, -0.956904, 0.290406, 2.58163e-06, 0.0284613, 0.0937728, 0.995187)
    Left Leg.CFrame = CFrame.new(0, 0, 0, 1, 0, 0, 0, 1, 0, 0, 0, 1)
    Right Arm.CFrame = CFrame.new(0.629227, -0.757071, -0.519032, -0.919059, -0.368643, 0.139402, 0.391612, -0.81434, 0.428357, -0.0443904, 0.448277, 0.892792)
    Head.CFrame = CFrame.new(0, 0, 9.53674e-07, 0.379622, -0.923973, -0.0464836, 0.919891, 0.382336, -0.0872934, 0.0984291, -0.0096213, 0.995098)
    Left Arm.CFrame = CFrame.new(-0.642151, -0.616713, -0.541668, -0.854043, 0.313449, -0.415162, -0.357562, -0.93338, 0.0308456, -0.377835, 0.174789, 0.909225)
    Right Leg.CFrame = CFrame.new(0, 0, 0, 0.995591, -0.093793, -0.00133789, 0.0937929, 0.995185, 0.0284648, -0.00133836, -0.0284647, 0.999594)

[32]
    Time: 2.466667
    HumanoidRootPart.CFrame = CFrame.new(0, 0, 0, 1, 0, 0, 0, 1, 0, 0, 0, 1)
    Torso.CFrame = CFrame.new(1.25, 7.62939e-06, 0, 0.289206, 0.952225, 0.0981173, -0.956843, 0.290606, 2.56374e-05, -0.0284891, -0.0938902, 0.995175)
    Left Leg.CFrame = CFrame.new(-7.62939e-06, 0, 3.8147e-06, 0.995591, -0.0937869, -0.0013414, 0.093787, 0.995185, 0.0284843, -0.0013364, -0.0284845, 0.999593)
    Right Arm.CFrame = CFrame.new(0.951149, -1.11815, -0.421331, 0.323667, -0.923916, -0.204005, 0.915222, 0.36041, -0.180201, 0.240017, -0.128385, 0.962242)
    Head.CFrame = CFrame.new(0, 0, 9.53674e-07, 0.379646, -0.923961, -0.0465262, 0.919885, 0.382364, -0.087227, 0.0983843, -0.00968339, 0.995101)
    Left Arm.CFrame = CFrame.new(-0.630463, -0.69222, -0.538219, -0.65589, 0.629455, -0.416647, -0.684811, -0.728377, -0.0223684, -0.317556, 0.270653, 0.908793)
    Right Leg.CFrame = CFrame.new(0, 0, 0, 1, 0, 0, 0, 1, 0, 0, 0, 1)

[33]
    Time: 2.533333
    HumanoidRootPart.CFrame = CFrame.new(0, 0, 0, 1, 0, 0, 0, 1, 0, 0, 0, 1)
    Torso.CFrame = CFrame.new(1.07407, 7.62939e-06, 0, 0.290482, 0.956435, 0.0291853, -0.956843, 0.290605, 2.56067e-05, -0.00845692, -0.0279332, 0.999574)
    Left Leg.CFrame = CFrame.new(7.62939e-06, 2.38419e-07, 5.72205e-06, 0.995591, -0.093787, -0.00134143, 0.093787, 0.995185, 0.0284842, -0.00133646, -0.0284844, 0.999593)
    Right Arm.CFrame = CFrame.new(0.883668, -1.10012, -0.441832, 0.323666, -0.923917, -0.204005, 0.915222, 0.36041, -0.180202, 0.240017, -0.128385, 0.962242)
    Head.CFrame = CFrame.new(1.34221e-06, -5.36883e-06, -5.29819e-08, 0.380931, -0.924224, -0.0264963, 0.924124, 0.3815, -0.0212774, 0.0297735, -0.0163807, 0.999422)
    Left Arm.CFrame = CFrame.new(-0.621024, -0.629697, -0.535338, -0.65589, 0.629455, -0.416648, -0.684811, -0.728377, -0.0223684, -0.317556, 0.270654, 0.908793)
    Right Leg.CFrame = CFrame.new(0, 0, 0, 1, 0, 0, 0, 1, 0, 0, 0, 1)

[34]
    Time: 2.600000
    HumanoidRootPart.CFrame = CFrame.new(0, 0, 0, 1, 0, 0, 0, 1, 0, 0, 0, 1)
    Torso.CFrame = CFrame.new(1.00926, 7.62939e-06, 0, 0.290604, 0.956836, 0.00373676, -0.956843, 0.290606, 2.56065e-05, -0.00106142, -0.00358293, 0.999993)
    Left Leg.CFrame = CFrame.new(7.62939e-06, -2.38419e-07, 5.72205e-06, 0.995592, -0.093787, -0.00134143, 0.0937871, 0.995185, 0.0284842, -0.00133643, -0.0284844, 0.999593)
    Right Arm.CFrame = CFrame.new(0.858807, -1.09347, -0.449385, 0.323666, -0.923917, -0.204005, 0.915222, 0.36041, -0.180202, 0.240017, -0.128385, 0.962242)
    Head.CFrame = CFrame.new(1.83671e-06, -7.34682e-06, -4.23855e-07, 0.381057, -0.924354, -0.0191021, 0.924541, 0.38107, 0.00306879, 0.00444259, -0.01883, 0.999813)
    Left Arm.CFrame = CFrame.new(-0.617547, -0.606662, -0.534276, -0.65589, 0.629455, -0.416648, -0.684811, -0.728377, -0.0223684, -0.317557, 0.270654, 0.908793)
    Right Leg.CFrame = CFrame.new(0, 0, 0, 1, 0, 0, 0, 1, 0, 0, 0, 1)

[35]
    Time: 2.666667
    HumanoidRootPart.CFrame = CFrame.new(0, 0, 0, 1, 0, 0, 0, 1, 0, 0, 0, 1)
    Torso.CFrame = CFrame.new(1, 7.62939e-06, 0, 0.290605, 0.956843, 0.000100669, -0.956843, 0.290605, 2.56065e-05, -4.75343e-06, -0.000103765, 1)
    Left Leg.CFrame = CFrame.new(0, 0, 3.8147e-06, 0.995591, -0.093787, -0.00134143, 0.0937871, 0.995185, 0.0284842, -0.00133643, -0.0284844, 0.999593)
    Right Arm.CFrame = CFrame.new(0.855255, -1.09253, -0.450464, 0.323666, -0.923917, -0.204005, 0.915222, 0.36041, -0.180202, 0.240017, -0.128385, 0.962242)
    Head.CFrame = CFrame.new(1.90735e-06, -7.62939e-06, -4.76837e-07, 0.38106, -0.924374, -0.0180456, 0.92455, 0.381004, 0.00654731, 0.00082327, -0.019179, 0.999816)
    Left Arm.CFrame = CFrame.new(-0.61705, -0.603371, -0.534124, -0.65589, 0.629455, -0.416648, -0.684811, -0.728377, -0.0223684, -0.317557, 0.270654, 0.908793)
    Right Leg.CFrame = CFrame.new(0, 0, 0, 1, 0, 0, 0, 1, 0, 0, 0, 1)

[36]
    Time: 2.800000
    HumanoidRootPart.CFrame = CFrame.new(0, 0, 0, 1, 0, 0, 0, 1, 0, 0, 0, 1)
    Torso.CFrame = CFrame.new(2.875, 7.62939e-06, 0, 0.289008, 0.952298, -0.0979969, -0.956904, 0.290406, 2.58163e-06, 0.0284613, 0.0937728, 0.995187)
    Left Leg.CFrame = CFrame.new(0, 0, 0, 1, 0, 0, 0, 1, 0, 0, 0, 1)
    Right Arm.CFrame = CFrame.new(0.629227, -0.757071, -0.519032, -0.919059, -0.368643, 0.139402, 0.391612, -0.81434, 0.428357, -0.0443904, 0.448277, 0.892792)
    Head.CFrame = CFrame.new(0, 0, 9.53674e-07, 0.379622, -0.923973, -0.0464836, 0.919891, 0.382336, -0.0872934, 0.0984291, -0.0096213, 0.995098)
    Left Arm.CFrame = CFrame.new(-0.642151, -0.616713, -0.541668, -0.854043, 0.313449, -0.415162, -0.357562, -0.93338, 0.0308456, -0.377835, 0.174789, 0.909225)
    Right Leg.CFrame = CFrame.new(0, 0, 0, 0.995591, -0.093793, -0.00133789, 0.0937929, 0.995185, 0.0284648, -0.00133836, -0.0284647, 0.999594)

[37]
    Time: 2.866667
    HumanoidRootPart.CFrame = CFrame.new(0, 0, 0, 1, 0, 0, 0, 1, 0, 0, 0, 1)
    Torso.CFrame = CFrame.new(3.25, 7.62939e-06, 0, 0.289206, 0.952225, 0.0981173, -0.956843, 0.290606, 2.56337e-05, -0.0284891, -0.0938902, 0.995175)
    Left Leg.CFrame = CFrame.new(-7.62939e-06, 0, 3.8147e-06, 0.995591, -0.0937869, -0.0013414, 0.093787, 0.995185, 0.0284843, -0.0013364, -0.0284845, 0.999593)
    Right Arm.CFrame = CFrame.new(0.951149, -1.11815, -0.421331, 0.323667, -0.923916, -0.204005, 0.915222, 0.36041, -0.180201, 0.240017, -0.128385, 0.962242)
    Head.CFrame = CFrame.new(0, 0, 9.53674e-07, 0.379646, -0.923961, -0.0465262, 0.919885, 0.382364, -0.087227, 0.0983843, -0.00968339, 0.995101)
    Left Arm.CFrame = CFrame.new(-0.630463, -0.69222, -0.538219, -0.65589, 0.629455, -0.416647, -0.684811, -0.728377, -0.0223684, -0.317556, 0.270653, 0.908793)
    Right Leg.CFrame = CFrame.new(0, 0, 0, 1, 0, 0, 0, 1, 0, 0, 0, 1)

[38]
    Time: 2.933333
    HumanoidRootPart.CFrame = CFrame.new(0, 0, 0, 1, 0, 0, 0, 1, 0, 0, 0, 1)
    Torso.CFrame = CFrame.new(3.07407, 7.62939e-06, 0, 0.290482, 0.956435, 0.0291853, -0.956843, 0.290605, 2.56067e-05, -0.00845692, -0.0279332, 0.999574)
    Left Leg.CFrame = CFrame.new(7.62939e-06, 2.38419e-07, 5.72205e-06, 0.995591, -0.093787, -0.00134143, 0.093787, 0.995185, 0.0284842, -0.00133646, -0.0284844, 0.999593)
    Right Arm.CFrame = CFrame.new(0.883668, -1.10012, -0.441832, 0.323666, -0.923917, -0.204005, 0.915222, 0.36041, -0.180202, 0.240017, -0.128385, 0.962242)
    Head.CFrame = CFrame.new(1.34221e-06, -5.36883e-06, -5.29819e-08, 0.380931, -0.924224, -0.0264963, 0.924124, 0.3815, -0.0212774, 0.0297735, -0.0163807, 0.999422)
    Left Arm.CFrame = CFrame.new(-0.621024, -0.629697, -0.535338, -0.65589, 0.629455, -0.416648, -0.684811, -0.728377, -0.0223684, -0.317556, 0.270654, 0.908793)
    Right Leg.CFrame = CFrame.new(0, 0, 0, 1, 0, 0, 0, 1, 0, 0, 0, 1)

[39]
    Time: 3.000000
    HumanoidRootPart.CFrame = CFrame.new(0, 0, 0, 1, 0, 0, 0, 1, 0, 0, 0, 1)
    Torso.CFrame = CFrame.new(3.00926, 7.62939e-06, 0, 0.290604, 0.956836, 0.00373676, -0.956843, 0.290606, 2.56065e-05, -0.00106142, -0.00358293, 0.999993)
    Left Leg.CFrame = CFrame.new(7.62939e-06, -2.38419e-07, 5.72205e-06, 0.995592, -0.093787, -0.00134143, 0.0937871, 0.995185, 0.0284842, -0.00133643, -0.0284844, 0.999593)
    Right Arm.CFrame = CFrame.new(0.858807, -1.09347, -0.449385, 0.323666, -0.923917, -0.204005, 0.915222, 0.36041, -0.180202, 0.240017, -0.128385, 0.962242)
    Head.CFrame = CFrame.new(1.83671e-06, -7.34682e-06, -4.23855e-07, 0.381057, -0.924354, -0.0191021, 0.924541, 0.38107, 0.00306879, 0.00444259, -0.01883, 0.999813)
    Left Arm.CFrame = CFrame.new(-0.617547, -0.606662, -0.534276, -0.65589, 0.629455, -0.416648, -0.684811, -0.728377, -0.0223684, -0.317557, 0.270654, 0.908793)
    Right Leg.CFrame = CFrame.new(0, 0, 0, 1, 0, 0, 0, 1, 0, 0, 0, 1)

[40]
    Time: 3.066667
    HumanoidRootPart.CFrame = CFrame.new(0, 0, 0, 1, 0, 0, 0, 1, 0, 0, 0, 1)
    Torso.CFrame = CFrame.new(3, 7.62939e-06, 0, 0.290605, 0.956843, 0.000100669, -0.956843, 0.290605, 2.56065e-05, -4.75343e-06, -0.000103765, 1)
    Left Leg.CFrame = CFrame.new(0, 0, 3.8147e-06, 0.995591, -0.093787, -0.00134143, 0.0937871, 0.995185, 0.0284842, -0.00133643, -0.0284844, 0.999593)
    Right Arm.CFrame = CFrame.new(0.855255, -1.09253, -0.450464, 0.323666, -0.923917, -0.204005, 0.915222, 0.36041, -0.180202, 0.240017, -0.128385, 0.962242)
    Head.CFrame = CFrame.new(1.90735e-06, -7.62939e-06, -4.76837e-07, 0.38106, -0.924374, -0.0180456, 0.92455, 0.381004, 0.00654731, 0.00082327, -0.019179, 0.999816)
    Left Arm.CFrame = CFrame.new(-0.61705, -0.603371, -0.534124, -0.65589, 0.629455, -0.416648, -0.684811, -0.728377, -0.0223684, -0.317557, 0.270654, 0.908793)
    Right Leg.CFrame = CFrame.new(0, 0, 0, 1, 0, 0, 0, 1, 0, 0, 0, 1)

[41]
    Time: 3.200000
    HumanoidRootPart.CFrame = CFrame.new(0, 0, 0, 1, 0, 0, 0, 1, 0, 0, 0, 1)
    Torso.CFrame = CFrame.new(-3, -0.125, 0, 1, 0, 0, 0, 0.995185, -0.0980178, 0, 0.0980178, 0.995185)
    Left Leg.CFrame = CFrame.new(0, 0, 0, 0.995185, 0.0980171, 0, -0.0980171, 0.995185, 0, 0, 0, 1)
    Right Arm.CFrame = CFrame.new(0.0122566, -0.124398, 0, 0.995185, -0.0975458, 0.00960743, 0.0980178, 0.990393, -0.0975452, 0, 0.0980171, 0.995185)
    Head.CFrame = CFrame.new(0, 0, -2.38419e-07, 1, 0, 0, 0, 0.995185, -0.0980171, 0, 0.0980171, 0.995185)
    Left Arm.CFrame = CFrame.new(-0.0122604, -0.124397, 0, 0.995185, 0.0975459, -0.00960745, -0.0980179, 0.990393, -0.0975453, -1.76898e-09, 0.0980173, 0.995185)
    Right Leg.CFrame = CFrame.new(0, 0, 0, 0.995185, -0.0980171, 0, 0.0980171, 0.995185, 0, 0, 0, 1)

[42]
    Time: 3.400000
    HumanoidRootPart.CFrame = CFrame.new(0, 0, 0, 1, 0, 0, 0, 1, 0, 0, 0, 1)
    Torso.CFrame = CFrame.new(-3, -0.129128, -0.00206399, 1, 0, 0, 0, 0.994862, -0.101242, 0, 0.101242, 0.994862)
    Left Leg.CFrame = CFrame.new(-8.09374e-05, 0.000821601, 0, 0.994862, 0.101242, 0, -0.101242, 0.994862, -0, -0, 0, 1)
    Right Arm.CFrame = CFrame.new(0.0149178, -0.122546, 0, 0.995183, -0.0975301, 0.00992467, 0.0980333, 0.990391, -0.097545, -0.000315731, 0.0980481, 0.995182)
    Head.CFrame = CFrame.new(0, 0, -2.10862e-07, 0.999999, -0.000158873, 0.00161306, 0.000316216, 0.995185, -0.0980169, -0.00158972, 0.0980173, 0.995183)
