[1]
    Time: 0.000000
    HumanoidRootPart.CFrame = CFrame.new(0, 0, 0, 1, 0, 0, 0, 1, 0, 0, 0, 1)
    Torso.CFrame = CFrame.new(-0.415067, 0.0581515, -0.138861, 0.932401, -0.359158, 0.0404182, 0.358312, 0.933218, 0.0267848, -0.0473389, -0.0104919, 0.998824)
    Left Leg.CFrame = CFrame.new(-0.551601, 0.156033, -0.0557491, 0.972806, -0.216332, -0.0827602, 0.223161, 0.971089, 0.0847707, 0.0620288, -0.100934, 0.992958)
    Right Arm.CFrame = CFrame.new(0.0896651, -0.289782, -0.0937999, 0.23983, -0.605898, -0.758531, 0.861707, 0.492735, -0.121134, 0.44715, -0.62458, 0.640279)
    Left Arm.CFrame = CFrame.new(0.148216, -0.374923, -0.0597941, 0.509678, 0.67, 0.539749, -0.856996, 0.450815, 0.249645, -0.0760646, -0.589802, 0.803958)
    Right Leg.CFrame = CFrame.new(0.33289, -0.0421121, 0.0574871, 0.904886, 0.396366, -0.155165, -0.404894, 0.913979, -0.0265064, 0.131312, 0.0868107, 0.987533)
    Head.CFrame = CFrame.new(5.02914e-08, 7.45058e-09, -1.78814e-07, 0.987786, 0.155484, -0.0101512, -0.154004, 0.984136, 0.088089, 0.0236866, -0.0854498, 0.996061)

[2]
    Time: 0.033333
    HumanoidRootPart.CFrame = CFrame.new(0, 0, 0, 1, 0, 0, 0, 1, 0, 0, 0, 1)
    Torso.CFrame = CFrame.new(-0.417242, 0.0581515, 0.169691, 0.932454, -0.359146, 0.0392796, 0.358312, 0.933218, 0.0267848, -0.046276, -0.0109013, 0.998869)
    Left Leg.CFrame = CFrame.new(-0.0487718, 0.034961, -0.00359321, 0.993254, 0.074891, -0.0885308, -0.0688635, 0.995217, 0.069286, 0.0932963, -0.062722, 0.993661)
    Right Arm.CFrame = CFrame.new(0.0828068, -0.29775, -0.0936543, 0.257709, -0.588752, -0.766131, 0.851848, 0.512656, -0.107421, 0.456006, -0.624943, 0.633644)
    Left Arm.CFrame = CFrame.new(0.149925, -0.377719, -0.0600127, 0.521097, 0.665727, 0.534103, -0.850454, 0.457806, 0.259117, -0.0720145, -0.589255, 0.804731)
    Right Leg.CFrame = CFrame.new(-0.0704526, -0.017592, -0.00528038, 0.981119, 0.122401, -0.149744, -0.128839, 0.991081, -0.0340364, 0.144243, 0.0526867, 0.988139)
    Head.CFrame = CFrame.new(5.96046e-08, 2.23517e-08, -1.19209e-07, 0.986924, 0.16081, -0.0109702, -0.159416, 0.98389, 0.0809147, 0.0238054, -0.0781079, 0.996661)

[3]
    Time: 0.066667
    HumanoidRootPart.CFrame = CFrame.new(0, 0, 0, 1, 0, 0, 0, 1, 0, 0, 0, 1)
    Torso.CFrame = CFrame.new(-0.42313, 0.0581515, 0.394296, 0.932583, -0.359113, 0.0364329, 0.358311, 0.933218, 0.0267848, -0.0436186, -0.0119247, 0.998977)
    Left Leg.CFrame = CFrame.new(-0.0477308, 0.0274494, -0.00301987, 0.994917, 0.0518218, -0.0863414, -0.0472255, 0.997399, 0.0544534, 0.0889387, -0.0500991, 0.994776)
    Right Arm.CFrame = CFrame.new(0.0669495, -0.314737, -0.0937306, 0.295937, -0.549109, -0.781601, 0.828251, 0.555125, -0.0763991, 0.475837, -0.624753, 0.619083)
    Left Arm.CFrame = CFrame.new(0.153825, -0.383805, -0.0604469, 0.545921, 0.655978, 0.521213, -0.835462, 0.473021, 0.27974, -0.0630414, -0.58817, 0.806277)
    Right Leg.CFrame = CFrame.new(-0.0685689, -0.0192286, -0.00507659, 0.97985, 0.136301, -0.146, -0.143114, 0.989008, -0.037177, 0.139328, 0.0573225, 0.988586)
    Head.CFrame = CFrame.new(8.00937e-08, 0, 1.19209e-07, 0.984475, 0.175016, -0.01335, -0.173869, 0.982786, 0.0624571, 0.0240512, -0.0591663, 0.997958)

[4]
    Time: 0.100000
    HumanoidRootPart.CFrame = CFrame.new(0, 0, 0, 1, 0, 0, 0, 1, 0, 0, 0, 1)
    Torso.CFrame = CFrame.new(-0.431775, 0.0581515, 0.517166, 0.932738, -0.359067, 0.0327317, 0.358312, 0.933218, 0.0267848, -0.0401633, -0.013255, 0.999105)
    Left Leg.CFrame = CFrame.new(-0.0425594, 0.0215471, -0.00226021, 0.996947, 0.0178515, -0.0760177, -0.0146129, 0.99897, 0.042949, 0.076706, -0.041707, 0.996181)
    Right Arm.CFrame = CFrame.new(0.0500641, -0.330906, -0.0943512, 0.332331, -0.506896, -0.79537, 0.802092, 0.595547, -0.0444073, 0.49619, -0.623202, 0.604496)
    Left Arm.CFrame = CFrame.new(0.157912, -0.389794, -0.0608167, 0.570305, 0.64576, 0.507687, -0.819657, 0.487993, 0.300043, -0.0539919, -0.587245, 0.807607)
    Right Leg.CFrame = CFrame.new(-0.0648576, -0.0235552, -0.00476384, 0.97478, 0.174996, -0.138495, -0.182772, 0.982103, -0.0454774, 0.128058, 0.0696435, 0.989318)
    Head.CFrame = CFrame.new(6.51926e-08, 2.98023e-08, -5.96046e-08, 0.980571, 0.195407, -0.0172341, -0.194669, 0.980158, 0.0373473, 0.0241901, -0.0332667, 0.999154)

[5]
    Time: 0.133333
    HumanoidRootPart.CFrame = CFrame.new(0, 0, 0, 1, 0, 0, 0, 1, 0, 0, 0, 1)
    Torso.CFrame = CFrame.new(-0.442222, 0.0581515, 0.594094, 0.93288, -0.359015, 0.02903, 0.358312, 0.933218, 0.0267848, -0.0367075, -0.0145852, 0.99922)
    Left Leg.CFrame = CFrame.new(-0.0340707, 0.0173368, -0.00144285, 0.998117, -0.0164744, -0.0590908, 0.0185546, 0.999221, 0.0348299, 0.0584709, -0.0358607, 0.997645)
    Right Arm.CFrame = CFrame.new(0.0419238, -0.338019, -0.0947617, 0.347666, -0.486544, -0.8015, 0.789259, 0.613329, -0.0299601, 0.50616, -0.622175, 0.597243)
    Left Arm.CFrame = CFrame.new(0.159831, -0.392481, -0.0609632, 0.581234, 0.640963, 0.501332, -0.812208, 0.494712, 0.309157, -0.0498563, -0.586878, 0.808139)
    Right Leg.CFrame = CFrame.new(-0.0606127, -0.0287485, -0.00450063, 0.967938, 0.214987, -0.12991, -0.223583, 0.973103, -0.055505, 0.114483, 0.082771, 0.989971)
    Head.CFrame = CFrame.new(1.6205e-07, 0, 1.19209e-07, 0.975414, 0.219237, -0.0224327, -0.219056, 0.975659, 0.0102511, 0.0241341, -0.00508508, 0.999696)

[6]
    Time: 0.166667
    HumanoidRootPart.CFrame = CFrame.new(0, 0, 0, 1, 0, 0, 0, 1, 0, 0, 0, 1)
    Torso.CFrame = CFrame.new(-0.453515, 0.0581515, 0.634414, 0.932981, -0.358972, 0.0261824, 0.358312, 0.933218, 0.0267848, -0.0340488, -0.0156082, 0.999298)
    Left Leg.CFrame = CFrame.new(-0.0228593, 0.015246, -0.000734627, 0.998777, -0.0331488, -0.0366803, 0.0342849, 0.998938, 0.030791, 0.0356206, -0.032011, 0.998853)
    Right Arm.CFrame = CFrame.new(0.04436, -0.334642, -0.093377, 0.337208, -0.492635, -0.802248, 0.795447, 0.604888, -0.0370934, 0.503543, -0.625637, 0.595838)
    Left Arm.CFrame = CFrame.new(0.159412, -0.391524, -0.0606158, 0.577214, 0.64201, 0.504627, -0.814929, 0.492318, 0.305801, -0.05211, -0.587747, 0.807365)
    Right Leg.CFrame = CFrame.new(-0.0581668, -0.031348, -0.00436485, 0.964632, 0.232084, -0.124985, -0.240898, 0.96866, -0.0605493, 0.107016, 0.0885165, 0.990309)
    Head.CFrame = CFrame.new(1.08033e-07, -1.49012e-08, 2.38419e-07, 0.969423, 0.243742, -0.0284553, -0.244208, 0.969619, -0.014196, 0.0241307, 0.0207109, 0.999494)

[7]
    Time: 0.200000
    HumanoidRootPart.CFrame = CFrame.new(0, 0, 0, 1, 0, 0, 0, 1, 0, 0, 0, 1)
    Torso.CFrame = CFrame.new(-0.464699, 0.0581515, 0.647456, 0.933019, -0.358954, 0.0250432, 0.358312, 0.933218, 0.0267848, -0.0329853, -0.0160174, 0.999327)
    Left Leg.CFrame = CFrame.new(-0.0100522, 0.01473, -0.000297725, 0.999457, -0.0310653, -0.011026, 0.0313811, 0.999065, 0.0297339, 0.010092, -0.0300637, 0.999497)
    Right Arm.CFrame = CFrame.new(0.0513539, -0.324963, -0.0898355, 0.309954, -0.51012, -0.802313, 0.812237, 0.580689, -0.0554202, 0.494165, -0.634491, 0.594326)
    Left Arm.CFrame = CFrame.new(0.158154, -0.388642, -0.0595997, 0.565534, 0.645155, 0.513757, -0.822683, 0.485113, 0.296408, -0.0580007, -0.590288, 0.805106)
    Right Leg.CFrame = CFrame.new(-0.058435, -0.0303212, -0.00433242, 0.965692, 0.227323, -0.125551, -0.235948, 0.970001, -0.0585348, 0.108478, 0.08615, 0.990359)
    Head.CFrame = CFrame.new(8.75443e-08, -2.23517e-08, 0, 0.963292, 0.266232, -0.0344693, -0.267305, 0.963098, -0.0314744, 0.0248178, 0.0395329, 0.99891)

[8]
    Time: 0.233333
    HumanoidRootPart.CFrame = CFrame.new(0, 0, 0, 1, 0, 0, 0, 1, 0, 0, 0, 1)
    Torso.CFrame = CFrame.new(-0.47482, 0.0581515, 0.642551, 0.933019, -0.358954, 0.0250432, 0.358312, 0.933218, 0.0267848, -0.0329853, -0.0160174, 0.999327)
    Left Leg.CFrame = CFrame.new(0.00329255, 0.0145255, -0.000201225, 0.999577, -0.0244708, 0.0157098, 0.0240038, 0.999284, 0.0292584, -0.0164145, -0.028869, 0.999448)
    Right Arm.CFrame = CFrame.new(0.0613884, -0.30988, -0.0847962, 0.268679, -0.535206, -0.800853, 0.835681, 0.542983, -0.082509, 0.479009, -0.647089, 0.59315)
    Left Arm.CFrame = CFrame.new(0.156096, -0.383815, -0.0579467, 0.5467, 0.650301, 0.527473, -0.834709, 0.473047, 0.281934, -0.0661774, -0.59442, 0.801427)
    Right Leg.CFrame = CFrame.new(-0.0603494, -0.0272049, -0.00438094, 0.967104, 0.219, -0.129416, -0.227216, 0.972435, -0.0523749, 0.114378, 0.0800572, 0.990206)
    Head.CFrame = CFrame.new(8.75443e-08, -7.45058e-09, 2.38419e-07, 0.958013, 0.284188, -0.0380525, -0.285569, 0.957616, -0.0377224, 0.0257194, 0.0470051, 0.998563)

[9]
    Time: 0.266667
    HumanoidRootPart.CFrame = CFrame.new(0, 0, 0, 1, 0, 0, 0, 1, 0, 0, 0, 1)
    Torso.CFrame = CFrame.new(-0.483115, 0.0581515, 0.616975, 0.933019, -0.358954, 0.0250432, 0.358312, 0.933218, 0.0267848, -0.0329853, -0.0160174, 0.999327)
    Left Leg.CFrame = CFrame.new(0.0163896, 0.0135972, -0.000432849, 0.999, -0.015486, 0.0419433, 0.0143472, 0.999524, 0.027315, -0.0423464, -0.0266859, 0.998747)
    Right Arm.CFrame = CFrame.new(0.0728728, -0.290344, -0.0789595, 0.216309, -0.563917, -0.796999, 0.861638, 0.494141, -0.115778, 0.45912, -0.661681, 0.59278)
    Left Arm.CFrame = CFrame.new(0.153323, -0.377009, -0.0556866, 0.521155, 0.657231, 0.544467, -0.850136, 0.456029, 0.26326, -0.0752707, -0.600071, 0.796398)
    Right Leg.CFrame = CFrame.new(-0.0636767, -0.0218126, -0.00453037, 0.968363, 0.209162, -0.136104, -0.216537, 0.975384, -0.0416818, 0.124035, 0.0698346, 0.989817)
    Head.CFrame = CFrame.new(7.26432e-08, 7.45058e-09, 1.19209e-07, 0.954479, 0.295805, -0.0383297, -0.297133, 0.95418, -0.0353793, 0.0261081, 0.0451578, 0.998639)

[10]
    Time: 0.300000
    HumanoidRootPart.CFrame = CFrame.new(0, 0, 0, 1, 0, 0, 0, 1, 0, 0, 0, 1)
    Torso.CFrame = CFrame.new(-0.489606, 0.0581515, 0.555718, 0.933019, -0.358954, 0.0250432, 0.358312, 0.933218, 0.0267848, -0.0329853, -0.0160174, 0.999327)
    Left Leg.CFrame = CFrame.new(0.0288013, 0.0119938, -0.000953317, 0.997755, -0.00509822, 0.0667785, 0.00350134, 0.999706, 0.024008, -0.0668813, -0.0237202, 0.997479)
    Right Arm.CFrame = CFrame.new(0.084327, -0.267554, -0.0729977, 0.156328, -0.592553, -0.790217, 0.886364, 0.437166, -0.152465, 0.435799, -0.676585, 0.593559)
    Left Arm.CFrame = CFrame.new(0.149955, -0.368159, -0.0528548, 0.489299, 0.665653, 0.563465, -0.868068, 0.433907, 0.241211, -0.0839284, -0.60715, 0.790142)
    Right Leg.CFrame = CFrame.new(-0.0678854, -0.0149961, -0.00483608, 0.969068, 0.200044, -0.144536, -0.20611, 0.978124, -0.028141, 0.135745, 0.057061, 0.989099)
    Head.CFrame = CFrame.new(1.17347e-07, -1.49012e-08, -5.96046e-08, 0.952469, 0.302357, -0.0371953, -0.303498, 0.952355, -0.0301418, 0.0263096, 0.0399978, 0.998853)

[11]
    Time: 0.333333
    HumanoidRootPart.CFrame = CFrame.new(0, 0, 0, 1, 0, 0, 0, 1, 0, 0, 0, 1)
    Torso.CFrame = CFrame.new(-0.494508, 0.0581515, 0.446395, 0.933019, -0.358954, 0.0250432, 0.358312, 0.933218, 0.0267848, -0.0329853, -0.0160174, 0.999327)
    Left Leg.CFrame = CFrame.new(0.0401072, 0.00976962, -0.00168598, 0.995979, 0.00633306, 0.0893587, -0.00810258, 0.999778, 0.0194534, -0.0892157, -0.0200992, 0.99581)
    Right Arm.CFrame = CFrame.new(0.09456, -0.243041, -0.0674812, 0.0928933, -0.618135, -0.780564, 0.907037, 0.375885, -0.189722, 0.410675, -0.690377, 0.595589)
    Left Arm.CFrame = CFrame.new(0.146127, -0.357172, -0.0495008, 0.451491, 0.675223, 0.583292, -0.88764, 0.406436, 0.216575, -0.0908346, -0.615535, 0.782857)
    Right Leg.CFrame = CFrame.new(-0.0726414, -0.00729275, -0.00533783, 0.968975, 0.193294, -0.154031, -0.197572, 0.980205, -0.0128147, 0.148505, 0.0428492, 0.987983)
    Head.CFrame = CFrame.new(1.17347e-07, -3.72529e-08, -2.38419e-07, 0.95136, 0.306057, -0.0352599, -0.306952, 0.951435, -0.0234966, 0.0263562, 0.0331768, 0.999102)

[12]
    Time: 0.366667
    HumanoidRootPart.CFrame = CFrame.new(0, 0, 0, 1, 0, 0, 0, 1, 0, 0, 0, 1)
    Torso.CFrame = CFrame.new(-0.498036, 0.0581515, 0.271336, 0.933019, -0.358954, 0.0250432, 0.358312, 0.933218, 0.0267848, -0.0329853, -0.0160174, 0.999327)
    Left Leg.CFrame = CFrame.new(0.0498208, 0.00684315, -0.00251472, 0.993891, 0.0191878, 0.108685, -0.0207746, 0.999693, 0.0134857, -0.108393, -0.0156611, 0.993985)
    Right Arm.CFrame = CFrame.new(0.102809, -0.218626, -0.062816, 0.0306634, -0.638758, -0.768796, 0.922134, 0.314846, -0.224812, 0.385653, -0.70204, 0.598675)
    Left Arm.CFrame = CFrame.new(0.14199, -0.3439, -0.045697, 0.408037, 0.685564, 0.602916, -0.90804, 0.373258, 0.190111, -0.0947106, -0.625044, 0.774822)
    Right Leg.CFrame = CFrame.new(-0.0778858, 0.00119108, -0.00608456, 0.967694, 0.191116, -0.164448, -0.193082, 0.981174, 0.00409981, 0.162135, 0.0277844, 0.986377)
    Head.CFrame = CFrame.new(1.32248e-07, -2.23517e-08, 1.19209e-07, 0.950454, 0.309096, -0.0331374, -0.309754, 0.950666, -0.0169202, 0.0262727, 0.0263463, 0.999308)

[13]
    Time: 0.400000
    HumanoidRootPart.CFrame = CFrame.new(0, 0, 0, 1, 0, 0, 0, 1, 0, 0, 0, 1)
    Torso.CFrame = CFrame.new(-0.500405, 0.0581515, 0.0144627, 0.933019, -0.358954, 0.0250432, 0.358312, 0.933218, 0.0267848, -0.0329853, -0.0160174, 0.999327)
    Left Leg.CFrame = CFrame.new(-0.152875, 0.0217462, 0.0227649, 0.988332, -0.0892, 0.123467, 0.0892166, 0.995998, 0.00540496, -0.123455, 0.00567344, 0.992334)
    Right Arm.CFrame = CFrame.new(0.108791, -0.196286, -0.0592148, -0.0255276, -0.653712, -0.756313, 0.931526, 0.258997, -0.255303, 0.362777, -0.711043, 0.602338)
    Left Arm.CFrame = CFrame.new(0.137709, -0.328141, -0.0415493, 0.359161, 0.696266, 0.621464, -0.9285, 0.333862, 0.162558, -0.0942994, -0.635414, 0.766392)
    Right Leg.CFrame = CFrame.new(-0.0752663, 0.00925201, -0.00560206, 0.963397, 0.201852, -0.176413, -0.200859, 0.979335, 0.0236595, 0.177543, 0.0126408, 0.984032)
    Head.CFrame = CFrame.new(1.02445e-07, -7.45058e-09, 3.57628e-07, 0.949014, 0.313664, -0.0314242, -0.314152, 0.949298, -0.0118918, 0.0261009, 0.0211575, 0.999435)

[14]
    Time: 0.433333
    HumanoidRootPart.CFrame = CFrame.new(0, 0, 0, 1, 0, 0, 0, 1, 0, 0, 0, 1)
    Torso.CFrame = CFrame.new(-0.501831, 0.0581515, -0.289132, 0.933019, -0.358954, 0.0250432, 0.358312, 0.933218, 0.0267848, -0.0329853, -0.0160174, 0.999327)
    Left Leg.CFrame = CFrame.new(-0.622467, 0.184283, 0.0884541, 0.925215, -0.355764, 0.131949, 0.359679, 0.933055, -0.00631394, -0.120869, 0.0533009, 0.991237)
    Right Arm.CFrame = CFrame.new(0.112634, -0.178016, -0.056717, -0.0709865, -0.66332, -0.744962, 0.936251, 0.213322, -0.279158, 0.344087, -0.717287, 0.605891)
    Left Arm.CFrame = CFrame.new(0.133467, -0.309613, -0.037211, 0.304971, 0.706873, 0.638219, -0.948256, 0.287541, 0.13465, -0.0883337, -0.646259, 0.757988)
    Right Leg.CFrame = CFrame.new(0.541028, 0.00231618, 0.116342, 0.805785, 0.560053, -0.192488, -0.561901, 0.825682, 0.0501592, 0.187026, 0.0677415, 0.980017)
    Head.CFrame = CFrame.new(1.47149e-07, -3.35276e-08, 2.38419e-07, 0.946259, 0.321949, -0.030712, -0.322372, 0.946561, -0.00989066, 0.0258865, 0.0192598, 0.999479)

[15]
    Time: 0.466667
    HumanoidRootPart.CFrame = CFrame.new(0, 0, 0, 1, 0, 0, 0, 1, 0, 0, 0, 1)
    Torso.CFrame = CFrame.new(-0.502528, 0.0581515, -0.504732, 0.933019, -0.358954, 0.0250432, 0.358312, 0.933218, 0.0267848, -0.0329853, -0.0160174, 0.999327)
    Left Leg.CFrame = CFrame.new(-0.764137, 0.334953, 0.11528, 0.891907, -0.431533, 0.135209, 0.437732, 0.898915, -0.018526, -0.113547, 0.0757089, 0.990644)
    Right Arm.CFrame = CFrame.new(0.114708, -0.16573, -0.0552558, -0.101315, -0.668506, -0.736773, 0.93799, 0.182605, -0.294671, 0.331528, -0.72094, 0.608551)
    Left Arm.CFrame = CFrame.new(0.129476, -0.287937, -0.0329063, 0.245417, 0.716848, 0.652609, -0.966474, 0.233348, 0.10713, -0.0754889, -0.657021, 0.750083)
    Right Leg.CFrame = CFrame.new(0.735957, 0.0763155, 0.165643, 0.708849, 0.673316, -0.210187, -0.673996, 0.734429, 0.0796468, 0.207995, 0.0852078, 0.974412)
    Head.CFrame = CFrame.new(8.75443e-08, 0, -1.19209e-07, 0.941298, 0.336151, -0.0309814, -0.336605, 0.941586, -0.0106621, 0.0255875, 0.0204647, 0.999463)

[16]
    Time: 0.500000
    HumanoidRootPart.CFrame = CFrame.new(0, 0, 0, 1, 0, 0, 0, 1, 0, 0, 0, 1)
    Torso.CFrame = CFrame.new(-0.502713, 0.0581515, -0.568325, 0.933019, -0.358954, 0.0250432, 0.358312, 0.933218, 0.0267848, -0.0329853, -0.0160174, 0.999327)
    Left Leg.CFrame = CFrame.new(-0.786239, 0.386163, 0.122815, 0.886467, -0.442052, 0.13699, 0.449038, 0.893204, -0.0234688, -0.111986, 0.0823182, 0.990294)
    Right Arm.CFrame = CFrame.new(0.115366, -0.161242, -0.0547652, -0.112344, -0.670151, -0.733673, 0.938343, 0.171386, -0.300232, 0.326942, -0.722166, 0.609578)
    Left Arm.CFrame = CFrame.new(0.126011, -0.262612, -0.028965, 0.180245, 0.725511, 0.664188, -0.982121, 0.170036, 0.0807883, -0.0543234, -0.666875, 0.743187)
    Right Leg.CFrame = CFrame.new(0.776645, 0.106575, 0.178183, 0.683271, 0.697062, -0.217362, -0.696685, 0.711493, 0.0916942, 0.218568, 0.0887807, 0.971775)
    Head.CFrame = CFrame.new(1.6205e-07, -2.6077e-08, -4.17233e-07, 0.933019, 0.358312, -0.0329853, -0.358954, 0.933218, -0.0160174, 0.0250432, 0.0267848, 0.999328)

[17]
    Time: 0.533333
    HumanoidRootPart.CFrame = CFrame.new(0, 0, 0, 1, 0, 0, 0, 1, 0, 0, 0, 1)
    Torso.CFrame = CFrame.new(0.496448, 0.0581563, -0.0862734, 0.615732, 0.787211, -0.0342537, -0.787516, 0.613354, -0.0601285, -0.0263242, 0.0639983, 0.997603)
    Left Leg.CFrame = CFrame.new(-0.286899, -0.188352, 0.134421, 0.419073, -0.883009, 0.211359, 0.85791, 0.461313, 0.226233, -0.297268, 0.0865188, 0.950866)
    Right Arm.CFrame = CFrame.new(0.0670374, -0.655022, 0.000215292, 0.684368, -0.620732, -0.382534, 0.725168, 0.524785, 0.445794, -0.0759704, -0.582488, 0.809281)
    Left Arm.CFrame = CFrame.new(-0.388535, -0.0670585, 0.02163, 0.260211, 0.744237, 0.615143, -0.871224, -0.0936716, 0.481865, 0.416243, -0.661314, 0.624024)
    Right Leg.CFrame = CFrame.new(0.431261, -0.270103, 0.109239, 0.554106, 0.801069, -0.226397, -0.824416, 0.565761, -0.0159015, 0.115349, 0.195457, 0.973905)
    Head.CFrame = CFrame.new(5.0175e-08, -5.00586e-08, 4.76837e-07, 0.726114, -0.673325, 0.139259, 0.672266, 0.737734, 0.0617036, -0.144282, 0.0488151, 0.988332)

[18]
    Time: 0.566667
    HumanoidRootPart.CFrame = CFrame.new(0, 0, 0, 1, 0, 0, 0, 1, 0, 0, 0, 1)
    Torso.CFrame = CFrame.new(0.48534, 0.0581898, 0.18198, 0.615776, 0.787579, -0.0232126, -0.787501, 0.614219, -0.0507576, -0.025718, 0.0495353, 0.998441)
    Left Leg.CFrame = CFrame.new(-0.426382, -0.383086, 0.161739, 0.142975, -0.979318, 0.143156, 0.963254, 0.170917, 0.207192, -0.227375, 0.108272, 0.96777)
    Right Arm.CFrame = CFrame.new(0.00332707, -0.699112, 0.0150331, 0.81585, -0.461456, -0.348493, 0.578065, 0.63501, 0.512449, -0.0151762, -0.619533, 0.784824)
    Left Arm.CFrame = CFrame.new(-0.378227, -0.0559637, 0.0310576, 0.270261, 0.718467, 0.640909, -0.858554, -0.12141, 0.498141, 0.43571, -0.684883, 0.584031)
    Right Leg.CFrame = CFrame.new(0.554851, -0.381797, 0.195633, 0.276113, 0.923009, -0.267986, -0.952297, 0.300433, 0.0535855, 0.129972, 0.240407, 0.961931)
    Head.CFrame = CFrame.new(6.00703e-08, -7.49715e-08, -2.98023e-07, 0.724963, -0.675686, 0.133707, 0.675991, 0.735205, 0.0501048, -0.132157, 0.0540608, 0.989753)

[19]
    Time: 0.600000
    HumanoidRootPart.CFrame = CFrame.new(0, 0, 0, 1, 0, 0, 0, 1, 0, 0, 0, 1)
    Torso.CFrame = CFrame.new(0.458772, 0.0582807, 0.344089, 0.616049, 0.787707, 0.0011203, -0.78733, 0.615798, -0.0300734, -0.0243789, 0.0176446, 0.999547)
    Left Leg.CFrame = CFrame.new(-0.390065, -0.469624, 0.176542, -0.041913, -0.992421, 0.115513, 0.972832, -0.0141896, 0.231076, -0.227686, 0.12206, 0.966054)
    Right Arm.CFrame = CFrame.new(-0.0239787, -0.71274, 0.0194843, 0.851959, -0.393192, -0.345784, 0.523069, 0.669079, 0.527951, 0.023771, -0.630661, 0.775694)
    Left Arm.CFrame = CFrame.new(-0.367564, -0.0513078, 0.0409908, 0.28277, 0.69181, 0.66441, -0.854461, -0.133049, 0.50219, 0.435819, -0.709716, 0.553502)
    Right Leg.CFrame = CFrame.new(0.547196, -0.488543, 0.210189, 0.0788438, 0.963483, -0.2559, -0.990489, 0.104748, 0.0892114, 0.112759, 0.246433, 0.962578)
    Head.CFrame = CFrame.new(9.68575e-08, -2.6077e-08, 2.38419e-07, 0.721858, -0.6818, 0.118617, 0.684272, 0.728803, 0.0248739, -0.103407, 0.0632109, 0.992629)

[20]
    Time: 0.633333
    HumanoidRootPart.CFrame = CFrame.new(0, 0, 0, 1, 0, 0, 0, 1, 0, 0, 0, 1)
    Torso.CFrame = CFrame.new(0.426881, 0.0584578, 0.42713, 0.616382, 0.787035, 0.0254633, -0.78711, 0.616742, -0.00933219, -0.0230491, -0.0142902, 0.999632)
    Left Leg.CFrame = CFrame.new(-0.325167, -0.481266, 0.196779, -0.144874, -0.984065, 0.103088, 0.954852, -0.111737, 0.275269, -0.259364, 0.138313, 0.955824)
    Right Arm.CFrame = CFrame.new(-0.0336539, -0.713547, 0.0244244, 0.855648, -0.369004, -0.362909, 0.515428, 0.671098, 0.53288, 0.046913, -0.643011, 0.764419)
    Left Arm.CFrame = CFrame.new(-0.357337, -0.0509771, 0.0505519, 0.294873, 0.666244, 0.684959, -0.856288, -0.133876, 0.498847, 0.424053, -0.733619, 0.53102)
    Right Leg.CFrame = CFrame.new(0.51027, -0.570831, 0.18764, -0.0358969, 0.972727, -0.229156, -0.996066, -0.0162365, 0.0871106, 0.0810142, 0.231382, 0.969484)
    Head.CFrame = CFrame.new(1.11759e-07, 1.86265e-08, 0, 0.716914, -0.690478, 0.0963038, 0.693664, 0.720299, 0.000553427, -0.0697497, 0.0664057, 0.995352)

[21]
    Time: 0.666667
    HumanoidRootPart.CFrame = CFrame.new(0, 0, 0, 1, 0, 0, 0, 1, 0, 0, 0, 1)
    Torso.CFrame = CFrame.new(0.399804, 0.0587498, 0.458179, 0.616547, 0.786471, 0.0365208, -0.786998, 0.616955, 0.000105486, -0.0224488, -0.0288069, 0.999333)
    Left Leg.CFrame = CFrame.new(-0.292499, -0.464163, 0.217442, -0.185116, -0.977267, 0.103348, 0.937857, -0.144275, 0.315608, -0.293523, 0.15535, 0.943245)
    Right Arm.CFrame = CFrame.new(-0.0460555, -0.708663, 0.0360315, 0.859903, -0.338, -0.382521, 0.506425, 0.658888, 0.556237, 0.0640308, -0.672029, 0.737752)
    Left Arm.CFrame = CFrame.new(-0.348455, -0.0527945, 0.0586971, 0.304362, 0.644038, 0.70184, -0.860918, -0.129333, 0.49203, 0.407656, -0.753982, 0.5151)
    Right Leg.CFrame = CFrame.new(0.503721, -0.61285, 0.159766, -0.07524, 0.97542, -0.207113, -0.995904, -0.0630602, 0.064803, 0.0501496, 0.21114, 0.976168)
    Head.CFrame = CFrame.new(4.84288e-08, -3.35276e-08, 0, 0.710148, -0.700647, 0.0691678, 0.702703, 0.711438, -0.00804132, -0.0435745, 0.0543149, 0.997573)

[22]
    Time: 0.700000
    HumanoidRootPart.CFrame = CFrame.new(0, 0, 0, 1, 0, 0, 0, 1, 0, 0, 0, 1)
    Torso.CFrame = CFrame.new(0.380389, 0.0591853, 0.464311, 0.616135, 0.786813, 0.0360928, -0.787323, 0.61654, -0.000127591, -0.0223531, -0.0283381, 0.999348)
    Left Leg.CFrame = CFrame.new(-0.290309, -0.455454, 0.229282, -0.191326, -0.975282, 0.11054, 0.932093, -0.145243, 0.331825, -0.307568, 0.166521, 0.936842)
    Right Arm.CFrame = CFrame.new(-0.0632028, -0.699348, 0.052572, 0.8678, -0.295132, -0.399776, 0.490722, 0.635599, 0.595992, 0.0782012, -0.71338, 0.6964)
    Left Arm.CFrame = CFrame.new(-0.341938, -0.0544415, 0.0644169, 0.309608, 0.627746, 0.714197, -0.865387, -0.125216, 0.485208, 0.394016, -0.768281, 0.504475)
    Right Leg.CFrame = CFrame.new(0.531271, -0.61919, 0.148527, -0.0734664, 0.978388, -0.193284, -0.996527, -0.0643987, 0.0527935, 0.0392053, 0.196492, 0.979721)
    Head.CFrame = CFrame.new(8.56817e-08, 3.72529e-09, -4.17233e-07, 0.701395, -0.711612, 0.0406636, 0.712353, 0.701798, -0.00572842, -0.0244612, 0.0329847, 0.999156)

[23]
    Time: 0.733333
    HumanoidRootPart.CFrame = CFrame.new(0, 0, 0, 1, 0, 0, 0, 1, 0, 0, 0, 1)
    Torso.CFrame = CFrame.new(0.364494, 0.0597931, 0.460679, 0.614777, 0.788006, 0.0331093, -0.788402, 0.615158, -0.00172072, -0.0217234, -0.0250456, 0.99945)
    Left Leg.CFrame = CFrame.new(-0.325981, -0.460338, 0.226542, -0.168114, -0.980039, 0.106122, 0.937993, -0.125929, 0.322971, -0.30316, 0.153837, 0.94044)
    Right Arm.CFrame = CFrame.new(-0.0823288, -0.686822, 0.0701854, 0.876698, -0.247317, -0.412594, 0.472423, 0.604284, 0.641605, 0.0906443, -0.757414, 0.646613)
    Left Arm.CFrame = CFrame.new(-0.338858, -0.0534695, 0.0667495, 0.309317, 0.620045, 0.721018, -0.866986, -0.127645, 0.481707, 0.390715, -0.774113, 0.498087)
    Right Leg.CFrame = CFrame.new(0.579694, -0.599177, 0.148909, -0.0409438, 0.98126, -0.18829, -0.998409, -0.0328656, 0.0458274, 0.0387803, 0.189866, 0.981044)
    Head.CFrame = CFrame.new(7.82311e-08, -3.72529e-09, 1.19209e-07, 0.690649, -0.723031, 0.0151923, 0.72317, 0.690634, -0.00705954, -0.00538806, 0.0158623, 0.99986)

[24]
    Time: 0.766667
    HumanoidRootPart.CFrame = CFrame.new(0, 0, 0, 1, 0, 0, 0, 1, 0, 0, 0, 1)
    Torso.CFrame = CFrame.new(0.351766, 0.060602, 0.44224, 0.61226, 0.790261, 0.0250084, -0.790402, 0.612559, -0.00600182, -0.0200621, -0.016092, 0.999669)
    Left Leg.CFrame = CFrame.new(-0.421304, -0.456172, 0.212961, -0.0942636, -0.991323, 0.0916097, 0.951179, -0.0625155, 0.302243, -0.293893, 0.115628, 0.948819)
    Right Arm.CFrame = CFrame.new(-0.100368, -0.673201, 0.0857022, 0.884385, -0.202219, -0.420679, 0.455556, 0.570232, 0.683597, 0.101648, -0.796206, 0.596426)
    Left Arm.CFrame = CFrame.new(-0.338464, -0.0482066, 0.0661517, 0.300357, 0.61906, 0.725638, -0.866555, -0.140803, 0.478808, 0.398583, -0.772618, 0.494159)
    Right Leg.CFrame = CFrame.new(0.666335, -0.539533, 0.144022, 0.0541138, 0.981555, -0.183359, -0.998072, 0.0587615, 0.0200054, 0.0304109, 0.181923, 0.982842)
    Head.CFrame = CFrame.new(1.30385e-07, 1.86265e-08, -3.57628e-07, 0.678348, -0.734733, -0.0032501, 0.734663, 0.678335, -0.0115274, 0.0106742, 0.00543188, 0.999928)

[25]
    Time: 0.800000
    HumanoidRootPart.CFrame = CFrame.new(0, 0, 0, 1, 0, 0, 0, 1, 0, 0, 0, 1)
    Torso.CFrame = CFrame.new(0.341854, 0.0616406, 0.404653, 0.608331, 0.79363, 0.00918429, -0.793503, 0.608399, -0.0142677, -0.016911, 0.00139171, 0.999856)
    Left Leg.CFrame = CFrame.new(-0.557296, -0.408869, 0.182997, 0.0455141, -0.996047, 0.0762873, 0.959425, 0.0648573, 0.274404, -0.278267, 0.0607025, 0.958584)
    Right Arm.CFrame = CFrame.new(-0.114147, -0.661519, 0.0968606, 0.889133, -0.167772, -0.425789, 0.444099, 0.541026, 0.71419, 0.110542, -0.824102, 0.555551)
    Left Arm.CFrame = CFrame.new(-0.339215, -0.0400923, 0.0639565, 0.28422, 0.620937, 0.730518, -0.865788, -0.161088, 0.473774, 0.411861, -0.76713, 0.491815)
    Right Leg.CFrame = CFrame.new(0.777723, -0.411413, 0.130197, 0.22455, 0.960559, -0.164026, -0.974191, 0.225257, -0.0145179, 0.0230029, 0.163053, 0.986349)
    Head.CFrame = CFrame.new(1.11759e-07, 4.65661e-08, -2.98023e-07, 0.665076, -0.746622, -0.0151683, 0.746488, 0.665246, -0.0142415, 0.0207237, -0.00185128, 0.999784)

[26]
    Time: 0.833333
    HumanoidRootPart.CFrame = CFrame.new(0, 0, 0, 1, 0, 0, 0, 1, 0, 0, 0, 1)
    Torso.CFrame = CFrame.new(0.334405, 0.0629377, 0.341242, 0.60266, 0.797816, -0.0170462, -0.797909, 0.602138, -0.0277586, -0.0118821, 0.0303303, 0.999469)
    Left Leg.CFrame = CFrame.new(-0.688343, -0.288443, 0.136185, 0.262742, -0.962464, 0.0680452, 0.932056, 0.27141, 0.240016, -0.249475, 0.000359514, 0.968381)
    Right Arm.CFrame = CFrame.new(-0.120537, -0.655308, 0.102077, 0.889499, -0.151796, -0.430988, 0.441935, 0.5255, 0.72701, 0.116127, -0.837143, 0.534515)
    Left Arm.CFrame = CFrame.new(-0.341028, -0.0313039, 0.0604923, 0.266583, 0.625471, 0.733294, -0.863453, -0.183058, 0.470042, 0.428233, -0.758469, 0.491264)
    Right Leg.CFrame = CFrame.new(0.863137, -0.200095, 0.101695, 0.466045, 0.876535, -0.120369, -0.88439, 0.465459, -0.0346802, 0.0256284, 0.122616, 0.992123)
    Head.CFrame = CFrame.new(6.89179e-08, -5.58794e-09, 4.76837e-07, 0.65103, -0.758701, -0.0230837, 0.758774, 0.651313, -0.00726251, 0.0205448, -0.0127872, 0.999707)

[27]
    Time: 0.866667
    HumanoidRootPart.CFrame = CFrame.new(0, 0, 0, 1, 0, 0, 0, 1, 0, 0, 0, 1)
    Torso.CFrame = CFrame.new(0.329067, 0.0645219, 0.241118, 0.594797, 0.801892, -0.0564511, -0.803863, 0.592907, -0.0476062, -0.00470476, 0.0736949, 0.99727)
    Left Leg.CFrame = CFrame.new(-0.745492, -0.109098, 0.0844352, 0.533643, -0.843013, 0.0674795, 0.821338, 0.535629, 0.19623, -0.201569, -0.0492933, 0.978233)
    Right Arm.CFrame = CFrame.new(-0.121748, -0.653511, 0.103415, 0.887778, -0.148768, -0.435567, 0.444743, 0.521007, 0.72853, 0.118552, -0.840488, 0.528702)
    Left Arm.CFrame = CFrame.new(-0.343979, -0.0239946, 0.056161, 0.253095, 0.632849, 0.731741, -0.858767, -0.201332, 0.471153, 0.445492, -0.747642, 0.492513)
    Right Leg.CFrame = CFrame.new(0.850063, 0.0465198, 0.0576357, 0.727902, 0.682551, -0.0654491, -0.684687, 0.728666, -0.0157882, 0.0369143, 0.0563044, 0.997731)
    Head.CFrame = CFrame.new(9.77889e-08, 6.0536e-08, 0, 0.636232, -0.771056, -0.0261091, 0.771481, 0.636082, 0.0147475, 0.00523639, -0.0295255, 0.99955)

[28]
    Time: 0.900000
    HumanoidRootPart.CFrame = CFrame.new(0, 0, 0, 1, 0, 0, 0, 1, 0, 0, 0, 1)
    Torso.CFrame = CFrame.new(0.325489, 0.066422, 0.0859311, 0.584117, 0.803932, -0.111801, -0.811656, 0.579337, -0.0747218, 0.00469944, 0.13439, 0.990917)
    Left Leg.CFrame = CFrame.new(-0.709463, 0.0655901, 0.0465078, 0.772859, -0.630841, 0.068769, 0.616604, 0.772155, 0.153545, -0.149963, -0.0762651, 0.985746)
    Right Arm.CFrame = CFrame.new(-0.12218, -0.652479, 0.104129, 0.886555, -0.147688, -0.438415, 0.446892, 0.518427, 0.729055, 0.119614, -0.842272, 0.525615)
    Left Arm.CFrame = CFrame.new(-0.348275, -0.0203051, 0.0514407, 0.249351, 0.643587, 0.723615, -0.85128, -0.210556, 0.480613, 0.461678, -0.735841, 0.495371)
    Right Leg.CFrame = CFrame.new(0.731958, 0.242157, 0.012827, 0.920007, 0.390903, -0.0279697, -0.38997, 0.920215, 0.0335976, 0.0388715, -0.0200027, 0.999044)
    Head.CFrame = CFrame.new(7.40401e-08, -2.84053e-08, 2.38419e-07, 0.620538, -0.78382, -0.0236453, 0.783593, 0.618632, 0.0572493, -0.0302454, -0.0540536, 0.99808)

[29]
    Time: 0.933333
    HumanoidRootPart.CFrame = CFrame.new(0, 0, 0, 1, 0, 0, 0, 1, 0, 0, 0, 1)
    Torso.CFrame = CFrame.new(0.323319, 0.0686667, -0.148566, 0.570446, 0.798167, -0.1937, -0.821215, 0.558307, -0.117897, 0.0140429, 0.226323, 0.973951)
    Left Leg.CFrame = CFrame.new(-0.653044, 0.237149, 0.0271882, 0.924281, -0.373814, 0.0772486, 0.363455, 0.923702, 0.121139, -0.116638, -0.0838902, 0.989625)
    Right Arm.CFrame = CFrame.new(-0.12203, -0.651837, 0.104497, 0.884699, -0.148065, -0.442024, 0.450283, 0.516822, 0.728108, 0.12064, -0.843192, 0.523903)
    Left Arm.CFrame = CFrame.new(-0.355751, -0.0291197, 0.0471659, 0.269599, 0.662279, 0.699073, -0.843046, -0.18852, 0.50372, 0.465392, -0.725153, 0.507507)
    Right Leg.CFrame = CFrame.new(0.573681, 0.396353, -0.0215434, 0.998548, 0.0501397, -0.0197001, -0.0482288, 0.994973, 0.0877616, 0.0240014, -0.0866841, 0.995947)
    Head.CFrame = CFrame.new(7.82311e-08, 2.98023e-08, 1.19209e-07, 0.603929, -0.796843, -0.0176461, 0.790891, 0.59638, 0.137194, -0.0987984, -0.0968118, 0.990387)

[30]
    Time: 0.966667
    HumanoidRootPart.CFrame = CFrame.new(0, 0, 0, 1, 0, 0, 0, 1, 0, 0, 0, 1)
    Torso.CFrame = CFrame.new(0.322205, 0.0712848, -0.426882, 0.556201, 0.779248, -0.288815, -0.830808, 0.529733, -0.170708, 0.0199712, 0.334897, 0.942043)
    Left Leg.CFrame = CFrame.new(-0.608558, 0.441401, 0.0184128, 0.984684, -0.14613, 0.0950946, 0.136525, 0.985504, 0.100714, -0.108433, -0.0861887, 0.99036)
    Right Arm.CFrame = CFrame.new(-0.121503, -0.651202, 0.104792, 0.88103, -0.149381, -0.448856, 0.456806, 0.515237, 0.725162, 0.122942, -0.843929, 0.522177)
    Left Arm.CFrame = CFrame.new(-0.366772, -0.0521855, 0.0419233, 0.305111, 0.68983, 0.656537, -0.839373, -0.130854, 0.52757, 0.449845, -0.712047, 0.5391)
    Right Leg.CFrame = CFrame.new(0.45207, 0.609849, -0.0590149, 0.97411, -0.222835, -0.0381478, 0.225954, 0.965167, 0.131897, 0.00742778, -0.137102, 0.990529)
    Head.CFrame = CFrame.new(1.00583e-07, 1.69501e-07, 4.76837e-07, 0.588561, -0.808369, -0.0116507, 0.785832, 0.568648, 0.243123, -0.189908, -0.152248, 0.969925)

[31]
    Time: 1.000000
    HumanoidRootPart.CFrame = CFrame.new(0, 0, 0, 1, 0, 0, 0, 1, 0, 0, 0, 1)
    Torso.CFrame = CFrame.new(0.321794, 0.0743049, -0.595121, 0.545039, 0.754637, -0.365317, -0.838113, 0.502023, -0.213401, 0.0223575, 0.422488, 0.906093)
    Left Leg.CFrame = CFrame.new(-0.555613, 0.670091, 0.0100924, 0.992735, -0.0176782, 0.119019, 0.00666411, 0.995708, 0.0923091, -0.12014, -0.0908452, 0.988592)
    Right Arm.CFrame = CFrame.new(-0.12082, -0.650191, 0.105286, 0.874277, -0.15109, -0.461315, 0.468304, 0.512707, 0.719599, 0.127796, -0.845165, 0.519004)
    Left Arm.CFrame = CFrame.new(-0.380328, -0.0810779, 0.0321435, 0.329509, 0.723721, 0.606342, -0.846107, -0.0586238, 0.529779, 0.418958, -0.687598, 0.593029)
    Right Leg.CFrame = CFrame.new(0.330054, 0.787552, -0.0913267, 0.917623, -0.393164, -0.0582185, 0.397387, 0.904937, 0.152228, -0.00716638, -0.162823, 0.986629)
    Head.CFrame = CFrame.new(1.86265e-07, 1.41561e-07, -1.19209e-07, 0.573636, -0.819099, -0.00432282, 0.764323, 0.533362, 0.362404, -0.294539, -0.211192, 0.932011)

[32]
    Time: 1.033333
    HumanoidRootPart.CFrame = CFrame.new(0, 0, 0, 1, 0, 0, 0, 1, 0, 0, 0, 1)
    Torso.CFrame = CFrame.new(0.321736, 0.0777557, -0.637421, 0.540582, 0.74212, -0.39627, -0.840984, 0.489425, -0.230673, 0.0227572, 0.457954, 0.888684)
    Left Leg.CFrame = CFrame.new(-0.509879, 0.726773, 0.00888598, 0.990868, 0.0420026, 0.128129, -0.0532998, 0.994864, 0.0860547, -0.123856, -0.0920981, 0.988017)
    Right Arm.CFrame = CFrame.new(-0.120219, -0.648413, 0.10625, 0.862946, -0.152591, -0.481705, 0.486537, 0.508262, 0.710599, 0.136401, -0.847576, 0.512844)
    Left Arm.CFrame = CFrame.new(-0.397768, -0.107442, 0.0135938, 0.318626, 0.76732, 0.556505, -0.8721, 0.00728477, 0.489274, 0.371376, -0.641223, 0.671501)
    Right Leg.CFrame = CFrame.new(0.31401, 0.835463, -0.0884063, 0.897954, -0.436501, -0.0560924, 0.439814, 0.885551, 0.149542, -0.0156026, -0.158952, 0.987163)
    Head.CFrame = CFrame.new(1.8999e-07, 3.72529e-09, -2.38419e-07, 0.540582, -0.840984, 0.0227571, 0.74212, 0.489424, 0.457954, -0.39627, -0.230673, 0.888684)

[33]
    Time: 1.066667
    HumanoidRootPart.CFrame = CFrame.new(0, 0, 0, 1, 0, 0, 0, 1, 0, 0, 0, 1)
    Torso.CFrame = CFrame.new(0.3305, 0.1367, -0.112313, 0.980158, -0.131982, 0.147889, 0.154676, 0.975849, -0.154252, -0.123959, 0.174066, 0.976901)
    Left Leg.CFrame = CFrame.new(-0.478831, 0.386443, 0.0816967, 0.989595, 0.0276847, 0.141191, -0.0249582, 0.999467, -0.0210454, -0.141698, 0.0173026, 0.989759)
    Right Arm.CFrame = CFrame.new(0.452181, 0.0246785, 0.0408981, -0.0507514, -0.986566, -0.155282, 0.716387, 0.0723711, -0.69394, 0.695855, -0.14646, 0.703089)
    Left Arm.CFrame = CFrame.new(-0.474336, -0.483682, -0.112361, -0.727378, 0.667029, -0.161223, -0.590793, -0.728208, -0.347386, -0.34912, -0.157432, 0.923759)
    Right Leg.CFrame = CFrame.new(0.889799, 0.477515, -0.194294, 0.946357, 0.210864, 0.244838, -0.233047, 0.970281, 0.0651384, -0.223826, -0.118703, 0.967374)
    Head.CFrame = CFrame.new(7.33417e-08, 3.72529e-09, 0, 0.996412, 0.0244639, -0.0810254, -0.0249089, 0.99968, -0.00448621, 0.0808897, 0.00648835, 0.996702)

[34]
    Time: 1.100000
    HumanoidRootPart.CFrame = CFrame.new(0, 0, 0, 1, 0, 0, 0, 1, 0, 0, 0, 1)
    Torso.CFrame = CFrame.new(0.342837, 0.197855, 0.14598, 0.969448, -0.186886, 0.158883, 0.212488, 0.963421, -0.163308, -0.122552, 0.192079, 0.973697)
    Left Leg.CFrame = CFrame.new(-0.345197, 0.257101, 0.110635, 0.969631, 0.0638769, 0.236083, -0.0550372, 0.997521, -0.0438526, -0.238299, 0.0295275, 0.970743)
    Right Arm.CFrame = CFrame.new(0.445367, 0.00458705, 0.0671481, -0.0776607, -0.96953, -0.232336, 0.667274, 0.122601, -0.734652, 0.740752, -0.212085, 0.637422)
    Left Arm.CFrame = CFrame.new(-0.451872, -0.58925, -0.0976504, -0.723974, 0.676477, -0.135058, -0.622031, -0.72483, -0.29614, -0.298226, -0.130387, 0.945548)
    Right Leg.CFrame = CFrame.new(0.541151, 0.8363, -0.11968, 0.963373, -0.267848, 0.0130072, 0.259893, 0.944513, 0.200873, -0.0660891, -0.190136, 0.979531)
    Head.CFrame = CFrame.new(6.56582e-08, 7.82311e-08, 7.15256e-07, 0.991702, 0.0813804, -0.0995228, -0.0855643, 0.995588, -0.0385126, 0.0959495, 0.0467086, 0.99429)

[35]
    Time: 1.133333
    HumanoidRootPart.CFrame = CFrame.new(0, 0, 0, 1, 0, 0, 0, 1, 0, 0, 0, 1)
    Torso.CFrame = CFrame.new(0.354342, 0.205167, 0.307023, 0.961276, -0.217762, 0.168903, 0.249021, 0.948897, -0.193863, -0.118055, 0.228417, 0.966379)
    Left Leg.CFrame = CFrame.new(-0.205975, 0.171808, 0.10101, 0.94276, 0.143767, 0.300889, -0.132142, 0.989488, -0.0587514, -0.306173, 0.0156282, 0.951848)
    Right Arm.CFrame = CFrame.new(0.438175, -0.0184373, 0.0819887, -0.0794974, -0.95155, -0.297039, 0.638695, 0.18016, -0.748072, 0.765342, -0.249187, 0.593428)
    Left Arm.CFrame = CFrame.new(-0.399643, -0.65967, -0.107611, -0.706139, 0.704238, -0.0735964, -0.687589, -0.706817, -0.166225, -0.169081, -0.066774, 0.983338)
    Right Leg.CFrame = CFrame.new(0.293314, 0.786536, -0.0831525, 0.800307, -0.585421, -0.129583, 0.598733, 0.768721, 0.224913, -0.0320554, -0.257584, 0.965724)
    Head.CFrame = CFrame.new(1.6985e-07, -8.47504e-08, -4.76837e-07, 0.985101, 0.127177, -0.11577, -0.13163, 0.990794, -0.0316382, 0.11068, 0.0464055, 0.992772)

[36]
    Time: 1.166667
    HumanoidRootPart.CFrame = CFrame.new(0, 0, 0, 1, 0, 0, 0, 1, 0, 0, 0, 1)
    Torso.CFrame = CFrame.new(0.365334, 0.211023, 0.391649, 0.956531, -0.23145, 0.177425, 0.269241, 0.934637, -0.232301, -0.112062, 0.269973, 0.956325)
    Left Leg.CFrame = CFrame.new(-0.0802924, 0.101235, 0.0685802, 0.908102, 0.258002, 0.329827, -0.244823, 0.966122, -0.0816708, -0.339725, -0.00658388, 0.940502)
    Right Arm.CFrame = CFrame.new(0.431484, -0.0399002, 0.0892192, -0.0663687, -0.934826, -0.34885, 0.624323, 0.23382, -0.745352, 0.778342, -0.267263, 0.568115)
    Left Arm.CFrame = CFrame.new(-0.339309, -0.70881, -0.127761, -0.6651, 0.746731, -0.00592424, -0.746738, -0.665117, -0.0014199, -0.00500062, 0.00347937, 0.999982)
    Right Leg.CFrame = CFrame.new(0.15865, 0.596339, -0.04944, 0.596663, -0.77694, -0.200891, 0.799661, 0.55462, 0.230087, -0.0673454, -0.297929, 0.95221)
    Head.CFrame = CFrame.new(8.33534e-08, 4.84288e-08, 2.38419e-07, 0.978588, 0.161334, -0.12782, -0.163034, 0.986616, -0.00288034, 0.125645, 0.0236577, 0.991793)

[37]
    Time: 1.200000
    HumanoidRootPart.CFrame = CFrame.new(0, 0, 0, 1, 0, 0, 0, 1, 0, 0, 0, 1)
    Torso.CFrame = CFrame.new(0.376131, 0.215583, 0.419903, 0.954649, -0.234707, 0.18319, 0.277876, 0.923307, -0.265121, -0.106915, 0.304001, 0.946653)
    Left Leg.CFrame = CFrame.new(0.00712347, 0.0455824, 0.0366284, 0.871849, 0.356742, 0.335582, -0.341851, 0.933908, -0.104659, -0.350739, -0.0234717, 0.936179)
    Right Arm.CFrame = CFrame.new(0.426386, -0.0557913, 0.0918163, -0.0492159, -0.92208, -0.383858, 0.618749, 0.273546, -0.736426, 0.784046, -0.273756, 0.557073)
    Left Arm.CFrame = CFrame.new(-0.29004, -0.744636, -0.144445, -0.60634, 0.794147, 0.0410098, -0.783542, -0.605453, 0.139601, 0.135693, 0.0525127, 0.989358)
    Right Leg.CFrame = CFrame.new(0.0602301, 0.311086, -0.00335985, 0.373417, -0.898188, -0.231989, 0.916045, 0.317568, 0.244973, -0.146359, -0.303989, 0.941366)
    Head.CFrame = CFrame.new(1.22935e-07, -2.04891e-07, 1.19209e-07, 0.973662, 0.182513, -0.136642, -0.180252, 0.983197, 0.0288458, 0.139611, -0.00345605, 0.9902)

[38]
    Time: 1.233333
    HumanoidRootPart.CFrame = CFrame.new(0, 0, 0, 1, 0, 0, 0, 1, 0, 0, 0, 1)
    Torso.CFrame = CFrame.new(0.387053, 0.21901, 0.418446, 0.954353, -0.234302, 0.185238, 0.279694, 0.918653, -0.279014, -0.104796, 0.318088, 0.942252)
    Left Leg.CFrame = CFrame.new(0.0221301, 0.0321209, 0.030372, 0.860226, 0.387033, 0.331989, -0.369521, 0.921806, -0.117165, -0.351376, -0.0218881, 0.935978)
    Right Arm.CFrame = CFrame.new(0.424364, -0.0620188, 0.0922067, -0.0405148, -0.917025, -0.396767, 0.617752, 0.289116, -0.731297, 0.785329, -0.274732, 0.55478)
