[1]
    Time: 0.000000
    HumanoidRootPart.CFrame = CFrame.new(0, 0, 0, 1, 0, 0, 0, 1, 0, 0, 0, 1)
    Torso.CFrame = CFrame.new(0.146383, 0.255828, -0.956276, 0.970818, 0.228998, 0.0712148, -0.23945, 0.942021, 0.235075, -0.0132541, -0.245267, 0.969365)
    Head.CFrame = CFrame.new(1.78814e-07, 0, 2.38419e-07, 0.952899, -0.20927, -0.219521, 0.259798, 0.936684, 0.234793, 0.156487, -0.280765, 0.946934)
    Left Leg.CFrame = CFrame.new(-0.825645, 0.566656, -0.0571838, 0.614582, -0.753186, 0.23452, 0.445042, 0.576512, 0.685253, -0.651327, -0.316773, 0.689513)
    Right Arm.CFrame = CFrame.new(-0.0475905, 0.575786, 0.519972, -0.764182, 0.186788, -0.617363, -0.639821, -0.340586, 0.688934, -0.0815805, 0.921472, 0.379781)
    Right Leg.CFrame = CFrame.new(0.76252, 0.625246, -0.468575, 0.940055, 0.320211, 0.117315, -0.321573, 0.717812, 0.617525, 0.113528, -0.618232, 0.777754)
    Left Arm.CFrame = CFrame.new(0.0475902, 0.575785, 0.519973, -0.764182, -0.186788, 0.617362, 0.639821, -0.340586, 0.688934, 0.0815804, 0.921472, 0.379781)
    Hakari_VFX.CFrame = CFrame.new(0, 0, 0, 1, 0, 0, 0, 1, 0, 0, 0, 1)

[2]
    Time: 0.033333
    HumanoidRootPart.CFrame = CFrame.new(0, 0, 0, 1, 0, 0, 0, 1, 0, 0, 0, 1)
    Torso.CFrame = CFrame.new(0.0249224, 0.255828, -0.832137, 0.95986, 0.257925, 0.110197, -0.278651, 0.921707, 0.269835, -0.0319721, -0.28971, 0.95658)
    Head.CFrame = CFrame.new(8.9407e-08, 2.23517e-08, 2.98023e-08, 0.938264, -0.199892, -0.28232, 0.266952, 0.937449, 0.223443, 0.219996, -0.285014, 0.932936)
    Left Leg.CFrame = CFrame.new(-0.737344, 0.396879, 0.00359851, 0.590021, -0.790049, 0.166426, 0.459754, 0.498208, 0.735129, -0.663703, -0.357227, 0.657182)
    Right Arm.CFrame = CFrame.new(-0.0544242, 0.620521, 0.480007, -0.793255, 0.201985, -0.574411, -0.601389, -0.407515, 0.687214, -0.0952747, 0.890581, 0.444735)
    Right Leg.CFrame = CFrame.new(0.8031, 0.528315, -0.330991, 0.907227, 0.39893, 0.133399, -0.412916, 0.784086, 0.463368, 0.0802552, -0.475462, 0.876068)
    Left Arm.CFrame = CFrame.new(0.0539589, 0.62598, 0.452819, -0.799729, -0.17402, 0.574587, 0.59152, -0.392033, 0.704566, 0.102649, 0.903342, 0.416457)
    Hakari_VFX.CFrame = CFrame.new(0, 0, 0, 1, 0, 0, 0, 1, 0, 0, 0, 1)

[3]
    Time: 0.066667
    HumanoidRootPart.CFrame = CFrame.new(0, 0, 0, 1, 0, 0, 0, 1, 0, 0, 0, 1)
    Torso.CFrame = CFrame.new(-0.0991119, 0.255828, -0.601593, 0.932795, 0.309528, 0.184624, -0.355232, 0.87611, 0.325948, -0.0608612, -0.369627, 0.927185)
    Head.CFrame = CFrame.new(0, -2.01166e-07, 4.17233e-07, 0.90234, -0.191566, -0.386116, 0.270306, 0.949263, 0.160732, 0.335735, -0.249404, 0.908339)
    Left Leg.CFrame = CFrame.new(-0.403992, 0.248446, 0.00702824, 0.626447, -0.77787, 0.0498342, 0.489136, 0.442087, 0.751868, -0.606886, -0.446629, 0.657428)
    Right Arm.CFrame = CFrame.new(-0.0698096, 0.732119, 0.382518, -0.86232, 0.22298, -0.454626, -0.493323, -0.572399, 0.654975, -0.114181, 0.789075, 0.603591)
    Right Leg.CFrame = CFrame.new(0.778208, 0.234816, -0.162795, 0.850623, 0.501988, 0.156362, -0.525658, 0.818262, 0.232661, -0.011152, -0.2801, 0.959906)
    Left Arm.CFrame = CFrame.new(0.0684306, 0.750983, 0.286018, -0.878487, -0.127625, 0.460405, 0.455283, -0.51577, 0.72574, 0.144841, 0.847167, 0.511203)
    Hakari_VFX.CFrame = CFrame.new(0, 0, 0, 1, 0, 0, 0, 1, 0, 0, 0, 1)

[4]
    Time: 0.100000
    HumanoidRootPart.CFrame = CFrame.new(0, 0, 0, 1, 0, 0, 0, 1, 0, 0, 0, 1)
    Torso.CFrame = CFrame.new(-0.155959, 0.255828, -0.477454, 0.90812, 0.350894, 0.228456, -0.412929, 0.840883, 0.349865, -0.0693396, -0.412056, 0.908517)
    Head.CFrame = CFrame.new(8.9407e-08, -1.71363e-07, -2.38419e-07, 0.87306, -0.1971, -0.446003, 0.280596, 0.951125, 0.128946, 0.398789, -0.237725, 0.885694)
    Left Leg.CFrame = CFrame.new(-0.034398, 0.351243, -0.145815, 0.744926, -0.66376, -0.0671445, 0.507029, 0.497854, 0.703607, -0.433598, -0.55818, 0.70741)
    Right Arm.CFrame = CFrame.new(-0.0856149, 0.874891, 0.260394, -0.936378, 0.208321, -0.282487, -0.336169, -0.763711, 0.551122, -0.100928, 0.611022, 0.785153)
    Right Leg.CFrame = CFrame.new(0.681977, 0.094059, -0.0945453, 0.840737, 0.525471, 0.130548, -0.540175, 0.830524, 0.1358, -0.0370639, -0.184691, 0.982098)
    Left Arm.CFrame = CFrame.new(0.084293, 0.911446, 0.071231, -0.951923, -0.037782, 0.304, 0.25306, -0.656236, 0.710855, 0.172638, 0.753609, 0.634247)
    Hakari_VFX.CFrame = CFrame.new(0, 0, 0, 1, 0, 0, 0, 1, 0, 0, 0, 1)

[5]
    Time: 0.133333
    HumanoidRootPart.CFrame = CFrame.new(0, 0, 0, 1, 0, 0, 0, 1, 0, 0, 0, 1)
    Torso.CFrame = CFrame.new(-0.141151, 0.255828, -0.484585, 0.898429, 0.37572, 0.227289, -0.435223, 0.830694, 0.347173, -0.0583682, -0.410831, 0.909841)
    Head.CFrame = CFrame.new(3.12924e-07, -5.21541e-08, 8.9407e-08, 0.867435, -0.214206, -0.449079, 0.304525, 0.942348, 0.138725, 0.393473, -0.257091, 0.882657)
    Left Leg.CFrame = CFrame.new(-0.087917, 0.298937, -0.108965, 0.711868, -0.680352, -0.174255, 0.624913, 0.500376, 0.599257, -0.320512, -0.535486, 0.781362)
    Right Arm.CFrame = CFrame.new(-0.0966353, 1.01266, 0.141595, -0.983014, 0.14581, -0.111463, -0.17805, -0.904973, 0.386422, -0.0445272, 0.399704, 0.915562)
    Right Leg.CFrame = CFrame.new(0.666347, 0.128828, -0.0691855, 0.856075, 0.51013, 0.0830822, -0.516656, 0.840205, 0.164691, 0.014208, -0.183913, 0.98284)
    Left Arm.CFrame = CFrame.new(0.0974751, 1.06833, -0.141959, -0.985282, 0.0788612, 0.151655, 0.0387973, -0.760887, 0.647724, 0.166473, 0.644075, 0.746629)
    Hakari_VFX.CFrame = CFrame.new(0, 0, 0, 1, 0, 0, 0, 1, 0, 0, 0, 1)

[6]
    Time: 0.166667
    HumanoidRootPart.CFrame = CFrame.new(0, 0, 0, 1, 0, 0, 0, 1, 0, 0, 0, 1)
    Torso.CFrame = CFrame.new(-0.104616, 0.255828, -0.507846, 0.894588, 0.391375, 0.215728, -0.444794, 0.826499, 0.345046, -0.0432566, -0.404629, 0.913457)
    Head.CFrame = CFrame.new(1.19209e-07, -1.19209e-07, -5.96046e-08, 0.869423, -0.231682, -0.436379, 0.322587, 0.93518, 0.146203, 0.37422, -0.267883, 0.887805)
    Left Leg.CFrame = CFrame.new(-0.219008, 0.152119, -0.0595608, 0.631071, -0.72903, -0.265074, 0.743738, 0.471514, 0.473844, -0.22046, -0.496175, 0.839767)
    Right Arm.CFrame = CFrame.new(-0.102484, 1.11428, 0.0507358, -0.997426, 0.0714404, 0.00609786, -0.0680601, -0.970112, 0.232918, 0.0225552, 0.231904, 0.972477)
    Right Leg.CFrame = CFrame.new(0.66258, 0.185518, -0.0603409, 0.871426, 0.488261, 0.0470882, -0.486161, 0.846904, 0.215408, 0.0652962, -0.210604, 0.975388)
    Left Arm.CFrame = CFrame.new(0.106506, 1.18606, -0.305515, -0.982663, 0.179676, 0.0457201, -0.12189, -0.811901, 0.57093, 0.139703, 0.555458, 0.819725)
    Hakari_VFX.CFrame = CFrame.new(0, 0, 0, 1, 0, 0, 0, 1, 0, 0, 0, 1)

[7]
    Time: 0.200000
    HumanoidRootPart.CFrame = CFrame.new(0, 0, 0, 1, 0, 0, 0, 1, 0, 0, 0, 1)
    Torso.CFrame = CFrame.new(-0.0581929, 0.255828, -0.550038, 0.894268, 0.401038, 0.198628, -0.446605, 0.828253, 0.338439, -0.0287875, -0.391364, 0.919786)
    Head.CFrame = CFrame.new(1.49012e-08, 0, -2.98023e-08, 0.874361, -0.249493, -0.416229, 0.334518, 0.931243, 0.144513, 0.351555, -0.265593, 0.897703)
    Left Leg.CFrame = CFrame.new(-0.421387, -0.0416834, -0.0485737, 0.524381, -0.797529, -0.298282, 0.827111, 0.39388, 0.400931, -0.202267, -0.456953, 0.866188)
    Right Arm.CFrame = CFrame.new(-0.104374, 1.15385, 0.0142075, -0.99816, 0.0371854, 0.0478958, -0.0286305, -0.985317, 0.168315, 0.0534514, 0.166634, 0.984569)
    Right Leg.CFrame = CFrame.new(0.675411, 0.259193, -0.0770485, 0.888823, 0.456997, 0.0338671, -0.448287, 0.851792, 0.271088, 0.0950387, -0.256131, 0.961959)
    Left Arm.CFrame = CFrame.new(0.109998, 1.23241, -0.370954, -0.9752, 0.221207, 0.00730376, -0.183112, -0.824911, 0.534782, 0.124323, 0.520181, 0.844959)
    Hakari_VFX.CFrame = CFrame.new(0, 0, 0, 1, 0, 0, 0, 1, 0, 0, 0, 1)

[8]
    Time: 0.233333
    HumanoidRootPart.CFrame = CFrame.new(0, 0, 0, 1, 0, 0, 0, 1, 0, 0, 0, 1)
    Torso.CFrame = CFrame.new(-0.0137165, 0.255828, -0.613961, 0.895079, 0.407615, 0.180789, -0.445472, 0.835355, 0.322081, -0.0197374, -0.368824, 0.92929)
    Head.CFrame = CFrame.new(8.9407e-08, -5.21541e-08, 1.78814e-07, 0.879794, -0.269795, -0.391373, 0.343732, 0.92978, 0.131751, 0.328345, -0.250441, 0.910752)
    Left Leg.CFrame = CFrame.new(-0.559043, -0.0934409, -0.0409743, 0.488392, -0.834672, -0.254551, 0.830505, 0.35507, 0.42917, -0.267833, -0.421009, 0.866612)
    Right Arm.CFrame = CFrame.new(-0.107467, 1.11428, 0.0507364, -0.997426, 0.0714405, 0.00609767, -0.0680602, -0.970112, 0.232918, 0.0225552, 0.231904, 0.972477)
    Right Leg.CFrame = CFrame.new(0.696637, 0.350997, -0.115743, 0.910064, 0.41308, 0.0338754, -0.401305, 0.857783, 0.321189, 0.103619, -0.305897, 0.946409)
    Left Arm.CFrame = CFrame.new(0.108166, 1.18606, -0.305514, -0.982663, 0.179676, 0.0457202, -0.121889, -0.811901, 0.57093, 0.139703, 0.555458, 0.819725)
    Hakari_VFX.CFrame = CFrame.new(0, 0, 0, 1, 0, 0, 0, 1, 0, 0, 0, 1)

[9]
    Time: 0.266667
    HumanoidRootPart.CFrame = CFrame.new(0, 0, 0, 1, 0, 0, 0, 1, 0, 0, 0, 1)
    Torso.CFrame = CFrame.new(0.0200807, 0.255828, -0.699305, 0.904812, 0.393928, 0.161669, -0.425219, 0.855932, 0.294228, -0.0224732, -0.334966, 0.941962)
    Head.CFrame = CFrame.new(0, -2.23517e-08, 0, 0.892876, -0.272153, -0.358754, 0.335347, 0.933576, 0.126403, 0.300523, -0.23317, 0.924834)
    Left Leg.CFrame = CFrame.new(-0.691143, -0.0295858, -0.0210646, 0.497051, -0.851202, -0.168509, 0.775448, 0.348593, 0.526463, -0.389386, -0.392349, 0.833331)
    Right Arm.CFrame = CFrame.new(-0.112579, 1.01266, 0.141595, -0.983014, 0.14581, -0.111463, -0.17805, -0.904973, 0.386422, -0.0445272, 0.399704, 0.915562)
    Right Leg.CFrame = CFrame.new(0.705081, 0.462537, -0.157462, 0.930576, 0.365712, 0.0168422, -0.34607, 0.863723, 0.366358, 0.119435, -0.346752, 0.930322)
    Left Arm.CFrame = CFrame.new(0.102787, 1.06833, -0.141959, -0.985282, 0.0788611, 0.151655, 0.0387973, -0.760887, 0.647724, 0.166473, 0.644075, 0.746629)
    Hakari_VFX.CFrame = CFrame.new(0, 0, 0, 1, 0, 0, 0, 1, 0, 0, 0, 1)

[10]
    Time: 0.300000
    HumanoidRootPart.CFrame = CFrame.new(0, 0, 0, 1, 0, 0, 0, 1, 0, 0, 0, 1)
    Torso.CFrame = CFrame.new(0.0468836, 0.255828, -0.79331, 0.9287, 0.344845, 0.136372, -0.369505, 0.891605, 0.261739, -0.0313309, -0.293468, 0.955455)
    Head.CFrame = CFrame.new(1.19209e-07, -1.49012e-08, 0, 0.919724, -0.242197, -0.308948, 0.294854, 0.945765, 0.136342, 0.25917, -0.216491, 0.941256)
    Left Leg.CFrame = CFrame.new(-0.812766, 0.128575, -0.0354625, 0.545519, -0.835002, -0.0719793, 0.677236, 0.38859, 0.624779, -0.493722, -0.389576, 0.777476)
    Right Arm.CFrame = CFrame.new(-0.112519, 0.874892, 0.260394, -0.936378, 0.208321, -0.282487, -0.336169, -0.763711, 0.551122, -0.100928, 0.611022, 0.785153)
    Right Leg.CFrame = CFrame.new(0.693293, 0.578062, -0.201777, 0.943325, 0.331227, -0.0206689, -0.292073, 0.85816, 0.422203, 0.157582, -0.392238, 0.906266)
    Left Arm.CFrame = CFrame.new(0.0932578, 0.911447, 0.0712314, -0.951923, -0.0377821, 0.304, 0.25306, -0.656236, 0.710855, 0.172638, 0.753609, 0.634247)
    Hakari_VFX.CFrame = CFrame.new(0, 0, 0, 1, 0, 0, 0, 1, 0, 0, 0, 1)

[11]
    Time: 0.333333
    HumanoidRootPart.CFrame = CFrame.new(0, 0, 0, 1, 0, 0, 0, 1, 0, 0, 0, 1)
    Torso.CFrame = CFrame.new(0.0734819, 0.255828, -0.880106, 0.958512, 0.266034, 0.102378, -0.283066, 0.930656, 0.231848, -0.0335987, -0.251208, 0.96735)
    Head.CFrame = CFrame.new(1.11759e-07, 7.45058e-09, 8.9407e-08, 0.953605, -0.187346, -0.235666, 0.227312, 0.961312, 0.155592, 0.197399, -0.201944, 0.959298)
    Left Leg.CFrame = CFrame.new(-0.88996, 0.333356, -0.105273, 0.62526, -0.780205, 0.0181823, 0.568452, 0.471276, 0.674361, -0.534708, -0.411315, 0.738178)
    Right Arm.CFrame = CFrame.new(-0.101696, 0.73212, 0.382518, -0.862319, 0.22298, -0.454627, -0.493323, -0.572398, 0.654975, -0.114181, 0.789075, 0.603591)
    Right Leg.CFrame = CFrame.new(0.677081, 0.670565, -0.263889, 0.945145, 0.3213, -0.058878, -0.250392, 0.828384, 0.501083, 0.209771, -0.458854, 0.863394)
    Left Arm.CFrame = CFrame.new(0.0790562, 0.750983, 0.286018, -0.878487, -0.127625, 0.460405, 0.455282, -0.515771, 0.72574, 0.144841, 0.847167, 0.511203)
    Hakari_VFX.CFrame = CFrame.new(0, 0, 0, 1, 0, 0, 0, 1, 0, 0, 0, 1)

[12]
    Time: 0.366667
    HumanoidRootPart.CFrame = CFrame.new(0, 0, 0, 1, 0, 0, 0, 1, 0, 0, 0, 1)
    Torso.CFrame = CFrame.new(0.106665, 0.255828, -0.943823, 0.984959, 0.163781, 0.0550687, -0.171804, 0.962285, 0.210929, -0.0184457, -0.217217, 0.975949)
    Head.CFrame = CFrame.new(1.3411e-07, -1.04308e-07, 3.57628e-07, 0.984708, -0.116097, -0.12989, 0.138155, 0.974599, 0.176265, 0.106127, -0.191514, 0.975735)
    Left Leg.CFrame = CFrame.new(-0.901376, 0.531396, -0.193574, 0.720315, -0.688274, 0.0861666, 0.480677, 0.584851, 0.653376, -0.500096, -0.429218, 0.752114)
    Right Arm.CFrame = CFrame.new(-0.0793353, 0.620522, 0.480007, -0.793255, 0.201985, -0.574411, -0.601389, -0.407515, 0.687214, -0.0952745, 0.890581, 0.444735)
    Right Leg.CFrame = CFrame.new(0.684263, 0.703706, -0.340331, 0.932046, 0.353687, -0.0787157, -0.236358, 0.758122, 0.607771, 0.274637, -0.547866, 0.790201)
    Left Arm.CFrame = CFrame.new(0.0622588, 0.625981, 0.452819, -0.799729, -0.17402, 0.574587, 0.591521, -0.392034, 0.704566, 0.102649, 0.903342, 0.416457)
    Hakari_VFX.CFrame = CFrame.new(0, 0, 0, 1, 0, 0, 0, 1, 0, 0, 0, 1)

[13]
    Time: 0.400000
    HumanoidRootPart.CFrame = CFrame.new(0, 0, 0, 1, 0, 0, 0, 1, 0, 0, 0, 1)
    Torso.CFrame = CFrame.new(0.153223, 0.255828, -0.968588, 0.998862, 0.0459048, -0.012923, -0.0423138, 0.978098, 0.2038, 0.0219954, -0.203021, 0.978927)
    Head.CFrame = CFrame.new(9.03383e-08, -1.49012e-08, 1.19209e-07, 0.99903, -0.0396552, 0.0191203, 0.035361, 0.981521, 0.188057, -0.0262244, -0.187199, 0.981972)
    Left Leg.CFrame = CFrame.new(-0.860814, 0.668315, -0.213283, 0.804653, -0.581889, 0.118062, 0.437941, 0.715922, 0.54375, -0.400925, -0.385826, 0.830902)
    Right Arm.CFrame = CFrame.new(-0.0475904, 0.575785, 0.519973, -0.764182, 0.186788, -0.617363, -0.639821, -0.340586, 0.688934, -0.0815805, 0.921472, 0.379781)
    Right Leg.CFrame = CFrame.new(0.725552, 0.643455, -0.389459, 0.897006, 0.437688, -0.0617159, -0.258671, 0.633009, 0.72965, 0.358426, -0.638536, 0.68103)
    Left Arm.CFrame = CFrame.new(0.0475905, 0.575784, 0.519973, -0.764182, -0.186788, 0.617362, 0.639821, -0.340586, 0.688934, 0.0815804, 0.921472, 0.379781)
    Hakari_VFX.CFrame = CFrame.new(0, 0, 0, 1, 0, 0, 0, 1, 0, 0, 0, 1)

[14]
    Time: 0.433333
    HumanoidRootPart.CFrame = CFrame.new(0, 0, 0, 1, 0, 0, 0, 1, 0, 0, 0, 1)
    Torso.CFrame = CFrame.new(0.214605, 0.255828, -0.874952, 0.991877, -0.0721638, -0.104748, 0.0952316, 0.967216, 0.235422, 0.0843254, -0.243485, 0.966232)
    Head.CFrame = CFrame.new(2.23517e-08, -2.01166e-07, 2.08616e-07, 0.979654, 0.00538799, 0.200623, -0.0351097, 0.988825, 0.144886, -0.197601, -0.148982, 0.968895)
    Left Leg.CFrame = CFrame.new(-0.852488, 0.548179, -0.0675084, 0.823163, -0.559044, 0.0993601, 0.504308, 0.800239, 0.324486, -0.260914, -0.216997, 0.940657)
    Right Arm.CFrame = CFrame.new(0.00780562, 0.626058, 0.461429, -0.792883, 0.179245, -0.582415, -0.595424, -0.43122, 0.677879, -0.129643, 0.884263, 0.448634)
    Right Leg.CFrame = CFrame.new(0.729342, 0.44189, -0.299442, 0.826667, 0.56164, 0.034387, -0.354136, 0.471809, 0.807455, 0.437275, -0.679674, 0.588926)
    Left Arm.CFrame = CFrame.new(0.0393037, 0.643411, 0.459995, -0.791898, -0.201138, 0.576577, 0.600057, -0.431441, 0.67364, 0.113264, 0.879433, 0.462352)
    Hakari_VFX.CFrame = CFrame.new(0, 0, 0, 1, 0, 0, 0, 1, 0, 0, 0, 1)

[15]
    Time: 0.466667
    HumanoidRootPart.CFrame = CFrame.new(0, 0, 0, 1, 0, 0, 0, 1, 0, 0, 0, 1)
    Torso.CFrame = CFrame.new(0.270903, 0.255828, -0.701056, 0.968389, -0.157241, -0.193644, 0.209329, 0.934463, 0.288029, 0.135663, -0.31946, 0.937839)
    Head.CFrame = CFrame.new(1.49012e-08, 4.47035e-08, -1.78814e-07, 0.937683, 0.0172834, 0.347062, -0.0409261, 0.997304, 0.060908, -0.345073, -0.0713164, 0.935862)
    Left Leg.CFrame = CFrame.new(-0.812608, 0.231948, 0.0485331, 0.79078, -0.60587, 0.0871113, 0.594998, 0.794268, 0.122948, -0.14368, -0.0453934, 0.988583)
    Right Arm.CFrame = CFrame.new(0.0899309, 0.744661, 0.32541, -0.856079, 0.142231, -0.496889, -0.464126, -0.634565, 0.617992, -0.227411, 0.759669, 0.609251)
    Right Leg.CFrame = CFrame.new(0.541128, 0.253969, -0.182702, 0.768978, 0.602436, 0.213877, -0.503994, 0.365496, 0.782562, 0.393272, -0.709566, 0.584682)
    Left Arm.CFrame = CFrame.new(0.0347714, 0.803592, 0.320879, -0.85673, -0.214778, 0.468917, 0.486764, -0.637273, 0.597448, 0.170509, 0.740104, 0.650517)
    Hakari_VFX.CFrame = CFrame.new(0, 0, 0, 1, 0, 0, 0, 1, 0, 0, 0, 1)

[16]
    Time: 0.500000
    HumanoidRootPart.CFrame = CFrame.new(0, 0, 0, 1, 0, 0, 0, 1, 0, 0, 0, 1)
    Torso.CFrame = CFrame.new(0.29687, 0.255828, -0.60742, 0.953894, -0.18786, -0.234082, 0.257085, 0.913885, 0.3142, 0.154898, -0.359893, 0.920045)
    Head.CFrame = CFrame.new(7.45058e-08, 1.58325e-08, -2.98023e-08, 0.914078, 0.0169286, 0.405185, -0.0280901, 0.999372, 0.0216162, -0.404564, -0.0311405, 0.913979)
    Left Leg.CFrame = CFrame.new(-0.725677, 0.0856707, 0.0896981, 0.77245, -0.623078, 0.122858, 0.621288, 0.781496, 0.0571358, -0.131613, 0.0321959, 0.990778)
    Right Arm.CFrame = CFrame.new(0.179224, 0.88144, 0.168685, -0.914163, 0.0649724, -0.400105, -0.272376, -0.829475, 0.487629, -0.300195, 0.554751, 0.775973)
    Right Leg.CFrame = CFrame.new(0.336604, 0.234914, -0.173059, 0.733793, 0.536613, 0.416646, -0.651037, 0.380151, 0.65699, 0.194161, -0.753347, 0.628308)
    Left Arm.CFrame = CFrame.new(0.0291623, 0.990164, 0.160833, -0.923807, -0.188967, 0.332975, 0.328919, -0.836826, 0.437646, 0.195942, 0.513822, 0.835221)
    Hakari_VFX.CFrame = CFrame.new(0, 0, 0, 1, 0, 0, 0, 1, 0, 0, 0, 1)

[17]
    Time: 0.533333
    HumanoidRootPart.CFrame = CFrame.new(0, 0, 0, 1, 0, 0, 0, 1, 0, 0, 0, 1)
    Torso.CFrame = CFrame.new(0.298707, 0.255828, -0.609739, 0.957888, -0.176774, -0.226279, 0.243292, 0.918204, 0.312586, 0.152514, -0.354474, 0.922544)
    Head.CFrame = CFrame.new(-1.3411e-07, 1.17347e-07, -1.19209e-07, 0.919843, 0.00444009, 0.392261, -0.0215666, 0.998996, 0.0392653, -0.391692, -0.0445776, 0.919016)
    Left Leg.CFrame = CFrame.new(-0.692147, 0.106146, 0.131187, 0.762975, -0.619836, 0.183498, 0.61648, 0.783097, 0.0819239, -0.194476, 0.0506171, 0.9796)
    Right Arm.CFrame = CFrame.new(0.251828, 0.990227, 0.0401841, -0.942909, -0.0203067, -0.332432, -0.100153, -0.934653, 0.341166, -0.317636, 0.354982, 0.879258)
    Right Leg.CFrame = CFrame.new(0.431607, 0.110881, -0.199691, 0.616447, 0.525171, 0.586675, -0.785888, 0.364278, 0.499681, 0.0487049, -0.769088, 0.637284)
    Left Arm.CFrame = CFrame.new(0.0226158, 1.14063, 0.0295116, -0.964683, -0.13465, 0.226398, 0.193457, -0.945479, 0.261999, 0.178776, 0.296544, 0.938137)
    Hakari_VFX.CFrame = CFrame.new(0, 0, 0, 1, 0, 0, 0, 1, 0, 0, 0, 1)

[18]
    Time: 0.566667
    HumanoidRootPart.CFrame = CFrame.new(0, 0, 0, 1, 0, 0, 0, 1, 0, 0, 0, 1)
    Torso.CFrame = CFrame.new(0.299651, 0.255828, -0.621382, 0.967919, -0.145905, -0.204558, 0.205136, 0.928999, 0.308027, 0.145092, -0.340108, 0.929126)
    Head.CFrame = CFrame.new(5.96046e-08, -1.63913e-07, 3.57628e-07, 0.935292, -0.0231301, 0.353122, -0.00191484, 0.997516, 0.0704108, -0.353873, -0.0665308, 0.932924)
    Left Leg.CFrame = CFrame.new(-0.672763, 0.146899, 0.162651, 0.750586, -0.618135, 0.233515, 0.608326, 0.784403, 0.121046, -0.257993, 0.0511983, 0.964789)
    Right Arm.CFrame = CFrame.new(0.281669, 1.03411, -0.0134647, -0.949177, -0.0592775, -0.30911, -0.0291066, -0.961364, 0.273736, -0.313394, 0.268821, 0.91078)
    Right Leg.CFrame = CFrame.new(0.525492, 0.00296301, -0.260213, 0.544435, 0.506205, 0.668841, -0.838536, 0.348578, 0.418748, -0.0211708, -0.788828, 0.614249)
    Left Arm.CFrame = CFrame.new(0.019485, 1.20196, -0.0254136, -0.976869, -0.104945, 0.186314, 0.139321, -0.973335, 0.182231, 0.162222, 0.203973, 0.965442)
    Hakari_VFX.CFrame = CFrame.new(0, 0, 0, 1, 0, 0, 0, 1, 0, 0, 0, 1)

[19]
    Time: 0.600000
    HumanoidRootPart.CFrame = CFrame.new(0, 0, 0, 1, 0, 0, 0, 1, 0, 0, 0, 1)
    Torso.CFrame = CFrame.new(0.299999, 0.255828, -0.649378, 0.980239, -0.0986208, -0.171481, 0.147371, 0.942337, 0.30047, 0.13196, -0.319804, 0.938249)
    Head.CFrame = CFrame.new(0, 1.71363e-07, 2.98023e-08, 0.955074, -0.0605774, 0.290112, 0.0298009, 0.993556, 0.109354, -0.294867, -0.0957959, 0.950724)
    Left Leg.CFrame = CFrame.new(-0.670057, 0.211075, 0.183819, 0.734287, -0.621107, 0.27395, 0.597198, 0.782917, 0.174342, -0.322765, 0.0355857, 0.94581)
    Right Arm.CFrame = CFrame.new(0.261296, 1.00296, 0.0247458, -0.945058, -0.031393, -0.325392, -0.0795334, -0.94339, 0.32201, -0.317081, 0.330198, 0.889061)
    Right Leg.CFrame = CFrame.new(0.610957, -0.00767195, -0.314351, 0.591977, 0.487693, 0.641653, -0.805929, 0.351792, 0.476152, 0.00648758, -0.798998, 0.601299)
    Left Arm.CFrame = CFrame.new(0.0217288, 1.15838, 0.013713, -0.968496, -0.126455, 0.214532, 0.177637, -0.954565, 0.23927, 0.174528, 0.269841, 0.946956)
    Hakari_VFX.CFrame = CFrame.new(0, 0, 0, 1, 0, 0, 0, 1, 0, 0, 0, 1)

[20]
    Time: 0.633333
    HumanoidRootPart.CFrame = CFrame.new(0, 0, 0, 1, 0, 0, 0, 1, 0, 0, 0, 1)
    Torso.CFrame = CFrame.new(0.300048, 0.255828, -0.700755, 0.990799, -0.0386098, -0.129719, 0.0751197, 0.954143, 0.289774, 0.112583, -0.296852, 0.948264)
    Head.CFrame = CFrame.new(1.11759e-07, 1.49012e-08, 2.98023e-08, 0.97313, -0.102394, 0.206237, 0.0720297, 0.986102, 0.149713, -0.218701, -0.130835, 0.966981)
    Left Leg.CFrame = CFrame.new(-0.682907, 0.302439, 0.190998, 0.712671, -0.630899, 0.306703, 0.582048, 0.775849, 0.243473, -0.391562, 0.00499953, 0.920138)
    Right Arm.CFrame = CFrame.new(0.209226, 0.922799, 0.120453, -0.92719, 0.0347466, -0.372977, -0.20817, -0.875578, 0.435923, -0.311424, 0.481826, 0.81906)
    Right Leg.CFrame = CFrame.new(0.695252, 0.0650755, -0.358747, 0.696015, 0.470948, 0.542006, -0.714624, 0.380944, 0.586681, 0.0698224, -0.795669, 0.601693)
    Left Arm.CFrame = CFrame.new(0.0269049, 1.04712, 0.111571, -0.940974, -0.17176, 0.291663, 0.277733, -0.884338, 0.375247, 0.193477, 0.434102, 0.879842)
    Hakari_VFX.CFrame = CFrame.new(0, 0, 0, 1, 0, 0, 0, 1, 0, 0, 0, 1)

[21]
    Time: 0.666667
    HumanoidRootPart.CFrame = CFrame.new(0, 0, 0, 1, 0, 0, 0, 1, 0, 0, 0, 1)
    Torso.CFrame = CFrame.new(0.29207, 0.255828, -0.777474, 0.996188, 0.0296502, -0.0820427, -0.00585273, 0.961064, 0.276263, 0.0870396, -0.27473, 0.957574)
    Head.CFrame = CFrame.new(3.72529e-08, 2.16067e-07, 2.98023e-08, 0.984009, -0.142993, 0.106204, 0.121678, 0.975086, 0.185476, -0.130079, -0.169588, 0.976893)
    Left Leg.CFrame = CFrame.new(-0.710629, 0.420142, 0.167912, 0.688348, -0.648328, 0.325343, 0.557761, 0.759817, 0.334037, -0.463767, -0.0484704, 0.884631)
    Right Arm.CFrame = CFrame.new(0.13955, 0.813881, 0.246412, -0.888035, 0.107685, -0.446987, -0.371713, -0.740324, 0.560134, -0.270598, 0.66357, 0.697462)
    Right Leg.CFrame = CFrame.new(0.765857, 0.192123, -0.409085, 0.794324, 0.447686, 0.410641, -0.594706, 0.435084, 0.676037, 0.123989, -0.781204, 0.611839)
    Left Arm.CFrame = CFrame.new(0.0322454, 0.897703, 0.240194, -0.892301, -0.207639, 0.400854, 0.409723, -0.745296, 0.525986, 0.18954, 0.633577, 0.750103)
    Hakari_VFX.CFrame = CFrame.new(0, 0, 0, 1, 0, 0, 0, 1, 0, 0, 0, 1)

[22]
    Time: 0.700000
    HumanoidRootPart.CFrame = CFrame.new(0, 0, 0, 1, 0, 0, 0, 1, 0, 0, 0, 1)
    Torso.CFrame = CFrame.new(0.265966, 0.255828, -0.861221, 0.994413, 0.100854, -0.0311576, -0.0893023, 0.961174, 0.261093, 0.0562803, -0.256852, 0.964811)
    Head.CFrame = CFrame.new(1.1886e-07, -9.68575e-08, 0, 0.98418, -0.177138, -0.00337662, 0.173808, 0.961636, 0.212242, -0.034349, -0.209472, 0.977211)
    Left Leg.CFrame = CFrame.new(-0.746666, 0.53426, 0.101709, 0.664513, -0.673943, 0.322837, 0.519795, 0.727246, 0.448248, -0.536875, -0.130058, 0.833577)
    Right Arm.CFrame = CFrame.new(0.0660361, 0.700611, 0.375703, -0.833606, 0.159223, -0.528912, -0.517111, -0.561546, 0.645959, -0.194157, 0.811982, 0.550444)
    Right Leg.CFrame = CFrame.new(0.801964, 0.345757, -0.463996, 0.865776, 0.40946, 0.287705, -0.479275, 0.513043, 0.712097, 0.14397, -0.754407, 0.640424)
    Left Arm.CFrame = CFrame.new(0.036225, 0.743968, 0.372281, -0.832982, -0.213315, 0.510526, 0.531859, -0.563063, 0.632523, 0.152531, 0.798409, 0.582475)
    Hakari_VFX.CFrame = CFrame.new(0, 0, 0, 1, 0, 0, 0, 1, 0, 0, 0, 1)

[23]
    Time: 0.733333
    HumanoidRootPart.CFrame = CFrame.new(0, 0, 0, 1, 0, 0, 0, 1, 0, 0, 0, 1)
    Torso.CFrame = CFrame.new(0.218488, 0.255828, -0.928615, 0.985364, 0.169218, 0.0205471, -0.169025, 0.954322, 0.246374, 0.0220824, -0.246241, 0.968957)
    Head.CFrame = CFrame.new(8.19564e-08, -7.45058e-09, 2.68221e-07, 0.972991, -0.200372, -0.114626, 0.222101, 0.947931, 0.228249, 0.062923, -0.247543, 0.966832)
    Left Leg.CFrame = CFrame.new(-0.789243, 0.594545, 0.0104703, 0.639982, -0.710241, 0.293223, 0.476724, 0.666293, 0.573401, -0.602625, -0.22718, 0.765005)
    Right Arm.CFrame = CFrame.new(0.000376433, 0.611609, 0.478181, -0.784709, 0.18189, -0.592578, -0.608885, -0.405315, 0.681893, -0.11615, 0.895899, 0.428804)
    Right Leg.CFrame = CFrame.new(0.795401, 0.500679, -0.496688, 0.913299, 0.360538, 0.189463, -0.384496, 0.609787, 0.693053, 0.13434, -0.705813, 0.695544)
    Left Arm.CFrame = CFrame.new(0.0402672, 0.623963, 0.477152, -0.783908, -0.197485, 0.588632, 0.612012, -0.405412, 0.67903, 0.10454, 0.892547, 0.43867)
    Hakari_VFX.CFrame = CFrame.new(0, 0, 0, 1, 0, 0, 0, 1, 0, 0, 0, 1)

[24]
    Time: 0.766667
    HumanoidRootPart.CFrame = CFrame.new(0, 0, 0, 1, 0, 0, 0, 1, 0, 0, 0, 1)
    Torso.CFrame = CFrame.new(0.146383, 0.255828, -0.956276, 0.970818, 0.228998, 0.0712148, -0.23945, 0.942021, 0.235075, -0.0132541, -0.245267, 0.969365)
    Head.CFrame = CFrame.new(1.78814e-07, 0, 2.38419e-07, 0.952899, -0.20927, -0.219521, 0.259798, 0.936684, 0.234793, 0.156487, -0.280765, 0.946934)
    Left Leg.CFrame = CFrame.new(-0.825645, 0.566656, -0.0571838, 0.614582, -0.753186, 0.23452, 0.445042, 0.576512, 0.685253, -0.651327, -0.316773, 0.689513)
    Right Arm.CFrame = CFrame.new(-0.0475905, 0.575786, 0.519972, -0.764182, 0.186788, -0.617363, -0.639821, -0.340586, 0.688934, -0.0815805, 0.921472, 0.379781)
    Right Leg.CFrame = CFrame.new(0.76252, 0.625246, -0.468575, 0.940055, 0.320211, 0.117315, -0.321573, 0.717812, 0.617525, 0.113528, -0.618232, 0.777754)
    Left Arm.CFrame = CFrame.new(0.0475902, 0.575785, 0.519973, -0.764182, -0.186788, 0.617362, 0.639821, -0.340586, 0.688934, 0.0815804, 0.921472, 0.379781)
    Hakari_VFX.CFrame = CFrame.new(0, 0, 0, 1, 0, 0, 0, 1, 0, 0, 0, 1)

[25]
    Time: 0.800000
    HumanoidRootPart.CFrame = CFrame.new(0, 0, 0, 1, 0, 0, 0, 1, 0, 0, 0, 1)
    Torso.CFrame = CFrame.new(0.0510473, 0.255828, -0.88146, 0.953528, 0.275431, 0.122155, -0.2981, 0.92135, 0.249499, -0.0438279, -0.274319, 0.96064)
    Head.CFrame = CFrame.new(4.47035e-08, 8.19564e-08, 2.08616e-07, 0.928505, -0.205555, -0.309234, 0.279267, 0.935437, 0.216722, 0.244721, -0.287586, 0.925962)
    Left Leg.CFrame = CFrame.new(-0.797642, 0.410423, -0.0343233, 0.58669, -0.798054, 0.137495, 0.469207, 0.473377, 0.745493, -0.66003, -0.37286, 0.652178)
    Right Arm.CFrame = CFrame.new(-0.0793347, 0.620522, 0.480006, -0.793255, 0.201985, -0.574411, -0.601389, -0.407515, 0.687214, -0.0952746, 0.890581, 0.444735)
    Right Leg.CFrame = CFrame.new(0.761816, 0.608454, -0.327315, 0.932787, 0.35141, 0.0801156, -0.345978, 0.810684, 0.472325, 0.101032, -0.468297, 0.877776)
    Left Arm.CFrame = CFrame.new(0.0608752, 0.625981, 0.452819, -0.799729, -0.17402, 0.574587, 0.591521, -0.392034, 0.704566, 0.102649, 0.903342, 0.416457)
    Hakari_VFX.CFrame = CFrame.new(0, 0, 0, 1, 0, 0, 0, 1, 0, 0, 0, 1)

[26]
    Time: 0.833333
    HumanoidRootPart.CFrame = CFrame.new(0, 0, 0, 1, 0, 0, 0, 1, 0, 0, 0, 1)
    Torso.CFrame = CFrame.new(-0.0475388, 0.255828, -0.716865, 0.935759, 0.30816, 0.171441, -0.346931, 0.891613, 0.290972, -0.0631936, -0.331758, 0.941245)
    Head.CFrame = CFrame.new(-7.45058e-08, -9.68575e-08, 1.78814e-07, 0.904386, -0.198494, -0.377738, 0.280487, 0.943644, 0.175678, 0.321579, -0.264831, 0.909094)
    Left Leg.CFrame = CFrame.new(-0.632084, 0.222627, 0.0028338, 0.588595, -0.808398, 0.00702209, 0.544755, 0.403024, 0.7354, -0.597326, -0.429027, 0.677597)
    Right Arm.CFrame = CFrame.new(-0.101696, 0.73212, 0.382518, -0.862319, 0.22298, -0.454627, -0.493323, -0.572399, 0.654975, -0.114181, 0.789075, 0.603591)
    Right Leg.CFrame = CFrame.new(0.766936, 0.41119, -0.153108, 0.892852, 0.446786, 0.0565469, -0.441104, 0.842285, 0.309812, 0.0907912, -0.301559, 0.949115)
    Left Arm.CFrame = CFrame.new(0.0772847, 0.750983, 0.286019, -0.878487, -0.127625, 0.460405, 0.455282, -0.515771, 0.72574, 0.144841, 0.847167, 0.511203)
    Hakari_VFX.CFrame = CFrame.new(0, 0, 0, 1, 0, 0, 0, 1, 0, 0, 0, 1)

[27]
    Time: 0.866667
    HumanoidRootPart.CFrame = CFrame.new(0, 0, 0, 1, 0, 0, 0, 1, 0, 0, 0, 1)
    Torso.CFrame = CFrame.new(-0.12475, 0.255828, -0.55227, 0.919906, 0.330959, 0.210334, -0.385676, 0.860569, 0.332677, -0.0709042, -0.387152, 0.919285)
    Head.CFrame = CFrame.new(1.49012e-08, -2.98023e-08, 1.49012e-07, 0.884893, -0.19428, -0.423343, 0.275014, 0.951455, 0.138208, 0.375941, -0.238725, 0.895365)
    Left Leg.CFrame = CFrame.new(-0.333892, 0.178741, -0.0398384, 0.650869, -0.748332, -0.127943, 0.615653, 0.421652, 0.665719, -0.444231, -0.512064, 0.735153)
    Right Arm.CFrame = CFrame.new(-0.112519, 0.874892, 0.260394, -0.936378, 0.208321, -0.282487, -0.336169, -0.763711, 0.551122, -0.100928, 0.611022, 0.785153)
    Right Leg.CFrame = CFrame.new(0.695284, 0.198367, -0.0535671, 0.85653, 0.515029, 0.0331811, -0.510512, 0.836076, 0.200882, 0.0757179, -0.189001, 0.979053)
    Left Arm.CFrame = CFrame.new(0.0917639, 0.911446, 0.0712307, -0.951923, -0.0377821, 0.304, 0.25306, -0.656236, 0.710855, 0.172638, 0.753609, 0.634247)
    Hakari_VFX.CFrame = CFrame.new(0, 0, 0, 1, 0, 0, 0, 1, 0, 0, 0, 1)

[28]
    Time: 0.900000
    HumanoidRootPart.CFrame = CFrame.new(0, 0, 0, 1, 0, 0, 0, 1, 0, 0, 0, 1)
    Torso.CFrame = CFrame.new(-0.155959, 0.255828, -0.477454, 0.90812, 0.350894, 0.228456, -0.412929, 0.840883, 0.349865, -0.0693396, -0.412056, 0.908517)
    Head.CFrame = CFrame.new(8.9407e-08, -1.71363e-07, -2.38419e-07, 0.87306, -0.1971, -0.446003, 0.280596, 0.951125, 0.128946, 0.398789, -0.237725, 0.885694)
    Left Leg.CFrame = CFrame.new(-0.117391, 0.285011, -0.106313, 0.710678, -0.66374, -0.233207, 0.652419, 0.497771, 0.571465, -0.263221, -0.558277, 0.786792)
    Right Arm.CFrame = CFrame.new(-0.112578, 1.01266, 0.141595, -0.983014, 0.14581, -0.111463, -0.17805, -0.904973, 0.386422, -0.0445271, 0.399704, 0.915562)
    Right Leg.CFrame = CFrame.new(0.630103, 0.118981, -0.023401, 0.848968, 0.528187, 0.0164802, -0.523358, 0.836072, 0.164562, 0.0731407, -0.148333, 0.986229)
    Left Arm.CFrame = CFrame.new(0.101902, 1.06833, -0.141959, -0.985283, 0.0788613, 0.151655, 0.0387973, -0.760887, 0.647724, 0.166473, 0.644075, 0.746629)
    Hakari_VFX.CFrame = CFrame.new(0, 0, 0, 1, 0, 0, 0, 1, 0, 0, 0, 1)

[29]
    Time: 0.933333
    HumanoidRootPart.CFrame = CFrame.new(0, 0, 0, 1, 0, 0, 0, 1, 0, 0, 0, 1)
    Torso.CFrame = CFrame.new(-0.139892, 0.255828, -0.484585, 0.90085, 0.370541, 0.226204, -0.430041, 0.832999, 0.348104, -0.0594408, -0.410867, 0.909756)
    Head.CFrame = CFrame.new(1.49012e-07, -2.16067e-07, 8.9407e-08, 0.869732, -0.209582, -0.446813, 0.299384, 0.943797, 0.14006, 0.392346, -0.255583, 0.883596)
    Left Leg.CFrame = CFrame.new(-0.149247, 0.240576, -0.0878723, 0.673399, -0.676996, -0.297001, 0.7176, 0.502006, 0.482742, -0.177718, -0.538206, 0.823863)
    Right Arm.CFrame = CFrame.new(-0.107466, 1.11428, 0.0507363, -0.997426, 0.0714404, 0.00609778, -0.0680602, -0.970112, 0.232918, 0.0225552, 0.231904, 0.972477)
    Right Leg.CFrame = CFrame.new(0.632992, 0.142658, -0.0263456, 0.857915, 0.513623, 0.0131605, -0.507137, 0.842417, 0.182061, 0.0824242, -0.162867, 0.983199)
    Left Arm.CFrame = CFrame.new(0.107889, 1.18606, -0.305514, -0.982663, 0.179676, 0.0457201, -0.12189, -0.811901, 0.57093, 0.139703, 0.555458, 0.819725)
    Hakari_VFX.CFrame = CFrame.new(0, 0, 0, 1, 0, 0, 0, 1, 0, 0, 0, 1)

[30]
    Time: 0.966667
    HumanoidRootPart.CFrame = CFrame.new(0, 0, 0, 1, 0, 0, 0, 1, 0, 0, 0, 1)
    Torso.CFrame = CFrame.new(-0.10126, 0.255828, -0.507846, 0.896848, 0.386884, 0.214439, -0.44016, 0.828607, 0.345933, -0.0438498, -0.404637, 0.913426)
    Head.CFrame = CFrame.new(1.19209e-07, -1.78814e-07, 2.98023e-08, 0.871588, -0.227459, -0.434277, 0.318183, 0.936383, 0.148143, 0.372953, -0.267299, 0.888514)
    Left Leg.CFrame = CFrame.new(-0.258706, 0.105442, -0.0598805, 0.603841, -0.732845, -0.313551, 0.779974, 0.462117, 0.422004, -0.164366, -0.499385, 0.850646)
    Right Arm.CFrame = CFrame.new(-0.104374, 1.15385, 0.014208, -0.99816, 0.0371854, 0.0478957, -0.0286306, -0.985317, 0.168315, 0.0534514, 0.166634, 0.984569)
    Right Leg.CFrame = CFrame.new(0.650103, 0.190627, -0.0458821, 0.871466, 0.48992, 0.0229281, -0.482134, 0.847166, 0.223286, 0.0899681, -0.20564, 0.974483)
    Left Arm.CFrame = CFrame.new(0.109997, 1.23241, -0.370954, -0.975199, 0.221207, 0.00730374, -0.183112, -0.824911, 0.534782, 0.124323, 0.520181, 0.844959)
    Hakari_VFX.CFrame = CFrame.new(0, 0, 0, 1, 0, 0, 0, 1, 0, 0, 0, 1)

[31]
    Time: 1.000000
    HumanoidRootPart.CFrame = CFrame.new(0, 0, 0, 1, 0, 0, 0, 1, 0, 0, 0, 1)
    Torso.CFrame = CFrame.new(-0.0544166, 0.255828, -0.550038, 0.895171, 0.399441, 0.197776, -0.444803, 0.829054, 0.338851, -0.0286159, -0.391301, 0.919818)
    Head.CFrame = CFrame.new(-5.96046e-08, 1.19209e-07, 4.47035e-07, 0.875181, -0.247985, -0.415405, 0.332903, 0.931723, 0.145151, 0.351047, -0.265323, 0.897981)
    Left Leg.CFrame = CFrame.new(-0.420123, -0.0297559, -0.0410086, 0.531734, -0.800269, -0.27718, 0.815551, 0.395605, 0.422343, -0.228334, -0.450628, 0.863016)
    Right Arm.CFrame = CFrame.new(-0.106745, 1.12432, 0.0415404, -0.99787, 0.0629982, 0.0169484, -0.057843, -0.974518, 0.216725, 0.0301698, 0.215283, 0.976086)
    Right Leg.CFrame = CFrame.new(0.674325, 0.259783, -0.0776732, 0.889089, 0.456477, 0.0339104, -0.447481, 0.85119, 0.274292, 0.0963438, -0.259044, 0.961048)
    Left Arm.CFrame = CFrame.new(0.108854, 1.19779, -0.322014, -0.981108, 0.190117, 0.0357985, -0.137532, -0.815575, 0.562069, 0.136055, 0.546527, 0.826315)
    Hakari_VFX.CFrame = CFrame.new(0, 0, 0, 1, 0, 0, 0, 1, 0, 0, 0, 1)

[32]
    Time: 1.033333
    HumanoidRootPart.CFrame = CFrame.new(0, 0, 0, 1, 0, 0, 0, 1, 0, 0, 0, 1)
    Torso.CFrame = CFrame.new(-0.0137165, 0.255828, -0.613961, 0.895079, 0.407615, 0.180789, -0.445472, 0.835355, 0.322081, -0.0197374, -0.368824, 0.92929)
    Head.CFrame = CFrame.new(-1.49012e-08, -8.19564e-08, 3.27826e-07, 0.879535, -0.269566, -0.392113, 0.343593, 0.929875, 0.131439, 0.329184, -0.250333, 0.910479)
    Left Leg.CFrame = CFrame.new(-0.54125, -0.0492936, -0.0136026, 0.505074, -0.839366, -0.200911, 0.797155, 0.364454, 0.48137, -0.330823, -0.403285, 0.853181)
    Right Arm.CFrame = CFrame.new(-0.111322, 1.04657, 0.111689, -0.989819, 0.123412, -0.070901, -0.140235, -0.930769, 0.337644, -0.0243232, 0.34415, 0.9386)
    Right Leg.CFrame = CFrame.new(0.70014, 0.349135, -0.120442, 0.909804, 0.412983, 0.041251, -0.40353, 0.856953, 0.320617, 0.097059, -0.308345, 0.94631)
    Left Arm.CFrame = CFrame.new(0.1054, 1.10741, -0.195853, -0.987062, 0.111363, 0.115355, -0.0150511, -0.780623, 0.62482, 0.159631, 0.615, 0.7722)
    Hakari_VFX.CFrame = CFrame.new(0, 0, 0, 1, 0, 0, 0, 1, 0, 0, 0, 1)

[33]
    Time: 1.066667
    HumanoidRootPart.CFrame = CFrame.new(0, 0, 0, 1, 0, 0, 0, 1, 0, 0, 0, 1)
    Torso.CFrame = CFrame.new(0.0109503, 0.255828, -0.699305, 0.901384, 0.400731, 0.164077, -0.432436, 0.852731, 0.293002, -0.0224986, -0.33506, 0.941928)
    Head.CFrame = CFrame.new(1.19209e-07, -3.72529e-08, -5.96046e-08, 0.889123, -0.278191, -0.363413, 0.341872, 0.931628, 0.123262, 0.304276, -0.233836, 0.923438)
    Left Leg.CFrame = CFrame.new(-0.654277, 0.0279334, 0.0166676, 0.50635, -0.856266, -0.102073, 0.72869, 0.361576, 0.581613, -0.461108, -0.368879, 0.807036)
    Right Arm.CFrame = CFrame.new(-0.113629, 0.936528, 0.207629, -0.960797, 0.186207, -0.205417, -0.265165, -0.833535, 0.484673, -0.0809724, 0.520141, 0.850233)
    Right Leg.CFrame = CFrame.new(0.716274, 0.458884, -0.169104, 0.930715, 0.363762, 0.0380511, -0.352635, 0.864875, 0.357266, 0.0970501, -0.345931, 0.933227)
    Left Arm.CFrame = CFrame.new(0.0991716, 0.981299, -0.0231437, -0.971858, 0.0110792, 0.235306, 0.158663, -0.707548, 0.688623, 0.174119, 0.706578, 0.685879)
    Hakari_VFX.CFrame = CFrame.new(0, 0, 0, 1, 0, 0, 0, 1, 0, 0, 0, 1)

[34]
    Time: 1.100000
    HumanoidRootPart.CFrame = CFrame.new(0, 0, 0, 1, 0, 0, 0, 1, 0, 0, 0, 1)
    Torso.CFrame = CFrame.new(0.0275486, 0.255828, -0.79331, 0.919629, 0.366177, 0.142116, -0.391587, 0.882974, 0.258875, -0.0306902, -0.29372, 0.955399)
    Head.CFrame = CFrame.new(1.19209e-07, -1.3411e-07, 0, 0.910577, -0.2621, -0.319614, 0.315846, 0.940001, 0.128992, 0.266629, -0.218406, 0.938727)
    Left Leg.CFrame = CFrame.new(-0.758817, 0.176696, 0.00959219, 0.537072, -0.843525, -0.00436962, 0.627781, 0.396238, 0.66999, -0.563422, -0.362576, 0.742357)
    Right Arm.CFrame = CFrame.new(-0.109361, 0.812261, 0.31382, -0.906506, 0.22092, -0.359779, -0.406981, -0.683936, 0.605473, -0.112305, 0.695289, 0.709902)
    Right Leg.CFrame = CFrame.new(0.710354, 0.576581, -0.222862, 0.947351, 0.31958, 0.0199, -0.300146, 0.864659, 0.402836, 0.111531, -0.3876, 0.915056)
    Left Arm.CFrame = CFrame.new(0.0893748, 0.840887, 0.165921, -0.924058, -0.0813408, 0.373497, 0.345075, -0.597838, 0.723542, 0.164437, 0.79748, 0.580506)
    Hakari_VFX.CFrame = CFrame.new(0, 0, 0, 1, 0, 0, 0, 1, 0, 0, 0, 1)

[35]
    Time: 1.133333
    HumanoidRootPart.CFrame = CFrame.new(0, 0, 0, 1, 0, 0, 0, 1, 0, 0, 0, 1)
    Torso.CFrame = CFrame.new(0.0485076, 0.255828, -0.880107, 0.94774, 0.299453, 0.110079, -0.317352, 0.920315, 0.228709, -0.0328198, -0.25169, 0.967251)
    Head.CFrame = CFrame.new(4.47035e-08, -2.98023e-08, 3.57628e-07, 0.943047, -0.218792, -0.250584, 0.260512, 0.954168, 0.147296, 0.206872, -0.204187, 0.956824)
    Left Leg.CFrame = CFrame.new(-0.838766, 0.355844, -0.055376, 0.600674, -0.795837, 0.0763778, 0.529044, 0.467288, 0.708346, -0.599418, -0.385078, 0.701721)
    Right Arm.CFrame = CFrame.new(-0.0964057, 0.695445, 0.41426, -0.840377, 0.218964, -0.495804, -0.530605, -0.518977, 0.670166, -0.110569, 0.826268, 0.552319)
    Right Leg.CFrame = CFrame.new(0.69265, 0.674141, -0.290794, 0.954635, 0.297682, -0.00758682, -0.258237, 0.840288, 0.476687, 0.148276, -0.453103, 0.87904)
    Left Arm.CFrame = CFrame.new(0.0760876, 0.709909, 0.340804, -0.854371, -0.14519, 0.498969, 0.50242, -0.476073, 0.721753, 0.132754, 0.867337, 0.47969)
    Hakari_VFX.CFrame = CFrame.new(0, 0, 0, 1, 0, 0, 0, 1, 0, 0, 0, 1)

[36]
    Time: 1.166667
    HumanoidRootPart.CFrame = CFrame.new(0, 0, 0, 1, 0, 0, 0, 1, 0, 0, 0, 1)
    Torso.CFrame = CFrame.new(0.0862561, 0.255828, -0.943823, 0.978937, 0.194669, 0.0615282, -0.203358, 0.956456, 0.209373, -0.0180908, -0.217475, 0.975898)
    Head.CFrame = CFrame.new(6.70552e-08, -2.98023e-08, 3.27826e-07, 0.979013, -0.145142, -0.143066, 0.169023, 0.970473, 0.172083, 0.113865, -0.192653, 0.974638)
    Left Leg.CFrame = CFrame.new(-0.875777, 0.531025, -0.155365, 0.695812, -0.707287, 0.124863, 0.461816, 0.573738, 0.676426, -0.550066, -0.413001, 0.72585)
    Right Arm.CFrame = CFrame.new(-0.0753243, 0.609238, 0.490033, -0.785968, 0.198485, -0.58554, -0.611365, -0.390619, 0.688222, -0.0921214, 0.898899, 0.428361)
