[1]
    Time: 0.000000
    HumanoidRootPart.CFrame = CFrame.new(0, 0, 0, 1, 0, 0, 0, 1, 0, 0, 0, 1)
    Torso.CFrame = CFrame.new(0, 1.69407e-21, 0.14529, 1, -6.51683e-07, -1.50996e-07, 6.51683e-07, 1, -9.84014e-14, 1.50996e-07, 0, 1)
    Left Arm.CFrame = CFrame.new(2.99387e-07, -0.114157, -0.217935, 0.106557, 0.620065, 0.777281, -0.99311, 0.104712, 0.052613, -0.0487669, -0.777532, 0.62695)
    Right Leg.CFrame = CFrame.new(0.293359, 0.466249, -0.0420216, 0.962704, 0.270267, 0.0124956, -0.270296, 0.958728, 0.0882047, 0.0118589, -0.0882925, 0.996024)
    Left Leg.CFrame = CFrame.new(-0.280863, 0.378044, 0.0380454, 0.962705, -0.270266, 0.0124956, 0.270295, 0.958729, -0.0882046, 0.0118589, 0.0882924, 0.996024)
    Head.CFrame = CFrame.new(1.50996e-07, 5.42101e-20, 0, 1, 6.51683e-07, 8.74228e-08, -6.51683e-07, 1, 4.14295e-14, -8.74228e-08, -9.84014e-14, 1)
    Right Arm.CFrame = CFrame.new(1.46558e-07, -0.217935, -0.134912, -0.122986, -0.748177, 0.652001, 0.961379, 0.0731823, 0.265321, -0.246222, 0.659451, 0.710281)

[2]
    Time: 0.016667
    HumanoidRootPart.CFrame = CFrame.new(0, 0, 0, 1, 0, 0, 0, 1, 0, 0, 0, 1)
    Torso.CFrame = CFrame.new(-0.0175922, 7.68645e-09, 0.14499, 0.999991, -0.00201991, 0.00372468, 0.00199748, 0.99998, 0.0060145, -0.00373676, -0.00600701, 0.999975)
    Left Arm.CFrame = CFrame.new(-0.00233564, -0.114788, -0.217393, 0.174564, 0.620098, 0.764857, -0.981631, 0.170342, 0.0859357, -0.0769988, -0.765808, 0.638443)
    Right Leg.CFrame = CFrame.new(0.292746, 0.448406, -0.0411357, 0.961322, 0.275171, 0.0118541, -0.275093, 0.957156, 0.090421, 0.013535, -0.0901847, 0.995833)
    Left Leg.CFrame = CFrame.new(-0.27579, 0.328881, 0.0508327, 0.961736, -0.273353, 0.0184822, 0.273279, 0.952282, -0.135931, 0.019557, 0.135781, 0.990546)
    Head.CFrame = CFrame.new(1.51792e-07, 3.24144e-09, 0, 0.999976, 0.00590473, -0.00374829, -0.00593793, 0.999943, -0.00890925, 0.00369547, 0.00893128, 0.999953)
    Right Arm.CFrame = CFrame.new(-0.00154076, -0.200797, -0.13415, -0.110368, -0.749066, 0.653238, 0.962016, 0.0846036, 0.259552, -0.249688, 0.657072, 0.711275)

[3]
    Time: 0.033333
    HumanoidRootPart.CFrame = CFrame.new(0, 0, 0, 1, 0, 0, 0, 1, 0, 0, 0, 1)
    Torso.CFrame = CFrame.new(-0.0658287, 2.87622e-08, 0.142892, 0.999868, -0.00796862, 0.0141305, 0.00779852, 0.999897, 0.0120524, -0.0142251, -0.0119406, 0.999828)
    Left Arm.CFrame = CFrame.new(-0.00433848, -0.116558, -0.215811, 0.252939, 0.636641, 0.728498, -0.962427, 0.242446, 0.122285, -0.0987702, -0.732057, 0.674045)
    Right Leg.CFrame = CFrame.new(0.282861, 0.40673, -0.0382696, 0.962183, 0.272272, 0.008417, -0.271803, 0.957561, 0.0959127, 0.0180546, -0.0945734, 0.995354)
    Left Leg.CFrame = CFrame.new(-0.267054, 0.270126, 0.0516908, 0.963319, -0.2677, 0.0188013, 0.266992, 0.948992, -0.167718, 0.0270558, 0.166585, 0.985656)
    Head.CFrame = CFrame.new(1.58616e-07, 1.5425e-09, 0, 0.999642, 0.0225346, -0.0143925, -0.0228616, 0.999475, -0.0229724, 0.0138673, 0.0232932, 0.999632)
    Right Arm.CFrame = CFrame.new(-0.00600126, -0.184977, -0.131943, -0.0747347, -0.750926, 0.656144, 0.962938, 0.116658, 0.243188, -0.259161, 0.650001, 0.714377)

[4]
    Time: 0.050000
    HumanoidRootPart.CFrame = CFrame.new(0, 0, 0, 1, 0, 0, 0, 1, 0, 0, 0, 1)
    Torso.CFrame = CFrame.new(-0.1379, 6.02519e-08, 0.137195, 0.999392, -0.0176673, 0.030065, 0.0171317, 0.999692, 0.0179791, -0.0303734, -0.0174531, 0.999386)
    Left Arm.CFrame = CFrame.new(-0.00603385, -0.119276, -0.213258, 0.34031, 0.662766, 0.667031, -0.933819, 0.321435, 0.157041, -0.110326, -0.676329, 0.728291)
    Right Leg.CFrame = CFrame.new(0.259183, 0.348163, -0.0325101, 0.965414, 0.260718, 0.0015953, -0.259511, 0.960318, 0.102192, 0.0251113, -0.0990714, 0.994763)
    Left Leg.CFrame = CFrame.new(-0.253517, 0.209549, 0.0431588, 0.967109, -0.254027, 0.0130544, 0.252006, 0.949919, -0.184788, 0.0345406, 0.182, 0.982692)
    Head.CFrame = CFrame.new(1.51864e-07, -4.19095e-09, 1.19209e-07, 0.998354, 0.0481553, -0.031142, -0.0494131, 0.997938, -0.0409686, 0.0291049, 0.04244, 0.998675)
    Right Arm.CFrame = CFrame.new(-0.0131381, -0.170421, -0.128412, -0.0193158, -0.751794, 0.659115, 0.961806, 0.166065, 0.217602, -0.273048, 0.638144, 0.719873)

[5]
    Time: 0.066667
    HumanoidRootPart.CFrame = CFrame.new(0, 0, 0, 1, 0, 0, 0, 1, 0, 0, 0, 1)
    Torso.CFrame = CFrame.new(-0.226996, 9.91801e-08, 0.126101, 0.998252, -0.0309056, 0.050374, 0.0297416, 0.999277, 0.023695, -0.0510698, -0.0221554, 0.998449)
    Left Arm.CFrame = CFrame.new(-0.00744737, -0.122751, -0.209804, 0.433423, 0.69035, 0.579276, -0.89474, 0.406415, 0.185115, -0.107632, -0.598535, 0.793834)
    Right Leg.CFrame = CFrame.new(0.210926, 0.280829, -0.0236854, 0.97157, 0.236559, -0.00960754, -0.234214, 0.966284, 0.106959, 0.0345856, -0.101668, 0.994217)
    Left Leg.CFrame = CFrame.new(-0.230934, 0.153651, 0.0290395, 0.972887, -0.231279, 0.00105319, 0.227299, 0.95528, -0.189144, 0.042739, 0.184255, 0.981949)
    Head.CFrame = CFrame.new(1.56462e-07, -1.86265e-09, -5.96046e-08, 0.995296, 0.0809302, -0.0532598, -0.0841659, 0.994545, -0.0616075, 0.0479834, 0.0658004, 0.996678)
    Right Arm.CFrame = CFrame.new(-0.0227079, -0.157078, -0.123677, 0.0524369, -0.74922, 0.660242, 0.955739, 0.229321, 0.18432, -0.289504, 0.621354, 0.728084)

[6]
    Time: 0.083333
    HumanoidRootPart.CFrame = CFrame.new(0, 0, 0, 1, 0, 0, 0, 1, 0, 0, 0, 1)
    Torso.CFrame = CFrame.new(-0.326306, 1.42571e-07, 0.107812, 0.996137, -0.0474335, 0.0738989, 0.0453886, 0.998545, 0.0291103, -0.0751722, -0.0256437, 0.996841)
    Left Arm.CFrame = CFrame.new(-0.00860466, -0.126796, -0.205517, 0.526957, 0.710721, 0.466038, -0.84539, 0.494699, 0.201467, -0.0873612, -0.500149, 0.861521)
    Right Leg.CFrame = CFrame.new(0.133627, 0.210465, -0.0129153, 0.979703, 0.19876, -0.0260043, -0.194887, 0.974807, 0.108492, 0.046913, -0.101222, 0.993757)
    Left Leg.CFrame = CFrame.new(-0.20062, 0.105994, 0.0132812, 0.979438, -0.201047, -0.0167596, 0.194665, 0.963618, -0.183156, 0.0529728, 0.176128, 0.982941)
    Head.CFrame = CFrame.new(1.57976e-07, 0, -1.19209e-07, 0.989672, 0.11898, -0.0799615, -0.125596, 0.988558, -0.0835423, 0.0691067, 0.0927223, 0.993291)
    Right Arm.CFrame = CFrame.new(-0.0344674, -0.144895, -0.117859, 0.136512, -0.740884, 0.657614, 0.942034, 0.302465, 0.14521, -0.306489, 0.599672, 0.739228)

[7]
    Time: 0.100000
    HumanoidRootPart.CFrame = CFrame.new(0, 0, 0, 1, 0, 0, 0, 1, 0, 0, 0, 1)
    Torso.CFrame = CFrame.new(-0.429022, 1.8745e-07, 0.0805283, 0.992784, -0.0669571, 0.0994815, 0.0638475, 0.997376, 0.034124, -0.101505, -0.0275261, 0.994454)
    Left Arm.CFrame = CFrame.new(-0.00953134, -0.13122, -0.200465, 0.614089, 0.716132, 0.331739, -0.787763, 0.58184, 0.202215, -0.0482065, -0.385509, 0.921444)
    Right Leg.CFrame = CFrame.new(0.0576554, 0.136918, -0.00249159, 0.985559, 0.162859, -0.04637, -0.157235, 0.981813, 0.106394, 0.062854, -0.0975664, 0.993242)
    Left Leg.CFrame = CFrame.new(-0.169837, 0.0687337, -0.000700176, 0.985037, -0.16781, -0.0392614, 0.158943, 0.972636, -0.169457, 0.0666237, 0.160681, 0.984755)
    Head.CFrame = CFrame.new(1.44122e-07, 1.67638e-08, -1.19209e-07, 0.980856, 0.160459, -0.110341, -0.172082, 0.979428, -0.105396, 0.0911596, 0.122366, 0.98829)
    Right Arm.CFrame = CFrame.new(-0.0481733, -0.133817, -0.111078, 0.228257, -0.725178, 0.649627, 0.918842, 0.381072, 0.10254, -0.321914, 0.573499, 0.753307)

[8]
    Time: 0.116667
    HumanoidRootPart.CFrame = CFrame.new(0, 0, 0, 1, 0, 0, 0, 1, 0, 0, 0, 1)
    Torso.CFrame = CFrame.new(-0.528332, 2.30842e-07, 0.0424509, 0.98802, -0.0891417, 0.125973, 0.0849069, 0.995641, 0.0386059, -0.128865, -0.0274474, 0.991282)
    Left Arm.CFrame = CFrame.new(-0.0102531, -0.135834, -0.194718, 0.687991, 0.70178, 0.18486, -0.725675, 0.662438, 0.185935, 0.00802748, -0.26207, 0.965016)
    Right Leg.CFrame = CFrame.new(0.028463, 0.0636288, 0.00564229, 0.986186, 0.151176, -0.0676924, -0.143887, 0.98432, 0.102035, 0.0820562, -0.0908856, 0.992475)
    Left Leg.CFrame = CFrame.new(-0.155028, 0.0438188, -0.0105851, 0.987955, -0.140662, -0.0644921, 0.129658, 0.979969, -0.151158, 0.0844625, 0.140976, 0.986404)
    Head.CFrame = CFrame.new(1.50874e-07, -3.72529e-09, 0, 0.968498, 0.203642, -0.143327, -0.221927, 0.966913, -0.125807, 0.112965, 0.153651, 0.981647)
    Right Arm.CFrame = CFrame.new(-0.0635823, -0.123794, -0.103455, 0.322595, -0.701686, 0.635272, 0.885706, 0.460498, 0.0588731, -0.333852, 0.543672, 0.770041)

[9]
    Time: 0.133333
    HumanoidRootPart.CFrame = CFrame.new(0, 0, 0, 1, 0, 0, 0, 1, 0, 0, 0, 1)
    Torso.CFrame = CFrame.new(-0.617428, 2.6977e-07, -0.00821924, 0.981789, -0.11362, 0.15225, 0.108369, 0.993207, 0.0423815, -0.156031, -0.0251106, 0.987433)
    Left Arm.CFrame = CFrame.new(-0.0107954, -0.140447, -0.188344, 0.743794, 0.667404, 0.0366393, -0.664042, 0.731567, 0.154459, 0.0762826, -0.139216, 0.98732)
    Right Leg.CFrame = CFrame.new(0.0193074, 0.00636929, 0.0105407, 0.984399, 0.150837, -0.0905873, -0.142143, 0.985198, 0.0958149, 0.103699, -0.0814438, 0.991269)
    Left Leg.CFrame = CFrame.new(-0.165963, 0.0365776, -0.0160162, 0.987952, -0.125205, -0.0909676, 0.112722, 0.984902, -0.131382, 0.106044, 0.119545, 0.987149)
    Head.CFrame = CFrame.new(2.17929e-07, 7.45058e-09, -5.96046e-08, 0.952582, 0.247027, -0.177666, -0.273412, 0.951137, -0.143475, 0.133542, 0.185248, 0.973576)
    Right Arm.CFrame = CFrame.new(-0.0804511, -0.114773, -0.0951089, 0.414499, -0.671422, 0.614315, 0.843842, 0.536328, 0.0168172, -0.340766, 0.511414, 0.788882)

[10]
    Time: 0.150000
    HumanoidRootPart.CFrame = CFrame.new(0, 0, 0, 1, 0, 0, 0, 1, 0, 0, 0, 1)
    Torso.CFrame = CFrame.new(-0.689499, 3.01259e-07, -0.0732808, 0.974205, -0.13963, 0.177281, 0.133788, 0.990008, 0.0445518, -0.18173, -0.0196845, 0.983151)
    Left Arm.CFrame = CFrame.new(-0.011184, -0.144871, -0.181411, 0.780036, 0.617438, -0.10156, -0.607653, 0.786187, 0.112551, 0.149339, -0.0260806, 0.988442)
    Right Leg.CFrame = CFrame.new(0.0173605, -0.0225086, 0.0116767, 0.981255, 0.154516, -0.115166, -0.144831, 0.985515, 0.0882333, 0.127131, -0.0698998, 0.98942)
    Left Leg.CFrame = CFrame.new(-0.20075, 0.0547331, -0.0183587, 0.985711, -0.120214, -0.117992, 0.106985, 0.987853, -0.112695, 0.130106, 0.0984617, 0.986599)
    Head.CFrame = CFrame.new(2.03494e-07, 0, 0, 0.933535, 0.289187, -0.211856, -0.324513, 0.932822, -0.156634, 0.152327, 0.214974, 0.964667)
    Right Arm.CFrame = CFrame.new(-0.0985364, -0.1067, -0.0861612, 0.499556, -0.636794, 0.587314, 0.79605, 0.604856, -0.0212887, -0.341683, 0.478166, 0.809079)

[11]
    Time: 0.166667
    HumanoidRootPart.CFrame = CFrame.new(0, 0, 0, 1, 0, 0, 0, 1, 0, 0, 0, 1)
    Torso.CFrame = CFrame.new(-0.737736, 3.22335e-07, -0.152335, 0.96575, -0.165166, 0.20012, 0.159438, 0.986203, 0.0445237, -0.204713, -0.011092, 0.978759)
    Left Arm.CFrame = CFrame.new(-0.0114445, -0.148916, -0.173989, 0.798821, 0.559576, -0.220816, -0.56005, 0.825778, 0.0665945, 0.21961, 0.0704713, 0.973039)
    Right Leg.CFrame = CFrame.new(0.0223667, -0.0146801, 0.00957739, 0.977054, 0.16081, -0.139666, -0.150799, 0.985355, 0.0795886, 0.150419, -0.0567009, 0.986995)
    Left Leg.CFrame = CFrame.new(-0.265863, 0.101867, -0.0203254, 0.981164, -0.130196, -0.142708, 0.116968, 0.988339, -0.0974896, 0.153736, 0.078961, 0.984952)
    Head.CFrame = CFrame.new(7.82311e-08, 7.45058e-09, 2.38419e-07, 0.912652, 0.327886, -0.244044, -0.372153, 0.913493, -0.164415, 0.169023, 0.240876, 0.955725)
    Right Arm.CFrame = CFrame.new(-0.117595, -0.0995236, -0.0767317, 0.574396, -0.601279, 0.555457, 0.746331, 0.663411, -0.0536386, -0.336244, 0.445364, 0.829814)

[12]
    Time: 0.183333
    HumanoidRootPart.CFrame = CFrame.new(0, 0, 0, 1, 0, 0, 0, 1, 0, 0, 0, 1)
    Torso.CFrame = CFrame.new(-0.755328, 3.30022e-07, -0.235487, 0.957239, -0.188082, 0.219814, 0.183234, 0.982153, 0.0424265, -0.223871, -0.0003348, 0.974619)
    Left Arm.CFrame = CFrame.new(-0.0116025, -0.152392, -0.166146, 0.804752, 0.502607, -0.315847, -0.523065, 0.851982, 0.0230317, 0.280672, 0.146674, 0.948531)
    Right Leg.CFrame = CFrame.new(0.038889, 0.0371315, 0.00586224, 0.971788, 0.171833, -0.161557, -0.162402, 0.984241, 0.069969, 0.171034, -0.0417578, 0.98438)
    Left Leg.CFrame = CFrame.new(-0.364591, 0.180135, -0.0246047, 0.973786, -0.159875, -0.161805, 0.147138, 0.9852, -0.0879323, 0.173468, 0.0618196, 0.982897)
    Head.CFrame = CFrame.new(2.8871e-08, 2.42144e-08, -5.96046e-08, 0.891934, 0.361022, -0.272245, -0.413334, 0.8951, -0.167188, 0.183328, 0.261649, 0.947592)
    Right Arm.CFrame = CFrame.new(-0.137383, -0.0931905, -0.0669414, 0.636835, -0.568981, 0.520291, 0.699333, 0.710407, -0.0790928, -0.324616, 0.414225, 0.850318)

[13]
    Time: 0.200000
    HumanoidRootPart.CFrame = CFrame.new(0, 0, 0, 1, 0, 0, 0, 1, 0, 0, 0, 1)
    Torso.CFrame = CFrame.new(-0.755328, 2.0626e-07, -0.310289, 0.949728, -0.206377, 0.235425, 0.203123, 0.978405, 0.0382619, -0.238237, 0.0114819, 0.971139)
    Left Arm.CFrame = CFrame.new(-0.0116837, -0.155109, -0.157951, 0.803378, 0.454649, -0.38455, -0.497074, 0.867615, -0.0126852, 0.327874, 0.201341, 0.923017)
    Right Leg.CFrame = CFrame.new(0.0656099, 0.0905951, 0.00464237, 0.966257, 0.185185, -0.179035, -0.177156, 0.982353, 0.0599858, 0.186984, -0.0262447, 0.982012)
    Left Leg.CFrame = CFrame.new(-0.438569, 0.256765, -0.0305113, 0.967546, -0.179215, -0.17815, 0.16728, 0.982657, -0.0800171, 0.1894, 0.0476193, 0.980745)
    Head.CFrame = CFrame.new(1.546e-07, -2.23517e-08, 4.76837e-07, 0.873827, 0.386936, -0.294461, -0.445414, 0.87988, -0.165583, 0.19502, 0.275848, 0.941209)
    Right Arm.CFrame = CFrame.new(-0.157658, -0.0876473, -0.0569105, 0.685684, -0.544192, 0.483418, 0.659842, 0.745097, -0.0971569, -0.307321, 0.385598, 0.869982)

[14]
    Time: 0.216667
    HumanoidRootPart.CFrame = CFrame.new(0, 0, 0, 1, 0, 0, 0, 1, 0, 0, 0, 1)
    Torso.CFrame = CFrame.new(-0.755328, -3.71039e-08, -0.364298, 0.944397, -0.218178, 0.245993, 0.217071, 0.975633, 0.0319531, -0.24697, 0.0232215, 0.968745)
    Left Arm.CFrame = CFrame.new(-0.0117135, -0.156879, -0.149473, 0.799862, 0.422313, -0.426466, -0.48169, 0.875587, -0.0363777, 0.358045, 0.234521, 0.903772)
    Right Leg.CFrame = CFrame.new(0.100029, 0.128822, 0.0064497, 0.96169, 0.19743, -0.190193, -0.190376, 0.980177, 0.0548595, 0.197254, -0.0165497, 0.980213)
    Left Leg.CFrame = CFrame.new(-0.48129, 0.313608, -0.0346798, 0.964312, -0.183877, -0.190504, 0.172282, 0.982121, -0.0758783, 0.201051, 0.0403497, 0.97875)
    Head.CFrame = CFrame.new(7.17118e-08, -9.31323e-09, 1.19209e-07, 0.860978, 0.404206, -0.308762, -0.466008, 0.870128, -0.160356, 0.203845, 0.281949, 0.937524)
    Right Arm.CFrame = CFrame.new(-0.178177, -0.0828424, -0.0467589, 0.720278, -0.531103, 0.446239, 0.632424, 0.767079, -0.107842, -0.285025, 0.359888, 0.888392)

[15]
    Time: 0.233333
    HumanoidRootPart.CFrame = CFrame.new(0, 0, 0, 1, 0, 0, 0, 1, 0, 0, 0, 1)
    Torso.CFrame = CFrame.new(-0.755328, -2.08185e-07, -0.385067, 0.942396, -0.221682, 0.250495, 0.223018, 0.974533, 0.0234155, -0.249306, 0.0337981, 0.967835)
    Left Arm.CFrame = CFrame.new(-0.0117179, -0.157511, -0.14078, 0.798114, 0.410647, -0.440889, -0.476542, 0.878006, -0.0448724, 0.368676, 0.245915, 0.896439)
    Right Leg.CFrame = CFrame.new(0.1236, 0.144218, 0.00839043, 0.960443, 0.198981, -0.194824, -0.19222, 0.979908, 0.0532119, 0.201498, -0.013658, 0.979394)
    Left Leg.CFrame = CFrame.new(-0.500478, 0.337483, -0.0360484, 0.96408, -0.178914, -0.196314, 0.167226, 0.983083, -0.074722, 0.206362, 0.0392094, 0.97769)
    Head.CFrame = CFrame.new(2.37022e-07, -2.04891e-08, -1.19209e-07, 0.855947, 0.411304, -0.313342, -0.472782, 0.867935, -0.152202, 0.209359, 0.278419, 0.937364)
    Right Arm.CFrame = CFrame.new(-0.198695, -0.0787229, -0.0366077, 0.739794, -0.533649, 0.409786, 0.621252, 0.775642, -0.111469, -0.258362, 0.337044, 0.905345)

[16]
    Time: 0.250000
    HumanoidRootPart.CFrame = CFrame.new(0, 0, 0, 1, 0, 0, 0, 1, 0, 0, 0, 1)
    Torso.CFrame = CFrame.new(-0.74927, -2.72521e-07, -0.375613, 0.943249, -0.218657, 0.249942, 0.222463, 0.974851, 0.0132825, -0.24656, 0.0430741, 0.96817)
    Left Arm.CFrame = CFrame.new(-0.00529507, -0.155703, -0.131955, 0.798082, 0.422705, -0.429401, -0.479001, 0.877413, -0.0265375, 0.365545, 0.226863, 0.902724)
    Right Leg.CFrame = CFrame.new(0.125848, 0.139877, 0.00825369, 0.962888, 0.186608, -0.195, -0.178927, 0.982242, 0.0564503, 0.202071, -0.0194644, 0.979177)
    Left Leg.CFrame = CFrame.new(-0.504806, 0.32717, -0.0344685, 0.965869, -0.169051, -0.19626, 0.15631, 0.984559, -0.0788036, 0.206552, 0.0454366, 0.97738)
    Head.CFrame = CFrame.new(3.42261e-07, -2.42144e-08, -1.78814e-07, 0.858249, 0.409395, -0.309523, -0.467213, 0.872823, -0.141041, 0.212417, 0.265662, 0.940374)
    Right Arm.CFrame = CFrame.new(-0.21897, -0.0752354, -0.0265768, 0.748629, -0.550252, 0.369834, 0.620506, 0.777987, -0.0985292, -0.23351, 0.303246, 0.923858)

[17]
    Time: 0.266667
    HumanoidRootPart.CFrame = CFrame.new(0, 0, 0, 1, 0, 0, 0, 1, 0, 0, 0, 1)
    Torso.CFrame = CFrame.new(-0.731735, -3.24128e-07, -0.350583, 0.945653, -0.212423, 0.246206, 0.218616, 0.975808, 0.0022318, -0.240724, 0.0517142, 0.969215)
    Left Arm.CFrame = CFrame.new(0.0124621, -0.150703, -0.123129, 0.797639, 0.455068, -0.395834, -0.486138, 0.873535, 0.024644, 0.356989, 0.172773, 0.917991)
    Right Leg.CFrame = CFrame.new(0.117385, 0.124844, 0.00722826, 0.966806, 0.16779, -0.192697, -0.157653, 0.985226, 0.0668972, 0.201075, -0.0342972, 0.978975)
    Left Leg.CFrame = CFrame.new(-0.497887, 0.293986, -0.0302305, 0.968748, -0.155397, -0.193339, 0.140051, 0.985978, -0.090741, 0.204729, 0.0608277, 0.976927)
    Head.CFrame = CFrame.new(1.80997e-07, -5.12227e-09, 2.38419e-07, 0.865322, 0.401348, -0.300228, -0.453192, 0.882372, -0.126633, 0.214089, 0.245639, 0.945424)
    Right Arm.CFrame = CFrame.new(-0.238758, -0.0723275, -0.0167861, 0.752645, -0.574301, 0.32203, 0.622061, 0.780517, -0.0619192, -0.215789, 0.246925, 0.944703)

[18]
    Time: 0.283333
    HumanoidRootPart.CFrame = CFrame.new(0, 0, 0, 1, 0, 0, 0, 1, 0, 0, 0, 1)
    Torso.CFrame = CFrame.new(-0.703679, -3.63838e-07, -0.314971, 0.949342, -0.203486, 0.239465, 0.211909, 0.977241, -0.00968638, -0.232044, 0.0599405, 0.970857)
    Left Arm.CFrame = CFrame.new(0.0392867, -0.14315, -0.11445, 0.795941, 0.500707, -0.34025, -0.497812, 0.861175, 0.102767, 0.344471, 0.0875846, 0.934703)
    Right Leg.CFrame = CFrame.new(0.107616, 0.101625, 0.00734997, 0.971131, 0.146924, -0.187929, -0.133053, 0.987502, 0.0844786, 0.197992, -0.0570353, 0.978543)
    Left Leg.CFrame = CFrame.new(-0.476845, 0.243381, -0.0248424, 0.972611, -0.135707, -0.18871, 0.116424, 0.98711, -0.109813, 0.20118, 0.0848353, 0.975874)
    Head.CFrame = CFrame.new(1.30618e-07, 3.07336e-08, 1.19209e-07, 0.876232, 0.387694, -0.286199, -0.431808, 0.895332, -0.109187, 0.213912, 0.219257, 0.951929)
    Right Arm.CFrame = CFrame.new(-0.257817, -0.0699472, -0.0073567, 0.752675, -0.601872, 0.266889, 0.625781, 0.779977, -0.00585662, -0.204643, 0.171422, 0.963709)

[19]
    Time: 0.300000
    HumanoidRootPart.CFrame = CFrame.new(0, 0, 0, 1, 0, 0, 0, 1, 0, 0, 0, 1)
    Torso.CFrame = CFrame.new(-0.666058, -3.92485e-07, -0.273773, 0.954021, -0.192339, 0.229892, 0.202767, 0.978971, -0.0224016, -0.220749, 0.067986, 0.972958)
    Left Arm.CFrame = CFrame.new(0.0729119, -0.133683, -0.106064, 0.791982, 0.551026, -0.262936, -0.513815, 0.834153, 0.200456, 0.329786, -0.023657, 0.943759)
    Right Leg.CFrame = CFrame.new(0.106439, 0.0870984, 0.0087688, 0.97529, 0.125776, -0.18163, -0.110081, 0.989459, 0.0940911, 0.19155, -0.0717722, 0.978855)
    Left Leg.CFrame = CFrame.new(-0.452805, 0.209533, -0.0221314, 0.976692, -0.111644, -0.183325, 0.0907597, 0.988782, -0.118625, 0.194513, 0.0992218, 0.975869)
    Head.CFrame = CFrame.new(2.39816e-07, -5.58794e-09, 3.57628e-07, 0.889941, 0.368871, -0.268215, -0.404131, 0.910371, -0.0888972, 0.211384, 0.187507, 0.959249)
    Right Arm.CFrame = CFrame.new(-0.275902, -0.0680411, 0.00159097, 0.749633, -0.629158, 0.205449, 0.631037, 0.77304, 0.0648244, -0.199605, 0.0810517, 0.976518)

[20]
    Time: 0.316667
    HumanoidRootPart.CFrame = CFrame.new(0, 0, 0, 1, 0, 0, 0, 1, 0, 0, 0, 1)
    Torso.CFrame = CFrame.new(-0.619829, -4.10903e-07, -0.231982, 0.959379, -0.179477, 0.217668, 0.191617, 0.980815, -0.0358319, -0.207061, 0.0760852, 0.975365)
    Left Arm.CFrame = CFrame.new(0.111071, -0.12294, -0.0981169, 0.784976, 0.596721, -0.166545, -0.533462, 0.787736, 0.308043, 0.315009, -0.152961, 0.936681)
    Right Leg.CFrame = CFrame.new(0.12409, 0.119821, 0.00788033, 0.978861, 0.108576, -0.173329, -0.0944291, 0.991643, 0.0879005, 0.181424, -0.0696751, 0.980934)
    Left Leg.CFrame = CFrame.new(-0.457209, 0.236772, -0.0200001, 0.979708, -0.0984919, -0.174559, 0.0799775, 0.990696, -0.110111, 0.18378, 0.0939159, 0.978471)
    Head.CFrame = CFrame.new(1.85799e-07, 3.35276e-08, 0, 0.905373, 0.345338, -0.247066, -0.37128, 0.926173, -0.0659913, 0.206036, 0.151477, 0.966749)
    Right Arm.CFrame = CFrame.new(-0.292771, -0.0665563, 0.00993669, 0.744509, -0.652844, 0.139648, 0.636927, 0.757263, 0.144484, -0.200076, -0.0186238, 0.979603)

[21]
    Time: 0.333333
    HumanoidRootPart.CFrame = CFrame.new(0, 0, 0, 1, 0, 0, 0, 1, 0, 0, 0, 1)
    Torso.CFrame = CFrame.new(-0.565949, -4.19924e-07, -0.194595, 0.965111, -0.165404, 0.202983, 0.178895, 0.982602, -0.0498929, -0.191199, 0.0844649, 0.97791)
    Left Arm.CFrame = CFrame.new(0.151497, -0.111558, -0.090755, 0.774749, 0.629667, -0.0573009, -0.555391, 0.721058, 0.414266, 0.302167, -0.289128, 0.90835)
    Right Leg.CFrame = CFrame.new(0.177211, 0.179374, 0.00935113, 0.981236, 0.105176, -0.161596, -0.0954359, 0.993184, 0.0669194, 0.167532, -0.0502418, 0.984586)
    Left Leg.CFrame = CFrame.new(-0.471983, 0.307968, -0.0203624, 0.98251, -0.0886306, -0.163763, 0.0756233, 0.993589, -0.084034, 0.170161, 0.07018, 0.982914)
    Head.CFrame = CFrame.new(2.90573e-07, -1.49012e-08, -5.96046e-08, 0.921477, 0.317677, -0.223521, -0.334478, 0.941521, -0.0407752, 0.197496, 0.112336, 0.973846)
    Right Arm.CFrame = CFrame.new(-0.30818, -0.065441, 0.0175601, 0.738301, -0.670578, 0.0723648, 0.642515, 0.731894, 0.226947, -0.205149, -0.121059, 0.971215)

[22]
    Time: 0.350000
    HumanoidRootPart.CFrame = CFrame.new(0, 0, 0, 1, 0, 0, 0, 1, 0, 0, 0, 1)
    Torso.CFrame = CFrame.new(-0.505373, -4.20382e-07, -0.165554, 0.970925, -0.150635, 0.186049, 0.16505, 0.984173, -0.0645049, -0.173387, 0.0933369, 0.980421)
    Left Arm.CFrame = CFrame.new(0.191922, -0.100176, -0.0841246, 0.761954, 0.645251, 0.0554722, -0.577698, 0.638463, 0.508556, 0.29273, -0.419543, 0.85924)
    Right Leg.CFrame = CFrame.new(0.268136, 0.252125, 0.0190341, 0.981965, 0.118835, -0.147051, -0.115534, 0.992825, 0.0308165, 0.149658, -0.0132713, 0.988649)
    Left Leg.CFrame = CFrame.new(-0.475724, 0.411761, -0.0284072, 0.985669, -0.072814, -0.152166, 0.067496, 0.996924, -0.0398338, 0.154598, 0.0289924, 0.987552)
    Head.CFrame = CFrame.new(1.94646e-07, -1.49012e-08, 0, 0.937288, 0.286648, -0.198304, -0.295069, 0.955378, -0.0136514, 0.185542, 0.0713086, 0.980045)
    Right Arm.CFrame = CFrame.new(-0.321886, -0.0646416, 0.0243415, 0.731922, -0.681351, 0.00712675, 0.647051, 0.698278, 0.306157, -0.213577, -0.219472, 0.951954)

[23]
    Time: 0.366667
    HumanoidRootPart.CFrame = CFrame.new(0, 0, 0, 1, 0, 0, 0, 1, 0, 0, 0, 1)
    Torso.CFrame = CFrame.new(-0.439059, -4.1311e-07, -0.144593, 0.976566, -0.135645, 0.167088, 0.150478, 0.985411, -0.0795104, -0.153865, 0.10279, 0.982731)
    Left Arm.CFrame = CFrame.new(0.230081, -0.0894323, -0.0783718, 0.747975, 0.643791, 0.161448, -0.598373, 0.548819, 0.583736, 0.287199, -0.533227, 0.79573)
    Right Leg.CFrame = CFrame.new(0.32956, 0.325683, 0.0370169, 0.983859, 0.11863, -0.133968, -0.122738, 0.992177, -0.022803, 0.130215, 0.0388779, 0.990723)
    Left Leg.CFrame = CFrame.new(-0.461491, 0.528837, -0.05142, 0.989073, -0.0489852, -0.139051, 0.0526081, 0.998362, 0.0224976, 0.137721, -0.0295669, 0.99003)
    Head.CFrame = CFrame.new(5.96046e-08, 3.35276e-08, 2.38419e-07, 0.952001, 0.253158, -0.172061, -0.254468, 0.966968, 0.0147737, 0.170118, 0.0297194, 0.984975)
    Right Arm.CFrame = CFrame.new(-0.333646, -0.0641056, 0.0301595, 0.726093, -0.685597, -0.0523994, 0.650137, 0.65973, 0.376932, -0.223854, -0.307754, 0.924757)

[24]
    Time: 0.383333
    HumanoidRootPart.CFrame = CFrame.new(0, 0, 0, 1, 0, 0, 0, 1, 0, 0, 0, 1)
    Torso.CFrame = CFrame.new(-0.367962, -3.98942e-07, -0.130397, 0.981846, -0.120706, 0.146316, 0.135321, 0.986294, -0.0944014, -0.132916, 0.112487, 0.984723)
    Left Arm.CFrame = CFrame.new(0.263707, -0.0799651, -0.0736427, 0.734552, 0.630115, 0.251769, -0.61577, 0.463132, 0.637445, 0.285061, -0.623269, 0.728201)
    Right Leg.CFrame = CFrame.new(0.349889, 0.382351, 0.0646046, 0.987653, 0.0996667, -0.120863, -0.111078, 0.989575, -0.0916684, 0.110467, 0.103962, 0.988428)
    Left Leg.CFrame = CFrame.new(-0.433725, 0.635205, -0.0926502, 0.992224, -0.0208771, -0.122703, 0.033231, 0.994481, 0.0995147, 0.119948, -0.102818, 0.987442)
    Head.CFrame = CFrame.new(2.0396e-07, -2.6077e-08, 3.57628e-07, 0.965049, 0.218063, -0.145358, -0.213973, 0.975875, 0.0434009, 0.151316, -0.0107813, 0.988427)
    Right Arm.CFrame = CFrame.new(-0.343215, -0.0637805, 0.034894, 0.721288, -0.684951, -0.102887, 0.651776, 0.620944, 0.43545, -0.234375, -0.381144, 0.894314)

[25]
    Time: 0.400000
    HumanoidRootPart.CFrame = CFrame.new(0, 0, 0, 1, 0, 0, 0, 1, 0, 0, 0, 1)
    Torso.CFrame = CFrame.new(-0.29304, -3.78711e-07, -0.121648, 0.986606, -0.106018, 0.123972, 0.119689, 0.986855, -0.108588, -0.11083, 0.121972, 0.986326)
    Left Arm.CFrame = CFrame.new(0.290531, -0.0724124, -0.0700839, 0.723371, 0.611625, 0.320388, -0.628842, 0.391985, 0.671495, 0.285117, -0.687213, 0.668166)
    Right Leg.CFrame = CFrame.new(0.350401, 0.403969, 0.0981647, 0.991816, 0.0725393, -0.105064, -0.0896284, 0.981645, -0.168345, 0.0909241, 0.176384, 0.980113)
    Left Leg.CFrame = CFrame.new(-0.403147, 0.707324, -0.145185, 0.994722, 0.00543627, -0.102465, 0.0133923, 0.983175, 0.182174, 0.101731, -0.182585, 0.977913)
    Head.CFrame = CFrame.new(1.49012e-07, -3.72529e-09, 3.57628e-07, 0.976045, 0.182366, -0.118653, -0.174856, 0.982032, 0.07098, 0.129466, -0.0485324, 0.990395)
    Right Arm.CFrame = CFrame.new(-0.350352, -0.0636134, 0.0384253, 0.717752, -0.68175, -0.141599, 0.652302, 0.587208, 0.479259, -0.243587, -0.436354, 0.866176)

[26]
    Time: 0.416667
    HumanoidRootPart.CFrame = CFrame.new(0, 0, 0, 1, 0, 0, 0, 1, 0, 0, 0, 1)
    Torso.CFrame = CFrame.new(-0.215248, -3.5325e-07, -0.117029, 0.990715, -0.0917565, 0.100325, 0.10373, 0.987157, -0.121492, -0.0878893, 0.130771, 0.987509)
    Left Arm.CFrame = CFrame.new(0.308288, -0.0674133, -0.0678414, 0.715842, 0.596067, 0.363695, -0.637023, 0.344177, 0.689742, 0.285957, -0.725428, 0.626085)
    Right Leg.CFrame = CFrame.new(0.347887, 0.382743, 0.125625, 0.995239, 0.045546, -0.0861651, -0.0651384, 0.968474, -0.240447, 0.0724973, 0.244915, 0.96683)
    Left Leg.CFrame = CFrame.new(-0.384329, 0.728567, -0.191208, 0.996523, 0.023173, -0.0800307, -0.00187876, 0.96655, 0.256472, 0.0832968, -0.25543, 0.963233)
    Head.CFrame = CFrame.new(1.61119e-07, 6.33299e-08, 4.76837e-07, 0.984785, 0.147252, -0.092282, -0.138369, 0.985693, 0.0962431, 0.105134, -0.0820097, 0.991071)
    Right Arm.CFrame = CFrame.new(-0.354813, -0.0635522, 0.0406318, 0.715573, -0.67845, -0.16632, 0.652244, 0.563698, 0.506777, -0.250069, -0.471116, 0.845881)

[27]
    Time: 0.433333
    HumanoidRootPart.CFrame = CFrame.new(0, 0, 0, 1, 0, 0, 0, 1, 0, 0, 0, 1)
    Torso.CFrame = CFrame.new(-0.135543, -3.23392e-07, -0.115223, 0.994072, -0.0780704, 0.0756711, 0.0876285, 0.987295, -0.132554, -0.0643611, 0.138399, 0.988283)
    Left Arm.CFrame = CFrame.new(0.314711, -0.0656051, -0.0670614, 0.713107, 0.589843, 0.378898, -0.639881, 0.326824, 0.695513, 0.28641, -0.738425, 0.61049)
    Right Leg.CFrame = CFrame.new(0.349239, 0.328452, 0.135179, 0.997581, 0.0224971, -0.0657749, -0.041003, 0.954491, -0.295409, 0.0561357, 0.297391, 0.953104)
    Left Leg.CFrame = CFrame.new(-0.379095, 0.699862, -0.212278, 0.997776, 0.0322449, -0.0583385, -0.0126114, 0.950722, 0.309788, 0.0654527, -0.308363, 0.949014)
    Head.CFrame = CFrame.new(1.85333e-07, 5.3551e-08, 2.38419e-07, 0.991249, 0.114056, -0.0664519, -0.105705, 0.98738, 0.117929, 0.0790638, -0.109873, 0.990796)
    Right Arm.CFrame = CFrame.new(-0.356354, -0.0635436, 0.0413942, 0.714816, -0.677053, -0.175034, 0.652132, 0.554994, 0.516436, -0.252512, -0.483302, 0.838246)

[28]
    Time: 0.450000
    HumanoidRootPart.CFrame = CFrame.new(0, 0, 0, 1, 0, 0, 0, 1, 0, 0, 0, 1)
    Torso.CFrame = CFrame.new(-0.0548815, -2.89971e-07, -0.114914, 0.996611, -0.065075, 0.0503259, 0.0716043, 0.987384, -0.141232, -0.0405003, 0.144356, 0.988697)
    Left Arm.CFrame = CFrame.new(0.305114, -0.0691729, -0.0671559, 0.722536, 0.587225, 0.36484, -0.634448, 0.353594, 0.687348, 0.274623, -0.728106, 0.628048)
    Right Leg.CFrame = CFrame.new(0.352674, 0.259813, 0.126093, 0.998946, 0.00340816, -0.0457659, -0.0183107, 0.944022, -0.329373, 0.0420815, 0.329864, 0.94309)
    Left Leg.CFrame = CFrame.new(-0.376837, 0.637684, -0.205024, 0.998527, 0.0378955, -0.0388278, -0.0224798, 0.940297, 0.339611, 0.0493794, -0.338238, 0.939764)
    Head.CFrame = CFrame.new(1.44821e-07, 4.68281e-08, -2.98023e-07, 0.995592, 0.084225, -0.0412545, -0.0779802, 0.9878, 0.134797, 0.0521045, -0.130986, 0.990014)
    Right Arm.CFrame = CFrame.new(-0.346321, -0.0695662, 0.0376407, 0.724738, -0.668834, -0.165581, 0.644481, 0.573017, 0.506256, -0.24372, -0.473617, 0.846338)

[29]
    Time: 0.466667
    HumanoidRootPart.CFrame = CFrame.new(0, 0, 0, 1, 0, 0, 0, 1, 0, 0, 0, 1)
    Torso.CFrame = CFrame.new(0.0257799, -2.5382e-07, -0.115165, 0.998299, -0.0528527, 0.0246217, 0.0559096, 0.987554, -0.147007, -0.0165455, 0.148134, 0.988829)
    Left Arm.CFrame = CFrame.new(0.279064, -0.0788561, -0.0675777, 0.748233, 0.577679, 0.326244, -0.617186, 0.425705, 0.661707, 0.24337, -0.696464, 0.675062)
    Right Leg.CFrame = CFrame.new(0.350788, 0.188546, 0.103159, 0.999524, -0.0146197, -0.0271659, 0.00441451, 0.939299, -0.343072, 0.0305325, 0.342789, 0.938916)
    Left Leg.CFrame = CFrame.new(-0.367746, 0.554183, -0.175294, 0.998771, 0.0445616, -0.0216961, -0.0342349, 0.936818, 0.348137, 0.0358389, -0.346967, 0.937192)
    Head.CFrame = CFrame.new(1.51806e-07, -4.05125e-08, -1.19209e-07, 0.998101, 0.0592857, -0.0166917, -0.0562349, 0.98774, 0.145628, 0.0251208, -0.144413, 0.989199)
    Right Arm.CFrame = CFrame.new(-0.319089, -0.0859129, 0.0271783, 0.751294, -0.644858, -0.14041, 0.622059, 0.62086, 0.477049, -0.220454, -0.445748, 0.867588)

[30]
    Time: 0.483333
    HumanoidRootPart.CFrame = CFrame.new(0, 0, 0, 1, 0, 0, 0, 1, 0, 0, 0, 1)
    Torso.CFrame = CFrame.new(0.105485, -2.15772e-07, -0.116925, 0.99914, -0.0414534, -0.00110118, 0.040824, 0.987936, -0.149383, 0.00728032, 0.149209, 0.988779)
    Left Arm.CFrame = CFrame.new(0.240675, -0.0931263, -0.0685331, 0.785925, 0.556752, 0.26898, -0.585152, 0.529134, 0.614504, 0.1998, -0.640348, 0.741643)
    Right Leg.CFrame = CFrame.new(0.333504, 0.123015, 0.0733347, 0.999313, -0.0356361, -0.0101327, 0.0300923, 0.940272, -0.339093, 0.0216115, 0.338555, 0.940698)
    Left Leg.CFrame = CFrame.new(-0.3335, 0.459224, -0.131643, 0.998171, 0.0601739, -0.00584251, -0.0546456, 0.939343, 0.338598, 0.0258629, -0.337659, 0.940913)
    Head.CFrame = CFrame.new(1.45286e-07, -5.68107e-08, -5.96046e-08, 0.99914, 0.040824, 0.00728026, -0.0414534, 0.987936, 0.149209, -0.00110111, -0.149383, 0.988779)
    Right Arm.CFrame = CFrame.new(-0.278958, -0.110003, 0.011205, 0.789148, -0.605167, -0.104967, 0.584727, 0.687918, 0.429958, -0.187988, -0.400677, 0.896727)

[31]
    Time: 0.500000
    HumanoidRootPart.CFrame = CFrame.new(0, 0, 0, 1, 0, 0, 0, 1, 0, 0, 0, 1)
    Torso.CFrame = CFrame.new(0.183277, -1.76662e-07, -0.121702, 0.999172, -0.0308934, -0.0264879, 0.0265935, 0.988386, -0.149621, 0.0308026, 0.148793, 0.988389)
    Left Arm.CFrame = CFrame.new(0.194059, -0.110455, -0.0702293, 0.830261, 0.520099, 0.200407, -0.536112, 0.646819, 0.54241, 0.15248, -0.557783, 0.81586)
    Right Leg.CFrame = CFrame.new(0.30202, 0.0693113, 0.0441875, 0.998171, -0.0602113, 0.0053537, 0.0587421, 0.945279, -0.320932, 0.014263, 0.320659, 0.947087)
    Left Leg.CFrame = CFrame.new(-0.27227, 0.36115, -0.0843488, 0.996195, 0.0866464, 0.00937515, -0.0851849, 0.94533, 0.314792, 0.018413, -0.314393, 0.949114)
    Head.CFrame = CFrame.new(1.52737e-07, 3.77186e-08, -1.19209e-07, 0.999168, 0.0268028, 0.0307312, -0.0310192, 0.988776, 0.146152, -0.026469, -0.146984, 0.988785)
    Right Arm.CFrame = CFrame.new(-0.230228, -0.139255, -0.00908184, 0.83237, -0.550367, -0.065236, 0.532931, 0.762523, 0.366801, -0.152131, -0.34008, 0.928009)

[32]
    Time: 0.516667
    HumanoidRootPart.CFrame = CFrame.new(0, 0, 0, 1, 0, 0, 0, 1, 0, 0, 0, 1)
    Torso.CFrame = CFrame.new(0.258199, -1.37321e-07, -0.131004, 0.99846, -0.0211619, -0.051278, 0.0132883, 0.988705, -0.149284, 0.053858, 0.148373, 0.987464)
    Left Arm.CFrame = CFrame.new(0.143331, -0.129312, -0.0728729, 0.874942, 0.466665, 0.129234, -0.471469, 0.760124, 0.447133, 0.110427, -0.452145, 0.885082)
    Right Leg.CFrame = CFrame.new(0.269349, 0.0333847, 0.0223795, 0.996345, -0.083371, 0.0185901, 0.0851585, 0.952534, -0.29228, 0.00666002, 0.292795, 0.956152)
    Left Leg.CFrame = CFrame.new(-0.215894, 0.270284, -0.0451959, 0.993653, 0.110325, 0.0219758, -0.112035, 0.95295, 0.281664, 0.0101328, -0.282338, 0.959261)
    Head.CFrame = CFrame.new(1.18045e-07, 4.93601e-08, 0, 0.998453, 0.0143207, 0.0537173, -0.0216419, 0.990155, 0.138292, -0.051208, -0.139241, 0.988934)
    Right Arm.CFrame = CFrame.new(-0.177198, -0.171088, -0.0324841, 0.874999, -0.483373, -0.0269657, 0.469393, 0.833422, 0.291679, -0.118516, -0.267877, 0.956136)

[33]
    Time: 0.533333
    HumanoidRootPart.CFrame = CFrame.new(0, 0, 0, 1, 0, 0, 0, 1, 0, 0, 0, 1)
    Torso.CFrame = CFrame.new(0.329296, -9.85829e-08, -0.14634, 0.997088, -0.0122402, -0.0752735, 0.000941023, 0.988935, -0.148345, 0.0762564, 0.147843, 0.986067)
    Left Arm.CFrame = CFrame.new(0.092602, -0.148169, -0.0766708, 0.914013, 0.400656, 0.0636821, -0.397546, 0.853285, 0.337434, 0.0808558, -0.333735, 0.939193)
    Right Leg.CFrame = CFrame.new(0.253225, 0.0229225, 0.0123702, 0.995036, -0.0955039, 0.0279802, 0.0994893, 0.961402, -0.256531, -0.00240047, 0.258042, 0.966131)
    Left Leg.CFrame = CFrame.new(-0.196373, 0.200236, -0.0220233, 0.992867, 0.115482, 0.0296555, -0.119228, 0.962524, 0.243581, -0.000414868, -0.245379, 0.969427)
    Head.CFrame = CFrame.new(1.10056e-07, -1.30385e-08, -1.19209e-07, 0.997085, 0.00363946, 0.0762064, -0.0132689, 0.991911, 0.126239, -0.0751305, -0.126882, 0.989068)
    Right Arm.CFrame = CFrame.new(-0.124168, -0.202921, -0.0578042, 0.912059, -0.410022, 0.00546337, 0.399711, 0.891939, 0.211365, -0.0915373, -0.190593, 0.977392)

[34]
    Time: 0.550000
    HumanoidRootPart.CFrame = CFrame.new(0, 0, 0, 1, 0, 0, 0, 1, 0, 0, 0, 1)
    Torso.CFrame = CFrame.new(0.39561, -6.12819e-08, -0.169219, 0.99515, -0.00410397, -0.0982821, -0.0104171, 0.989114, -0.14678, 0.0978146, 0.147092, 0.984275)
    Left Arm.CFrame = CFrame.new(0.0459865, -0.165498, -0.0818297, 0.943579, 0.331024, 0.00901035, -0.324291, 0.918194, 0.227499, 0.0670346, -0.217586, 0.973737)
    Right Leg.CFrame = CFrame.new(0.257451, 0.0470588, 0.0139744, 0.994989, -0.0942372, 0.033408, 0.0992392, 0.971519, -0.215179, -0.0121787, 0.217416, 0.976003)
    Left Leg.CFrame = CFrame.new(-0.191817, 0.159267, -0.0122249, 0.993112, 0.112031, 0.0343272, -0.11666, 0.97275, 0.200368, -0.0109443, -0.202992, 0.979119)
    Head.CFrame = CFrame.new(1.20723e-07, 4.71482e-08, -1.19209e-07, 0.995164, -0.00506786, 0.0980995, -0.00584157, 0.993848, 0.110602, -0.0980565, -0.11064, 0.989011)
    Right Arm.CFrame = CFrame.new(-0.0754374, -0.232173, -0.0838447, 0.940529, -0.338389, 0.0299692, 0.331674, 0.933769, 0.134418, -0.0734699, -0.116484, 0.990471)

[35]
    Time: 0.566667
    HumanoidRootPart.CFrame = CFrame.new(0, 0, 0, 1, 0, 0, 0, 1, 0, 0, 0, 1)
    Torso.CFrame = CFrame.new(0.456186, -2.62508e-08, -0.201149, 0.992754, 0.00327614, -0.120118, -0.0207565, 0.989277, -0.144566, 0.118357, 0.146012, 0.982177)
    Left Arm.CFrame = CFrame.new(0.00759716, -0.179768, -0.0885563, 0.96259, 0.268854, -0.0337355, -0.262299, 0.955794, 0.13288, 0.0679695, -0.11906, 0.990558)
    Right Leg.CFrame = CFrame.new(0.295532, 0.123574, 0.0258799, 0.996844, -0.0715703, 0.0343558, 0.0764023, 0.982443, -0.170203, -0.0215711, 0.172291, 0.98481)
    Left Leg.CFrame = CFrame.new(-0.194795, 0.165452, -0.0139145, 0.994076, 0.10228, 0.0367649, -0.106739, 0.982465, 0.152871, -0.0204846, -0.155889, 0.987562)
    Head.CFrame = CFrame.new(8.77772e-08, -4.5402e-09, 2.38419e-07, 0.992796, -0.0117184, 0.11924, 0.000704008, 0.995759, 0.0919969, -0.119813, -0.0912503, 0.988594)
    Right Arm.CFrame = CFrame.new(-0.0353064, -0.256263, -0.109407, 0.959632, -0.277319, 0.0469176, 0.273804, 0.959258, 0.0696869, -0.0643315, -0.0540276, 0.996465)

[36]
    Time: 0.583333
    HumanoidRootPart.CFrame = CFrame.new(0, 0, 0, 1, 0, 0, 0, 1, 0, 0, 0, 1)
    Torso.CFrame = CFrame.new(0.510067, 5.67724e-09, -0.243929, 0.990016, 0.00993342, -0.140604, -0.0300501, 0.989456, -0.141684, 0.137714, 0.144495, 0.979876)
    Left Arm.CFrame = CFrame.new(-0.0184527, -0.189451, -0.0970577, 0.972118, 0.224766, -0.0668316, -0.220372, 0.973098, 0.0672024, 0.0801385, -0.0506008, 0.995499)
    Right Leg.CFrame = CFrame.new(0.341112, 0.218427, 0.0326569, 0.998477, -0.0434656, 0.0339887, 0.0473049, 0.991426, -0.121804, -0.028403, 0.123226, 0.991972)
    Left Leg.CFrame = CFrame.new(-0.212633, 0.189701, -0.0162916, 0.995714, 0.0845658, 0.0374399, -0.088042, 0.990695, 0.103786, -0.0283148, -0.106637, 0.993895)
    Head.CFrame = CFrame.new(1.99769e-07, 6.54254e-08, 0, 0.990098, -0.0163205, 0.139428, 0.00643611, 0.997452, 0.071051, -0.140233, -0.0694501, 0.98768)
    Right Arm.CFrame = CFrame.new(-0.00807469, -0.272609, -0.133295, 0.9702, -0.235175, 0.0583434, 0.23407, 0.971893, 0.0252022, -0.0626305, -0.0107947, 0.997978)

[37]
    Time: 0.600000
    HumanoidRootPart.CFrame = CFrame.new(0, 0, 0, 1, 0, 0, 0, 1, 0, 0, 0, 1)
    Torso.CFrame = CFrame.new(0.556296, 3.3669e-08, -0.292497, 0.987059, 0.0159039, -0.159569, -0.0382737, 0.989677, -0.138113, 0.155726, 0.142433, 0.977477)
    Left Arm.CFrame = CFrame.new(-0.0280501, -0.193019, -0.10754, 0.973633, 0.208082, -0.0934948, -0.20498, 0.977876, 0.0417397, 0.100112, -0.0214745, 0.994744)
    Right Leg.CFrame = CFrame.new(0.372919, 0.311214, 0.0304856, 0.999164, -0.0216809, 0.0346678, 0.0242856, 0.996769, -0.0765664, -0.0328957, 0.0773444, 0.996462)
    Left Leg.CFrame = CFrame.new(-0.247698, 0.219662, -0.0158891, 0.997613, 0.0580486, 0.0374052, -0.0602289, 0.996375, 0.0600701, -0.0337827, -0.0621796, 0.997493)
    Head.CFrame = CFrame.new(2.37487e-07, -2.98023e-08, -1.19209e-07, 0.987188, -0.018972, 0.158433, 0.0114263, 0.998762, 0.0484035, -0.159155, -0.045973, 0.986183)
    Right Arm.CFrame = CFrame.new(0.00195803, -0.278632, -0.15431, 0.973346, -0.219474, 0.0665465, 0.219428, 0.975595, 0.00808978, -0.0666979, 0.00672801, 0.997751)

[38]
    Time: 0.616667
    HumanoidRootPart.CFrame = CFrame.new(0, 0, 0, 1, 0, 0, 0, 1, 0, 0, 0, 1)
    Torso.CFrame = CFrame.new(0.593916, 5.68907e-08, -0.338067, 0.984009, 0.0212248, -0.17685, -0.0454062, 0.989963, -0.133833, 0.172234, 0.139723, 0.975096)
    Left Arm.CFrame = CFrame.new(-0.0272264, -0.18867, -0.119948, 0.971032, 0.208077, -0.117476, -0.20466, 0.977992, 0.0405736, 0.123333, -0.0153556, 0.992247)
    Right Leg.CFrame = CFrame.new(0.389419, 0.393711, 0.0210292, 0.999316, -0.00734337, 0.0362318, 0.00861398, 0.999349, -0.0350398, -0.0359508, 0.0353279, 0.998729)
