[1]
    Time: 0.000000
    HumanoidRootPart.CFrame = CFrame.new(0, 0, 0, 1, 0, 0, 0, 1, 0, 0, 0, 1)
    Torso.CFrame = CFrame.new(0, -7.21607e-05, 0.000640153, 1, 0, 0, 0, 0.993707, -0.112015, 0, 0.112015, 0.993707)
    Left Leg.CFrame = CFrame.new(-0.593697, 0.141975, 0.0411914, 0.973345, -0.0987936, -0.206977, 0.114494, 0.991277, 0.0652758, 0.198723, -0.0872335, 0.976166)
    Right Arm.CFrame = CFrame.new(-7.45058e-09, -0.0746674, -0.00510281, 0.982819, 0.0114178, -0.184217, -0.00246717, 0.998808, 0.0487436, 0.184554, -0.0474516, 0.981676)
    Head.CFrame = CFrame.new(0, 0, 0, 1, 0, 0, 0, 0.993782, -0.111343, 0, 0.111343, 0.993782)
    Right Leg.CFrame = CFrame.new(0.579639, -0.00582653, 0.13104, 0.964414, 0.21215, 0.157791, -0.219026, 0.975336, 0.0273452, -0.148098, -0.0609325, 0.987094)
    Left Arm.CFrame = CFrame.new(0.0007618, -0.199473, 0.0057897, 0.991454, -0.00381745, 0.130398, 0, 0.999572, 0.0292628, -0.130454, -0.0290128, 0.99103)

[2]
    Time: 0.617000
    HumanoidRootPart.CFrame = CFrame.new(0, 0, 0, 1, 0, 0, 0, 1, 0, 0, 0, 1)
    Torso.CFrame = CFrame.new(0, -7.21607e-05, 0.000640153, 1, 0, 0, 0, 0.993707, -0.112015, 0, 0.112015, 0.993707)
    Left Leg.CFrame = CFrame.new(-0.593697, 0.141975, 0.0411914, 0.973345, -0.0987936, -0.206977, 0.114494, 0.991277, 0.0652758, 0.198723, -0.0872335, 0.976166)
    Right Arm.CFrame = CFrame.new(-7.45058e-09, -0.0746674, -0.00510281, 0.982819, 0.0114178, -0.184217, -0.00246717, 0.998808, 0.0487436, 0.184554, -0.0474516, 0.981676)
    Head.CFrame = CFrame.new(0, 0, 0, 1, 0, 0, 0, 0.993782, -0.111343, 0, 0.111343, 0.993782)
    Right Leg.CFrame = CFrame.new(0.579639, -0.00582653, 0.13104, 0.964414, 0.21215, 0.157791, -0.219026, 0.975336, 0.0273452, -0.148098, -0.0609325, 0.987094)
    Left Arm.CFrame = CFrame.new(0.0007618, -0.199473, 0.0057897, 0.991454, -0.00381745, 0.130398, 0, 0.999572, 0.0292628, -0.130454, -0.0290128, 0.99103)

[3]
    Time: 0.683333
    HumanoidRootPart.CFrame = CFrame.new(0, 0, 0, 1, 0, 0, 0, 1, 0, 0, 0, 1)
    Torso.CFrame = CFrame.new(0, 0, 0, 0.896124, 0.442868, -0.0288129, -0.442665, 0.896586, 0.0134491, 0.0317894, 0.000702442, 0.999494)
    Left Leg.CFrame = CFrame.new(-0.573332, 0.112858, -0.377273, 0.965598, 0.17133, -0.195618, -0.174705, 0.984621, 0, 0.192609, 0.0341754, 0.98068)
    Right Arm.CFrame = CFrame.new(0.0405437, -0.166828, 0.00444788, 0.949371, -0.236074, -0.207275, 0.236244, 0.97139, -0.024299, 0.207081, -0.0258988, 0.977981)
    Head.CFrame = CFrame.new(0, 0, 0, 0.933528, -0.357819, -0.0221678, 0.351586, 0.925848, -0.138534, 0.0700943, 0.121532, 0.990109)
    Right Leg.CFrame = CFrame.new(-0.398249, -0.114616, -0.132565, 0.87373, 0.369926, -0.315832, -0.389882, 0.920865, 0, 0.290838, 0.123137, 0.948815)
    Left Arm.CFrame = CFrame.new(0, 0, 0, 0.962894, -0.0871324, 0.255427, 0.0235583, 0.969972, 0.242073, -0.268849, -0.227073, 0.936033)

[4]
    Time: 0.766667
    HumanoidRootPart.CFrame = CFrame.new(0, 0, 0, 1, 0, 0, 0, 1, 0, 0, 0, 1)
    Torso.CFrame = CFrame.new(-0.00112191, -0.000797527, 0.0205205, 0.896124, 0.440348, -0.0552796, -0.442665, 0.895783, -0.0402614, 0.0317894, 0.0605495, 0.997659)
    Left Leg.CFrame = CFrame.new(-0.573332, 0.112858, -0.377273, 0.963848, 0.180914, -0.195618, -0.184478, 0.982837, 1.86265e-09, 0.19226, 0.0360872, 0.98068)
    Right Arm.CFrame = CFrame.new(0.0405437, -0.166828, 0.00444794, 0.939202, -0.273747, -0.207275, 0.274795, 0.961196, -0.024299, 0.205884, -0.0341364, 0.977981)
    Head.CFrame = CFrame.new(0.000117855, -0.000689037, 0.00559613, 0.933764, -0.357271, 0.0210394, 0.353777, 0.912549, -0.205173, 0.0541029, 0.199027, 0.978499)
    Right Leg.CFrame = CFrame.new(-0.398249, -0.114616, -0.132565, 0.867273, 0.384822, -0.315832, -0.405582, 0.914059, 1.49012e-08, 0.288689, 0.128096, 0.948815)
    Left Arm.CFrame = CFrame.new(-1.49012e-08, 0, 0, 0.944299, -0.0676522, 0.322059, -0.0325276, 0.954661, 0.295911, -0.327476, -0.289905, 0.899286)

[5]
    Time: 0.850000
    HumanoidRootPart.CFrame = CFrame.new(0, 0, 0, 1, 0, 0, 0, 1, 0, 0, 0, 1)
    Torso.CFrame = CFrame.new(-0.00320547, -0.00227865, 0.0586301, 0.896124, 0.440439, -0.0545501, -0.442665, 0.895848, -0.0387777, 0.0317894, 0.058897, 0.997758)
    Left Leg.CFrame = CFrame.new(-0.573332, 0.112858, -0.377273, 0.920111, 0.339306, -0.195618, -0.345991, 0.938238, 0, 0.183536, 0.067682, 0.98068)
    Right Arm.CFrame = CFrame.new(0.0405437, -0.166828, 0.00444794, 0.869045, -0.449219, -0.207275, 0.454477, 0.890427, -0.024299, 0.195479, -0.0730848, 0.977981)
    Head.CFrame = CFrame.new(0.000336722, -0.00196867, 0.015989, 0.933557, -0.357819, 0.0208971, 0.357599, 0.925848, -0.122177, 0.0243696, 0.121532, 0.992288)
    Right Leg.CFrame = CFrame.new(-0.398249, -0.114616, -0.132565, 0.806624, 0.499608, -0.315832, -0.52656, 0.850138, 0, 0.268501, 0.166304, 0.948815)
    Left Arm.CFrame = CFrame.new(-2.98023e-08, -1.49012e-08, -5.96046e-08, 0.895775, -0.0574755, 0.440776, -0.146467, 0.898063, 0.414765, -0.419684, -0.436096, 0.796044)

[6]
    Time: 0.916667
    HumanoidRootPart.CFrame = CFrame.new(0, 0, 0, 1, 0, 0, 0, 1, 0, 0, 0, 1)
    Torso.CFrame = CFrame.new(-0.0031884, -0.00212698, 0.060261, 0.896124, 0.441084, -0.0490676, -0.442665, 0.896261, -0.0276318, 0.0317894, 0.046482, 0.998413)
    Left Leg.CFrame = CFrame.new(-0.629269, 0.130442, -0.388431, 0.937158, 0.28891, -0.195618, -0.294601, 0.95562, 0, 0.186936, 0.0576293, 0.98068)
    Right Arm.CFrame = CFrame.new(0.0405437, -0.166828, 0.004448, 0.905643, -0.35469, -0.232392, 0.37326, 0.926865, 0.0399749, 0.201218, -0.122946, 0.9718)
    Right Leg.CFrame = CFrame.new(-0.422531, -0.100922, -0.140648, 0.823032, 0.47209, -0.315832, -0.497557, 0.867431, 0, 0.273962, 0.157144, 0.948815)
    Left Arm.CFrame = CFrame.new(-4.47035e-08, 0, -1.19209e-07, 0.920296, -0.0479386, 0.388276, -0.092335, 0.937811, 0.334641, -0.380171, -0.34382, 0.858637)

[7]
    Time: 1.050000
    HumanoidRootPart.CFrame = CFrame.new(0, 0, 0, 1, 0, 0, 0, 1, 0, 0, 0, 1)
    Torso.CFrame = CFrame.new(0.761081, 0.286907, 0.0180795, 0.896124, 0.442868, -0.0288129, -0.442665, 0.896586, 0.0134491, 0.0317894, 0.000702442, 0.999494)
    Left Leg.CFrame = CFrame.new(-0.573332, 0.112858, -0.377273, 0.965598, 0.17133, -0.195618, -0.174705, 0.984621, 0, 0.192609, 0.0341754, 0.98068)
    Right Arm.CFrame = CFrame.new(0.0405437, -0.166828, 0.00444788, 0.949371, -0.236074, -0.207275, 0.236244, 0.97139, -0.024299, 0.207081, -0.0258988, 0.977981)
    Head.CFrame = CFrame.new(0, 0, 0, 0.933528, -0.357819, -0.0221678, 0.351586, 0.925848, -0.138534, 0.0700943, 0.121532, 0.990109)
    Right Leg.CFrame = CFrame.new(-0.398249, -0.114616, -0.132565, 0.87373, 0.369926, -0.315832, -0.389882, 0.920865, 0, 0.290838, 0.123137, 0.948815)
    Left Arm.CFrame = CFrame.new(0, 0, 0, 0.962894, -0.0871324, 0.255427, 0.0235583, 0.969972, 0.242073, -0.268849, -0.227073, 0.936033)

[8]
    Time: 1.133333
    HumanoidRootPart.CFrame = CFrame.new(0, 0, 0, 1, 0, 0, 0, 1, 0, 0, 0, 1)
    Torso.CFrame = CFrame.new(0.687766, 0.172271, 0.0656757, 0.896124, 0.440348, -0.0552796, -0.442665, 0.895783, -0.0402614, 0.0317894, 0.0605495, 0.997659)
    Left Leg.CFrame = CFrame.new(-0.573332, 0.112858, -0.377273, 0.963848, 0.180914, -0.195618, -0.184478, 0.982837, 1.86265e-09, 0.19226, 0.0360872, 0.98068)
    Right Arm.CFrame = CFrame.new(0.0405437, -0.166828, 0.00444794, 0.939202, -0.273747, -0.207275, 0.274795, 0.961196, -0.024299, 0.205884, -0.0341364, 0.977981)
    Head.CFrame = CFrame.new(0.000117855, -0.000689037, 0.00559613, 0.933764, -0.357271, 0.0210394, 0.353777, 0.912549, -0.205173, 0.0541029, 0.199027, 0.978499)
    Right Leg.CFrame = CFrame.new(-0.398249, -0.114616, -0.132565, 0.867273, 0.384822, -0.315832, -0.405582, 0.914059, 1.49012e-08, 0.288689, 0.128096, 0.948815)
    Left Arm.CFrame = CFrame.new(-1.49012e-08, 0, 0, 0.944299, -0.0676522, 0.322059, -0.0325276, 0.954661, 0.295911, -0.327476, -0.289905, 0.899286)

[9]
    Time: 1.216667
    HumanoidRootPart.CFrame = CFrame.new(0, 0, 0, 1, 0, 0, 0, 1, 0, 0, 0, 1)
    Torso.CFrame = CFrame.new(0.842271, 0.236459, 0.114133, 0.896124, 0.440439, -0.0545501, -0.442665, 0.895848, -0.0387777, 0.0317894, 0.058897, 0.997758)
    Left Leg.CFrame = CFrame.new(-0.573332, 0.112858, -0.377273, 0.920111, 0.339306, -0.195618, -0.345991, 0.938238, 0, 0.183536, 0.067682, 0.98068)
    Right Arm.CFrame = CFrame.new(0.0405437, -0.166828, 0.00444794, 0.869045, -0.449219, -0.207275, 0.454477, 0.890427, -0.024299, 0.195479, -0.0730848, 0.977981)
    Head.CFrame = CFrame.new(0.000336722, -0.00196867, 0.015989, 0.933557, -0.357819, 0.0208971, 0.357599, 0.925848, -0.122177, 0.0243696, 0.121532, 0.992288)
    Right Leg.CFrame = CFrame.new(-0.398249, -0.114616, -0.132565, 0.806624, 0.499608, -0.315832, -0.52656, 0.850138, 0, 0.268501, 0.166304, 0.948815)
    Left Arm.CFrame = CFrame.new(-2.98023e-08, -1.49012e-08, -5.96046e-08, 0.895775, -0.0574755, 0.440776, -0.146467, 0.898063, 0.414765, -0.419684, -0.436096, 0.796044)

[10]
    Time: 1.283333
    HumanoidRootPart.CFrame = CFrame.new(0, 0, 0, 1, 0, 0, 0, 1, 0, 0, 0, 1)
    Torso.CFrame = CFrame.new(0.896959, 0.342934, 0.114049, 0.896124, 0.441084, -0.0490676, -0.442665, 0.896261, -0.0276318, 0.0317894, 0.046482, 0.998413)
    Left Leg.CFrame = CFrame.new(-0.629269, 0.130442, -0.388431, 0.937158, 0.28891, -0.195618, -0.294601, 0.95562, 0, 0.186936, 0.0576293, 0.98068)
    Right Arm.CFrame = CFrame.new(0.0405437, -0.166828, 0.004448, 0.905643, -0.35469, -0.232392, 0.37326, 0.926865, 0.0399749, 0.201218, -0.122946, 0.9718)
    Right Leg.CFrame = CFrame.new(-0.422531, -0.100922, -0.140648, 0.823032, 0.47209, -0.315832, -0.497557, 0.867431, 0, 0.273962, 0.157144, 0.948815)
    Left Arm.CFrame = CFrame.new(-4.47035e-08, 0, -1.19209e-07, 0.920296, -0.0479386, 0.388276, -0.092335, 0.937811, 0.334641, -0.380171, -0.34382, 0.858637)

[11]
    Time: 1.500000
    HumanoidRootPart.CFrame = CFrame.new(0, 0, 0, 1, 0, 0, 0, 1, 0, 0, 0, 1)
    Torso.CFrame = CFrame.new(1.95076, 0.580835, 0.0484199, 0.896124, 0.442868, -0.0288129, -0.442665, 0.896586, 0.0134491, 0.0317894, 0.000702442, 0.999494)
    Left Leg.CFrame = CFrame.new(-0.573332, 0.112858, -0.377273, 0.965598, 0.17133, -0.195618, -0.174705, 0.984621, 0, 0.192609, 0.0341754, 0.98068)
    Right Arm.CFrame = CFrame.new(0.0405437, -0.166828, 0.00444788, 0.949371, -0.236074, -0.207275, 0.236244, 0.97139, -0.024299, 0.207081, -0.0258988, 0.977981)
    Head.CFrame = CFrame.new(0, 0, 0, 0.933528, -0.357819, -0.0221678, 0.351586, 0.925848, -0.138534, 0.0700943, 0.121532, 0.990109)
    Right Leg.CFrame = CFrame.new(-0.398249, -0.114616, -0.132565, 0.87373, 0.369926, -0.315832, -0.389882, 0.920865, 0, 0.290838, 0.123137, 0.948815)
    Left Arm.CFrame = CFrame.new(0, 0, 0, 0.962894, -0.0871324, 0.255427, 0.0235583, 0.969972, 0.242073, -0.268849, -0.227073, 0.936033)

[12]
    Time: 1.583333
    HumanoidRootPart.CFrame = CFrame.new(0, 0, 0, 1, 0, 0, 0, 1, 0, 0, 0, 1)
    Torso.CFrame = CFrame.new(1.87329, 0.468512, 0.14332, 0.896124, 0.440348, -0.0552796, -0.442665, 0.895783, -0.0402614, 0.0317894, 0.0605495, 0.997659)
    Left Leg.CFrame = CFrame.new(-0.573332, 0.112858, -0.377273, 0.963848, 0.180914, -0.195618, -0.184478, 0.982837, 1.86265e-09, 0.19226, 0.0360872, 0.98068)
    Right Arm.CFrame = CFrame.new(0.0405437, -0.166828, 0.00444794, 0.939202, -0.273747, -0.207275, 0.274795, 0.961196, -0.024299, 0.205884, -0.0341364, 0.977981)
    Head.CFrame = CFrame.new(0.000117855, -0.000689037, 0.00559613, 0.933764, -0.357271, 0.0210394, 0.353777, 0.912549, -0.205173, 0.0541029, 0.199027, 0.978499)
    Right Leg.CFrame = CFrame.new(-0.398249, -0.114616, -0.132565, 0.867273, 0.384822, -0.315832, -0.405582, 0.914059, 1.49012e-08, 0.288689, 0.128096, 0.948815)
    Left Arm.CFrame = CFrame.new(-1.49012e-08, 0, 0, 0.944299, -0.0676522, 0.322059, -0.0325276, 0.954661, 0.295911, -0.327476, -0.289905, 0.899286)

[13]
    Time: 1.666667
    HumanoidRootPart.CFrame = CFrame.new(0, 0, 0, 1, 0, 0, 0, 1, 0, 0, 0, 1)
    Torso.CFrame = CFrame.new(1.97835, 0.481742, 0.185778, 0.896124, 0.440439, -0.0545501, -0.442665, 0.895848, -0.0387777, 0.0317894, 0.058897, 0.997758)
    Left Leg.CFrame = CFrame.new(-0.573332, 0.112858, -0.377273, 0.920111, 0.339306, -0.195618, -0.345991, 0.938238, 0, 0.183536, 0.067682, 0.98068)
    Right Arm.CFrame = CFrame.new(0.0405437, -0.166828, 0.00444794, 0.869045, -0.449219, -0.207275, 0.454477, 0.890427, -0.024299, 0.195479, -0.0730848, 0.977981)
    Head.CFrame = CFrame.new(0.000336722, -0.00196867, 0.015989, 0.933557, -0.357819, 0.0208971, 0.357599, 0.925848, -0.122177, 0.0243696, 0.121532, 0.992288)
    Right Leg.CFrame = CFrame.new(-0.398249, -0.114616, -0.132565, 0.806624, 0.499608, -0.315832, -0.52656, 0.850138, 0, 0.268501, 0.166304, 0.948815)
    Left Arm.CFrame = CFrame.new(-2.98023e-08, -1.49012e-08, -5.96046e-08, 0.895775, -0.0574755, 0.440776, -0.146467, 0.898063, 0.414765, -0.419684, -0.436096, 0.796044)

[14]
    Time: 1.733333
    HumanoidRootPart.CFrame = CFrame.new(0, 0, 0, 1, 0, 0, 0, 1, 0, 0, 0, 1)
    Torso.CFrame = CFrame.new(2.01402, 0.523978, 0.173958, 0.896124, 0.441084, -0.0490676, -0.442665, 0.896261, -0.0276318, 0.0317894, 0.046482, 0.998413)
    Left Leg.CFrame = CFrame.new(-0.629269, 0.130442, -0.388431, 0.937158, 0.28891, -0.195618, -0.294601, 0.95562, 0, 0.186936, 0.0576293, 0.98068)
    Right Arm.CFrame = CFrame.new(0.0405437, -0.166828, 0.004448, 0.905643, -0.35469, -0.232392, 0.37326, 0.926865, 0.0399749, 0.201218, -0.122946, 0.9718)
    Right Leg.CFrame = CFrame.new(-0.422531, -0.100922, -0.140648, 0.823032, 0.47209, -0.315832, -0.497557, 0.867431, 0, 0.273962, 0.157144, 0.948815)
    Left Arm.CFrame = CFrame.new(-4.47035e-08, 0, -1.19209e-07, 0.920296, -0.0479386, 0.388276, -0.092335, 0.937811, 0.334641, -0.380171, -0.34382, 0.858637)

[15]
    Time: 1.800000
    HumanoidRootPart.CFrame = CFrame.new(0, 0, 0, 1, 0, 0, 0, 1, 0, 0, 0, 1)
    Torso.CFrame = CFrame.new(3.77061, 0.839854, 0.0973963, 0.896124, 0.442868, -0.0288129, -0.442665, 0.896586, 0.0134491, 0.0317894, 0.000702442, 0.999494)
    Left Leg.CFrame = CFrame.new(-0.573332, 0.112858, -0.377273, 0.965598, 0.17133, -0.195618, -0.174705, 0.984621, 0, 0.192609, 0.0341754, 0.98068)
    Right Arm.CFrame = CFrame.new(0.0405437, -0.166828, 0.00444788, 0.949371, -0.236074, -0.207275, 0.236244, 0.97139, -0.024299, 0.207081, -0.0258988, 0.977981)
    Head.CFrame = CFrame.new(0, 0, 0, 0.933528, -0.357819, -0.0221678, 0.351586, 0.925848, -0.138534, 0.0700943, 0.121532, 0.990109)
    Right Leg.CFrame = CFrame.new(-0.398249, -0.114616, -0.132565, 0.87373, 0.369926, -0.315832, -0.389882, 0.920865, 0, 0.290838, 0.123137, 0.948815)
    Left Arm.CFrame = CFrame.new(0, 0, 0, 0.962894, -0.0871324, 0.255427, 0.0235583, 0.969972, 0.242073, -0.268849, -0.227073, 0.936033)

[16]
    Time: 1.883333
    HumanoidRootPart.CFrame = CFrame.new(0, 0, 0, 1, 0, 0, 0, 1, 0, 0, 0, 1)
    Torso.CFrame = CFrame.new(3.75962, 0.636305, 0.254611, 0.896124, 0.440348, -0.0552796, -0.442665, 0.895783, -0.0402614, 0.0317894, 0.0605495, 0.997659)
    Left Leg.CFrame = CFrame.new(-0.573332, 0.112858, -0.377273, 0.963848, 0.180914, -0.195618, -0.184478, 0.982837, 1.86265e-09, 0.19226, 0.0360872, 0.98068)
    Right Arm.CFrame = CFrame.new(0.0405437, -0.166828, 0.00444794, 0.939202, -0.273747, -0.207275, 0.274795, 0.961196, -0.024299, 0.205884, -0.0341364, 0.977981)
    Head.CFrame = CFrame.new(0.000117855, -0.000689037, 0.00559613, 0.933764, -0.357271, 0.0210394, 0.353777, 0.912549, -0.205173, 0.0541029, 0.199027, 0.978499)
    Right Leg.CFrame = CFrame.new(-0.398249, -0.114616, -0.132565, 0.867273, 0.384822, -0.315832, -0.405582, 0.914059, 1.49012e-08, 0.288689, 0.128096, 0.948815)
    Left Arm.CFrame = CFrame.new(-1.49012e-08, 0, 0, 0.944299, -0.0676522, 0.322059, -0.0325276, 0.954661, 0.295911, -0.327476, -0.289905, 0.899286)

[17]
    Time: 1.966667
    HumanoidRootPart.CFrame = CFrame.new(0, 0, 0, 1, 0, 0, 0, 1, 0, 0, 0, 1)
    Torso.CFrame = CFrame.new(3.83709, 0.693426, 0.295628, 0.896124, 0.440439, -0.0545501, -0.442665, 0.895848, -0.0387777, 0.0317894, 0.058897, 0.997758)
    Left Leg.CFrame = CFrame.new(-0.573332, 0.112858, -0.377273, 0.920111, 0.339306, -0.195618, -0.345991, 0.938238, 0, 0.183536, 0.067682, 0.98068)
    Right Arm.CFrame = CFrame.new(0.0405437, -0.166828, 0.00444794, 0.869045, -0.449219, -0.207275, 0.454477, 0.890427, -0.024299, 0.195479, -0.0730848, 0.977981)
    Head.CFrame = CFrame.new(0.000336722, -0.00196867, 0.015989, 0.933557, -0.357819, 0.0208971, 0.357599, 0.925848, -0.122177, 0.0243696, 0.121532, 0.992288)
    Right Leg.CFrame = CFrame.new(-0.398249, -0.114616, -0.132565, 0.806624, 0.499608, -0.315832, -0.52656, 0.850138, 0, 0.268501, 0.166304, 0.948815)
    Left Arm.CFrame = CFrame.new(-2.98023e-08, -1.49012e-08, -5.96046e-08, 0.895775, -0.0574755, 0.440776, -0.146467, 0.898063, 0.414765, -0.419684, -0.436096, 0.796044)

[18]
    Time: 2.033333
    HumanoidRootPart.CFrame = CFrame.new(0, 0, 0, 1, 0, 0, 0, 1, 0, 0, 0, 1)
    Torso.CFrame = CFrame.new(3.84056, 0.777047, 0.270728, 0.896124, 0.441084, -0.0490676, -0.442665, 0.896261, -0.0276318, 0.0317894, 0.046482, 0.998413)
    Left Leg.CFrame = CFrame.new(-0.629269, 0.130442, -0.388431, 0.937158, 0.28891, -0.195618, -0.294601, 0.95562, 0, 0.186936, 0.0576293, 0.98068)
    Right Arm.CFrame = CFrame.new(0.0405437, -0.166828, 0.004448, 0.905643, -0.35469, -0.232392, 0.37326, 0.926865, 0.0399749, 0.201218, -0.122946, 0.9718)
    Head.CFrame = CFrame.new(0.000336722, -0.00196867, 0.015989, 0.933557, -0.357819, 0.0208971, 0.357599, 0.925848, -0.122177, 0.0243696, 0.121532, 0.992288)
    Right Leg.CFrame = CFrame.new(-0.422531, -0.100922, -0.140648, 0.823032, 0.47209, -0.315832, -0.497557, 0.867431, 0, 0.273962, 0.157144, 0.948815)
    Left Arm.CFrame = CFrame.new(-4.47035e-08, 0, -1.19209e-07, 0.920296, -0.0479386, 0.388276, -0.092335, 0.937811, 0.334641, -0.380171, -0.34382, 0.858637)

[19]
    Time: 2.216667
    HumanoidRootPart.CFrame = CFrame.new(0, 0, 0, 1, 0, 0, 0, 1, 0, 0, 0, 1)
    Torso.CFrame = CFrame.new(4.70484, 0.608071, 0.308527, 0.550447, 0.833098, -0.0543716, -0.834538, 0.547222, -0.063986, -0.0235533, 0.080596, 0.996468)
    Left Leg.CFrame = CFrame.new(0.104949, -0.202015, 0.0128238, 0.966785, -0.248669, -0.0590832, 0.250842, 0.967478, 0.0326402, 0.0490451, -0.0463765, 0.997719)
    Right Arm.CFrame = CFrame.new(-0.12006, -0.402613, -0.0418031, 0.740434, -0.64772, -0.179487, 0.650953, 0.757567, -0.0484957, 0.167385, -0.0809299, 0.982564)
    Head.CFrame = CFrame.new(0, 0, 0, 0.973653, 0.228036, 0, -0.228036, 0.973653, 0, 0, 0, 1)
    Right Leg.CFrame = CFrame.new(0.34995, 0.0646492, 0.00538135, 0.976672, -0.211235, -0.0386116, 0.214469, 0.968505, 0.126499, 0.0106746, -0.131829, 0.991215)
    Left Arm.CFrame = CFrame.new(0.172708, -0.169273, 0.128142, 0.96971, -0.201823, 0.137588, 0.179557, 0.970873, 0.158635, -0.165597, -0.129125, 0.977704)

[20]
    Time: 2.266667
    HumanoidRootPart.CFrame = CFrame.new(0, 0, 0, 1, 0, 0, 0, 1, 0, 0, 0, 1)
    Torso.CFrame = CFrame.new(4.70484, 0.608072, 0.308527, 0.550447, 0.833601, -0.0460222, -0.834538, 0.547836, -0.0585003, -0.0235533, 0.0706086, 0.997226)
    Left Leg.CFrame = CFrame.new(0.104949, -0.202015, 0.0128238, 0.957793, -0.28132, -0.0590832, 0.283515, 0.958412, 0.0326402, 0.0474437, -0.0480135, 0.997719)
    Right Arm.CFrame = CFrame.new(-0.12006, -0.402613, -0.0418031, 0.802479, -0.569045, -0.179487, 0.570518, 0.819852, -0.0484957, 0.174749, -0.0634838, 0.982564)
    Head.CFrame = CFrame.new(0, 0, 0, 0.973653, 0.227991, 0.00454062, -0.228036, 0.97346, 0.0193872, 0, -0.0199118, 0.999802)
    Right Leg.CFrame = CFrame.new(0.34995, 0.0646493, 0.00538135, 0.984152, -0.173072, -0.0386116, 0.176622, 0.976116, 0.126499, 0.015796, -0.131314, 0.991215)
    Left Arm.CFrame = CFrame.new(0.235018, -0.156528, 0.117306, 0.965798, -0.21978, 0.137588, 0.19754, 0.967374, 0.158635, -0.167964, -0.12603, 0.977704)

[21]
    Time: 2.350000
    HumanoidRootPart.CFrame = CFrame.new(0, 0, 0, 1, 0, 0, 0, 1, 0, 0, 0, 1)
    Torso.CFrame = CFrame.new(4.70484, 0.608072, 0.308527, 0.550447, 0.834637, -0.0197339, -0.834538, 0.549407, -0.0412098, -0.0235533, 0.0391525, 0.998956)
    Left Leg.CFrame = CFrame.new(0.171402, -0.254066, 0.0180982, 0.966405, -0.25099, -0.055373, 0.252928, 0.966982, 0.0312031, 0.045713, -0.0441602, 0.997978)
    Right Arm.CFrame = CFrame.new(-0.0196621, -0.524108, -0.0295075, 0.815739, -0.552829, -0.170143, 0.554382, 0.831167, -0.0426813, 0.165013, -0.0595076, 0.984495)
    Right Leg.CFrame = CFrame.new(0.242703, -0.0343006, 0.0133837, 0.963456, -0.26547, -0.0357373, 0.267853, 0.956045, 0.119303, 0.00249513, -0.124515, 0.992215)
    Left Arm.CFrame = CFrame.new(0.272633, -0.326096, 0.130663, 0.952569, -0.274888, 0.130571, 0.25532, 0.955362, 0.148644, -0.165603, -0.108256, 0.980233)

[22]
    Time: 2.466667
    HumanoidRootPart.CFrame = CFrame.new(0, 0, 0, 1, 0, 0, 0, 1, 0, 0, 0, 1)
    Torso.CFrame = CFrame.new(4.70484, 0.608072, 0.308527, 0.550447, 0.834076, -0.0364107, -0.834538, 0.548474, -0.0521818, -0.0235533, 0.0591094, 0.997974)
    Left Leg.CFrame = CFrame.new(0.0949036, -0.238703, 0.0136431, 0.9802, -0.19191, -0.0487761, 0.193423, 0.980704, 0.0284155, 0.0423817, -0.0372873, 0.998405)
    Right Arm.CFrame = CFrame.new(-0.0578432, -0.384229, -0.0297385, 0.881741, -0.446293, -0.152824, 0.446801, 0.894026, -0.032948, 0.151333, -0.0392302, 0.987704)
    Right Leg.CFrame = CFrame.new(0.219581, -0.0551971, 0.0146572, 0.98574, -0.165556, -0.0301318, 0.167854, 0.980044, 0.106481, 0.0119019, -0.11002, 0.993858)
    Left Arm.CFrame = CFrame.new(0.167225, -0.189589, 0.11171, 0.973923, -0.193695, 0.118133, 0.178157, 0.975324, 0.130396, -0.140475, -0.10595, 0.984399)

[23]
    Time: 2.566667
    HumanoidRootPart.CFrame = CFrame.new(0, 0, 0, 1, 0, 0, 0, 1, 0, 0, 0, 1)
    Torso.CFrame = CFrame.new(5.8282, 0.571234, 0.367457, 0.550447, 0.833098, -0.0543716, -0.834538, 0.547222, -0.063986, -0.0235533, 0.080596, 0.996468)
    Left Leg.CFrame = CFrame.new(0.104949, -0.202015, 0.0128238, 0.966785, -0.248669, -0.0590832, 0.250842, 0.967478, 0.0326402, 0.0490451, -0.0463765, 0.997719)
    Right Arm.CFrame = CFrame.new(-0.12006, -0.402613, -0.0418031, 0.740434, -0.64772, -0.179487, 0.650953, 0.757567, -0.0484957, 0.167385, -0.0809299, 0.982564)
    Head.CFrame = CFrame.new(0, 0, 0, 0.973653, 0.228036, 0, -0.228036, 0.973653, 0, 0, 0, 1)
    Right Leg.CFrame = CFrame.new(0.34995, 0.0646492, 0.00538135, 0.976672, -0.211235, -0.0386116, 0.214469, 0.968505, 0.126499, 0.0106746, -0.131829, 0.991215)
    Left Arm.CFrame = CFrame.new(0.172708, -0.169273, 0.128142, 0.96971, -0.201823, 0.137588, 0.179557, 0.970873, 0.158635, -0.165597, -0.129125, 0.977704)

[24]
    Time: 2.616667
    HumanoidRootPart.CFrame = CFrame.new(0, 0, 0, 1, 0, 0, 0, 1, 0, 0, 0, 1)
    Torso.CFrame = CFrame.new(5.78333, 0.647562, 0.360616, 0.550447, 0.833601, -0.0460222, -0.834538, 0.547836, -0.0585003, -0.0235533, 0.0706086, 0.997226)
    Left Leg.CFrame = CFrame.new(0.104949, -0.202015, 0.0128238, 0.957793, -0.28132, -0.0590832, 0.283515, 0.958412, 0.0326402, 0.0474437, -0.0480135, 0.997719)
    Right Arm.CFrame = CFrame.new(-0.12006, -0.402613, -0.0418031, 0.802479, -0.569045, -0.179487, 0.570518, 0.819852, -0.0484957, 0.174749, -0.0634838, 0.982564)
    Head.CFrame = CFrame.new(0, 0, 0, 0.973653, 0.227991, 0.00454062, -0.228036, 0.97346, 0.0193872, 0, -0.0199118, 0.999802)
    Right Leg.CFrame = CFrame.new(0.34995, 0.0646493, 0.00538135, 0.984152, -0.173072, -0.0386116, 0.176622, 0.976116, 0.126499, 0.015796, -0.131314, 0.991215)
    Left Arm.CFrame = CFrame.new(0.235018, -0.156528, 0.117306, 0.965798, -0.21978, 0.137588, 0.19754, 0.967374, 0.158635, -0.167964, -0.12603, 0.977704)

[25]
    Time: 2.700000
    HumanoidRootPart.CFrame = CFrame.new(0, 0, 0, 1, 0, 0, 0, 1, 0, 0, 0, 1)
    Torso.CFrame = CFrame.new(5.92756, 0.802914, 0.340719, 0.550447, 0.834637, -0.0197339, -0.834538, 0.549407, -0.0412098, -0.0235533, 0.0391525, 0.998956)
    Left Leg.CFrame = CFrame.new(0.171402, -0.254066, 0.0180982, 0.966405, -0.25099, -0.055373, 0.252928, 0.966982, 0.0312031, 0.045713, -0.0441602, 0.997978)
    Right Arm.CFrame = CFrame.new(-0.0196621, -0.524108, -0.0295075, 0.815739, -0.552829, -0.170143, 0.554382, 0.831167, -0.0426813, 0.165013, -0.0595076, 0.984495)
    Right Leg.CFrame = CFrame.new(0.242703, -0.0343006, 0.0133837, 0.963456, -0.26547, -0.0357373, 0.267853, 0.956045, 0.119303, 0.00249513, -0.124515, 0.992215)
    Left Arm.CFrame = CFrame.new(0.272633, -0.326096, 0.130663, 0.952569, -0.274888, 0.130571, 0.25532, 0.955362, 0.148644, -0.165603, -0.108256, 0.980233)

[26]
    Time: 2.816667
    HumanoidRootPart.CFrame = CFrame.new(0, 0, 0, 1, 0, 0, 0, 1, 0, 0, 0, 1)
    Torso.CFrame = CFrame.new(5.86365, 0.779008, 0.359744, 0.550447, 0.834076, -0.0364107, -0.834538, 0.548474, -0.0521818, -0.0235533, 0.0591094, 0.997974)
    Left Leg.CFrame = CFrame.new(0.0949036, -0.238703, 0.0136431, 0.9802, -0.19191, -0.0487761, 0.193423, 0.980704, 0.0284155, 0.0423817, -0.0372873, 0.998405)
    Right Arm.CFrame = CFrame.new(-0.0578432, -0.384229, -0.0297385, 0.881741, -0.446293, -0.152824, 0.446801, 0.894026, -0.032948, 0.151333, -0.0392302, 0.987704)
    Right Leg.CFrame = CFrame.new(0.219581, -0.0551971, 0.0146572, 0.98574, -0.165556, -0.0301318, 0.167854, 0.980044, 0.106481, 0.0119019, -0.11002, 0.993858)
    Left Arm.CFrame = CFrame.new(0.167225, -0.189589, 0.11171, 0.973923, -0.193695, 0.118133, 0.178157, 0.975324, 0.130396, -0.140475, -0.10595, 0.984399)

[27]
    Time: 2.933333
    HumanoidRootPart.CFrame = CFrame.new(0, 0, 0, 1, 0, 0, 0, 1, 0, 0, 0, 1)
    Torso.CFrame = CFrame.new(6.88472, 0.465368, 0.418307, 0.550447, 0.833098, -0.0543716, -0.834538, 0.547222, -0.063986, -0.0235533, 0.080596, 0.996468)
    Left Leg.CFrame = CFrame.new(0.104949, -0.202015, 0.0128238, 0.966785, -0.248669, -0.0590832, 0.250842, 0.967478, 0.0326402, 0.0490451, -0.0463765, 0.997719)
    Right Arm.CFrame = CFrame.new(-0.12006, -0.402613, -0.0418031, 0.740434, -0.64772, -0.179487, 0.650953, 0.757567, -0.0484957, 0.167385, -0.0809299, 0.982564)
    Head.CFrame = CFrame.new(0, 0, 0, 0.973653, 0.228036, 0, -0.228036, 0.973653, 0, 0, 0, 1)
    Right Leg.CFrame = CFrame.new(0.34995, 0.0646492, 0.00538135, 0.976672, -0.211235, -0.0386116, 0.214469, 0.968505, 0.126499, 0.0106746, -0.131829, 0.991215)
    Left Arm.CFrame = CFrame.new(0.172708, -0.169273, 0.128142, 0.96971, -0.201823, 0.137588, 0.179557, 0.970873, 0.158635, -0.165597, -0.129125, 0.977704)

[28]
    Time: 2.983333
    HumanoidRootPart.CFrame = CFrame.new(0, 0, 0, 1, 0, 0, 0, 1, 0, 0, 0, 1)
    Torso.CFrame = CFrame.new(6.94555, 0.466421, 0.403627, 0.550447, 0.833601, -0.0460222, -0.834538, 0.547836, -0.0585003, -0.0235533, 0.0706086, 0.997226)
    Left Leg.CFrame = CFrame.new(0.104949, -0.202015, 0.0128238, 0.957793, -0.28132, -0.0590832, 0.283515, 0.958412, 0.0326402, 0.0474437, -0.0480135, 0.997719)
    Right Arm.CFrame = CFrame.new(-0.12006, -0.402613, -0.0418031, 0.802479, -0.569045, -0.179487, 0.570518, 0.819852, -0.0484957, 0.174749, -0.0634838, 0.982564)
    Head.CFrame = CFrame.new(0, 0, 0, 0.973653, 0.227991, 0.00454062, -0.228036, 0.97346, 0.0193872, 0, -0.0199118, 0.999802)
    Right Leg.CFrame = CFrame.new(0.34995, 0.0646493, 0.00538135, 0.984152, -0.173072, -0.0386116, 0.176622, 0.976116, 0.126499, 0.015796, -0.131314, 0.991215)
    Left Arm.CFrame = CFrame.new(0.235018, -0.156528, 0.117306, 0.965798, -0.21978, 0.137588, 0.19754, 0.967374, 0.158635, -0.167964, -0.12603, 0.977704)

[29]
    Time: 3.066667
    HumanoidRootPart.CFrame = CFrame.new(0, 0, 0, 1, 0, 0, 0, 1, 0, 0, 0, 1)
    Torso.CFrame = CFrame.new(6.9613, 0.69732, 0.356784, 0.550447, 0.834637, -0.0197339, -0.834538, 0.549407, -0.0412098, -0.0235533, 0.0391525, 0.998956)
    Left Leg.CFrame = CFrame.new(0.171402, -0.254066, 0.0180982, 0.966405, -0.25099, -0.055373, 0.252928, 0.966982, 0.0312031, 0.045713, -0.0441602, 0.997978)
    Right Arm.CFrame = CFrame.new(-0.0196621, -0.524108, -0.0295075, 0.815739, -0.552829, -0.170143, 0.554382, 0.831167, -0.0426813, 0.165013, -0.0595076, 0.984495)
    Right Leg.CFrame = CFrame.new(0.242703, -0.0343006, 0.0133837, 0.963456, -0.26547, -0.0357373, 0.267853, 0.956045, 0.119303, 0.00249513, -0.124515, 0.992215)
    Left Arm.CFrame = CFrame.new(0.272633, -0.326096, 0.130663, 0.952569, -0.274888, 0.130571, 0.25532, 0.955362, 0.148644, -0.165603, -0.108256, 0.980233)

[30]
    Time: 3.183333
    HumanoidRootPart.CFrame = CFrame.new(0, 0, 0, 1, 0, 0, 0, 1, 0, 0, 0, 1)
    Torso.CFrame = CFrame.new(6.9148, 0.647985, 0.391244, 0.550447, 0.834076, -0.0364107, -0.834538, 0.548474, -0.0521818, -0.0235533, 0.0591094, 0.997974)
    Left Leg.CFrame = CFrame.new(0.0949036, -0.238703, 0.0136431, 0.9802, -0.19191, -0.0487761, 0.193423, 0.980704, 0.0284155, 0.0423817, -0.0372873, 0.998405)
    Right Arm.CFrame = CFrame.new(-0.0578432, -0.384229, -0.0297385, 0.881741, -0.446293, -0.152824, 0.446801, 0.894026, -0.032948, 0.151333, -0.0392302, 0.987704)
    Right Leg.CFrame = CFrame.new(0.219581, -0.0551971, 0.0146572, 0.98574, -0.165556, -0.0301318, 0.167854, 0.980044, 0.106481, 0.0119019, -0.11002, 0.993858)
    Left Arm.CFrame = CFrame.new(0.167225, -0.189589, 0.11171, 0.973923, -0.193695, 0.118133, 0.178157, 0.975324, 0.130396, -0.140475, -0.10595, 0.984399)

[31]
    Time: 3.300000
    HumanoidRootPart.CFrame = CFrame.new(0, 0, 0, 1, 0, 0, 0, 1, 0, 0, 0, 1)
    Torso.CFrame = CFrame.new(8.27101, 0.21001, 0.477552, 0.550447, 0.833098, -0.0543716, -0.834538, 0.547222, -0.063986, -0.0235533, 0.080596, 0.996468)
    Left Leg.CFrame = CFrame.new(0.104949, -0.202015, 0.0128238, 0.966785, -0.248669, -0.0590832, 0.250842, 0.967478, 0.0326402, 0.0490451, -0.0463765, 0.997719)
    Right Arm.CFrame = CFrame.new(-0.12006, -0.402613, -0.0418031, 0.740434, -0.64772, -0.179487, 0.650953, 0.757567, -0.0484957, 0.167385, -0.0809299, 0.982564)
    Head.CFrame = CFrame.new(0, 0, 0, 0.973653, 0.228036, 0, -0.228036, 0.973653, 0, 0, 0, 1)
    Right Leg.CFrame = CFrame.new(0.34995, 0.0646492, 0.00538135, 0.976672, -0.211235, -0.0386116, 0.214469, 0.968505, 0.126499, 0.0106746, -0.131829, 0.991215)
    Left Arm.CFrame = CFrame.new(0.172708, -0.169273, 0.128142, 0.96971, -0.201823, 0.137588, 0.179557, 0.970873, 0.158635, -0.165597, -0.129125, 0.977704)

[32]
    Time: 3.350000
    HumanoidRootPart.CFrame = CFrame.new(0, 0, 0, 1, 0, 0, 0, 1, 0, 0, 0, 1)
    Torso.CFrame = CFrame.new(8.23136, 0.320189, 0.454389, 0.550447, 0.833601, -0.0460222, -0.834538, 0.547836, -0.0585003, -0.0235533, 0.0706086, 0.997226)
    Left Leg.CFrame = CFrame.new(0.104949, -0.202015, 0.0128238, 0.957793, -0.28132, -0.0590832, 0.283515, 0.958412, 0.0326402, 0.0474437, -0.0480135, 0.997719)
    Right Arm.CFrame = CFrame.new(-0.12006, -0.402613, -0.0418031, 0.802479, -0.569045, -0.179487, 0.570518, 0.819852, -0.0484957, 0.174749, -0.0634838, 0.982564)
    Head.CFrame = CFrame.new(0, 0, 0, 0.973653, 0.227991, 0.00454062, -0.228036, 0.97346, 0.0193872, 0, -0.0199118, 0.999802)
    Right Leg.CFrame = CFrame.new(0.34995, 0.0646493, 0.00538135, 0.984152, -0.173072, -0.0386116, 0.176622, 0.976116, 0.126499, 0.015796, -0.131314, 0.991215)
    Left Arm.CFrame = CFrame.new(0.235018, -0.156528, 0.117306, 0.965798, -0.21978, 0.137588, 0.19754, 0.967374, 0.158635, -0.167964, -0.12603, 0.977704)

[33]
    Time: 3.433333
    HumanoidRootPart.CFrame = CFrame.new(0, 0, 0, 1, 0, 0, 0, 1, 0, 0, 0, 1)
    Torso.CFrame = CFrame.new(8.49482, 0.682732, 0.386476, 0.550447, 0.834637, -0.0197339, -0.834538, 0.549407, -0.0412098, -0.0235533, 0.0391525, 0.998956)
    Left Leg.CFrame = CFrame.new(0.171402, -0.254066, 0.0180983, 0.966405, -0.25099, -0.055373, 0.252928, 0.966982, 0.0312031, 0.045713, -0.0441602, 0.997978)
    Right Arm.CFrame = CFrame.new(-0.0196621, -0.524108, -0.0295075, 0.815739, -0.552829, -0.170143, 0.554382, 0.831167, -0.0426813, 0.165013, -0.0595076, 0.984495)
    Head.CFrame = CFrame.new(0, 0, 0, 0.973653, 0.228036, 0, -0.228036, 0.973653, 0, 0, 0, 1)
    Right Leg.CFrame = CFrame.new(0.242703, -0.0343007, 0.0133837, 0.963456, -0.26547, -0.0357373, 0.267853, 0.956045, 0.119303, 0.00249513, -0.124515, 0.992215)
    Left Arm.CFrame = CFrame.new(0.272633, -0.326096, 0.130663, 0.952569, -0.274888, 0.130571, 0.25532, 0.955362, 0.148644, -0.165603, -0.108256, 0.980233)

[34]
    Time: 3.550000
    HumanoidRootPart.CFrame = CFrame.new(0, 0, 0, 1, 0, 0, 0, 1, 0, 0, 0, 1)
    Torso.CFrame = CFrame.new(8.4278, 0.457564, 0.436488, 0.550447, 0.834076, -0.0364107, -0.834538, 0.548474, -0.0521818, -0.0235533, 0.0591094, 0.997974)
    Left Leg.CFrame = CFrame.new(0.0949037, -0.238703, 0.0136431, 0.9802, -0.19191, -0.0487761, 0.193423, 0.980704, 0.0284155, 0.0423817, -0.0372873, 0.998405)
    Right Arm.CFrame = CFrame.new(-0.0578432, -0.384229, -0.0297385, 0.881741, -0.446293, -0.152824, 0.446801, 0.894026, -0.032948, 0.151333, -0.0392302, 0.987704)
    Head.CFrame = CFrame.new(0, 0, 0, 0.973653, 0.228036, 0, -0.228036, 0.973653, 0, 0, 0, 1)
    Right Leg.CFrame = CFrame.new(0.219581, -0.055197, 0.0146573, 0.98574, -0.165556, -0.0301318, 0.167854, 0.980044, 0.106481, 0.0119019, -0.11002, 0.993858)
    Left Arm.CFrame = CFrame.new(0.167225, -0.189589, 0.11171, 0.973923, -0.193695, 0.118133, 0.178157, 0.975324, 0.130396, -0.140475, -0.10595, 0.984399)

[35]
    Time: 3.683333
    HumanoidRootPart.CFrame = CFrame.new(0, 0, 0, 1, 0, 0, 0, 1, 0, 0, 0, 1)
    Torso.CFrame = CFrame.new(9.05611, 0.390709, 0.373153, 0.550447, 0.828303, 0.104515, -0.834538, 0.549431, 0.0408914, -0.0235533, -0.10973, 0.993682)
    Left Leg.CFrame = CFrame.new(-0.540912, -0.0636636, -0.367805, 0.967903, 0.164433, -0.190065, -0.164746, 0.986233, 0.0142625, 0.189794, 0.0175079, 0.981668)
    Right Arm.CFrame = CFrame.new(0.244231, 0.0753241, 0.0739521, 0.760744, -0.597182, -0.25425, 0.588447, 0.799873, -0.118041, 0.27386, -0.0598136, 0.959908)
    Head.CFrame = CFrame.new(0, 0, 0, -0.0642766, -0.978326, -0.196842, 0.997932, -0.0630138, -0.0126785, 0, -0.19725, 0.980353)
    Right Leg.CFrame = CFrame.new(-0.217865, -0.0361414, 0, 0.891669, 0.452688, 0, -0.452688, 0.891669, 0, 0, 0, 1)
    Left Arm.CFrame = CFrame.new(0.0757416, 0.0548565, 0.0798619, 0.901519, -0.0869783, 0.423909, -0.146233, 0.860735, 0.487597, -0.407284, -0.501568, 0.76325)

[36]
    Time: 3.766667
    HumanoidRootPart.CFrame = CFrame.new(0, 0, 0, 1, 0, 0, 0, 1, 0, 0, 0, 1)
    Torso.CFrame = CFrame.new(9.06477, 0.530891, 0.360779, 0.550447, 0.827236, 0.112645, -0.834538, 0.549003, 0.0462854, -0.0235533, -0.119484, 0.992557)
    Left Leg.CFrame = CFrame.new(-0.54718, -0.109685, -0.36835, 0.972456, 0.134926, -0.190065, -0.134682, 0.990786, 0.0142625, 0.190239, 0.0117287, 0.981668)
    Right Arm.CFrame = CFrame.new(0.244231, 0.0753241, 0.0739521, 0.733447, -0.630406, -0.25425, 0.623419, 0.772926, -0.118041, 0.270931, -0.0719274, 0.959908)
    Head.CFrame = CFrame.new(0, 0, 0, -0.0637588, -0.984798, -0.161577, 0.997962, -0.0633356, -0.00777396, -0.00257781, -0.161744, 0.986829)
    Right Leg.CFrame = CFrame.new(-0.264241, -0.00962442, 0, 0.86811, 0.496371, 0, -0.496371, 0.86811, 0, 0, 0, 1)
    Left Arm.CFrame = CFrame.new(0.0757416, 0.0548566, 0.0798621, 0.901519, -0.105549, 0.419671, -0.146233, 0.838444, 0.525003, -0.407284, -0.53467, 0.740438)

[37]
    Time: 3.900000
    HumanoidRootPart.CFrame = CFrame.new(0, 0, 0, 1, 0, 0, 0, 1, 0, 0, 0, 1)
    Torso.CFrame = CFrame.new(8.94427, 0.450223, 0.38725, 0.550447, 0.829409, 0.095337, -0.834538, 0.54985, 0.0348052, -0.0235533, -0.0987207, 0.994836)
    Left Leg.CFrame = CFrame.new(-0.54718, -0.109685, -0.36835, 0.978273, 0.0828114, -0.190065, -0.0815888, 0.996564, 0.0142625, 0.190593, 0.00155464, 0.981668)
    Right Arm.CFrame = CFrame.new(0.244231, 0.0753241, 0.0739521, 0.599913, -0.758592, -0.25425, 0.759254, 0.64, -0.118041, 0.252265, -0.122226, 0.959908)
    Head.CFrame = CFrame.new(0, 0, 0, 0.075175, -0.986948, -0.142418, 0.997018, 0.0768862, -0.00654228, 0.0174069, -0.141502, 0.989785)
    Right Leg.CFrame = CFrame.new(-0.264241, -0.00962442, 0, 0.886077, 0.463539, 0, -0.463539, 0.886077, 0, 0, 0, 1)
    Left Arm.CFrame = CFrame.new(0.0757416, 0.0548566, 0.079862, 0.901519, -0.202897, 0.382226, -0.146233, 0.688473, 0.710367, -0.407284, -0.696303, 0.591001)

[38]
    Time: 3.983333
    HumanoidRootPart.CFrame = CFrame.new(0, 0, 0, 1, 0, 0, 0, 1, 0, 0, 0, 1)
    Torso.CFrame = CFrame.new(8.87789, 0.462357, 0.404697, 0.550447, 0.831909, 0.0702518, -0.834538, 0.55065, 0.0181881, -0.0235533, -0.0686394, 0.997363)
    Left Leg.CFrame = CFrame.new(-0.611876, -0.131796, -0.380555, 0.981397, 0.0270957, -0.190065, -0.0248358, 0.99959, 0.0142625, 0.190374, -0.0092767, 0.981668)
    Right Arm.CFrame = CFrame.new(0.191412, 0.0152323, 0.0525725, 0.63781, -0.727018, -0.25425, 0.725636, 0.677878, -0.118041, 0.258169, -0.109205, 0.959908)
    Right Leg.CFrame = CFrame.new(-0.40572, -0.0380558, 0, 0.874767, 0.484544, 0, -0.484544, 0.874767, 0, 0, 0, 1)
    Left Arm.CFrame = CFrame.new(0.0577061, 0.0223764, 0.0516024, 0.901519, -0.19487, 0.38638, -0.146233, 0.703158, 0.695834, -0.407284, -0.683809, 0.605414)

[39]
    Time: 4.050000
    HumanoidRootPart.CFrame = CFrame.new(0, 0, 0, 1, 0, 0, 0, 1, 0, 0, 0, 1)
    Torso.CFrame = CFrame.new(10.037, 0.195724, 0.278005, 0.550447, 0.828303, 0.104515, -0.834538, 0.549431, 0.0408914, -0.0235533, -0.10973, 0.993682)
    Left Leg.CFrame = CFrame.new(-0.540912, -0.0636636, -0.367805, 0.967903, 0.164433, -0.190065, -0.164746, 0.986233, 0.0142625, 0.189794, 0.0175079, 0.981668)
    Right Arm.CFrame = CFrame.new(0.244231, 0.0753241, 0.0739521, 0.760744, -0.597182, -0.25425, 0.588447, 0.799873, -0.118041, 0.27386, -0.0598136, 0.959908)
    Head.CFrame = CFrame.new(0, 0, 0, -0.0642766, -0.978326, -0.196842, 0.997932, -0.0630138, -0.0126785, 0, -0.19725, 0.980353)
    Right Leg.CFrame = CFrame.new(-0.217865, -0.0361414, 0, 0.891669, 0.452688, 0, -0.452688, 0.891669, 0, 0, 0, 1)
    Left Arm.CFrame = CFrame.new(0.0757416, 0.0548565, 0.0798619, 0.901519, -0.0869783, 0.423909, -0.146233, 0.860735, 0.487597, -0.407284, -0.501568, 0.76325)

[40]
    Time: 4.133333
    HumanoidRootPart.CFrame = CFrame.new(0, 0, 0, 1, 0, 0, 0, 1, 0, 0, 0, 1)
    Torso.CFrame = CFrame.new(10.0596, 0.31636, 0.257878, 0.550447, 0.827236, 0.112645, -0.834538, 0.549003, 0.0462854, -0.0235533, -0.119484, 0.992557)
    Left Leg.CFrame = CFrame.new(-0.54718, -0.109685, -0.36835, 0.972456, 0.134926, -0.190065, -0.134682, 0.990786, 0.0142625, 0.190239, 0.0117287, 0.981668)
    Right Arm.CFrame = CFrame.new(0.244231, 0.0753241, 0.0739521, 0.733447, -0.630406, -0.25425, 0.623419, 0.772926, -0.118041, 0.270931, -0.0719274, 0.959908)
    Head.CFrame = CFrame.new(0, 0, 0, -0.0637588, -0.984798, -0.161577, 0.997962, -0.0633356, -0.00777396, -0.00257781, -0.161744, 0.986829)
    Right Leg.CFrame = CFrame.new(-0.264241, -0.00962442, 0, 0.86811, 0.496371, 0, -0.496371, 0.86811, 0, 0, 0, 1)
    Left Arm.CFrame = CFrame.new(0.0757416, 0.0548566, 0.0798621, 0.901519, -0.105549, 0.419671, -0.146233, 0.838444, 0.525003, -0.407284, -0.53467, 0.740438)

[41]
    Time: 4.266667
    HumanoidRootPart.CFrame = CFrame.new(0, 0, 0, 1, 0, 0, 0, 1, 0, 0, 0, 1)
    Torso.CFrame = CFrame.new(9.92379, 0.214382, 0.301632, 0.550447, 0.829409, 0.095337, -0.834538, 0.54985, 0.0348052, -0.0235533, -0.0987207, 0.994836)
    Left Leg.CFrame = CFrame.new(-0.54718, -0.109685, -0.36835, 0.978273, 0.0828114, -0.190065, -0.0815888, 0.996564, 0.0142625, 0.190593, 0.00155464, 0.981668)
    Right Arm.CFrame = CFrame.new(0.244231, 0.0753241, 0.0739521, 0.599913, -0.758592, -0.25425, 0.759254, 0.64, -0.118041, 0.252265, -0.122226, 0.959908)
    Head.CFrame = CFrame.new(0, 0, 0, 0.075175, -0.986948, -0.142418, 0.997018, 0.0768862, -0.00654228, 0.0174069, -0.141502, 0.989785)
    Right Leg.CFrame = CFrame.new(-0.264241, -0.00962442, 0, 0.886077, 0.463539, 0, -0.463539, 0.886077, 0, 0, 0, 1)
