[1]
    Time: 0.000000
    HumanoidRootPart.CFrame = CFrame.new(0, 0, 0, 1, 0, 0, 0, 1, 0, 0, 0, 1)
    Torso.CFrame = CFrame.new(-4.08144, 7.15256e-07, -0.142512, 0.633557, 0.755692, -0.165937, -0.762568, 0.646158, 0.0311343, 0.130749, 0.106813, 0.985645)
    Head.CFrame = CFrame.new(-1.96043e-07, -1.3411e-07, -1.19209e-07, 0.804273, -0.594065, 0.0152504, 0.558349, 0.746636, -0.361636, 0.203449, 0.299369, 0.932195)
    Left Leg.CFrame = CFrame.new(-0.574925, -0.0842283, -0.296352, 0.859803, 0.31122, -0.404823, -0.425893, 0.874445, -0.232297, 0.281699, 0.372141, 0.884396)
    Right Arm.CFrame = CFrame.new(0.0779015, -0.511451, 0.0968794, 0.679761, -0.501604, -0.535086, 0.717826, 0.60471, 0.345039, 0.150499, -0.618643, 0.771123)
    Right Leg.CFrame = CFrame.new(0.437724, -0.508657, -0.0484619, 0.717917, 0.685956, 0.118578, -0.615447, 0.705033, -0.352354, -0.325301, 0.179983, 0.928324)
    Left Arm.CFrame = CFrame.new(0.0905266, -0.172914, 0.114264, 0.993481, -0.113702, -0.00822868, 0.113701, 0.983095, 0.143516, -0.00822853, -0.143516, 0.989614)

[2]
    Time: 0.033333
    HumanoidRootPart.CFrame = CFrame.new(0, 0, 0, 1, 0, 0, 0, 1, 0, 0, 0, 1)
    Torso.CFrame = CFrame.new(-4.18622, 4.76837e-07, -0.275944, 0.628531, 0.751437, -0.200726, -0.762568, 0.646158, 0.0311343, 0.153096, 0.133498, 0.979153)
    Head.CFrame = CFrame.new(5.12227e-08, 2.68221e-07, -2.98023e-08, 0.803818, -0.594737, 0.0128314, 0.557633, 0.745808, -0.36444, 0.207176, 0.300098, 0.931139)
    Left Leg.CFrame = CFrame.new(-0.756247, 0.152678, -0.317364, 0.897358, 0.176168, -0.404615, -0.286896, 0.929556, -0.231553, 0.33532, 0.323869, 0.884686)
    Right Arm.CFrame = CFrame.new(0.0221906, -0.499456, 0.0491834, 0.62678, -0.544043, -0.557821, 0.772308, 0.528738, 0.352104, 0.103381, -0.651501, 0.751571)
    Right Leg.CFrame = CFrame.new(0.598787, -0.541246, -0.109501, 0.644858, 0.747774, 0.15809, -0.657243, 0.648114, -0.384682, -0.390115, 0.144162, 0.90941)
    Left Arm.CFrame = CFrame.new(0.111925, -0.219176, 0.130508, 0.983568, -0.179126, -0.0225463, 0.180002, 0.963333, 0.198971, -0.0139214, -0.19976, 0.979746)

[3]
    Time: 0.066667
    HumanoidRootPart.CFrame = CFrame.new(0, 0, 0, 1, 0, 0, 0, 1, 0, 0, 0, 1)
    Torso.CFrame = CFrame.new(-4.24384, 7.15256e-07, -0.349322, 0.625431, 0.748695, -0.219754, -0.762568, 0.646158, 0.0311343, 0.165306, 0.148105, 0.975058)
    Head.CFrame = CFrame.new(-3.241e-07, -4.47035e-07, 1.49012e-07, 0.803296, -0.595494, 0.0101195, 0.556816, 0.744875, -0.367582, 0.211355, 0.300912, 0.929936)
    Left Leg.CFrame = CFrame.new(-0.804188, 0.248698, -0.31441, 0.905956, 0.127268, -0.40379, -0.235298, 0.94424, -0.230315, 0.351963, 0.303666, 0.885386)
    Right Arm.CFrame = CFrame.new(-0.00867786, -0.492653, 0.0227491, 0.595983, -0.565059, -0.570538, 0.799376, 0.484899, 0.354784, 0.07618, -0.667519, 0.740685)
    Right Leg.CFrame = CFrame.new(0.667902, -0.549392, -0.145687, 0.608825, 0.771822, 0.183366, -0.667789, 0.623393, -0.406742, -0.428241, 0.125185, 0.894951)
    Left Arm.CFrame = CFrame.new(0.123622, -0.244292, 0.139393, 0.976221, -0.214404, -0.0319933, 0.215972, 0.949224, 0.228759, -0.0186781, -0.230229, 0.972957)

[4]
    Time: 0.100000
    HumanoidRootPart.CFrame = CFrame.new(0, 0, 0, 1, 0, 0, 0, 1, 0, 0, 0, 1)
    Torso.CFrame = CFrame.new(-4.27116, 4.76837e-07, -0.384122, 0.623878, 0.747296, -0.228748, -0.762568, 0.646158, 0.0311343, 0.171074, 0.155012, 0.972988)
    Head.CFrame = CFrame.new(-8.45175e-08, -2.23517e-07, -1.19209e-07, 0.802826, -0.596164, 0.00772824, 0.556083, 0.74405, -0.370352, 0.21504, 0.301626, 0.928859)
    Left Leg.CFrame = CFrame.new(-0.820418, 0.290044, -0.31122, 0.908834, 0.107077, -0.403182, -0.213683, 0.949565, -0.229489, 0.358274, 0.294721, 0.885878)
    Right Arm.CFrame = CFrame.new(-0.0233788, -0.489382, 0.0101593, 0.581012, -0.574417, -0.576603, 0.811453, 0.463665, 0.355751, 0.0630011, -0.674582, 0.735507)
    Right Leg.CFrame = CFrame.new(0.697469, -0.551726, -0.164148, 0.592079, 0.781593, 0.196355, -0.67031, 0.612889, -0.418392, -0.447356, 0.116103, 0.886788)
    Left Arm.CFrame = CFrame.new(0.129148, -0.256125, 0.143592, 0.972276, -0.230913, -0.0368512, 0.23286, 0.941747, 0.24267, -0.021331, -0.244523, 0.969409)

[5]
    Time: 0.133333
    HumanoidRootPart.CFrame = CFrame.new(0, 0, 0, 1, 0, 0, 0, 1, 0, 0, 0, 1)
    Torso.CFrame = CFrame.new(-4.28131, 7.15256e-07, -0.397047, 0.623287, 0.74676, -0.232083, -0.762568, 0.646158, 0.0311343, 0.173212, 0.157574, 0.972198)
    Head.CFrame = CFrame.new(2.53553e-07, -3.12924e-07, 1.19209e-07, 0.802483, -0.596645, 0.00601499, 0.555551, 0.743457, -0.372337, 0.217681, 0.302135, 0.928078)
    Left Leg.CFrame = CFrame.new(-0.825567, 0.304813, -0.309805, 0.90976, 0.0999737, -0.402916, -0.206025, 0.95134, -0.229141, 0.360402, 0.291474, 0.886089)
    Right Arm.CFrame = CFrame.new(-0.0288487, -0.488161, 0.00547391, 0.575395, -0.577791, -0.57886, 0.815812, 0.45571, 0.35606, 0.0580641, -0.677116, 0.733582)
    Right Leg.CFrame = CFrame.new(0.707983, -0.552378, -0.171256, 0.58588, 0.784985, 0.201354, -0.67085, 0.609177, -0.422924, -0.454649, 0.112705, 0.883511)
    Left Arm.CFrame = CFrame.new(0.131196, -0.260507, 0.145149, 0.970737, -0.237005, -0.0387161, 0.239101, 0.938843, 0.247798, -0.0223809, -0.249803, 0.968038)

[6]
    Time: 0.166667
    HumanoidRootPart.CFrame = CFrame.new(0, 0, 0, 1, 0, 0, 0, 1, 0, 0, 0, 1)
    Torso.CFrame = CFrame.new(-4.28366, 7.15256e-07, -0.40003, 0.62315, 0.746635, -0.232853, -0.762568, 0.646158, 0.0311343, 0.173706, 0.158165, 0.972014)
    Head.CFrame = CFrame.new(9.10368e-08, 2.83122e-07, -2.68221e-07, 0.802294, -0.596907, 0.00508435, 0.555259, 0.743134, -0.373414, 0.219116, 0.302411, 0.927651)
    Left Leg.CFrame = CFrame.new(-0.826692, 0.308182, -0.309462, 0.909965, 0.0983618, -0.402852, -0.204283, 0.951736, -0.229056, 0.360878, 0.290729, 0.88614)
    Right Arm.CFrame = CFrame.new(-0.030112, -0.487879, 0.0043925, 0.574095, -0.578561, -0.579381, 0.816808, 0.45387, 0.356128, 0.0569216, -0.677694, 0.733138)
    Right Leg.CFrame = CFrame.new(0.710369, -0.552513, -0.172916, 0.584451, 0.785749, 0.202521, -0.670943, 0.608336, -0.423986, -0.456347, 0.111919, 0.882735)
    Left Arm.CFrame = CFrame.new(0.131668, -0.261518, 0.145508, 0.970376, -0.238407, -0.0391512, 0.240539, 0.938164, 0.248978, -0.022628, -0.25102, 0.967717)

[7]
    Time: 0.200000
    HumanoidRootPart.CFrame = CFrame.new(0, 0, 0, 1, 0, 0, 0, 1, 0, 0, 0, 1)
    Torso.CFrame = CFrame.new(-4.28381, 7.15256e-07, -0.400229, 0.623141, 0.746627, -0.232904, -0.762568, 0.646158, 0.0311343, 0.173738, 0.158204, 0.972001)
    Head.CFrame = CFrame.new(-2.18628e-07, -2.68221e-07, 4.17233e-07, 0.802234, -0.59699, 0.00479022, 0.555167, 0.743032, -0.373755, 0.219569, 0.302498, 0.927515)
    Left Leg.CFrame = CFrame.new(-0.826766, 0.308406, -0.30944, 0.909978, 0.0982549, -0.402847, -0.204168, 0.951762, -0.229051, 0.36091, 0.29068, 0.886143)
    Right Arm.CFrame = CFrame.new(-0.0301958, -0.487859, 0.00432068, 0.574008, -0.578613, -0.579415, 0.816874, 0.453747, 0.356132, 0.0568455, -0.677732, 0.733108)
    Right Leg.CFrame = CFrame.new(0.710527, -0.552521, -0.173026, 0.584356, 0.7858, 0.202599, -0.670948, 0.60828, -0.424057, -0.456461, 0.111867, 0.882683)
    Left Arm.CFrame = CFrame.new(0.131699, -0.261585, 0.145532, 0.970352, -0.238501, -0.0391803, 0.240634, 0.938118, 0.249057, -0.0226445, -0.251101, 0.967696)

[8]
    Time: 0.233333
    HumanoidRootPart.CFrame = CFrame.new(0, 0, 0, 1, 0, 0, 0, 1, 0, 0, 0, 1)
    Torso.CFrame = CFrame.new(-4.28281, 7.15256e-07, -0.399229, 0.623639, 0.74708, -0.230101, -0.762568, 0.646158, 0.0311343, 0.171942, 0.156051, 0.972669)
    Head.CFrame = CFrame.new(4.48199e-08, 1.04308e-07, -5.96046e-08, 0.801868, -0.597494, 0.00300825, 0.554602, 0.742413, -0.375818, 0.222316, 0.303025, 0.926688)
    Left Leg.CFrame = CFrame.new(-0.828526, 0.308065, -0.310663, 0.910612, 0.09488, -0.402223, -0.199977, 0.952914, -0.227956, 0.361655, 0.288015, 0.886709)
    Right Arm.CFrame = CFrame.new(-0.0301965, -0.487859, 0.00432032, 0.574008, -0.578613, -0.579415, 0.816874, 0.453747, 0.356132, 0.0568455, -0.677732, 0.733108)
    Right Leg.CFrame = CFrame.new(0.706575, -0.554985, -0.173653, 0.583905, 0.786284, 0.202022, -0.670029, 0.607269, -0.426948, -0.458384, 0.113937, 0.881421)
    Left Arm.CFrame = CFrame.new(0.13156, -0.261234, 0.145428, 0.970423, -0.238224, -0.0390943, 0.240351, 0.938253, 0.248824, -0.0225955, -0.250861, 0.967759)

[9]
    Time: 0.266667
    HumanoidRootPart.CFrame = CFrame.new(0, 0, 0, 1, 0, 0, 0, 1, 0, 0, 0, 1)
    Torso.CFrame = CFrame.new(-4.27581, 7.15256e-07, -0.392231, 0.625153, 0.748446, -0.221387, -0.762568, 0.646158, 0.0311343, 0.166354, 0.149359, 0.974689)
    Head.CFrame = CFrame.new(5.58794e-09, -4.47035e-08, 1.19209e-07, 0.800712, -0.599044, -0.00244865, 0.552833, 0.740506, -0.382134, 0.230728, 0.304626, 0.924104)
    Left Leg.CFrame = CFrame.new(-0.832066, 0.302398, -0.314657, 0.912131, 0.0872493, -0.400505, -0.190151, 0.955654, -0.224872, 0.363124, 0.281269, 0.888273)
    Right Arm.CFrame = CFrame.new(-0.0301966, -0.487859, 0.00431979, 0.574008, -0.578613, -0.579415, 0.816874, 0.453747, 0.356132, 0.0568455, -0.677732, 0.733108)
    Right Leg.CFrame = CFrame.new(0.694266, -0.560264, -0.171678, 0.584951, 0.786604, 0.197702, -0.668701, 0.60567, -0.431281, -0.458989, 0.120075, 0.88029)
    Left Arm.CFrame = CFrame.new(0.129463, -0.255975, 0.143866, 0.971484, -0.234069, -0.0378124, 0.236092, 0.940253, 0.245326, -0.02187, -0.247258, 0.968703)

[10]
    Time: 0.300000
    HumanoidRootPart.CFrame = CFrame.new(0, 0, 0, 1, 0, 0, 0, 1, 0, 0, 0, 1)
    Torso.CFrame = CFrame.new(-4.25682, 7.15256e-07, -0.373235, 0.627652, 0.750667, -0.206282, -0.762568, 0.646158, 0.0311343, 0.156662, 0.137763, 0.977997)
    Head.CFrame = CFrame.new(6.57048e-07, 5.51343e-07, -2.98023e-07, 0.798599, -0.601747, -0.0118504, 0.54964, 0.737185, -0.393006, 0.245226, 0.30734, 0.91946)
    Left Leg.CFrame = CFrame.new(-0.834252, 0.284302, -0.321595, 0.91398, 0.0792473, -0.397946, -0.178965, 0.958925, -0.220076, 0.364159, 0.272364, 0.890621)
    Right Arm.CFrame = CFrame.new(-0.0301961, -0.48786, 0.00431991, 0.574008, -0.578613, -0.579415, 0.816874, 0.453747, 0.356132, 0.0568455, -0.677732, 0.733108)
    Right Leg.CFrame = CFrame.new(0.672622, -0.565052, -0.161624, 0.591039, 0.784904, 0.186009, -0.668968, 0.605803, -0.43068, -0.450727, 0.130114, 0.883128)
    Left Arm.CFrame = CFrame.new(0.120366, -0.233149, 0.137089, 0.975866, -0.215948, -0.0324355, 0.217549, 0.948549, 0.230061, -0.0189144, -0.231565, 0.972636)

[11]
    Time: 0.333333
    HumanoidRootPart.CFrame = CFrame.new(0, 0, 0, 1, 0, 0, 0, 1, 0, 0, 0, 1)
    Torso.CFrame = CFrame.new(-4.21983, 7.15256e-07, -0.336244, 0.63101, 0.753571, -0.184275, -0.762568, 0.646158, 0.0311343, 0.142533, 0.120876, 0.982381)
    Head.CFrame = CFrame.new(-3.48315e-07, 2.23517e-07, 4.76837e-07, 0.795272, -0.60572, -0.0254178, 0.544705, 0.732313, -0.408673, 0.266155, 0.311161, 0.912327)
    Left Leg.CFrame = CFrame.new(-0.829905, 0.246134, -0.33068, 0.915659, 0.0755235, -0.394797, -0.171511, 0.961699, -0.213819, 0.363527, 0.263497, 0.893542)
    Right Arm.CFrame = CFrame.new(-0.0301957, -0.487859, 0.00432116, 0.574008, -0.578613, -0.579415, 0.816874, 0.453747, 0.356132, 0.0568455, -0.677732, 0.733108)
    Right Leg.CFrame = CFrame.new(0.639602, -0.565709, -0.13924, 0.605445, 0.778771, 0.164174, -0.67171, 0.610635, -0.41944, -0.426898, 0.143671, 0.892814)
    Left Arm.CFrame = CFrame.new(0.0957922, -0.171387, 0.118788, 0.985874, -0.166357, -0.0194313, 0.167021, 0.967831, 0.18817, -0.0124971, -0.188757, 0.981944)

[12]
    Time: 0.366667
    HumanoidRootPart.CFrame = CFrame.new(0, 0, 0, 1, 0, 0, 0, 1, 0, 0, 0, 1)
    Torso.CFrame = CFrame.new(-3.58144, 5.96046e-07, -0.142512, 0.633557, 0.755692, -0.165937, -0.762568, 0.646158, 0.0311343, 0.130749, 0.106813, 0.985645)
    Head.CFrame = CFrame.new(3.99072e-07, 3.57628e-07, -2.08616e-07, 0.804273, -0.594065, 0.0152504, 0.558349, 0.746636, -0.361636, 0.203449, 0.299369, 0.932195)
    Left Leg.CFrame = CFrame.new(-0.574924, -0.0842292, -0.296352, 0.859803, 0.31122, -0.404823, -0.425893, 0.874445, -0.232297, 0.281699, 0.372141, 0.884396)
    Right Arm.CFrame = CFrame.new(0.077901, -0.511451, 0.096879, 0.679761, -0.501604, -0.535086, 0.717826, 0.60471, 0.345039, 0.150499, -0.618643, 0.771123)
    Right Leg.CFrame = CFrame.new(0.437723, -0.508658, -0.0484627, 0.717917, 0.685955, 0.118578, -0.615446, 0.705033, -0.352355, -0.325301, 0.179983, 0.928324)
    Left Arm.CFrame = CFrame.new(0.090527, -0.172914, 0.114265, 0.993481, -0.113702, -0.00822868, 0.113701, 0.983095, 0.143516, -0.00822853, -0.143516, 0.989614)

[13]
    Time: 0.400000
    HumanoidRootPart.CFrame = CFrame.new(0, 0, 0, 1, 0, 0, 0, 1, 0, 0, 0, 1)
    Torso.CFrame = CFrame.new(-3.68622, 4.76837e-07, -0.275944, 0.628531, 0.751437, -0.200726, -0.762568, 0.646158, 0.0311343, 0.153096, 0.133498, 0.979153)
    Head.CFrame = CFrame.new(-5.16884e-08, 2.5332e-07, -8.9407e-08, 0.803818, -0.594737, 0.0128314, 0.557633, 0.745808, -0.36444, 0.207176, 0.300098, 0.931139)
    Left Leg.CFrame = CFrame.new(-0.756247, 0.152679, -0.317365, 0.897358, 0.176169, -0.404615, -0.286896, 0.929556, -0.231553, 0.33532, 0.323869, 0.884686)
    Right Arm.CFrame = CFrame.new(0.0221913, -0.499456, 0.0491842, 0.62678, -0.544043, -0.557821, 0.772308, 0.528738, 0.352104, 0.103381, -0.651501, 0.751571)
    Right Leg.CFrame = CFrame.new(0.598787, -0.541246, -0.109501, 0.644858, 0.747774, 0.15809, -0.657243, 0.648114, -0.384682, -0.390115, 0.144162, 0.90941)
    Left Arm.CFrame = CFrame.new(0.111925, -0.219176, 0.130508, 0.983568, -0.179126, -0.0225463, 0.180002, 0.963333, 0.198971, -0.0139214, -0.19976, 0.979746)

[14]
    Time: 0.433333
    HumanoidRootPart.CFrame = CFrame.new(0, 0, 0, 1, 0, 0, 0, 1, 0, 0, 0, 1)
    Torso.CFrame = CFrame.new(-3.74384, 5.96046e-07, -0.349322, 0.625431, 0.748695, -0.219754, -0.762568, 0.646158, 0.0311343, 0.165306, 0.148105, 0.975058)
    Head.CFrame = CFrame.new(3.3062e-08, 4.47035e-08, 0, 0.803296, -0.595494, 0.0101195, 0.556816, 0.744875, -0.367582, 0.211355, 0.300912, 0.929936)
    Left Leg.CFrame = CFrame.new(-0.804188, 0.248698, -0.31441, 0.905956, 0.127267, -0.40379, -0.235298, 0.94424, -0.230315, 0.351963, 0.303666, 0.885386)
    Right Arm.CFrame = CFrame.new(-0.00867803, -0.492653, 0.0227489, 0.595983, -0.565059, -0.570538, 0.799376, 0.484899, 0.354784, 0.07618, -0.667519, 0.740685)
    Right Leg.CFrame = CFrame.new(0.667902, -0.549393, -0.145687, 0.608825, 0.771822, 0.183366, -0.667789, 0.623393, -0.406742, -0.428241, 0.125185, 0.894951)
    Left Arm.CFrame = CFrame.new(0.123622, -0.244292, 0.139393, 0.976221, -0.214404, -0.0319933, 0.215972, 0.949224, 0.228759, -0.0186781, -0.230229, 0.972957)

[15]
    Time: 0.466667
    HumanoidRootPart.CFrame = CFrame.new(0, 0, 0, 1, 0, 0, 0, 1, 0, 0, 0, 1)
    Torso.CFrame = CFrame.new(-3.77116, 5.96046e-07, -0.384122, 0.623878, 0.747296, -0.228748, -0.762568, 0.646158, 0.0311343, 0.171074, 0.155012, 0.972988)
    Head.CFrame = CFrame.new(-9.10368e-08, 0, -2.08616e-07, 0.802826, -0.596164, 0.00772824, 0.556083, 0.74405, -0.370352, 0.21504, 0.301626, 0.928859)
    Left Leg.CFrame = CFrame.new(-0.820417, 0.290044, -0.31122, 0.908834, 0.107077, -0.403182, -0.213683, 0.949565, -0.229489, 0.358274, 0.294721, 0.885878)
    Right Arm.CFrame = CFrame.new(-0.0233783, -0.489382, 0.0101595, 0.581012, -0.574417, -0.576603, 0.811453, 0.463665, 0.355751, 0.0630011, -0.674582, 0.735507)
    Right Leg.CFrame = CFrame.new(0.697469, -0.551726, -0.164148, 0.592079, 0.781593, 0.196355, -0.670309, 0.612889, -0.418393, -0.447357, 0.116103, 0.886788)
    Left Arm.CFrame = CFrame.new(0.129148, -0.256125, 0.143592, 0.972276, -0.230913, -0.0368512, 0.23286, 0.941747, 0.24267, -0.021331, -0.244523, 0.969409)

[16]
    Time: 0.500000
    HumanoidRootPart.CFrame = CFrame.new(0, 0, 0, 1, 0, 0, 0, 1, 0, 0, 0, 1)
    Torso.CFrame = CFrame.new(-3.78131, 4.76837e-07, -0.397048, 0.623287, 0.74676, -0.232083, -0.762568, 0.646158, 0.0311343, 0.173212, 0.157574, 0.972198)
    Head.CFrame = CFrame.new(1.90921e-08, 1.63913e-07, 1.49012e-07, 0.802483, -0.596645, 0.00601499, 0.555551, 0.743457, -0.372337, 0.217681, 0.302135, 0.928078)
    Left Leg.CFrame = CFrame.new(-0.825566, 0.304813, -0.309805, 0.90976, 0.0999738, -0.402916, -0.206025, 0.95134, -0.22914, 0.360402, 0.291474, 0.886089)
    Right Arm.CFrame = CFrame.new(-0.0288485, -0.488161, 0.00547439, 0.575395, -0.577791, -0.57886, 0.815812, 0.45571, 0.35606, 0.0580641, -0.677116, 0.733582)
    Right Leg.CFrame = CFrame.new(0.707983, -0.552377, -0.171256, 0.58588, 0.784985, 0.201353, -0.67085, 0.609176, -0.422924, -0.454648, 0.112704, 0.883511)
    Left Arm.CFrame = CFrame.new(0.131196, -0.260507, 0.145149, 0.970737, -0.237005, -0.0387161, 0.239101, 0.938843, 0.247798, -0.0223809, -0.249803, 0.968038)

[17]
    Time: 0.533333
    HumanoidRootPart.CFrame = CFrame.new(0, 0, 0, 1, 0, 0, 0, 1, 0, 0, 0, 1)
    Torso.CFrame = CFrame.new(-3.78366, 8.34465e-07, -0.40003, 0.62315, 0.746635, -0.232853, -0.762568, 0.646158, 0.0311343, 0.173706, 0.158165, 0.972014)
    Head.CFrame = CFrame.new(9.35979e-08, 2.98023e-07, 1.19209e-07, 0.802294, -0.596907, 0.00508435, 0.555259, 0.743134, -0.373414, 0.219116, 0.302411, 0.927651)
    Left Leg.CFrame = CFrame.new(-0.826692, 0.308182, -0.309462, 0.909965, 0.0983618, -0.402852, -0.204283, 0.951736, -0.229057, 0.360878, 0.290729, 0.88614)
    Right Arm.CFrame = CFrame.new(-0.030112, -0.487878, 0.0043925, 0.574095, -0.578561, -0.579381, 0.816808, 0.45387, 0.356128, 0.0569216, -0.677694, 0.733138)
    Right Leg.CFrame = CFrame.new(0.710369, -0.552513, -0.172915, 0.584451, 0.785749, 0.202521, -0.670943, 0.608335, -0.423986, -0.456347, 0.111919, 0.882735)
    Left Arm.CFrame = CFrame.new(0.131668, -0.261517, 0.145508, 0.970376, -0.238407, -0.0391512, 0.240539, 0.938164, 0.248978, -0.022628, -0.25102, 0.967717)

[18]
    Time: 0.566667
    HumanoidRootPart.CFrame = CFrame.new(0, 0, 0, 1, 0, 0, 0, 1, 0, 0, 0, 1)
    Torso.CFrame = CFrame.new(-3.78381, 7.15256e-07, -0.400229, 0.623141, 0.746627, -0.232904, -0.762568, 0.646158, 0.0311343, 0.173738, 0.158204, 0.972001)
    Head.CFrame = CFrame.new(-2.19094e-07, 0, 2.38419e-07, 0.802234, -0.59699, 0.00479022, 0.555167, 0.743032, -0.373755, 0.219569, 0.302498, 0.927515)
    Left Leg.CFrame = CFrame.new(-0.826766, 0.308406, -0.309439, 0.909978, 0.0982551, -0.402847, -0.204168, 0.951762, -0.229051, 0.360909, 0.29068, 0.886143)
    Right Arm.CFrame = CFrame.new(-0.0301958, -0.48786, 0.00432062, 0.574008, -0.578613, -0.579415, 0.816874, 0.453747, 0.356132, 0.0568455, -0.677732, 0.733108)
    Right Leg.CFrame = CFrame.new(0.710528, -0.552521, -0.173026, 0.584356, 0.7858, 0.202599, -0.670949, 0.60828, -0.424056, -0.45646, 0.111866, 0.882683)
    Left Arm.CFrame = CFrame.new(0.1317, -0.261585, 0.145532, 0.970352, -0.238501, -0.0391803, 0.240634, 0.938118, 0.249057, -0.0226445, -0.251101, 0.967696)

[19]
    Time: 0.600000
    HumanoidRootPart.CFrame = CFrame.new(0, 0, 0, 1, 0, 0, 0, 1, 0, 0, 0, 1)
    Torso.CFrame = CFrame.new(-3.78281, 3.57628e-07, -0.399229, 0.623639, 0.74708, -0.230101, -0.762568, 0.646158, 0.0311343, 0.171942, 0.156051, 0.972669)
    Head.CFrame = CFrame.new(6.83358e-08, 1.63913e-07, -1.49012e-07, 0.801868, -0.597494, 0.00300826, 0.554602, 0.742413, -0.375818, 0.222316, 0.303025, 0.926688)
    Left Leg.CFrame = CFrame.new(-0.828526, 0.308065, -0.310662, 0.910612, 0.0948799, -0.402223, -0.199977, 0.952914, -0.227956, 0.361655, 0.288015, 0.886709)
    Right Arm.CFrame = CFrame.new(-0.0301965, -0.487859, 0.0043202, 0.574008, -0.578613, -0.579415, 0.816874, 0.453747, 0.356132, 0.0568455, -0.677732, 0.733108)
    Right Leg.CFrame = CFrame.new(0.706576, -0.554985, -0.173652, 0.583905, 0.786284, 0.202022, -0.670029, 0.607269, -0.426948, -0.458384, 0.113937, 0.881421)
    Left Arm.CFrame = CFrame.new(0.13156, -0.261235, 0.145428, 0.970423, -0.238224, -0.0390943, 0.240351, 0.938253, 0.248824, -0.0225955, -0.250861, 0.967759)

[20]
    Time: 0.633333
    HumanoidRootPart.CFrame = CFrame.new(0, 0, 0, 1, 0, 0, 0, 1, 0, 0, 0, 1)
    Torso.CFrame = CFrame.new(-3.77581, 4.76837e-07, -0.392231, 0.625153, 0.748446, -0.221387, -0.762568, 0.646158, 0.0311343, 0.166354, 0.149359, 0.974689)
    Head.CFrame = CFrame.new(-1.64495e-07, -2.08616e-07, 1.19209e-07, 0.800712, -0.599044, -0.00244866, 0.552833, 0.740506, -0.382134, 0.230728, 0.304626, 0.924104)
    Left Leg.CFrame = CFrame.new(-0.832066, 0.302398, -0.314656, 0.912131, 0.0872492, -0.400505, -0.190151, 0.955654, -0.224872, 0.363124, 0.281269, 0.888273)
    Right Arm.CFrame = CFrame.new(-0.0301961, -0.487859, 0.00432026, 0.574008, -0.578613, -0.579415, 0.816874, 0.453747, 0.356132, 0.0568455, -0.677732, 0.733108)
    Right Leg.CFrame = CFrame.new(0.694266, -0.560265, -0.171678, 0.584951, 0.786604, 0.197702, -0.668701, 0.60567, -0.431281, -0.45899, 0.120075, 0.88029)
    Left Arm.CFrame = CFrame.new(0.129463, -0.255976, 0.143866, 0.971484, -0.234069, -0.0378123, 0.236092, 0.940253, 0.245326, -0.0218701, -0.247258, 0.968703)

[21]
    Time: 0.666667
    HumanoidRootPart.CFrame = CFrame.new(0, 0, 0, 1, 0, 0, 0, 1, 0, 0, 0, 1)
    Torso.CFrame = CFrame.new(-3.75682, 4.76837e-07, -0.373235, 0.627652, 0.750667, -0.206282, -0.762568, 0.646158, 0.0311343, 0.156662, 0.137763, 0.977997)
    Head.CFrame = CFrame.new(-5.96046e-08, -1.49012e-07, -2.98023e-07, 0.798599, -0.601747, -0.0118504, 0.54964, 0.737185, -0.393006, 0.245226, 0.30734, 0.91946)
    Left Leg.CFrame = CFrame.new(-0.834252, 0.284301, -0.321596, 0.91398, 0.0792471, -0.397946, -0.178965, 0.958925, -0.220076, 0.364159, 0.272364, 0.890621)
    Right Arm.CFrame = CFrame.new(-0.0301959, -0.48786, 0.00432038, 0.574008, -0.578613, -0.579415, 0.816874, 0.453747, 0.356132, 0.0568455, -0.677732, 0.733108)
    Right Leg.CFrame = CFrame.new(0.672623, -0.565052, -0.161624, 0.591039, 0.784903, 0.186009, -0.668968, 0.605803, -0.43068, -0.450727, 0.130114, 0.883128)
    Left Arm.CFrame = CFrame.new(0.120366, -0.233149, 0.137089, 0.975866, -0.215948, -0.0324355, 0.217549, 0.948549, 0.230061, -0.0189144, -0.231565, 0.972636)

[22]
    Time: 0.700000
    HumanoidRootPart.CFrame = CFrame.new(0, 0, 0, 1, 0, 0, 0, 1, 0, 0, 0, 1)
    Torso.CFrame = CFrame.new(-3.71983, 7.15256e-07, -0.336244, 0.63101, 0.753571, -0.184275, -0.762568, 0.646158, 0.0311343, 0.142533, 0.120876, 0.982381)
    Head.CFrame = CFrame.new(-1.08033e-07, 2.08616e-07, 2.68221e-07, 0.795272, -0.60572, -0.0254178, 0.544705, 0.732313, -0.408673, 0.266155, 0.311161, 0.912327)
    Left Leg.CFrame = CFrame.new(-0.829905, 0.246134, -0.33068, 0.915659, 0.0755233, -0.394797, -0.171511, 0.961699, -0.213819, 0.363527, 0.263497, 0.893542)
    Right Arm.CFrame = CFrame.new(-0.0301957, -0.487859, 0.00432092, 0.574008, -0.578613, -0.579415, 0.816874, 0.453747, 0.356132, 0.0568455, -0.677732, 0.733108)
    Right Leg.CFrame = CFrame.new(0.639602, -0.565709, -0.139239, 0.605445, 0.778771, 0.164173, -0.67171, 0.610635, -0.41944, -0.426898, 0.143671, 0.892814)
    Left Arm.CFrame = CFrame.new(0.0957925, -0.171387, 0.118788, 0.985874, -0.166357, -0.0194313, 0.167021, 0.967831, 0.18817, -0.0124971, -0.188757, 0.981944)

[23]
    Time: 0.733333
    HumanoidRootPart.CFrame = CFrame.new(0, 0, 0, 1, 0, 0, 0, 1, 0, 0, 0, 1)
    Torso.CFrame = CFrame.new(-3.08144, 4.76837e-07, -0.142512, 0.633557, 0.755692, -0.165937, -0.762568, 0.646158, 0.0311343, 0.130749, 0.106813, 0.985645)
    Head.CFrame = CFrame.new(1.62516e-07, 3.57628e-07, -1.19209e-07, 0.804273, -0.594065, 0.0152504, 0.558349, 0.746636, -0.361636, 0.203449, 0.299369, 0.932195)
    Left Leg.CFrame = CFrame.new(-0.574924, -0.0842281, -0.296352, 0.859803, 0.311219, -0.404823, -0.425892, 0.874445, -0.232297, 0.2817, 0.372141, 0.884396)
    Right Arm.CFrame = CFrame.new(0.0779005, -0.511451, 0.0968788, 0.679761, -0.501604, -0.535086, 0.717826, 0.60471, 0.345039, 0.150499, -0.618643, 0.771123)
    Right Leg.CFrame = CFrame.new(0.437723, -0.508657, -0.0484628, 0.717917, 0.685955, 0.118578, -0.615447, 0.705033, -0.352355, -0.325301, 0.179983, 0.928324)
    Left Arm.CFrame = CFrame.new(0.0905271, -0.172914, 0.114265, 0.993481, -0.113702, -0.00822868, 0.113701, 0.983095, 0.143516, -0.00822853, -0.143516, 0.989614)

[24]
    Time: 0.766667
    HumanoidRootPart.CFrame = CFrame.new(0, 0, 0, 1, 0, 0, 0, 1, 0, 0, 0, 1)
    Torso.CFrame = CFrame.new(-3.18622, 2.38419e-07, -0.275944, 0.628531, 0.751437, -0.200726, -0.762568, 0.646158, 0.0311343, 0.153096, 0.133498, 0.979153)
    Head.CFrame = CFrame.new(6.1933e-08, 2.68221e-07, -1.19209e-07, 0.803818, -0.594737, 0.0128314, 0.557633, 0.745808, -0.36444, 0.207176, 0.300098, 0.931139)
    Left Leg.CFrame = CFrame.new(-0.756247, 0.152678, -0.317364, 0.897358, 0.176168, -0.404615, -0.286896, 0.929556, -0.231553, 0.33532, 0.323869, 0.884686)
    Right Arm.CFrame = CFrame.new(0.0221904, -0.499456, 0.0491833, 0.62678, -0.544043, -0.557821, 0.772308, 0.528738, 0.352104, 0.103381, -0.651501, 0.751571)
    Right Leg.CFrame = CFrame.new(0.598787, -0.541246, -0.109501, 0.644858, 0.747774, 0.15809, -0.657243, 0.648114, -0.384682, -0.390115, 0.144162, 0.909411)
    Left Arm.CFrame = CFrame.new(0.111925, -0.219176, 0.130508, 0.983568, -0.179126, -0.0225463, 0.180002, 0.963333, 0.198971, -0.0139214, -0.19976, 0.979746)

[25]
    Time: 0.800000
    HumanoidRootPart.CFrame = CFrame.new(0, 0, 0, 1, 0, 0, 0, 1, 0, 0, 0, 1)
    Torso.CFrame = CFrame.new(-3.24384, 2.38419e-07, -0.349322, 0.625431, 0.748695, -0.219754, -0.762568, 0.646158, 0.0311343, 0.165306, 0.148105, 0.975058)
    Head.CFrame = CFrame.new(-8.801e-08, 2.98023e-08, -1.49012e-07, 0.803296, -0.595494, 0.0101195, 0.556816, 0.744875, -0.367582, 0.211355, 0.300912, 0.929936)
    Left Leg.CFrame = CFrame.new(-0.804188, 0.248698, -0.31441, 0.905956, 0.127268, -0.40379, -0.235298, 0.94424, -0.230315, 0.351963, 0.303666, 0.885386)
    Right Arm.CFrame = CFrame.new(-0.00867786, -0.492653, 0.0227491, 0.595983, -0.565059, -0.570538, 0.799376, 0.484899, 0.354784, 0.07618, -0.667519, 0.740685)
    Right Leg.CFrame = CFrame.new(0.667902, -0.549392, -0.145687, 0.608825, 0.771822, 0.183366, -0.667789, 0.623393, -0.406742, -0.428241, 0.125185, 0.894951)
    Left Arm.CFrame = CFrame.new(0.123622, -0.244292, 0.139394, 0.976221, -0.214404, -0.0319933, 0.215972, 0.949224, 0.228759, -0.0186781, -0.230229, 0.972957)

[26]
    Time: 0.833333
    HumanoidRootPart.CFrame = CFrame.new(0, 0, 0, 1, 0, 0, 0, 1, 0, 0, 0, 1)
    Torso.CFrame = CFrame.new(-3.27116, 3.57628e-07, -0.384122, 0.623878, 0.747296, -0.228748, -0.762568, 0.646158, 0.0311343, 0.171074, 0.155012, 0.972988)
    Head.CFrame = CFrame.new(3.11993e-08, -1.49012e-08, -2.08616e-07, 0.802826, -0.596164, 0.00772824, 0.556083, 0.74405, -0.370352, 0.21504, 0.301626, 0.928859)
    Left Leg.CFrame = CFrame.new(-0.820418, 0.290044, -0.311219, 0.908834, 0.107077, -0.403182, -0.213683, 0.949565, -0.229489, 0.358274, 0.294721, 0.885878)
    Right Arm.CFrame = CFrame.new(-0.0233783, -0.489382, 0.0101596, 0.581012, -0.574417, -0.576603, 0.811453, 0.463665, 0.355751, 0.0630011, -0.674582, 0.735507)
    Right Leg.CFrame = CFrame.new(0.697469, -0.551726, -0.164149, 0.592079, 0.781593, 0.196355, -0.670309, 0.612889, -0.418393, -0.447357, 0.116103, 0.886788)
    Left Arm.CFrame = CFrame.new(0.129147, -0.256125, 0.143592, 0.972276, -0.230913, -0.0368512, 0.23286, 0.941747, 0.24267, -0.021331, -0.244523, 0.969409)

[27]
    Time: 0.866667
    HumanoidRootPart.CFrame = CFrame.new(0, 0, 0, 1, 0, 0, 0, 1, 0, 0, 0, 1)
    Torso.CFrame = CFrame.new(-3.28131, 2.38419e-07, -0.397047, 0.623287, 0.74676, -0.232083, -0.762568, 0.646158, 0.0311343, 0.173212, 0.157574, 0.972198)
    Head.CFrame = CFrame.new(-9.91859e-08, -3.12924e-07, -5.96046e-08, 0.802483, -0.596645, 0.00601499, 0.555551, 0.743457, -0.372337, 0.217681, 0.302135, 0.928078)
    Left Leg.CFrame = CFrame.new(-0.825566, 0.304813, -0.309804, 0.90976, 0.0999738, -0.402916, -0.206025, 0.95134, -0.22914, 0.360402, 0.291474, 0.886089)
    Right Arm.CFrame = CFrame.new(-0.0288488, -0.488161, 0.00547391, 0.575395, -0.577791, -0.57886, 0.815812, 0.45571, 0.35606, 0.0580641, -0.677116, 0.733582)
    Right Leg.CFrame = CFrame.new(0.707983, -0.552377, -0.171256, 0.58588, 0.784985, 0.201353, -0.67085, 0.609176, -0.422924, -0.454649, 0.112704, 0.883511)
    Left Arm.CFrame = CFrame.new(0.131196, -0.260508, 0.145149, 0.970737, -0.237005, -0.0387161, 0.239101, 0.938843, 0.247798, -0.0223809, -0.249803, 0.968038)

[28]
    Time: 0.900000
    HumanoidRootPart.CFrame = CFrame.new(0, 0, 0, 1, 0, 0, 0, 1, 0, 0, 0, 1)
    Torso.CFrame = CFrame.new(-3.28366, 5.96046e-07, -0.40003, 0.62315, 0.746635, -0.232853, -0.762568, 0.646158, 0.0311343, 0.173706, 0.158165, 0.972014)
    Head.CFrame = CFrame.new(-1.46916e-07, 4.47035e-08, -1.78814e-07, 0.802294, -0.596907, 0.00508435, 0.555259, 0.743134, -0.373414, 0.219116, 0.302411, 0.927651)
    Left Leg.CFrame = CFrame.new(-0.826692, 0.308182, -0.309462, 0.909965, 0.098362, -0.402852, -0.204283, 0.951736, -0.229057, 0.360878, 0.290729, 0.88614)
    Right Arm.CFrame = CFrame.new(-0.0301124, -0.487879, 0.00439209, 0.574095, -0.578561, -0.579381, 0.816808, 0.45387, 0.356128, 0.0569216, -0.677694, 0.733138)
    Right Leg.CFrame = CFrame.new(0.710369, -0.552513, -0.172916, 0.584451, 0.785749, 0.202521, -0.670943, 0.608335, -0.423986, -0.456347, 0.111919, 0.882735)
    Left Arm.CFrame = CFrame.new(0.131668, -0.261518, 0.145508, 0.970376, -0.238407, -0.0391512, 0.240539, 0.938164, 0.248978, -0.022628, -0.25102, 0.967717)

[29]
    Time: 0.933333
    HumanoidRootPart.CFrame = CFrame.new(0, 0, 0, 1, 0, 0, 0, 1, 0, 0, 0, 1)
    Torso.CFrame = CFrame.new(-3.28381, 4.76837e-07, -0.400229, 0.623141, 0.746627, -0.232904, -0.762568, 0.646158, 0.0311343, 0.173738, 0.158204, 0.972001)
    Head.CFrame = CFrame.new(2.37487e-08, 0, 5.06639e-07, 0.802234, -0.59699, 0.00479022, 0.555167, 0.743032, -0.373755, 0.219569, 0.302498, 0.927515)
    Left Leg.CFrame = CFrame.new(-0.826766, 0.308406, -0.309439, 0.909978, 0.0982551, -0.402847, -0.204168, 0.951762, -0.229051, 0.36091, 0.29068, 0.886143)
    Right Arm.CFrame = CFrame.new(-0.0301968, -0.48786, 0.00431991, 0.574008, -0.578613, -0.579415, 0.816874, 0.453747, 0.356132, 0.0568455, -0.677732, 0.733108)
    Right Leg.CFrame = CFrame.new(0.710527, -0.552521, -0.173026, 0.584356, 0.7858, 0.202599, -0.670948, 0.60828, -0.424057, -0.456461, 0.111867, 0.882683)
    Left Arm.CFrame = CFrame.new(0.1317, -0.261585, 0.145532, 0.970352, -0.238501, -0.0391803, 0.240634, 0.938118, 0.249057, -0.0226445, -0.251101, 0.967696)

[30]
    Time: 0.966667
    HumanoidRootPart.CFrame = CFrame.new(0, 0, 0, 1, 0, 0, 0, 1, 0, 0, 0, 1)
    Torso.CFrame = CFrame.new(-3.28281, 2.38419e-07, -0.399229, 0.623639, 0.74708, -0.230101, -0.762568, 0.646158, 0.0311343, 0.171942, 0.156051, 0.972669)
    Head.CFrame = CFrame.new(4.72646e-08, 1.04308e-07, -1.78814e-07, 0.801868, -0.597494, 0.00300825, 0.554602, 0.742413, -0.375818, 0.222316, 0.303025, 0.926688)
    Left Leg.CFrame = CFrame.new(-0.828526, 0.308065, -0.310662, 0.910612, 0.0948799, -0.402223, -0.199977, 0.952914, -0.227956, 0.361655, 0.288015, 0.886709)
    Right Arm.CFrame = CFrame.new(-0.0301967, -0.487859, 0.00432003, 0.574008, -0.578613, -0.579415, 0.816874, 0.453747, 0.356132, 0.0568455, -0.677732, 0.733108)
    Right Leg.CFrame = CFrame.new(0.706576, -0.554985, -0.173652, 0.583905, 0.786284, 0.202022, -0.670029, 0.607269, -0.426948, -0.458384, 0.113937, 0.881421)
    Left Arm.CFrame = CFrame.new(0.13156, -0.261235, 0.145428, 0.970423, -0.238224, -0.0390943, 0.240351, 0.938253, 0.248824, -0.0225955, -0.250861, 0.967759)

[31]
    Time: 1.000000
    HumanoidRootPart.CFrame = CFrame.new(0, 0, 0, 1, 0, 0, 0, 1, 0, 0, 0, 1)
    Torso.CFrame = CFrame.new(-3.27581, 3.57628e-07, -0.392231, 0.625153, 0.748446, -0.221387, -0.762568, 0.646158, 0.0311343, 0.166354, 0.149359, 0.974689)
    Head.CFrame = CFrame.new(-1.22469e-07, -1.63913e-07, 2.98023e-08, 0.800712, -0.599044, -0.00244868, 0.552833, 0.740506, -0.382134, 0.230728, 0.304626, 0.924104)
    Left Leg.CFrame = CFrame.new(-0.832067, 0.302398, -0.314656, 0.912131, 0.0872493, -0.400505, -0.190151, 0.955654, -0.224872, 0.363124, 0.281269, 0.888273)
    Right Arm.CFrame = CFrame.new(-0.0301963, -0.487859, 0.00431985, 0.574008, -0.578613, -0.579415, 0.816874, 0.453747, 0.356132, 0.0568455, -0.677732, 0.733108)
    Right Leg.CFrame = CFrame.new(0.694267, -0.560265, -0.171679, 0.584951, 0.786604, 0.197702, -0.668701, 0.60567, -0.431281, -0.45899, 0.120075, 0.88029)
    Left Arm.CFrame = CFrame.new(0.129463, -0.255976, 0.143866, 0.971484, -0.234069, -0.0378123, 0.236092, 0.940253, 0.245326, -0.0218701, -0.247258, 0.968703)

[32]
    Time: 1.033333
    HumanoidRootPart.CFrame = CFrame.new(0, 0, 0, 1, 0, 0, 0, 1, 0, 0, 0, 1)
    Torso.CFrame = CFrame.new(-3.25682, 3.57628e-07, -0.373235, 0.627652, 0.750667, -0.206282, -0.762568, 0.646158, 0.0311343, 0.156662, 0.137763, 0.977997)
    Head.CFrame = CFrame.new(1.73692e-07, 1.93715e-07, -2.38419e-07, 0.798599, -0.601747, -0.0118505, 0.54964, 0.737185, -0.393006, 0.245226, 0.30734, 0.91946)
    Left Leg.CFrame = CFrame.new(-0.834252, 0.284302, -0.321596, 0.91398, 0.0792471, -0.397946, -0.178965, 0.958925, -0.220076, 0.364159, 0.272364, 0.890621)
    Right Arm.CFrame = CFrame.new(-0.0301966, -0.48786, 0.00431985, 0.574008, -0.578613, -0.579415, 0.816874, 0.453747, 0.356132, 0.0568455, -0.677732, 0.733108)
    Right Leg.CFrame = CFrame.new(0.672622, -0.565052, -0.161624, 0.591039, 0.784903, 0.186009, -0.668968, 0.605803, -0.43068, -0.450727, 0.130114, 0.883128)
    Left Arm.CFrame = CFrame.new(0.120366, -0.233149, 0.137089, 0.975866, -0.215948, -0.0324355, 0.217549, 0.948549, 0.230061, -0.0189144, -0.231565, 0.972636)

[33]
    Time: 1.066667
    HumanoidRootPart.CFrame = CFrame.new(0, 0, 0, 1, 0, 0, 0, 1, 0, 0, 0, 1)
    Torso.CFrame = CFrame.new(-3.21983, 5.96046e-07, -0.336244, 0.63101, 0.753571, -0.184275, -0.762568, 0.646158, 0.0311343, 0.142533, 0.120876, 0.982381)
    Head.CFrame = CFrame.new(-2.27243e-07, 2.08616e-07, 5.06639e-07, 0.795272, -0.60572, -0.0254178, 0.544705, 0.732313, -0.408673, 0.266155, 0.311161, 0.912327)
    Left Leg.CFrame = CFrame.new(-0.829905, 0.246134, -0.33068, 0.915659, 0.0755233, -0.394797, -0.171511, 0.961699, -0.213819, 0.363527, 0.263497, 0.893542)
    Right Arm.CFrame = CFrame.new(-0.0301967, -0.487859, 0.00432032, 0.574008, -0.578613, -0.579415, 0.816874, 0.453747, 0.356132, 0.0568455, -0.677732, 0.733108)
    Right Leg.CFrame = CFrame.new(0.639603, -0.565709, -0.13924, 0.605445, 0.778771, 0.164174, -0.67171, 0.610635, -0.419441, -0.426898, 0.143671, 0.892814)
    Left Arm.CFrame = CFrame.new(0.0957924, -0.171387, 0.118788, 0.985874, -0.166357, -0.0194313, 0.167021, 0.967831, 0.18817, -0.0124971, -0.188757, 0.981944)

[34]
    Time: 1.100000
    HumanoidRootPart.CFrame = CFrame.new(0, 0, 0, 1, 0, 0, 0, 1, 0, 0, 0, 1)
    Torso.CFrame = CFrame.new(-2.58144, 4.76837e-07, -0.142512, 0.633557, 0.755692, -0.165937, -0.762568, 0.646158, 0.0311343, 0.130749, 0.106813, 0.985645)
    Head.CFrame = CFrame.new(2.82656e-07, 2.23517e-07, -5.96046e-08, 0.804273, -0.594065, 0.0152504, 0.558349, 0.746636, -0.361636, 0.203449, 0.299369, 0.932195)
    Left Leg.CFrame = CFrame.new(-0.574924, -0.0842287, -0.296352, 0.859803, 0.31122, -0.404823, -0.425893, 0.874445, -0.232297, 0.281699, 0.372141, 0.884396)
    Right Arm.CFrame = CFrame.new(0.0779006, -0.511451, 0.0968788, 0.679761, -0.501604, -0.535086, 0.717826, 0.60471, 0.345039, 0.150499, -0.618643, 0.771123)
    Right Leg.CFrame = CFrame.new(0.437723, -0.508657, -0.0484626, 0.717917, 0.685956, 0.118578, -0.615447, 0.705033, -0.352355, -0.325301, 0.179983, 0.928324)
    Left Arm.CFrame = CFrame.new(0.090527, -0.172914, 0.114265, 0.993481, -0.113702, -0.00822868, 0.113701, 0.983095, 0.143516, -0.00822853, -0.143516, 0.989614)

[35]
    Time: 1.133333
    HumanoidRootPart.CFrame = CFrame.new(0, 0, 0, 1, 0, 0, 0, 1, 0, 0, 0, 1)
    Torso.CFrame = CFrame.new(-2.68622, 3.57628e-07, -0.275944, 0.628531, 0.751437, -0.200726, -0.762568, 0.646158, 0.0311343, 0.153096, 0.133498, 0.979153)
    Head.CFrame = CFrame.new(5.86733e-08, 1.49012e-07, 1.19209e-07, 0.803818, -0.594737, 0.0128314, 0.557633, 0.745808, -0.36444, 0.207176, 0.300098, 0.931139)
    Left Leg.CFrame = CFrame.new(-0.756248, 0.152679, -0.317365, 0.897358, 0.176168, -0.404615, -0.286896, 0.929556, -0.231553, 0.33532, 0.323869, 0.884686)
    Right Arm.CFrame = CFrame.new(0.0221906, -0.499456, 0.0491832, 0.62678, -0.544043, -0.557821, 0.772308, 0.528738, 0.352104, 0.103381, -0.651501, 0.751571)
    Right Leg.CFrame = CFrame.new(0.598787, -0.541246, -0.109501, 0.644858, 0.747774, 0.15809, -0.657242, 0.648114, -0.384682, -0.390115, 0.144162, 0.90941)
    Left Arm.CFrame = CFrame.new(0.111925, -0.219176, 0.130508, 0.983568, -0.179126, -0.0225463, 0.180002, 0.963333, 0.198971, -0.0139214, -0.19976, 0.979746)

[36]
    Time: 1.166667
    HumanoidRootPart.CFrame = CFrame.new(0, 0, 0, 1, 0, 0, 0, 1, 0, 0, 0, 1)
    Torso.CFrame = CFrame.new(-2.74384, 2.38419e-07, -0.349322, 0.625431, 0.748695, -0.219754, -0.762568, 0.646158, 0.0311343, 0.165306, 0.148105, 0.975058)
    Head.CFrame = CFrame.new(-8.9407e-08, -1.93715e-07, -2.98023e-07, 0.803296, -0.595494, 0.0101195, 0.556816, 0.744875, -0.367582, 0.211355, 0.300912, 0.929936)
    Left Leg.CFrame = CFrame.new(-0.804188, 0.248697, -0.31441, 0.905956, 0.127268, -0.40379, -0.235298, 0.94424, -0.230315, 0.351963, 0.303666, 0.885386)
    Right Arm.CFrame = CFrame.new(-0.00867803, -0.492653, 0.0227489, 0.595983, -0.565059, -0.570538, 0.799376, 0.484899, 0.354784, 0.07618, -0.667519, 0.740685)
    Right Leg.CFrame = CFrame.new(0.667903, -0.549393, -0.145687, 0.608825, 0.771822, 0.183366, -0.667789, 0.623393, -0.406742, -0.428241, 0.125185, 0.894951)
    Left Arm.CFrame = CFrame.new(0.123622, -0.244292, 0.139393, 0.976221, -0.214404, -0.0319933, 0.215972, 0.949224, 0.228759, -0.0186781, -0.230229, 0.972957)

[37]
    Time: 1.200000
    HumanoidRootPart.CFrame = CFrame.new(0, 0, 0, 1, 0, 0, 0, 1, 0, 0, 0, 1)
    Torso.CFrame = CFrame.new(-2.77116, 3.57628e-07, -0.384122, 0.623878, 0.747296, -0.228748, -0.762568, 0.646158, 0.0311343, 0.171074, 0.155012, 0.972988)
    Head.CFrame = CFrame.new(-8.6613e-08, -1.49012e-08, -3.57628e-07, 0.802826, -0.596164, 0.00772824, 0.556083, 0.74405, -0.370352, 0.21504, 0.301626, 0.928859)
    Left Leg.CFrame = CFrame.new(-0.820417, 0.290044, -0.311219, 0.908834, 0.107077, -0.403182, -0.213683, 0.949565, -0.229489, 0.358274, 0.294721, 0.885878)
    Right Arm.CFrame = CFrame.new(-0.0233788, -0.489382, 0.0101594, 0.581012, -0.574417, -0.576603, 0.811453, 0.463665, 0.355751, 0.0630011, -0.674582, 0.735507)
    Right Leg.CFrame = CFrame.new(0.697469, -0.551727, -0.164148, 0.592079, 0.781593, 0.196355, -0.67031, 0.612889, -0.418392, -0.447356, 0.116103, 0.886788)
    Left Arm.CFrame = CFrame.new(0.129148, -0.256125, 0.143592, 0.972276, -0.230913, -0.0368512, 0.23286, 0.941747, 0.24267, -0.021331, -0.244523, 0.969409)

[38]
    Time: 1.233333
    HumanoidRootPart.CFrame = CFrame.new(0, 0, 0, 1, 0, 0, 0, 1, 0, 0, 0, 1)
    Torso.CFrame = CFrame.new(-2.78131, 3.57628e-07, -0.397047, 0.623287, 0.74676, -0.232083, -0.762568, 0.646158, 0.0311343, 0.173212, 0.157574, 0.972198)
    Head.CFrame = CFrame.new(1.16415e-08, -5.96046e-08, -2.98023e-08, 0.802483, -0.596645, 0.00601499, 0.555551, 0.743457, -0.372337, 0.217681, 0.302135, 0.928078)
    Left Leg.CFrame = CFrame.new(-0.825566, 0.304813, -0.309805, 0.90976, 0.099974, -0.402916, -0.206025, 0.95134, -0.22914, 0.360402, 0.291474, 0.886089)
    Right Arm.CFrame = CFrame.new(-0.0288488, -0.488161, 0.00547415, 0.575395, -0.577791, -0.57886, 0.815812, 0.45571, 0.35606, 0.0580641, -0.677116, 0.733582)
    Right Leg.CFrame = CFrame.new(0.707983, -0.552378, -0.171255, 0.58588, 0.784985, 0.201353, -0.67085, 0.609176, -0.422924, -0.454649, 0.112704, 0.883511)
