[1]
    Time: 0.000000
    HumanoidRootPart.CFrame = CFrame.new(0, 0, 0, 1, 0, 0, 0, 1, 0, 0, 0, 1)
    Torso.CFrame = CFrame.new(-0.12474, -0.0526756, -0.406015, 0.982704, 0.101874, 0.154642, -0.115653, 0.989827, 0.0828694, -0.144627, -0.0993209, 0.984489)
    Left Leg.CFrame = CFrame.new(-0.551399, 0.392009, -0.00982106, 0.815647, -0.540387, 0.206643, 0.334679, 0.732058, 0.593365, -0.471921, -0.414817, 0.777957)
    Right Arm.CFrame = CFrame.new(0.0420916, -0.0897217, 0.471832, 0.393465, 0.0533254, 0.917792, 0.409925, 0.883404, -0.227066, -0.822889, 0.465568, 0.325729)
    Left Arm.CFrame = CFrame.new(-0.0420917, -0.0897217, 0.471832, 0.393465, -0.0533254, -0.917792, -0.409925, 0.883404, -0.227066, 0.822889, 0.465568, 0.325729)
    Right Leg.CFrame = CFrame.new(0.675467, 0.106191, -0.0443581, 0.896355, 0.436711, 0.0763669, -0.433986, 0.899525, -0.0501064, -0.0905759, 0.0117709, 0.99582)
    Head.CFrame = CFrame.new(1.27591e-07, -2.16532e-08, 4.76837e-07, 0.978576, -0.0839838, -0.187976, 0.0432228, 0.976474, -0.211257, 0.201296, 0.198606, 0.959185)

[2]
    Time: 0.033333
    HumanoidRootPart.CFrame = CFrame.new(0, 0, 0, 1, 0, 0, 0, 1, 0, 0, 0, 1)
    Torso.CFrame = CFrame.new(-0.137338, -0.0526756, -0.4475, 0.974363, 0.131885, 0.182271, -0.146384, 0.986856, 0.0684677, -0.170845, -0.093394, 0.980862)
    Left Leg.CFrame = CFrame.new(-0.553625, 0.444323, -0.021256, 0.793838, -0.558138, 0.24146, 0.299016, 0.703982, 0.644204, -0.529538, -0.439193, 0.72574)
    Right Arm.CFrame = CFrame.new(0.0438058, -0.0941558, 0.474928, 0.394544, 0.0540167, 0.917288, 0.411898, 0.881959, -0.229102, -0.821386, 0.46822, 0.325723)
    Left Arm.CFrame = CFrame.new(-0.0438058, -0.094156, 0.474928, 0.394544, -0.0540167, -0.917288, -0.411898, 0.881959, -0.229102, 0.821386, 0.46822, 0.325722)
    Right Leg.CFrame = CFrame.new(0.710365, 0.119547, -0.0621299, 0.898721, 0.424119, 0.111465, -0.414328, 0.90451, -0.100968, -0.143643, 0.0445594, 0.988626)
    Head.CFrame = CFrame.new(9.42964e-08, 2.79397e-09, -1.19209e-07, 0.967642, -0.123521, -0.220027, 0.0709923, 0.970037, -0.232356, 0.242136, 0.209217, 0.947417)

[3]
    Time: 0.066667
    HumanoidRootPart.CFrame = CFrame.new(0, 0, 0, 1, 0, 0, 0, 1, 0, 0, 0, 1)
    Torso.CFrame = CFrame.new(-0.143861, -0.0526757, -0.460865, 0.966564, 0.159068, 0.201124, -0.170223, 0.984621, 0.039326, -0.191775, -0.0722469, 0.978776)
    Left Leg.CFrame = CFrame.new(-0.534635, 0.488743, -0.0336088, 0.790668, -0.545602, 0.277783, 0.248098, 0.700314, 0.669333, -0.559725, -0.460303, 0.689079)
    Right Arm.CFrame = CFrame.new(0.0480927, -0.105237, 0.48267, 0.397247, 0.0557292, 0.916018, 0.416806, 0.878309, -0.23419, -0.817598, 0.474834, 0.325678)
    Left Arm.CFrame = CFrame.new(-0.0480928, -0.105237, 0.482669, 0.397247, -0.0557293, -0.916018, -0.416806, 0.878309, -0.234191, 0.817598, 0.474834, 0.325678)
    Right Leg.CFrame = CFrame.new(0.716037, 0.139168, -0.0739089, 0.913898, 0.38069, 0.140946, -0.363165, 0.921869, -0.135162, -0.181389, 0.072338, 0.980747)
    Head.CFrame = CFrame.new(9.22009e-08, -2.6077e-08, -1.78814e-07, 0.956728, -0.156336, -0.245418, 0.0976792, 0.967021, -0.235222, 0.274098, 0.201071, 0.940447)

[4]
    Time: 0.100000
    HumanoidRootPart.CFrame = CFrame.new(0, 0, 0, 1, 0, 0, 0, 1, 0, 0, 0, 1)
    Torso.CFrame = CFrame.new(-0.146308, -0.0526757, -0.466444, 0.960845, 0.179791, 0.210837, -0.184571, 0.982814, 0.0030497, -0.206665, -0.0418447, 0.977517)
    Left Leg.CFrame = CFrame.new(-0.514004, 0.529837, -0.047772, 0.79763, -0.516415, 0.311611, 0.195687, 0.710267, 0.676185, -0.57052, -0.478368, 0.667587)
    Right Arm.CFrame = CFrame.new(0.0536692, -0.119635, 0.492738, 0.400772, 0.0579216, 0.914345, 0.423133, 0.873484, -0.240799, -0.812613, 0.483395, 0.32556)
    Left Arm.CFrame = CFrame.new(-0.0536693, -0.119635, 0.492738, 0.400772, -0.0579215, -0.914345, -0.423133, 0.873484, -0.240799, 0.812613, 0.483396, 0.32556)
    Right Leg.CFrame = CFrame.new(0.709452, 0.168048, -0.0785971, 0.932058, 0.32422, 0.161708, -0.301032, 0.94137, -0.15232, -0.201612, 0.0932917, 0.975012)
    Head.CFrame = CFrame.new(1.36904e-07, 1.86265e-08, -1.78814e-07, 0.947875, -0.179719, -0.263123, 0.119794, 0.966175, -0.228373, 0.295266, 0.184949, 0.937343)

[5]
    Time: 0.133333
    HumanoidRootPart.CFrame = CFrame.new(0, 0, 0, 1, 0, 0, 0, 1, 0, 0, 0, 1)
    Torso.CFrame = CFrame.new(-0.14668, -0.0495591, -0.453012, 0.958674, 0.190028, 0.211737, -0.187325, 0.981745, -0.0329446, -0.214132, -0.00808061, 0.976771)
    Left Leg.CFrame = CFrame.new(-0.48584, 0.554932, -0.058925, 0.816646, -0.469214, 0.336048, 0.146677, 0.731882, 0.665458, -0.55819, -0.494153, 0.666511)
    Right Arm.CFrame = CFrame.new(0.0592496, -0.134023, 0.50281, 0.40431, 0.0600752, 0.912647, 0.429398, 0.868568, -0.2474, -0.807559, 0.491916, 0.325374)
    Left Arm.CFrame = CFrame.new(-0.0592495, -0.134023, 0.50281, 0.40431, -0.0600752, -0.912647, -0.429399, 0.868568, -0.247401, 0.807558, 0.491916, 0.325374)
    Right Leg.CFrame = CFrame.new(0.684976, 0.188398, -0.0760409, 0.950446, 0.260039, 0.170386, -0.234706, 0.959587, -0.155263, -0.203874, 0.107579, 0.973068)
    Head.CFrame = CFrame.new(7.17118e-08, -4.65661e-09, -1.78814e-07, 0.943214, -0.19134, -0.271545, 0.132977, 0.966578, -0.219187, 0.304409, 0.170631, 0.937134)

[6]
    Time: 0.166667
    HumanoidRootPart.CFrame = CFrame.new(0, 0, 0, 1, 0, 0, 0, 1, 0, 0, 0, 1)
    Torso.CFrame = CFrame.new(-0.142694, -0.0417679, -0.414699, 0.960524, 0.189226, 0.203931, -0.180157, 0.981661, -0.0623283, -0.211986, 0.0231281, 0.976999)
    Left Leg.CFrame = CFrame.new(-0.449294, 0.553383, -0.0602176, 0.8451, -0.407452, 0.346105, 0.106774, 0.762996, 0.637523, -0.523838, -0.501816, 0.688313)
    Right Arm.CFrame = CFrame.new(0.0635448, -0.145085, 0.510561, 0.407038, 0.0617053, 0.911325, 0.434175, 0.864725, -0.252472, -0.803624, 0.49844, 0.325185)
    Left Arm.CFrame = CFrame.new(-0.0635448, -0.145085, 0.510561, 0.407038, -0.0617053, -0.911325, -0.434175, 0.864725, -0.252472, 0.803624, 0.498441, 0.325185)
    Right Leg.CFrame = CFrame.new(0.641523, 0.190452, -0.0686592, 0.966945, 0.193579, 0.165966, -0.170552, 0.974859, -0.143391, -0.189551, 0.110345, 0.975651)
    Head.CFrame = CFrame.new(5.96046e-08, 3.72529e-09, -1.78814e-07, 0.943951, -0.189628, -0.270181, 0.136511, 0.969509, -0.203514, 0.300535, 0.155224, 0.941055)

[7]
    Time: 0.200000
    HumanoidRootPart.CFrame = CFrame.new(0, 0, 0, 1, 0, 0, 0, 1, 0, 0, 0, 1)
    Torso.CFrame = CFrame.new(-0.131502, -0.0316392, -0.34503, 0.965492, 0.179847, 0.188359, -0.167193, 0.982577, -0.0811764, -0.199677, 0.0468829, 0.97874)
    Left Leg.CFrame = CFrame.new(-0.397744, 0.514265, -0.0477864, 0.878901, -0.33486, 0.339709, 0.0760813, 0.801464, 0.593184, -0.470898, -0.495504, 0.729884)
    Right Arm.CFrame = CFrame.new(0.0652635, -0.149508, 0.513662, 0.408131, 0.0623508, 0.910791, 0.436075, 0.863173, -0.254499, -0.802039, 0.501043, 0.325099)
    Left Arm.CFrame = CFrame.new(-0.0652636, -0.149508, 0.513662, 0.408132, -0.0623508, -0.910791, -0.436076, 0.863173, -0.254499, 0.802039, 0.501043, 0.325099)
    Right Leg.CFrame = CFrame.new(0.571717, 0.165123, -0.0586076, 0.980581, 0.125715, 0.150521, -0.108576, 0.987161, -0.11715, -0.163316, 0.0985317, 0.981641)
    Head.CFrame = CFrame.new(2.23517e-08, 4.74975e-08, -5.96046e-08, 0.949494, -0.175802, -0.259914, 0.132627, 0.975535, -0.175335, 0.284379, 0.132007, 0.94958)

[8]
    Time: 0.233333
    HumanoidRootPart.CFrame = CFrame.new(0, 0, 0, 1, 0, 0, 0, 1, 0, 0, 0, 1)
    Torso.CFrame = CFrame.new(-0.114248, -0.0215105, -0.24502, 0.972532, 0.16249, 0.166669, -0.149843, 0.984969, -0.085919, -0.178125, 0.0585848, 0.982262)
    Left Leg.CFrame = CFrame.new(-0.317092, 0.43259, -0.0298744, 0.914925, -0.251671, 0.315553, 0.0466701, 0.84252, 0.536639, -0.400916, -0.476258, 0.782588)
    Right Arm.CFrame = CFrame.new(0.0645739, -0.143782, 0.508675, 0.40811, 0.061665, 0.910848, 0.430704, 0.866697, -0.251655, -0.804948, 0.495008, 0.327149)
    Left Arm.CFrame = CFrame.new(-0.064574, -0.143783, 0.508675, 0.40811, -0.0616651, -0.910848, -0.430704, 0.866697, -0.251655, 0.804947, 0.495009, 0.327149)
    Right Leg.CFrame = CFrame.new(0.456054, 0.108202, -0.0435765, 0.990635, 0.0531207, 0.125776, -0.0432179, 0.995842, -0.080195, -0.129513, 0.0740082, 0.988812)
    Head.CFrame = CFrame.new(1.49012e-08, -1.76951e-08, 2.38419e-07, 0.958497, -0.152341, -0.240989, 0.121044, 0.982752, -0.139811, 0.258132, 0.104838, 0.960405)

[9]
    Time: 0.266667
    HumanoidRootPart.CFrame = CFrame.new(0, 0, 0, 1, 0, 0, 0, 1, 0, 0, 0, 1)
    Torso.CFrame = CFrame.new(-0.0920787, -0.0137192, -0.145137, 0.980455, 0.137909, 0.14032, -0.129262, 0.989206, -0.0690203, -0.148323, 0.0495332, 0.987698)
    Left Leg.CFrame = CFrame.new(-0.208061, 0.328557, -0.0202954, 0.945325, -0.175469, 0.274902, 0.0242623, 0.878425, 0.477264, -0.325226, -0.4445, 0.834654)
    Right Arm.CFrame = CFrame.new(0.0627957, -0.128997, 0.495825, 0.408074, 0.0598947, 0.910982, 0.416753, 0.87559, -0.244252, -0.812276, 0.479327, 0.332345)
    Left Arm.CFrame = CFrame.new(-0.0627956, -0.128997, 0.495825, 0.408074, -0.0598946, -0.910982, -0.416753, 0.87559, -0.244252, 0.812276, 0.479327, 0.332345)
    Right Leg.CFrame = CFrame.new(0.285339, 0.0438726, -0.0229505, 0.995487, -0.013408, 0.0939429, 0.0166315, 0.999296, -0.033615, -0.0934261, 0.0350258, 0.99501)
    Head.CFrame = CFrame.new(1.09896e-07, -4.65661e-10, 3.57628e-07, 0.969439, -0.122863, -0.212352, 0.101386, 0.988828, -0.109269, 0.223405, 0.0844001, 0.971065)

[10]
    Time: 0.300000
    HumanoidRootPart.CFrame = CFrame.new(0, 0, 0, 1, 0, 0, 0, 1, 0, 0, 0, 1)
    Torso.CFrame = CFrame.new(-0.0661397, -0.0106027, -0.094595, 0.98809, 0.108037, 0.109571, -0.105237, 0.993962, -0.0310476, -0.112264, 0.0191469, 0.993494)
    Left Leg.CFrame = CFrame.new(-0.143597, 0.252211, -0.0152017, 0.962344, -0.153247, 0.224522, 0.0459951, 0.905832, 0.421132, -0.267916, -0.394947, 0.878771)
    Right Arm.CFrame = CFrame.new(0.0603644, -0.108734, 0.478281, 0.408071, 0.0574708, 0.91114, 0.39746, 0.887289, -0.233976, -0.821891, 0.45762, 0.339234)
    Left Arm.CFrame = CFrame.new(-0.0603645, -0.108734, 0.478281, 0.408071, -0.0574708, -0.91114, -0.39746, 0.887289, -0.233976, 0.82189, 0.45762, 0.339234)
    Right Leg.CFrame = CFrame.new(0.156057, 0.0303094, -0.0087598, 0.998185, -0.0182211, 0.0573998, 0.0167825, 0.999535, 0.025446, -0.0578367, -0.0244366, 0.998027)
    Head.CFrame = CFrame.new(5.54137e-08, -1.58325e-08, 4.76837e-07, 0.98058, -0.090643, -0.173916, 0.075505, 0.992913, -0.0917792, 0.181003, 0.0768653, 0.980474)

[11]
    Time: 0.333333
    HumanoidRootPart.CFrame = CFrame.new(0, 0, 0, 1, 0, 0, 0, 1, 0, 0, 0, 1)
    Torso.CFrame = CFrame.new(-0.0375767, -0.0129332, -0.0831687, 0.994381, 0.0754466, 0.0742645, -0.0770726, 0.996839, 0.0192733, -0.0725757, -0.0248887, 0.997052)
    Left Leg.CFrame = CFrame.new(-0.154324, 0.198711, -0.00445634, 0.966519, -0.192603, 0.16954, 0.120691, 0.924322, 0.362025, -0.226437, -0.329442, 0.916621)
    Right Arm.CFrame = CFrame.new(0.0577157, -0.0865952, 0.459199, 0.408126, 0.054828, 0.911278, 0.376172, 0.899416, -0.222587, -0.831822, 0.433641, 0.34645)
    Left Arm.CFrame = CFrame.new(-0.0577158, -0.0865955, 0.459199, 0.408126, -0.0548281, -0.911278, -0.376173, 0.899416, -0.222588, 0.831822, 0.433641, 0.34645)
    Right Leg.CFrame = CFrame.new(0.163114, 0.0588553, -0.00651419, 0.996952, 0.0754789, 0.0197625, -0.077056, 0.992245, 0.0975356, -0.0122474, -0.0987611, 0.995036)
    Head.CFrame = CFrame.new(8.06758e-08, -1.28057e-08, 3.57628e-07, 0.990195, -0.057952, -0.127106, 0.0467583, 0.994902, -0.089349, 0.131636, 0.0825297, 0.987857)

[12]
    Time: 0.366667
    HumanoidRootPart.CFrame = CFrame.new(0, 0, 0, 1, 0, 0, 0, 1, 0, 0, 0, 1)
    Torso.CFrame = CFrame.new(-0.00753557, -0.0189437, -0.089081, 0.998489, 0.0424006, 0.0349587, -0.0448614, 0.99633, 0.072903, -0.0317392, -0.0743611, 0.996726)
    Left Leg.CFrame = CFrame.new(-0.195393, 0.145296, 0.00539732, 0.959324, -0.258191, 0.114173, 0.215438, 0.930904, 0.294964, -0.182441, -0.258369, 0.948663)
    Right Arm.CFrame = CFrame.new(0.0552846, -0.0662176, 0.441713, 0.408232, 0.0524031, 0.911373, 0.356409, 0.909968, -0.211969, -0.840428, 0.411354, 0.352801)
    Left Arm.CFrame = CFrame.new(-0.0552847, -0.0662177, 0.441714, 0.408232, -0.0524032, -0.911373, -0.356409, 0.909968, -0.211969, 0.840428, 0.411354, 0.352801)
    Right Leg.CFrame = CFrame.new(0.197426, 0.0899599, -0.00501364, 0.980894, 0.193934, -0.0153714, -0.188074, 0.965521, 0.179995, 0.0497486, -0.173666, 0.983547)
    Head.CFrame = CFrame.new(9.56934e-08, -2.11876e-08, 3.57628e-07, 0.996878, -0.0259152, -0.07458, 0.0181896, 0.994571, -0.102463, 0.0768304, 0.100786, 0.991937)

[13]
    Time: 0.400000
    HumanoidRootPart.CFrame = CFrame.new(0, 0, 0, 1, 0, 0, 0, 1, 0, 0, 0, 1)
    Torso.CFrame = CFrame.new(0.022838, -0.027162, -0.117832, 0.99992, 0.0105598, -0.00697526, -0.00964029, 0.992633, 0.120776, 0.00819924, -0.120699, 0.992655)
    Left Leg.CFrame = CFrame.new(-0.277691, 0.0903033, 0.0112802, 0.93731, -0.342733, 0.0631181, 0.321645, 0.920498, 0.221872, -0.134143, -0.187662, 0.973031)
    Right Arm.CFrame = CFrame.new(0.0535066, -0.051279, 0.428941, 0.408342, 0.0506315, 0.911424, 0.34183, 0.917329, -0.204108, -0.846409, 0.394898, 0.357276)
    Left Arm.CFrame = CFrame.new(-0.0535065, -0.0512795, 0.428941, 0.408342, -0.0506316, -0.911424, -0.34183, 0.917329, -0.204109, 0.846409, 0.394899, 0.357276)
    Right Leg.CFrame = CFrame.new(0.253232, 0.121893, -0.00203228, 0.946977, 0.317895, -0.0466655, -0.29441, 0.916683, 0.270213, 0.128677, -0.242147, 0.961669)
    Head.CFrame = CFrame.new(7.9046e-08, 3.80533e-08, 0, 0.999788, 0.00545153, -0.0198702, -0.0079495, 0.991756, -0.127891, 0.0190092, 0.128022, 0.991589)

[14]
    Time: 0.433333
    HumanoidRootPart.CFrame = CFrame.new(0, 0, 0, 1, 0, 0, 0, 1, 0, 0, 0, 1)
    Torso.CFrame = CFrame.new(0.052398, -0.0361163, -0.173973, 0.998588, -0.0192742, -0.0495029, 0.02671, 0.987671, 0.154247, 0.0459196, -0.155352, 0.986791)
    Left Leg.CFrame = CFrame.new(-0.396573, 0.0383137, 0.00754404, 0.902664, -0.42992, 0.0191217, 0.422819, 0.894276, 0.146613, -0.0801318, -0.124257, 0.989009)
    Right Arm.CFrame = CFrame.new(0.052817, -0.0454784, 0.423992, 0.408392, 0.0499452, 0.911439, 0.33615, 0.920101, -0.20104, -0.848657, 0.388484, 0.358973)
    Left Arm.CFrame = CFrame.new(-0.052817, -0.0454788, 0.423992, 0.408392, -0.0499453, -0.911439, -0.33615, 0.920101, -0.20104, 0.848657, 0.388484, 0.358973)
    Right Leg.CFrame = CFrame.new(0.329397, 0.159445, 0.00281823, 0.898914, 0.431606, -0.0753014, -0.378027, 0.850947, 0.36467, 0.221471, -0.299341, 0.928087)
    Head.CFrame = CFrame.new(9.7556e-08, 2.39634e-08, -5.96046e-08, 0.998775, 0.0364455, 0.0334557, -0.0306893, 0.986829, -0.15883, -0.0388036, 0.157608, 0.986739)

[15]
    Time: 0.466667
    HumanoidRootPart.CFrame = CFrame.new(0, 0, 0, 1, 0, 0, 0, 1, 0, 0, 0, 1)
    Torso.CFrame = CFrame.new(0.079999, -0.0443347, -0.253582, 0.994805, -0.0472315, -0.0901784, 0.0617173, 0.984311, 0.165296, 0.0809564, -0.170003, 0.982113)
    Left Leg.CFrame = CFrame.new(-0.529315, 0.0058139, -0.00825071, 0.86847, -0.495436, -0.0174235, 0.495287, 0.86563, 0.0733181, -0.0212421, -0.0723042, 0.997156)
    Right Arm.CFrame = CFrame.new(0.053244, -0.04907, 0.427056, 0.40836, 0.0503701, 0.91143, 0.339668, 0.91839, -0.202941, -0.84727, 0.392457, 0.357925)
    Left Arm.CFrame = CFrame.new(-0.0532439, -0.0490701, 0.427056, 0.408361, -0.0503701, -0.91143, -0.339669, 0.91839, -0.202941, 0.84727, 0.392457, 0.357925)
    Right Leg.CFrame = CFrame.new(0.413035, 0.212924, 0.0052464, 0.84959, 0.516827, -0.105296, -0.419838, 0.783491, 0.458124, 0.319269, -0.34501, 0.88263)
    Head.CFrame = CFrame.new(5.3551e-08, 8.93488e-09, 0, 0.994343, 0.0666797, 0.0826796, -0.0505422, 0.981655, -0.183844, -0.0934215, 0.178625, 0.979472)

[16]
    Time: 0.500000
    HumanoidRootPart.CFrame = CFrame.new(0, 0, 0, 1, 0, 0, 0, 1, 0, 0, 0, 1)
    Torso.CFrame = CFrame.new(0.104495, -0.050345, -0.337738, 0.989222, -0.0734162, -0.12669, 0.093173, 0.98306, 0.157836, 0.112956, -0.167939, 0.979305)
    Left Leg.CFrame = CFrame.new(-0.643086, 0.00141066, -0.0308697, 0.84747, -0.528589, -0.0488729, 0.529442, 0.848328, 0.00550286, 0.0385515, -0.0305388, 0.99879)
    Right Arm.CFrame = CFrame.new(0.0543879, -0.0586877, 0.43527, 0.408284, 0.0515094, 0.911401, 0.349069, 0.913718, -0.208014, -0.843478, 0.40307, 0.355076)
    Left Arm.CFrame = CFrame.new(-0.054388, -0.058688, 0.43527, 0.408284, -0.0515095, -0.911401, -0.349069, 0.913718, -0.208014, 0.843478, 0.403071, 0.355076)
    Right Leg.CFrame = CFrame.new(0.479197, 0.281615, -0.0014528, 0.811575, 0.567824, -0.137559, -0.417764, 0.728594, 0.542793, 0.408435, -0.38305, 0.828525)
    Head.CFrame = CFrame.new(1.07102e-07, -6.91507e-08, -7.15256e-07, 0.987481, 0.0951455, 0.125814, -0.0683668, 0.976952, -0.202216, -0.142154, 0.191083, 0.971226)

[17]
    Time: 0.533333
    HumanoidRootPart.CFrame = CFrame.new(0, 0, 0, 1, 0, 0, 0, 1, 0, 0, 0, 1)
    Torso.CFrame = CFrame.new(0.12474, -0.0526757, -0.406015, 0.982768, -0.0969601, -0.157373, 0.119767, 0.98251, 0.142585, 0.140796, -0.158976, 0.977192)
    Left Leg.CFrame = CFrame.new(-0.72022, 0.0140792, -0.052476, 0.840816, -0.535871, -0.0766253, 0.533211, 0.84429, -0.0534797, 0.0933522, 0.00410902, 0.995625)
    Right Arm.CFrame = CFrame.new(0.0560441, -0.0725882, 0.447172, 0.408193, 0.0531604, 0.911346, 0.362604, 0.906732, -0.215302, -0.837793, 0.418342, 0.350846)
    Left Arm.CFrame = CFrame.new(-0.0560441, -0.0725882, 0.447172, 0.408193, -0.0531604, -0.911346, -0.362604, 0.906732, -0.215302, 0.837793, 0.418343, 0.350846)
    Right Leg.CFrame = CFrame.new(0.516262, 0.34912, -0.0170854, 0.787673, 0.592669, -0.16827, -0.388561, 0.689841, 0.610852, 0.478112, -0.415768, 0.773657)
    Head.CFrame = CFrame.new(8.10251e-08, -3.09665e-08, 1.19209e-07, 0.979563, 0.121014, 0.160659, -0.08371, 0.971576, -0.221432, -0.182889, 0.203458, 0.961851)

[18]
    Time: 0.566667
    HumanoidRootPart.CFrame = CFrame.new(0, 0, 0, 1, 0, 0, 0, 1, 0, 0, 0, 1)
    Torso.CFrame = CFrame.new(0.13986, -0.0526756, -0.445488, 0.976498, -0.117068, -0.18096, 0.140416, 0.982536, 0.122087, 0.163507, -0.144628, 0.975883)
    Left Leg.CFrame = CFrame.new(-0.759142, 0.0324369, -0.0683237, 0.847814, -0.520778, -0.10001, 0.512159, 0.853025, -0.100208, 0.137497, 0.0337365, 0.989927)
    Right Arm.CFrame = CFrame.new(0.0580074, -0.0890349, 0.461298, 0.408117, 0.0551189, 0.911264, 0.378528, 0.898113, -0.22385, -0.830757, 0.436296, 0.345671)
    Left Arm.CFrame = CFrame.new(-0.0580073, -0.0890351, 0.461298, 0.408117, -0.055119, -0.911264, -0.378528, 0.898113, -0.22385, 0.830757, 0.436296, 0.345671)
    Right Leg.CFrame = CFrame.new(0.525189, 0.40327, -0.0353531, 0.779317, 0.595056, -0.196404, -0.346104, 0.670031, 0.656712, 0.522377, -0.44381, 0.728117)
    Head.CFrame = CFrame.new(9.31323e-08, -5.82077e-08, 1.19209e-07, 0.972089, 0.142891, 0.186079, -0.0961846, 0.966138, -0.239428, -0.213991, 0.214847, 0.952916)

[19]
    Time: 0.600000
    HumanoidRootPart.CFrame = CFrame.new(0, 0, 0, 1, 0, 0, 0, 1, 0, 0, 0, 1)
    Torso.CFrame = CFrame.new(0.150064, -0.0526756, -0.460865, 0.971288, -0.133065, -0.197214, 0.154723, 0.98301, 0.0987573, 0.180722, -0.126435, 0.975374)
    Left Leg.CFrame = CFrame.new(-0.771787, 0.0506399, -0.0777763, 0.862371, -0.492281, -0.118222, 0.477551, 0.86849, -0.13293, 0.168113, 0.0581775, 0.984049)
    Right Arm.CFrame = CFrame.new(0.0600731, -0.106301, 0.476179, 0.408073, 0.0571801, 0.911157, 0.39513, 0.888655, -0.232732, -0.823012, 0.454997, 0.340043)
    Left Arm.CFrame = CFrame.new(-0.060073, -0.106302, 0.476179, 0.408073, -0.0571801, -0.911157, -0.39513, 0.888655, -0.232732, 0.823012, 0.454998, 0.340043)
    Right Leg.CFrame = CFrame.new(0.517419, 0.442289, -0.0510685, 0.781908, 0.58275, -0.221411, -0.302616, 0.665333, 0.682463, 0.545017, -0.466621, 0.696578)
    Head.CFrame = CFrame.new(1.80211e-07, -1.35042e-08, -5.96046e-08, 0.9661, 0.159654, 0.202882, -0.105928, 0.961795, -0.252449, -0.235435, 0.2224, 0.946102)

[20]
    Time: 0.633333
    HumanoidRootPart.CFrame = CFrame.new(0, 0, 0, 1, 0, 0, 0, 1, 0, 0, 0, 1)
    Torso.CFrame = CFrame.new(0.155834, -0.0526756, -0.466444, 0.967819, -0.144201, -0.206236, 0.162546, 0.983856, 0.0748751, 0.192109, -0.105988, 0.975633)
    Left Leg.CFrame = CFrame.new(-0.773559, 0.0714358, -0.0815517, 0.878571, -0.459499, -0.130283, 0.440409, 0.884961, -0.151273, 0.184805, 0.0755265, 0.979869)
    Right Arm.CFrame = CFrame.new(0.0620363, -0.122675, 0.490342, 0.408068, 0.059138, 0.911034, 0.410753, 0.879302, -0.241061, -0.81533, 0.472579, 0.334523)
    Left Arm.CFrame = CFrame.new(-0.0620364, -0.122675, 0.490342, 0.408068, -0.059138, -0.911034, -0.410753, 0.879301, -0.241061, 0.81533, 0.47258, 0.334523)
    Right Leg.CFrame = CFrame.new(0.50711, 0.471935, -0.0640821, 0.789969, 0.563124, -0.242571, -0.264731, 0.67009, 0.693467, 0.553052, -0.483602, 0.678427)
    Head.CFrame = CFrame.new(2.65427e-08, 1.76951e-08, -4.76837e-07, 0.962216, 0.169678, 0.212956, -0.113104, 0.9605, -0.254258, -0.247687, 0.220565, 0.943399)

[21]
    Time: 0.666667
    HumanoidRootPart.CFrame = CFrame.new(0, 0, 0, 1, 0, 0, 0, 1, 0, 0, 0, 1)
    Torso.CFrame = CFrame.new(0.15765, -0.0526757, -0.453012, 0.966575, -0.149621, -0.208196, 0.163816, 0.985088, 0.0525973, 0.197222, -0.0849451, 0.976672)
    Left Leg.CFrame = CFrame.new(-0.758006, 0.0853426, -0.0801356, 0.896536, -0.421803, -0.135301, 0.401054, 0.902604, -0.156402, 0.188094, 0.0859565, 0.978382)
    Right Arm.CFrame = CFrame.new(0.0636926, -0.136458, 0.502303, 0.408089, 0.0607879, 0.910916, 0.423806, 0.87114, -0.247998, -0.808611, 0.487257, 0.329741)
    Left Arm.CFrame = CFrame.new(-0.0636926, -0.136458, 0.502303, 0.408089, -0.0607879, -0.910916, -0.423806, 0.87114, -0.247998, 0.808611, 0.487257, 0.32974)
    Right Leg.CFrame = CFrame.new(0.488422, 0.485581, -0.0698551, 0.805057, 0.534231, -0.257837, -0.234258, 0.685648, 0.68921, 0.544983, -0.494453, 0.677134)
    Head.CFrame = CFrame.new(1.00339e-07, 8.90577e-09, 1.19209e-07, 0.96077, 0.171883, 0.217661, -0.117659, 0.963283, -0.241332, -0.251151, 0.206255, 0.945718)

[22]
    Time: 0.700000
    HumanoidRootPart.CFrame = CFrame.new(0, 0, 0, 1, 0, 0, 0, 1, 0, 0, 0, 1)
    Torso.CFrame = CFrame.new(0.15242, -0.0498888, -0.414699, 0.968235, -0.148468, -0.201191, 0.158364, 0.986798, 0.0339255, 0.193498, -0.0647092, 0.978964)
    Left Leg.CFrame = CFrame.new(-0.720293, 0.0899859, -0.073486, 0.916785, -0.37716, -0.131361, 0.358781, 0.922253, -0.143965, 0.175446, 0.0848547, 0.980825)
    Right Arm.CFrame = CFrame.new(0.0648366, -0.145964, 0.510574, 0.408118, 0.0619262, 0.910827, 0.432752, 0.86536, -0.25274, -0.803844, 0.49731, 0.32637)
    Left Arm.CFrame = CFrame.new(-0.0648367, -0.145965, 0.510574, 0.408118, -0.0619263, -0.910827, -0.432753, 0.86536, -0.25274, 0.803844, 0.49731, 0.32637)
    Right Leg.CFrame = CFrame.new(0.459991, 0.477339, -0.0645252, 0.828438, 0.493736, -0.264416, -0.213774, 0.715106, 0.665526, 0.517679, -0.494821, 0.697968)
    Head.CFrame = CFrame.new(5.02914e-08, 3.91155e-08, 0, 0.962478, 0.165235, 0.215252, -0.118981, 0.969889, -0.212508, -0.243884, 0.178923, 0.953156)

[23]
    Time: 0.733333
    HumanoidRootPart.CFrame = CFrame.new(0, 0, 0, 1, 0, 0, 0, 1, 0, 0, 0, 1)
    Torso.CFrame = CFrame.new(0.137889, -0.0429215, -0.34503, 0.972736, -0.140706, -0.184354, 0.146784, 0.988973, 0.0196777, 0.179553, -0.0462014, 0.982663)
    Left Leg.CFrame = CFrame.new(-0.648589, 0.0818102, -0.0613072, 0.94025, -0.31949, -0.117708, 0.307053, 0.945038, -0.112343, 0.147131, 0.0694879, 0.986673)
    Right Arm.CFrame = CFrame.new(0.0652637, -0.149509, 0.513662, 0.408132, 0.0623506, 0.910791, 0.436075, 0.863173, -0.254499, -0.802039, 0.501043, 0.325099)
    Left Arm.CFrame = CFrame.new(-0.0652636, -0.149508, 0.513662, 0.408132, -0.0623508, -0.910791, -0.436076, 0.863173, -0.254499, 0.802039, 0.501043, 0.325099)
    Right Leg.CFrame = CFrame.new(0.413807, 0.440142, -0.0478499, 0.861283, 0.436621, -0.259912, -0.198433, 0.75991, 0.619001, 0.467779, -0.481559, 0.741137)
    Head.CFrame = CFrame.new(5.68107e-08, -1.39698e-09, -2.38419e-07, 0.967375, 0.148914, 0.204966, -0.116588, 0.97993, -0.161693, -0.224931, 0.132521, 0.965321)

[24]
    Time: 0.766667
    HumanoidRootPart.CFrame = CFrame.new(0, 0, 0, 1, 0, 0, 0, 1, 0, 0, 0, 1)
    Torso.CFrame = CFrame.new(0.115795, -0.033864, -0.24502, 0.97906, -0.126744, -0.159306, 0.129989, 0.991464, 0.0100721, 0.156669, -0.0305692, 0.987178)
    Left Leg.CFrame = CFrame.new(-0.523604, 0.0580826, -0.0430456, 0.965924, -0.240566, -0.0954914, 0.234956, 0.969738, -0.0663557, 0.108565, 0.0416582, 0.993216)
    Right Arm.CFrame = CFrame.new(0.0644679, -0.14746, 0.512226, 0.407625, 0.0620523, 0.911038, 0.435196, 0.863893, -0.253561, -0.802774, 0.499838, 0.32514)
    Left Arm.CFrame = CFrame.new(-0.0644679, -0.14746, 0.512226, 0.407625, -0.0620523, -0.911039, -0.435197, 0.863893, -0.253561, 0.802774, 0.499839, 0.325139)
    Right Leg.CFrame = CFrame.new(0.333448, 0.371208, -0.0283365, 0.902065, 0.356503, -0.243277, -0.173124, 0.81521, 0.552685, 0.395356, -0.456441, 0.797092)
    Head.CFrame = CFrame.new(9.03383e-08, -1.11759e-08, 2.38419e-07, 0.974473, 0.126588, 0.185415, -0.110179, 0.989234, -0.0963181, -0.195611, 0.0734304, 0.977929)

[25]
    Time: 0.800000
    HumanoidRootPart.CFrame = CFrame.new(0, 0, 0, 1, 0, 0, 0, 1, 0, 0, 0, 1)
    Torso.CFrame = CFrame.new(0.0878741, -0.0248066, -0.145137, 0.986024, -0.107164, -0.127567, 0.108722, 0.994058, 0.00529583, 0.126242, -0.0190912, 0.991816)
    Left Leg.CFrame = CFrame.new(-0.344765, 0.0362194, -0.0213134, 0.987622, -0.142386, -0.0658009, 0.142119, 0.989811, -0.00874815, 0.0663761, -0.000711731, 0.997794)
    Right Arm.CFrame = CFrame.new(0.0623357, -0.141972, 0.508378, 0.406269, 0.0612487, 0.911698, 0.432834, 0.865812, -0.251045, -0.804736, 0.496606, 0.325243)
    Left Arm.CFrame = CFrame.new(-0.0623355, -0.141973, 0.508378, 0.406269, -0.0612488, -0.911698, -0.432835, 0.865812, -0.251045, 0.804736, 0.496607, 0.325242)
    Right Leg.CFrame = CFrame.new(0.220868, 0.288702, -0.0186518, 0.941653, 0.257983, -0.21618, -0.12916, 0.870069, 0.475708, 0.310816, -0.42003, 0.852624)
    Head.CFrame = CFrame.new(1.17812e-07, 1.86265e-09, -2.98023e-07, 0.982567, 0.105093, 0.153353, -0.0992922, 0.994039, -0.0450278, -0.157171, 0.029016, 0.987145)

[26]
    Time: 0.833333
    HumanoidRootPart.CFrame = CFrame.new(0, 0, 0, 1, 0, 0, 0, 1, 0, 0, 0, 1)
    Torso.CFrame = CFrame.new(0.0558652, -0.0178393, -0.094595, 0.992441, -0.0827522, -0.0906213, 0.0835971, 0.996484, 0.0055616, 0.0898424, -0.0130952, 0.99587)
    Left Leg.CFrame = CFrame.new(-0.209986, 0.0474001, -0.00789112, 0.996429, -0.0792294, -0.0291878, 0.0808869, 0.994866, 0.0608261, 0.0242187, -0.0629699, 0.997722)
    Right Arm.CFrame = CFrame.new(0.0592496, -0.134023, 0.50281, 0.40431, 0.0600751, 0.912647, 0.429398, 0.868568, -0.2474, -0.807559, 0.491915, 0.325374)
    Left Arm.CFrame = CFrame.new(-0.0592497, -0.134023, 0.50281, 0.40431, -0.0600753, -0.912647, -0.429399, 0.868568, -0.247401, 0.807558, 0.491916, 0.325374)
    Right Leg.CFrame = CFrame.new(0.152376, 0.226951, -0.0134897, 0.965419, 0.186492, -0.182173, -0.100949, 0.911678, 0.398312, 0.240365, -0.366147, 0.898978)
    Head.CFrame = CFrame.new(7.55535e-08, -3.25963e-09, 0, 0.990192, 0.0860012, 0.110105, -0.0842928, 0.996239, -0.0200865, -0.111418, 0.0106084, 0.993717)

[27]
    Time: 0.866667
    HumanoidRootPart.CFrame = CFrame.new(0, 0, 0, 1, 0, 0, 0, 1, 0, 0, 0, 1)
    Torso.CFrame = CFrame.new(0.0215054, -0.0150524, -0.0831029, 0.997263, -0.0544476, -0.0500282, 0.055216, 0.998375, 0.0141075, 0.0491788, -0.0168312, 0.998648)
    Left Leg.CFrame = CFrame.new(-0.187172, 0.0842931, -0.00466406, 0.99549, -0.0941113, 0.0119218, 0.0915148, 0.985833, 0.140566, -0.0249818, -0.138841, 0.99)
    Right Arm.CFrame = CFrame.new(0.0555925, -0.124595, 0.496209, 0.40199, 0.0586683, 0.913762, 0.4253, 0.871799, -0.243076, -0.810878, 0.486337, 0.325503)
    Left Arm.CFrame = CFrame.new(-0.0555925, -0.124596, 0.496209, 0.40199, -0.0586684, -0.913762, -0.4253, 0.871799, -0.243076, 0.810878, 0.486338, 0.325503)
    Right Leg.CFrame = CFrame.new(0.159194, 0.181123, -0.00412595, 0.975638, 0.167787, -0.141345, -0.115366, 0.940376, 0.319975, 0.186605, -0.295873, 0.936823)
    Head.CFrame = CFrame.new(7.48078e-08, -3.60887e-09, 2.38419e-07, 0.995971, 0.0673146, 0.059252, -0.0661575, 0.997582, -0.0212814, -0.0605413, 0.0172757, 0.998016)

[28]
    Time: 0.900000
    HumanoidRootPart.CFrame = CFrame.new(0, 0, 0, 1, 0, 0, 0, 1, 0, 0, 0, 1)
    Torso.CFrame = CFrame.new(-0.0134676, -0.0189652, -0.0905631, 0.999694, -0.0236638, -0.00713811, 0.0238724, 0.999243, 0.0307176, 0.00640581, -0.0308786, 0.999503)
    Left Leg.CFrame = CFrame.new(-0.215303, 0.128726, -0.00391322, 0.986209, -0.156459, 0.0539656, 0.140441, 0.963642, 0.22731, -0.0875682, -0.216596, 0.972326)
    Right Arm.CFrame = CFrame.new(0.0517464, -0.114673, 0.489266, 0.399556, 0.0571702, 0.914924, 0.420959, 0.875158, -0.238522, -0.814339, 0.480448, 0.325608)
    Left Arm.CFrame = CFrame.new(-0.0517465, -0.114672, 0.489266, 0.399556, -0.0571702, -0.914925, -0.420959, 0.875157, -0.238522, 0.814339, 0.480449, 0.325608)
    Right Leg.CFrame = CFrame.new(0.204435, 0.137751, 0.0035497, 0.977826, 0.186402, -0.0954535, -0.159233, 0.957814, 0.239242, 0.136022, -0.218737, 0.966257)
    Head.CFrame = CFrame.new(8.86794e-08, 2.82307e-09, 2.38419e-07, 0.998901, 0.0466454, 0.00463165, -0.0464091, 0.998031, -0.0422028, -0.0065911, 0.0419415, 0.999098)

[29]
    Time: 0.933333
    HumanoidRootPart.CFrame = CFrame.new(0, 0, 0, 1, 0, 0, 0, 1, 0, 0, 0, 1)
    Torso.CFrame = CFrame.new(-0.0473162, -0.0282958, -0.128192, 0.999295, 0.00815797, 0.0366401, -0.0100048, 0.998673, 0.0505084, -0.0361794, -0.0508393, 0.998051)
    Left Leg.CFrame = CFrame.new(-0.291623, 0.181475, -0.00175267, 0.962022, -0.25587, 0.0950989, 0.213897, 0.923048, 0.319735, -0.169592, -0.287251, 0.942722)
    Right Arm.CFrame = CFrame.new(0.0480928, -0.105237, 0.482669, 0.397247, 0.0557292, 0.916018, 0.416806, 0.878309, -0.23419, -0.817598, 0.474833, 0.325678)
    Left Arm.CFrame = CFrame.new(-0.0480929, -0.105237, 0.48267, 0.397247, -0.0557293, -0.916018, -0.416806, 0.878309, -0.234191, 0.817598, 0.474834, 0.325678)
    Right Leg.CFrame = CFrame.new(0.30422, 0.103014, 0.00545847, 0.968355, 0.244787, -0.0486571, -0.234436, 0.959029, 0.15907, 0.0856018, -0.142629, 0.986068)
    Head.CFrame = CFrame.new(1.02227e-07, -1.41445e-08, 4.76837e-07, 0.998488, 0.0220614, -0.0503511, -0.0258865, 0.996724, -0.0766276, 0.0484956, 0.0778152, 0.995788)

[30]
    Time: 0.966667
    HumanoidRootPart.CFrame = CFrame.new(0, 0, 0, 1, 0, 0, 0, 1, 0, 0, 0, 1)
    Torso.CFrame = CFrame.new(-0.0783028, -0.0394323, -0.209866, 0.996027, 0.0399821, 0.0795668, -0.0454959, 0.996597, 0.0687369, -0.0765478, -0.0720838, 0.994457)
    Left Leg.CFrame = CFrame.new(-0.402877, 0.247888, 0.00164652, 0.917406, -0.374449, 0.134739, 0.290268, 0.861254, 0.417117, -0.272233, -0.343555, 0.89881)
    Right Arm.CFrame = CFrame.new(0.0450123, -0.0972755, 0.477106, 0.395304, 0.054501, 0.916932, 0.413283, 0.880937, -0.230535, -0.820324, 0.470084, 0.325714)
    Left Arm.CFrame = CFrame.new(-0.0450123, -0.0972753, 0.477107, 0.395304, -0.0545011, -0.916932, -0.413283, 0.880937, -0.230535, 0.820324, 0.470084, 0.325714)
    Right Leg.CFrame = CFrame.new(0.449937, 0.0874146, -0.00378174, 0.944224, 0.329282, -0.00391907, -0.327837, 0.94107, 0.0831214, 0.0310585, -0.0772004, 0.996532)
    Head.CFrame = CFrame.new(1.02911e-07, 5.92991e-10, 1.19209e-07, 0.994702, -0.00789154, -0.102501, -0.00467215, 0.992549, -0.121757, 0.102698, 0.12159, 0.987253)

[31]
    Time: 1.000000
    HumanoidRootPart.CFrame = CFrame.new(0, 0, 0, 1, 0, 0, 0, 1, 0, 0, 0, 1)
    Torso.CFrame = CFrame.new(-0.10469, -0.0487628, -0.319882, 0.990258, 0.071252, 0.119632, -0.0812536, 0.993404, 0.0809146, -0.113078, -0.0898469, 0.989515)
    Left Leg.CFrame = CFrame.new(-0.503335, 0.324856, -0.000502825, 0.860994, -0.478555, 0.172265, 0.335973, 0.789408, 0.513768, -0.381853, -0.384475, 0.840457)
    Right Arm.CFrame = CFrame.new(0.0428852, -0.0917747, 0.473265, 0.393965, 0.0536458, 0.917559, 0.410839, 0.882736, -0.228008, -0.822194, 0.466796, 0.325727)
    Left Arm.CFrame = CFrame.new(-0.0428852, -0.0917747, 0.473265, 0.393964, -0.0536459, -0.917559, -0.410839, 0.882736, -0.228009, 0.822194, 0.466797, 0.325727)
    Right Leg.CFrame = CFrame.new(0.589645, 0.0939931, -0.0230803, 0.914153, 0.403613, 0.037701, -0.404317, 0.914525, 0.0130851, -0.0291972, -0.0272049, 0.999203)
    Head.CFrame = CFrame.new(7.93952e-08, -2.24682e-08, 1.19209e-07, 0.987886, -0.0437111, -0.148899, 0.0178745, 0.985175, -0.17062, 0.154149, 0.165891, 0.974022)

[32]
    Time: 1.033333
    HumanoidRootPart.CFrame = CFrame.new(0, 0, 0, 1, 0, 0, 0, 1, 0, 0, 0, 1)
    Torso.CFrame = CFrame.new(-0.12474, -0.0526756, -0.406015, 0.982704, 0.101874, 0.154642, -0.115653, 0.989827, 0.0828694, -0.144627, -0.0993209, 0.984489)
    Left Leg.CFrame = CFrame.new(-0.551399, 0.392009, -0.00982106, 0.815647, -0.540387, 0.206643, 0.334679, 0.732058, 0.593365, -0.471921, -0.414817, 0.777957)
    Right Arm.CFrame = CFrame.new(0.0420916, -0.0897217, 0.471832, 0.393465, 0.0533254, 0.917792, 0.409925, 0.883404, -0.227066, -0.822889, 0.465568, 0.325729)
    Left Arm.CFrame = CFrame.new(-0.0420917, -0.0897217, 0.471832, 0.393465, -0.0533254, -0.917792, -0.409925, 0.883404, -0.227066, 0.822889, 0.465568, 0.325729)
    Right Leg.CFrame = CFrame.new(0.675467, 0.106191, -0.0443581, 0.896355, 0.436711, 0.0763669, -0.433986, 0.899525, -0.0501064, -0.0905759, 0.0117709, 0.99582)
    Head.CFrame = CFrame.new(1.27591e-07, -2.16532e-08, 4.76837e-07, 0.978576, -0.0839838, -0.187976, 0.0432228, 0.976474, -0.211257, 0.201296, 0.198606, 0.959185)

[33]
    Time: 1.066667
    HumanoidRootPart.CFrame = CFrame.new(0, 0, 0, 1, 0, 0, 0, 1, 0, 0, 0, 1)
    Torso.CFrame = CFrame.new(-0.137338, -0.0526757, -0.4475, 0.974363, 0.131885, 0.182271, -0.146384, 0.986856, 0.0684677, -0.170845, -0.093394, 0.980862)
    Left Leg.CFrame = CFrame.new(-0.553625, 0.444324, -0.021256, 0.793838, -0.558138, 0.24146, 0.299016, 0.703982, 0.644204, -0.529538, -0.439193, 0.72574)
    Right Arm.CFrame = CFrame.new(0.0438057, -0.0941558, 0.474928, 0.394544, 0.0540167, 0.917288, 0.411898, 0.881959, -0.229102, -0.821386, 0.46822, 0.325723)
    Left Arm.CFrame = CFrame.new(-0.0438058, -0.094156, 0.474928, 0.394544, -0.0540168, -0.917288, -0.411898, 0.881959, -0.229102, 0.821386, 0.46822, 0.325722)
    Right Leg.CFrame = CFrame.new(0.710365, 0.119547, -0.0621296, 0.898721, 0.424119, 0.111465, -0.414328, 0.90451, -0.100968, -0.143643, 0.0445595, 0.988626)
    Head.CFrame = CFrame.new(9.38307e-08, 6.33299e-08, -1.19209e-07, 0.967642, -0.123521, -0.220028, 0.0709923, 0.970037, -0.232356, 0.242136, 0.209217, 0.947417)

[34]
    Time: 1.100000
    HumanoidRootPart.CFrame = CFrame.new(0, 0, 0, 1, 0, 0, 0, 1, 0, 0, 0, 1)
    Torso.CFrame = CFrame.new(-0.143861, -0.0526757, -0.460865, 0.966564, 0.159068, 0.201124, -0.170223, 0.984621, 0.039326, -0.191775, -0.0722469, 0.978776)
    Left Leg.CFrame = CFrame.new(-0.534635, 0.488743, -0.0336087, 0.790668, -0.545602, 0.277783, 0.248098, 0.700314, 0.669333, -0.559725, -0.460303, 0.689079)
    Right Arm.CFrame = CFrame.new(0.0480927, -0.105237, 0.48267, 0.397247, 0.0557293, 0.916018, 0.416806, 0.878309, -0.23419, -0.817598, 0.474834, 0.325678)
    Left Arm.CFrame = CFrame.new(-0.0480928, -0.105237, 0.482669, 0.397247, -0.0557293, -0.916018, -0.416806, 0.878309, -0.234191, 0.817598, 0.474834, 0.325678)
    Right Leg.CFrame = CFrame.new(0.716037, 0.139168, -0.073909, 0.913898, 0.38069, 0.140946, -0.363165, 0.921869, -0.135162, -0.181389, 0.0723379, 0.980747)
    Head.CFrame = CFrame.new(9.22009e-08, -2.6077e-08, -1.78814e-07, 0.956728, -0.156336, -0.245418, 0.0976792, 0.967021, -0.235222, 0.274098, 0.201071, 0.940447)

[35]
    Time: 1.133333
    HumanoidRootPart.CFrame = CFrame.new(0, 0, 0, 1, 0, 0, 0, 1, 0, 0, 0, 1)
    Torso.CFrame = CFrame.new(-0.146308, -0.0526757, -0.466444, 0.960845, 0.179791, 0.210837, -0.184571, 0.982814, 0.00304973, -0.206665, -0.0418447, 0.977517)
    Left Leg.CFrame = CFrame.new(-0.514005, 0.529837, -0.047772, 0.79763, -0.516415, 0.311611, 0.195687, 0.710267, 0.676185, -0.570519, -0.478368, 0.667587)
    Right Arm.CFrame = CFrame.new(0.0536692, -0.119635, 0.492738, 0.400772, 0.0579216, 0.914345, 0.423133, 0.873484, -0.240799, -0.812613, 0.483395, 0.32556)
    Left Arm.CFrame = CFrame.new(-0.0536693, -0.119635, 0.492738, 0.400772, -0.0579216, -0.914345, -0.423133, 0.873484, -0.240799, 0.812613, 0.483396, 0.325559)
    Right Leg.CFrame = CFrame.new(0.709453, 0.168048, -0.0785972, 0.932058, 0.32422, 0.161708, -0.301032, 0.94137, -0.15232, -0.201612, 0.0932917, 0.975012)
    Head.CFrame = CFrame.new(2.32831e-08, -1.58325e-08, 1.19209e-07, 0.947875, -0.179719, -0.263123, 0.119794, 0.966175, -0.228374, 0.295266, 0.184949, 0.937343)

[36]
    Time: 1.166667
    HumanoidRootPart.CFrame = CFrame.new(0, 0, 0, 1, 0, 0, 0, 1, 0, 0, 0, 1)
    Torso.CFrame = CFrame.new(-0.14668, -0.0495591, -0.453012, 0.958674, 0.190028, 0.211737, -0.187325, 0.981745, -0.0329446, -0.214132, -0.00808061, 0.976771)
    Left Leg.CFrame = CFrame.new(-0.48584, 0.554932, -0.058925, 0.816646, -0.469214, 0.336048, 0.146677, 0.731882, 0.665458, -0.55819, -0.494153, 0.666511)
    Right Arm.CFrame = CFrame.new(0.0592496, -0.134023, 0.50281, 0.40431, 0.0600752, 0.912647, 0.429398, 0.868568, -0.2474, -0.807559, 0.491916, 0.325374)
    Left Arm.CFrame = CFrame.new(-0.0592495, -0.134023, 0.50281, 0.40431, -0.0600752, -0.912647, -0.429399, 0.868568, -0.247401, 0.807558, 0.491916, 0.325374)
    Right Leg.CFrame = CFrame.new(0.684976, 0.188398, -0.0760409, 0.950446, 0.260039, 0.170386, -0.234706, 0.959587, -0.155263, -0.203874, 0.107579, 0.973068)
    Head.CFrame = CFrame.new(7.17118e-08, -4.65661e-09, -1.78814e-07, 0.943214, -0.19134, -0.271545, 0.132977, 0.966578, -0.219187, 0.304409, 0.170631, 0.937134)

[37]
    Time: 1.200000
    HumanoidRootPart.CFrame = CFrame.new(0, 0, 0, 1, 0, 0, 0, 1, 0, 0, 0, 1)
    Torso.CFrame = CFrame.new(-0.142694, -0.0417678, -0.414699, 0.960524, 0.189226, 0.203931, -0.180157, 0.981661, -0.0623283, -0.211986, 0.0231281, 0.976999)
    Left Leg.CFrame = CFrame.new(-0.449294, 0.553383, -0.0602174, 0.8451, -0.407452, 0.346105, 0.106774, 0.762996, 0.637523, -0.523837, -0.501816, 0.688313)
    Right Arm.CFrame = CFrame.new(0.0635448, -0.145085, 0.510561, 0.407038, 0.0617053, 0.911325, 0.434175, 0.864725, -0.252472, -0.803624, 0.49844, 0.325185)
    Left Arm.CFrame = CFrame.new(-0.0635449, -0.145085, 0.510561, 0.407038, -0.0617052, -0.911325, -0.434175, 0.864725, -0.252472, 0.803624, 0.498441, 0.325185)
    Right Leg.CFrame = CFrame.new(0.641523, 0.190452, -0.0686591, 0.966945, 0.193579, 0.165966, -0.170552, 0.974859, -0.143391, -0.189551, 0.110345, 0.975651)
    Head.CFrame = CFrame.new(1.86265e-09, -3.72529e-09, 1.19209e-07, 0.943951, -0.189628, -0.270181, 0.136511, 0.969509, -0.203514, 0.300535, 0.155224, 0.941055)

[38]
    Time: 1.233333
    HumanoidRootPart.CFrame = CFrame.new(0, 0, 0, 1, 0, 0, 0, 1, 0, 0, 0, 1)
    Torso.CFrame = CFrame.new(-0.131502, -0.0316392, -0.34503, 0.965492, 0.179847, 0.188359, -0.167193, 0.982577, -0.0811764, -0.199677, 0.0468829, 0.97874)
    Left Leg.CFrame = CFrame.new(-0.397743, 0.514265, -0.0477865, 0.878901, -0.33486, 0.339709, 0.0760811, 0.801464, 0.593184, -0.470898, -0.495504, 0.729884)
    Right Arm.CFrame = CFrame.new(0.0652635, -0.149508, 0.513662, 0.408131, 0.0623508, 0.910791, 0.436075, 0.863173, -0.254499, -0.802039, 0.501043, 0.325099)
    Left Arm.CFrame = CFrame.new(-0.0652637, -0.149508, 0.513662, 0.408132, -0.0623508, -0.910791, -0.436076, 0.863173, -0.254499, 0.802039, 0.501043, 0.325099)
