[1]
    Time: 0.000000
    HumanoidRootPart.CFrame = CFrame.new(0, 0, 0, 1, 0, 0, 0, 1, 0, 0, 0, 1)
    Torso.CFrame = CFrame.new(-0.93103, -0.0205064, -0.103151, 0.980317, -0.174511, -0.092329, 0.172862, 0.984613, -0.025633, 0.0953815, 0.00916831, 0.995399)
    Left Leg.CFrame = CFrame.new(0.00157232, -0.0387433, 0.0553521, 0.800813, 0.265778, 0.536712, -0.351988, 0.933901, 0.0627257, -0.484564, -0.239148, 0.841431)
    Right Arm.CFrame = CFrame.new(0.368955, -0.469634, 0.403032, -0.177966, -0.420694, 0.889576, 0.976416, 0.0367961, 0.21274, -0.122231, 0.906456, 0.404223)
    Head.CFrame = CFrame.new(1.10827e-07, 7.45058e-09, 2.38419e-07, 0.985024, 0.170832, 0.0233039, -0.16973, 0.984548, -0.0430952, -0.0303059, 0.0384945, 0.998799)
    Left Arm.CFrame = CFrame.new(-0.358549, -0.457197, 0.411074, -0.283981, 0.372647, -0.883453, -0.935287, 0.0952674, 0.340827, 0.211172, 0.92307, 0.321477)
    Right Leg.CFrame = CFrame.new(0.266299, 0.146225, 0.247138, 0.734554, 0.377868, -0.563601, -0.313476, 0.925623, 0.212026, 0.6018, 0.0209305, 0.798372)

[2]
    Time: 0.033333
    HumanoidRootPart.CFrame = CFrame.new(0, 0, 0, 1, 0, 0, 0, 1, 0, 0, 0, 1)
    Torso.CFrame = CFrame.new(-0.926708, -0.0247155, -0.0941143, 0.980262, -0.171335, -0.0986441, 0.169075, 0.985119, -0.0308944, 0.102469, 0.0136064, 0.994643)
    Left Leg.CFrame = CFrame.new(-0.101832, 0.0377073, 0.115526, 0.825372, 0.207008, 0.52527, -0.272436, 0.960905, 0.0493965, -0.494509, -0.183873, 0.849501)
    Right Arm.CFrame = CFrame.new(0.368955, -0.469634, 0.403032, -0.190529, -0.42255, 0.886087, 0.97304, 0.0382164, 0.22745, -0.129972, 0.905534, 0.403876)
    Head.CFrame = CFrame.new(1.00583e-07, 1.11759e-08, 1.19209e-07, 0.985537, 0.169344, 0.00627916, -0.168967, 0.984817, -0.0398211, -0.0129273, 0.0381842, 0.999187)
    Left Arm.CFrame = CFrame.new(-0.358481, -0.469434, 0.411583, -0.307666, 0.380078, -0.872286, -0.9218, 0.108176, 0.372266, 0.235851, 0.918607, 0.317074)
    Right Leg.CFrame = CFrame.new(0.26608, 0.149942, 0.250239, 0.737216, 0.372677, -0.563581, -0.302434, 0.92791, 0.217984, 0.60419, 0.00974493, 0.796781)

[3]
    Time: 0.100000
    HumanoidRootPart.CFrame = CFrame.new(0, 0, 0, 1, 0, 0, 0, 1, 0, 0, 0, 1)
    Torso.CFrame = CFrame.new(-0.858734, -0.045956, -0.0309072, 0.98367, -0.146833, -0.104085, 0.141443, 0.988278, -0.057445, 0.111299, 0.0417849, 0.992908)
    Left Leg.CFrame = CFrame.new(-0.359852, 0.288535, 0.244611, 0.891111, 0.0641904, 0.449223, -0.0687078, 0.997617, -0.00625797, -0.448554, -0.0252886, 0.893398)
    Right Arm.CFrame = CFrame.new(0.368955, -0.469634, 0.403032, -0.252389, -0.405438, 0.87859, 0.956581, 0.0322499, 0.289676, -0.14578, 0.913553, 0.379695)
    Head.CFrame = CFrame.new(6.70552e-08, -1.49012e-08, -2.98023e-07, 0.986901, 0.159965, -0.0209087, -0.160469, 0.98672, -0.025167, 0.0166052, 0.0281925, 0.999465)
    Left Arm.CFrame = CFrame.new(-0.357977, -0.482987, 0.412134, -0.371212, 0.380454, -0.847028, -0.893439, 0.102124, 0.437422, 0.252921, 0.919144, 0.302003)
    Right Leg.CFrame = CFrame.new(0.285938, 0.172234, 0.256214, 0.772025, 0.342132, -0.535652, -0.254508, 0.938652, 0.232719, 0.582411, -0.0433368, 0.811739)

[4]
    Time: 0.133333
    HumanoidRootPart.CFrame = CFrame.new(0, 0, 0, 1, 0, 0, 0, 1, 0, 0, 0, 1)
    Torso.CFrame = CFrame.new(-0.786167, -0.0565247, 0.0128825, 0.987973, -0.126116, -0.0894651, 0.12001, 0.990255, -0.0706559, 0.0975042, 0.0590695, 0.993481)
    Left Leg.CFrame = CFrame.new(-0.434671, 0.385047, 0.2624, 0.919229, 0.0236942, 0.39301, -0.0145691, 0.999551, -0.0261858, -0.393454, 0.018345, 0.919161)
    Right Arm.CFrame = CFrame.new(0.368955, -0.469634, 0.403032, -0.291737, -0.390706, 0.873063, 0.944326, 0.0275059, 0.327859, -0.152111, 0.920104, 0.360929)
    Head.CFrame = CFrame.new(1.67638e-07, 1.49012e-08, 1.19209e-07, 0.987932, 0.152205, -0.0286931, -0.152687, 0.988155, -0.0153926, 0.0260105, 0.0195879, 0.99947)
    Left Arm.CFrame = CFrame.new(-0.357565, -0.486134, 0.412258, -0.404997, 0.375303, -0.833741, -0.879414, 0.0896543, 0.46754, 0.250218, 0.922556, 0.293737)
    Right Leg.CFrame = CFrame.new(0.367275, 0.221476, 0.28537, 0.781908, 0.36034, -0.508699, -0.277815, 0.931922, 0.233111, 0.558067, -0.0409472, 0.828785)

[5]
    Time: 0.200000
    HumanoidRootPart.CFrame = CFrame.new(0, 0, 0, 1, 0, 0, 0, 1, 0, 0, 0, 1)
    Torso.CFrame = CFrame.new(-0.572605, -0.0704078, 0.0494645, 0.99653, -0.0801063, -0.0226158, 0.0778311, 0.993074, -0.0880098, 0.0295093, 0.0859441, 0.995863)
    Left Leg.CFrame = CFrame.new(-0.523948, 0.430123, 0.224714, 0.957389, -0.0280667, 0.287435, 0.027956, 0.999599, 0.00449025, -0.287446, 0.00373665, 0.95779)
    Right Arm.CFrame = CFrame.new(0.368955, -0.469634, 0.403032, -0.362831, -0.360425, 0.85933, 0.918121, 0.0194748, 0.395822, -0.159399, 0.932585, 0.323847)
    Head.CFrame = CFrame.new(-9.31323e-10, 7.45058e-09, -1.78814e-07, 0.991076, 0.13032, -0.0280069, -0.130219, 0.99147, 0.0054343, 0.0284762, -0.00173877, 0.999593)
    Left Arm.CFrame = CFrame.new(-0.356485, -0.489751, 0.412405, -0.461624, 0.360756, -0.810406, -0.855362, 0.0610709, 0.514418, 0.235072, 0.930659, 0.280385)
    Right Leg.CFrame = CFrame.new(0.524228, 0.321766, 0.343581, 0.79053, 0.402895, -0.461236, -0.360268, 0.91497, 0.18176, 0.495247, 0.0224819, 0.868461)

[6]
    Time: 0.233333
    HumanoidRootPart.CFrame = CFrame.new(0, 0, 0, 1, 0, 0, 0, 1, 0, 0, 0, 1)
    Torso.CFrame = CFrame.new(-0.461988, -0.0723869, 0.0504882, 0.997965, -0.0637492, -0.00161125, 0.0633423, 0.993882, -0.0904837, 0.00736965, 0.0901975, 0.995897)
    Left Leg.CFrame = CFrame.new(-0.522527, 0.322216, 0.203667, 0.967502, -0.0345609, 0.250492, 0.0302166, 0.999319, 0.0211692, -0.251054, -0.0129122, 0.967887)
    Right Arm.CFrame = CFrame.new(0.368955, -0.469634, 0.403031, -0.385535, -0.349882, 0.853783, 0.908594, 0.017184, 0.417328, -0.160687, 0.936636, 0.311275)
    Head.CFrame = CFrame.new(9.68575e-08, 9.31323e-09, 2.38419e-07, 0.993095, 0.115285, -0.0217342, -0.114967, 0.993251, 0.0153678, 0.0233592, -0.012763, 0.999646)
    Left Arm.CFrame = CFrame.new(-0.355842, -0.492053, 0.412511, -0.478886, 0.354833, -0.802971, -0.847739, 0.0506901, 0.527986, 0.22805, 0.933555, 0.276531)
    Right Leg.CFrame = CFrame.new(0.532783, 0.324314, 0.376192, 0.788466, 0.399568, -0.467618, -0.383322, 0.913774, 0.134465, 0.481025, 0.0732271, 0.873643)

[7]
    Time: 0.266667
    HumanoidRootPart.CFrame = CFrame.new(0, 0, 0, 1, 0, 0, 0, 1, 0, 0, 0, 1)
    Torso.CFrame = CFrame.new(-0.358346, -0.0621183, -0.0074873, 0.998454, -0.0554901, 0.00326539, 0.055576, 0.995431, -0.077648, 0.00105822, 0.0777094, 0.996976)
    Left Leg.CFrame = CFrame.new(-0.497362, 0.221707, 0.187075, 0.975799, -0.041935, 0.214612, 0.0371419, 0.998963, 0.0263194, -0.215494, -0.0177114, 0.976345)
    Right Arm.CFrame = CFrame.new(0.368955, -0.469634, 0.403032, -0.394041, -0.345807, 0.851557, 0.904877, 0.0163609, 0.425358, -0.161024, 0.938163, 0.306466)
    Head.CFrame = CFrame.new(9.96515e-08, -3.91155e-08, -2.98023e-07, 0.995235, 0.096496, -0.0139977, -0.0961392, 0.995072, 0.0242508, 0.0162689, -0.0227895, 0.999608)
    Left Arm.CFrame = CFrame.new(-0.355146, -0.495904, 0.412692, -0.485238, 0.352427, -0.800212, -0.844911, 0.0466121, 0.532872, 0.225098, 0.934678, 0.275152)
    Right Leg.CFrame = CFrame.new(0.498394, 0.263755, 0.391028, 0.788188, 0.386421, -0.478997, -0.396417, 0.914114, 0.085139, 0.470758, 0.122777, 0.873678)

[8]
    Time: 0.300000
    HumanoidRootPart.CFrame = CFrame.new(0, 0, 0, 1, 0, 0, 0, 1, 0, 0, 0, 1)
    Torso.CFrame = CFrame.new(-0.253498, -0.0519834, -0.127631, 0.998854, -0.0477383, 0.0034605, 0.0478623, 0.996738, -0.0649793, -0.000347216, 0.0650704, 0.997881)
    Left Leg.CFrame = CFrame.new(-0.508807, 0.197386, 0.186559, 0.979662, -0.0742239, 0.18642, 0.0719438, 0.997228, 0.0189755, -0.187312, -0.00517774, 0.982287)
    Right Arm.CFrame = CFrame.new(0.368955, -0.469634, 0.403032, -0.358308, -0.35364, 0.864034, 0.917393, 0.0383456, 0.39613, -0.173219, 0.934595, 0.310687)
    Head.CFrame = CFrame.new(8.40519e-08, -1.86265e-09, 2.38419e-07, 0.997295, 0.0732084, -0.00656957, -0.0729674, 0.996837, 0.0314882, 0.00885399, -0.0309236, 0.999483)
    Left Arm.CFrame = CFrame.new(-0.35441, -0.501611, 0.413162, -0.452882, 0.355647, -0.817565, -0.860304, 0.0663964, 0.50544, 0.234042, 0.932259, 0.275895)
    Right Leg.CFrame = CFrame.new(0.44043, 0.208248, 0.349136, 0.810674, 0.352986, -0.467128, -0.370353, 0.927089, 0.057829, 0.453482, 0.126122, 0.882297)

[9]
    Time: 0.333333
    HumanoidRootPart.CFrame = CFrame.new(0, 0, 0, 1, 0, 0, 0, 1, 0, 0, 0, 1)
    Torso.CFrame = CFrame.new(-0.144924, -0.0664778, -0.235277, 0.999476, -0.0321958, 0.00344804, 0.0323711, 0.996016, -0.0830973, -0.000758917, 0.0831654, 0.996535)
    Left Leg.CFrame = CFrame.new(-0.542748, 0.236281, 0.204183, 0.981164, -0.0905132, 0.170659, 0.0942369, 0.995454, -0.0138301, -0.168632, 0.029652, 0.985233)
    Right Arm.CFrame = CFrame.new(0.368955, -0.469635, 0.403032, -0.288836, -0.363637, 0.885631, 0.937758, 0.0788611, 0.338217, -0.19283, 0.928197, 0.318226)
    Head.CFrame = CFrame.new(7.52043e-08, 2.32831e-08, -4.17233e-07, 0.998999, 0.0447168, -0.00118403, -0.0446441, 0.998339, 0.0364183, 0.00281057, -0.036329, 0.999336)
    Left Arm.CFrame = CFrame.new(-0.353647, -0.507045, 0.414826, -0.390234, 0.361315, -0.846859, -0.886402, 0.101333, 0.451689, 0.249016, 0.926921, 0.280726)
    Right Leg.CFrame = CFrame.new(0.378262, 0.223946, 0.277874, 0.852405, 0.283246, -0.439519, -0.283825, 0.9566, 0.0660245, 0.439145, 0.0684668, 0.895803)

[10]
    Time: 0.366667
    HumanoidRootPart.CFrame = CFrame.new(0, 0, 0, 1, 0, 0, 0, 1, 0, 0, 0, 1)
    Torso.CFrame = CFrame.new(-0.0348869, -0.0951825, -0.282737, 0.999976, -0.00585256, 0.00386291, 0.00627062, 0.992877, -0.118978, -0.00313906, 0.118999, 0.992889)
    Left Leg.CFrame = CFrame.new(-0.546021, 0.268591, 0.23268, 0.983706, -0.0710049, 0.165169, 0.0831466, 0.994229, -0.0677897, -0.159402, 0.0804184, 0.983933)
    Right Arm.CFrame = CFrame.new(0.368955, -0.469634, 0.403032, -0.246671, -0.36099, 0.899355, 0.949127, 0.0974448, 0.299435, -0.195731, 0.927465, 0.318589)
    Head.CFrame = CFrame.new(8.50996e-08, 8.81701e-08, 2.38419e-07, 0.999946, 0.0103393, 0.000488236, -0.0103504, 0.999214, 0.038268, -9.21881e-05, -0.0382711, 0.999267)
    Left Arm.CFrame = CFrame.new(-0.352869, -0.509465, 0.418764, -0.351908, 0.368326, -0.860521, -0.901293, 0.114806, 0.417722, 0.25265, 0.922581, 0.291568)
    Right Leg.CFrame = CFrame.new(0.365749, 0.296708, 0.227539, 0.883956, 0.223156, -0.41088, -0.194791, 0.974627, 0.110268, 0.425062, -0.0174366, 0.904996)

[11]
    Time: 0.400000
    HumanoidRootPart.CFrame = CFrame.new(0, 0, 0, 1, 0, 0, 0, 1, 0, 0, 0, 1)
    Torso.CFrame = CFrame.new(0.074269, -0.119646, -0.254395, 0.999497, 0.0312782, 0.00534463, -0.0301279, 0.988294, -0.149558, -0.00995996, 0.149321, 0.988739)
    Left Leg.CFrame = CFrame.new(-0.510111, 0.259607, 0.276759, 0.978299, -0.0529882, 0.200309, 0.0774473, 0.990189, -0.116312, -0.192181, 0.129301, 0.972804)
    Right Arm.CFrame = CFrame.new(0.368955, -0.469112, 0.399036, -0.25704, -0.342277, 0.903757, 0.949912, 0.0825306, 0.301424, -0.177758, 0.935968, 0.303919)
    Head.CFrame = CFrame.new(8.84756e-08, 1.01747e-07, -3.57628e-07, 0.999551, -0.0297036, -0.00384667, 0.0298224, 0.998914, 0.0357995, 0.00277912, -0.0358982, 0.999352)
    Left Arm.CFrame = CFrame.new(-0.352088, -0.5082, 0.425714, -0.354813, 0.377812, -0.855199, -0.904476, 0.0928778, 0.416289, 0.236708, 0.921212, 0.308768)
    Right Leg.CFrame = CFrame.new(0.406699, 0.337281, 0.226416, 0.899852, 0.198388, -0.388469, -0.173743, 0.979906, 0.0979711, 0.4001, -0.0206655, 0.916239)

[12]
    Time: 0.433333
    HumanoidRootPart.CFrame = CFrame.new(0, 0, 0, 1, 0, 0, 0, 1, 0, 0, 0, 1)
    Torso.CFrame = CFrame.new(0.181949, -0.135379, -0.180717, 0.997366, 0.0719739, 0.00898818, -0.0694215, 0.98313, -0.169224, -0.0210163, 0.168155, 0.985537)
    Left Leg.CFrame = CFrame.new(-0.461002, 0.24819, 0.343986, 0.95767, -0.0610858, 0.281312, 0.108925, 0.981462, -0.157692, -0.266464, 0.181659, 0.946571)
    Right Arm.CFrame = CFrame.new(0.368956, -0.467693, 0.388694, -0.291481, -0.314123, 0.90353, 0.944273, 0.0565223, 0.324275, -0.152932, 0.947698, 0.280142)
    Head.CFrame = CFrame.new(7.82311e-08, -4.93601e-08, 1.19209e-07, 0.99734, -0.0717317, -0.0129725, 0.0720856, 0.996969, 0.0292595, 0.0108343, -0.0301168, 0.999488)
    Left Arm.CFrame = CFrame.new(-0.351318, -0.504902, 0.435064, -0.372093, 0.387064, -0.84364, -0.904183, 0.0542511, 0.423686, 0.209762, 0.920455, 0.32979)
    Right Leg.CFrame = CFrame.new(0.502803, 0.373353, 0.263287, 0.903823, 0.225162, -0.363877, -0.227483, 0.973075, 0.0370875, 0.36243, 0.0492553, 0.930709)

[13]
    Time: 0.466667
    HumanoidRootPart.CFrame = CFrame.new(0, 0, 0, 1, 0, 0, 0, 1, 0, 0, 0, 1)
    Torso.CFrame = CFrame.new(0.287828, -0.141249, -0.0891242, 0.994134, 0.106998, 0.0157936, -0.102557, 0.978932, -0.176562, -0.0343526, 0.173906, 0.984163)
    Left Leg.CFrame = CFrame.new(-0.412173, 0.235573, 0.408987, 0.924443, -0.0881132, 0.371001, 0.16453, 0.96988, -0.179621, -0.343999, 0.22709, 0.911095)
    Right Arm.CFrame = CFrame.new(0.368955, -0.465604, 0.374474, -0.333993, -0.28306, 0.899069, 0.934065, 0.0284956, 0.355965, -0.126379, 0.958679, 0.254879)
    Head.CFrame = CFrame.new(6.70552e-08, 4.09782e-08, -4.17233e-07, 0.993525, -0.111188, -0.0233417, 0.111665, 0.99354, 0.0202444, 0.0209399, -0.0227198, 0.999523)
    Left Arm.CFrame = CFrame.new(-0.350569, -0.500323, 0.445861, -0.395198, 0.394183, -0.829722, -0.900657, 0.0113647, 0.434383, 0.180656, 0.918962, 0.350532)
    Right Leg.CFrame = CFrame.new(0.597069, 0.379661, 0.317895, 0.89894, 0.273817, -0.341953, -0.307254, 0.950485, -0.046627, 0.312254, 0.146981, 0.93856)

[14]
    Time: 0.500000
    HumanoidRootPart.CFrame = CFrame.new(0, 0, 0, 1, 0, 0, 0, 1, 0, 0, 0, 1)
    Torso.CFrame = CFrame.new(0.390643, -0.137185, -0.00756741, 0.991205, 0.129651, 0.0265099, -0.123265, 0.977446, -0.171482, -0.0481447, 0.166706, 0.984831)
    Left Leg.CFrame = CFrame.new(-0.383152, 0.226442, 0.451754, 0.889333, -0.131116, 0.438059, 0.226404, 0.958598, -0.172719, -0.397276, 0.252783, 0.882198)
    Right Arm.CFrame = CFrame.new(0.368955, -0.463066, 0.358846, -0.369574, -0.257326, 0.89286, 0.923283, 0.00657822, 0.384063, -0.104703, 0.966302, 0.235153)
    Head.CFrame = CFrame.new(6.70552e-08, -1.11759e-08, 0, 0.989146, -0.143491, -0.0316248, 0.143891, 0.989535, 0.0107245, 0.029755, -0.0151587, 0.999442)
    Left Arm.CFrame = CFrame.new(-0.349855, -0.495211, 0.457152, -0.415464, 0.398493, -0.817676, -0.895801, -0.0232071, 0.443849, 0.157895, 0.916878, 0.366612)
    Right Leg.CFrame = CFrame.new(0.671467, 0.35351, 0.370296, 0.885083, 0.327775, -0.330442, -0.382202, 0.917005, -0.114118, 0.265612, 0.227299, 0.936902)

[15]
    Time: 0.533333
    HumanoidRootPart.CFrame = CFrame.new(0, 0, 0, 1, 0, 0, 0, 1, 0, 0, 0, 1)
    Torso.CFrame = CFrame.new(0.48489, -0.12374, 0.0355134, 0.988868, 0.143245, 0.0402737, -0.135463, 0.978634, -0.154675, -0.0615697, 0.147498, 0.987144)
    Left Leg.CFrame = CFrame.new(-0.390277, 0.221716, 0.461758, 0.864042, -0.191945, 0.465391, 0.282953, 0.949783, -0.133602, -0.416376, 0.247122, 0.874964)
    Right Arm.CFrame = CFrame.new(0.368955, -0.460304, 0.344277, -0.384424, -0.246557, 0.889622, 0.918182, -0.00221571, 0.396152, -0.0957027, 0.969126, 0.227236)
    Head.CFrame = CFrame.new(7.45058e-08, -3.72529e-08, -4.17233e-07, 0.985834, -0.16409, -0.034726, 0.164289, 0.986408, 0.00293716, 0.033772, -0.00860066, 0.999393)
    Left Arm.CFrame = CFrame.new(-0.349189, -0.490317, 0.467986, -0.424489, 0.400517, -0.812032, -0.893009, -0.0371346, 0.448504, 0.149479, 0.915537, 0.373428)
    Right Leg.CFrame = CFrame.new(0.726942, 0.331173, 0.388268, 0.867387, 0.37301, -0.329398, -0.428174, 0.896724, -0.11204, 0.253587, 0.238221, 0.93752)

[16]
    Time: 0.566667
    HumanoidRootPart.CFrame = CFrame.new(0, 0, 0, 1, 0, 0, 0, 1, 0, 0, 0, 1)
    Torso.CFrame = CFrame.new(0.565575, -0.101839, 0.0450146, 0.986745, 0.152426, 0.055679, -0.144401, 0.981297, -0.127299, -0.0740414, 0.117572, 0.9903)
    Left Leg.CFrame = CFrame.new(-0.412104, 0.20146, 0.420591, 0.850978, -0.25623, 0.458456, 0.318248, 0.945977, -0.0620222, -0.417797, 0.198682, 0.88655)
    Right Arm.CFrame = CFrame.new(0.368955, -0.457543, 0.332531, -0.377283, -0.250455, 0.891589, 0.920604, 0.00328182, 0.390483, -0.100724, 0.968123, 0.229332)
    Head.CFrame = CFrame.new(1.52737e-07, -5.21541e-08, -4.76837e-07, 0.984099, -0.17431, -0.0341379, 0.174349, 0.984682, -0.00187537, 0.0339419, -0.00410635, 0.999415)
    Left Arm.CFrame = CFrame.new(-0.348582, -0.486196, 0.47759, -0.425264, 0.402922, -0.810435, -0.891321, -0.0309648, 0.452314, 0.157152, 0.91471, 0.372301)
    Right Leg.CFrame = CFrame.new(0.644444, 0.351938, 0.324644, 0.920383, 0.205532, -0.332644, -0.231503, 0.972013, -0.0399571, 0.315122, 0.113784, 0.942206)

[17]
    Time: 0.600000
    HumanoidRootPart.CFrame = CFrame.new(0, 0, 0, 1, 0, 0, 0, 1, 0, 0, 0, 1)
    Torso.CFrame = CFrame.new(0.634104, -0.0773612, 0.0479975, 0.98485, 0.158242, 0.0709229, -0.151105, 0.983777, -0.0967016, -0.0850745, 0.0845197, 0.992783)
    Left Leg.CFrame = CFrame.new(-0.406413, 0.15407, 0.33675, 0.850412, -0.297556, 0.433889, 0.320561, 0.946992, 0.0211445, -0.417181, 0.121106, 0.900718)
    Right Arm.CFrame = CFrame.new(0.368955, -0.455005, 0.322548, -0.358372, -0.259878, 0.896679, 0.926586, 0.0183262, 0.375636, -0.114052, 0.965468, 0.234231)
    Head.CFrame = CFrame.new(-2.23517e-08, 7.45058e-09, -1.78814e-07, 0.983171, -0.179764, -0.0325503, 0.179698, 0.983709, -0.0049529, 0.0329103, -0.000979693, 0.999458)
    Left Arm.CFrame = CFrame.new(-0.348047, -0.482631, 0.485909, -0.423337, 0.408184, -0.808809, -0.888702, -0.0136129, 0.458284, 0.176054, 0.912798, 0.368516)
    Right Leg.CFrame = CFrame.new(0.327062, 0.121538, 0.185903, 0.919472, -0.203682, -0.33628, 0.222253, 0.974837, 0.017244, 0.324306, -0.0905945, 0.941604)

[18]
    Time: 0.633333
    HumanoidRootPart.CFrame = CFrame.new(0, 0, 0, 1, 0, 0, 0, 1, 0, 0, 0, 1)
    Torso.CFrame = CFrame.new(0.693396, -0.0575121, -0.0291808, 0.983345, 0.161175, 0.0839949, -0.155345, 0.985241, -0.0718901, -0.0943421, 0.0576446, 0.99387)
    Left Leg.CFrame = CFrame.new(-0.436969, 0.141919, 0.267927, 0.847244, -0.350296, 0.399337, 0.343996, 0.934645, 0.090032, -0.404776, 0.0610915, 0.912373)
    Right Arm.CFrame = CFrame.new(0.368955, -0.452915, 0.312562, -0.331428, -0.271318, 0.903627, 0.934047, 0.0407452, 0.354819, -0.133087, 0.961627, 0.23992)
    Head.CFrame = CFrame.new(6.70552e-08, 4.47035e-08, -1.19209e-07, 0.982817, -0.182332, -0.0287475, 0.182184, 0.983234, -0.00771263, 0.0296717, 0.00234276, 0.999557)
    Left Arm.CFrame = CFrame.new(-0.347597, -0.479212, 0.493069, -0.414281, 0.416617, -0.809198, -0.886969, 0.0145695, 0.461598, 0.2041, 0.908965, 0.363491)
    Right Leg.CFrame = CFrame.new(-0.0128133, -0.128537, 0.0647019, 0.800511, -0.4904, -0.344514, 0.537788, 0.841488, 0.0517816, 0.26451, -0.226727, 0.937352)

[19]
    Time: 0.666667
    HumanoidRootPart.CFrame = CFrame.new(0, 0, 0, 1, 0, 0, 0, 1, 0, 0, 0, 1)
    Torso.CFrame = CFrame.new(0.74637, -0.0495416, -0.148113, 0.982405, 0.162031, 0.0928835, -0.15672, 0.9857, -0.061927, -0.101589, 0.0462808, 0.993749)
    Left Leg.CFrame = CFrame.new(-0.504396, 0.159594, 0.2259, 0.837419, -0.403949, 0.368178, 0.383852, 0.914204, 0.129954, -0.389085, 0.0325002, 0.920628)
    Right Arm.CFrame = CFrame.new(0.368955, -0.451497, 0.300809, -0.300341, -0.281383, 0.911383, 0.941091, 0.0682312, 0.331197, -0.155378, 0.957167, 0.244314)
    Head.CFrame = CFrame.new(1.24797e-07, 7.45058e-09, -5.96046e-08, 0.982717, -0.183864, -0.0214845, 0.18365, 0.982924, -0.0115682, 0.0232446, 0.00742267, 0.999702)
    Left Arm.CFrame = CFrame.new(-0.347245, -0.475528, 0.499195, -0.393531, 0.428097, -0.813552, -0.887619, 0.0534211, 0.457469, 0.239302, 0.902152, 0.358964)
    Right Leg.CFrame = CFrame.new(0.149383, 0.0142205, 0.104995, 0.84525, -0.395726, -0.359101, 0.451333, 0.888462, 0.0832688, 0.286096, -0.232457, 0.929577)

[20]
    Time: 0.700000
    HumanoidRootPart.CFrame = CFrame.new(0, 0, 0, 1, 0, 0, 0, 1, 0, 0, 0, 1)
    Torso.CFrame = CFrame.new(0.779415, -0.0581483, -0.181259, 0.983018, 0.156627, 0.0956267, -0.150032, 0.986006, -0.0726854, -0.105673, 0.0571039, 0.99276)
    Left Leg.CFrame = CFrame.new(-0.524404, 0.160439, 0.200526, 0.847797, -0.39953, 0.348736, 0.377869, 0.916493, 0.13136, -0.372097, 0.0204096, 0.92797)
    Right Arm.CFrame = CFrame.new(0.368955, -0.450974, 0.285522, -0.26927, -0.287003, 0.919306, 0.946336, 0.0982932, 0.307874, -0.178722, 0.952874, 0.245133)
    Head.CFrame = CFrame.new(1.00583e-07, -4.47035e-08, -2.38419e-07, 0.982474, -0.186156, -0.00949652, 0.185967, 0.982393, -0.0179158, 0.0126645, 0.0158358, 0.999794)
    Left Arm.CFrame = CFrame.new(-0.347001, -0.471169, 0.504412, -0.356142, 0.441806, -0.82339, -0.891577, 0.103129, 0.440971, 0.279739, 0.891163, 0.357175)
    Right Leg.CFrame = CFrame.new(0.220166, 0.105159, 0.1128, 0.859725, -0.341127, -0.380138, 0.404159, 0.909429, 0.0979512, 0.312295, -0.237847, 0.919729)

[21]
    Time: 0.733333
    HumanoidRootPart.CFrame = CFrame.new(0, 0, 0, 1, 0, 0, 0, 1, 0, 0, 0, 1)
    Torso.CFrame = CFrame.new(0.768168, -0.061493, -0.157722, 0.984611, 0.146782, 0.0948522, -0.139763, 0.987197, -0.0768663, -0.10492, 0.0624266, 0.992519)
    Left Leg.CFrame = CFrame.new(-0.511628, 0.163303, 0.206037, 0.851962, -0.380537, 0.359656, 0.358151, 0.924587, 0.129871, -0.381954, 0.018166, 0.924003)
    Right Arm.CFrame = CFrame.new(0.371326, -0.464983, 0.267585, -0.24441, -0.285411, 0.926717, 0.948722, 0.127201, 0.289389, -0.200474, 0.949927, 0.239687)
    Head.CFrame = CFrame.new(8.75443e-08, 2.98023e-08, 2.38419e-07, 0.981685, -0.190356, 0.00774006, 0.190498, 0.981306, -0.0273594, -0.00238735, 0.0283328, 0.999596)
    Left Arm.CFrame = CFrame.new(-0.346633, -0.465135, 0.508554, -0.305305, 0.454047, -0.837037, -0.89688, 0.158271, 0.412985, 0.319993, 0.876808, 0.358905)
    Right Leg.CFrame = CFrame.new(0.363357, 0.257208, 0.142272, 0.903956, -0.164305, -0.394801, 0.229945, 0.965166, 0.124819, 0.360541, -0.203613, 0.910249)

[22]
    Time: 0.766667
    HumanoidRootPart.CFrame = CFrame.new(0, 0, 0, 1, 0, 0, 0, 1, 0, 0, 0, 1)
    Torso.CFrame = CFrame.new(0.73597, -0.0626363, -0.100034, 0.986474, 0.135178, 0.0927166, -0.12812, 0.988663, -0.0782954, -0.102249, 0.0653576, 0.992609)
    Left Leg.CFrame = CFrame.new(-0.47296, 0.178359, 0.223889, 0.853451, -0.338797, 0.396028, 0.313916, 0.940743, 0.128297, -0.416027, 0.0148246, 0.909231)
    Right Arm.CFrame = CFrame.new(0.378284, -0.478993, 0.258469, -0.235375, -0.28077, 0.930466, 0.948614, 0.141964, 0.282804, -0.211496, 0.949218, 0.232928)
    Head.CFrame = CFrame.new(8.00937e-08, 0, 2.38419e-07, 0.980397, -0.195247, 0.0264837, 0.196155, 0.979851, -0.037619, -0.0186051, 0.0420764, 0.998941)
    Left Arm.CFrame = CFrame.new(-0.344916, -0.454072, 0.510294, -0.276959, 0.459983, -0.843629, -0.899532, 0.184573, 0.395949, 0.337841, 0.868533, 0.36265)
    Right Leg.CFrame = CFrame.new(0.539558, 0.380116, 0.172152, 0.909397, 0.11555, -0.399556, -0.0427493, 0.981515, 0.186552, 0.413726, -0.15257, 0.897526)

[23]
    Time: 0.800000
    HumanoidRootPart.CFrame = CFrame.new(0, 0, 0, 1, 0, 0, 0, 1, 0, 0, 0, 1)
    Torso.CFrame = CFrame.new(0.684826, -0.0624235, -0.028616, 0.988561, 0.121679, 0.0891128, -0.114861, 0.990312, -0.0780294, -0.097744, 0.0669013, 0.99296)
    Left Leg.CFrame = CFrame.new(-0.443327, 0.217615, 0.244579, 0.851593, -0.284229, 0.440458, 0.255368, 0.958737, 0.12494, -0.457795, 0.00608101, 0.889037)
    Right Arm.CFrame = CFrame.new(0.389469, -0.47335, 0.267439, -0.24873, -0.275369, 0.928604, 0.946891, 0.132589, 0.292946, -0.203791, 0.952151, 0.227765)
    Head.CFrame = CFrame.new(9.87202e-08, -1.49012e-08, 1.19209e-07, 0.979075, -0.199209, 0.041562, 0.201039, 0.978511, -0.0458126, -0.0315426, 0.0532095, 0.998085)
    Left Arm.CFrame = CFrame.new(-0.340811, -0.435333, 0.503782, -0.280689, 0.457276, -0.843868, -0.902416, 0.173715, 0.394296, 0.326894, 0.872194, 0.363893)
    Right Leg.CFrame = CFrame.new(0.682158, 0.362673, 0.209934, 0.826465, 0.401879, -0.39427, -0.322021, 0.911892, 0.254472, 0.461798, -0.0833491, 0.88306)

[24]
    Time: 0.833333
    HumanoidRootPart.CFrame = CFrame.new(0, 0, 0, 1, 0, 0, 0, 1, 0, 0, 0, 1)
    Torso.CFrame = CFrame.new(0.616755, -0.0617085, 0.0360963, 0.9908, 0.106146, 0.0839494, -0.0997406, 0.992019, -0.0771356, -0.091467, 0.0680529, 0.99348)
    Left Leg.CFrame = CFrame.new(-0.437405, 0.26777, 0.261916, 0.849195, -0.22445, 0.478007, 0.194012, 0.974481, 0.112901, -0.491149, -0.00313612, 0.87107)
    Right Arm.CFrame = CFrame.new(0.404019, -0.459245, 0.291282, -0.279328, -0.266251, 0.922543, 0.942774, 0.106145, 0.316087, -0.182082, 0.958042, 0.221365)
    Head.CFrame = CFrame.new(1.80677e-07, 2.98023e-08, -5.96046e-08, 0.978461, -0.200834, 0.0477503, 0.203122, 0.977919, -0.0491573, -0.0368235, 0.0577976, 0.997649)
    Left Arm.CFrame = CFrame.new(-0.334987, -0.411441, 0.486469, -0.292808, 0.445436, -0.846079, -0.907288, 0.149875, 0.392895, 0.301816, 0.88268, 0.360254)
    Right Leg.CFrame = CFrame.new(0.732774, 0.2374, 0.259885, 0.695398, 0.605401, -0.387184, -0.528603, 0.795921, 0.295108, 0.486826, -0.000551362, 0.873499)

[25]
    Time: 0.866667
    HumanoidRootPart.CFrame = CFrame.new(0, 0, 0, 1, 0, 0, 0, 1, 0, 0, 0, 1)
    Torso.CFrame = CFrame.new(0.533794, -0.0613566, 0.0736561, 0.993089, 0.0884313, 0.0771609, -0.0825207, 0.993634, -0.0766958, -0.083452, 0.0697984, 0.994064)
    Left Leg.CFrame = CFrame.new(-0.465077, 0.314646, 0.271973, 0.851812, -0.167851, 0.496229, 0.142511, 0.9858, 0.0888204, -0.504091, -0.00494038, 0.863637)
    Right Arm.CFrame = CFrame.new(0.420947, -0.440906, 0.325394, -0.318741, -0.25344, 0.91333, 0.935314, 0.0720496, 0.346406, -0.153598, 0.964664, 0.214081)
    Head.CFrame = CFrame.new(2.8871e-08, -1.86265e-08, -1.19209e-07, 0.982565, -0.182984, 0.0329217, 0.184078, 0.982323, -0.034001, -0.0261181, 0.0394683, 0.998879)
    Left Arm.CFrame = CFrame.new(-0.328544, -0.386213, 0.461693, -0.308022, 0.426672, -0.850338, -0.91296, 0.11887, 0.390351, 0.267631, 0.896561, 0.35292)
    Right Leg.CFrame = CFrame.new(0.700106, 0.139412, 0.291023, 0.621227, 0.678315, -0.392385, -0.619693, 0.731725, 0.283829, 0.479643, 0.0668363, 0.874914)

[26]
    Time: 0.900000
    HumanoidRootPart.CFrame = CFrame.new(0, 0, 0, 1, 0, 0, 0, 1, 0, 0, 0, 1)
    Torso.CFrame = CFrame.new(0.438012, -0.0622468, 0.0838256, 0.99529, 0.0683758, 0.06872, -0.062982, 0.994977, -0.0778085, -0.0736951, 0.0731139, 0.994597)
    Left Leg.CFrame = CFrame.new(-0.535938, 0.334112, 0.255646, 0.876938, -0.117897, 0.465919, 0.102347, 0.993019, 0.0586405, -0.46958, -0.00373863, 0.882882)
    Right Arm.CFrame = CFrame.new(0.439265, -0.422569, 0.365173, -0.358598, -0.237934, 0.90266, 0.924953, 0.0399253, 0.377978, -0.125973, 0.97046, 0.205761)
    Head.CFrame = CFrame.new(1.08033e-07, 0, -2.38419e-07, 0.990002, -0.140923, 0.00608038, 0.140954, 0.990003, -0.00508396, -0.00530314, 0.00589019, 0.999969)
    Left Arm.CFrame = CFrame.new(-0.322581, -0.363466, 0.432789, -0.321138, 0.403629, -0.856711, -0.918745, 0.0866659, 0.385223, 0.229735, 0.910809, 0.343001)
    Right Leg.CFrame = CFrame.new(0.606488, 0.0752791, 0.296092, 0.634699, 0.652065, -0.414691, -0.62407, 0.748998, 0.222573, 0.455735, 0.117529, 0.882322)

[27]
    Time: 0.933333
    HumanoidRootPart.CFrame = CFrame.new(0, 0, 0, 1, 0, 0, 0, 1, 0, 0, 0, 1)
    Torso.CFrame = CFrame.new(0.33152, -0.0652714, 0.0854909, 0.997227, 0.0457997, 0.0586522, -0.0409366, 0.995825, -0.0815893, -0.0621441, 0.078962, 0.994939)
    Left Leg.CFrame = CFrame.new(-0.599667, 0.269031, 0.195339, 0.92402, -0.0479017, 0.379332, 0.0441938, 0.998852, 0.018482, -0.379782, -0.000313544, 0.925076)
    Right Arm.CFrame = CFrame.new(0.457984, -0.408462, 0.406014, -0.390958, -0.222102, 0.893209, 0.914143, 0.0193434, 0.40493, -0.107213, 0.974832, 0.195471)
    Head.CFrame = CFrame.new(7.86968e-08, 3.1665e-08, -3.57628e-07, 0.99555, -0.0939166, -0.00773289, 0.0939989, 0.995511, 0.0110752, 0.00665803, -0.0117528, 0.999909)
    Left Arm.CFrame = CFrame.new(-0.318198, -0.347019, 0.403096, -0.327395, 0.379547, -0.865307, -0.924759, 0.0593092, 0.375904, 0.193994, 0.923269, 0.331572)
    Right Leg.CFrame = CFrame.new(0.430867, -0.00194347, 0.257835, 0.694309, 0.566521, -0.443835, -0.568095, 0.810042, 0.145261, 0.441818, 0.151284, 0.884257)

[28]
    Time: 0.966667
    HumanoidRootPart.CFrame = CFrame.new(0, 0, 0, 1, 0, 0, 0, 1, 0, 0, 0, 1)
    Torso.CFrame = CFrame.new(0.216308, -0.0806466, 0.0365233, 0.998678, 0.0212078, 0.0468311, -0.0163976, 0.994771, -0.100808, -0.0487241, 0.0999072, 0.993803)
    Left Leg.CFrame = CFrame.new(-0.642318, 0.188475, 0.116504, 0.964882, 0.0468598, 0.258471, -0.0415534, 0.998799, -0.025958, -0.259377, 0.0143061, 0.96567)
    Right Arm.CFrame = CFrame.new(0.476118, -0.40282, 0.443315, -0.408583, -0.209184, 0.888427, 0.906613, 0.0194129, 0.421517, -0.105421, 0.977684, 0.181717)
    Head.CFrame = CFrame.new(9.77889e-08, 2.6077e-08, -5.96046e-08, 0.998257, -0.0586111, -0.00688329, 0.058545, 0.99824, -0.00944672, 0.00742486, 0.00902728, 0.999932)
    Left Arm.CFrame = CFrame.new(-0.316492, -0.340688, 0.37595, -0.32261, 0.358013, -0.876213, -0.931759, 0.042795, 0.360547, 0.166578, 0.932735, 0.319776)
    Right Leg.CFrame = CFrame.new(0.233701, -0.049982, 0.186009, 0.759279, 0.446471, -0.473454, -0.471797, 0.878758, 0.0720551, 0.448223, 0.168664, 0.877866)

[29]
    Time: 1.000000
    HumanoidRootPart.CFrame = CFrame.new(0, 0, 0, 1, 0, 0, 0, 1, 0, 0, 0, 1)
    Torso.CFrame = CFrame.new(0.0944991, -0.104589, -0.0550859, 0.999438, -0.00383655, 0.0332971, 0.00816121, 0.991384, -0.130736, -0.0325086, 0.130934, 0.990858)
    Left Leg.CFrame = CFrame.new(-0.693498, 0.155368, 0.0586787, 0.981781, 0.12361, 0.144317, -0.116151, 0.991475, -0.0590457, -0.150386, 0.0412073, 0.987768)
    Right Arm.CFrame = CFrame.new(0.491646, -0.429862, 0.471764, -0.407259, -0.207179, 0.889504, 0.902749, 0.0563892, 0.426456, -0.138511, 0.976677, 0.164065)
    Head.CFrame = CFrame.new(9.19681e-08, -3.38187e-08, 0, 0.999412, -0.0337489, -0.00599498, 0.033425, 0.998301, -0.0477344, 0.00759577, 0.047506, 0.998842)
    Left Arm.CFrame = CFrame.new(-0.33445, -0.361386, 0.355215, -0.302023, 0.340031, -0.890596, -0.940272, 0.0476671, 0.337069, 0.157066, 0.939205, 0.305325)
    Right Leg.CFrame = CFrame.new(0.0966875, -0.077958, 0.126289, 0.796668, 0.344609, -0.496553, -0.394233, 0.918995, 0.00527795, 0.458149, 0.191553, 0.86799)

[30]
    Time: 1.033333
    HumanoidRootPart.CFrame = CFrame.new(0, 0, 0, 1, 0, 0, 0, 1, 0, 0, 0, 1)
    Torso.CFrame = CFrame.new(-0.0323398, -0.117049, -0.104563, 0.999472, -0.027448, 0.0173959, 0.0297013, 0.988793, -0.146311, -0.013185, 0.146751, 0.989086)
    Left Leg.CFrame = CFrame.new(-0.709295, 0.143074, 0.036, 0.981956, 0.162168, 0.097282, -0.155467, 0.985144, -0.0729527, -0.107667, 0.0565123, 0.99258)
    Right Arm.CFrame = CFrame.new(0.498418, -0.473368, 0.483214, -0.393314, -0.221075, 0.892429, 0.900214, 0.104685, 0.422677, -0.186867, 0.969622, 0.157841)
    Head.CFrame = CFrame.new(8.47504e-08, -2.20607e-08, -1.78814e-07, 0.999892, -0.0136964, -0.00535759, 0.0132987, 0.997576, -0.0683029, 0.00628011, 0.0682243, 0.99765)
    Left Arm.CFrame = CFrame.new(-0.356297, -0.400238, 0.346859, -0.279182, 0.327569, -0.902638, -0.945221, 0.0718478, 0.318426, 0.169159, 0.942091, 0.289567)
    Right Leg.CFrame = CFrame.new(0.0308263, -0.105524, 0.0934641, 0.808205, 0.294979, -0.509698, -0.369133, 0.928127, -0.0481797, 0.458852, 0.227085, 0.859004)

[31]
    Time: 1.066667
    HumanoidRootPart.CFrame = CFrame.new(0, 0, 0, 1, 0, 0, 0, 1, 0, 0, 0, 1)
    Torso.CFrame = CFrame.new(-0.163062, -0.111781, -0.0868995, 0.998873, -0.0474186, -0.00205285, 0.046667, 0.98909, -0.139727, 0.0086561, 0.139473, 0.990188)
    Left Leg.CFrame = CFrame.new(-0.640204, 0.106897, 0.0416551, 0.971915, 0.192892, 0.13481, -0.185209, 0.980378, -0.0674995, -0.145185, 0.0406357, 0.98857)
    Right Arm.CFrame = CFrame.new(0.495265, -0.496541, 0.481867, -0.377088, -0.241323, 0.894186, 0.89991, 0.132836, 0.415351, -0.219014, 0.961311, 0.167079)
    Head.CFrame = CFrame.new(1.09896e-07, -3.81842e-08, 1.19209e-07, 0.99998, 0.00619985, -0.00147882, -0.00628234, 0.997898, -0.064503, 0.0010758, 0.064511, 0.997916)
    Left Arm.CFrame = CFrame.new(-0.36177, -0.429091, 0.348106, -0.271599, 0.323847, -0.906288, -0.942171, 0.102638, 0.319028, 0.196336, 0.940526, 0.277243)
    Right Leg.CFrame = CFrame.new(-0.0176607, -0.13332, 0.0536349, 0.832313, 0.266351, -0.48612, -0.351733, 0.931589, -0.0917942, 0.428414, 0.247386, 0.869058)

[32]
    Time: 1.100000
    HumanoidRootPart.CFrame = CFrame.new(0, 0, 0, 1, 0, 0, 0, 1, 0, 0, 0, 1)
    Torso.CFrame = CFrame.new(-0.295288, -0.0985233, -0.043432, 0.99769, -0.0632901, -0.0246881, 0.0597919, 0.990585, -0.123154, 0.0322501, 0.121394, 0.992081)
    Left Leg.CFrame = CFrame.new(-0.676053, 0.145581, 0.0934405, 0.968476, 0.131247, 0.211726, -0.117186, 0.990066, -0.0776987, -0.21982, 0.050438, 0.974236)
    Right Arm.CFrame = CFrame.new(0.487392, -0.505079, 0.477732, -0.363241, -0.258518, 0.895112, 0.900792, 0.147943, 0.408273, -0.237972, 0.954611, 0.179132)
    Head.CFrame = CFrame.new(6.61239e-08, -5.58794e-09, 2.38419e-07, 0.999623, 0.0262983, 0.00795279, -0.0258201, 0.998141, -0.0552058, -0.00938982, 0.0549797, 0.998443)
    Left Arm.CFrame = CFrame.new(-0.363787, -0.446624, 0.350422, -0.274235, 0.325299, -0.904973, -0.935278, 0.128703, 0.329682, 0.223718, 0.936812, 0.26895)
    Right Leg.CFrame = CFrame.new(0.0775871, -0.155273, 0.0717331, 0.863318, 0.303937, -0.402871, -0.376681, 0.91935, -0.11361, 0.335849, 0.249835, 0.908178)

[33]
    Time: 1.133333
    HumanoidRootPart.CFrame = CFrame.new(0, 0, 0, 1, 0, 0, 0, 1, 0, 0, 0, 1)
    Torso.CFrame = CFrame.new(-0.426193, -0.081317, 0.0123103, 0.995923, -0.0753502, -0.0495925, 0.0700186, 0.992353, -0.101646, 0.0568724, 0.0977595, 0.993584)
    Left Leg.CFrame = CFrame.new(-0.768862, 0.265581, 0.20057, 0.953267, 0.0179053, 0.301598, 0.012121, 0.995172, -0.0973928, -0.301885, 0.096497, 0.948448)
    Right Arm.CFrame = CFrame.new(0.477177, -0.506299, 0.470669, -0.351788, -0.272313, 0.895595, 0.902887, 0.153809, 0.40142, -0.247062, 0.949836, 0.19176)
    Head.CFrame = CFrame.new(1.19209e-07, -3.72529e-09, -4.76837e-07, 0.998715, 0.0458067, 0.0216841, -0.0448351, 0.998053, -0.0433543, -0.0236278, 0.0423263, 0.998824)
    Left Arm.CFrame = CFrame.new(-0.364075, -0.458224, 0.351669, -0.277241, 0.326977, -0.903451, -0.931328, 0.139657, 0.33634, 0.236149, 0.934656, 0.265804)
    Right Leg.CFrame = CFrame.new(0.35671, -0.144895, 0.117031, 0.864333, 0.42436, -0.269902, -0.462748, 0.881238, -0.0963547, 0.196958, 0.208179, 0.958055)

[34]
    Time: 1.166667
    HumanoidRootPart.CFrame = CFrame.new(0, 0, 0, 1, 0, 0, 0, 1, 0, 0, 0, 1)
    Torso.CFrame = CFrame.new(-0.552796, -0.0642399, 0.0670993, 0.993578, -0.0841345, -0.0756515, 0.0780317, 0.993712, -0.0802999, 0.0819318, 0.0738811, 0.993896)
    Left Leg.CFrame = CFrame.new(-0.778094, 0.368842, 0.302425, 0.923146, -0.0403269, 0.382328, 0.0893878, 0.989743, -0.111435, -0.373913, 0.137046, 0.917283)
    Right Arm.CFrame = CFrame.new(0.466474, -0.484958, 0.460683, -0.343777, -0.284134, 0.895034, 0.905735, 0.151303, 0.395919, -0.247915, 0.946771, 0.205336)
    Head.CFrame = CFrame.new(1.73226e-07, 1.49012e-08, -5.96046e-08, 0.997215, 0.0639843, 0.0383236, -0.0627806, 0.99752, -0.0318291, -0.0402651, 0.0293345, 0.998758)
    Left Arm.CFrame = CFrame.new(-0.363837, -0.468652, 0.351215, -0.2885, 0.330029, -0.898804, -0.932794, 0.114907, 0.341602, 0.216018, 0.936951, 0.274699)
    Right Leg.CFrame = CFrame.new(0.63964, -0.0700945, 0.0828818, 0.842358, 0.527112, -0.112187, -0.53346, 0.845112, -0.0347212, 0.0765089, 0.0890951, 0.99308)

[35]
    Time: 1.200000
    HumanoidRootPart.CFrame = CFrame.new(0, 0, 0, 1, 0, 0, 0, 1, 0, 0, 0, 1)
    Torso.CFrame = CFrame.new(-0.672046, -0.0514014, 0.108129, 0.990694, -0.0904945, -0.101668, 0.0842367, 0.994372, -0.0642519, 0.10691, 0.0550897, 0.992741)
    Left Leg.CFrame = CFrame.new(-0.740469, 0.408476, 0.364792, 0.897391, -0.0512033, 0.438255, 0.111745, 0.987237, -0.11347, -0.426851, 0.1508, 0.89166)
    Right Arm.CFrame = CFrame.new(0.455037, -0.434068, 0.448358, -0.338627, -0.296424, 0.893009, 0.909153, 0.141454, 0.391704, -0.24243, 0.944523, 0.221594)
    Head.CFrame = CFrame.new(1.49943e-07, -7.45058e-09, -2.98023e-07, 0.995183, 0.0802123, 0.0563573, -0.0789994, 0.996599, -0.023434, -0.0580453, 0.0188689, 0.998136)
    Left Arm.CFrame = CFrame.new(-0.363086, -0.480173, 0.350134, -0.315587, 0.336085, -0.887385, -0.933927, 0.0554437, 0.353138, 0.167884, 0.940198, 0.296381)
    Right Leg.CFrame = CFrame.new(0.848935, 0.0537877, -0.0209655, 0.816181, 0.577165, 0.0270163, -0.577426, 0.813091, 0.0739037, 0.020688, -0.0759187, 0.996899)

[36]
    Time: 1.233333
    HumanoidRootPart.CFrame = CFrame.new(0, 0, 0, 1, 0, 0, 0, 1, 0, 0, 0, 1)
    Torso.CFrame = CFrame.new(-0.780898, -0.0469092, 0.122909, 0.987356, -0.0955977, -0.126446, 0.0887631, 0.994325, -0.0586366, 0.131334, 0.0466714, 0.990239)
    Left Leg.CFrame = CFrame.new(-0.711465, 0.413512, 0.394288, 0.887019, -0.0457057, 0.459466, 0.105765, 0.988744, -0.105827, -0.449458, 0.142466, 0.881868)
    Right Arm.CFrame = CFrame.new(0.442093, -0.373329, 0.43442, -0.33359, -0.310309, 0.890183, 0.91312, 0.128401, 0.386944, -0.234372, 0.941924, 0.240516)
    Head.CFrame = CFrame.new(1.4063e-07, -4.47035e-08, 0, 0.992802, 0.0940235, 0.0741883, -0.0927159, 0.995474, -0.0208847, -0.0758161, 0.013856, 0.997026)
    Left Arm.CFrame = CFrame.new(-0.361762, -0.494425, 0.348843, -0.348192, 0.341003, -0.873201, -0.930888, -0.0159748, 0.364957, 0.110502, 0.939927, 0.322997)
    Right Leg.CFrame = CFrame.new(0.952572, 0.203649, -0.13791, 0.816255, 0.568837, 0.100755, -0.57606, 0.788378, 0.215906, 0.0433823, -0.234275, 0.971202)

[37]
    Time: 1.266667
    HumanoidRootPart.CFrame = CFrame.new(0, 0, 0, 1, 0, 0, 0, 1, 0, 0, 0, 1)
    Torso.CFrame = CFrame.new(-0.876456, -0.0510593, 0.0931487, 0.98373, -0.1004, -0.14898, 0.0917548, 0.993734, -0.0638242, 0.154455, 0.0491161, 0.986778)
    Left Leg.CFrame = CFrame.new(-0.704569, 0.437446, 0.401423, 0.894065, -0.0370449, 0.446402, 0.0854181, 0.992387, -0.0887237, -0.439717, 0.117456, 0.890423)
    Right Arm.CFrame = CFrame.new(0.42687, -0.322439, 0.419599, -0.325817, -0.32692, 0.887111, 0.917675, 0.116344, 0.379918, -0.227413, 0.937863, 0.262099)
    Head.CFrame = CFrame.new(1.1269e-07, -3.72529e-08, -4.76837e-07, 0.990341, 0.105419, 0.0900663, -0.103015, 0.994198, -0.0309455, -0.092806, 0.0213684, 0.995455)
    Left Arm.CFrame = CFrame.new(-0.359807, -0.513048, 0.347761, -0.375562, 0.343156, -0.860928, -0.924668, -0.0757988, 0.373155, 0.0627929, 0.936215, 0.345772)
    Right Leg.CFrame = CFrame.new(0.977803, 0.362332, -0.256445, 0.845087, 0.520684, 0.121308, -0.526635, 0.771652, 0.356664, 0.0921022, -0.365297, 0.926323)

[38]
    Time: 1.300000
    HumanoidRootPart.CFrame = CFrame.new(0, 0, 0, 1, 0, 0, 0, 1, 0, 0, 0, 1)
    Torso.CFrame = CFrame.new(-0.955857, -0.0594246, 0.0257077, 0.980143, -0.104845, -0.168306, 0.0934485, 0.992849, -0.0742808, 0.17489, 0.0570779, 0.982932)
    Left Leg.CFrame = CFrame.new(-0.699658, 0.398102, 0.335846, 0.912239, -0.0128873, 0.409455, 0.0111216, 0.999916, 0.00669317, -0.409507, -0.00155197, 0.912306)
    Right Arm.CFrame = CFrame.new(0.408595, -0.301098, 0.40462, -0.312313, -0.347374, 0.88419, 0.922927, 0.109586, 0.369049, -0.225093, 0.931301, 0.286376)
    Head.CFrame = CFrame.new(5.40167e-08, -1.49012e-08, 0, 0.988048, 0.114737, 0.102936, -0.109731, 0.992544, -0.0530678, -0.108258, 0.0411383, 0.993271)
