[1]
    Time: 0.000000
    HumanoidRootPart.CFrame = CFrame.new(0, 0, 0, 1, 0, 0, 0, 1, 0, 0, 0, 1)
    Torso.CFrame = CFrame.new(0.434425, 0.0783572, -0.236789, 0.977073, -0.151076, 0.150013, 0.13781, 0.985867, 0.0952602, -0.162285, -0.0724028, 0.984084)
    Left Leg.CFrame = CFrame.new(-0.714656, 0.217781, -0.138238, 0.913708, -0.405502, 0.0265612, 0.3903, 0.893897, 0.220486, -0.11315, -0.191093, 0.975028)
    Right Arm.CFrame = CFrame.new(0.598024, 0.0500834, 0.193776, -0.823986, -0.139871, -0.549075, 0.0274759, -0.977776, 0.207846, -0.565944, 0.156176, 0.809516)
    Head.CFrame = CFrame.new(5.40167e-08, -2.23517e-08, 0.0166622, 0.978221, 0.129205, -0.162451, -0.141759, 0.987551, -0.068175, 0.15162, 0.089719, 0.984359)
    Left Arm.CFrame = CFrame.new(-0.456733, 0.20794, 0.0883914, -0.971181, 0.141475, 0.191814, -0.11991, -0.985534, 0.119771, 0.205984, 0.093319, 0.974096)
    Right Leg.CFrame = CFrame.new(0.157859, 0.0947617, -0.0365294, 0.840685, 0.325086, -0.433091, -0.278669, 0.945448, 0.168737, 0.464319, -0.0211657, 0.885415)

[2]
    Time: 0.033333
    HumanoidRootPart.CFrame = CFrame.new(0, 0, 0, 1, 0, 0, 0, 1, 0, 0, 0, 1)
    Torso.CFrame = CFrame.new(0.399887, 0.0574473, -0.176889, 0.983659, -0.125966, 0.128634, 0.114157, 0.988871, 0.0954103, -0.139221, -0.0791668, 0.987092)
    Left Leg.CFrame = CFrame.new(-0.625356, 0.16294, -0.0921028, 0.91605, -0.394791, 0.0706618, 0.374076, 0.90458, 0.204456, -0.144637, -0.160859, 0.976322)
    Right Arm.CFrame = CFrame.new(0.692959, 0.016052, 0.18112, -0.851085, -0.119469, -0.511255, 0.00133333, -0.974256, 0.225442, -0.525027, 0.191188, 0.829333)
    Head.CFrame = CFrame.new(4.23752e-08, 4.47035e-08, 0.0166621, 0.985218, 0.100021, -0.139076, -0.111158, 0.990988, -0.074743, 0.130347, 0.0890975, 0.987457)
    Left Arm.CFrame = CFrame.new(-0.535275, 0.172934, 0.0773857, -0.971411, 0.138794, 0.192604, -0.112291, -0.983429, 0.14233, 0.209167, 0.116633, 0.9709)
    Right Leg.CFrame = CFrame.new(0.127622, 0.0969305, -0.0614592, 0.867596, 0.306056, -0.391928, -0.250259, 0.949807, 0.187714, 0.429707, -0.0647762, 0.900642)

[3]
    Time: 0.066667
    HumanoidRootPart.CFrame = CFrame.new(0, 0, 0, 1, 0, 0, 0, 1, 0, 0, 0, 1)
    Torso.CFrame = CFrame.new(0.342163, 0.0435016, -0.146131, 0.988747, -0.0998736, 0.111373, 0.0887195, 0.990925, 0.100976, -0.120448, -0.089959, 0.988635)
    Left Leg.CFrame = CFrame.new(-0.572937, 0.125793, -0.0333201, 0.902036, -0.410122, 0.134651, 0.379023, 0.901798, 0.207612, -0.206574, -0.136238, 0.9689)
    Right Arm.CFrame = CFrame.new(0.784915, -0.0689791, 0.16559, -0.884194, -0.103124, -0.455594, -0.0325404, -0.959359, 0.280305, -0.465985, 0.26267, 0.844904)
    Head.CFrame = CFrame.new(5.42495e-08, 4.84288e-08, 0.016662, 0.990446, 0.069266, -0.119242, -0.0797387, 0.993149, -0.0854178, 0.112508, 0.0941098, 0.989184)
    Left Arm.CFrame = CFrame.new(-0.602639, 0.0836257, 0.0648743, -0.970619, 0.141355, 0.194723, -0.10198, -0.974641, 0.199187, 0.217941, 0.173476, 0.960421)
    Right Leg.CFrame = CFrame.new(0.247116, 0.109578, -0.0293747, 0.878454, 0.35729, -0.317274, -0.302259, 0.929771, 0.210158, 0.370079, -0.0887149, 0.924755)

[4]
    Time: 0.100000
    HumanoidRootPart.CFrame = CFrame.new(0, 0, 0, 1, 0, 0, 0, 1, 0, 0, 0, 1)
    Torso.CFrame = CFrame.new(0.26999, 0.034179, -0.13463, 0.992825, -0.0719865, 0.0954831, 0.0614199, 0.992106, 0.109329, -0.1026, -0.10268, 0.989409)
    Left Leg.CFrame = CFrame.new(-0.537257, 0.101174, 0.0331186, 0.873917, -0.438531, 0.209664, 0.393987, 0.891692, 0.222846, -0.284681, -0.112144, 0.95204)
    Right Arm.CFrame = CFrame.new(0.867669, -0.179502, 0.148009, -0.915665, -0.0861392, -0.392603, -0.0641706, -0.932909, 0.35435, -0.396786, 0.349659, 0.848704)
    Head.CFrame = CFrame.new(1.15484e-07, 5.58794e-09, 0.0166618, 0.994339, 0.036869, -0.0996542, -0.0466835, 0.994089, -0.0980213, 0.0954511, 0.102119, 0.990182)
    Left Arm.CFrame = CFrame.new(-0.657433, -0.0364972, 0.0524102, -0.968882, 0.147514, 0.198765, -0.0900138, -0.958016, 0.27222, 0.230576, 0.245857, 0.941482)
    Right Leg.CFrame = CFrame.new(0.401918, 0.120513, -0.00761044, 0.880581, 0.419491, -0.220463, -0.3705, 0.899482, 0.231648, 0.295477, -0.122304, 0.947489)

[5]
    Time: 0.133333
    HumanoidRootPart.CFrame = CFrame.new(0, 0, 0, 1, 0, 0, 0, 1, 0, 0, 0, 1)
    Torso.CFrame = CFrame.new(0.191965, 0.0272651, -0.132639, 0.996086, -0.0414892, 0.0780423, 0.032095, 0.992496, 0.117993, -0.082352, -0.115026, 0.989943)
    Left Leg.CFrame = CFrame.new(-0.494362, 0.084844, 0.0996594, 0.837657, -0.46451, 0.287334, 0.406351, 0.881513, 0.240446, -0.364978, -0.0846523, 0.92716)
    Right Arm.CFrame = CFrame.new(0.93487, -0.290158, 0.129173, -0.940132, -0.067988, -0.333961, -0.0870212, -0.899532, 0.4281, -0.329515, 0.431532, 0.839762)
    Head.CFrame = CFrame.new(3.44589e-08, -2.42144e-08, 0.016662, 0.997022, 0.00266943, -0.0770675, -0.0111767, 0.99385, -0.11017, 0.0762994, 0.110703, 0.99092)
    Left Arm.CFrame = CFrame.new(-0.698261, -0.16406, 0.0415474, -0.966192, 0.155738, 0.205473, -0.0776737, -0.935749, 0.344008, 0.245846, 0.316418, 0.916209)
    Right Leg.CFrame = CFrame.new(0.510315, 0.121331, -0.0162252, 0.884641, 0.451969, -0.114604, -0.415001, 0.875263, 0.248373, 0.212565, -0.17216, 0.961861)

[6]
    Time: 0.166667
    HumanoidRootPart.CFrame = CFrame.new(0, 0, 0, 1, 0, 0, 0, 1, 0, 0, 0, 1)
    Torso.CFrame = CFrame.new(0.116547, 0.0207134, -0.132857, 0.998404, -0.00756083, 0.0559666, 0.000523817, 0.992195, 0.124696, -0.0564726, -0.124468, 0.990615)
    Left Leg.CFrame = CFrame.new(-0.426456, 0.0728414, 0.157377, 0.802099, -0.475522, 0.361271, 0.409095, 0.878231, 0.247691, -0.435063, -0.0508788, 0.898962)
    Right Arm.CFrame = CFrame.new(0.980016, -0.375795, 0.109935, -0.95521, -0.0526076, -0.291217, -0.0994988, -0.869688, 0.483469, -0.278702, 0.49079, 0.8255)
    Head.CFrame = CFrame.new(7.96936e-08, 8.84756e-09, 0.0166619, 0.998268, -0.0335457, -0.0483339, 0.0275777, 0.992482, -0.119247, 0.0519708, 0.117707, 0.991688)
    Left Arm.CFrame = CFrame.new(-0.723732, -0.275847, 0.0338774, -0.962413, 0.164522, 0.216087, -0.0667283, -0.91449, 0.399068, 0.263265, 0.369649, 0.891096)
    Right Leg.CFrame = CFrame.new(0.495151, 0.110684, -0.0388435, 0.908285, 0.418123, -0.0138612, -0.400812, 0.879218, 0.257538, 0.11987, -0.228363, 0.966169)

[7]
    Time: 0.200000
    HumanoidRootPart.CFrame = CFrame.new(0, 0, 0, 1, 0, 0, 0, 1, 0, 0, 0, 1)
    Torso.CFrame = CFrame.new(0.0496447, 0.0126816, -0.137517, 0.999195, 0.0305452, 0.0259899, -0.0336174, 0.991279, 0.127418, -0.0218712, -0.128189, 0.991509)
    Left Leg.CFrame = CFrame.new(-0.297651, 0.073845, 0.208931, 0.782829, -0.449399, 0.430371, 0.391933, 0.893325, 0.219909, -0.483288, -0.0034747, 0.875454)
    Right Arm.CFrame = CFrame.new(0.996525, -0.411369, 0.0912367, -0.960401, -0.0461955, -0.274764, -0.1033, -0.85684, 0.505128, -0.258764, 0.513509, 0.818138)
    Head.CFrame = CFrame.new(9.49949e-08, 5.40167e-08, 0.0166622, 0.997345, -0.0720729, -0.0104609, 0.0702589, 0.989998, -0.12234, 0.0191737, 0.12128, 0.992433)
    Left Arm.CFrame = CFrame.new(-0.732464, -0.348751, 0.0310322, -0.957244, 0.172113, 0.232511, -0.0595759, -0.903812, 0.423762, 0.283081, 0.391792, 0.875423)
    Right Leg.CFrame = CFrame.new(0.387279, 0.113201, -0.0499897, 0.940481, 0.332397, 0.070757, -0.338803, 0.900758, 0.271749, 0.0265938, -0.279548, 0.959764)

[8]
    Time: 0.233333
    HumanoidRootPart.CFrame = CFrame.new(0, 0, 0, 1, 0, 0, 0, 1, 0, 0, 0, 1)
    Torso.CFrame = CFrame.new(-0.0115186, -0.00791502, -0.150517, 0.997268, 0.0725196, -0.0140222, -0.070484, 0.991104, 0.112896, 0.0220846, -0.1116, 0.993508)
    Left Leg.CFrame = CFrame.new(-0.181006, 0.06716, 0.235791, 0.774407, -0.406338, 0.484957, 0.371695, 0.91247, 0.171001, -0.511993, 0.0478316, 0.857657)
    Right Arm.CFrame = CFrame.new(0.966321, -0.413273, 0.0733166, -0.954987, -0.138575, -0.262292, -0.00926654, -0.869819, 0.493284, -0.296503, 0.47351, 0.829382)
    Head.CFrame = CFrame.new(8.5216e-08, 4.14439e-08, 0.0166622, 0.992904, -0.112993, 0.0370643, 0.116308, 0.987672, -0.104771, -0.024769, 0.108339, 0.993805)
    Left Arm.CFrame = CFrame.new(-0.706676, -0.383424, 0.0317423, -0.934416, 0.259798, 0.243665, -0.148594, -0.906055, 0.396212, 0.323709, 0.33402, 0.885236)
    Right Leg.CFrame = CFrame.new(0.393742, 0.135559, -0.0665844, 0.94941, 0.288456, 0.124154, -0.313137, 0.899513, 0.304666, -0.0237952, -0.328131, 0.944333)

[9]
    Time: 0.266667
    HumanoidRootPart.CFrame = CFrame.new(0, 0, 0, 1, 0, 0, 0, 1, 0, 0, 0, 1)
    Torso.CFrame = CFrame.new(-0.0673155, -0.0517356, -0.177123, 0.991694, 0.113579, -0.0603592, -0.10941, 0.991641, 0.0683917, 0.0676226, -0.0612197, 0.995831)
    Left Leg.CFrame = CFrame.new(-0.148709, 0.048708, 0.245582, 0.765866, -0.369297, 0.526373, 0.362221, 0.924159, 0.121352, -0.531267, 0.0977238, 0.841549)
    Right Arm.CFrame = CFrame.new(0.890618, -0.413216, 0.0554843, -0.895709, -0.376339, -0.236801, 0.239932, -0.857463, 0.455182, -0.374351, 0.350894, 0.858333)
    Head.CFrame = CFrame.new(9.24338e-08, 1.49012e-08, 0.0166619, 0.984053, -0.155519, 0.0863365, 0.160424, 0.98562, -0.0530774, -0.0768404, 0.0660813, 0.994851)
    Left Arm.CFrame = CFrame.new(-0.642444, -0.399102, 0.0326909, -0.845861, 0.468898, 0.254271, -0.38712, -0.867594, 0.31212, 0.366956, 0.165577, 0.915384)
    Right Leg.CFrame = CFrame.new(0.539005, 0.184896, -0.116015, 0.945852, 0.288442, 0.148878, -0.323371, 0.877146, 0.35503, -0.0281818, -0.383948, 0.922924)

[10]
    Time: 0.300000
    HumanoidRootPart.CFrame = CFrame.new(0, 0, 0, 1, 0, 0, 0, 1, 0, 0, 0, 1)
    Torso.CFrame = CFrame.new(-0.116401, -0.120182, -0.225474, 0.983235, 0.147484, -0.107223, -0.149144, 0.988787, -0.00758378, 0.104902, 0.0234483, 0.994206)
    Left Leg.CFrame = CFrame.new(-0.151553, 0.043714, 0.277072, 0.761614, -0.314567, 0.566562, 0.346214, 0.936566, 0.0545946, -0.547796, 0.154572, 0.822209)
    Right Arm.CFrame = CFrame.new(0.793091, -0.408816, 0.0378323, -0.716036, -0.661819, -0.222011, 0.556314, -0.733122, 0.391211, -0.421672, 0.156613, 0.893121)
    Head.CFrame = CFrame.new(9.68575e-08, 3.72529e-09, 0.016662, 0.971816, -0.198346, 0.12741, 0.195703, 0.980106, 0.0330653, -0.131433, -0.0071989, 0.991299)
    Left Arm.CFrame = CFrame.new(-0.560387, -0.400439, 0.0334108, -0.649915, 0.701316, 0.29286, -0.677669, -0.709196, 0.194438, 0.344057, -0.072094, 0.936177)
    Right Leg.CFrame = CFrame.new(0.652577, 0.276675, -0.182141, 0.956352, 0.247346, 0.1556, -0.290419, 0.863514, 0.41231, -0.0323794, -0.439503, 0.897658)

[11]
    Time: 0.333333
    HumanoidRootPart.CFrame = CFrame.new(0, 0, 0, 1, 0, 0, 0, 1, 0, 0, 0, 1)
    Torso.CFrame = CFrame.new(-0.155965, -0.208383, -0.304731, 0.974508, 0.169457, -0.147033, -0.186225, 0.976454, -0.108893, 0.125118, 0.133498, 0.983119)
    Left Leg.CFrame = CFrame.new(-0.189055, 0.0699176, 0.335627, 0.76158, -0.251042, 0.597473, 0.325794, 0.945268, -0.0181022, -0.560227, 0.208439, 0.801685)
    Right Arm.CFrame = CFrame.new(0.698453, -0.400822, 0.0223064, -0.446067, -0.864328, -0.232295, 0.803304, -0.501085, 0.321895, -0.394622, -0.0430169, 0.917836)
    Head.CFrame = CFrame.new(3.35276e-08, -2.6077e-08, 0.0166618, 0.959362, -0.238089, 0.151455, 0.216796, 0.965467, 0.144476, -0.180623, -0.105769, 0.977849)
    Left Arm.CFrame = CFrame.new(-0.481411, -0.395526, 0.0351187, -0.393622, 0.845664, 0.360437, -0.887854, -0.451359, 0.0893885, 0.238279, -0.284831, 0.928491)
    Right Leg.CFrame = CFrame.new(0.726999, 0.408454, -0.259879, 0.974016, 0.178307, 0.13964, -0.223474, 0.856784, 0.464737, -0.0367754, -0.483867, 0.874368)

[12]
    Time: 0.366667
    HumanoidRootPart.CFrame = CFrame.new(0, 0, 0, 1, 0, 0, 0, 1, 0, 0, 0, 1)
    Torso.CFrame = CFrame.new(-0.179661, -0.287154, -0.421111, 0.969069, 0.180532, -0.168268, -0.212876, 0.956425, -0.199837, 0.124859, 0.229476, 0.965273)
    Left Leg.CFrame = CFrame.new(-0.25244, 0.143703, 0.417108, 0.758023, -0.21682, 0.615134, 0.323867, 0.943766, -0.0664439, -0.566136, 0.249588, 0.785618)
    Right Arm.CFrame = CFrame.new(0.628288, -0.393873, 0.0109837, -0.213715, -0.943064, -0.254863, 0.919498, -0.282301, 0.273549, -0.329922, -0.175885, 0.927478)
    Head.CFrame = CFrame.new(8.9407e-08, 1.49012e-08, 0.0166624, 0.951077, -0.267171, 0.155153, 0.225708, 0.943767, 0.241577, -0.210971, -0.194739, 0.957898)
    Left Arm.CFrame = CFrame.new(-0.423066, -0.39593, 0.0378938, -0.189464, 0.885891, 0.423438, -0.974608, -0.222089, 0.02856, 0.119342, -0.407276, 0.905475)
    Right Leg.CFrame = CFrame.new(0.775236, 0.552934, -0.340118, 0.985313, 0.127743, 0.113317, -0.167637, 0.849954, 0.499477, -0.0325092, -0.511137, 0.858885)

[13]
    Time: 0.400000
    HumanoidRootPart.CFrame = CFrame.new(0, 0, 0, 1, 0, 0, 0, 1, 0, 0, 0, 1)
    Torso.CFrame = CFrame.new(-0.184835, -0.323488, -0.488346, 0.96871, 0.185125, -0.165315, -0.221587, 0.945127, -0.240072, 0.1118, 0.269192, 0.956575)
    Left Leg.CFrame = CFrame.new(-0.28405, 0.208486, 0.458492, 0.753229, -0.21218, 0.622595, 0.3241, 0.943385, -0.0705977, -0.572368, 0.254959, 0.779353)
    Right Arm.CFrame = CFrame.new(0.600846, -0.392343, 0.00417984, -0.121977, -0.956124, -0.266362, 0.947192, -0.19232, 0.256594, -0.296563, -0.220997, 0.929091)
    Head.CFrame = CFrame.new(7.45058e-08, -1.04308e-07, 0.0166616, 0.949296, -0.278283, 0.146272, 0.22955, 0.931451, 0.282321, -0.21481, -0.23443, 0.948103)
    Left Arm.CFrame = CFrame.new(-0.400249, -0.412389, 0.0394157, -0.111925, 0.886358, 0.449269, -0.991437, -0.130212, 0.00990073, 0.0672759, -0.444313, 0.893342)
    Right Leg.CFrame = CFrame.new(0.79012, 0.621987, -0.372702, 0.988618, 0.111012, 0.101547, -0.147223, 0.852876, 0.500928, -0.0309979, -0.510176, 0.859511)

[14]
    Time: 0.433333
    HumanoidRootPart.CFrame = CFrame.new(0, 0, 0, 1, 0, 0, 0, 1, 0, 0, 0, 1)
    Torso.CFrame = CFrame.new(-0.178288, -0.316005, -0.42893, 0.972533, 0.182553, -0.144411, -0.212197, 0.950328, -0.227704, 0.0956698, 0.252093, 0.962962)
    Left Leg.CFrame = CFrame.new(-0.258224, 0.196451, 0.423585, 0.757221, -0.206871, 0.619532, 0.296525, 0.954017, -0.0438656, -0.58197, 0.216923, 0.783745)
    Right Arm.CFrame = CFrame.new(0.60121, -0.427262, 0.000772595, -0.156758, -0.954943, -0.252012, 0.945031, -0.219168, 0.242654, -0.286954, -0.200121, 0.936808)
    Head.CFrame = CFrame.new(4.47035e-08, 7.07805e-08, 0.016662, 0.953049, -0.271304, 0.134503, 0.228994, 0.936348, 0.266108, -0.198138, -0.222814, 0.954513)
    Left Arm.CFrame = CFrame.new(-0.400977, -0.448027, 0.0356939, -0.132143, 0.89381, 0.428535, -0.989469, -0.144711, -0.00328413, 0.0590782, -0.424456, 0.903519)
    Right Leg.CFrame = CFrame.new(0.766252, 0.559629, -0.32177, 0.987969, 0.107515, 0.111169, -0.147206, 0.874145, 0.462818, -0.0474176, -0.473614, 0.879455)

[15]
    Time: 0.466667
    HumanoidRootPart.CFrame = CFrame.new(0, 0, 0, 1, 0, 0, 0, 1, 0, 0, 0, 1)
    Torso.CFrame = CFrame.new(-0.167957, -0.28926, -0.319698, 0.978848, 0.170434, -0.113181, -0.189881, 0.962771, -0.192399, 0.0761757, 0.209821, 0.974768)
    Left Leg.CFrame = CFrame.new(-0.200401, 0.158346, 0.350732, 0.770405, -0.197512, 0.606189, 0.248317, 0.968679, 3.54946e-05, -0.587209, 0.150499, 0.795321)
    Right Arm.CFrame = CFrame.new(0.602412, -0.507396, -0.000680149, -0.238768, -0.94728, -0.213661, 0.934961, -0.283702, 0.212983, -0.26237, -0.148911, 0.953408)
    Head.CFrame = CFrame.new(9.68575e-08, -2.23517e-08, 0.016662, 0.960506, -0.25133, 0.119425, 0.220496, 0.949248, 0.224299, -0.169737, -0.189108, 0.967175)
    Left Arm.CFrame = CFrame.new(-0.402686, -0.493194, 0.0261315, -0.178337, 0.911079, 0.371661, -0.982996, -0.181762, -0.0261119, 0.0437639, -0.369998, 0.928001)
    Right Leg.CFrame = CFrame.new(0.699202, 0.439897, -0.237694, 0.98698, 0.105827, 0.121121, -0.146446, 0.902666, 0.404658, -0.0665084, -0.417127, 0.906411)

[16]
    Time: 0.500000
    HumanoidRootPart.CFrame = CFrame.new(0, 0, 0, 1, 0, 0, 0, 1, 0, 0, 0, 1)
    Torso.CFrame = CFrame.new(-0.16086, -0.249819, -0.236044, 0.985832, 0.148434, -0.078122, -0.158378, 0.977103, -0.142076, 0.0552444, 0.152436, 0.986768)
    Left Leg.CFrame = CFrame.new(-0.157559, 0.139174, 0.287153, 0.785346, -0.210506, 0.582168, 0.216938, 0.97436, 0.0596677, -0.579802, 0.0794349, 0.810876)
    Right Arm.CFrame = CFrame.new(0.604558, -0.602347, -0.000920415, -0.333794, -0.9289, -0.160397, 0.914008, -0.360556, 0.185982, -0.230591, -0.0845242, 0.969373)
    Head.CFrame = CFrame.new(7.07805e-08, -3.72529e-09, 0.016662, 0.969613, -0.221996, 0.102801, 0.203217, 0.964825, 0.166783, -0.13621, -0.140824, 0.98062)
    Left Arm.CFrame = CFrame.new(-0.404703, -0.538091, 0.0131675, -0.229799, 0.929658, 0.287971, -0.97259, -0.230158, -0.0331024, 0.0355049, -0.287685, 0.957067)
    Right Leg.CFrame = CFrame.new(0.624831, 0.327368, -0.165883, 0.984084, 0.129372, 0.121826, -0.16414, 0.924449, 0.344169, -0.068096, -0.358688, 0.93097)

[17]
    Time: 0.533333
    HumanoidRootPart.CFrame = CFrame.new(0, 0, 0, 1, 0, 0, 0, 1, 0, 0, 0, 1)
    Torso.CFrame = CFrame.new(-0.164166, -0.20499, -0.184295, 0.992026, 0.117367, -0.045924, -0.120966, 0.98896, -0.085584, 0.0353723, 0.0904569, 0.995272)
    Left Leg.CFrame = CFrame.new(-0.140061, 0.138106, 0.241674, 0.801874, -0.239915, 0.54721, 0.205193, 0.970718, 0.124909, -0.561154, 0.0121227, 0.827623)
    Right Arm.CFrame = CFrame.new(0.607452, -0.681659, -0.000646174, -0.410067, -0.905787, -0.106748, 0.88858, -0.423151, 0.177113, -0.205597, -0.0222264, 0.978384)
    Head.CFrame = CFrame.new(8.9407e-08, -5.58794e-08, 0.016662, 0.978602, -0.186487, 0.0869484, 0.177259, 0.978657, 0.103973, -0.104482, -0.0863364, 0.990772)
    Left Arm.CFrame = CFrame.new(-0.406277, -0.572762, -0.00073421, -0.269506, 0.943976, 0.19046, -0.961623, -0.274375, -0.000840035, 0.0514643, -0.183377, 0.981695)
    Right Leg.CFrame = CFrame.new(0.559532, 0.236763, -0.111817, 0.97827, 0.175386, 0.110578, -0.200353, 0.936896, 0.286505, -0.0533506, -0.302433, 0.951676)

[18]
    Time: 0.566667
    HumanoidRootPart.CFrame = CFrame.new(0, 0, 0, 1, 0, 0, 0, 1, 0, 0, 0, 1)
    Torso.CFrame = CFrame.new(-0.183224, -0.162986, -0.158082, 0.996571, 0.0795414, -0.0227939, -0.0802662, 0.996231, -0.0328758, 0.020093, 0.0345926, 0.9992)
    Left Leg.CFrame = CFrame.new(-0.143514, 0.146072, 0.210112, 0.820334, -0.270794, 0.503708, 0.20427, 0.96143, 0.184193, -0.534158, -0.0482069, 0.844009)
    Right Arm.CFrame = CFrame.new(0.610563, -0.7149, -0.000469923, -0.441722, -0.894423, -0.0699266, 0.872869, -0.44647, 0.196886, -0.207319, 0.0259322, 0.97793)
    Head.CFrame = CFrame.new(8.56817e-08, 5.58794e-09, 0.016662, 0.986217, -0.147362, 0.0752304, 0.144141, 0.988459, 0.046607, -0.0812303, -0.0351208, 0.996076)
    Left Arm.CFrame = CFrame.new(-0.406488, -0.587051, -0.0131136, -0.285393, 0.953845, 0.093433, -0.951718, -0.293551, 0.0897814, 0.113065, -0.0632991, 0.991569)
    Right Leg.CFrame = CFrame.new(0.51333, 0.170145, -0.072912, 0.968378, 0.233723, 0.0872803, -0.248062, 0.939355, 0.236807, -0.0266398, -0.25097, 0.967628)

[19]
    Time: 0.600000
    HumanoidRootPart.CFrame = CFrame.new(0, 0, 0, 1, 0, 0, 0, 1, 0, 0, 0, 1)
    Torso.CFrame = CFrame.new(-0.216759, -0.130732, -0.14906, 0.99918, 0.0380628, -0.0138295, -0.0379594, 0.99925, 0.00766381, 0.0141108, -0.00713256, 0.999875)
    Left Leg.CFrame = CFrame.new(-0.156395, 0.153031, 0.186357, 0.841423, -0.288786, 0.456738, 0.204567, 0.952545, 0.225413, -0.500159, -0.0962347, 0.860569)
    Right Arm.CFrame = CFrame.new(0.613508, -0.706748, -0.0011282, -0.417284, -0.90621, -0.0682473, 0.871578, -0.420339, 0.252324, -0.257346, 0.045808, 0.965233)
    Head.CFrame = CFrame.new(7.96281e-08, -7.45058e-09, 0.0166621, 0.991711, -0.106281, 0.0722075, 0.106354, 0.994324, 0.0028529, -0.072101, 0.0048503, 0.997386)
    Left Arm.CFrame = CFrame.new(-0.405594, -0.586826, -0.0228199, -0.261696, 0.964755, 0.0276324, -0.931824, -0.260015, 0.253172, 0.251434, 0.0405053, 0.967027)
    Right Leg.CFrame = CFrame.new(0.490419, 0.126673, -0.0445208, 0.954444, 0.293415, 0.054256, -0.298254, 0.93265, 0.202997, 0.00896055, -0.209932, 0.977675)

[20]
    Time: 0.633333
    HumanoidRootPart.CFrame = CFrame.new(0, 0, 0, 1, 0, 0, 0, 1, 0, 0, 0, 1)
    Torso.CFrame = CFrame.new(-0.254331, -0.108022, -0.148379, 0.999881, -0.00462244, -0.0147197, 0.00515455, 0.999327, 0.0363191, 0.014542, -0.0363906, 0.999232)
    Left Leg.CFrame = CFrame.new(-0.172424, 0.156852, 0.167155, 0.863693, -0.293236, 0.409936, 0.202932, 0.946815, 0.249721, -0.461361, -0.132493, 0.877264)
    Right Arm.CFrame = CFrame.new(0.616239, -0.685271, -0.00337237, -0.34398, -0.934339, -0.0932172, 0.876484, -0.355112, 0.32507, -0.336828, 0.0301141, 0.941084)
    Head.CFrame = CFrame.new(9.52277e-08, -2.21189e-08, 0.016662, 0.995135, -0.0640201, 0.0748899, 0.0663301, 0.997383, -0.0287739, -0.0728518, 0.0336014, 0.996777)
    Left Arm.CFrame = CFrame.new(-0.404441, -0.584883, -0.0310148, -0.199184, 0.97993, -0.00799663, -0.889996, -0.177476, 0.420011, 0.410162, 0.0907761, 0.907484)
    Right Leg.CFrame = CFrame.new(0.479044, 0.0980431, -0.0204192, 0.937915, 0.346499, 0.0159146, -0.343401, 0.921105, 0.183415, 0.0488943, -0.177493, 0.982907)

[21]
    Time: 0.666667
    HumanoidRootPart.CFrame = CFrame.new(0, 0, 0, 1, 0, 0, 0, 1, 0, 0, 0, 1)
    Torso.CFrame = CFrame.new(-0.282695, -0.0923738, -0.149894, 0.998741, -0.0469178, -0.0177449, 0.0478464, 0.997276, 0.0561409, 0.0150625, -0.0569192, 0.998265)
    Left Leg.CFrame = CFrame.new(-0.192004, 0.159516, 0.151918, 0.8846, -0.289824, 0.365356, 0.200474, 0.943682, 0.263202, -0.421062, -0.159584, 0.892883)
    Right Arm.CFrame = CFrame.new(0.618804, -0.655156, -0.00778663, -0.22813, -0.965913, -0.122346, 0.88568, -0.258069, 0.385967, -0.404384, -0.0203084, 0.914364)
    Head.CFrame = CFrame.new(9.33651e-08, 1.39698e-08, 0.0166622, 0.996804, -0.0217765, 0.0768615, 0.0258066, 0.998322, -0.0518349, -0.0756037, 0.0536527, 0.995694)
    Left Arm.CFrame = CFrame.new(-0.403138, -0.581752, -0.038493, -0.111378, 0.993119, -0.0361953, -0.865682, -0.0790704, 0.49431, 0.488047, 0.0863888, 0.868532)
    Right Leg.CFrame = CFrame.new(0.463345, 0.077611, 0.00181985, 0.921755, 0.38703, -0.0239962, -0.377494, 0.909756, 0.172752, 0.0886907, -0.150176, 0.984673)

[22]
    Time: 0.700000
    HumanoidRootPart.CFrame = CFrame.new(0, 0, 0, 1, 0, 0, 0, 1, 0, 0, 0, 1)
    Torso.CFrame = CFrame.new(-0.301043, -0.080997, -0.155753, 0.995924, -0.0874318, -0.0221585, 0.088793, 0.993548, 0.0705552, 0.0158467, -0.0722351, 0.997262)
    Left Leg.CFrame = CFrame.new(-0.222108, 0.162053, 0.14215, 0.901411, -0.28743, 0.323793, 0.20364, 0.941427, 0.268786, -0.382085, -0.176349, 0.907145)
    Right Arm.CFrame = CFrame.new(0.621275, -0.621157, -0.0142591, -0.0859588, -0.987302, -0.133591, 0.895696, -0.135298, 0.423584, -0.43628, -0.0832464, 0.895952)
    Head.CFrame = CFrame.new(1.16532e-07, -1.67638e-08, 0.0166616, 0.996754, 0.0191225, 0.0782066, -0.0136707, 0.997477, -0.0696609, -0.0793414, 0.0683657, 0.9945)
    Left Arm.CFrame = CFrame.new(-0.401919, -0.578087, -0.0448961, -0.0129718, 0.998325, -0.0563816, -0.876041, 0.0158372, 0.481977, 0.482063, 0.0556446, 0.874368)
    Right Leg.CFrame = CFrame.new(0.451657, 0.0640511, 0.0219811, 0.904284, 0.422317, -0.0625995, -0.407238, 0.897268, 0.170495, 0.128171, -0.128683, 0.983368)

[23]
    Time: 0.733333
    HumanoidRootPart.CFrame = CFrame.new(0, 0, 0, 1, 0, 0, 0, 1, 0, 0, 0, 1)
    Torso.CFrame = CFrame.new(-0.314346, -0.0710596, -0.170317, 0.991799, -0.124819, -0.0274798, 0.126699, 0.988459, 0.0830385, 0.0167978, -0.0858392, 0.996167)
    Left Leg.CFrame = CFrame.new(-0.269958, 0.167325, 0.137308, 0.912244, -0.294251, 0.285004, 0.217484, 0.937468, 0.27176, -0.347148, -0.185927, 0.919195)
    Right Arm.CFrame = CFrame.new(0.623699, -0.58852, -0.0227894, 0.058069, -0.98993, -0.129097, 0.89679, -0.00509182, 0.442426, -0.438629, -0.141465, 0.887464)
    Head.CFrame = CFrame.new(1.28057e-07, -3.72529e-09, 0.0166621, 0.995019, 0.0606539, 0.0791116, -0.0537645, 0.994801, -0.0864844, -0.083946, 0.0818002, 0.993107)
    Left Arm.CFrame = CFrame.new(-0.400847, -0.574502, -0.0495592, 0.0767672, 0.994722, -0.0680734, -0.88879, 0.0992127, 0.447447, 0.451839, 0.0261536, 0.891716)
    Right Leg.CFrame = CFrame.new(0.455575, 0.0539844, 0.0416687, 0.881898, 0.461157, -0.0979288, -0.441175, 0.880509, 0.173403, 0.166193, -0.10972, 0.97997)

[24]
    Time: 0.766667
    HumanoidRootPart.CFrame = CFrame.new(0, 0, 0, 1, 0, 0, 0, 1, 0, 0, 0, 1)
    Torso.CFrame = CFrame.new(-0.323865, -0.0597138, -0.198122, 0.986909, -0.157763, -0.0334792, 0.160317, 0.982279, 0.0970862, 0.0175693, -0.101182, 0.994713)
    Left Leg.CFrame = CFrame.new(-0.341247, 0.177005, 0.136065, 0.91503, -0.317372, 0.248987, 0.247322, 0.929013, 0.275258, -0.318671, -0.19029, 0.928568)
    Right Arm.CFrame = CFrame.new(0.625914, -0.562637, -0.0339644, 0.182798, -0.974602, -0.129369, 0.891186, 0.10869, 0.440425, -0.415178, -0.195801, 0.88842)
    Head.CFrame = CFrame.new(8.56817e-08, -5.21541e-08, 0.0166622, 0.991428, 0.103693, 0.0794815, -0.0950039, 0.98979, -0.106253, -0.0896877, 0.0977915, 0.991157)
    Left Arm.CFrame = CFrame.new(-0.399758, -0.571386, -0.0523162, 0.140138, 0.987025, -0.0783799, -0.90366, 0.159851, 0.397299, 0.404673, 0.015152, 0.914336)
    Right Leg.CFrame = CFrame.new(0.482001, 0.0445637, 0.0629073, 0.850883, 0.509521, -0.128011, -0.485165, 0.855576, 0.180568, 0.201527, -0.0915356, 0.975197)

[25]
    Time: 0.800000
    HumanoidRootPart.CFrame = CFrame.new(0, 0, 0, 1, 0, 0, 0, 1, 0, 0, 0, 1)
    Torso.CFrame = CFrame.new(-0.331013, -0.0441215, -0.243877, 0.981925, -0.184968, -0.0401156, 0.188446, 0.975187, 0.116182, 0.0176302, -0.121642, 0.992417)
    Left Leg.CFrame = CFrame.new(-0.436342, 0.191752, 0.135593, 0.907526, -0.360449, 0.215575, 0.295467, 0.912713, 0.282232, -0.298488, -0.192437, 0.934812)
    Right Arm.CFrame = CFrame.new(0.627489, -0.548791, -0.0484598, 0.271362, -0.950096, -0.153884, 0.888872, 0.186064, 0.418673, -0.369147, -0.250395, 0.895004)
    Head.CFrame = CFrame.new(1.10827e-07, -2.98023e-08, 0.0166622, 0.986252, 0.145282, 0.0787439, -0.134156, 0.982157, -0.131796, -0.0964865, 0.11942, 0.988144)
    Left Arm.CFrame = CFrame.new(-0.398406, -0.569113, -0.0531303, 0.162719, 0.981757, -0.0983677, -0.922996, 0.186694, 0.336486, 0.348712, 0.0360402, 0.936537)
    Right Leg.CFrame = CFrame.new(0.532972, 0.0327486, 0.0869941, 0.80746, 0.570293, -0.150913, -0.542137, 0.818221, 0.191316, 0.232586, -0.0726644, 0.969858)

[26]
    Time: 0.833333
    HumanoidRootPart.CFrame = CFrame.new(0, 0, 0, 1, 0, 0, 0, 1, 0, 0, 0, 1)
    Torso.CFrame = CFrame.new(-0.337146, -0.0226774, -0.318356, 0.977578, -0.205199, -0.0472785, 0.209925, 0.967305, 0.142312, 0.0165305, -0.149046, 0.988692)
    Left Leg.CFrame = CFrame.new(-0.559221, 0.214472, 0.133098, 0.885625, -0.426227, 0.18439, 0.363456, 0.883298, 0.296115, -0.289084, -0.195229, 0.937185)
    Right Arm.CFrame = CFrame.new(0.625914, -0.543697, -0.0667893, 0.319933, -0.922225, -0.217125, 0.903744, 0.228261, 0.362138, -0.284412, -0.312086, 0.906484)
    Head.CFrame = CFrame.new(1.2666e-07, 1.49012e-08, 0.0166619, 0.980222, 0.182512, 0.0765193, -0.16814, 0.971957, -0.164401, -0.104379, 0.148284, 0.983421)
    Left Arm.CFrame = CFrame.new(-0.396794, -0.567504, -0.0526185, 0.154593, 0.979149, -0.131791, -0.944614, 0.185573, 0.27068, 0.289492, 0.0826459, 0.953606)
    Right Leg.CFrame = CFrame.new(0.615309, 0.0163297, 0.114851, 0.745219, 0.646148, -0.164747, -0.614762, 0.761443, 0.205601, 0.258294, -0.051938, 0.964669)

[27]
    Time: 0.866667
    HumanoidRootPart.CFrame = CFrame.new(0, 0, 0, 1, 0, 0, 0, 1, 0, 0, 0, 1)
    Torso.CFrame = CFrame.new(-0.337458, 0.00143844, -0.398606, 0.974569, -0.217457, -0.0541177, 0.223614, 0.959446, 0.171642, 0.0145982, -0.179379, 0.983672)
    Left Leg.CFrame = CFrame.new(-0.678967, 0.229149, 0.117087, 0.857912, -0.493188, 0.144058, 0.434262, 0.845872, 0.309705, -0.274597, -0.203141, 0.939856)
    Right Arm.CFrame = CFrame.new(0.618395, -0.540515, -0.0863081, 0.329988, -0.911532, -0.245392, 0.919773, 0.251973, 0.300876, -0.212426, -0.324991, 0.921551)
    Head.CFrame = CFrame.new(8.56817e-08, 2.23517e-08, 0.0166621, 0.974394, 0.212563, 0.0733074, -0.194495, 0.96039, -0.199558, -0.112822, 0.18019, 0.97714)
    Left Arm.CFrame = CFrame.new(-0.395199, -0.566081, -0.0533871, 0.148225, 0.980731, -0.12726, -0.960303, 0.173484, 0.218451, 0.23632, 0.0898281, 0.967514)
    Right Leg.CFrame = CFrame.new(0.692124, -0.00232744, 0.137885, 0.67937, 0.714172, -0.168569, -0.679431, 0.698989, 0.223133, 0.277183, -0.0370589, 0.960102)

[28]
    Time: 0.900000
    HumanoidRootPart.CFrame = CFrame.new(0, 0, 0, 1, 0, 0, 0, 1, 0, 0, 0, 1)
    Torso.CFrame = CFrame.new(-0.327425, 0.0247332, -0.438572, 0.973483, -0.220919, -0.059372, 0.22841, 0.953001, 0.199045, 0.0126089, -0.207328, 0.97819)
    Left Leg.CFrame = CFrame.new(-0.754183, 0.210793, 0.088861, 0.836957, -0.539411, 0.0924089, 0.490778, 0.814501, 0.309396, -0.242159, -0.213598, 0.946433)
    Right Arm.CFrame = CFrame.new(0.605104, -0.539467, -0.105322, 0.298108, -0.931848, -0.206861, 0.936444, 0.24352, 0.252528, -0.184943, -0.268994, 0.945219)
    Head.CFrame = CFrame.new(1.30385e-07, -3.72529e-08, 0.0166621, 0.970003, 0.232759, 0.0701321, -0.211135, 0.949644, -0.231513, -0.120487, 0.209761, 0.970301)
    Left Arm.CFrame = CFrame.new(-0.393783, -0.564439, -0.056659, 0.151328, 0.986561, -0.0616232, -0.973246, 0.159609, 0.165277, 0.172891, 0.0349634, 0.98432)
    Right Leg.CFrame = CFrame.new(0.721278, -0.0197545, 0.145529, 0.638973, 0.751762, -0.162998, -0.713414, 0.658395, 0.239909, 0.287672, -0.0370106, 0.957014)

[29]
    Time: 0.933333
    HumanoidRootPart.CFrame = CFrame.new(0, 0, 0, 1, 0, 0, 0, 1, 0, 0, 0, 1)
    Torso.CFrame = CFrame.new(-0.308778, 0.0436105, -0.410774, 0.973559, -0.219788, -0.0622556, 0.228177, 0.948591, 0.219342, 0.0108464, -0.227747, 0.97366)
    Left Leg.CFrame = CFrame.new(-0.758509, 0.158988, 0.0612401, 0.833543, -0.551063, 0.0391873, 0.518488, 0.804813, 0.288869, -0.190723, -0.220467, 0.956566)
    Right Arm.CFrame = CFrame.new(0.587685, -0.540759, -0.124021, 0.212666, -0.965967, -0.147245, 0.963867, 0.182646, 0.193908, -0.160415, -0.183163, 0.969907)
    Head.CFrame = CFrame.new(9.68575e-08, 2.23517e-08, 0.016662, 0.967063, 0.245446, 0.0674155, -0.221132, 0.94131, -0.255023, -0.126053, 0.231715, 0.964582)
    Left Arm.CFrame = CFrame.new(-0.392594, -0.562563, -0.0613805, 0.144297, 0.989224, 0.0247891, -0.985233, 0.141291, 0.0967123, 0.0921676, -0.0383784, 0.995004)
    Right Leg.CFrame = CFrame.new(0.665424, -0.0200964, 0.152812, 0.638587, 0.748602, -0.178332, -0.702975, 0.661747, 0.260608, 0.313102, -0.0410581, 0.948832)

[30]
    Time: 0.966667
    HumanoidRootPart.CFrame = CFrame.new(0, 0, 0, 1, 0, 0, 0, 1, 0, 0, 0, 1)
    Torso.CFrame = CFrame.new(-0.282242, 0.0538499, -0.341706, 0.973806, -0.219114, -0.0607567, 0.227252, 0.946878, 0.227551, 0.00766955, -0.235398, 0.971869)
    Left Leg.CFrame = CFrame.new(-0.711659, 0.106143, 0.0358529, 0.847945, -0.529953, -0.0117783, 0.514637, 0.817707, 0.257886, -0.127036, -0.224735, 0.966104)
    Right Arm.CFrame = CFrame.new(0.567545, -0.544616, -0.141509, 0.0649067, -0.995753, -0.0652974, 0.988524, 0.0552147, 0.140613, -0.13641, -0.0736746, 0.987909)
    Head.CFrame = CFrame.new(6.70552e-08, 1.49012e-08, 0.0166624, 0.965273, 0.253387, 0.063584, -0.228479, 0.936838, -0.264823, -0.126671, 0.241099, 0.962198)
    Left Arm.CFrame = CFrame.new(-0.391525, -0.561018, -0.0672696, 0.108211, 0.988447, 0.106125, -0.993815, 0.104882, 0.036477, 0.024925, -0.109416, 0.993684)
    Right Leg.CFrame = CFrame.new(0.53502, 0.00894237, 0.163803, 0.664913, 0.710084, -0.23167, -0.649867, 0.702879, 0.289196, 0.368189, -0.0417354, 0.928814)

[31]
    Time: 1.000000
    HumanoidRootPart.CFrame = CFrame.new(0, 0, 0, 1, 0, 0, 0, 1, 0, 0, 0, 1)
    Torso.CFrame = CFrame.new(-0.248336, 0.0469102, -0.265174, 0.974231, -0.219331, -0.0526172, 0.225531, 0.950568, 0.213438, 0.00320274, -0.219805, 0.975539)
    Left Leg.CFrame = CFrame.new(-0.643489, 0.0802723, 0.01617, 0.876654, -0.478281, -0.0522029, 0.476691, 0.848765, 0.228832, -0.0651377, -0.225491, 0.972065)
    Right Arm.CFrame = CFrame.new(0.546627, -0.551074, -0.156988, -0.150862, -0.987975, 0.0338476, 0.982618, -0.146121, 0.114506, -0.108183, 0.0505337, 0.992846)
    Head.CFrame = CFrame.new(8.6613e-08, -7.45058e-09, 0.0166616, 0.965164, 0.254924, 0.058921, -0.232942, 0.939761, -0.250174, -0.119147, 0.227734, 0.966406)
    Left Arm.CFrame = CFrame.new(-0.390371, -0.560644, -0.0741235, 0.0295526, 0.987105, 0.157325, -0.999557, 0.0286205, 0.0081868, 0.00357848, -0.157497, 0.987513)
    Right Leg.CFrame = CFrame.new(0.37353, 0.0591024, 0.158102, 0.703969, 0.639961, -0.308021, -0.559913, 0.766885, 0.313665, 0.43695, -0.0483454, 0.898186)

[32]
    Time: 1.033333
    HumanoidRootPart.CFrame = CFrame.new(0, 0, 0, 1, 0, 0, 0, 1, 0, 0, 0, 1)
    Torso.CFrame = CFrame.new(-0.209861, 0.020431, -0.207029, 0.974783, -0.219837, -0.0383497, 0.223151, 0.959077, 0.174282, -0.00153323, -0.178445, 0.983949)
    Left Leg.CFrame = CFrame.new(-0.587852, 0.0852457, 0.0046699, 0.909822, -0.408196, -0.0748409, 0.414544, 0.885475, 0.20997, -0.019439, -0.22206, 0.974839)
    Right Arm.CFrame = CFrame.new(0.527196, -0.559033, -0.16987, -0.411329, -0.901936, 0.131605, 0.908866, -0.394907, 0.134206, -0.0690734, 0.174814, 0.982176)
    Head.CFrame = CFrame.new(8.19564e-08, -1.11759e-08, 0.0166619, 0.966293, 0.251403, 0.0554425, -0.235009, 0.949315, -0.208737, -0.105109, 0.188671, 0.976399)
    Left Arm.CFrame = CFrame.new(-0.389894, -0.56474, -0.082432, -0.18591, 0.96463, 0.186888, -0.981857, -0.189613, 0.00197794, 0.0373444, -0.18313, 0.982379)
    Right Leg.CFrame = CFrame.new(0.228688, 0.10778, 0.136101, 0.737264, 0.551059, -0.390866, -0.451058, 0.832201, 0.322471, 0.502979, -0.0614431, 0.862112)

[33]
    Time: 1.066667
    HumanoidRootPart.CFrame = CFrame.new(0, 0, 0, 1, 0, 0, 0, 1, 0, 0, 0, 1)
    Torso.CFrame = CFrame.new(-0.170489, -0.0204005, -0.168517, 0.975446, -0.219371, -0.0195275, 0.220138, 0.968482, 0.116538, -0.00665299, -0.117975, 0.992994)
    Left Leg.CFrame = CFrame.new(-0.545251, 0.111071, 0.00423348, 0.941807, -0.328381, -0.0718729, 0.336155, 0.919786, 0.20247, -0.00037978, -0.214848, 0.976647)
    Right Arm.CFrame = CFrame.new(0.509947, -0.565279, -0.179797, -0.634384, -0.74489, 0.206628, 0.772882, -0.606173, 0.18764, -0.0145188, 0.278735, 0.960258)
    Head.CFrame = CFrame.new(9.12696e-08, -2.98023e-08, 0.0166622, 0.96794, 0.245366, 0.0537438, -0.235323, 0.960647, -0.147585, -0.0878412, 0.130207, 0.987588)
    Left Arm.CFrame = CFrame.new(-0.392887, -0.571671, -0.0927826, -0.496356, 0.841082, 0.214968, -0.862438, -0.506032, -0.0114517, 0.099149, -0.191081, 0.976554)
    Right Leg.CFrame = CFrame.new(0.118873, 0.138051, 0.107328, 0.762511, 0.453305, -0.461618, -0.341272, 0.887979, 0.308265, 0.549645, -0.0775183, 0.831794)

[34]
    Time: 1.100000
    HumanoidRootPart.CFrame = CFrame.new(0, 0, 0, 1, 0, 0, 0, 1, 0, 0, 0, 1)
    Torso.CFrame = CFrame.new(-0.13351, -0.0700135, -0.147714, 0.976211, -0.216814, 0.00209652, 0.216477, 0.97515, 0.0471267, -0.0122622, -0.0455517, 0.998887)
    Left Leg.CFrame = CFrame.new(-0.514356, 0.148719, 0.00874162, 0.968286, -0.244286, -0.0524086, 0.249844, 0.947116, 0.20137, 0.000445001, -0.208078, 0.978112)
    Right Arm.CFrame = CFrame.new(0.493308, -0.567559, -0.186087, -0.765924, -0.589241, 0.257206, 0.641498, -0.727092, 0.244576, 0.0428982, 0.352324, 0.934894)
    Head.CFrame = CFrame.new(8.33534e-08, -2.42144e-08, 0.0166619, 0.969988, 0.237213, 0.0534226, -0.233062, 0.969652, -0.0738753, -0.0693255, 0.0592073, 0.995836)
    Left Arm.CFrame = CFrame.new(-0.39806, -0.575209, -0.105664, -0.715251, 0.656228, 0.240374, -0.680686, -0.732084, -0.0268213, 0.158373, -0.182803, 0.97031)
    Right Leg.CFrame = CFrame.new(0.0565481, 0.148226, 0.0845225, 0.788888, 0.355561, -0.501231, -0.245651, 0.930079, 0.273146, 0.563304, -0.0923534, 0.821072)

[35]
    Time: 1.133333
    HumanoidRootPart.CFrame = CFrame.new(0, 0, 0, 1, 0, 0, 0, 1, 0, 0, 0, 1)
    Torso.CFrame = CFrame.new(-0.100242, -0.122301, -0.141455, 0.977073, -0.211478, 0.0245862, 0.212102, 0.976891, -0.0263781, -0.0184396, 0.0309881, 0.99935)
    Left Leg.CFrame = CFrame.new(-0.494225, 0.19144, 0.0110409, 0.986439, -0.160964, -0.0320777, 0.164121, 0.965419, 0.202558, -0.00163613, -0.205075, 0.978745)
    Right Arm.CFrame = CFrame.new(0.475417, -0.565429, -0.187501, -0.803716, -0.512515, 0.302274, 0.588698, -0.758752, 0.278801, 0.086461, 0.402025, 0.911538)
    Head.CFrame = CFrame.new(7.45058e-08, 0, 0.0166618, 0.972323, 0.227292, 0.0541045, -0.22786, 0.973683, 0.0044989, -0.0516581, -0.0167027, 0.998525)
    Left Arm.CFrame = CFrame.new(-0.400507, -0.57336, -0.122467, -0.78226, 0.560729, 0.27139, -0.590165, -0.806537, -0.0346875, 0.199436, -0.1873, 0.961844)
    Right Leg.CFrame = CFrame.new(0.111823, 0.157114, 0.106094, 0.811983, 0.299321, -0.501089, -0.211926, 0.951099, 0.224718, 0.543848, -0.0762736, 0.83571)

[36]
    Time: 1.166667
    HumanoidRootPart.CFrame = CFrame.new(0, 0, 0, 1, 0, 0, 0, 1, 0, 0, 0, 1)
    Torso.CFrame = CFrame.new(-0.0714386, -0.171518, -0.144823, 0.978044, -0.203251, 0.0460437, 0.206879, 0.973562, -0.0968416, -0.0251432, 0.104241, 0.994234)
    Left Leg.CFrame = CFrame.new(-0.476973, 0.234397, 0.0125061, 0.996502, -0.0827669, -0.0115176, 0.0833705, 0.975315, 0.204475, -0.0056905, -0.20472, 0.978804)
    Right Arm.CFrame = CFrame.new(0.457062, -0.553982, -0.179652, -0.78517, -0.510164, 0.351056, 0.608605, -0.740478, 0.28512, 0.114492, 0.437522, 0.891889)
    Head.CFrame = CFrame.new(9.31323e-08, -1.35042e-08, 0.0166618, 0.974838, 0.215884, 0.0555398, -0.219868, 0.972244, 0.0800022, -0.0367269, -0.0902006, 0.995246)
    Left Arm.CFrame = CFrame.new(-0.39987, -0.568176, -0.145375, -0.76354, 0.564216, 0.314113, -0.606831, -0.793242, -0.0502368, 0.220823, -0.228971, 0.948056)
    Right Leg.CFrame = CFrame.new(0.255562, 0.188832, 0.143301, 0.837089, 0.282055, -0.46875, -0.227463, 0.958714, 0.170673, 0.497536, -0.0362452, 0.866686)

[37]
    Time: 1.200000
    HumanoidRootPart.CFrame = CFrame.new(0, 0, 0, 1, 0, 0, 0, 1, 0, 0, 0, 1)
    Torso.CFrame = CFrame.new(-0.0474996, -0.214544, -0.153419, 0.979152, -0.192446, 0.0650056, 0.200597, 0.966466, -0.160324, -0.031972, 0.170022, 0.984922)
    Left Leg.CFrame = CFrame.new(-0.458521, 0.273551, 0.0141098, 0.999887, -0.0121269, 0.00891965, 0.0100311, 0.978524, 0.205891, -0.0112249, -0.205778, 0.978534)
    Right Arm.CFrame = CFrame.new(0.440033, -0.530985, -0.161381, -0.745798, -0.534915, 0.397054, 0.652686, -0.706053, 0.274755, 0.133371, 0.464063, 0.875705)
    Head.CFrame = CFrame.new(7.45058e-08, 1.62981e-08, 0.0166622, 0.977427, 0.2032, 0.0578424, -0.209694, 0.966459, 0.148272, -0.0257734, -0.157055, 0.987254)
    Left Arm.CFrame = CFrame.new(-0.39838, -0.56181, -0.173776, -0.724663, 0.583687, 0.366297, -0.651396, -0.753645, -0.0877691, 0.224828, -0.302208, 0.926349)
    Right Leg.CFrame = CFrame.new(0.396608, 0.233072, 0.144891, 0.872606, 0.264718, -0.410467, -0.237575, 0.964316, 0.116848, 0.426752, -0.00444553, 0.904358)

[38]
    Time: 1.233333
    HumanoidRootPart.CFrame = CFrame.new(0, 0, 0, 1, 0, 0, 0, 1, 0, 0, 0, 1)
    Torso.CFrame = CFrame.new(-0.028457, -0.249167, -0.169353, 0.980446, -0.179591, 0.080453, 0.192964, 0.957588, -0.213987, -0.0386106, 0.225327, 0.973518)
    Left Leg.CFrame = CFrame.new(-0.447526, 0.31177, 0.0153998, 0.998666, 0.0427898, 0.0289181, -0.0478553, 0.97725, 0.206622, -0.0194189, -0.20773, 0.977993)
    Right Arm.CFrame = CFrame.new(0.424633, -0.500227, -0.13613, -0.685993, -0.579743, 0.439673, 0.713562, -0.654195, 0.250718, 0.14228, 0.485724, 0.862455)
    Head.CFrame = CFrame.new(8.56817e-08, -8.10251e-08, 0.0166624, 0.980007, 0.189364, 0.0610478, -0.198006, 0.958283, 0.206123, -0.0194689, -0.21409, 0.97662)
