[1]
    Time: 0.0000
    HumanoidRootPart.CFrame = CFrame.new(0, 0, 0, 1, 0, 0, 0, 1, 0, 0, 0, 1)
    Torso.CFrame = CFrame.new(0.170596, 0.320965, -0.388865, 0.834714, -0.523561, 0.170695, 0.543258, 0.833633, -0.0996338, -0.0901328, 0.175897, 0.980274)
    Head.CFrame = CFrame.new(1.71363e-07, -8.9407e-08, -5.06639e-07, 0.981902, 0.139217, 0.128406, -0.085345, 0.930497, -0.356219, -0.169073, 0.338813, 0.925538)
    Left Leg.CFrame = CFrame.new(-0.316284, -0.39511, 0.351848, 0.498202, -0.566011, 0.65683, 0.860865, 0.413295, -0.296813, -0.103464, 0.713315, 0.693164)
    Left Arm.CFrame = CFrame.new(0.150706, 0.34421, 0.62889, -0.399382, 0.377424, -0.835491, 0.665376, -0.507605, -0.547369, -0.630689, -0.774525, -0.0484009)
    Right Leg.CFrame = CFrame.new(0.181994, 0.261393, 0.262134, 0.836006, 0.0510493, -0.546341, -0.140086, 0.982526, -0.122552, 0.530538, 0.178989, 0.828549)
    Right Arm.CFrame = CFrame.new(-0.52273, 0.248877, 0.61045, 0.0886777, 0.229074, 0.969361, -0.257375, -0.934876, 0.24447, 0.962234, -0.271168, -0.023945)
    Graffiti.CFrame = CFrame.new(0, 0, 0, 1, 0, 0, 0, 1, 0, 0, 0, 1)

[2]
    Time: 0.0500
    HumanoidRootPart.CFrame = CFrame.new(0, 0, 0, 1, 0, 0, 0, 1, 0, 0, 0, 1)
    Torso.CFrame = CFrame.new(0.16767, 0.323633, -0.304966, 0.849713, -0.513878, 0.117976, 0.520963, 0.85274, -0.0378429, -0.0811562, 0.0936167, 0.992295)
    Head.CFrame = CFrame.new(1.15484e-07, 1.49012e-08, 1.19209e-07, 0.959429, 0.26299, 0.10165, -0.227391, 0.934893, -0.272522, -0.166702, 0.238351, 0.956765)
    Left Leg.CFrame = CFrame.new(-0.230473, -0.511067, 0.287679, 0.357655, -0.627826, 0.691316, 0.933196, 0.268064, -0.239348, -0.0350481, 0.730737, 0.681759)
    Left Arm.CFrame = CFrame.new(0.178663, 0.543197, 0.559714, -0.356237, 0.349971, -0.866381, 0.621946, -0.603164, -0.499376, -0.697337, -0.716738, -0.00279403)
    Right Leg.CFrame = CFrame.new(0.185359, 0.194126, 0.225283, 0.827909, 0.147433, -0.541138, -0.20358, 0.978024, -0.0450018, 0.522611, 0.147422, 0.839729)
    Right Arm.CFrame = CFrame.new(-0.509414, 0.429171, 0.592266, 0.0836132, 0.18023, 0.980064, -0.17323, -0.965905, 0.192405, 0.981326, -0.185864, -0.0495412)
    Graffiti.CFrame = CFrame.new(0, 0, 0, 1, 0, 0, 0, 1, 0, 0, 0, 1)

[3]
    Time: 0.0833
    HumanoidRootPart.CFrame = CFrame.new(0, 0, 0, 1, 0, 0, 0, 1, 0, 0, 0, 1)
    Torso.CFrame = CFrame.new(0.164743, 0.329502, -0.215213, 0.864012, -0.499381, 0.0640475, 0.498298, 0.866376, 0.0330447, -0.0719911, 0.00336374, 0.9974)
    Head.CFrame = CFrame.new(1.45286e-07, 1.49012e-08, 3.27826e-07, 0.92356, 0.379662, 0.0537982, -0.365693, 0.914274, -0.174273, -0.115351, 0.141278, 0.983227)
    Left Leg.CFrame = CFrame.new(-0.104474, -0.585785, 0.206957, 0.213803, -0.66057, 0.719677, 0.976729, 0.131727, -0.16926, 0.0170066, 0.739118, 0.673362)
    Left Arm.CFrame = CFrame.new(0.210895, 0.748201, 0.49745, -0.293413, 0.279766, -0.914133, 0.515633, -0.758888, -0.397759, -0.805004, -0.588065, 0.0784111)
    Right Leg.CFrame = CFrame.new(0.1458, 0.121077, 0.173845, 0.817379, 0.234886, -0.526043, -0.256001, 0.966093, 0.0335944, 0.516097, 0.107208, 0.849794)
    Right Arm.CFrame = CFrame.new(-0.488711, 0.667173, 0.579042, 0.0772317, 0.113791, 0.990498, -0.065871, -0.990713, 0.118952, 0.994835, -0.0744321, -0.069019)
    Graffiti.CFrame = CFrame.new(0, 0, 0, 1, 0, 0, 0, 1, 0, 0, 0, 1)

[4]
    Time: 0.1333
    HumanoidRootPart.CFrame = CFrame.new(0, 0, 0, 1, 0, 0, 0, 1, 0, 0, 0, 1)
    Torso.CFrame = CFrame.new(0.164895, 0.33537, -0.208384, 0.863892, -0.499287, 0.0663501, 0.497108, 0.866401, 0.0472598, -0.081082, -0.00784425, 0.996677)
    Head.CFrame = CFrame.new(8.00937e-08, -5.96046e-08, -1.19209e-07, 0.928197, 0.371994, -0.00840805, -0.368445, 0.915719, -0.160335, -0.0519443, 0.15192, 0.987027)
    Left Leg.CFrame = CFrame.new(-0.10006, -0.577473, 0.21537, 0.200535, -0.665088, 0.719335, 0.979676, 0.132797, -0.150329, 0.00445661, 0.734862, 0.678202)
    Left Arm.CFrame = CFrame.new(0.217307, 0.757621, 0.486121, -0.248384, 0.215483, -0.94439, 0.414837, -0.857351, -0.304729, -0.875338, -0.467458, 0.123562)
    Right Leg.CFrame = CFrame.new(0.13505, 0.102774, 0.16723, 0.816313, 0.242009, -0.524466, -0.266353, 0.963409, 0.0299845, 0.512532, 0.115217, 0.850903)
    Right Arm.CFrame = CFrame.new(-0.477129, 0.738915, 0.566537, 0.079587, 0.0637107, 0.99479, 0.0168215, -0.997899, 0.0625641, 0.996686, 0.0117545, -0.0804915)
    Graffiti.CFrame = CFrame.new(0, 0, 0, 1, 0, 0, 0, 1, 0, 0, 0, 1)

[5]
    Time: 0.1667
    HumanoidRootPart.CFrame = CFrame.new(0, 0, 0, 1, 0, 0, 0, 1, 0, 0, 0, 1)
    Torso.CFrame = CFrame.new(0.165962, 0.338038, -0.207408, 0.86312, -0.499308, 0.0755947, 0.496678, 0.866396, 0.0516706, -0.0912944, -0.00705172, 0.995799)
    Head.CFrame = CFrame.new(1.86265e-09, -5.21541e-08, 1.19209e-07, 0.931619, 0.361412, -0.0382988, -0.362915, 0.919471, -0.151216, -0.0194365, 0.154775, 0.987759)
    Left Leg.CFrame = CFrame.new(-0.115241, -0.568842, 0.236531, 0.198277, -0.667821, 0.717427, 0.980128, 0.139531, -0.140997, -0.00594328, 0.731127, 0.682216)
    Left Arm.CFrame = CFrame.new(0.219819, 0.757784, 0.482865, -0.231597, 0.18924, -0.954228, 0.372736, -0.888778, -0.266725, -0.898572, -0.417447, 0.135301)
    Right Leg.CFrame = CFrame.new(0.128429, 0.089294, 0.164136, 0.81868, 0.236201, -0.523424, -0.267698, 0.963369, 0.016028, 0.508037, 0.126998, 0.851921)
    Right Arm.CFrame = CFrame.new(-0.47431, 0.749068, 0.560541, 0.0824267, 0.0449879, 0.995581, 0.0487192, -0.997968, 0.0410622, 0.995406, 0.0451193, -0.084451)
    Graffiti.CFrame = CFrame.new(0, 0, 0, 1, 0, 0, 0, 1, 0, 0, 0, 1)

[6]
    Time: 0.2000
    HumanoidRootPart.CFrame = CFrame.new(0, 0, 0, 1, 0, 0, 0, 1, 0, 0, 0, 1)
    Torso.CFrame = CFrame.new(0.168858, 0.334274, -0.210335, 0.862613, -0.499281, 0.0813437, 0.496732, 0.866434, 0.0504899, -0.0956876, -0.00314725, 0.995406)
    Head.CFrame = CFrame.new(1.43424e-07, -3.72529e-08, 1.78814e-07, 0.936725, 0.347158, -0.0450269, -0.349943, 0.925217, -0.146678, -0.00926074, 0.153154, 0.988159)
    Left Leg.CFrame = CFrame.new(-0.142176, -0.559101, 0.264809, 0.199394, -0.671579, 0.7136, 0.979823, 0.146865, -0.135565, -0.0137602, 0.726232, 0.687312)
    Left Arm.CFrame = CFrame.new(0.217431, 0.747028, 0.48932, -0.251934, 0.210049, -0.944674, 0.408024, -0.862098, -0.300504, -0.877522, -0.461157, 0.131486)
    Right Leg.CFrame = CFrame.new(0.12893, 0.0858354, 0.165142, 0.8195, 0.233382, -0.523405, -0.268679, 0.963189, 0.00880492, 0.506193, 0.133412, 0.852039)
    Right Arm.CFrame = CFrame.new(-0.484568, 0.741806, 0.574791, 0.0776968, 0.0842466, 0.993411, -0.0165802, -0.996176, 0.085778, 0.996839, -0.0231357, -0.0760031)
    Graffiti.CFrame = CFrame.new(0, 0, 0, 1, 0, 0, 0, 1, 0, 0, 0, 1)

[7]
    Time: 0.2500
    HumanoidRootPart.CFrame = CFrame.new(0, 0, 0, 1, 0, 0, 0, 1, 0, 0, 0, 1)
    Torso.CFrame = CFrame.new(0.174498, 0.307927, -0.230822, 0.862113, -0.499169, 0.0871317, 0.498298, 0.866376, 0.0330447, -0.0919837, 0.0149293, 0.995649)
    Head.CFrame = CFrame.new(6.70552e-08, -7.45058e-09, 2.38419e-07, 0.940379, 0.336736, 0.0479266, -0.324217, 0.930036, -0.172961, -0.102816, 0.147111, 0.983762)
    Left Leg.CFrame = CFrame.new(-0.197744, -0.544706, 0.308031, 0.208969, -0.679017, 0.703753, 0.977819, 0.155557, -0.140259, -0.0142358, 0.717453, 0.696462)
    Left Arm.CFrame = CFrame.new(0.211149, 0.7232, 0.501368, -0.283568, 0.26689, -0.921064, 0.495843, -0.781319, -0.379052, -0.82081, -0.56419, 0.0892211)
    Right Leg.CFrame = CFrame.new(0.151953, 0.103402, 0.18091, 0.818129, 0.234025, -0.525258, -0.272686, 0.962095, 0.0039267, 0.506268, 0.140018, 0.850934)
    Right Arm.CFrame = CFrame.new(-0.502604, 0.690642, 0.599414, 0.078157, 0.147008, 0.986043, -0.121013, -0.980356, 0.155752, 0.989569, -0.131497, -0.0588319)
    Graffiti.CFrame = CFrame.new(0, 0, 0, 1, 0, 0, 0, 1, 0, 0, 0, 1)

[8]
    Time: 0.2833
    HumanoidRootPart.CFrame = CFrame.new(0, 0, 0, 1, 0, 0, 0, 1, 0, 0, 0, 1)
    Torso.CFrame = CFrame.new(0.180352, 0.236415, -0.426913, 0.862113, -0.499169, 0.0871316, 0.506602, 0.852741, -0.127232, -0.0107907, 0.153829, 0.988039)
    Head.CFrame = CFrame.new(1.19209e-07, -2.23517e-08, 2.98023e-08, 0.913005, 0.353752, 0.203177, -0.3386, 0.934914, -0.10623, -0.227533, 0.028193, 0.973362)
    Left Leg.CFrame = CFrame.new(-0.346981, -0.594791, 0.331943, 0.33519, -0.645935, 0.685868, 0.931715, 0.11921, -0.343067, 0.139837, 0.754027, 0.641786)
    Left Arm.CFrame = CFrame.new(0.205569, 0.688358, 0.510679, -0.322057, 0.312845, -0.893537, 0.566436, -0.692574, -0.446644, -0.758571, -0.649976, 0.0458418)
    Right Leg.CFrame = CFrame.new(0.241819, 0.408503, 0.245948, 0.827253, 0.142691, -0.543408, -0.161713, 0.986753, 0.0129252, 0.538054, 0.0771837, 0.839369)
    Right Arm.CFrame = CFrame.new(-0.511105, 0.555139, 0.610547, 0.0797755, 0.168695, 0.982435, -0.157032, -0.971143, 0.179508, 0.984366, -0.168594, -0.0509831)
    Graffiti.CFrame = CFrame.new(0, 0, 0, 1, 0, 0, 0, 1, 0, 0, 0, 1)

[9]
    Time: 0.3333
    HumanoidRootPart.CFrame = CFrame.new(0, 0, 0, 1, 0, 0, 0, 1, 0, 0, 0, 1)
    Torso.CFrame = CFrame.new(-0.157541, 0.100944, -0.532258, 0.973071, 0.174058, -0.151118, -0.199202, 0.964859, -0.171366, 0.11598, 0.196855, 0.973549)
    Head.CFrame = CFrame.new(5.96046e-08, 5.21541e-08, 3.57628e-07, 0.966568, -0.0777521, -0.244337, 0.04203, 0.988071, -0.148155, 0.252941, 0.132933, 0.958306)
    Left Leg.CFrame = CFrame.new(-0.699577, 0.502108, -0.155125, 0.984795, -0.123188, -0.122487, 0.141215, 0.978327, 0.151445, 0.101176, -0.166439, 0.980847)
    Left Arm.CFrame = CFrame.new(-0.850975, -1.09045, -0.633276, -0.822071, 0.569018, -0.0204215, -0.507883, -0.71659, 0.478074, 0.257399, 0.403383, 0.878082)
    Right Leg.CFrame = CFrame.new(0.599813, 0.711374, -0.60633, 0.902652, -0.146259, 0.404756, -0.0725534, 0.875306, 0.478096, -0.424212, -0.460921, 0.779485)
    Right Arm.CFrame = CFrame.new(0.850976, -1.09045, -0.633276, -0.822071, -0.569018, 0.0204214, 0.507882, -0.716589, 0.478074, -0.257399, 0.403383, 0.878082)
    Graffiti.CFrame = CFrame.new(0, 0, 0, 1, 0, 0, 0, 1, 0, 0, 0, 1)

[10]
    Time: 0.3833
    HumanoidRootPart.CFrame = CFrame.new(0, 0, 0, 1, 0, 0, 0, 1, 0, 0, 0, 1)
    Torso.CFrame = CFrame.new(-0.145999, 0.117871, -0.433846, 0.971762, 0.190714, -0.138953, -0.20849, 0.96973, -0.127105, 0.110506, 0.152486, 0.982108)
    Head.CFrame = CFrame.new(1.71363e-07, 5.21541e-08, -2.38419e-07, 0.971486, -0.0876333, -0.220308, 0.056297, 0.987873, -0.144701, 0.230317, 0.128172, 0.964638)
    Left Leg.CFrame = CFrame.new(-0.684445, 0.380749, -0.132907, 0.978679, -0.159114, -0.129886, 0.176143, 0.975434, 0.132293, 0.105646, -0.152351, 0.982664)
    Left Arm.CFrame = CFrame.new(-0.850976, -1.09045, -0.633276, -0.822071, 0.569018, -0.0204214, -0.507882, -0.716589, 0.478074, 0.257399, 0.403383, 0.878082)
    Right Leg.CFrame = CFrame.new(0.650428, 0.596045, -0.565789, 0.888716, -0.0991916, 0.4476, -0.120362, 0.891586, 0.436564, -0.442377, -0.441855, 0.780427)
    Right Arm.CFrame = CFrame.new(0.850976, -1.09045, -0.633276, -0.822071, -0.569018, 0.0204213, 0.507882, -0.716589, 0.478074, -0.257399, 0.403383, 0.878082)
    Graffiti.CFrame = CFrame.new(0, 0, 0, 1, 0, 0, 0, 1, 0, 0, 0, 1)

[11]
    Time: 0.4167
    HumanoidRootPart.CFrame = CFrame.new(0, 0, 0, 1, 0, 0, 0, 1, 0, 0, 0, 1)
    Torso.CFrame = CFrame.new(-0.124563, 0.154144, -0.247749, 0.972657, 0.201918, -0.114752, -0.208287, 0.976966, -0.0464032, 0.102739, 0.0690358, 0.99231)
    Head.CFrame = CFrame.new(8.19564e-08, 2.23517e-08, -5.06639e-07, 0.982757, -0.0894188, -0.161844, 0.0690557, 0.989451, -0.127349, 0.171524, 0.113977, 0.978565)
    Left Leg.CFrame = CFrame.new(-0.556321, 0.17525, -0.0964285, 0.972996, -0.171957, -0.15398, 0.188588, 0.976874, 0.100758, 0.133093, -0.127076, 0.982923)
    Left Arm.CFrame = CFrame.new(-0.850975, -1.09045, -0.633276, -0.822071, 0.569018, -0.0204215, -0.507882, -0.71659, 0.478074, 0.257399, 0.403383, 0.878082)
    Right Leg.CFrame = CFrame.new(0.660762, 0.375916, -0.456386, 0.863909, -0.0319133, 0.502636, -0.172685, 0.918726, 0.355136, -0.473118, -0.393603, 0.788185)
    Right Arm.CFrame = CFrame.new(0.850976, -1.09045, -0.633276, -0.822071, -0.569018, 0.0204213, 0.507882, -0.716589, 0.478074, -0.257399, 0.403383, 0.878082)
    Graffiti.CFrame = CFrame.new(0, 0, 0, 1, 0, 0, 0, 1, 0, 0, 0, 1)

[12]
    Time: 0.4667
    HumanoidRootPart.CFrame = CFrame.new(0, 0, 0, 1, 0, 0, 0, 1, 0, 0, 0, 1)
    Torso.CFrame = CFrame.new(-0.113021, 0.187999, -0.137676, 0.973427, 0.205329, -0.101393, -0.206674, 0.978406, -0.00283422, 0.0986213, 0.0237142, 0.994842)
    Head.CFrame = CFrame.new(5.58794e-08, -1.11759e-08, -1.49012e-07, 0.993034, -0.0882433, -0.0780843, 0.0799223, 0.991367, -0.103939, 0.0865822, 0.0969742, 0.991514)
    Left Leg.CFrame = CFrame.new(-0.372063, 0.0786268, -0.0604751, 0.979208, -0.118054, -0.164973, 0.133544, 0.987291, 0.0861597, 0.152705, -0.1064, 0.982528)
    Left Arm.CFrame = CFrame.new(-0.850975, -1.09045, -0.633276, -0.822071, 0.569018, -0.0204215, -0.507883, -0.716589, 0.478074, 0.257399, 0.403383, 0.878082)
    Right Leg.CFrame = CFrame.new(0.595347, 0.25773, -0.364648, 0.850748, -0.030268, 0.524701, -0.159113, 0.936658, 0.312017, -0.50091, -0.348935, 0.792044)
    Right Arm.CFrame = CFrame.new(0.850976, -1.09045, -0.633276, -0.822071, -0.569018, 0.0204214, 0.507882, -0.716589, 0.478074, -0.257399, 0.403383, 0.878082)
    Graffiti.CFrame = CFrame.new(0, 0, 0, 1, 0, 0, 0, 1, 0, 0, 0, 1)

[13]
    Time: 0.5000
    HumanoidRootPart.CFrame = CFrame.new(0, 0, 0, 1, 0, 0, 0, 1, 0, 0, 0, 1)
    Torso.CFrame = CFrame.new(-0.1193, 0.203216, -0.127473, 0.974297, 0.192352, -0.117244, -0.196016, 0.980387, -0.0204563, 0.11101, 0.0429123, 0.992892)
    Head.CFrame = CFrame.new(1.45752e-07, 2.6077e-08, -1.78814e-07, 0.997442, -0.0698685, 0.0151069, 0.0707084, 0.995377, -0.0650066, -0.0104951, 0.0659085, 0.99777)
    Left Leg.CFrame = CFrame.new(-0.319509, 0.0733855, -0.0530844, 0.983667, -0.0469232, -0.173776, 0.061337, 0.995024, 0.0785232, 0.169227, -0.0878996, 0.98165)
    Left Arm.CFrame = CFrame.new(-0.850975, -1.09045, -0.633276, -0.822071, 0.569018, -0.0204215, -0.507883, -0.716589, 0.478074, 0.257399, 0.403383, 0.878082)
    Right Leg.CFrame = CFrame.new(0.570838, 0.271795, -0.349911, 0.860265, -0.0688896, 0.505171, -0.125514, 0.931721, 0.340797, -0.494156, -0.356582, 0.79288)
    Right Arm.CFrame = CFrame.new(0.850975, -1.09045, -0.633276, -0.822071, -0.569018, 0.0204214, 0.507882, -0.716589, 0.478074, -0.257399, 0.403383, 0.878082)
    Graffiti.CFrame = CFrame.new(0, 0, 0, 1, 0, 0, 0, 1, 0, 0, 0, 1)

[14]
    Time: 0.5500
    HumanoidRootPart.CFrame = CFrame.new(0, 0, 0, 1, 0, 0, 0, 1, 0, 0, 0, 1)
    Torso.CFrame = CFrame.new(-0.137399, 0.205736, -0.126016, 0.975461, 0.174174, -0.134681, -0.183511, 0.98117, -0.0602481, 0.121651, 0.0834851, 0.989056)
    Head.CFrame = CFrame.new(1.86265e-09, -5.40167e-08, -8.9407e-08, 0.996849, -0.0519601, 0.0599361, 0.0530991, 0.998435, -0.017568, -0.0589294, 0.0206952, 0.998048)
    Left Leg.CFrame = CFrame.new(-0.265713, 0.0768533, -0.0451249, 0.982502, 0.0499776, -0.179423, -0.0352661, 0.995819, 0.0842689, 0.182884, -0.0764669, 0.980156)
    Left Arm.CFrame = CFrame.new(-0.850976, -1.09045, -0.633276, -0.822071, 0.569018, -0.0204215, -0.507883, -0.716589, 0.478074, 0.257399, 0.403383, 0.878082)
    Right Leg.CFrame = CFrame.new(0.544203, 0.301756, -0.339713, 0.869813, -0.127855, 0.476527, -0.0697223, 0.924294, 0.375259, -0.48843, -0.35963, 0.795049)
    Right Arm.CFrame = CFrame.new(0.850976, -1.09045, -0.633276, -0.822071, -0.569018, 0.0204213, 0.507882, -0.716589, 0.478074, -0.257399, 0.403383, 0.878082)
    Graffiti.CFrame = CFrame.new(0, 0, 0, 1, 0, 0, 0, 1, 0, 0, 0, 1)

[15]
    Time: 0.5833
    HumanoidRootPart.CFrame = CFrame.new(0, 0, 0, 1, 0, 0, 0, 1, 0, 0, 0, 1)
    Torso.CFrame = CFrame.new(-0.154948, 0.205736, -0.31592, 0.977663, 0.164486, -0.130839, -0.176967, 0.980072, -0.0902333, 0.11339, 0.111372, 0.987289)
    Head.CFrame = CFrame.new(5.7742e-08, 7.45058e-09, 0, 0.992898, -0.102418, 0.0605297, 0.110602, 0.98209, -0.152531, -0.0438237, 0.158143, 0.986443)
    Left Leg.CFrame = CFrame.new(-0.594519, 0.279353, -0.125964, 0.982256, -0.0925584, -0.163114, 0.114992, 0.984296, 0.133933, 0.148156, -0.150313, 0.977474)
    Left Arm.CFrame = CFrame.new(-0.850975, -1.09045, -0.633277, -0.822071, 0.569018, -0.0204215, -0.507883, -0.716589, 0.478074, 0.257399, 0.403383, 0.878082)
    Right Leg.CFrame = CFrame.new(0.643897, 0.481555, -0.477726, 0.887851, -0.0931293, 0.450609, -0.10689, 0.910769, 0.398842, -0.447544, -0.402278, 0.798672)
    Right Arm.CFrame = CFrame.new(0.850975, -1.09045, -0.633276, -0.822071, -0.569018, 0.0204214, 0.507882, -0.716589, 0.478074, -0.257399, 0.403383, 0.878082)
    Graffiti.CFrame = CFrame.new(0, 0, 0, 1, 0, 0, 0, 1, 0, 0, 0, 1)

[16]
    Time: 0.6333
    HumanoidRootPart.CFrame = CFrame.new(0, 0, 0, 1, 0, 0, 0, 1, 0, 0, 0, 1)
    Torso.CFrame = CFrame.new(0.0636085, 0.187514, -0.363249, 0.757451, -0.649109, 0.0701825, 0.652574, 0.75605, -0.0503511, -0.0203781, 0.0839378, 0.996263)
    Head.CFrame = CFrame.new(7.82311e-08, 4.84288e-08, 1.78814e-07, 0.870381, 0.484471, -0.0878885, -0.47596, 0.873557, 0.101784, 0.126087, -0.0467592, 0.990917)
    Left Leg.CFrame = CFrame.new(-0.723049, -0.034624, -0.0979927, 0.860362, -0.4889, -0.144065, 0.455381, 0.864304, -0.213557, 0.228924, 0.118132, 0.96625)
    Left Arm.CFrame = CFrame.new(-1.53863, 1.14115, -0.709153, 0.0743228, -0.41477, 0.906886, 0.995736, 0.0807044, -0.044694, -0.0546522, 0.90634, 0.418999)
    Right Leg.CFrame = CFrame.new(0.390843, 0.26815, 0.149529, 0.980334, -0.0321701, -0.194707, -0.00447189, 0.982749, -0.184889, 0.197296, 0.182123, 0.963279)
    Right Arm.CFrame = CFrame.new(0.303398, -0.88927, 0.230683, 0.0632113, -0.711972, 0.699357, 0.967301, 0.21618, 0.13265, -0.24563, 0.668103, 0.702356)
    Graffiti.CFrame = CFrame.new(0, 0, 0, 1, 0, 0, 0, 1, 0, 0, 0, 1)

[17]
    Time: 0.6667
    HumanoidRootPart.CFrame = CFrame.new(0, 0, 0, 1, 0, 0, 0, 1, 0, 0, 0, 1)
    Torso.CFrame = CFrame.new(0.0513133, 0.187514, -0.320743, 0.74427, -0.667208, 0.0299327, 0.66775, 0.744258, -0.0137558, -0.0130997, 0.0302256, 0.999457)
    Head.CFrame = CFrame.new(9.31323e-08, -3.72529e-09, 0, 0.86106, 0.50213, -0.0802561, -0.499672, 0.864788, 0.0497024, 0.0943616, -0.00269509, 0.995534)
    Left Leg.CFrame = CFrame.new(-0.670556, -0.103484, -0.109119, 0.837266, -0.525887, -0.149761, 0.489857, 0.843092, -0.221893, 0.242953, 0.112422, 0.963501)
    Left Arm.CFrame = CFrame.new(-1.60471, 1.2158, -0.69426, 0.0249882, -0.400785, 0.915831, 0.998958, -0.0249784, -0.0381874, 0.038181, 0.915831, 0.399744)
    Right Leg.CFrame = CFrame.new(0.389684, 0.216627, 0.14865, 0.972712, 0.0462341, -0.227365, -0.0840196, 0.983627, -0.159435, 0.216271, 0.174187, 0.960669)
    Right Arm.CFrame = CFrame.new(0.162647, -0.602031, 0.36438, 0.0669766, -0.724893, 0.685597, 0.976811, 0.187687, 0.10302, -0.203356, 0.662799, 0.720655)
    Graffiti.CFrame = CFrame.new(0, 0, 0, 1, 0, 0, 0, 1, 0, 0, 0, 1)

[18]
    Time: 0.7000
    HumanoidRootPart.CFrame = CFrame.new(0, 0, 0, 1, 0, 0, 0, 1, 0, 0, 0, 1)
    Torso.CFrame = CFrame.new(0.0284795, 0.187514, -0.241803, 0.739108, -0.672985, -0.028463, 0.67339, 0.739253, 0.00710641, 0.0162589, -0.0244191, 0.99957)
    Head.CFrame = CFrame.new(7.26432e-08, -3.53903e-08, 5.36442e-07, 0.859149, 0.509197, -0.0508147, -0.510038, 0.860141, -0.00429214, 0.0415223, 0.029605, 0.998699)
    Left Leg.CFrame = CFrame.new(-0.519616, -0.17567, -0.101699, 0.844863, -0.51551, -0.143026, 0.47187, 0.844041, -0.254819, 0.252082, 0.147798, 0.956353)
    Left Arm.CFrame = CFrame.new(-1.62862, 1.25709, -0.657963, -0.104577, -0.399967, 0.910544, 0.979151, -0.201728, 0.0238448, 0.174145, 0.894054, 0.412724)
    Right Leg.CFrame = CFrame.new(0.359036, 0.163225, 0.12869, 0.963002, 0.104249, -0.248515, -0.132733, 0.986021, -0.100719, 0.234541, 0.129979, 0.963377)
    Right Arm.CFrame = CFrame.new(0.114197, -0.472337, 0.416517, 0.0536302, -0.763714, 0.643323, 0.98861, 0.131335, 0.0734986, -0.140623, 0.632054, 0.762059)
    Graffiti.CFrame = CFrame.new(0, 0, 0, 1, 0, 0, 0, 1, 0, 0, 0, 1)

[19]
    Time: 0.7500
    HumanoidRootPart.CFrame = CFrame.new(0, 0, 0, 1, 0, 0, 0, 1, 0, 0, 0, 1)
    Torso.CFrame = CFrame.new(0.0161845, 0.187514, -0.199297, 0.737624, -0.672702, -0.0581691, 0.674372, 0.738264, 0.013764, 0.033685, -0.0493803, 0.998212)
    Head.CFrame = CFrame.new(1.00583e-07, -1.02445e-08, 0, 0.85908, 0.510753, -0.0333673, -0.511657, 0.858694, -0.02918, 0.0137486, 0.0421405, 0.999017)
    Left Leg.CFrame = CFrame.new(-0.404754, -0.195367, -0.0892285, 0.861644, -0.488656, -0.137058, 0.441171, 0.854674, -0.273679, 0.250875, 0.175348, 0.952006)
    Left Arm.CFrame = CFrame.new(-1.63325, 1.27295, -0.622472, -0.203109, -0.387726, 0.899119, 0.942412, -0.326603, 0.0720486, 0.26572, 0.861974, 0.431733)
    Right Leg.CFrame = CFrame.new(0.332869, 0.139317, 0.116106, 0.959008, 0.124055, -0.254782, -0.145762, 0.986974, -0.0680913, 0.243016, 0.102438, 0.964598)
    Right Arm.CFrame = CFrame.new(0.108155, -0.438168, 0.424218, 0.0127834, -0.778054, 0.628067, 0.99647, 0.062034, 0.0565666, -0.0829733, 0.625127, 0.776101)
    Graffiti.CFrame = CFrame.new(0, 0, 0, 1, 0, 0, 0, 1, 0, 0, 0, 1)

[20]
    Time: 0.8000
    HumanoidRootPart.CFrame = CFrame.new(0, 0, 0, 1, 0, 0, 0, 1, 0, 0, 0, 1)
    Torso.CFrame = CFrame.new(0.0171296, 0.187514, -0.201794, 0.741919, -0.668627, -0.0499425, 0.669967, 0.742222, 0.0158445, 0.0264743, -0.0452151, 0.998626)
    Head.CFrame = CFrame.new(8.56817e-08, -1.67638e-08, 5.96046e-08, 0.861898, 0.505446, -0.0406979, -0.506594, 0.86181, -0.025402, 0.0222345, 0.0425113, 0.998849)
    Left Leg.CFrame = CFrame.new(-0.41956, -0.190405, -0.0870712, 0.860162, -0.49272, -0.131713, 0.448916, 0.853995, -0.262997, 0.242066, 0.167092, 0.955764)
    Left Arm.CFrame = CFrame.new(-1.62992, 1.27429, -0.603824, -0.234242, -0.377989, 0.895687, 0.925366, -0.369139, 0.086223, 0.298042, 0.849035, 0.436245)
    Right Leg.CFrame = CFrame.new(0.333672, 0.133014, 0.114514, 0.961957, 0.115823, -0.247435, -0.13964, 0.98689, -0.0809205, 0.234819, 0.112394, 0.96552)
    Right Arm.CFrame = CFrame.new(0.125103, -0.521891, 0.398458, -0.0413182, -0.750901, 0.659121, 0.998922, -0.0170789, 0.0431625, -0.0211537, 0.660194, 0.750797)
    Graffiti.CFrame = CFrame.new(0, 0, 0, 1, 0, 0, 0, 1, 0, 0, 0, 1)

[21]
    Time: 0.8333
    HumanoidRootPart.CFrame = CFrame.new(0, 0, 0, 1, 0, 0, 0, 1, 0, 0, 0, 1)
    Torso.CFrame = CFrame.new(0.0237455, 0.187514, -0.21927, 0.750121, -0.66074, -0.0272306, 0.661228, 0.750014, 0.0160261, 0.00983423, -0.0300271, 0.999501)
    Head.CFrame = CFrame.new(5.40167e-08, 5.12227e-09, -2.98023e-07, 0.867018, 0.494942, -0.05755, -0.496284, 0.868091, -0.010985, 0.0445217, 0.0380853, 0.998282)
    Left Leg.CFrame = CFrame.new(-0.475547, -0.175859, -0.0856129, 0.853845, -0.505674, -0.123464, 0.468521, 0.849949, -0.240986, 0.226799, 0.147919, 0.962643)
    Left Arm.CFrame = CFrame.new(-1.62244, 1.27049, -0.596942, -0.24417, -0.372731, 0.895239, 0.918377, -0.385323, 0.0900518, 0.311392, 0.844155, 0.436392)
    Right Leg.CFrame = CFrame.new(0.344624, 0.131459, 0.115097, 0.968006, 0.0958391, -0.231903, -0.124113, 0.986091, -0.11055, 0.218082, 0.135795, 0.966437)
    Right Arm.CFrame = CFrame.new(0.157598, -0.684824, 0.353371, -0.0822829, -0.710692, 0.698674, 0.99564, -0.0895251, 0.0261916, 0.0439346, 0.697783, 0.71496)
    Graffiti.CFrame = CFrame.new(0, 0, 0, 1, 0, 0, 0, 1, 0, 0, 0, 1)

[22]
    Time: 0.8833
    HumanoidRootPart.CFrame = CFrame.new(0, 0, 0, 1, 0, 0, 0, 1, 0, 0, 0, 1)
    Torso.CFrame = CFrame.new(0.041703, 0.187514, -0.266707, 0.75538, -0.655251, 0.00688893, 0.655229, 0.755411, 0.00538502, -0.00873251, 0.000446086, 0.999962)
    Head.CFrame = CFrame.new(8.56817e-08, 1.39698e-08, 2.38419e-07, 0.869685, 0.487687, -0.0762213, -0.487761, 0.872772, 0.0189036, 0.0757429, 0.0207376, 0.996912)
    Left Leg.CFrame = CFrame.new(-0.576515, -0.14494, -0.0904821, 0.843806, -0.522025, -0.124423, 0.488844, 0.843354, -0.223129, 0.221411, 0.127455, 0.966816)
    Left Arm.CFrame = CFrame.new(-1.61828, 1.26784, -0.595969, -0.244876, -0.37132, 0.895632, 0.917273, -0.387969, 0.0899452, 0.31408, 0.843565, 0.435606)
    Right Leg.CFrame = CFrame.new(0.373697, 0.16198, 0.126298, 0.973599, 0.0690885, -0.217558, -0.102011, 0.984316, -0.143928, 0.204202, 0.162322, 0.965377)
    Right Arm.CFrame = CFrame.new(0.174769, -0.773493, 0.329097, -0.0995645, -0.685777, 0.72097, 0.992591, -0.119169, 0.0237234, 0.0696478, 0.71799, 0.692561)
    Graffiti.CFrame = CFrame.new(0, 0, 0, 1, 0, 0, 0, 1, 0, 0, 0, 1)

[23]
    Time: 0.9167
    HumanoidRootPart.CFrame = CFrame.new(0, 0, 0, 1, 0, 0, 0, 1, 0, 0, 0, 1)
    Torso.CFrame = CFrame.new(0.0708349, 0.187514, -0.410334, 0.757713, -0.650751, 0.0489262, 0.652574, 0.75605, -0.0503511, -0.00422462, 0.0700797, 0.997533)
    Head.CFrame = CFrame.new(1.15484e-07, -1.11759e-08, -1.49012e-07, 0.871735, 0.48469, -0.0717912, -0.478506, 0.873657, 0.0880632, 0.105404, -0.0424153, 0.993524)
    Left Leg.CFrame = CFrame.new(-0.756312, -0.0558563, -0.111395, 0.836218, -0.52707, -0.151444, 0.482679, 0.838472, -0.252955, 0.260307, 0.138427, 0.955551)
    Left Arm.CFrame = CFrame.new(-1.61828, 1.26784, -0.59597, -0.244876, -0.37132, 0.895632, 0.917273, -0.387969, 0.0899452, 0.31408, 0.843565, 0.435606)
    Right Leg.CFrame = CFrame.new(0.419236, 0.334409, 0.15948, 0.979237, 0.00761489, -0.202575, -0.0401633, 0.986773, -0.157054, 0.1987, 0.161929, 0.966591)
    Right Arm.CFrame = CFrame.new(0.163481, -0.487504, 0.344462, 0.00482017, -0.689305, 0.724455, 0.998705, 0.0400102, 0.0314241, -0.0506465, 0.723365, 0.688605)
    Graffiti.CFrame = CFrame.new(0, 0, 0, 1, 0, 0, 0, 1, 0, 0, 0, 1)

[24]
    Time: 0.9500
    HumanoidRootPart.CFrame = CFrame.new(0, 0, 0, 1, 0, 0, 0, 1, 0, 0, 0, 1)
    Torso.CFrame = CFrame.new(-0.203115, 1.11759e-07, -0.600566, 0.91164, 0.389603, -0.13085, -0.397123, 0.917047, -0.0362985, 0.105854, 0.0850548, 0.990737)
    Head.CFrame = CFrame.new(4.47035e-08, -1.11759e-08, 5.96046e-08, 0.990062, -0.0530328, 0.130251, 0.0392636, 0.993581, 0.106094, -0.135041, -0.0999259, 0.985788)
    Left Leg.CFrame = CFrame.new(-1.27453, 0.0543625, -0.758121, 0.381118, -0.590908, -0.711039, 0.79411, 0.603063, -0.0755307, 0.473433, -0.535857, 0.699084)
    Left Arm.CFrame = CFrame.new(-0.254747, -0.493155, -0.543044, 0.190418, 0.481608, -0.85545, -0.448312, 0.817885, 0.360668, 0.87336, 0.314831, 0.371651)
    Right Leg.CFrame = CFrame.new(0.624748, 0.645636, -0.0291366, 0.987101, 0.157621, 0.0280636, -0.158166, 0.987242, 0.0183835, -0.0248081, -0.022585, 0.999437)
    Right Arm.CFrame = CFrame.new(0.441595, -0.2907, -0.0172326, 0.415018, -0.591691, -0.691131, 0.823463, 0.567302, 0.00880309, 0.386872, -0.572774, 0.722676)
    Graffiti.CFrame = CFrame.new(0, 0, 0, 1, 0, 0, 0, 1, 0, 0, 0, 1)

[25]
    Time: 1.0000
    HumanoidRootPart.CFrame = CFrame.new(0, 0, 0, 1, 0, 0, 0, 1, 0, 0, 0, 1)
    Torso.CFrame = CFrame.new(-0.179786, 1.11759e-07, -0.49029, 0.913252, 0.392294, -0.109891, -0.397897, 0.916804, -0.0338883, 0.0874544, 0.074674, 0.993366)
    Head.CFrame = CFrame.new(8.56817e-08, 1.11759e-08, 0, 0.997582, -0.049135, 0.0491565, 0.0456908, 0.996577, 0.0688917, -0.0523733, -0.0664791, 0.996412)
    Left Leg.CFrame = CFrame.new(-1.28573, -0.184868, -0.827654, 0.174164, -0.657051, -0.733451, 0.956971, 0.288501, -0.0312082, 0.232106, -0.696456, 0.679025)
    Left Arm.CFrame = CFrame.new(-0.25235, -0.485249, -0.561029, 0.164315, 0.457638, -0.873824, -0.617053, 0.738822, 0.270903, 0.769575, 0.494682, 0.403786)
    Right Leg.CFrame = CFrame.new(0.640605, 0.517848, -0.0207378, 0.985187, 0.169497, 0.0260296, -0.169759, 0.985452, 0.00819108, -0.0242625, -0.0124885, 0.999628)
    Right Arm.CFrame = CFrame.new(0.467905, -0.158932, 0.0419946, 0.332194, -0.472247, -0.816474, 0.916615, 0.365745, 0.161392, 0.222405, -0.802006, 0.554367)
    Graffiti.CFrame = CFrame.new(0, 0, 0, 1, 0, 0, 0, 1, 0, 0, 0, 1)

[26]
    Time: 1.0333
    HumanoidRootPart.CFrame = CFrame.new(0, 0, 0, 1, 0, 0, 0, 1, 0, 0, 0, 1)
    Torso.CFrame = CFrame.new(-0.124589, 1.2666e-07, -0.28549, 0.916292, 0.394913, -0.0667306, -0.397681, 0.916872, -0.0345672, 0.0475324, 0.0582111, 0.997172)
    Head.CFrame = CFrame.new(5.58794e-08, -1.10012e-08, -2.68221e-07, 0.992932, -0.0495333, -0.107852, 0.0499796, 0.998749, 0.00143812, 0.107646, -0.00681838, 0.994166)
    Left Leg.CFrame = CFrame.new(-1.2596, -0.316575, -0.806569, 0.0960638, -0.664604, -0.740995, 0.989368, 0.145416, -0.0021617, 0.109189, -0.732909, 0.671507)
    Left Arm.CFrame = CFrame.new(-0.261664, -0.468785, -0.572139, 0.0942115, 0.550769, -0.829324, -0.76391, 0.574182, 0.294544, 0.638409, 0.605779, 0.474832)
    Right Leg.CFrame = CFrame.new(0.56687, 0.292265, -0.00670153, 0.990656, 0.134843, 0.0204553, -0.134525, 0.990778, -0.0161707, -0.0224471, 0.013268, 0.99966)
    Right Arm.CFrame = CFrame.new(0.479007, -0.0927623, 0.118158, 0.147355, -0.442335, -0.884662, 0.987571, 0.115251, 0.106871, 0.0546856, -0.889414, 0.45382)
    Graffiti.CFrame = CFrame.new(0, 0, 0, 1, 0, 0, 0, 1, 0, 0, 0, 1)

[27]
    Time: 1.0833
    HumanoidRootPart.CFrame = CFrame.new(0, 0, 0, 1, 0, 0, 0, 1, 0, 0, 0, 1)
    Torso.CFrame = CFrame.new(-0.0597054, 1.17347e-07, -0.175214, 0.917697, 0.396303, -0.0278489, -0.397123, 0.917047, -0.0362985, 0.0111536, 0.0443705, 0.998953)
    Head.CFrame = CFrame.new(6.70552e-08, -2.23517e-08, 3.27826e-07, 0.977136, -0.0543869, -0.20554, 0.0472168, 0.998098, -0.039633, 0.207305, 0.0290218, 0.977846)
    Left Leg.CFrame = CFrame.new(-1.26378, -0.331169, -0.801008, 0.084183, -0.668112, -0.739283, 0.993431, 0.113988, 0.0101087, 0.0775158, -0.735278, 0.673319)
    Left Arm.CFrame = CFrame.new(-0.267256, -0.459227, -0.575031, 0.0457869, 0.606698, -0.793612, -0.818151, 0.478612, 0.318685, 0.573178, 0.634703, 0.518285)
    Right Leg.CFrame = CFrame.new(0.455438, 0.165047, -0.000103891, 0.996653, 0.0805391, 0.0140482, -0.0799925, 0.996149, -0.0358861, -0.0168843, 0.0346422, 0.999257)
    Right Arm.CFrame = CFrame.new(0.479381, -0.0749062, 0.155995, 0.0317852, -0.42594, -0.904193, 0.999295, -0.00456346, 0.0372779, -0.0200043, -0.90474, 0.425494)
    Graffiti.CFrame = CFrame.new(0, 0, 0, 1, 0, 0, 0, 1, 0, 0, 0, 1)

[28]
    Time: 1.1333
    HumanoidRootPart.CFrame = CFrame.new(0, 0, 0, 1, 0, 0, 0, 1, 0, 0, 0, 1)
    Torso.CFrame = CFrame.new(-0.00453941, 1.21072e-07, -0.177689, 0.917868, 0.396696, -0.0123219, -0.396871, 0.917112, -0.0374132, -0.00354112, 0.0392305, 0.999224)
    Head.CFrame = CFrame.new(6.70552e-08, -2.79397e-08, 2.08616e-07, 0.974313, -0.0548838, -0.218406, 0.0463402, 0.997954, -0.0440535, 0.220377, 0.0328009, 0.974863)
    Left Leg.CFrame = CFrame.new(-1.28253, -0.305191, -0.811702, 0.0868427, -0.67309, -0.734444, 0.99297, 0.118001, 0.00926781, 0.0804272, -0.730086, 0.678606)
    Left Arm.CFrame = CFrame.new(-0.266416, -0.461132, -0.57436, 0.0608277, 0.598299, -0.79896, -0.809691, 0.497658, 0.311025, 0.583695, 0.627993, 0.514709)
    Right Leg.CFrame = CFrame.new(0.444528, 0.164506, 0.00247973, 0.997339, 0.0726215, 0.00640501, -0.072391, 0.996899, -0.0308634, -0.00862665, 0.0303176, 0.999503)
    Right Arm.CFrame = CFrame.new(0.470357, -0.107861, 0.133461, 0.051841, -0.422586, -0.904839, 0.997872, 0.0577957, 0.0301789, 0.0395428, -0.904478, 0.424683)
    Graffiti.CFrame = CFrame.new(0, 0, 0, 1, 0, 0, 0, 1, 0, 0, 0, 1)

[29]
    Time: 1.1667
    HumanoidRootPart.CFrame = CFrame.new(0, 0, 0, 1, 0, 0, 0, 1, 0, 0, 0, 1)
    Torso.CFrame = CFrame.new(0.0326308, 1.15018e-07, -0.195015, 0.917816, 0.396924, -0.00811125, -0.396937, 0.917081, -0.0374662, -0.00743253, 0.0376067, 0.999265)
    Head.CFrame = CFrame.new(3.72529e-08, -1.86265e-08, -2.98023e-08, 0.975789, -0.0541971, -0.211893, 0.04651, 0.998072, -0.0410995, 0.213712, 0.0302493, 0.976428)
    Left Leg.CFrame = CFrame.new(-1.29477, -0.272294, -0.818398, 0.101884, -0.675306, -0.730467, 0.989605, 0.143721, 0.00515902, 0.1015, -0.723399, 0.682929)
    Left Arm.CFrame = CFrame.new(-0.264631, -0.465464, -0.572423, 0.0906132, 0.580446, -0.809241, -0.785693, 0.540977, 0.300051, 0.611944, 0.608627, 0.505072)
    Right Leg.CFrame = CFrame.new(0.456277, 0.186401, 0.0034163, 0.997162, 0.075284, 0.000197886, -0.0752676, 0.996994, -0.018356, -0.00157916, 0.018289, 0.999831)
    Right Arm.CFrame = CFrame.new(0.454342, -0.168263, 0.0902621, 0.0972805, -0.423808, -0.900513, 0.985777, 0.165613, 0.0285488, 0.137038, -0.890483, 0.433891)
    Graffiti.CFrame = CFrame.new(0, 0, 0, 1, 0, 0, 0, 1, 0, 0, 0, 1)

[30]
    Time: 1.2167
    HumanoidRootPart.CFrame = CFrame.new(0, 0, 0, 1, 0, 0, 0, 1, 0, 0, 0, 1)
    Torso.CFrame = CFrame.new(0.0463075, 1.11759e-07, -0.242041, 0.917575, 0.397536, 0.00464207, -0.397123, 0.917047, -0.0362985, -0.0186869, 0.0314631, 0.99933)
    Head.CFrame = CFrame.new(8.9407e-08, -1.86265e-09, 3.27826e-07, 0.979398, -0.0531621, -0.194816, 0.0472559, 0.998275, -0.0348437, 0.196332, 0.0249197, 0.980221)
    Left Leg.CFrame = CFrame.new(-1.28405, -0.277229, -0.805962, 0.116227, -0.672474, -0.730938, 0.987043, 0.160172, 0.00958935, 0.110627, -0.722581, 0.682377)
    Left Arm.CFrame = CFrame.new(-0.263182, -0.470156, -0.569361, 0.112278, 0.565952, -0.816757, -0.749515, 0.587888, 0.304329, 0.652397, 0.578002, 0.490196)
    Right Leg.CFrame = CFrame.new(0.498895, 0.215567, 0.00622874, 0.994564, 0.104127, 0.000505126, -0.104069, 0.994145, -0.02907, -0.00352916, 0.0288594, 0.999577)
    Right Arm.CFrame = CFrame.new(0.445616, -0.200649, 0.06653, 0.122637, -0.423439, -0.897585, 0.974572, 0.222279, 0.0282945, 0.187534, -0.878232, 0.439932)
    Graffiti.CFrame = CFrame.new(0, 0, 0, 1, 0, 0, 0, 1, 0, 0, 0, 1)

[31]
    Time: 1.2500
    HumanoidRootPart.CFrame = CFrame.new(0, 0, 0, 1, 0, 0, 0, 1, 0, 0, 0, 1)
    Torso.CFrame = CFrame.new(0.04634, 1.27591e-07, -0.537349, 0.916588, 0.398306, 0.0349105, -0.397123, 0.917047, -0.0362985, -0.0464725, 0.019407, 0.998731)
    Head.CFrame = CFrame.new(7.45058e-08, -1.02445e-08, -5.96046e-08, 0.984553, -0.0519961, -0.167186, 0.048878, 0.998547, -0.0227143, 0.168124, 0.0141917, 0.985664)
    Left Leg.CFrame = CFrame.new(-1.27206, -0.371191, -0.790134, 0.0431435, -0.677435, -0.734317, 0.999022, 0.0364116, 0.0251047, 0.00973084, -0.734681, 0.678343)
    Left Arm.CFrame = CFrame.new(-0.263702, -0.473202, -0.565544, 0.10476, 0.571148, -0.814135, -0.707191, 0.618357, 0.342804, 0.699218, 0.539837, 0.46869)
    Right Leg.CFrame = CFrame.new(0.646089, 0.439268, 0.0299535, 0.979937, 0.199124, 0.00860253, -0.197886, 0.977181, -0.0771972, -0.0237782, 0.073946, 0.996979)
    Right Arm.CFrame = CFrame.new(0.445616, -0.200649, 0.0665303, 0.122637, -0.423439, -0.897585, 0.974572, 0.222279, 0.0282945, 0.187534, -0.878232, 0.439932)
    Graffiti.CFrame = CFrame.new(0, 0, 0, 1, 0, 0, 0, 1, 0, 0, 0, 1)

[32]
    Time: 1.2833
    HumanoidRootPart.CFrame = CFrame.new(0, 0, 0, 1, 0, 0, 0, 1, 0, 0, 0, 1)
    Torso.CFrame = CFrame.new(0.133069, 2.23517e-08, -0.279211, 0.973121, -0.218502, 0.0727474, 0.226014, 0.966752, -0.119614, -0.0441927, 0.132841, 0.990152)
    Head.CFrame = CFrame.new(1.22935e-07, 5.21541e-08, 2.38419e-07, 0.972475, 0.226014, 0.0566573, -0.231066, 0.966752, 0.109538, -0.0300164, -0.119614, 0.992367)
    Left Leg.CFrame = CFrame.new(-0.252907, 0.228842, 0.250987, 0.88002, -0.0304027, 0.473963, 0.110854, 0.983533, -0.142736, -0.461819, 0.178151, 0.868899)
    Left Arm.CFrame = CFrame.new(-1.36518, -0.0265145, -0.37522, 0.0176312, -0.0699213, 0.997397, 0.979649, 0.200693, -0.00324816, -0.199943, 0.977156, 0.0720368)
    Right Leg.CFrame = CFrame.new(0.840416, 0.340105, -0.810629, 0.799048, 0.220221, 0.559487, -0.575326, 0.55041, 0.605019, -0.17471, -0.805327, 0.566503)
    Right Arm.CFrame = CFrame.new(0.0659187, -0.575391, -0.196602, 0.218893, -0.255562, 0.941687, 0.708377, 0.705327, 0.0267562, -0.671035, 0.661212, 0.335426)
    Graffiti.CFrame = CFrame.new(0, 0, 0, 1, 0, 0, 0, 1, 0, 0, 0, 1)

[33]
    Time: 1.3333
    HumanoidRootPart.CFrame = CFrame.new(0, 0, 0, 1, 0, 0, 0, 1, 0, 0, 0, 1)
    Torso.CFrame = CFrame.new(0.0958749, -1.86265e-08, -0.172049, 0.955944, -0.289945, 0.0458595, 0.293062, 0.951637, -0.0922067, -0.0169067, 0.101584, 0.994683)
    Head.CFrame = CFrame.new(1.15484e-07, 1.86265e-08, -5.96046e-08, 0.952569, 0.293062, 0.0820211, -0.298894, 0.951637, 0.0710616, -0.0572288, -0.0922066, 0.994094)
    Left Leg.CFrame = CFrame.new(-0.206375, 0.116904, 0.171434, 0.906857, -0.0105921, 0.421304, 0.073029, 0.98851, -0.132343, -0.415062, 0.150784, 0.897211)
    Left Arm.CFrame = CFrame.new(-1.34771, 0.0707137, -0.410108, 0.0074375, -0.0893606, 0.995972, 0.994235, 0.107206, 0.00219435, -0.10697, 0.990213, 0.0896429)
    Right Leg.CFrame = CFrame.new(0.916973, 0.271179, -0.885565, 0.730403, 0.352159, 0.585231, -0.682882, 0.393523, 0.615477, -0.0135561, -0.84919, 0.527914)
    Right Arm.CFrame = CFrame.new(0.0868361, -0.596602, -0.355639, 0.219606, -0.235673, 0.946695, 0.753075, 0.657844, -0.0109253, -0.620203, 0.715331, 0.321946)
    Graffiti.CFrame = CFrame.new(0, 0, 0, 1, 0, 0, 0, 1, 0, 0, 0, 1)

[34]
    Time: 1.3833
    HumanoidRootPart.CFrame = CFrame.new(0, 0, 0, 1, 0, 0, 0, 1, 0, 0, 0, 1)
    Torso.CFrame = CFrame.new(0.0140483, 1.86265e-08, -0.117021, 0.944486, -0.327832, -0.0217395, 0.326874, 0.944281, -0.03855, 0.0331661, 0.0293039, 0.99902)
    Head.CFrame = CFrame.new(1.3411e-07, -1.16415e-08, -8.9407e-08, 0.935995, 0.326874, 0.130641, -0.329105, 0.944281, -0.00474848, -0.124914, -0.03855, 0.991418)
    Left Leg.CFrame = CFrame.new(-0.132323, 0.0234647, 0.114543, 0.912455, -0.0488255, 0.406253, 0.106701, 0.986896, -0.121044, -0.395019, 0.153795, 0.905708)
    Left Arm.CFrame = CFrame.new(-1.31026, 0.125601, -0.484212, -0.00300854, -0.122267, 0.992493, 0.999945, 0.00960884, 0.00421485, -0.0100519, 0.992451, 0.122232)
    Right Leg.CFrame = CFrame.new(0.978591, 0.157455, -0.898484, 0.634136, 0.461522, 0.620378, -0.762815, 0.242221, 0.599535, 0.12643, -0.853421, 0.505657)
    Right Arm.CFrame = CFrame.new(0.139677, -0.60363, -0.488538, 0.199186, -0.260138, 0.944803, 0.803837, 0.594822, -0.0056909, -0.56051, 0.760601, 0.327588)
    Graffiti.CFrame = CFrame.new(0, 0, 0, 1, 0, 0, 0, 1, 0, 0, 0, 1)

[35]
    Time: 1.4167
    HumanoidRootPart.CFrame = CFrame.new(0, 0, 0, 1, 0, 0, 0, 1, 0, 0, 0, 1)
    Torso.CFrame = CFrame.new(-0.0677783, 1.67638e-08, -0.0967469, 0.936349, -0.339001, -0.0912564, 0.341578, 0.939752, 0.0137919, 0.0810829, -0.0440852, 0.995732)
    Head.CFrame = CFrame.new(4.47035e-08, 3.72529e-09, -1.19209e-07, 0.922948, 0.341578, 0.17746, -0.332627, 0.939752, -0.078899, -0.193718, 0.013792, 0.98096)
    Left Leg.CFrame = CFrame.new(-0.0446499, -0.0326118, 0.0680108, 0.907895, -0.0941251, 0.408494, 0.151663, 0.982207, -0.110757, -0.390801, 0.162509, 0.906016)
    Left Arm.CFrame = CFrame.new(-1.27295, 0.150295, -0.557402, -0.0140324, -0.153771, 0.988007, 0.997467, -0.0710708, 0.00310536, 0.0697409, 0.985547, 0.154378)
    Right Leg.CFrame = CFrame.new(1.01538, 0.0553814, -0.876036, 0.547659, 0.531643, 0.646085, -0.806494, 0.129805, 0.576818, 0.222796, -0.836962, 0.499856)
    Right Arm.CFrame = CFrame.new(0.193669, -0.602798, -0.579505, 0.171685, -0.296121, 0.939594, 0.843193, 0.537394, 0.0152941, -0.509461, 0.789633, 0.341949)
    Graffiti.CFrame = CFrame.new(0, 0, 0, 1, 0, 0, 0, 1, 0, 0, 0, 1)

[36]
    Time: 1.4667
    HumanoidRootPart.CFrame = CFrame.new(0, 0, 0, 1, 0, 0, 0, 1, 0, 0, 0, 1)
    Torso.CFrame = CFrame.new(-0.104972, 1.11759e-08, -0.0938506, 0.932804, -0.338774, -0.122921, 0.34548, 0.937678, 0.0374569, 0.102571, -0.0774067, 0.991709)
    Head.CFrame = CFrame.new(3.72529e-08, 1.11759e-08, -3.27826e-07, 0.917199, 0.34548, 0.198466, -0.328955, 0.937678, -0.112018, -0.224797, 0.037457, 0.973685)
    Left Leg.CFrame = CFrame.new(0.0043656, -0.0487157, 0.0448049, 0.904225, -0.11217, 0.412061, 0.169689, 0.979819, -0.105642, -0.391895, 0.165447, 0.905011)
