[1]
    Time: 0.000000
    HumanoidRootPart.CFrame = CFrame.new(0, 0, 0, 1, 0, 0, 0, 1, 0, 0, 0, 1)
    Torso.CFrame = CFrame.new(0, 0, -0.293811, 1, 0, 0, 0, 1, 0, 0, 0, 1)
    Left Leg.CFrame = CFrame.new(-0.937262, 0.056486, 0, 0.879555, -0.475797, 0, 0.475797, 0.879555, -0, 0, 0, 1)
    Right Arm.CFrame = CFrame.new(-0, -1.07096, -0.48494, -0.933116, -0.359575, -0, 0.293081, -0.760562, 0.579352, -0.208321, 0.540603, 0.815077)
    Left Arm.CFrame = CFrame.new(-0, -1.2122, -0.718419, -0.933116, 0.359575, 1e-06, -0.344166, -0.893129, 0.289605, 0.104135, 0.270235, 0.957146)
    Head.CFrame = CFrame.new(0, 0, 0, 1, 0, 0, 0, 1, 0, 0, 0, 1)
    Right Leg.CFrame = CFrame.new(0.937262, 0.056486, 0, 0.879555, 0.475797, 0, -0.475797, 0.879555, 0, 0, -0, 1)

[2]
    Time: 0.133333
    HumanoidRootPart.CFrame = CFrame.new(0, 0, 0, 1, 0, 0, 0, 1, 0, 0, 0, 1)
    Torso.CFrame = CFrame.new(0, 0, 0, 1, 0, 0, 0, 1, 0, 0, 0, 1)
    Left Leg.CFrame = CFrame.new(0, 0, 0, 1, 0, 0, 0, 1, 0, 0, 0, 1)
    Right Leg.CFrame = CFrame.new(0, 0, 0, 1, 0, 0, 0, 1, 0, 0, 0, 1)

[3]
    Time: 0.166667
    HumanoidRootPart.CFrame = CFrame.new(0, 0, 0, 1, 0, 0, 0, 1, 0, 0, 0, 1)
    Torso.CFrame = CFrame.new(0, 0, -0.058839, 1, 0, 0, 0, 1, 0, 0, 0, 1)
    Left Leg.CFrame = CFrame.new(-0.431528, 0.010979, -0, 0.975711, -0.219061, 0, 0.219061, 0.975711, -0, 0, 0, 1)
    Right Leg.CFrame = CFrame.new(0.431528, 0.010979, 0, 0.975711, 0.219061, -0, -0.219061, 0.975711, 0, 0, -0, 1)

[4]
    Time: 0.600000
    HumanoidRootPart.CFrame = CFrame.new(0, 0, 0, 1, 0, 0, 0, 1, 0, 0, 0, 1)
    Torso.CFrame = CFrame.new(0, 0, -0.293811, 1, 0, 0, 0, 1, 0, 0, 0, 1)
    Left Leg.CFrame = CFrame.new(-0.937262, 0.056486, 0, 0.879555, -0.475797, 0, 0.475797, 0.879555, -0, 0, 0, 1)
    Right Arm.CFrame = CFrame.new(0.417815, 0.316103, 0.175374, -0.733787, -0.344459, -0.585581, 0.675418, -0.276919, -0.683467, 0.073268, -0.897031, 0.435853)
    Left Arm.CFrame = CFrame.new(-0.417815, 0.316103, 0.175374, -0.733786, 0.344459, 0.585582, -0.675418, -0.276918, -0.683467, -0.073268, -0.897031, 0.435852)
    Head.CFrame = CFrame.new(0, 0, 0, 1, 0, 0, 0, 1, 0, 0, 0, 1)
    Right Leg.CFrame = CFrame.new(0.937262, 0.056486, 0, 0.879555, 0.475797, 0, -0.475797, 0.879555, 0, 0, -0, 1)

[5]
    Time: 0.733333
    HumanoidRootPart.CFrame = CFrame.new(0, 0, 0, 1, 0, 0, 0, 1, 0, 0, 0, 1)
    Torso.CFrame = CFrame.new(0, 0, 0, 1, 0, 0, 0, 1, 0, 0, 0, 1)
    Left Leg.CFrame = CFrame.new(0, 0, 0, 1, 0, 0, 0, 1, 0, 0, 0, 1)
    Right Leg.CFrame = CFrame.new(0, 0, 0, 1, 0, 0, 0, 1, 0, 0, 0, 1)

[6]
    Time: 0.766667
    HumanoidRootPart.CFrame = CFrame.new(0, 0, 0, 1, 0, 0, 0, 1, 0, 0, 0, 1)
    Torso.CFrame = CFrame.new(0, 0, -0.058839, 1, 0, 0, 0, 1, 0, 0, 0, 1)
    Left Leg.CFrame = CFrame.new(-0.431528, 0.010979, -0, 0.975711, -0.219061, 0, 0.219061, 0.975711, -0, 0, 0, 1)
    Right Leg.CFrame = CFrame.new(0.431528, 0.010979, 0, 0.975711, 0.219061, -0, -0.219061, 0.975711, 0, 0, -0, 1)

[7]
    Time: 1.200000
    HumanoidRootPart.CFrame = CFrame.new(0, 0, 0, 1, 0, 0, 0, 1, 0, 0, 0, 1)
    Torso.CFrame = CFrame.new(0, 0, -0.293811, 1, 0, 0, 0, 1, 0, 0, 0, 1)
    Left Leg.CFrame = CFrame.new(-0.937262, 0.056486, 0, 0.879555, -0.475797, 0, 0.475797, 0.879555, -0, 0, 0, 1)
    Right Leg.CFrame = CFrame.new(0.937262, 0.056486, 0, 0.879555, 0.475797, 0, -0.475797, 0.879555, 0, 0, -0, 1)

[8]
    Time: 1.333333
    HumanoidRootPart.CFrame = CFrame.new(0, 0, 0, 1, 0, 0, 0, 1, 0, 0, 0, 1)
    Torso.CFrame = CFrame.new(0, 0, 0, 1, 0, 0, 0, 1, 0, 0, 0, 1)
    Left Leg.CFrame = CFrame.new(0, 0, 0, 1, 0, 0, 0, 1, 0, 0, 0, 1)
    Right Leg.CFrame = CFrame.new(0, 0, 0, 1, 0, 0, 0, 1, 0, 0, 0, 1)

[9]
    Time: 1.366667
    HumanoidRootPart.CFrame = CFrame.new(0, 0, 0, 1, 0, 0, 0, 1, 0, 0, 0, 1)
    Torso.CFrame = CFrame.new(0, 0, -0.058839, 1, 0, 0, 0, 1, 0, 0, 0, 1)
    Left Leg.CFrame = CFrame.new(-0.431528, 0.010979, -0, 0.975711, -0.219061, 0, 0.219061, 0.975711, -0, 0, 0, 1)
    Right Leg.CFrame = CFrame.new(0.431528, 0.010979, 0, 0.975711, 0.219061, -0, -0.219061, 0.975711, 0, 0, -0, 1)

[10]
    Time: 1.800000
    HumanoidRootPart.CFrame = CFrame.new(0, 0, 0, 1, 0, 0, 0, 1, 0, 0, 0, 1)
    Torso.CFrame = CFrame.new(0, 0, -1.09099, 0.986178, 0.165692, -0, -0.165692, 0.986178, 0, 0, 0, 1)
    Left Leg.CFrame = CFrame.new(-1.02736, 0.185516, 0.107697, 0.758157, -0.639097, 0.129436, 0.573198, 0.747823, 0.334969, -0.310873, -0.179766, 0.933296)
    Right Arm.CFrame = CFrame.new(0.286307, -0.905238, -0.256007, -0.611304, -0.24551, 0.752352, 0.345786, -0.937977, -0.025124, 0.711857, 0.244794, 0.658282)
    Left Arm.CFrame = CFrame.new(-0.374281, -0.905239, -0.04814, -0.386413, 0.109398, -0.915815, -0.348983, -0.936461, 0.035383, -0.853754, 0.333277, 0.400038)
    Head.CFrame = CFrame.new(0, 0, 0, 0.980999, -0.194013, 0, 0.194013, 0.980999, 0, -0, 0, 1)
    Right Leg.CFrame = CFrame.new(1.04288, 0.242219, -0.475719, 0.878714, 0.331272, 0.343688, -0.468444, 0.73686, 0.48744, -0.091775, -0.589319, 0.802671)

[11]
    Time: 2.300000
    HumanoidRootPart.CFrame = CFrame.new(0, 0, 0, 1, 0, 0, 0, 1, 0, 0, 0, 1)
    Torso.CFrame = CFrame.new(-0, 0.163135, -0.158276, 0.973969, 0.226681, -0, -0.218969, 0.940831, 0.25863, 0.058627, -0.251897, 0.965977)
    Left Leg.CFrame = CFrame.new(0.26152, -0.0212088, -0.14183, 0.813517, -0.57547, 0.0838181, 0.581396, 0.808049, -0.0950549, -0.0130279, 0.12606, 0.991937)
    Right Arm.CFrame = CFrame.new(-0.298199, -0.176834, 0.0694008, 0.93656, -0.0186001, -0.350014, 0.273559, 0.663105, 0.696747, 0.219136, -0.748295, 0.626126)
    Left Arm.CFrame = CFrame.new(-0.119911, -0.464056, 0.130577, 0.00328231, 0.708861, -0.70534, -0.987276, -0.109839, -0.114982, -0.15898, 0.696743, 0.699482)
    Head.CFrame = CFrame.new(0, 0, 0, 0.966564, -0.256394, -0.004026, 0.243756, 0.923568, -0.29598, 0.079606, 0.285103, 0.955186)
    Right Leg.CFrame = CFrame.new(0.60065, 0.176673, -0.093913, 0.717598, -0.285267, 0.635355, 0.434144, 0.896555, -0.087799, -0.544585, 0.33884, 0.767213)

[12]
    Time: 2.633333
    HumanoidRootPart.CFrame = CFrame.new(0, 0, 0, 1, 0, 0, 0, 1, 0, 0, 0, 1)
    Torso.CFrame = CFrame.new(-0, 0.163135, -0.228965, 0.973969, 0.226681, -0, -0.218969, 0.940831, 0.25863, 0.058627, -0.251897, 0.965977)
    Left Leg.CFrame = CFrame.new(-0.176804, -0.254361, -0.051403, 0.547714, -0.8287, 0.115177, 0.834068, 0.529977, -0.153147, 0.0658716, 0.179947, 0.981468)
    Right Arm.CFrame = CFrame.new(-0, 0, -0, 0.711769, -0.670597, -0.209009, 0.647841, 0.741728, -0.173615, 0.271454, -0.011831, 0.962379)
    Left Arm.CFrame = CFrame.new(0.092199, -0.353564, -0.021458, 0.166594, 0.962809, -0.212708, -0.984091, 0.175861, 0.025274, 0.061741, 0.205114, 0.976789)
    Head.CFrame = CFrame.new(0, 0, 0, 0.966564, -0.256394, -0.004026, 0.243756, 0.923568, -0.29598, 0.079606, 0.285103, 0.955186)
    Right Leg.CFrame = CFrame.new(0.870792, 0.03559, -0.336678, 0.731101, 0.243758, 0.637239, -0.256649, 0.963655, -0.074168, -0.632158, -0.109322, 0.767089)

[13]
    Time: 2.966667
    HumanoidRootPart.CFrame = CFrame.new(0, 0, 0, 1, 0, 0, 0, 1, 0, 0, 0, 1)
    Torso.CFrame = CFrame.new(0, 0.163135, -0.158276, 0.973969, -0.226681, -0, 0.218969, 0.940831, 0.25863, -0.058626, -0.251897, 0.965977)
    Left Leg.CFrame = CFrame.new(-0.60065, 0.176673, -0.093913, 0.717598, 0.285267, -0.635355, -0.434144, 0.896555, -0.087799, 0.544585, 0.33884, 0.767213)
    Right Arm.CFrame = CFrame.new(0.119905, -0.464054, 0.130569, 0.00328216, -0.708861, 0.70534, 0.987276, -0.10984, -0.114982, 0.158981, 0.696743, 0.699481)
    Left Arm.CFrame = CFrame.new(0.298185, -0.176836, 0.069397, 0.823045, 0.212432, 0.526754, -0.512152, 0.678532, 0.526587, -0.245556, -0.703183, 0.66726)
    Head.CFrame = CFrame.new(0, -0, 1e-06, 0.966564, 0.256394, 0.004026, -0.243756, 0.923568, -0.29598, -0.079606, 0.285103, 0.955186)
    Right Leg.CFrame = CFrame.new(-0.261511, -0.0212107, -0.141846, 0.813517, 0.575469, -0.0838178, -0.581395, 0.80805, -0.0950543, 0.0130281, 0.12606, 0.991937)

[14]
    Time: 3.233333
    HumanoidRootPart.CFrame = CFrame.new(0, 0, 0, 1, 0, 0, 0, 1, 0, 0, 0, 1)
    Torso.CFrame = CFrame.new(0, 0.163135, -0.228965, 0.973969, -0.226681, -0, 0.218969, 0.940831, 0.25863, -0.058626, -0.251897, 0.965977)
    Left Leg.CFrame = CFrame.new(-0.870793, 0.03559, -0.336678, 0.731101, -0.243758, -0.637239, 0.256649, 0.963655, -0.074168, 0.632157, -0.109322, 0.767089)
    Right Arm.CFrame = CFrame.new(-0.092199, -0.353564, -0.021458, 0.166595, -0.962809, 0.212709, 0.984091, 0.175861, 0.025274, -0.061741, 0.205114, 0.976789)
    Left Arm.CFrame = CFrame.new(-0, 0, 0, 0.711769, 0.670597, 0.20901, -0.647841, 0.741728, -0.173615, -0.271454, -0.011831, 0.962379)
    Head.CFrame = CFrame.new(0, -0, 0, 0.966564, 0.256394, 0.004026, -0.243756, 0.923568, -0.29598, -0.079606, 0.285103, 0.955186)
    Right Leg.CFrame = CFrame.new(0.176802, -0.254363, -0.0514069, 0.547714, 0.8287, -0.115178, -0.834069, 0.529977, -0.153147, -0.0658711, 0.179947, 0.981468)

[15]
    Time: 3.533333
    HumanoidRootPart.CFrame = CFrame.new(0, 0, 0, 1, 0, 0, 0, 1, 0, 0, 0, 1)
    Torso.CFrame = CFrame.new(-0, 0.163135, -0.158276, 0.973969, 0.226681, -0, -0.218969, 0.940831, 0.25863, 0.058627, -0.251897, 0.965977)
    Left Leg.CFrame = CFrame.new(0.26152, -0.0212088, -0.14183, 0.813517, -0.57547, 0.0838181, 0.581396, 0.808049, -0.0950549, -0.0130279, 0.12606, 0.991937)
    Right Arm.CFrame = CFrame.new(-0.298199, -0.176834, 0.0694008, 0.93656, -0.0186001, -0.350014, 0.273559, 0.663105, 0.696747, 0.219136, -0.748295, 0.626126)
    Left Arm.CFrame = CFrame.new(-0.119911, -0.464056, 0.130577, 0.00328231, 0.708861, -0.70534, -0.987276, -0.109839, -0.114982, -0.15898, 0.696743, 0.699482)
    Head.CFrame = CFrame.new(0, 0, 0, 0.966564, -0.256394, -0.004026, 0.243756, 0.923568, -0.29598, 0.079606, 0.285103, 0.955186)
    Right Leg.CFrame = CFrame.new(0.60065, 0.176673, -0.093913, 0.717598, -0.285267, 0.635355, 0.434144, 0.896555, -0.087799, -0.544585, 0.33884, 0.767213)

[16]
    Time: 3.800000
    HumanoidRootPart.CFrame = CFrame.new(0, 0, 0, 1, 0, 0, 0, 1, 0, 0, 0, 1)
    Torso.CFrame = CFrame.new(-0, 0.163135, -0.228965, 0.973969, 0.226681, -0, -0.218969, 0.940831, 0.25863, 0.058627, -0.251897, 0.965977)
    Left Leg.CFrame = CFrame.new(-0.176804, -0.254361, -0.051403, 0.547714, -0.8287, 0.115177, 0.834068, 0.529977, -0.153147, 0.0658716, 0.179947, 0.981468)
    Right Arm.CFrame = CFrame.new(-0, 0, -0, 0.711769, -0.670597, -0.209009, 0.647841, 0.741728, -0.173615, 0.271454, -0.011831, 0.962379)
    Left Arm.CFrame = CFrame.new(0.092199, -0.353564, -0.021458, 0.166594, 0.962809, -0.212708, -0.984091, 0.175861, 0.025274, 0.061741, 0.205114, 0.976789)
    Head.CFrame = CFrame.new(0, 0, 0, 0.966564, -0.256394, -0.004026, 0.243756, 0.923568, -0.29598, 0.079606, 0.285103, 0.955186)
    Right Leg.CFrame = CFrame.new(0.870792, 0.03559, -0.336678, 0.731101, 0.243758, 0.637239, -0.256649, 0.963655, -0.074168, -0.632158, -0.109322, 0.767089)

[17]
    Time: 4.100000
    HumanoidRootPart.CFrame = CFrame.new(0, 0, 0, 1, 0, 0, 0, 1, 0, 0, 0, 1)
    Torso.CFrame = CFrame.new(0, 0.163135, -0.158276, 0.973969, -0.226681, -0, 0.218969, 0.940831, 0.25863, -0.058626, -0.251897, 0.965977)
    Left Leg.CFrame = CFrame.new(-0.60065, 0.176673, -0.093913, 0.717598, 0.285267, -0.635355, -0.434144, 0.896555, -0.087799, 0.544585, 0.33884, 0.767213)
    Right Arm.CFrame = CFrame.new(0.119905, -0.464054, 0.130569, 0.00328216, -0.708861, 0.70534, 0.987276, -0.10984, -0.114982, 0.158981, 0.696743, 0.699481)
    Left Arm.CFrame = CFrame.new(0.298185, -0.176836, 0.069397, 0.823045, 0.212432, 0.526754, -0.512152, 0.678532, 0.526587, -0.245556, -0.703183, 0.66726)
    Head.CFrame = CFrame.new(0, -0, 1e-06, 0.966564, 0.256394, 0.004026, -0.243756, 0.923568, -0.29598, -0.079606, 0.285103, 0.955186)
    Right Leg.CFrame = CFrame.new(-0.261511, -0.0212107, -0.141846, 0.813517, 0.575469, -0.0838178, -0.581395, 0.80805, -0.0950543, 0.0130281, 0.12606, 0.991937)

[18]
    Time: 4.366667
    HumanoidRootPart.CFrame = CFrame.new(0, 0, 0, 1, 0, 0, 0, 1, 0, 0, 0, 1)
    Torso.CFrame = CFrame.new(0, 0.163135, -0.228965, 0.973969, -0.226681, -0, 0.218969, 0.940831, 0.25863, -0.058626, -0.251897, 0.965977)
    Left Leg.CFrame = CFrame.new(-0.870793, 0.03559, -0.336678, 0.731101, -0.243758, -0.637239, 0.256649, 0.963655, -0.074168, 0.632157, -0.109322, 0.767089)
    Right Arm.CFrame = CFrame.new(-0.092199, -0.353564, -0.021458, 0.166595, -0.962809, 0.212709, 0.984091, 0.175861, 0.025274, -0.061741, 0.205114, 0.976789)
    Left Arm.CFrame = CFrame.new(-0, 0, 0, 0.711769, 0.670597, 0.20901, -0.647841, 0.741728, -0.173615, -0.271454, -0.011831, 0.962379)
    Head.CFrame = CFrame.new(0, -0, 0, 0.966564, 0.256394, 0.004026, -0.243756, 0.923568, -0.29598, -0.079606, 0.285103, 0.955186)
    Right Leg.CFrame = CFrame.new(0.176802, -0.254363, -0.0514069, 0.547714, 0.8287, -0.115178, -0.834069, 0.529977, -0.153147, -0.0658711, 0.179947, 0.981468)

[19]
    Time: 4.533333
    HumanoidRootPart.CFrame = CFrame.new(0, 0, 0, 1, 0, 0, 0, 1, 0, 0, 0, 1)
    Torso.CFrame = CFrame.new(-0.396927, -0.00361252, -0.000391006, 0.833516, 0.536359, -0.132551, -0.541769, 0.840508, -0.00572414, 0.10834, 0.076583, 0.99116)
    Left Leg.CFrame = CFrame.new(0.0629578, -0.0242882, -0.00380707, 0.992491, 0.049791, 0.111723, -0.0344767, 0.99024, -0.135042, -0.117356, 0.130176, 0.984521)
    Right Arm.CFrame = CFrame.new(0.540584, -0.659035, -0.542482, -0.093152, 0.081607, 0.992302, 0.272389, -0.956525, 0.104234, 0.957668, 0.280002, 0.066873)
    Left Arm.CFrame = CFrame.new(-0.874224, -0.387986, -0.031625, 0.981971, 0.120673, 0.145499, 0.136852, 0.077135, -0.987584, -0.130398, 0.989691, 0.05923)
    Head.CFrame = CFrame.new(0, 0, -0, 0.960611, -0.275833, 0.033803, 0.277897, 0.953478, -0.116847, -0, 0.121638, 0.992575)
    Right Leg.CFrame = CFrame.new(0.00101089, 0.131838, -0.0062561, 0.999685, -0.0181789, 0.0173332, 0.0179621, 0.999759, 0.0125798, -0.0175578, -0.0122645, 0.999771)

[20]
    Time: 5.100000
    HumanoidRootPart.CFrame = CFrame.new(0, 0, 0, 1, 0, 0, 0, 1, 0, 0, 0, 1)
    Torso.CFrame = CFrame.new(-0.140846, -0.190223, -0.862458, 0.840122, 0.494303, -0.223293, -0.541769, 0.784564, -0.301574, 0.026119, 0.374332, 0.926927)
    Left Leg.CFrame = CFrame.new(-1.13841, 0.704028, 0.175296, 0.937789, -0.337712, 0.080637, 0.345026, 0.932402, -0.107625, -0.03884, 0.128752, 0.990916)
    Right Arm.CFrame = CFrame.new(0, -0, 0, 1, -0, 0, 0, 0.980239, 0.197818, -0, -0.197818, 0.980239)
    Left Arm.CFrame = CFrame.new(-0.367627, 0.527066, 0.258667, -0.19976, 0.076696, 0.976839, -0.231645, -0.972369, 0.028975, 0.95207, -0.220492, 0.212006)
    Head.CFrame = CFrame.new(0, 0, -1.90735e-06, 0.883785, -0.467366, -0.0222082, 0.465594, 0.873748, 0.140667, -0.0463386, -0.134659, 0.989808)
    Right Leg.CFrame = CFrame.new(1.26547, 0.65991, -0.006917, 0.915723, 0.395408, 0.071434, -0.386007, 0.915063, -0.116867, -0.111577, 0.079444, 0.990575)

[21]
    Time: 5.233333
    HumanoidRootPart.CFrame = CFrame.new(0, 0, 0, 1, 0, 0, 0, 1, 0, 0, 0, 1)
    Torso.CFrame = CFrame.new(0.014324, 0.019294, 0.036768, 0.841742, 0.539403, 0.022709, -0.539874, 0.84119, 0.030589, -0.002603, -0.038008, 0.999274)
    Left Leg.CFrame = CFrame.new(0.061841, -0.002203, -0.003677, 0.990263, -0.075609, 0.116888, 0.076676, 0.997045, -0.004646, -0.116192, 0.013564, 0.993134)
    Right Leg.CFrame = CFrame.new(0.003019, -0.052914, -0.001327, 0.994252, 0.106716, 0.008681, -0.105256, 0.989055, -0.1034, -0.019621, 0.101892, 0.994602)

[22]
    Time: 5.333333
    HumanoidRootPart.CFrame = CFrame.new(0, 0, 0, 1, 0, 0, 0, 1, 0, 0, 0, 1)
    Torso.CFrame = CFrame.new(0, 0, -0.040285, 0.841894, 0.539643, -0, -0.539643, 0.841894, 0, 0, 0, 1)
    Left Leg.CFrame = CFrame.new(-0.289878, -0.011875, 0.03746, 0.970873, -0.209577, 0.116119, 0.212534, 0.97706, -0.013556, -0.110615, 0.03784, 0.993143)
    Right Leg.CFrame = CFrame.new(0.292974, -0.066907, -0.006492, 0.977613, 0.210023, 0.012761, -0.207606, 0.972676, -0.103928, -0.03424, 0.098952, 0.994503)

[23]
    Time: 5.700000
    HumanoidRootPart.CFrame = CFrame.new(0, 0, 0, 1, 0, 0, 0, 1, 0, 0, 0, 1)
    Torso.CFrame = CFrame.new(-0.140846, -0.190223, -0.862458, 0.840122, 0.494303, -0.223293, -0.541769, 0.784564, -0.301574, 0.026119, 0.374332, 0.926927)
    Left Leg.CFrame = CFrame.new(-1.13841, 0.704028, 0.175296, 0.937789, -0.337712, 0.080637, 0.345026, 0.932402, -0.107625, -0.03884, 0.128752, 0.990916)
    Right Arm.CFrame = CFrame.new(0, -0, 0, 1, -0, 0, 0, 0.980239, 0.197818, -0, -0.197818, 0.980239)
    Left Arm.CFrame = CFrame.new(-0.367627, 0.527066, 0.258667, -0.19976, 0.076696, 0.976839, -0.231645, -0.972369, 0.028975, 0.95207, -0.220492, 0.212006)
    Head.CFrame = CFrame.new(0, 0, -1.90735e-06, 0.883785, -0.467366, -0.0222082, 0.465594, 0.873748, 0.140667, -0.0463386, -0.134659, 0.989808)
    Right Leg.CFrame = CFrame.new(1.26547, 0.65991, -0.006917, 0.915723, 0.395408, 0.071434, -0.386007, 0.915063, -0.116867, -0.111577, 0.079444, 0.990575)

[24]
    Time: 5.833333
    HumanoidRootPart.CFrame = CFrame.new(0, 0, 0, 1, 0, 0, 0, 1, 0, 0, 0, 1)
    Torso.CFrame = CFrame.new(0.014324, 0.019294, 0.036768, 0.841742, 0.539403, 0.022709, -0.539874, 0.84119, 0.030589, -0.002603, -0.038008, 0.999274)
    Left Leg.CFrame = CFrame.new(0.061841, -0.002203, -0.003677, 0.990263, -0.075609, 0.116888, 0.076676, 0.997045, -0.004646, -0.116192, 0.013564, 0.993134)
    Right Leg.CFrame = CFrame.new(0.003019, -0.052914, -0.001327, 0.994252, 0.106716, 0.008681, -0.105256, 0.989055, -0.1034, -0.019621, 0.101892, 0.994602)

[25]
    Time: 5.933333
    HumanoidRootPart.CFrame = CFrame.new(0, 0, 0, 1, 0, 0, 0, 1, 0, 0, 0, 1)
    Torso.CFrame = CFrame.new(0, 0, -0.040285, 0.841894, 0.539643, -0, -0.539643, 0.841894, 0, 0, 0, 1)
    Left Leg.CFrame = CFrame.new(-0.289878, -0.011875, 0.03746, 0.970873, -0.209577, 0.116119, 0.212534, 0.97706, -0.013556, -0.110615, 0.03784, 0.993143)
    Right Leg.CFrame = CFrame.new(0.292974, -0.066907, -0.006492, 0.977613, 0.210023, 0.012761, -0.207606, 0.972676, -0.103928, -0.03424, 0.098952, 0.994503)

[26]
    Time: 6.300000
    HumanoidRootPart.CFrame = CFrame.new(0, 0, 0, 1, 0, 0, 0, 1, 0, 0, 0, 1)
    Torso.CFrame = CFrame.new(1.65407, -0.141179, -0.592222, 0.771302, -0.584565, 0.251749, 0.634045, 0.740197, -0.223821, -0.055506, 0.332254, 0.941555)
    Left Leg.CFrame = CFrame.new(-0.338183, 0.82105, 0.167732, 0.847372, 0.174854, 0.501385, -0.267619, 0.956169, 0.118835, -0.45863, -0.234878, 0.857025)
    Right Arm.CFrame = CFrame.new(0.081863, -0.231988, -0.013676, 0.045339, -0.853066, 0.51983, 0.995719, -0.003367, -0.092373, 0.080551, 0.521792, 0.849261)
    Left Arm.CFrame = CFrame.new(0, 0, 0, 1, 0, 0, 0, 1, 0, 0, 0, 1)
    Head.CFrame = CFrame.new(0, 0, 0, 0.821008, 0.570917, 0, -0.570917, 0.821008, 0, -0, -0, 1)
    Right Leg.CFrame = CFrame.new(0.032691, 0.466639, 0.423572, 0.493703, 0.174039, -0.852037, -0.094852, 0.984701, 0.146176, 0.864442, 0.00865, 0.502658)

[27]
    Time: 6.900000
    HumanoidRootPart.CFrame = CFrame.new(0, 0, 0, 1, 0, 0, 0, 1, 0, 0, 0, 1)
    Torso.CFrame = CFrame.new(0.158795, -0.141179, -0.802356, 0.771302, -0.584565, 0.251749, 0.634045, 0.740197, -0.223821, -0.055506, 0.332254, 0.941555)
    Left Leg.CFrame = CFrame.new(-0.396603, 1.05386, 0.143463, 0.851696, 0.106714, 0.513055, -0.212319, 0.965359, 0.151668, -0.479097, -0.238106, 0.84485)
    Right Arm.CFrame = CFrame.new(-0.294099, 0.395103, 0.203863, -0.701238, -0.565538, -0.434088, -0.016676, -0.595703, 0.803032, -0.712732, 0.570355, 0.408299)
    Left Arm.CFrame = CFrame.new(0.010371, -0.048557, 0, 0.985034, -0.133685, -0.108796, 0.085574, 0.927235, -0.364571, 0.149617, 0.349805, 0.924798)
    Head.CFrame = CFrame.new(0, 0, -0, 0.793432, 0.607509, 0.0374, -0.608658, 0.791796, 0.05094, 0.001333, -0.063181, 0.998001)
    Right Leg.CFrame = CFrame.new(0.157149, 0.646034, 0.545799, 0.448382, 0.272471, -0.851301, -0.191076, 0.959609, 0.206496, 0.873181, 0.070074, 0.482334)

[28]
    Time: 7.066667
    HumanoidRootPart.CFrame = CFrame.new(0, 0, 0, 1, 0, 0, 0, 1, 0, 0, 0, 1)
    Torso.CFrame = CFrame.new(0.158795, -0.141179, -0.420343, 0.771302, -0.584565, 0.251749, 0.634045, 0.740197, -0.223821, -0.055506, 0.332254, 0.941555)
    Left Leg.CFrame = CFrame.new(-0.224527, 0.597133, 0.139791, 0.828807, 0.263567, 0.493571, -0.35401, 0.930117, 0.097772, -0.433309, -0.255763, 0.864192)
    Right Leg.CFrame = CFrame.new(-0.112229, 0.30179, 0.233177, 0.520965, 0.07111, -0.850611, 0.036859, 0.99372, 0.105648, 0.852782, -0.086391, 0.515072)

[29]
    Time: 7.200000
    HumanoidRootPart.CFrame = CFrame.new(0, 0, 0, 1, 0, 0, 0, 1, 0, 0, 0, 1)
    Torso.CFrame = CFrame.new(0.158795, -0.141179, -0.581647, 0.771302, -0.584565, 0.251749, 0.634045, 0.740197, -0.223821, -0.055506, 0.332254, 0.941555)
    Left Leg.CFrame = CFrame.new(-0.333231, 0.808452, 0.16735, 0.846754, 0.179286, 0.500864, -0.271695, 0.955195, 0.117409, -0.457373, -0.235498, 0.857526)
    Right Leg.CFrame = CFrame.new(0.025368, 0.457252, 0.414832, 0.495694, 0.168526, -0.85199, -0.088509, 0.985688, 0.143476, 0.863975, 0.004289, 0.503516)

[30]
    Time: 7.300000
    HumanoidRootPart.CFrame = CFrame.new(0, 0, 0, 1, 0, 0, 0, 1, 0, 0, 0, 1)
    Torso.CFrame = CFrame.new(0.158795, -0.141179, -0.490407, 0.771302, -0.584565, 0.251749, 0.634045, 0.740197, -0.223821, -0.055506, 0.332254, 0.941555)
    Left Leg.CFrame = CFrame.new(-0.280316, 0.694174, 0.157131, 0.838942, 0.222645, 0.496595, -0.313122, 0.943797, 0.105841, -0.445119, -0.244289, 0.861505)
    Right Leg.CFrame = CFrame.new(-0.045147, 0.372961, 0.325154, 0.511356, 0.117172, -0.851344, -0.025361, 0.992287, 0.121337, 0.858995, -0.040456, 0.510383)

[31]
    Time: 7.500000
    HumanoidRootPart.CFrame = CFrame.new(0, 0, 0, 1, 0, 0, 0, 1, 0, 0, 0, 1)
    Torso.CFrame = CFrame.new(0.158795, -0.141179, -0.802356, 0.771302, -0.584565, 0.251749, 0.634045, 0.740197, -0.223821, -0.055506, 0.332254, 0.941555)
    Left Leg.CFrame = CFrame.new(-0.396603, 1.05386, 0.143463, 0.851696, 0.106714, 0.513055, -0.212319, 0.965359, 0.151668, -0.479097, -0.238106, 0.84485)
    Right Arm.CFrame = CFrame.new(-0.294099, 0.395103, 0.203863, -0.701238, -0.565538, -0.434088, -0.016676, -0.595703, 0.803032, -0.712732, 0.570355, 0.408299)
    Left Arm.CFrame = CFrame.new(0.010371, -0.048557, 0, 0.985034, -0.133685, -0.108796, 0.085574, 0.927235, -0.364571, 0.149617, 0.349805, 0.924798)
    Head.CFrame = CFrame.new(0, 0, -0, 0.793432, 0.607509, 0.0374, -0.608658, 0.791796, 0.05094, 0.001333, -0.063181, 0.998001)
    Right Leg.CFrame = CFrame.new(0.157149, 0.646034, 0.545799, 0.448382, 0.272471, -0.851301, -0.191076, 0.959609, 0.206496, 0.873181, 0.070074, 0.482334)

[32]
    Time: 7.666667
    HumanoidRootPart.CFrame = CFrame.new(0, 0, 0, 1, 0, 0, 0, 1, 0, 0, 0, 1)
    Torso.CFrame = CFrame.new(0.158795, -0.141179, -0.420343, 0.771302, -0.584565, 0.251749, 0.634045, 0.740197, -0.223821, -0.055506, 0.332254, 0.941555)
    Left Leg.CFrame = CFrame.new(-0.224527, 0.597133, 0.139791, 0.828807, 0.263567, 0.493571, -0.35401, 0.930117, 0.097772, -0.433309, -0.255763, 0.864192)
    Right Leg.CFrame = CFrame.new(-0.112229, 0.30179, 0.233177, 0.520965, 0.07111, -0.850611, 0.036859, 0.99372, 0.105648, 0.852782, -0.086391, 0.515072)

[33]
    Time: 7.800000
    HumanoidRootPart.CFrame = CFrame.new(0, 0, 0, 1, 0, 0, 0, 1, 0, 0, 0, 1)
    Torso.CFrame = CFrame.new(0.158795, -0.141179, -0.581647, 0.771302, -0.584565, 0.251749, 0.634045, 0.740197, -0.223821, -0.055506, 0.332254, 0.941555)
    Left Leg.CFrame = CFrame.new(-0.333231, 0.808452, 0.16735, 0.846754, 0.179286, 0.500864, -0.271695, 0.955195, 0.117409, -0.457373, -0.235498, 0.857526)
    Right Leg.CFrame = CFrame.new(0.025368, 0.457252, 0.414832, 0.495694, 0.168526, -0.85199, -0.088509, 0.985688, 0.143476, 0.863975, 0.004289, 0.503516)

[34]
    Time: 7.900000
    HumanoidRootPart.CFrame = CFrame.new(0, 0, 0, 1, 0, 0, 0, 1, 0, 0, 0, 1)
    Torso.CFrame = CFrame.new(0.158795, -0.141179, -0.490407, 0.771302, -0.584565, 0.251749, 0.634045, 0.740197, -0.223821, -0.055506, 0.332254, 0.941555)
    Left Leg.CFrame = CFrame.new(-0.280316, 0.694174, 0.157131, 0.838942, 0.222645, 0.496595, -0.313122, 0.943797, 0.105841, -0.445119, -0.244289, 0.861505)
    Right Leg.CFrame = CFrame.new(-0.045147, 0.372961, 0.325154, 0.511356, 0.117172, -0.851344, -0.025361, 0.992287, 0.121337, 0.858995, -0.040456, 0.510383)

[35]
    Time: 8.466666
    HumanoidRootPart.CFrame = CFrame.new(0, 0, 0, 1, 0, 0, 0, 1, 0, 0, 0, 1)
    Torso.CFrame = CFrame.new(-0.007829, 1.58804, -0.1453, 0.999834, 0.01447, -0.01103, -0.018195, 0.795172, -0.606111, 0, 0.606212, 0.795303)
    Left Leg.CFrame = CFrame.new(-1.11588, 0.087064, -0, 0.824075, -0.56648, -0, 0.56648, 0.824075, -0, 0, -0, 1)
    Right Arm.CFrame = CFrame.new(0.403725, 0.5629, 0.058868, -0.610057, -0.580725, -0.539063, 0.501687, -0.809684, 0.304502, -0.613303, -0.084677, 0.785296)
    Left Arm.CFrame = CFrame.new(0.145504, -0.681263, 0, -0.171703, 0.890002, -0.422393, -0.985149, -0.155119, 0.073619, 0, 0.42876, 0.903418)
    Head.CFrame = CFrame.new(0, -0, 0, 1, -0, 0, 0, 0.715757, 0.698349, -0, -0.698349, 0.715757)
    Right Leg.CFrame = CFrame.new(0.010274, -0.067885, -0.002792, 0.939378, 0.342496, 0.016254, -0.337505, 0.93197, -0.13237, -0.060484, 0.11886, 0.991067)

[36]
    Time: 9.000000
    HumanoidRootPart.CFrame = CFrame.new(0, 0, 0, 1, 0, 0, 0, 1, 0, 0, 0, 1)
    Torso.CFrame = CFrame.new(0, 0, -0.151373, 1, 0, 0, 0, 1, 0, 0, 0, 1)
    Left Leg.CFrame = CFrame.new(-0.685462, 0.028203, -0, 0.937505, -0.347972, 0, 0.347972, 0.937505, -0, 0, 0, 1)
    Right Arm.CFrame = CFrame.new(0.374187, -0.875011, -0.303503, -0.148855, -0.264963, 0.9527, 0.66035, -0.743767, -0.103678, 0.736057, 0.613682, 0.285682)
    Left Arm.CFrame = CFrame.new(-0.246709, -1.00129, -0.272256, -0.148856, 0.205352, -0.967302, -0.66035, -0.748766, -0.057339, -0.736057, 0.630222, 0.247062)
    Head.CFrame = CFrame.new(0, 0, 0, 1, 0, 0, 0, 1, 0, 0, 0, 1)
    Right Leg.CFrame = CFrame.new(0.685462, 0.028203, 0, 0.937505, 0.347972, -0, -0.347972, 0.937505, 0, 0, -0, 1)

[37]
    Time: 9.166667
    HumanoidRootPart.CFrame = CFrame.new(0, 0, 0, 1, 0, 0, 0, 1, 0, 0, 0, 1)
    Torso.CFrame = CFrame.new(0, 0, -0.05488, 1, 0, 0, 0, 1, 0, 0, 0, 1)
    Left Leg.CFrame = CFrame.new(-0.41675, 0.010249, -0, 0.977365, -0.21156, 0, 0.21156, 0.977365, -0, 0, 0, 1)
    Right Leg.CFrame = CFrame.new(0.41675, 0.010249, 0, 0.977365, 0.21156, -0, -0.21156, 0.977365, 0, 0, -0, 1)

[38]
    Time: 9.266666
    HumanoidRootPart.CFrame = CFrame.new(0, 0, 0, 1, 0, 0, 0, 1, 0, 0, 0, 1)
    Torso.CFrame = CFrame.new(0, 0, -0.123797, 1, 0, 0, 0, 1, 0, 0, 0, 1)
    Left Leg.CFrame = CFrame.new(-0.621998, 0.023001, -0, 0.948842, -0.315752, 0, 0.315752, 0.948842, -0, 0, 0, 1)
    Right Leg.CFrame = CFrame.new(0.621998, 0.023001, 0, 0.948842, 0.315752, -0, -0.315752, 0.948842, 0, 0, -0, 1)

[39]
    Time: 9.333333
    HumanoidRootPart.CFrame = CFrame.new(0, 0, 0, 1, 0, 0, 0, 1, 0, 0, 0, 1)
    Torso.CFrame = CFrame.new(0, 0, -0.068469, 1, 0, 0, 0, 1, 0, 0, 0, 1)
    Left Leg.CFrame = CFrame.new(-0.465111, 0.012739, -0, 0.971726, -0.23611, 0, 0.23611, 0.971726, -0, 0, 0, 1)
    Right Leg.CFrame = CFrame.new(0.465111, 0.012739, 0, 0.971726, 0.23611, 0, -0.23611, 0.971726, 0, 0, -0, 1)

[40]
    Time: 9.600000
    HumanoidRootPart.CFrame = CFrame.new(0, 0, 0, 1, 0, 0, 0, 1, 0, 0, 0, 1)
    Torso.CFrame = CFrame.new(0, 0, -0.151373, 1, 0, 0, 0, 1, 0, 0, 0, 1)
    Left Leg.CFrame = CFrame.new(-0.685462, 0.028203, -0, 0.937505, -0.347972, 0, 0.347972, 0.937505, -0, 0, 0, 1)
    Right Leg.CFrame = CFrame.new(0.685462, 0.028203, 0, 0.937505, 0.347972, -0, -0.347972, 0.937505, 0, 0, -0, 1)

[41]
    Time: 9.766666
    HumanoidRootPart.CFrame = CFrame.new(0, 0, 0, 1, 0, 0, 0, 1, 0, 0, 0, 1)
    Torso.CFrame = CFrame.new(0, 0, -0.05488, 1, 0, 0, 0, 1, 0, 0, 0, 1)
    Left Leg.CFrame = CFrame.new(-0.41675, 0.010249, -0, 0.977365, -0.21156, 0, 0.21156, 0.977365, -0, 0, 0, 1)
    Right Leg.CFrame = CFrame.new(0.41675, 0.010249, 0, 0.977365, 0.21156, -0, -0.21156, 0.977365, 0, 0, -0, 1)

[42]
    Time: 9.866667
    HumanoidRootPart.CFrame = CFrame.new(0, 0, 0, 1, 0, 0, 0, 1, 0, 0, 0, 1)
    Torso.CFrame = CFrame.new(0, 0, -0.123797, 1, 0, 0, 0, 1, 0, 0, 0, 1)
    Left Leg.CFrame = CFrame.new(-0.621998, 0.023001, -0, 0.948842, -0.315752, 0, 0.315752, 0.948842, -0, 0, 0, 1)
    Right Leg.CFrame = CFrame.new(0.621998, 0.023001, 0, 0.948842, 0.315752, -0, -0.315752, 0.948842, 0, 0, -0, 1)

[43]
    Time: 9.933333
    HumanoidRootPart.CFrame = CFrame.new(0, 0, 0, 1, 0, 0, 0, 1, 0, 0, 0, 1)
    Torso.CFrame = CFrame.new(0, 0, -0.068469, 1, 0, 0, 0, 1, 0, 0, 0, 1)
    Left Leg.CFrame = CFrame.new(-0.465111, 0.012739, -0, 0.971726, -0.23611, 0, 0.23611, 0.971726, -0, 0, 0, 1)
    Right Leg.CFrame = CFrame.new(0.465111, 0.012739, 0, 0.971726, 0.23611, 0, -0.23611, 0.971726, 0, 0, -0, 1)

[44]
    Time: 10.133333
    HumanoidRootPart.CFrame = CFrame.new(0, 0, 0, 1, 0, 0, 0, 1, 0, 0, 0, 1)
    Torso.CFrame = CFrame.new(0, 0, -0.068469, 1, 0, 0, 0, 1, 0, 0, 0, 1)
    Left Leg.CFrame = CFrame.new(-0.465111, 0.012739, -0, 0.971726, -0.23611, 0, 0.23611, 0.971726, -0, 0, 0, 1)
    Right Arm.CFrame = CFrame.new(0.383938, -0.866985, -0.297489, -0.175741, -0.277921, 0.944391, 0.662919, -0.742616, -0.09518, 0.727773, 0.609329, 0.314747)
    Left Arm.CFrame = CFrame.new(-0.244451, -0.999176, -0.269085, -0.148724, 0.205447, -0.967302, -0.660828, -0.748344, -0.057339, -0.735655, 0.630692, 0.247062)
    Head.CFrame = CFrame.new(0, 0, 0, 1, 0, 0, 0, 1, 0, 0, 0, 1)
    Right Leg.CFrame = CFrame.new(0.465111, 0.012739, 0, 0.971726, 0.23611, 0, -0.23611, 0.971726, 0, 0, -0, 1)

[45]
    Time: 10.200000
    HumanoidRootPart.CFrame = CFrame.new(0, 0, 0, 1, 0, 0, 0, 1, 0, 0, 0, 1)
    Torso.CFrame = CFrame.new(0, 0, 0, 1, 0, 0, 0, 1, 0, 0, 0, 1)
    Left Leg.CFrame = CFrame.new(-0.465111, 0.012739, -0, 0.971726, -0.23611, 0, 0.23611, 0.971726, -0, 0, 0, 1)
    Right Arm.CFrame = CFrame.new(0.461945, -0.802783, -0.249373, -0.404373, -0.387603, 0.8284, 0.674987, -0.737663, -0.015661, 0.617151, 0.552827, 0.559918)
    Left Arm.CFrame = CFrame.new(-0.226389, -0.98223, -0.243718, -0.147673, 0.206204, -0.967302, -0.664641, -0.744959, -0.057339, -0.732424, 0.634442, 0.247062)
    Right Leg.CFrame = CFrame.new(0.465111, 0.012739, 0, 0.971726, 0.23611, 0, -0.23611, 0.971726, 0, 0, -0, 1)

[46]
    Time: 10.266666
    HumanoidRootPart.CFrame = CFrame.new(0, 0, 0, 1, 0, 0, 0, 1, 0, 0, 0, 1)
    Torso.CFrame = CFrame.new(0, 0, 0, 1, 0, 0, 0, 1, 0, 0, 0, 1)
    Left Leg.CFrame = CFrame.new(-0.669339, 0.027451, 0.000145, 0.940475, -0.339861, 0.00029, 0.339861, 0.940475, 0.001206, -0.000683, -0.001036, 0.999999)
    Right Arm.CFrame = CFrame.new(0.61796, -0.674377, -0.153142, -0.78634, -0.566421, 0.246651, 0.611408, -0.770752, 0.179221, 0.088592, 0.291733, 0.952388)
    Left Arm.CFrame = CFrame.new(-0.190266, -0.948337, -0.192983, -0.145559, 0.207702, -0.967302, -0.672217, -0.73813, -0.057339, -0.725904, 0.641891, 0.247062)
    Right Leg.CFrame = CFrame.new(0.672157, 0.026426, -0.000146, 0.940012, 0.341141, 0.00029, -0.34114, 0.940012, -0.001207, -0.000685, 0.001036, 0.999999)

[47]
    Time: 10.333333
    HumanoidRootPart.CFrame = CFrame.new(0, 0, 0, 1, 0, 0, 0, 1, 0, 0, 0, 1)
    Torso.CFrame = CFrame.new(0, 0, 0, 1, 0, 0, 0, 1, 0, 0, 0, 1)
    Left Leg.CFrame = CFrame.new(-0.567674, 0.021354, 0.000479, 0.95749, -0.288463, 0.001106, 0.288456, 0.957483, 0.00441, -0.002331, -0.003903, 0.99999)
    Right Arm.CFrame = CFrame.new(0.851982, -0.48177, -0.008794, -0.41475, -0.373744, -0.829637, 0.3188, -0.913649, 0.252216, -0.852261, -0.159882, 0.498085)
    Left Arm.CFrame = CFrame.new(-0.136081, -0.897498, -0.116881, -0.142359, 0.209908, -0.967302, -0.683449, -0.727743, -0.057339, -0.715983, 0.652939, 0.247062)
    Right Leg.CFrame = CFrame.new(0.580747, 0.01765, -0.000499, 0.955644, 0.294523, 0.001108, -0.294516, 0.955636, -0.004426, -0.002362, 0.003904, 0.99999)

[48]
    Time: 10.400000
    HumanoidRootPart.CFrame = CFrame.new(0, 0, 0, 1, 0, 0, 0, 1, 0, 0, 0, 1)
    Torso.CFrame = CFrame.new(0, 0, 0, 1, 0, 0, 0, 1, 0, 0, 0, 1)
    Left Leg.CFrame = CFrame.new(-0.255078, 0.008312, 0.000417, 0.991501, -0.130082, 0.002279, 0.130059, 0.991471, 0.008354, -0.003346, -0.007987, 0.999963)
    Right Arm.CFrame = CFrame.new(0.98824, -0.224959, 0.088748, 0.081793, -0.130009, -0.988133, 0.353688, -0.923138, 0.150734, -0.93178, -0.361821, -0.029524)
    Left Arm.CFrame = CFrame.new(-0.102216, -0.861319, -0.066967, -0.137148, 0.213349, -0.967302, -0.701159, -0.710696, -0.057339, -0.699691, 0.670369, 0.247062)
    Right Leg.CFrame = CFrame.new(0.313159, 0.001524, -0.000569, 0.987376, 0.158376, 0.002288, -0.158352, 0.987347, -0.008423, -0.003593, 0.007955, 0.999962)

[49]
    Time: 10.466666
    HumanoidRootPart.CFrame = CFrame.new(0, 0, 0, 1, 0, 0, 0, 1, 0, 0, 0, 1)
    Torso.CFrame = CFrame.new(0, 0, 0, 1, 0, 0, 0, 1, 0, 0, 0, 1)
    Left Leg.CFrame = CFrame.new(-0.225691, 0.009952, 0.000596, 0.993293, -0.115559, 0.003797, 0.115501, 0.993221, 0.013098, -0.005285, -0.012572, 0.999907)
    Right Arm.CFrame = CFrame.new(0.912234, 0.096054, 0.136096, 0.153502, 0.005429, -0.988133, 0.975895, -0.157822, 0.150734, -0.155131, -0.987453, -0.029524)
    Left Arm.CFrame = CFrame.new(-0.102216, -0.826082, -0.048164, -0.110103, 0.228483, -0.967302, -0.782604, -0.619873, -0.057339, -0.612706, 0.750701, 0.247062)
    Right Leg.CFrame = CFrame.new(0.329114, -0.00041, -0.001033, 0.986106, 0.166076, 0.003821, -0.166013, 0.986034, -0.013297, -0.005976, 0.012478, 0.999904)

[50]
    Time: 10.533334
    HumanoidRootPart.CFrame = CFrame.new(0, 0, 0, 1, 0, 0, 0, 1, 0, 0, 0, 1)
    Torso.CFrame = CFrame.new(0, 0, 0, 1, 0, 0, 0, 1, 0, 0, 0, 1)
    Left Leg.CFrame = CFrame.new(-0.526607, 0.026351, 0.002331, 0.963177, -0.268808, 0.005677, 0.268659, 0.963047, 0.01903, -0.010583, -0.016804, 0.999803)
    Right Arm.CFrame = CFrame.new(0.780587, 0.014143, 0.029849, 0.348217, -0.448519, -0.82315, 0.934973, 0.102843, 0.339483, -0.06761, -0.887836, 0.455165)
    Left Arm.CFrame = CFrame.new(-0.102216, -0.755608, -0.010556, -0.049639, 0.248723, -0.967302, -0.912472, -0.405102, -0.057339, -0.406117, 0.87979, 0.247062)
    Right Leg.CFrame = CFrame.new(0.604388, 0.011505, -0.002871, 0.952233, 0.30532, 0.005735, -0.30516, 0.952101, -0.0195, -0.011414, 0.016818, 0.999793)

[51]
    Time: 10.600000
    HumanoidRootPart.CFrame = CFrame.new(0, 0, 0, 1, 0, 0, 0, 1, 0, 0, 0, 1)
    Torso.CFrame = CFrame.new(0, 0, 0, 1, 0, 0, 0, 1, 0, 0, 0, 1)
    Left Leg.CFrame = CFrame.new(-0.504628, 0.027629, 0.003019, 0.966074, -0.258155, 0.007619, 0.257912, 0.965871, 0.023983, -0.01355, -0.021204, 0.999683)
    Right Arm.CFrame = CFrame.new(0.701084, -0.231588, -0.066392, 0.411892, -0.884812, 0.217835, 0.80441, 0.465373, 0.36926, -0.428101, 0.023133, 0.903435)
    Left Arm.CFrame = CFrame.new(-0.102216, -0.649896, 0.045855, 0.04672, 0.249288, -0.967302, -0.997723, -0.035504, -0.057339, -0.048637, 0.967778, 0.247062)
    Right Leg.CFrame = CFrame.new(0.614213, 0.009459, -0.004, 0.950774, 0.30979, 0.007726, -0.309521, 0.950568, -0.024851, -0.015042, 0.021237, 0.999661)

[52]
    Time: 10.666667
    HumanoidRootPart.CFrame = CFrame.new(0, 0, 0, 1, 0, 0, 0, 1, 0, 0, 0, 1)
    Torso.CFrame = CFrame.new(0, 0, 0, 1, 0, 0, 0, 1, 0, 0, 0, 1)
    Left Leg.CFrame = CFrame.new(0.009145, 0.024962, -0.001344, 0.999925, 0.001485, 0.012117, -0.002074, 0.998812, 0.048681, -0.012031, -0.048703, 0.998741)
    Right Arm.CFrame = CFrame.new(0.67329, -0.415887, 0.01066, -0.502896, -0.633032, 0.588529, 0.624967, 0.204049, 0.753512, -0.597086, 0.746749, 0.293009)
    Left Arm.CFrame = CFrame.new(-0.102216, -0.56299, 0.121069, 0.106476, 0.241066, -0.96465, -0.974005, 0.220374, -0.052436, 0.199944, 0.945157, 0.258264)
    Right Leg.CFrame = CFrame.new(0.361769, -0.018241, -0.00401, 0.98351, 0.180432, 0.012347, -0.179601, 0.98244, -0.050556, -0.021252, 0.047505, 0.998645)

[53]
    Time: 10.733334
    HumanoidRootPart.CFrame = CFrame.new(0, 0, 0, 1, 0, 0, 0, 1, 0, 0, 0, 1)
    Torso.CFrame = CFrame.new(0, 0, 0, 1, 0, 0, 0, 1, 0, 0, 0, 1)
    Left Leg.CFrame = CFrame.new(0.011927, 0.041146, -0.002879, 0.999845, 0.001486, 0.017539, -0.00289, 0.996769, 0.080272, -0.017363, -0.08031, 0.996619)
    Right Arm.CFrame = CFrame.new(0.618648, -0.415887, 0.149504, -0.363891, -0.344714, -0.865307, -0.111777, -0.906123, 0.40798, -0.924711, 0.245182, 0.291199)
    Left Arm.CFrame = CFrame.new(-0.102215, -0.396297, 0.215087, 0.147429, 0.309201, -0.9395, -0.904178, 0.427154, -0.001305, 0.400908, 0.849667, 0.342547)
    Right Leg.CFrame = CFrame.new(0.214674, 0.04636, 0.059268, 0.960649, 0.166839, -0.222077, -0.155632, 0.985529, 0.067168, 0.23007, -0.029963, 0.972713)

[54]
    Time: 10.800000
    HumanoidRootPart.CFrame = CFrame.new(0, 0, 0, 1, 0, 0, 0, 1, 0, 0, 0, 1)
    Torso.CFrame = CFrame.new(-0.511989, 0, -0.086611, 0.997097, 0, -0.076139, 0, 1, 0, 0.076139, 0, 0.997097)
    Left Leg.CFrame = CFrame.new(0.016954, 0.075673, -0.007918, 0.999625, 0.001485, 0.027334, -0.005509, 0.989007, 0.147764, -0.026814, -0.147859, 0.988645)
    Right Arm.CFrame = CFrame.new(0.539018, -0.415887, 0.32264, -0.20328, -0.458172, -0.865307, 0.245401, -0.879392, 0.40798, -0.947869, -0.129413, 0.291199)
    Left Arm.CFrame = CFrame.new(-0.102215, -0.062911, 0.327909, 0.268619, 0.403002, -0.874891, -0.639514, 0.753827, 0.150885, 0.720323, 0.518974, 0.460218)
    Right Leg.CFrame = CFrame.new(0.117018, 0.223752, 0.112995, 0.834845, 0.19366, -0.515295, -0.054116, 0.960413, 0.273272, 0.547818, -0.200254, 0.812277)

[55]
    Time: 10.866667
    HumanoidRootPart.CFrame = CFrame.new(0, 0, 0, 1, 0, 0, 0, 1, 0, 0, 0, 1)
    Torso.CFrame = CFrame.new(0, 0, 0, 1, 0, 0, 0, 1, 0, 0, 0, 1)
    Left Leg.CFrame = CFrame.new(-0.474353, 0.095764, 0.002806, 0.96832, -0.248125, 0.028112, 0.240956, 0.957975, 0.15564, -0.065549, -0.143936, 0.987414)
    Right Arm.CFrame = CFrame.new(0.437113, -0.415887, 0.321634, -0.206138, -0.458172, -0.86463, 0.246747, -0.879392, 0.407167, -0.946902, -0.129413, 0.294329)
    Left Arm.CFrame = CFrame.new(-0.102215, -0.066311, 0.327909, 0.268619, 0.403002, -0.874891, -0.639514, 0.753827, 0.150885, 0.720323, 0.518974, 0.460218)
    Right Leg.CFrame = CFrame.new(0.29444, 0.279331, 0.206228, 0.808744, 0.283706, -0.515213, -0.151964, 0.947022, 0.282944, 0.568191, -0.150535, 0.809011)

[56]
    Time: 10.933333
    HumanoidRootPart.CFrame = CFrame.new(0, 0, 0, 1, 0, 0, 0, 1, 0, 0, 0, 1)
    Torso.CFrame = CFrame.new(0, 0, 0, 1, 0, 0, 0, 1, 0, 0, 0, 1)
    Left Leg.CFrame = CFrame.new(-0.395004, 0.087467, 0.001443, 0.977873, -0.207486, 0.026732, 0.20137, 0.968189, 0.148528, -0.056699, -0.139858, 0.988547)
    Right Arm.CFrame = CFrame.new(0.316403, -0.415887, 0.317609, -0.217577, -0.458172, -0.861823, 0.252121, -0.879392, 0.403861, -0.942918, -0.129413, 0.306851)
    Left Arm.CFrame = CFrame.new(-0.102215, -0.076341, 0.327909, 0.268619, 0.403002, -0.874891, -0.639514, 0.753827, 0.150885, 0.720323, 0.518974, 0.460218)
    Right Leg.CFrame = CFrame.new(0.220594, 0.25825, 0.166555, 0.82096, 0.246209, -0.515176, -0.108512, 0.953088, 0.282573, 0.560581, -0.176078, 0.809164)

[57]
    Time: 11.000000
    HumanoidRootPart.CFrame = CFrame.new(0, 0, 0, 1, 0, 0, 0, 1, 0, 0, 0, 1)
    Torso.CFrame = CFrame.new(0, 0, 0, 1, 0, 0, 0, 1, 0, 0, 0, 1)
    Left Leg.CFrame = CFrame.new(-0.309935, 0.078881, -3.6e-05, 0.986181, -0.163803, 0.024821, 0.158822, 0.977368, 0.139739, -0.047149, -0.133865, 0.989877)
    Right Arm.CFrame = CFrame.new(0.180999, -0.415887, 0.30151, -0.263372, -0.458172, -0.848949, 0.273366, -0.879392, 0.389795, -0.925152, -0.129413, 0.356856)
    Left Arm.CFrame = CFrame.new(-0.102215, -0.092497, 0.327909, 0.268619, 0.403002, -0.874891, -0.639514, 0.753827, 0.150885, 0.720323, 0.518974, 0.460218)
