[1]
    Time: 0.000000
    HumanoidRootPart.CFrame = CFrame.new(0, 0, 0, 1, 0, 0, 0, 1, 0, 0, 0, 1)
    Torso.CFrame = CFrame.new(-0.052844, 0.211376, -0.317064, 0.970064, 0.237697, 0.0497649, -0.238105, 0.971237, 0.00233788, -0.0477778, -0.0141172, 0.998758)
    Left Leg.CFrame = CFrame.new(-0.408034, 0.356394, 0.154377, 0.807233, -0.41414, 0.420551, 0.283018, 0.896852, 0.339936, -0.517953, -0.155384, 0.841178)
    Right Arm.CFrame = CFrame.new(0.24378, -0.717102, 0.192126, -0.114138, -0.584697, 0.803182, 0.981229, -0.192846, -0.000947381, 0.155444, 0.787997, 0.595733)
    Left Arm.CFrame = CFrame.new(-0.107362, -0.250033, 0.249491, 0.0116324, 0.486, -0.873882, -0.891308, -0.391099, -0.22937, -0.453248, 0.781566, 0.428626)
    Head.CFrame = CFrame.new(6.17001e-08, 4.13274e-09, 0, 0.970064, -0.238105, -0.0477778, 0.237698, 0.971237, -0.0141172, 0.0497649, 0.00233787, 0.998758)
    Right Leg.CFrame = CFrame.new(0.541569, 0.268823, 0.0226288, 0.997084, 0.0701443, -0.0300416, -0.070827, 0.99724, -0.0222945, 0.0283949, 0.0243572, 0.9993)

[2]
    Time: 0.033333
    HumanoidRootPart.CFrame = CFrame.new(0, 0, 0, 1, 0, 0, 0, 1, 0, 0, 0, 1)
    Torso.CFrame = CFrame.new(-0.058942, 0.211376, -0.288829, 0.973089, 0.223649, 0.0554922, -0.222629, 0.974608, -0.0240055, -0.059452, 0.0110053, 0.99817)
    Left Leg.CFrame = CFrame.new(-0.393847, 0.36237, 0.136083, 0.838497, -0.361435, 0.407784, 0.236256, 0.915498, 0.325647, -0.491026, -0.176713, 0.853033)
    Right Arm.CFrame = CFrame.new(0.249213, -0.684222, 0.171542, -0.0709102, -0.618642, 0.782467, 0.984228, -0.170852, -0.0458864, 0.162074, 0.766872, 0.620999)
    Left Arm.CFrame = CFrame.new(-0.100244, -0.25394, 0.285609, 0.0379578, 0.497046, -0.866894, -0.901359, -0.357492, -0.24444, -0.431405, 0.790661, 0.434447)
    Head.CFrame = CFrame.new(1.34343e-07, -2.18279e-08, -1.19209e-07, 0.973089, -0.222629, -0.059452, 0.223649, 0.974608, 0.0110053, 0.0554923, -0.0240055, 0.998171)
    Right Leg.CFrame = CFrame.new(0.50865, 0.238638, 0.0281199, 0.998945, 0.0239523, -0.0391737, -0.0256598, 0.998716, -0.0436801, 0.0380772, 0.0446391, 0.998277)

[3]
    Time: 0.066667
    HumanoidRootPart.CFrame = CFrame.new(0, 0, 0, 1, 0, 0, 0, 1, 0, 0, 0, 1)
    Torso.CFrame = CFrame.new(-0.057827, 0.211376, -0.233016, 0.977573, 0.206801, 0.0398168, -0.204868, 0.977626, -0.0477142, -0.0487932, 0.0384869, 0.998067)
    Left Leg.CFrame = CFrame.new(-0.374684, 0.307098, 0.125862, 0.882433, -0.293522, 0.367636, 0.208918, 0.944697, 0.252785, -0.421503, -0.14626, 0.894954)
    Right Arm.CFrame = CFrame.new(0.236677, -0.650428, 0.167467, 0.00240981, -0.639943, 0.768419, 0.993768, -0.0841053, -0.0731599, 0.111446, 0.763806, 0.635752)
    Left Arm.CFrame = CFrame.new(-0.0862678, -0.266835, 0.302961, 0.0775103, 0.503018, -0.860793, -0.929705, -0.27534, -0.244615, -0.360056, 0.819244, 0.446317)
    Head.CFrame = CFrame.new(6.14673e-08, -1.88593e-08, 4.76837e-07, 0.977573, -0.204869, -0.0487932, 0.206801, 0.977626, 0.0384869, 0.0398168, -0.0477143, 0.998067)
    Right Leg.CFrame = CFrame.new(0.47342, 0.212153, 0.024287, 0.997683, -0.0236809, -0.0637836, 0.0221401, 0.999448, -0.0247555, 0.0643347, 0.023286, 0.997657)

[4]
    Time: 0.100000
    HumanoidRootPart.CFrame = CFrame.new(0, 0, 0, 1, 0, 0, 0, 1, 0, 0, 0, 1)
    Torso.CFrame = CFrame.new(-0.0525509, 0.211376, -0.174532, 0.981902, 0.18926, 0.00705045, -0.188388, 0.979849, -0.0663777, -0.019471, 0.0638481, 0.99777)
    Left Leg.CFrame = CFrame.new(-0.348667, 0.216505, 0.111944, 0.926521, -0.218344, 0.306406, 0.182046, 0.972868, 0.142786, -0.329269, -0.0765138, 0.941131)
    Right Arm.CFrame = CFrame.new(0.20929, -0.61629, 0.178557, 0.0904204, -0.643176, 0.760361, 0.99565, 0.0411328, -0.0836069, 0.0224982, 0.764613, 0.644097)
    Left Arm.CFrame = CFrame.new(-0.0659389, -0.281023, 0.309499, 0.123056, 0.499137, -0.857741, -0.95961, -0.160494, -0.231066, -0.252996, 0.85153, 0.459227)
    Head.CFrame = CFrame.new(1.02445e-07, -1.11759e-08, 4.76837e-07, 0.981902, -0.188388, -0.019471, 0.18926, 0.979849, 0.0638482, 0.00705045, -0.0663777, 0.99777)
    Right Leg.CFrame = CFrame.new(0.448719, 0.204925, 0.0144219, 0.993188, -0.0606178, -0.099512, 0.0634247, 0.997666, 0.0252878, 0.0977469, -0.0314271, 0.994715)

[5]
    Time: 0.133333
    HumanoidRootPart.CFrame = CFrame.new(0, 0, 0, 1, 0, 0, 0, 1, 0, 0, 0, 1)
    Torso.CFrame = CFrame.new(-0.0461656, 0.211376, -0.1335, 0.984131, 0.173839, -0.0355762, -0.176143, 0.981308, -0.0775165, 0.0214357, 0.0825529, 0.996356)
    Left Leg.CFrame = CFrame.new(-0.395819, 0.155097, 0.108572, 0.950838, -0.19798, 0.238141, 0.198622, 0.979839, 0.0215492, -0.237606, 0.0268102, 0.970992)
    Right Arm.CFrame = CFrame.new(0.172124, -0.581678, 0.202307, 0.174078, -0.627806, 0.758654, 0.98108, 0.176858, -0.0787598, -0.0847283, 0.758011, 0.646715)
    Left Arm.CFrame = CFrame.new(-0.0406706, -0.28782, 0.31182, 0.165473, 0.482895, -0.859902, -0.978096, -0.031288, -0.205788, -0.126278, 0.875119, 0.467141)
    Head.CFrame = CFrame.new(9.31323e-08, -9.31323e-09, -5.36442e-07, 0.984131, -0.176143, 0.0214357, 0.173839, 0.981308, 0.0825529, -0.0355762, -0.0775165, 0.996356)
    Right Leg.CFrame = CFrame.new(0.454247, 0.225687, 0.00143886, 0.987698, -0.0699181, -0.139873, 0.0835516, 0.992051, 0.0940957, 0.132182, -0.104625, 0.985688)

[6]
    Time: 0.166667
    HumanoidRootPart.CFrame = CFrame.new(0, 0, 0, 1, 0, 0, 0, 1, 0, 0, 0, 1)
    Torso.CFrame = CFrame.new(-0.041723, 0.211376, -0.110922, 0.983939, 0.16476, -0.0686845, -0.170008, 0.982253, -0.0792237, 0.0544126, 0.0896283, 0.994488)
    Left Leg.CFrame = CFrame.new(-0.483725, 0.127686, 0.108952, 0.95728, -0.225909, 0.180502, 0.242699, 0.967056, -0.0768107, -0.157203, 0.117337, 0.980571)
    Right Arm.CFrame = CFrame.new(0.133836, -0.545982, 0.232399, 0.23382, -0.602255, 0.763294, 0.95394, 0.293865, -0.0603549, -0.187957, 0.742249, 0.643226)
    Left Arm.CFrame = CFrame.new(-0.0133924, -0.276986, 0.313313, 0.1946, 0.455573, -0.868668, -0.980883, 0.0900666, -0.172503, -0.000349712, 0.885631, 0.46439)
    Head.CFrame = CFrame.new(1.17347e-07, -3.72529e-09, 2.38419e-07, 0.983939, -0.170008, 0.0544126, 0.164761, 0.982253, 0.0896282, -0.0686845, -0.0792237, 0.994488)
    Right Leg.CFrame = CFrame.new(0.482607, 0.249117, -0.0111295, 0.983938, -0.0529828, -0.170468, 0.0793146, 0.985258, 0.151577, 0.159924, -0.162663, 0.973635)

[7]
    Time: 0.200000
    HumanoidRootPart.CFrame = CFrame.new(0, 0, 0, 1, 0, 0, 0, 1, 0, 0, 0, 1)
    Torso.CFrame = CFrame.new(-0.0422752, 0.211376, -0.103015, 0.983157, 0.166517, -0.0753318, -0.171817, 0.982611, -0.0703865, 0.0623013, 0.0821443, 0.994671)
    Left Leg.CFrame = CFrame.new(-0.522249, 0.10896, 0.106676, 0.954126, -0.254525, 0.157674, 0.27383, 0.954787, -0.115751, -0.121084, 0.153617, 0.980684)
    Right Arm.CFrame = CFrame.new(0.105885, -0.509763, 0.258235, 0.253222, -0.581952, 0.772794, 0.930204, 0.365874, -0.0292786, -0.265707, 0.726269, 0.633982)
    Left Arm.CFrame = CFrame.new(0.0116847, -0.237827, 0.313373, 0.201194, 0.421658, -0.884152, -0.974216, 0.180216, -0.135742, 0.102102, 0.888666, 0.447044)
    Head.CFrame = CFrame.new(8.9407e-08, 0, 3.57628e-07, 0.983157, -0.171817, 0.0623014, 0.166517, 0.982611, 0.0821443, -0.0753318, -0.0703865, 0.994671)
    Right Leg.CFrame = CFrame.new(0.521663, 0.250182, -0.0178091, 0.984226, -0.0181065, -0.175988, 0.0486531, 0.984095, 0.170848, 0.170095, -0.176715, 0.969453)

[8]
    Time: 0.233333
    HumanoidRootPart.CFrame = CFrame.new(0, 0, 0, 1, 0, 0, 0, 1, 0, 0, 0, 1)
    Torso.CFrame = CFrame.new(-0.050071, 0.211376, -0.107049, 0.981781, 0.18037, -0.0597688, -0.183588, 0.981543, -0.0535662, 0.0490039, 0.0635631, 0.996774)
    Left Leg.CFrame = CFrame.new(-0.503686, 0.106409, 0.110249, 0.950667, -0.257033, 0.173686, 0.276458, 0.955968, -0.0984741, -0.140727, 0.141633, 0.979865)
    Right Arm.CFrame = CFrame.new(0.0970337, -0.476885, 0.270559, 0.231489, -0.579798, 0.781183, 0.92481, 0.380341, 0.00824141, -0.301895, 0.720538, 0.624247)
    Left Arm.CFrame = CFrame.new(0.0279436, -0.173388, 0.31039, 0.191934, 0.391651, -0.899873, -0.967806, 0.227661, -0.107339, 0.162827, 0.891504, 0.422738)
    Head.CFrame = CFrame.new(9.87202e-08, 3.1665e-08, 0, 0.981781, -0.183588, 0.0490039, 0.180371, 0.981543, 0.0635631, -0.0597688, -0.0535662, 0.996774)
    Right Leg.CFrame = CFrame.new(0.559685, 0.230101, -0.0191427, 0.987865, 0.0215765, -0.153808, 0.00228225, 0.98818, 0.153282, 0.155298, -0.151773, 0.976139)

[9]
    Time: 0.266667
    HumanoidRootPart.CFrame = CFrame.new(0, 0, 0, 1, 0, 0, 0, 1, 0, 0, 0, 1)
    Torso.CFrame = CFrame.new(-0.0641482, 0.211376, -0.124493, 0.978933, 0.201781, -0.0312251, -0.202774, 0.978677, -0.0327841, 0.0239441, 0.0384251, 0.998975)
    Left Leg.CFrame = CFrame.new(-0.460053, 0.125944, 0.117752, 0.947406, -0.240833, 0.210765, 0.256273, 0.965367, -0.0488834, -0.191693, 0.100326, 0.976314)
    Right Arm.CFrame = CFrame.new(0.10139, -0.449046, 0.269047, 0.188381, -0.588898, 0.785946, 0.939476, 0.341254, 0.0305168, -0.286178, 0.732628, 0.617542)
    Left Arm.CFrame = CFrame.new(0.0280653, -0.122032, 0.302141, 0.185975, 0.377726, -0.907048, -0.969728, 0.219241, -0.107526, 0.158247, 0.899587, 0.407065)
    Head.CFrame = CFrame.new(1.00583e-07, 3.72529e-09, 3.57628e-07, 0.978933, -0.202774, 0.0239441, 0.201781, 0.978677, 0.0384251, -0.0312251, -0.0327841, 0.998975)
    Right Leg.CFrame = CFrame.new(0.573932, 0.201034, -0.0164124, 0.99254, 0.0496627, -0.111348, -0.0376745, 0.993513, 0.107295, 0.115955, -0.1023, 0.987972)

[10]
    Time: 0.300000
    HumanoidRootPart.CFrame = CFrame.new(0, 0, 0, 1, 0, 0, 0, 1, 0, 0, 0, 1)
    Torso.CFrame = CFrame.new(-0.0827413, 0.211376, -0.157867, 0.974287, 0.225307, 0.00083076, -0.225282, 0.97422, -0.0119978, -0.00351254, 0.0115021, 0.999928)
    Left Leg.CFrame = CFrame.new(-0.428902, 0.160647, 0.12751, 0.936837, -0.240219, 0.254228, 0.244856, 0.969462, 0.0137407, -0.249765, 0.0493767, 0.967047)
    Right Arm.CFrame = CFrame.new(0.108207, -0.42376, 0.257339, 0.139781, -0.594435, 0.791902, 0.968748, 0.247602, 0.0148641, -0.204912, 0.765075, 0.610467)
    Left Arm.CFrame = CFrame.new(0.01161, -0.128295, 0.287041, 0.184414, 0.378084, -0.907218, -0.980486, 0.13473, -0.143159, 0.0681037, 0.915915, 0.395552)
    Head.CFrame = CFrame.new(8.10251e-08, 7.45058e-09, 3.57628e-07, 0.974287, -0.225282, -0.00351254, 0.225307, 0.97422, 0.0115021, 0.000830759, -0.0119978, 0.999928)
    Right Leg.CFrame = CFrame.new(0.567515, 0.179607, -0.0116535, 0.995913, 0.0661271, -0.061525, -0.0632275, 0.996847, 0.0479403, 0.0645012, -0.0438542, 0.996954)

[11]
    Time: 0.333333
    HumanoidRootPart.CFrame = CFrame.new(0, 0, 0, 1, 0, 0, 0, 1, 0, 0, 0, 1)
    Torso.CFrame = CFrame.new(-0.104085, 0.211376, -0.209692, 0.968796, 0.246331, 0.0275012, -0.246562, 0.969112, 0.00532219, -0.0253407, -0.0119369, 0.999608)
    Left Leg.CFrame = CFrame.new(-0.450305, 0.210091, 0.147574, 0.910908, -0.28922, 0.294276, 0.280142, 0.957138, 0.0735358, -0.302931, 0.0154548, 0.952887)
    Right Arm.CFrame = CFrame.new(0.109028, -0.399873, 0.244496, 0.1023, -0.585294, 0.804342, 0.993324, 0.103444, -0.0510632, -0.053317, 0.804195, 0.591969)
    Left Arm.CFrame = CFrame.new(0.000884164, -0.214811, 0.267069, 0.145308, 0.348148, -0.926109, -0.984718, -0.0399309, -0.169515, -0.0959968, 0.936589, 0.337025)
    Head.CFrame = CFrame.new(8.56817e-08, -1.67638e-08, -3.57628e-07, 0.968796, -0.246563, -0.0253407, 0.246331, 0.969112, -0.0119369, 0.0275012, 0.00532219, 0.999608)
    Right Leg.CFrame = CFrame.new(0.564775, 0.181896, -0.00695163, 0.996498, 0.0819121, -0.0168123, -0.0820372, 0.996606, -0.00689054, 0.0161909, 0.00824563, 0.999835)

[12]
    Time: 0.366667
    HumanoidRootPart.CFrame = CFrame.new(0, 0, 0, 1, 0, 0, 0, 1, 0, 0, 0, 1)
    Torso.CFrame = CFrame.new(-0.126414, 0.211376, -0.272429, 0.964369, 0.260974, 0.043427, -0.261853, 0.964977, 0.0158684, -0.0377648, -0.0266744, 0.998931)
    Left Leg.CFrame = CFrame.new(-0.500114, 0.265078, 0.172397, 0.875828, -0.356725, 0.325074, 0.335907, 0.934201, 0.120146, -0.346543, 0.00396721, 0.938026)
    Right Arm.CFrame = CFrame.new(0.105153, -0.390036, 0.240779, 0.0892176, -0.56668, 0.819093, 0.989178, -0.0457581, -0.139401, 0.116476, 0.822666, 0.556465)
    Left Arm.CFrame = CFrame.new(0.00277004, -0.338324, 0.259333, 0.093849, 0.285446, -0.953789, -0.956529, -0.239854, -0.165901, -0.276126, 0.927896, 0.250527)
    Head.CFrame = CFrame.new(1.08033e-07, -1.11759e-08, 0, 0.964369, -0.261853, -0.0377648, 0.260974, 0.964977, -0.0266744, 0.043427, 0.0158684, 0.998931)
    Right Leg.CFrame = CFrame.new(0.573688, 0.209858, -0.00294584, 0.99517, 0.0969274, 0.0155497, -0.0961115, 0.994277, -0.0466553, -0.0199828, 0.0449354, 0.99879)

[13]
    Time: 0.400000
    HumanoidRootPart.CFrame = CFrame.new(0, 0, 0, 1, 0, 0, 0, 1, 0, 0, 0, 1)
    Torso.CFrame = CFrame.new(-0.147963, 0.211376, -0.298305, 0.963051, 0.265537, 0.0449737, -0.266479, 0.963703, 0.0163131, -0.0390095, -0.0276949, 0.998855)
    Left Leg.CFrame = CFrame.new(-0.511912, 0.290953, 0.180555, 0.863151, -0.373957, 0.339303, 0.346971, 0.927442, 0.139507, -0.366853, -0.00268693, 0.930275)
    Right Arm.CFrame = CFrame.new(0.102045, -0.41322, 0.243694, 0.107014, -0.552184, 0.826826, 0.966593, -0.137024, -0.216614, 0.232906, 0.822385, 0.519074)
    Left Arm.CFrame = CFrame.new(0.000718899, -0.452228, 0.262287, 0.0846692, 0.246083, -0.965544, -0.922193, -0.347623, -0.169464, -0.377347, 0.904766, 0.197503)
    Head.CFrame = CFrame.new(9.68575e-08, -3.72529e-09, 2.38419e-07, 0.963051, -0.266479, -0.0390095, 0.265537, 0.963703, -0.0276949, 0.0449737, 0.0163131, 0.998855)
    Right Leg.CFrame = CFrame.new(0.57221, 0.226019, -0.00155371, 0.995045, 0.094735, 0.0301806, -0.0926598, 0.993639, -0.0640041, -0.036052, 0.0608904, 0.997493)

[14]
    Time: 0.433333
    HumanoidRootPart.CFrame = CFrame.new(0, 0, 0, 1, 0, 0, 0, 1, 0, 0, 0, 1)
    Torso.CFrame = CFrame.new(-0.167296, 0.211376, -0.250669, 0.965777, 0.257365, 0.0322246, -0.25763, 0.966234, 0.00428362, -0.030034, -0.012439, 0.999471)
    Left Leg.CFrame = CFrame.new(-0.464603, 0.263725, 0.164792, 0.886146, -0.322826, 0.33246, 0.297764, 0.946382, 0.12529, -0.355081, -0.0120309, 0.934758)
    Right Arm.CFrame = CFrame.new(0.0998211, -0.469952, 0.242203, 0.139246, -0.542213, 0.828623, 0.955892, -0.144932, -0.25547, 0.258613, 0.827647, 0.498116)
    Left Arm.CFrame = CFrame.new(-0.0110722, -0.501236, 0.26098, 0.120631, 0.259298, -0.958234, -0.924568, -0.322089, -0.20355, -0.361417, 0.910507, 0.200884)
    Head.CFrame = CFrame.new(1.11759e-07, 1.11759e-08, 1.19209e-07, 0.965777, -0.25763, -0.030034, 0.257365, 0.966234, -0.012439, 0.0322246, 0.00428362, 0.999471)
    Right Leg.CFrame = CFrame.new(0.522684, 0.197672, -0.000246406, 0.997892, 0.0604428, 0.0236278, -0.0590171, 0.996629, -0.0569838, -0.0269924, 0.0554692, 0.998096)

[15]
    Time: 0.466667
    HumanoidRootPart.CFrame = CFrame.new(0, 0, 0, 1, 0, 0, 0, 1, 0, 0, 0, 1)
    Torso.CFrame = CFrame.new(-0.184291, 0.211376, -0.177586, 0.970891, 0.239411, 0.00734184, -0.23927, 0.970817, -0.0162638, -0.0110213, 0.0140337, 0.999841)
    Left Leg.CFrame = CFrame.new(-0.381631, 0.209276, 0.133838, 0.923954, -0.224284, 0.309849, 0.207521, 0.974399, 0.0865031, -0.321318, -0.0156248, 0.946843)
    Right Arm.CFrame = CFrame.new(0.0949522, -0.529573, 0.234332, 0.167498, -0.528782, 0.832066, 0.964278, -0.0878099, -0.249917, 0.205215, 0.844203, 0.495184)
    Left Arm.CFrame = CFrame.new(-0.01507, -0.480916, 0.254517, 0.17106, 0.290639, -0.941418, -0.947553, -0.213282, -0.23802, -0.269965, 0.932759, 0.238912)
    Head.CFrame = CFrame.new(1.19209e-07, 7.45058e-09, 3.57628e-07, 0.970891, -0.23927, -0.0110213, 0.239411, 0.970817, 0.0140337, 0.00734184, -0.0162638, 0.999841)
    Right Leg.CFrame = CFrame.new(0.497598, 0.207957, 0.0060389, 0.999028, 0.0440743, 0.000171013, -0.0440504, 0.998599, -0.0293187, -0.00146294, 0.0292826, 0.99957)

[16]
    Time: 0.500000
    HumanoidRootPart.CFrame = CFrame.new(0, 0, 0, 1, 0, 0, 0, 1, 0, 0, 0, 1)
    Torso.CFrame = CFrame.new(-0.199156, 0.211376, -0.134549, 0.975978, 0.216153, -0.0272877, -0.217121, 0.975338, -0.0396815, 0.0180375, 0.044653, 0.99884)
    Left Leg.CFrame = CFrame.new(-0.310421, 0.158671, 0.105365, 0.953004, -0.119716, 0.278303, 0.114977, 0.992808, 0.0333494, -0.280294, 0.000216452, 0.959914)
    Right Arm.CFrame = CFrame.new(0.0873998, -0.564079, 0.226469, 0.188391, -0.512813, 0.837575, 0.979071, 0.0312046, -0.201111, 0.0769965, 0.857933, 0.507959)
    Left Arm.CFrame = CFrame.new(-0.00743626, -0.412677, 0.245232, 0.218348, 0.318484, -0.922438, -0.966342, -0.0612071, -0.249873, -0.13604, 0.94595, 0.2944)
    Head.CFrame = CFrame.new(1.11759e-07, -1.11759e-08, 2.38419e-07, 0.975978, -0.217121, 0.0180375, 0.216153, 0.975338, 0.044653, -0.0272877, -0.0396815, 0.99884)
    Right Leg.CFrame = CFrame.new(0.526211, 0.277589, 0.0145431, 0.99718, 0.0656869, -0.0362946, -0.0650992, 0.997732, 0.0171447, 0.0373385, -0.0147337, 0.999194)

[17]
    Time: 0.533333
    HumanoidRootPart.CFrame = CFrame.new(0, 0, 0, 1, 0, 0, 0, 1, 0, 0, 0, 1)
    Torso.CFrame = CFrame.new(-0.2121, 0.211376, -0.122048, 0.978971, 0.192726, -0.0668747, -0.196767, 0.978599, -0.0602261, 0.0538364, 0.0721183, 0.995942)
    Left Leg.CFrame = CFrame.new(-0.264085, 0.114808, 0.0853511, 0.969127, -0.033149, 0.244322, 0.0405289, 0.99886, -0.0252393, -0.243207, 0.0343622, 0.969366)
    Right Arm.CFrame = CFrame.new(0.0782202, -0.550889, 0.228737, 0.198147, -0.497312, 0.844641, 0.974149, 0.195302, -0.113539, -0.108496, 0.845303, 0.523155)
    Left Arm.CFrame = CFrame.new(0.00772288, -0.316266, 0.231244, 0.239231, 0.333257, -0.911981, -0.970961, 0.0801479, -0.225415, -0.00202761, 0.939423, 0.342753)
    Head.CFrame = CFrame.new(2.98023e-08, -4.09782e-08, 0, 0.978971, -0.196767, 0.0538364, 0.192726, 0.978599, 0.0721183, -0.0668747, -0.0602261, 0.995942)
    Right Leg.CFrame = CFrame.new(0.558074, 0.371566, 0.0194715, 0.99182, 0.0983089, -0.0814172, -0.0919575, 0.992672, 0.0784014, 0.0885282, -0.0702731, 0.993592)

[18]
    Time: 0.566667
    HumanoidRootPart.CFrame = CFrame.new(0, 0, 0, 1, 0, 0, 0, 1, 0, 0, 0, 1)
    Torso.CFrame = CFrame.new(-0.22333, 0.211376, -0.126826, 0.97972, 0.175725, -0.0962796, -0.182985, 0.980434, -0.0725706, 0.0816433, 0.0887166, 0.992705)
    Left Leg.CFrame = CFrame.new(-0.246503, 0.0892211, 0.0755877, 0.975355, 0.0145265, 0.220161, 7.06641e-05, 0.99781, -0.0661496, -0.22064, 0.0645349, 0.973218)
    Right Arm.CFrame = CFrame.new(0.0692998, -0.494492, 0.243004, 0.196369, -0.484764, 0.852316, 0.937884, 0.346425, -0.0190503, -0.286029, 0.803115, 0.522679)
    Left Arm.CFrame = CFrame.new(0.0167623, -0.225911, 0.207471, 0.219199, 0.339387, -0.914751, -0.972323, 0.153701, -0.175969, 0.0808766, 0.928005, 0.363685)
    Head.CFrame = CFrame.new(1.00583e-07, -4.09782e-08, 1.19209e-07, 0.97972, -0.182985, 0.0816433, 0.175725, 0.980434, 0.0887166, -0.0962796, -0.0725706, 0.992705)
    Right Leg.CFrame = CFrame.new(0.567348, 0.43725, 0.0197769, 0.984727, 0.124035, -0.122182, -0.107653, 0.985303, 0.132619, 0.136836, -0.11744, 0.983608)

[19]
    Time: 0.600000
    HumanoidRootPart.CFrame = CFrame.new(0, 0, 0, 1, 0, 0, 0, 1, 0, 0, 0, 1)
    Torso.CFrame = CFrame.new(-0.233053, 0.211376, -0.138613, 0.979974, 0.170914, -0.10217, -0.178704, 0.981217, -0.0726463, 0.0878344, 0.0894497, 0.992111)
    Left Leg.CFrame = CFrame.new(-0.263047, 0.0951926, 0.0789827, 0.976149, 0.00719821, 0.216982, 0.00819388, 0.997517, -0.0699544, -0.216947, 0.0700638, 0.973666)
    Right Arm.CFrame = CFrame.new(0.0621799, -0.412059, 0.25577, 0.185615, -0.476133, 0.85956, 0.901278, 0.430989, 0.0441126, -0.391465, 0.766515, 0.509127)
    Left Arm.CFrame = CFrame.new(0.0125518, -0.180135, 0.168051, 0.170458, 0.330904, -0.928142, -0.981693, 0.138269, -0.130997, 0.0849864, 0.93348, 0.348415)
    Head.CFrame = CFrame.new(-3.72529e-09, -1.11759e-08, -6.55651e-07, 0.979975, -0.178704, 0.0878344, 0.170914, 0.981217, 0.0894497, -0.10217, -0.0726463, 0.992111)
    Right Leg.CFrame = CFrame.new(0.569838, 0.455431, 0.0218804, 0.9781, 0.148967, -0.145361, -0.125154, 0.978967, 0.161123, 0.166305, -0.139402, 0.976171)

[20]
    Time: 0.633333
    HumanoidRootPart.CFrame = CFrame.new(0, 0, 0, 1, 0, 0, 0, 1, 0, 0, 0, 1)
    Torso.CFrame = CFrame.new(-0.241479, 0.211376, -0.159107, 0.980429, 0.17645, -0.0873124, -0.182191, 0.981256, -0.0627945, 0.0745957, 0.0774731, 0.9942)
    Left Leg.CFrame = CFrame.new(-0.309646, 0.13096, 0.0939165, 0.971603, -0.0464742, 0.232008, 0.057485, 0.997507, -0.0409222, -0.229528, 0.0530971, 0.971853)
    Right Arm.CFrame = CFrame.new(0.0579467, -0.328986, 0.25395, 0.17867, -0.471513, 0.863569, 0.901664, 0.429755, 0.0480965, -0.393801, 0.770056, 0.501931)
    Left Arm.CFrame = CFrame.new(-0.00361522, -0.175718, 0.119932, 0.115806, 0.314178, -0.942274, -0.993196, 0.0483179, -0.105954, 0.0122404, 0.948134, 0.317636)
    Head.CFrame = CFrame.new(8.00937e-08, 7.45058e-09, -2.38419e-07, 0.980429, -0.182191, 0.0745957, 0.176451, 0.981256, 0.0774731, -0.0873124, -0.0627944, 0.9942)
    Right Leg.CFrame = CFrame.new(0.579206, 0.444456, 0.0275115, 0.971828, 0.180084, -0.15205, -0.154333, 0.973813, 0.166942, 0.178132, -0.138773, 0.974172)

[21]
    Time: 0.666667
    HumanoidRootPart.CFrame = CFrame.new(0, 0, 0, 1, 0, 0, 0, 1, 0, 0, 0, 1)
    Torso.CFrame = CFrame.new(-0.248814, 0.211376, -0.192997, 0.980433, 0.188057, -0.0581928, -0.190873, 0.980474, -0.0473049, 0.0481605, 0.0574867, 0.997184)
    Left Leg.CFrame = CFrame.new(-0.372065, 0.188458, 0.114826, 0.957572, -0.127279, 0.258567, 0.128462, 0.991637, 0.0123872, -0.257981, 0.0213544, 0.965914)
    Right Arm.CFrame = CFrame.new(0.0570662, -0.264366, 0.242735, 0.184221, -0.470486, 0.862963, 0.93186, 0.362816, -0.00112262, -0.312569, 0.804368, 0.505266)
    Left Arm.CFrame = CFrame.new(-0.02434, -0.199874, 0.0747659, 0.0677134, 0.28867, -0.955031, -0.991085, -0.0906212, -0.0976611, -0.114738, 0.95313, 0.27996)
    Head.CFrame = CFrame.new(7.45058e-08, 1.49012e-08, -1.78814e-07, 0.980433, -0.190873, 0.0481605, 0.188057, 0.980474, 0.0574867, -0.0581928, -0.0473049, 0.997184)
    Right Leg.CFrame = CFrame.new(0.587981, 0.406488, 0.0351757, 0.966796, 0.21001, -0.145605, -0.187546, 0.970117, 0.153947, 0.173584, -0.121528, 0.977292)

[22]
    Time: 0.700000
    HumanoidRootPart.CFrame = CFrame.new(0, 0, 0, 1, 0, 0, 0, 1, 0, 0, 0, 1)
    Torso.CFrame = CFrame.new(-0.255267, 0.211376, -0.240391, 0.979244, 0.201479, -0.0220595, -0.202093, 0.978892, -0.0304698, 0.0154549, 0.0342955, 0.999292)
    Left Leg.CFrame = CFrame.new(-0.434577, 0.258233, 0.134582, 0.932776, -0.214461, 0.289717, 0.199678, 0.976588, 0.0800251, -0.300096, -0.0167953, 0.953761)
    Right Arm.CFrame = CFrame.new(0.0598289, -0.231357, 0.23337, 0.198321, -0.472456, 0.858752, 0.964655, 0.249201, -0.0856768, -0.173523, 0.84539, 0.505179)
    Left Arm.CFrame = CFrame.new(-0.043414, -0.243252, 0.0420398, 0.0367773, 0.256813, -0.965761, -0.96432, -0.244419, -0.101718, -0.262173, 0.935044, 0.238661)
    Head.CFrame = CFrame.new(8.19564e-08, -2.6077e-08, 3.57628e-07, 0.979244, -0.202093, 0.0154549, 0.201479, 0.978892, 0.0342955, -0.0220595, -0.0304698, 0.999292)
    Right Leg.CFrame = CFrame.new(0.581976, 0.341807, 0.0415373, 0.964835, 0.22831, -0.130259, -0.212252, 0.969021, 0.12628, 0.155054, -0.0941921, 0.983405)

[23]
    Time: 0.733333
    HumanoidRootPart.CFrame = CFrame.new(0, 0, 0, 1, 0, 0, 0, 1, 0, 0, 0, 1)
    Torso.CFrame = CFrame.new(-0.261045, 0.211376, -0.283087, 0.97699, 0.213006, 0.0109193, -0.212819, 0.976959, -0.0160653, -0.0140897, 0.0133718, 0.999811)
    Left Leg.CFrame = CFrame.new(-0.476521, 0.318076, 0.145728, 0.905062, -0.283265, 0.317211, 0.249133, 0.957652, 0.144347, -0.344667, -0.0516156, 0.937305)
    Right Arm.CFrame = CFrame.new(0.0661496, -0.240993, 0.235033, 0.216417, -0.476657, 0.852034, 0.976239, 0.115458, -0.183375, -0.010967, 0.871475, 0.490318)
    Left Arm.CFrame = CFrame.new(-0.0574392, -0.297868, 0.0240964, 0.031189, 0.228068, -0.973146, -0.919332, -0.375538, -0.117476, -0.392246, 0.898308, 0.197957)
    Head.CFrame = CFrame.new(7.45058e-08, 7.45058e-09, 2.38419e-07, 0.97699, -0.21282, -0.0140897, 0.213006, 0.97696, 0.0133718, 0.0109193, -0.0160653, 0.999811)
    Right Leg.CFrame = CFrame.new(0.559488, 0.272073, 0.0430506, 0.965989, 0.232738, -0.112688, -0.222754, 0.970287, 0.0944683, 0.131327, -0.0661535, 0.989129)

[24]
    Time: 0.766667
    HumanoidRootPart.CFrame = CFrame.new(0, 0, 0, 1, 0, 0, 0, 1, 0, 0, 0, 1)
    Torso.CFrame = CFrame.new(-0.266357, 0.211376, -0.298305, 0.97511, 0.219717, 0.0297502, -0.219594, 0.975563, -0.00738043, -0.0306448, 0.000663762, 0.99953)
    Left Leg.CFrame = CFrame.new(-0.488171, 0.343746, 0.148336, 0.88829, -0.316322, 0.332988, 0.268326, 0.945843, 0.182707, -0.372748, -0.0729478, 0.925061)
    Right Arm.CFrame = CFrame.new(0.0739624, -0.286998, 0.246074, 0.234641, -0.480447, 0.845053, 0.962977, -0.00382043, -0.269556, 0.132736, 0.877015, 0.461763)
    Left Arm.CFrame = CFrame.new(-0.0656579, -0.352642, 0.0164493, 0.054821, 0.215616, -0.974938, -0.878227, -0.45417, -0.149827, -0.475092, 0.86443, 0.164462)
    Head.CFrame = CFrame.new(1.2666e-07, 7.45058e-09, -4.17233e-07, 0.97511, -0.219594, -0.0306448, 0.219717, 0.975563, 0.000663762, 0.0297502, -0.00738043, 0.99953)
    Right Leg.CFrame = CFrame.new(0.578573, 0.256042, 0.0434787, 0.961594, 0.255208, -0.10102, -0.248537, 0.965785, 0.0740928, 0.116473, -0.0461401, 0.992122)

[25]
    Time: 0.800000
    HumanoidRootPart.CFrame = CFrame.new(0, 0, 0, 1, 0, 0, 0, 1, 0, 0, 0, 1)
    Torso.CFrame = CFrame.new(-0.271409, 0.211376, -0.271266, 0.975217, 0.219643, 0.0266371, -0.219542, 0.97558, -0.00672733, -0.0274643, 0.000712646, 0.999623)
    Left Leg.CFrame = CFrame.new(-0.463798, 0.319701, 0.144528, 0.89355, -0.302224, 0.332008, 0.255227, 0.950324, 0.178167, -0.369362, -0.0744639, 0.926297)
    Right Arm.CFrame = CFrame.new(0.0801484, -0.357263, 0.256564, 0.250878, -0.479324, 0.841016, 0.942859, -0.0757941, -0.324456, 0.219264, 0.874359, 0.43292)
    Left Arm.CFrame = CFrame.new(-0.0659353, -0.39131, 0.0145341, 0.0992235, 0.217683, -0.970963, -0.857623, -0.476128, -0.194386, -0.504617, 0.852007, 0.139447)
    Head.CFrame = CFrame.new(9.31323e-08, 2.53785e-08, 3.57628e-07, 0.975217, -0.219542, -0.0274643, 0.219643, 0.97558, 0.000712646, 0.0266371, -0.00672733, 0.999623)
    Right Leg.CFrame = CFrame.new(0.553506, 0.237602, 0.0411605, 0.965537, 0.240563, -0.09934, -0.233859, 0.969409, 0.0745438, 0.114234, -0.0487432, 0.992257)

[26]
    Time: 0.833333
    HumanoidRootPart.CFrame = CFrame.new(0, 0, 0, 1, 0, 0, 0, 1, 0, 0, 0, 1)
    Torso.CFrame = CFrame.new(-0.27641, 0.211376, -0.219193, 0.977025, 0.213025, 0.00655241, -0.212923, 0.976975, -0.0135382, -0.0092855, 0.011832, 0.999887)
    Left Leg.CFrame = CFrame.new(-0.438346, 0.278992, 0.140332, 0.909496, -0.267883, 0.317892, 0.23476, 0.962056, 0.139057, -0.343081, -0.0518437, 0.937874)
    Right Arm.CFrame = CFrame.new(0.0824036, -0.439207, 0.256341, 0.264378, -0.470253, 0.842001, 0.937414, -0.079858, -0.338936, 0.226627, 0.878911, 0.419709)
    Left Arm.CFrame = CFrame.new(-0.0546921, -0.408925, 0.0168482, 0.148658, 0.223558, -0.963287, -0.855473, -0.459565, -0.238675, -0.49605, 0.859548, 0.12293)
    Head.CFrame = CFrame.new(8.9407e-08, 3.72529e-09, 3.57628e-07, 0.977025, -0.212923, -0.0092855, 0.213025, 0.976975, 0.011832, 0.00655241, -0.0135382, 0.999887)
    Right Leg.CFrame = CFrame.new(0.491765, 0.225405, 0.0381376, 0.974655, 0.19461, -0.110337, -0.184421, 0.978133, 0.0961458, 0.126635, -0.0733604, 0.989233)

[27]
    Time: 0.866667
    HumanoidRootPart.CFrame = CFrame.new(0, 0, 0, 1, 0, 0, 0, 1, 0, 0, 0, 1)
    Torso.CFrame = CFrame.new(-0.281569, 0.211376, -0.167312, 0.97946, 0.200409, -0.0222332, -0.200969, 0.979234, -0.0267021, 0.0164201, 0.0306218, 0.999396)
    Left Leg.CFrame = CFrame.new(-0.447339, 0.252449, 0.142057, 0.924318, -0.242909, 0.294332, 0.229434, 0.970028, 0.0800405, -0.304952, -0.00645319, 0.952346)
    Right Arm.CFrame = CFrame.new(0.0823444, -0.526141, 0.246149, 0.271756, -0.457737, 0.846537, 0.94786, -0.024845, -0.317717, 0.166463, 0.88874, 0.427119)
    Left Arm.CFrame = CFrame.new(-0.0356669, -0.40949, 0.0224795, 0.194425, 0.231055, -0.953317, -0.86762, -0.412908, -0.277024, -0.45764, 0.880977, 0.120188)
    Head.CFrame = CFrame.new(8.9407e-08, -4.47035e-08, -1.19209e-07, 0.97946, -0.200969, 0.0164201, 0.200409, 0.979234, 0.0306218, -0.0222332, -0.026702, 0.999396)
    Right Leg.CFrame = CFrame.new(0.41641, 0.223021, 0.0349044, 0.982347, 0.133781, -0.130753, -0.117174, 0.984908, 0.127387, 0.145822, -0.109817, 0.983197)

[28]
    Time: 0.900000
    HumanoidRootPart.CFrame = CFrame.new(0, 0, 0, 1, 0, 0, 0, 1, 0, 0, 0, 1)
    Torso.CFrame = CFrame.new(-0.287092, 0.211376, -0.135337, 0.981861, 0.182517, -0.0513523, -0.184849, 0.981734, -0.045038, 0.0421941, 0.0537135, 0.997665)
    Left Leg.CFrame = CFrame.new(-0.486909, 0.24849, 0.147465, 0.936425, -0.231018, 0.264083, 0.234989, 0.971851, 0.0169064, -0.260555, 0.0462252, 0.964352)
    Right Arm.CFrame = CFrame.new(0.0828551, -0.613376, 0.232298, 0.268217, -0.448883, 0.852387, 0.961794, 0.0743674, -0.263481, 0.0548823, 0.890491, 0.45168)
    Left Arm.CFrame = CFrame.new(-0.0143021, -0.397907, 0.0312201, 0.228767, 0.239804, -0.943483, -0.889487, -0.342336, -0.302686, -0.395574, 0.90846, 0.134988)
    Head.CFrame = CFrame.new(4.28408e-08, 7.45058e-09, -5.96046e-08, 0.981861, -0.184849, 0.0421941, 0.182517, 0.981734, 0.0537135, -0.0513523, -0.045038, 0.997665)
    Right Leg.CFrame = CFrame.new(0.35669, 0.233544, 0.0327396, 0.984413, 0.0789984, -0.157132, -0.0540779, 0.98612, 0.156982, 0.167352, -0.146038, 0.975021)

[29]
    Time: 0.933333
    HumanoidRootPart.CFrame = CFrame.new(0, 0, 0, 1, 0, 0, 0, 1, 0, 0, 0, 1)
    Torso.CFrame = CFrame.new(-0.293187, 0.211376, -0.120932, 0.98436, 0.160571, -0.0724749, -0.165441, 0.983936, -0.06708, 0.0605395, 0.0780212, 0.995112)
    Left Leg.CFrame = CFrame.new(-0.529822, 0.260166, 0.149651, 0.947386, -0.221396, 0.231178, 0.235554, 0.971224, -0.0351936, -0.216734, 0.0877968, 0.972275)
    Right Arm.CFrame = CFrame.new(0.0875292, -0.695994, 0.222028, 0.250754, -0.452568, 0.855748, 0.963496, 0.20233, -0.175323, -0.0937981, 0.868473, 0.486783)
    Left Arm.CFrame = CFrame.new(0.00302655, -0.379461, 0.0428823, 0.244721, 0.25177, -0.936335, -0.917187, -0.253078, -0.307766, -0.314452, 0.934111, 0.168987)
    Head.CFrame = CFrame.new(1.56462e-07, 8.56817e-08, 4.76837e-07, 0.98436, -0.165441, 0.0605395, 0.160571, 0.983936, 0.0780212, -0.0724749, -0.06708, 0.995112)
    Right Leg.CFrame = CFrame.new(0.316499, 0.247092, 0.033181, 0.98217, 0.0357116, -0.184569, -0.00323713, 0.984858, 0.17333, 0.187964, -0.169643, 0.967415)

[30]
    Time: 0.966667
    HumanoidRootPart.CFrame = CFrame.new(0, 0, 0, 1, 0, 0, 0, 1, 0, 0, 0, 1)
    Torso.CFrame = CFrame.new(-0.300063, 0.211376, -0.116251, 0.987632, 0.136332, -0.0774367, -0.143172, 0.985508, -0.0909737, 0.0639118, 0.100935, 0.992838)
    Left Leg.CFrame = CFrame.new(-0.552024, 0.276505, 0.143127, 0.957838, -0.203395, 0.20292, 0.219463, 0.973783, -0.0598631, -0.185424, 0.101873, 0.977364)
    Right Arm.CFrame = CFrame.new(0.100467, -0.76773, 0.221686, 0.219438, -0.478941, 0.849978, 0.938978, 0.340218, -0.0507118, -0.26489, 0.809239, 0.524372)
    Left Arm.CFrame = CFrame.new(0.0101326, -0.359482, 0.0570679, 0.237355, 0.271737, -0.932642, -0.946763, -0.150244, -0.284724, -0.217494, 0.950571, 0.22161)
    Head.CFrame = CFrame.new(8.9407e-08, -4.47035e-08, -2.38419e-07, 0.987632, -0.143172, 0.0639118, 0.136332, 0.985508, 0.100935, -0.0774367, -0.0909737, 0.992838)
    Right Leg.CFrame = CFrame.new(0.287996, 0.249519, 0.0380106, 0.978287, 0.00104588, -0.20725, 0.0340052, 0.985625, 0.16549, 0.204444, -0.168944, 0.964189)

[31]
    Time: 1.000000
    HumanoidRootPart.CFrame = CFrame.new(0, 0, 0, 1, 0, 0, 0, 1, 0, 0, 0, 1)
    Torso.CFrame = CFrame.new(-0.307927, 0.211376, -0.116331, 0.99188, 0.111709, -0.0607849, -0.118101, 0.98639, -0.114398, 0.0471784, 0.120647, 0.991574)
    Left Leg.CFrame = CFrame.new(-0.527208, 0.274379, 0.122547, 0.969059, -0.161431, 0.186724, 0.172683, 0.983924, -0.0455494, -0.176369, 0.0763841, 0.981356)
    Right Arm.CFrame = CFrame.new(0.125707, -0.820384, 0.235949, 0.178149, -0.537993, 0.82391, 0.878358, 0.464379, 0.113306, -0.443564, 0.703502, 0.555279)
    Left Arm.CFrame = CFrame.new(0.00362967, -0.342046, 0.0737376, 0.204272, 0.310676, -0.928307, -0.972721, -0.0420822, -0.228128, -0.109939, 0.949584, 0.293604)
    Head.CFrame = CFrame.new(1.14553e-07, -2.6077e-08, 0, 0.99188, -0.118101, 0.0471784, 0.111709, 0.98639, 0.120647, -0.060785, -0.114397, 0.991574)
    Right Leg.CFrame = CFrame.new(0.265044, 0.23032, 0.0476463, 0.974977, -0.0279954, -0.220538, 0.0571379, 0.990269, 0.126895, 0.21484, -0.136321, 0.967089)

[32]
    Time: 1.033333
    HumanoidRootPart.CFrame = CFrame.new(0, 0, 0, 1, 0, 0, 0, 1, 0, 0, 0, 1)
    Torso.CFrame = CFrame.new(-0.316987, 0.211376, -0.127736, 0.99577, 0.0877022, -0.0273891, -0.0906115, 0.986734, -0.134705, 0.0152119, 0.136617, 0.990507)
    Left Leg.CFrame = CFrame.new(-0.462523, 0.259207, 0.0939351, 0.978479, -0.0984417, 0.181349, 0.100249, 0.994962, -0.000807004, -0.180355, 0.0189697, 0.983419)
    Right Arm.CFrame = CFrame.new(0.165103, -0.843805, 0.267456, 0.138012, -0.63425, 0.76071, 0.776265, 0.546278, 0.314631, -0.615114, 0.54709, 0.567739)
    Left Arm.CFrame = CFrame.new(-0.0196042, -0.329839, 0.093147, 0.143398, 0.382188, -0.912891, -0.989654, 0.0596847, -0.130468, 0.00462222, 0.922155, 0.386793)
    Head.CFrame = CFrame.new(8.42847e-08, -8.19564e-08, 1.19209e-07, 0.99577, -0.0906115, 0.0152119, 0.0877023, 0.986734, 0.136617, -0.0273891, -0.134705, 0.990507)
    Right Leg.CFrame = CFrame.new(0.259011, 0.201391, 0.0613145, 0.973207, -0.0432389, -0.22583, 0.0595941, 0.996031, 0.0661123, 0.222075, -0.0777991, 0.971921)

[33]
    Time: 1.066667
    HumanoidRootPart.CFrame = CFrame.new(0, 0, 0, 1, 0, 0, 0, 1, 0, 0, 0, 1)
    Torso.CFrame = CFrame.new(-0.327451, 0.211376, -0.159916, 0.99779, 0.0646889, 0.0151518, -0.0617084, 0.986835, -0.149496, -0.024623, 0.148231, 0.988646)
    Left Leg.CFrame = CFrame.new(-0.406136, 0.266281, 0.0684342, 0.98212, -0.0453292, 0.182719, 0.0345469, 0.997492, 0.0617691, -0.18506, -0.0543523, 0.981223)
    Right Arm.CFrame = CFrame.new(0.212806, -0.826319, 0.310867, 0.111139, -0.75299, 0.648579, 0.639858, 0.553574, 0.533045, -0.760414, 0.355756, 0.543331)
    Left Arm.CFrame = CFrame.new(-0.0627016, -0.323443, 0.118195, 0.0599741, 0.499128, -0.86445, -0.989725, 0.142342, 0.0135223, 0.129797, 0.854757, 0.502537)
    Head.CFrame = CFrame.new(3.86499e-08, 1.30385e-08, -1.19209e-07, 0.997791, -0.0617085, -0.024623, 0.0646889, 0.986835, 0.148231, 0.0151518, -0.149496, 0.988646)
    Right Leg.CFrame = CFrame.new(0.284939, 0.180035, 0.0807667, 0.973514, -0.0331319, -0.226212, 0.0328119, 0.999448, -0.00517503, 0.226259, -0.00238459, 0.974064)

[34]
    Time: 1.100000
    HumanoidRootPart.CFrame = CFrame.new(0, 0, 0, 1, 0, 0, 0, 1, 0, 0, 0, 1)
    Torso.CFrame = CFrame.new(-0.339527, 0.211376, -0.215752, 0.997342, 0.0426638, 0.0590598, -0.0329356, 0.987071, -0.156862, -0.0649885, 0.1545, 0.985853)
    Left Leg.CFrame = CFrame.new(-0.438525, 0.349987, 0.0510699, 0.98046, -0.055217, 0.188812, 0.0301216, 0.99062, 0.133286, -0.1944, -0.124994, 0.972926)
    Right Arm.CFrame = CFrame.new(0.258885, -0.760931, 0.35256, 0.0989405, -0.869281, 0.484316, 0.492865, 0.465621, 0.735039, -0.864462, 0.165977, 0.474507)
    Left Arm.CFrame = CFrame.new(-0.120301, -0.312119, 0.153515, -0.0323971, 0.650006, -0.759239, -0.963399, 0.181941, 0.196874, 0.266106, 0.737828, 0.62032)
    Head.CFrame = CFrame.new(5.94882e-08, -1.86265e-09, 2.38419e-07, 0.997342, -0.0329356, -0.0649885, 0.0426639, 0.987071, 0.1545, 0.0590598, -0.156862, 0.985853)
    Right Leg.CFrame = CFrame.new(0.341401, 0.173969, 0.107515, 0.974427, 0.00421782, -0.224663, -0.0218512, 0.996864, -0.0760596, 0.223637, 0.0790237, 0.971464)

[35]
    Time: 1.133333
    HumanoidRootPart.CFrame = CFrame.new(0, 0, 0, 1, 0, 0, 0, 1, 0, 0, 0, 1)
    Torso.CFrame = CFrame.new(-0.353423, 0.211376, -0.271863, 0.9951, 0.0213633, 0.0965365, -0.00612595, 0.987824, -0.155456, -0.0986821, 0.154103, 0.983114)
    Left Leg.CFrame = CFrame.new(-0.48965, 0.449817, 0.0228453, 0.978023, -0.0840032, 0.190826, 0.0444189, 0.978182, 0.202948, -0.20371, -0.190011, 0.960415)
    Right Arm.CFrame = CFrame.new(0.293328, -0.650383, 0.376553, 0.0896973, -0.957983, 0.272439, 0.365484, 0.286118, 0.885753, -0.926486, 0.0201224, 0.375791)
    Left Arm.CFrame = CFrame.new(-0.178326, -0.28056, 0.197066, -0.124538, 0.800768, -0.585885, -0.907115, 0.147369, 0.394239, 0.402035, 0.580563, 0.708035)
    Head.CFrame = CFrame.new(7.68341e-08, 5.58794e-08, 1.19209e-07, 0.9951, -0.00612601, -0.0986821, 0.0213633, 0.987824, 0.154103, 0.0965365, -0.155456, 0.983114)
    Right Leg.CFrame = CFrame.new(0.393729, 0.166471, 0.133357, 0.973293, 0.0488764, -0.224301, -0.0809505, 0.987381, -0.136107, 0.214819, 0.150629, 0.964968)

[36]
    Time: 1.166667
    HumanoidRootPart.CFrame = CFrame.new(0, 0, 0, 1, 0, 0, 0, 1, 0, 0, 0, 1)
    Torso.CFrame = CFrame.new(-0.369086, 0.211376, -0.298306, 0.992785, 0.000484127, 0.119906, 0.0169599, 0.989372, -0.144417, -0.118702, 0.145409, 0.982225)
    Left Leg.CFrame = CFrame.new(-0.519973, 0.497664, -0.00935668, 0.978094, -0.105412, 0.179499, 0.0570842, 0.965072, 0.255692, -0.200182, -0.239844, 0.949948)
    Right Arm.CFrame = CFrame.new(0.307764, -0.504851, 0.370934, 0.0581068, -0.99807, 0.0219207, 0.279575, 0.0373478, 0.959397, -0.958364, -0.0496191, 0.281206)
    Left Arm.CFrame = CFrame.new(-0.219581, -0.220664, 0.237756, -0.214161, 0.90956, -0.35614, -0.826562, 0.0255372, 0.562266, 0.52051, 0.414787, 0.746339)
    Head.CFrame = CFrame.new(4.48199e-08, 2.13258e-08, 3.57628e-07, 0.992785, 0.0169598, -0.118702, 0.000484185, 0.989372, 0.145409, 0.119906, -0.144417, 0.982225)
    Right Leg.CFrame = CFrame.new(0.417113, 0.143499, 0.148385, 0.969413, 0.0866828, -0.229619, -0.128469, 0.976368, -0.173788, 0.209128, 0.197971, 0.957639)

[37]
    Time: 1.200000
    HumanoidRootPart.CFrame = CFrame.new(0, 0, 0, 1, 0, 0, 0, 1, 0, 0, 0, 1)
    Torso.CFrame = CFrame.new(-0.385428, 0.211376, -0.275085, 0.992046, -0.019877, 0.124299, 0.0354029, 0.991653, -0.123977, -0.120797, 0.127391, 0.984469)
    Left Leg.CFrame = CFrame.new(-0.527519, 0.471607, -0.0266756, 0.981358, -0.117493, 0.152089, 0.0714931, 0.95775, 0.278575, -0.178394, -0.262509, 0.948296)
    Right Arm.CFrame = CFrame.new(0.293127, -0.336316, 0.331341, -0.0323028, -0.96677, -0.2536, 0.237422, -0.253892, 0.93764, -0.970869, -0.029922, 0.237734)
    Left Arm.CFrame = CFrame.new(-0.23083, -0.135887, 0.260352, -0.311322, 0.944431, -0.105491, -0.732478, -0.167756, 0.659798, 0.605437, 0.28268, 0.744002)
    Head.CFrame = CFrame.new(5.68107e-08, 5.40167e-08, -5.96046e-08, 0.992046, 0.0354029, -0.120797, -0.019877, 0.991653, 0.127391, 0.124299, -0.123977, 0.984469)
    Right Leg.CFrame = CFrame.new(0.395609, 0.101595, 0.145835, 0.963493, 0.109315, -0.244398, -0.155953, 0.971144, -0.18044, 0.217621, 0.211967, 0.952739)

[38]
    Time: 1.233333
    HumanoidRootPart.CFrame = CFrame.new(0, 0, 0, 1, 0, 0, 0, 1, 0, 0, 0, 1)
    Torso.CFrame = CFrame.new(-0.401098, 0.211376, -0.222027, 0.99252, -0.0388043, 0.115754, 0.0502484, 0.993952, -0.0976454, -0.111265, 0.102731, 0.988467)
    Left Leg.CFrame = CFrame.new(-0.510321, 0.401705, -0.0299602, 0.985656, -0.121303, 0.117334, 0.0846212, 0.956765, 0.278279, -0.146017, -0.264359, 0.953307)
    Right Arm.CFrame = CFrame.new(0.236393, -0.160054, 0.267045, -0.20786, -0.831416, -0.515307, 0.211744, -0.552567, 0.806123, -0.954965, 0.0584477, 0.290904)
    Left Arm.CFrame = CFrame.new(-0.207583, -0.0389636, 0.256654, -0.427952, 0.895289, 0.12375, -0.629481, -0.393505, 0.670006, 0.648546, 0.208832, 0.731969)
