[1]
    Time: 0.000000
    HumanoidRootPart.CFrame = CFrame.new(0, 0, 0, 1, 0, 0, 0, 1, 0, 0, 0, 1)
    Torso.CFrame = CFrame.new(0, 0.181149, -0.10673, 1, -3.72343e-20, 4.87706e-18, -4.08013e-20, 0.999872, 0.0159998, -4.87702e-18, -0.0159998, 0.999872)
    Left Leg.CFrame = CFrame.new(-0.1203, 0.174822, 0.0898434, 0.927726, -0.160213, 0.337128, 0.0678602, 0.96054, 0.269735, -0.367041, -0.227363, 0.901991)
    Right Arm.CFrame = CFrame.new(-0.0744634, 0.16314, 0.42118, 0.554451, -0.340365, -0.759431, 0.814989, 0.0373577, 0.578271, -0.168452, -0.939551, 0.298107)
    Head.CFrame = CFrame.new(1.03502e-08, -0.00294282, -9.94205e-05, 1, 1.81105e-09, -2.07005e-08, 5.19832e-09, 0.942715, 0.333599, 2.01188e-08, -0.333599, 0.942715)
    Left Arm.CFrame = CFrame.new(0.0736749, 0.162382, 0.421098, 0.550478, 0.340557, 0.76223, -0.817492, 0.0346742, 0.574895, 0.169355, -0.939584, 0.29749)
    Right Leg.CFrame = CFrame.new(0.120301, 0.17483, 0.0898392, 0.927731, 0.160206, -0.33712, -0.0678478, 0.960536, 0.269753, 0.367032, -0.227385, 0.901989)

[2]
    Time: 0.041667
    HumanoidRootPart.CFrame = CFrame.new(0, 0, 0, 1, 0, 0, 0, 1, 0, 0, 0, 1)
    Torso.CFrame = CFrame.new(0, 0.173771, -0.106435, 1, -2.94322e-20, 4.87881e-18, -2.94325e-20, 0.999927, 0.0120649, -4.87881e-18, -0.0120649, 0.999927)
    Left Leg.CFrame = CFrame.new(-0.118263, 0.175005, 0.0898476, 0.927693, -0.157809, 0.338353, 0.0654039, 0.960954, 0.268868, -0.367571, -0.227297, 0.901791)
    Right Arm.CFrame = CFrame.new(-0.0805124, 0.164675, 0.420625, 0.560734, -0.330235, -0.759291, 0.812217, 0.0412069, 0.581898, -0.160875, -0.942999, 0.291329)
    Head.CFrame = CFrame.new(9.7124e-09, -0.00215426, -8.57413e-05, 1, 1.47203e-09, -1.94248e-08, 4.95655e-09, 0.945098, 0.326788, 1.88394e-08, -0.326788, 0.945098)
    Left Arm.CFrame = CFrame.new(0.0796374, 0.163896, 0.420551, 0.556519, 0.330444, 0.762295, -0.814922, 0.0383923, 0.578297, 0.161829, -0.943044, 0.290652)
    Right Leg.CFrame = CFrame.new(0.118262, 0.175013, 0.0898402, 0.927697, 0.157804, -0.338344, -0.0653934, 0.960949, 0.268885, 0.367563, -0.227319, 0.901789)

[3]
    Time: 0.083333
    HumanoidRootPart.CFrame = CFrame.new(0, 0, 0, 1, 0, 0, 0, 1, 0, 0, 0, 1)
    Torso.CFrame = CFrame.new(0, 0.155525, -0.105751, 1, -7.83888e-21, 4.88278e-18, -7.83898e-21, 0.999995, 0.00321092, -4.88277e-18, -0.00321092, 0.999995)
    Left Leg.CFrame = CFrame.new(-0.112778, 0.175257, 0.0898235, 0.927487, -0.152876, 0.341168, 0.0602887, 0.961788, 0.267076, -0.368961, -0.227141, 0.901263)
    Right Arm.CFrame = CFrame.new(-0.0946838, 0.169115, 0.419173, 0.577905, -0.305083, -0.756935, 0.803891, 0.0529426, 0.592416, -0.140662, -0.950853, 0.275849)
    Head.CFrame = CFrame.new(8.20471e-09, -0.000387684, -6.81877e-05, 1, 7.30717e-10, -1.64094e-08, 4.39756e-09, 0.950631, 0.310323, 1.58261e-08, -0.310323, 0.950631)
    Left Arm.CFrame = CFrame.new(0.0936296, 0.168288, 0.419136, 0.573123, 0.305355, 0.760453, -0.807116, 0.049819, 0.588287, 0.141751, -0.950934, 0.27501)
    Right Leg.CFrame = CFrame.new(0.112785, 0.175265, 0.0898162, 0.927491, 0.152872, -0.34116, -0.0602787, 0.961783, 0.267094, 0.368953, -0.227162, 0.901261)

[4]
    Time: 0.125000
    HumanoidRootPart.CFrame = CFrame.new(0, 0, 0, 1, 0, 0, 0, 1, 0, 0, 0, 1)
    Torso.CFrame = CFrame.new(0, 0.132259, -0.104951, 1, 1.498e-20, 4.88716e-18, 1.49796e-20, 0.999981, -0.00613031, -4.88715e-18, 0.00613031, 0.999981)
    Left Leg.CFrame = CFrame.new(-0.104749, 0.175171, 0.089723, 0.92699, -0.148823, 0.344299, 0.0558733, 0.962465, 0.265592, -0.370901, -0.226964, 0.900511)
    Right Arm.CFrame = CFrame.new(-0.111086, 0.175835, 0.41717, 0.602779, -0.272946, -0.749772, 0.790005, 0.0722238, 0.608832, -0.112027, -0.959314, 0.259164)
    Head.CFrame = CFrame.new(6.44075e-09, 0.00149165, -6.48797e-05, 1, -3.13192e-11, -1.28815e-08, 3.76785e-09, 0.956973, 0.290176, 1.23182e-08, -0.290176, 0.956973)
    Left Arm.CFrame = CFrame.new(0.10984, 0.174946, 0.417185, 0.597351, 0.273349, 0.753957, -0.793935, 0.0687421, 0.604103, 0.113303, -0.959455, 0.258085)
    Right Leg.CFrame = CFrame.new(0.104754, 0.175181, 0.0897126, 0.926993, 0.148821, -0.34429, -0.0558657, 0.96246, 0.265611, 0.370894, -0.226985, 0.900508)

[5]
    Time: 0.166667
    HumanoidRootPart.CFrame = CFrame.new(0, 0, 0, 1, 0, 0, 0, 1, 0, 0, 0, 1)
    Torso.CFrame = CFrame.new(0, 0.109837, -0.104172, 1, 2.81706e-20, 4.89099e-18, 2.81706e-20, 0.999934, -0.0115189, -4.891e-18, 0.0115189, 0.999934)
    Left Leg.CFrame = CFrame.new(-0.0951005, 0.174465, 0.0894961, 0.926131, -0.149102, 0.346482, 0.0555458, 0.962454, 0.265701, -0.373089, -0.226829, 0.899641)
    Right Arm.CFrame = CFrame.new(-0.125492, 0.181818, 0.414439, 0.630766, -0.244233, -0.736535, 0.771508, 0.0957069, 0.62898, -0.0831263, -0.964982, 0.248797)
    Head.CFrame = CFrame.new(5.04583e-09, 0.00256623, -7.00355e-05, 1, -5.55132e-10, -1.00917e-08, 3.28302e-09, 0.962186, 0.272394, 9.55885e-09, -0.272394, 0.962186)
    Left Arm.CFrame = CFrame.new(0.124105, 0.180864, 0.414493, 0.624845, 0.244822, 0.741371, -0.776156, 0.0919312, 0.623804, 0.0845658, -0.9652, 0.247463)
    Right Leg.CFrame = CFrame.new(0.0951155, 0.174475, 0.0894912, 0.926134, 0.149105, -0.346474, -0.0555434, 0.962449, 0.26572, 0.373084, -0.226848, 0.899638)

[6]
    Time: 0.208333
    HumanoidRootPart.CFrame = CFrame.new(0, 0, 0, 1, 0, 0, 0, 1, 0, 0, 0, 1)
    Torso.CFrame = CFrame.new(0, 0.0941162, -0.103451, 1, 2.1082e-20, 4.89412e-18, 2.0578e-20, 0.999964, -0.00851227, -4.89412e-18, 0.00851227, 0.999964)
    Left Leg.CFrame = CFrame.new(-0.0849005, 0.173042, 0.08915, 0.924801, -0.157249, 0.346434, 0.0627702, 0.961171, 0.268719, -0.375238, -0.226766, 0.898762)
    Right Arm.CFrame = CFrame.new(-0.13598, 0.182114, 0.410163, 0.657105, -0.232154, -0.71716, 0.750863, 0.117684, 0.649889, -0.0664759, -0.965533, 0.251647)
    Head.CFrame = CFrame.new(4.43979e-09, 0.00196379, -6.08563e-05, 1, -7.6136e-10, -8.87958e-09, 3.0397e-09, 0.965737, 0.259523, 8.37777e-09, -0.259523, 0.965737)
    Left Arm.CFrame = CFrame.new(0.134527, 0.181089, 0.410227, 0.651042, 0.2329, 0.722428, -0.755996, 0.113779, 0.644612, 0.0679322, -0.965822, 0.250146)
    Right Leg.CFrame = CFrame.new(0.0849174, 0.173052, 0.0891494, 0.924803, 0.157255, -0.346426, -0.0627698, 0.961166, 0.268738, 0.375233, -0.226785, 0.89876)

[7]
    Time: 0.250000
    HumanoidRootPart.CFrame = CFrame.new(0, 0, 0, 1, 0, 0, 0, 1, 0, 0, 0, 1)
    Torso.CFrame = CFrame.new(0, 0.0872002, -0.102918, 1, -6.41417e-21, 4.89597e-18, -6.3666e-21, 0.999997, 0.00261045, -4.89597e-18, -0.00261045, 0.999997)
    Left Leg.CFrame = CFrame.new(-0.0753514, 0.171278, 0.0887112, 0.923012, -0.172248, 0.344062, 0.0766412, 0.958587, 0.274294, -0.37706, -0.226807, 0.897989)
    Right Arm.CFrame = CFrame.new(-0.142836, 0.175177, 0.404194, 0.678293, -0.241573, -0.693946, 0.731668, 0.135063, 0.668146, -0.0676798, -0.960937, 0.268363)
    Head.CFrame = CFrame.new(4.20184e-09, -0.000251919, -4.96507e-05, 1, -8.38908e-10, -8.40369e-09, 2.871e-09, 0.969561, 0.24485, 7.9425e-09, -0.244851, 0.969561)
    Left Arm.CFrame = CFrame.new(0.141375, 0.174093, 0.40423, 0.672456, 0.242376, 0.699326, -0.736917, 0.131213, 0.663126, 0.0689651, -0.961268, 0.266847)
    Right Leg.CFrame = CFrame.new(0.075375, 0.171289, 0.0887115, 0.923014, 0.172256, -0.344054, -0.0766436, 0.958581, 0.274312, 0.377056, -0.226825, 0.897986)

[8]
    Time: 0.291667
    HumanoidRootPart.CFrame = CFrame.new(0, 0, 0, 1, 0, 0, 0, 1, 0, 0, 0, 1)
    Torso.CFrame = CFrame.new(0, 0.0869064, -0.102715, 1, -3.97239e-20, 4.89606e-18, -3.97238e-20, 0.999868, 0.0162259, -4.89605e-18, -0.0162259, 0.999868)
    Left Leg.CFrame = CFrame.new(-0.0683439, 0.169828, 0.0883724, 0.921113, -0.18829, 0.340731, 0.0916852, 0.955556, 0.280191, -0.378344, -0.226848, 0.897438)
    Right Arm.CFrame = CFrame.new(-0.147159, 0.166125, 0.398178, 0.694418, -0.260483, -0.67077, 0.715412, 0.14983, 0.682449, -0.0772647, -0.953782, 0.290397)
    Head.CFrame = CFrame.new(3.69975e-09, -0.00298001, -7.04825e-05, 1, -9.96564e-10, -7.39949e-09, 2.62438e-09, 0.974727, 0.223398, 6.98988e-09, -0.223398, 0.974727)
    Left Arm.CFrame = CFrame.new(0.145745, 0.164991, 0.398172, 0.688952, 0.261303, 0.676066, -0.720561, 0.146115, 0.677822, 0.0783333, -0.954134, 0.288951)
    Right Leg.CFrame = CFrame.new(0.0683658, 0.169838, 0.0883732, 0.921114, 0.1883, -0.340722, -0.0916896, 0.95555, 0.28021, 0.378341, -0.226865, 0.897436)

[9]
    Time: 0.333333
    HumanoidRootPart.CFrame = CFrame.new(0, 0, 0, 1, 0, 0, 0, 1, 0, 0, 0, 1)
    Torso.CFrame = CFrame.new(0, 0.0926933, -0.102838, 1, -7.0404e-20, 4.89483e-18, -7.04041e-20, 0.999586, 0.0287608, -4.89483e-18, -0.0287608, 0.999586)
    Left Leg.CFrame = CFrame.new(-0.0654279, 0.168857, 0.0882295, 0.919589, -0.201373, 0.33735, 0.104143, 0.952879, 0.284913, -0.378828, -0.226871, 0.897229)
    Right Arm.CFrame = CFrame.new(-0.149816, 0.158619, 0.393321, 0.706635, -0.278626, -0.650411, 0.702163, 0.162612, 0.693199, -0.0873781, -0.946533, 0.310548)
    Head.CFrame = CFrame.new(2.29592e-09, -0.00548191, -0.00011611, 1, -1.39114e-09, -4.59184e-09, 2.22973e-09, 0.982162, 0.188034, 4.24837e-09, -0.188035, 0.982162)
    Left Arm.CFrame = CFrame.new(0.148468, 0.15746, 0.393278, 0.701529, 0.27945, 0.655564, -0.707154, 0.159044, 0.68894, 0.0882605, -0.946896, 0.309188)
    Right Leg.CFrame = CFrame.new(0.0654501, 0.168867, 0.0882342, 0.91959, 0.201383, -0.337341, -0.104148, 0.952873, 0.284932, 0.378824, -0.226887, 0.897226)

[10]
    Time: 0.375000
    HumanoidRootPart.CFrame = CFrame.new(0, 0, 0, 1, 0, 0, 0, 1, 0, 0, 0, 1)
    Torso.CFrame = CFrame.new(0, 0.111057, -0.179639, 1, -9.00845e-20, 6.22011e-18, -9.00898e-20, 0.999581, 0.0289603, -6.22011e-18, -0.0289603, 0.999581)
    Left Leg.CFrame = CFrame.new(-0.293922, 0.204974, 0.16226, 0.877514, -0.337303, 0.340875, 0.240517, 0.924517, 0.295668, -0.414875, -0.177466, 0.892404)
    Right Arm.CFrame = CFrame.new(-0.155153, 0.154265, 0.39002, 0.713541, -0.287559, -0.638881, 0.694573, 0.170855, 0.69884, -0.0918018, -0.9424, 0.321642)
    Head.CFrame = CFrame.new(-1.05105e-09, -0.00552257, -0.00010249, 1, -2.06157e-09, 2.10211e-09, 1.76468e-09, 0.991174, 0.132566, -2.35683e-09, -0.132566, 0.991174)
    Left Arm.CFrame = CFrame.new(0.153834, 0.153092, 0.389953, 0.70863, 0.288385, 0.643954, -0.699479, 0.167366, 0.694779, 0.0925875, -0.942774, 0.32032)
    Right Leg.CFrame = CFrame.new(0.293912, 0.204999, 0.162239, 0.877524, 0.337285, -0.340866, -0.24049, 0.924518, 0.295687, 0.414868, -0.177497, 0.892401)

[11]
    Time: 0.416667
    HumanoidRootPart.CFrame = CFrame.new(0, 0, 0, 1, 0, 0, 0, 1, 0, 0, 0, 1)
    Torso.CFrame = CFrame.new(0, 0.172329, -0.493996, 1, 1.39152e-20, 5.37744e-18, 1.39483e-20, 0.999987, -0.00518157, -5.37743e-18, 0.00518157, 0.999987)
    Left Leg.CFrame = CFrame.new(-0.740896, 0.391068, 0.286853, 0.753199, -0.544687, 0.368791, 0.439792, 0.833908, 0.333437, -0.489157, -0.0889535, 0.867648)
    Right Arm.CFrame = CFrame.new(-0.168256, 0.151221, 0.387371, 0.708955, -0.283589, -0.645724, 0.700358, 0.1754, 0.691906, -0.082957, -0.942768, 0.322965)
    Head.CFrame = CFrame.new(-5.74201e-09, 0.00130701, -9.44734e-06, 1, -2.36936e-09, 1.1484e-08, 1.33946e-09, 0.996044, 0.0888624, -1.16491e-08, -0.0888625, 0.996044)
    Left Arm.CFrame = CFrame.new(0.166902, 0.150049, 0.387295, 0.703926, 0.284398, 0.65085, -0.70532, 0.171864, 0.68774, 0.083734, -0.943176, 0.321571)
    Right Leg.CFrame = CFrame.new(0.740801, 0.391165, 0.286759, 0.753261, 0.544607, -0.368782, -0.439692, 0.833952, 0.333458, 0.48915, -0.0890303, 0.867644)

[12]
    Time: 0.458333
    HumanoidRootPart.CFrame = CFrame.new(0, 0, 0, 1, 0, 0, 0, 1, 0, 0, 0, 1)
    Torso.CFrame = CFrame.new(0, 0.175461, -0.754179, 1, 6.38976e-21, 4.84031e-18, 6.38956e-21, 0.999997, -0.00263987, -4.84031e-18, 0.00263987, 0.999997)
    Left Leg.CFrame = CFrame.new(-0.916587, 0.540254, 0.332701, 0.634106, -0.667061, 0.391076, 0.533966, 0.743557, 0.402496, -0.559276, -0.0464035, 0.827681)
    Right Arm.CFrame = CFrame.new(-0.155073, 0.149278, 0.380535, 0.717006, -0.260845, -0.646423, 0.69633, 0.225398, 0.68141, -0.0320401, -0.938699, 0.343246)
    Head.CFrame = CFrame.new(-9.90948e-09, 0.00080017, 1.23382e-05, 1, -2.02778e-09, 1.9819e-08, 1.69008e-09, 0.999855, 0.017023, -1.98506e-08, -0.0170231, 0.999855)
    Left Arm.CFrame = CFrame.new(0.153544, 0.14806, 0.380447, 0.7112, 0.261883, 0.652389, -0.70223, 0.221516, 0.676612, 0.0326788, -0.939334, 0.341444)
    Right Leg.CFrame = CFrame.new(0.916451, 0.540423, 0.332537, 0.634223, 0.666954, -0.391067, -0.533826, 0.743645, 0.402519, 0.559277, -0.0465255, 0.827674)

[13]
    Time: 0.500000
    HumanoidRootPart.CFrame = CFrame.new(0, 0, 0, 1, 0, 0, 0, 1, 0, 0, 0, 1)
    Torso.CFrame = CFrame.new(0, 0.118099, -0.895803, 1, 8.04752e-20, 4.4753e-18, 1.45102e-19, 0.99873, -0.0503822, -4.47367e-18, 0.0503822, 0.99873)
    Left Leg.CFrame = CFrame.new(-0.953587, 0.669062, 0.346931, 0.584507, -0.688627, 0.429119, 0.533991, 0.724669, 0.435555, -0.610904, -0.0254398, 0.791296)
    Right Arm.CFrame = CFrame.new(-0.0765161, 0.174118, 0.387833, 0.688588, -0.183005, -0.70168, 0.709721, 0.368638, 0.600335, 0.148801, -0.911381, 0.383722)
    Head.CFrame = CFrame.new(1.03502e-08, 0.0103445, -0.000245541, 1, 1.81108e-09, -2.07005e-08, -1.08852e-09, 0.999392, 0.034853, 2.0751e-08, -0.0348532, 0.999392)
    Left Arm.CFrame = CFrame.new(0.0752636, 0.173203, 0.387668, 0.679563, 0.185343, 0.709819, -0.718461, 0.363797, 0.592845, -0.148351, -0.912852, 0.380385)
    Right Leg.CFrame = CFrame.new(0.953434, 0.669269, 0.346713, 0.584655, 0.688508, -0.42911, -0.533824, 0.724777, 0.435581, 0.61091, -0.0255951, 0.791286)

[14]
    Time: 0.541667
    HumanoidRootPart.CFrame = CFrame.new(0, 0, 0, 1, 0, 0, 0, 1, 0, 0, 0, 1)
    Torso.CFrame = CFrame.new(0, 0.0370407, -0.944358, 1, 2.65902e-19, 3.88563e-18, 2.65901e-19, 0.990678, -0.136225, -3.88562e-18, 0.136225, 0.990678)
    Left Leg.CFrame = CFrame.new(-0.921452, 0.795118, 0.342644, 0.60995, -0.635206, 0.473788, 0.482944, 0.771993, 0.413269, -0.628272, -0.0232602, 0.777646)
    Right Arm.CFrame = CFrame.new(0.00844112, 0.159363, 0.357877, 0.582194, -0.140438, -0.800829, 0.658299, 0.659491, 0.362924, 0.477171, -0.738477, 0.476402)
    Head.CFrame = CFrame.new(1.36926e-06, 0.0275178, -0.00189728, 1, -0.000143216, -2.73851e-06, 0.000141327, 0.98333, 0.181827, -2.33477e-05, -0.181827, 0.983331)
    Left Arm.CFrame = CFrame.new(-0.0103819, 0.161668, 0.359589, 0.563211, 0.144268, 0.813622, -0.670886, 0.654663, 0.348323, -0.482396, -0.742026, 0.4655)
    Right Leg.CFrame = CFrame.new(0.921491, 0.794045, 0.343054, 0.608871, 0.63627, -0.473747, -0.483723, 0.771127, 0.413976, 0.628719, -0.0228961, 0.777295)

[15]
    Time: 0.583333
    HumanoidRootPart.CFrame = CFrame.new(0, 0, 0, 1, 0, 0, 0, 1, 0, 0, 0, 1)
    Torso.CFrame = CFrame.new(-2.28882e-05, -0.0302849, -0.61061, 1, 9.64009e-07, 1.04338e-05, 9.6401e-07, 0.983071, -0.183223, -1.04338e-05, 0.183223, 0.983071)
    Left Leg.CFrame = CFrame.new(-0.793361, 0.667177, 0.313062, 0.767684, -0.464307, 0.441678, 0.366818, 0.883532, 0.291231, -0.525457, -0.0615579, 0.84859)
    Right Arm.CFrame = CFrame.new(0.0155206, 0.12276, 0.317884, 0.370108, -0.194271, -0.908449, 0.675254, 0.727848, 0.119453, 0.638006, -0.657644, 0.400565)
    Head.CFrame = CFrame.new(-4.39431e-06, 0.0368995, -0.00346446, 1, -0.000541979, -5.22465e-05, 0.000526194, 0.937271, 0.348602, -0.000139966, -0.348602, 0.937271)
    Left Arm.CFrame = CFrame.new(-0.0174579, 0.126509, 0.321475, 0.335423, 0.197968, 0.921032, -0.687309, 0.720055, 0.0955355, -0.644281, -0.665078, 0.377588)
    Right Leg.CFrame = CFrame.new(0.794748, 0.664733, 0.31401, 0.765139, 0.468645, -0.441514, -0.370614, 0.881299, 0.293186, 0.526506, -0.0606971, 0.848002)

[16]
    Time: 0.625000
    HumanoidRootPart.CFrame = CFrame.new(0, 0, 0, 1, 0, 0, 0, 1, 0, 0, 0, 1)
    Torso.CFrame = CFrame.new(-8.39233e-05, -0.0663872, 0.0639629, 1, 3.94254e-06, 4.77737e-05, 3.94254e-06, 0.986471, -0.163934, -4.77737e-05, 0.163934, 0.986471)
    Left Leg.CFrame = CFrame.new(-0.421972, 0.346009, 0.194017, 0.915069, -0.135976, 0.379682, 0.0735792, 0.981935, 0.174327, -0.396527, -0.131585, 0.908544)
    Right Arm.CFrame = CFrame.new(0.0144982, 0.228285, 0.407672, -0.0829393, -0.171819, -0.981631, 0.843226, 0.512877, -0.161016, 0.531122, -0.841092, 0.102345)
    Head.CFrame = CFrame.new(-6.59461e-06, 0.0330325, -0.00280273, 0.999999, -0.00113872, -0.000185175, 0.00111103, 0.90731, 0.420461, -0.000310775, -0.420461, 0.90731)
    Left Arm.CFrame = CFrame.new(-0.013852, 0.232983, 0.410642, -0.120066, 0.170217, 0.978065, -0.842768, 0.503236, -0.191037, -0.524715, -0.847219, 0.0830318)
    Right Leg.CFrame = CFrame.new(0.427728, 0.346481, 0.1956, 0.913945, 0.145625, -0.37881, -0.0829026, 0.980714, 0.176997, 0.397279, -0.130361, 0.908392)

[17]
    Time: 0.666667
    HumanoidRootPart.CFrame = CFrame.new(0, 0, 0, 1, 0, 0, 0, 1, 0, 0, 0, 1)
    Torso.CFrame = CFrame.new(-0.000164032, -0.0234032, 0.569292, 1, 5.59913e-06, 0.000119652, 5.59913e-06, 0.99563, -0.0933859, -0.000119652, 0.0933859, 0.99563)
    Left Leg.CFrame = CFrame.new(0.00853819, 0.119578, 0.0552989, 0.926106, 0.123151, 0.356598, -0.179273, 0.975338, 0.12875, -0.331948, -0.183164, 0.925344)
    Right Arm.CFrame = CFrame.new(0.0417438, 0.413127, 0.482409, -0.702849, 0.0465803, -0.709812, 0.706744, -0.0675048, -0.704241, -0.0807195, -0.996631, 0.0145254)
    Head.CFrame = CFrame.new(-2.24054e-05, 0.0189289, -0.000963092, 0.999998, -0.00189001, -0.000374806, 0.00188558, 0.91988, 0.392196, -0.000396477, -0.392196, 0.919882)
    Left Arm.CFrame = CFrame.new(-0.0430715, 0.411828, 0.482214, -0.704005, -0.0488894, 0.708511, -0.705276, -0.0690886, -0.705558, 0.0834443, -0.996412, 0.0141581)
    Right Leg.CFrame = CFrame.new(0.0259939, 0.131309, 0.0669125, 0.930209, -0.0939714, -0.354796, 0.149208, 0.980005, 0.131631, 0.335332, -0.175383, 0.925631)

[18]
    Time: 0.708333
    HumanoidRootPart.CFrame = CFrame.new(0, 0, 0, 1, 0, 0, 0, 1, 0, 0, 0, 1)
    Torso.CFrame = CFrame.new(-0.000274658, 0.0818481, 0.763757, 1, 1.09198e-06, 0.000211493, 1.09198e-06, 0.999947, -0.0103261, -0.000211493, 0.0103261, 0.999947)
    Left Leg.CFrame = CFrame.new(-0.188532, 0.162331, 0.120246, 0.934896, -0.0831061, 0.345056, 0.0394586, 0.99051, 0.131653, -0.352723, -0.109466, 0.929303)
    Right Arm.CFrame = CFrame.new(0.215755, 0.522158, 0.488249, -0.834327, 0.247117, -0.49278, 0.355197, -0.442633, -0.823354, -0.421585, -0.86198, 0.281525)
    Head.CFrame = CFrame.new(-4.15703e-05, 0.00232224, -8.46386e-05, 0.999996, -0.00276448, -0.000595875, 0.00280479, 0.942606, 0.333895, -0.000361369, -0.333895, 0.94261)
    Left Arm.CFrame = CFrame.new(-0.216404, 0.519709, 0.488239, -0.831649, -0.245435, 0.498118, -0.36066, -0.443336, -0.820596, 0.422237, -0.862099, 0.280181)
    Right Leg.CFrame = CFrame.new(0.206969, 0.165981, 0.125703, 0.933918, 0.10202, -0.342622, -0.0587747, 0.989191, 0.134335, 0.352624, -0.10532, 0.929819)

[19]
    Time: 0.750000
    HumanoidRootPart.CFrame = CFrame.new(0, 0, 0, 1, 0, 0, 0, 1, 0, 0, 0, 1)
    Torso.CFrame = CFrame.new(-0.000400543, 0.17532, 0.861382, 1, -6.30992e-06, 0.000324037, -6.30991e-06, 0.999242, 0.0389309, -0.000324037, -0.0389309, 0.999242)
    Left Leg.CFrame = CFrame.new(-0.282571, 0.164744, 0.147713, 0.921217, -0.202399, 0.332256, 0.164052, 0.97647, 0.139978, -0.352769, -0.0744424, 0.932745)
    Right Arm.CFrame = CFrame.new(0.236533, 0.624092, 0.455799, -0.890512, 0.176295, -0.419414, 0.264967, -0.548426, -0.793109, -0.369839, -0.817403, 0.441668)
    Head.CFrame = CFrame.new(-6.27765e-05, -0.00752978, -0.00021559, 0.999993, -0.00372074, -0.000828121, 0.00379967, 0.955698, 0.294326, -0.000303677, -0.294327, 0.955705)
    Left Arm.CFrame = CFrame.new(-0.237515, 0.622318, 0.455913, -0.888661, -0.175419, 0.423687, -0.268945, -0.548973, -0.79139, 0.371418, -0.817225, 0.440672)
    Right Leg.CFrame = CFrame.new(0.2972, 0.165212, 0.151561, 0.918332, 0.219169, -0.329594, -0.181228, 0.973115, 0.14214, 0.351886, -0.0707995, 0.933362)

[20]
    Time: 0.791667
    HumanoidRootPart.CFrame = CFrame.new(0, 0, 0, 1, 0, 0, 0, 1, 0, 0, 0, 1)
    Torso.CFrame = CFrame.new(-0.000541687, 0.238964, 0.897212, 1, -1.20883e-05, 0.000455705, -1.20883e-05, 0.998594, 0.053016, -0.000455704, -0.053016, 0.998594)
    Left Leg.CFrame = CFrame.new(-0.316557, 0.151894, 0.15141, 0.911263, -0.264315, 0.315811, 0.226132, 0.962056, 0.152686, -0.344185, -0.0677222, 0.936456)
    Right Arm.CFrame = CFrame.new(0.201415, 0.696387, 0.419804, -0.929468, 0.0357381, -0.367168, 0.277487, -0.58811, -0.759689, -0.243085, -0.807991, 0.536712)
    Head.CFrame = CFrame.new(-9.40375e-05, -0.0103417, -0.000340074, 0.999988, -0.00471408, -0.00105552, 0.00482046, 0.959443, 0.28186, -0.000316003, -0.281862, 0.959455)
    Left Arm.CFrame = CFrame.new(-0.202972, 0.695242, 0.419694, -0.928498, -0.0363191, 0.369557, -0.279016, -0.588469, -0.758851, 0.245034, -0.807704, 0.536258)
    Right Leg.CFrame = CFrame.new(0.328728, 0.150749, 0.154507, 0.907773, 0.278541, -0.313628, -0.240949, 0.958294, 0.153676, 0.343353, -0.0639348, 0.937028)

[21]
    Time: 0.833333
    HumanoidRootPart.CFrame = CFrame.new(0, 0, 0, 1, 0, 0, 0, 1, 0, 0, 0, 1)
    Torso.CFrame = CFrame.new(-0.00069046, 0.281521, 0.901879, 1, -1.93532e-05, 0.000604271, -1.93532e-05, 0.997951, 0.063989, -0.000604271, -0.063989, 0.99795)
    Left Leg.CFrame = CFrame.new(-0.267665, 0.12667, 0.126797, 0.914723, -0.282322, 0.289095, 0.236749, 0.954224, 0.182773, -0.327462, -0.0987438, 0.93969)
    Right Arm.CFrame = CFrame.new(0.0963691, 0.778136, 0.383914, -0.920433, -0.135052, -0.36683, 0.370223, -0.602344, -0.707189, -0.125451, -0.786729, 0.604417)
    Head.CFrame = CFrame.new(-0.000124242, -0.0125273, -0.000433236, 0.999983, -0.00579406, -0.000918813, 0.00586627, 0.988866, 0.148697, 4.70264e-05, -0.148699, 0.988883)
    Left Arm.CFrame = CFrame.new(-0.0966636, 0.777926, 0.38351, -0.919444, 0.135666, 0.369078, -0.372379, -0.60193, -0.70641, 0.126323, -0.78694, 0.60396)
    Right Leg.CFrame = CFrame.new(0.279367, 0.125224, 0.129824, 0.911639, 0.293259, -0.287946, -0.248572, 0.951372, 0.181943, 0.3273, -0.0942914, 0.940204)

[22]
    Time: 0.875000
    HumanoidRootPart.CFrame = CFrame.new(0, 0, 0, 1, 0, 0, 0, 1, 0, 0, 0, 1)
    Torso.CFrame = CFrame.new(-0.00088501, 0.308231, 0.741379, 1, -2.31874e-05, 0.000720639, -2.31873e-05, 0.997931, 0.0642857, -0.000720639, -0.0642856, 0.997931)
    Left Leg.CFrame = CFrame.new(-0.186685, 0.125057, 0.0957065, 0.931122, -0.241346, 0.27343, 0.184874, 0.958604, 0.216564, -0.314378, -0.151097, 0.937196)
    Right Arm.CFrame = CFrame.new(0.0951964, 0.818541, 0.349781, -0.921573, -0.132367, -0.364942, 0.351122, -0.685179, -0.638155, -0.165581, -0.716246, 0.67792)
    Head.CFrame = CFrame.new(-0.00014154, -0.0125957, -0.000457942, 0.999977, -0.00669656, -0.00125806, 0.00680851, 0.974823, 0.222877, -0.000266123, -0.22288, 0.974846)
    Left Arm.CFrame = CFrame.new(-0.0956044, 0.818311, 0.349316, -0.920293, 0.133198, 0.367856, -0.353789, -0.684729, -0.637165, 0.167013, -0.716522, 0.677276)
    Right Leg.CFrame = CFrame.new(0.200725, 0.123494, 0.0993279, 0.9285, 0.251904, -0.272823, -0.19651, 0.956731, 0.214592, 0.315075, -0.145636, 0.937826)

[23]
    Time: 0.916667
    HumanoidRootPart.CFrame = CFrame.new(0, 0, 0, 1, 0, 0, 0, 1, 0, 0, 0, 1)
    Torso.CFrame = CFrame.new(-0.00113297, 0.327202, 0.358877, 1, -1.99897e-05, 0.000770108, -1.99897e-05, 0.998653, 0.0518791, -0.000770108, -0.0518791, 0.998653)
    Left Leg.CFrame = CFrame.new(0.0831753, 0.125081, 0.0127992, 0.955536, -0.016737, 0.294398, -0.0549455, 0.970796, 0.233529, -0.28971, -0.239321, 0.926711)
    Right Arm.CFrame = CFrame.new(0.0904149, 0.849551, 0.317685, -0.908642, -0.133415, -0.395689, 0.354155, -0.74825, -0.560978, -0.221231, -0.649863, 0.727141)
    Head.CFrame = CFrame.new(-0.000152591, -0.0101169, -0.000336111, 0.999971, -0.00749516, -0.00154876, 0.00760786, 0.951373, 0.307946, -0.000834655, -0.307949, 0.951403)
    Left Arm.CFrame = CFrame.new(-0.0910331, 0.849237, 0.317261, -0.906552, 0.1347, 0.400025, -0.357928, -0.747636, -0.5594, 0.223722, -0.650305, 0.725983)
    Right Leg.CFrame = CFrame.new(-0.0830833, 0.123072, 0.0126463, 0.955751, 0.0186873, -0.293583, 0.0520677, 0.971478, 0.231342, 0.289533, -0.236391, 0.927518)

[24]
    Time: 0.958333
    HumanoidRootPart.CFrame = CFrame.new(0, 0, 0, 1, 0, 0, 0, 1, 0, 0, 0, 1)
    Torso.CFrame = CFrame.new(-0.00139618, 0.333454, -0.096242, 1, -1.78224e-05, 0.000807185, -1.78224e-05, 0.999025, 0.0441379, -0.000807185, -0.0441378, 0.999025)
    Left Leg.CFrame = CFrame.new(-0.314864, 0.205331, 0.134269, 0.917311, -0.231868, 0.323694, 0.149601, 0.95409, 0.259482, -0.368999, -0.1896, 0.909886)
    Right Arm.CFrame = CFrame.new(0.0900325, 0.857374, 0.308055, -0.865314, -0.139692, -0.481371, 0.403268, -0.764375, -0.503096, -0.297669, -0.629458, 0.717758)
    Head.CFrame = CFrame.new(-0.000166282, -0.00855488, -0.000221133, 0.999964, -0.00843291, -0.000880509, 0.00846436, 0.986818, 0.16161, -0.000493944, -0.161612, 0.986854)
    Left Arm.CFrame = CFrame.new(-0.0910513, 0.856807, 0.307807, -0.861014, 0.141829, 0.488406, -0.409298, -0.76326, -0.49991, 0.301879, -0.630332, 0.715227)
    Right Leg.CFrame = CFrame.new(0.320763, 0.203043, 0.135789, 0.916417, 0.236452, -0.322909, -0.155752, 0.953916, 0.256486, 0.368675, -0.184754, 0.911013)

[25]
    Time: 1.000000
    HumanoidRootPart.CFrame = CFrame.new(0, 0, 0, 1, 0, 0, 0, 1, 0, 0, 0, 1)
    Torso.CFrame = CFrame.new(-0.00161743, 0.329586, -0.475514, 1, -1.95273e-05, 0.00088292, -1.95274e-05, 0.999022, 0.0442119, -0.00088292, -0.0442119, 0.999022)
    Left Leg.CFrame = CFrame.new(-0.739059, 0.395166, 0.254524, 0.794435, -0.501654, 0.342368, 0.402919, 0.857116, 0.32095, -0.454455, -0.117028, 0.883049)
    Right Arm.CFrame = CFrame.new(0.0846379, 0.788917, 0.37655, -0.777419, -0.12927, -0.615555, 0.545852, -0.624909, -0.558152, -0.312514, -0.76992, 0.556379)
    Head.CFrame = CFrame.new(-0.000178676, -0.00856976, -0.000179589, 0.999959, -0.00908191, -6.9894e-05, 0.00908212, 0.999951, 0.00397882, 3.37556e-05, -0.0039794, 0.999992)
    Left Arm.CFrame = CFrame.new(-0.0859203, 0.787862, 0.376416, -0.76986, 0.131956, 0.624422, -0.554455, -0.622813, -0.551982, 0.316061, -0.771162, 0.552643)
    Right Leg.CFrame = CFrame.new(0.741202, 0.391221, 0.255232, 0.794046, 0.502801, -0.341588, -0.406384, 0.857017, 0.316819, 0.452044, -0.112753, 0.884841)

[26]
    Time: 1.041667
    HumanoidRootPart.CFrame = CFrame.new(0, 0, 0, 1, 0, 0, 0, 1, 0, 0, 0, 1)
    Torso.CFrame = CFrame.new(-0.00174713, 0.326176, -0.634233, 0.999999, -2.61968e-05, 0.00105766, -2.61968e-05, 0.998774, 0.0495068, -0.00105766, -0.0495068, 0.998773)
    Left Leg.CFrame = CFrame.new(-0.855326, 0.489266, 0.277948, 0.73192, -0.583972, 0.351097, 0.471465, 0.806034, 0.357812, -0.491949, -0.0963594, 0.865275)
    Right Arm.CFrame = CFrame.new(0.245932, 0.384426, 0.481306, -0.628195, 0.0556675, -0.776062, 0.681813, -0.441141, -0.583546, -0.374837, -0.89571, 0.239167)
    Head.CFrame = CFrame.new(-0.000211164, -0.00963051, -0.000250965, 0.999955, -0.00945239, -0.0003635, 0.00944911, 0.996342, 0.0849348, -0.000440666, -0.0849345, 0.996386)
    Left Arm.CFrame = CFrame.new(-0.245466, 0.381813, 0.480359, -0.62344, -0.0536705, 0.780027, -0.686008, -0.441092, -0.578645, 0.37512, -0.895856, 0.238176)
    Right Leg.CFrame = CFrame.new(0.857487, 0.484336, 0.279117, 0.731432, 0.585108, -0.350223, -0.475599, 0.805771, 0.3529, 0.488684, -0.0915567, 0.867643)

[27]
    Time: 1.083333
    HumanoidRootPart.CFrame = CFrame.new(0, 0, 0, 1, 0, 0, 0, 1, 0, 0, 0, 1)
    Torso.CFrame = CFrame.new(-0.00176239, 0.324203, -0.583457, 0.999999, -4.08927e-05, 0.00135065, -4.08927e-05, 0.998168, 0.060497, -0.00135065, -0.060497, 0.998167)
    Left Leg.CFrame = CFrame.new(-0.819655, 0.444446, 0.27458, 0.741649, -0.575644, 0.344369, 0.466348, 0.811492, 0.352136, -0.482158, -0.100566, 0.870293)
    Right Arm.CFrame = CFrame.new(0.148299, 0.284647, 0.451984, -0.351181, -0.0751986, -0.933283, 0.934889, -0.0830151, -0.345097, -0.0515259, -0.993707, 0.0994557)
    Head.CFrame = CFrame.new(-0.000270474, -0.0118325, -0.0004116, 0.999954, -0.0095519, -0.00106885, 0.0095383, 0.972481, 0.232787, -0.00118411, -0.232786, 0.972527)
    Left Arm.CFrame = CFrame.new(-0.149419, 0.28494, 0.450999, -0.3581, 0.0724439, 0.930868, -0.932096, -0.0858414, -0.351892, 0.0544147, -0.993671, 0.0982645)
    Right Leg.CFrame = CFrame.new(0.822049, 0.438584, 0.275805, 0.741055, 0.576938, -0.343481, -0.470996, 0.811247, 0.346469, 0.478539, -0.0949747, 0.872915)

[28]
    Time: 1.125000
    HumanoidRootPart.CFrame = CFrame.new(0, 0, 0, 1, 0, 0, 0, 1, 0, 0, 0, 1)
    Torso.CFrame = CFrame.new(-0.0017395, 0.321953, -0.463946, 0.999999, -6.12882e-05, 0.0016482, -6.12882e-05, 0.997238, 0.0742673, -0.0016482, -0.0742673, 0.997237)
    Left Leg.CFrame = CFrame.new(-0.720993, 0.359393, 0.256304, 0.777737, -0.532962, 0.333281, 0.430986, 0.838082, 0.33447, -0.457577, -0.11649, 0.881506)
    Right Arm.CFrame = CFrame.new(0.178518, 0.272507, 0.449995, -0.391054, -0.0681869, -0.917839, 0.913578, -0.149669, -0.37812, -0.111589, -0.986382, 0.120822)
    Head.CFrame = CFrame.new(-0.000335583, -0.0145935, -0.000618458, 0.999953, -0.00955864, -0.00136588, 0.00952372, 0.953053, 0.302655, -0.00159121, -0.302654, 0.953099)
    Left Arm.CFrame = CFrame.new(-0.179497, 0.272661, 0.448691, -0.395843, 0.0658414, 0.915955, -0.911253, -0.151646, -0.382911, 0.11369, -0.986239, 0.120026)
    Right Leg.CFrame = CFrame.new(0.723712, 0.352818, 0.257377, 0.77704, 0.534508, -0.33243, -0.436029, 0.837969, 0.328156, 0.453968, -0.110041, 0.884197)

[29]
    Time: 1.166667
    HumanoidRootPart.CFrame = CFrame.new(0, 0, 0, 1, 0, 0, 0, 1, 0, 0, 0, 1)
    Torso.CFrame = CFrame.new(-0.00175476, 0.327702, -0.32454, 0.999998, -9.34957e-05, 0.00185768, -9.34956e-05, 0.994947, 0.100404, -0.00185768, -0.100404, 0.994945)
    Left Leg.CFrame = CFrame.new(-0.567096, 0.266192, 0.218084, 0.823475, -0.469448, 0.318604, 0.372581, 0.87096, 0.320332, -0.42787, -0.145079, 0.892121)
    Right Arm.CFrame = CFrame.new(0.243021, 0.266543, 0.448974, -0.465783, -0.0623162, -0.882702, 0.856887, -0.280759, -0.432341, -0.220884, -0.957753, 0.184171)
    Head.CFrame = CFrame.new(-0.000373713, -0.0198122, -0.00106347, 0.999952, -0.00971269, -0.00104548, 0.00965196, 0.965815, 0.259053, -0.00150636, -0.259051, 0.965863)
    Left Arm.CFrame = CFrame.new(-0.243476, 0.266134, 0.447321, -0.46699, 0.061148, 0.882146, -0.855974, -0.281574, -0.433618, 0.221874, -0.957589, 0.183834)
    Right Leg.CFrame = CFrame.new(0.570345, 0.259334, 0.218992, 0.822626, 0.471422, -0.317879, -0.378009, 0.871074, 0.313589, 0.424729, -0.137806, 0.894771)

[30]
    Time: 1.208333
    HumanoidRootPart.CFrame = CFrame.new(0, 0, 0, 1, 0, 0, 0, 1, 0, 0, 0, 1)
    Torso.CFrame = CFrame.new(-0.00179672, 0.346806, -0.214694, 0.999998, -0.000144176, 0.00198072, -0.000144176, 0.989459, 0.144812, -0.00198072, -0.144812, 0.989457)
    Left Leg.CFrame = CFrame.new(-0.388164, 0.194426, 0.167957, 0.860847, -0.410481, 0.300745, 0.314799, 0.893933, 0.319036, -0.399805, -0.179967, 0.898759)
    Right Arm.CFrame = CFrame.new(0.312628, 0.291587, 0.450181, -0.529088, -0.0823566, -0.844561, 0.793348, -0.401173, -0.457885, -0.301106, -0.912292, 0.277594)
    Head.CFrame = CFrame.new(-0.000397821, -0.0286972, -0.00214165, 0.999951, -0.009891, -0.000524242, 0.00982305, 0.98351, 0.180586, -0.00127058, -0.180583, 0.983559)
    Left Arm.CFrame = CFrame.new(-0.312375, 0.290256, 0.448386, -0.527204, 0.0827307, 0.845702, -0.794378, -0.401343, -0.455947, 0.301696, -0.912184, 0.277309)
    Right Leg.CFrame = CFrame.new(0.392372, 0.187507, 0.168972, 0.859707, 0.41322, -0.300255, -0.320849, 0.894256, 0.312028, 0.397441, -0.171916, 0.90138)

[31]
    Time: 1.250000
    HumanoidRootPart.CFrame = CFrame.new(0, 0, 0, 1, 0, 0, 0, 1, 0, 0, 0, 1)
    Torso.CFrame = CFrame.new(-0.0018959, 0.364868, -0.173366, 0.999998, -0.000191578, 0.00196834, -0.000191578, 0.981232, 0.192833, -0.00196834, -0.192833, 0.98123)
    Left Leg.CFrame = CFrame.new(-0.293331, 0.15936, 0.135714, 0.865954, -0.410914, 0.285085, 0.311875, 0.889299, 0.334486, -0.390971, -0.200738, 0.898246)
    Right Arm.CFrame = CFrame.new(0.361504, 0.348656, 0.449505, -0.567751, -0.136959, -0.811727, 0.754557, -0.480782, -0.446645, -0.329092, -0.866078, 0.376308)
    Head.CFrame = CFrame.new(-0.000393718, -0.0382938, -0.00376737, 0.999949, -0.0100521, 8.55323e-05, 0.00997758, 0.993504, 0.113361, -0.00122449, -0.113355, 0.993554)
    Left Arm.CFrame = CFrame.new(-0.360839, 0.346515, 0.44794, -0.563639, 0.138483, 0.814331, -0.757183, -0.480624, -0.44235, 0.330129, -0.865923, 0.375755)
    Right Leg.CFrame = CFrame.new(0.298594, 0.15228, 0.137095, 0.864334, 0.414474, -0.284846, -0.31864, 0.889521, 0.327446, 0.389094, -0.192259, 0.900912)

[32]
    Time: 1.291667
    HumanoidRootPart.CFrame = CFrame.new(0, 0, 0, 1, 0, 0, 0, 1, 0, 0, 0, 1)
    Torso.CFrame = CFrame.new(-0.00200653, 0.368805, -0.177499, 0.999998, -0.000225152, 0.00187105, -0.000225152, 0.971452, 0.237234, -0.00187105, -0.237234, 0.971451)
    Left Leg.CFrame = CFrame.new(-0.280284, 0.143044, 0.129092, 0.84352, -0.463858, 0.270759, 0.359601, 0.862196, 0.356797, -0.398951, -0.2036, 0.894083)
    Right Arm.CFrame = CFrame.new(0.378933, 0.432113, 0.443123, -0.572061, -0.221528, -0.789729, 0.76, -0.505259, -0.408795, -0.308458, -0.834049, 0.4574)
    Head.CFrame = CFrame.new(-0.000375481, -0.0471752, -0.0057326, 0.999953, -0.00964548, 0.000400009, 0.00947985, 0.988925, 0.148115, -0.00182421, -0.148104, 0.98897)
    Left Arm.CFrame = CFrame.new(-0.378418, 0.429542, 0.44193, -0.566495, 0.223338, 0.793224, -0.763356, -0.504835, -0.403024, 0.310437, -0.833823, 0.456473)
    Right Leg.CFrame = CFrame.new(0.285737, 0.13572, 0.130659, 0.841424, 0.467657, -0.270745, -0.366557, 0.862093, 0.349901, 0.397041, -0.195172, 0.896809)

[33]
    Time: 1.333333
    HumanoidRootPart.CFrame = CFrame.new(0, 0, 0, 1, 0, 0, 0, 1, 0, 0, 0, 1)
    Torso.CFrame = CFrame.new(-0.00209427, 0.359203, -0.212221, 0.999998, -0.000238288, 0.00175143, -0.000238288, 0.963652, 0.267162, -0.00175143, -0.267162, 0.96365)
    Left Leg.CFrame = CFrame.new(-0.338583, 0.128559, 0.156714, 0.796769, -0.545304, 0.260389, 0.437356, 0.817732, 0.374212, -0.416988, -0.184277, 0.890035)
    Right Arm.CFrame = CFrame.new(0.3617, 0.537414, 0.428515, -0.540175, -0.318527, -0.778943, 0.804365, -0.467534, -0.366619, -0.247404, -0.824592, 0.508762)
    Head.CFrame = CFrame.new(-0.00035664, -0.0531744, -0.00732443, 0.999964, -0.00848825, 0.000553062, 0.00804006, 0.96439, 0.264361, -0.00277733, -0.264347, 0.964424)
    Left Arm.CFrame = CFrame.new(-0.362142, 0.534445, 0.427586, -0.534256, 0.31948, 0.782626, -0.807327, -0.467292, -0.360363, 0.250585, -0.824361, 0.507578)
    Right Leg.CFrame = CFrame.new(0.342849, 0.121197, 0.157886, 0.794604, 0.548396, -0.260513, -0.44364, 0.817392, 0.367495, 0.414474, -0.176439, 0.892794)

[34]
    Time: 1.375000
    HumanoidRootPart.CFrame = CFrame.new(0, 0, 0, 1, 0, 0, 0, 1, 0, 0, 0, 1)
    Torso.CFrame = CFrame.new(-0.0021286, 0.342037, -0.242324, 0.999999, -0.000239763, 0.00167056, -0.000239762, 0.959634, 0.281251, -0.00167056, -0.281251, 0.959633)
    Left Leg.CFrame = CFrame.new(-0.377864, 0.121538, 0.179434, 0.761095, -0.596278, 0.255318, 0.485955, 0.78489, 0.384442, -0.429631, -0.168524, 0.88714)
    Right Arm.CFrame = CFrame.new(0.315881, 0.649227, 0.408663, -0.480789, -0.400006, -0.78028, 0.862724, -0.374816, -0.339442, -0.156683, -0.836366, 0.525301)
    Head.CFrame = CFrame.new(-0.000329916, -0.0559915, -0.00814393, 0.999974, -0.00710497, 0.000911602, 0.006416, 0.944973, 0.327086, -0.00318537, -0.327072, 0.944994)
    Left Arm.CFrame = CFrame.new(-0.316347, 0.648143, 0.407488, -0.473768, 0.401017, 0.784047, -0.866237, -0.372619, -0.332849, 0.158673, -0.836863, 0.523911)
    Right Leg.CFrame = CFrame.new(0.381429, 0.114212, 0.18037, 0.758944, 0.598935, -0.2555, -0.491834, 0.784423, 0.377861, 0.426735, -0.161112, 0.88991)

[35]
    Time: 1.416667
    HumanoidRootPart.CFrame = CFrame.new(0, 0, 0, 1, 0, 0, 0, 1, 0, 0, 0, 1)
    Torso.CFrame = CFrame.new(-0.00208282, 0.320126, -0.21051, 0.999999, -0.000242475, 0.00165284, -0.000242474, 0.957864, 0.287223, -0.00165284, -0.287223, 0.957862)
    Left Leg.CFrame = CFrame.new(-0.297019, 0.123339, 0.158288, 0.780643, -0.571579, 0.252772, 0.461617, 0.799981, 0.383328, -0.421315, -0.182559, 0.88835)
    Right Arm.CFrame = CFrame.new(0.360139, 0.572062, 0.419908, -0.553388, -0.347091, -0.757159, 0.808358, -0.442947, -0.387756, -0.200794, -0.826635, 0.525695)
    Head.CFrame = CFrame.new(-0.000330772, -0.057186, -0.00848955, 0.999982, -0.00583814, 0.0012719, 0.00520901, 0.956073, 0.293083, -0.00292708, -0.293071, 0.956086)
    Left Arm.CFrame = CFrame.new(-0.361277, 0.568924, 0.418996, -0.549221, 0.347048, 0.760206, -0.81032, -0.443556, -0.382935, 0.204298, -0.826326, 0.52483)
    Right Leg.CFrame = CFrame.new(0.301076, 0.116125, 0.159435, 0.778376, 0.574568, -0.252986, -0.467685, 0.799521, 0.376877, 0.418809, -0.175035, 0.891045)

[36]
    Time: 1.458333
    HumanoidRootPart.CFrame = CFrame.new(0, 0, 0, 1, 0, 0, 0, 1, 0, 0, 0, 1)
    Torso.CFrame = CFrame.new(-0.00200272, 0.295963, -0.162576, 0.999999, -0.000230755, 0.00163576, -0.000230755, 0.960975, 0.276634, -0.00163576, -0.276634, 0.960974)
    Left Leg.CFrame = CFrame.new(-0.174251, 0.137779, 0.117991, 0.826971, -0.500283, 0.256587, 0.391969, 0.840163, 0.374815, -0.403088, -0.209387, 0.890886)
    Right Arm.CFrame = CFrame.new(0.394449, 0.502808, 0.423107, -0.612379, -0.295592, -0.733224, 0.760378, -0.474068, -0.443942, -0.216372, -0.829388, 0.515071)
    Head.CFrame = CFrame.new(-0.000323159, -0.0550653, -0.0078513, 0.999988, -0.00469898, 0.00141689, 0.00424173, 0.972675, 0.232132, -0.00246896, -0.232124, 0.972683)
    Left Arm.CFrame = CFrame.new(-0.394851, 0.500704, 0.421981, -0.609298, 0.29598, 0.73563, -0.762237, -0.474288, -0.440506, 0.218519, -0.829124, 0.51459)
    Right Leg.CFrame = CFrame.new(0.179799, 0.130742, 0.119745, 0.824532, 0.50421, -0.256748, -0.398752, 0.839744, 0.368547, 0.401428, -0.2015, 0.89345)

[37]
    Time: 1.500000
    HumanoidRootPart.CFrame = CFrame.new(0, 0, 0, 1, 0, 0, 0, 1, 0, 0, 0, 1)
    Torso.CFrame = CFrame.new(-0.0018959, 0.268696, -0.133268, 0.999999, -0.000199157, 0.00158414, -0.000199157, 0.968881, 0.247526, -0.00158414, -0.247526, 0.96888)
    Left Leg.CFrame = CFrame.new(-0.0924226, 0.151641, 0.0901802, 0.864004, -0.426646, 0.267338, 0.319972, 0.87525, 0.362705, -0.388734, -0.227838, 0.892735)
    Right Arm.CFrame = CFrame.new(0.405788, 0.458599, 0.422984, -0.656004, -0.242536, -0.714727, 0.720766, -0.482293, -0.497885, -0.223953, -0.841766, 0.491198)
    Head.CFrame = CFrame.new(-0.000319751, -0.0492342, -0.00625372, 0.999992, -0.00368308, 0.00135667, 0.00340559, 0.986019, 0.166599, -0.00195129, -0.166593, 0.986024)
    Left Arm.CFrame = CFrame.new(-0.406056, 0.45698, 0.421763, -0.654033, 0.242754, 0.716457, -0.722096, -0.48259, -0.495666, 0.22543, -0.841533, 0.490922)
    Right Leg.CFrame = CFrame.new(0.0997303, 0.144932, 0.0925762, 0.861524, 0.431621, -0.267357, -0.327617, 0.874886, 0.356708, 0.38787, -0.219722, 0.895142)

[38]
    Time: 1.541667
    HumanoidRootPart.CFrame = CFrame.new(0, 0, 0, 1, 0, 0, 0, 1, 0, 0, 0, 1)
    Torso.CFrame = CFrame.new(-0.00176239, 0.23753, -0.111807, 0.999999, -0.000158052, 0.00149773, -0.000158052, 0.977973, 0.208731, -0.00149773, -0.208731, 0.977972)
    Left Leg.CFrame = CFrame.new(-0.0258755, 0.160936, 0.0676722, 0.893947, -0.349093, 0.281056, 0.243987, 0.905118, 0.348184, -0.375938, -0.242684, 0.894302)
    Right Arm.CFrame = CFrame.new(0.401174, 0.428914, 0.425964, -0.690085, -0.17587, -0.702034, 0.681957, -0.482797, -0.549402, -0.242317, -0.857891, 0.453106)
