[1]
    Time: 0.000000
    HumanoidRootPart.CFrame = CFrame.new(0, 0, 0, 1, 0, 0, 0, 1, 0, 0, 0, 1)
    Torso.CFrame = CFrame.new(-0.0656354, 0.226857, -0.305609, 0.90137, 0.433027, -0.0044364, -0.431247, 0.898504, 0.0819516, 0.0394734, -0.0719555, 0.996626)
    Left Leg.CFrame = CFrame.new(-0.723806, 0.146132, -0.0168715, 0.929027, -0.369839, -0.0113069, 0.370008, 0.928443, 0.0329846, -0.00170125, -0.0348272, 0.999392)
    Right Arm.CFrame = CFrame.new(0.132832, 0.627359, 0.265604, -0.0428381, -0.672718, -0.738658, 0.394572, -0.690627, 0.606091, -0.917866, -0.26549, 0.295021)
    Head.CFrame = CFrame.new(1.04308e-07, -1.11759e-08, 0.0166621, 0.969097, -0.230851, -0.0869437, 0.212713, 0.96051, -0.179371, 0.124918, 0.155334, 0.979932)
    Right Leg.CFrame = CFrame.new(0.759192, 0.130396, 0.00945055, 0.917805, 0.396868, -0.0114241, -0.39702, 0.91717, -0.0342822, -0.00312756, 0.036, 0.999347)
    Left Arm.CFrame = CFrame.new(-0.132832, 0.627359, 0.265604, -0.0428375, 0.672718, 0.738658, -0.394573, -0.690627, 0.606091, 0.917866, -0.265491, 0.295021)

[2]
    Time: 0.120000
    HumanoidRootPart.CFrame = CFrame.new(0, 0, 0, 1, 0, 0, 0, 1, 0, 0, 0, 1)
    Torso.CFrame = CFrame.new(0.0290156, 0.261617, -0.158435, 0.908415, 0.417972, 0.00900406, -0.415767, 0.900949, 0.12421, 0.0438042, -0.116578, 0.992215)
    Left Leg.CFrame = CFrame.new(-0.495408, 0.0320153, -0.0142442, 0.961204, -0.274919, -0.0225264, 0.274432, 0.961344, -0.0224698, 0.0278329, 0.0154161, 0.999494)
    Right Arm.CFrame = CFrame.new(0.13622, 0.624873, 0.26695, -0.0740794, -0.582582, -0.809389, 0.335248, -0.778932, 0.529976, -0.939213, -0.232085, 0.253012)
    Head.CFrame = CFrame.new(9.68575e-08, 2.23517e-08, 0.0166626, 0.976178, -0.202452, -0.0780429, 0.179177, 0.955028, -0.236257, 0.122364, 0.216645, 0.968551)
    Right Leg.CFrame = CFrame.new(0.557663, 0.0663243, 0.00717187, 0.943863, 0.32957, -0.0225087, -0.329089, 0.944029, 0.0225926, 0.0286947, -0.013917, 0.999491)
    Left Arm.CFrame = CFrame.new(-0.136219, 0.624872, 0.26695, -0.0740789, 0.582582, 0.809389, -0.335248, -0.778931, 0.529976, 0.939213, -0.232086, 0.253012)

[3]
    Time: 0.240000
    HumanoidRootPart.CFrame = CFrame.new(0, 0, 0, 1, 0, 0, 0, 1, 0, 0, 0, 1)
    Torso.CFrame = CFrame.new(0.0883914, 0.283819, -0.0840044, 0.907897, 0.418631, 0.0216808, -0.416891, 0.896292, 0.151201, 0.0438652, -0.146314, 0.988265)
    Left Leg.CFrame = CFrame.new(-0.287923, -0.0177428, -0.00897437, 0.980887, -0.193876, -0.0165108, 0.192915, 0.980066, -0.0474871, 0.0253883, 0.0433943, 0.998735)
    Right Arm.CFrame = CFrame.new(0.138019, 0.623856, 0.267522, -0.074424, -0.533912, -0.842258, 0.304465, -0.816438, 0.490642, -0.949611, -0.219923, 0.22332)
    Head.CFrame = CFrame.new(9.68575e-08, 0, 0.0166621, 0.979474, -0.190813, -0.0649604, 0.163855, 0.941429, -0.294725, 0.117393, 0.278031, 0.953372)
    Right Leg.CFrame = CFrame.new(0.4032, 0.0390916, 0.00118625, 0.962202, 0.271842, -0.0163946, -0.270802, 0.961429, 0.0481744, 0.0288581, -0.0419139, 0.998704)
    Left Arm.CFrame = CFrame.new(-0.138018, 0.623856, 0.267523, -0.0744234, 0.533912, 0.842258, -0.304465, -0.816438, 0.490642, 0.949611, -0.219923, 0.22332)

[4]
    Time: 0.400000
    HumanoidRootPart.CFrame = CFrame.new(0, 0, 0, 1, 0, 0, 0, 1, 0, 0, 0, 1)
    Torso.CFrame = CFrame.new(0.0894554, 0.283819, -0.0595303, 0.907897, 0.418631, 0.0216808, -0.416891, 0.896292, 0.151201, 0.0438652, -0.146314, 0.988265)
    Left Leg.CFrame = CFrame.new(-0.183542, -0.0238421, -0.00752348, 0.98992, -0.140673, -0.0164281, 0.139749, 0.989024, -0.0479803, 0.0229973, 0.0452009, 0.998713)
    Right Arm.CFrame = CFrame.new(0.138019, 0.623856, 0.267522, -0.074424, -0.533912, -0.842258, 0.304465, -0.816438, 0.490642, -0.949611, -0.219923, 0.22332)
    Head.CFrame = CFrame.new(9.68575e-08, 5.21541e-08, 0.0166621, 0.979474, -0.190813, -0.0649604, 0.163855, 0.941429, -0.294725, 0.117393, 0.278031, 0.953372)
    Right Leg.CFrame = CFrame.new(0.338697, 0.0320884, 0.000431418, 0.97075, 0.239539, -0.0163115, -0.238517, 0.969918, 0.0486702, 0.0274794, -0.043356, 0.998682)
    Left Arm.CFrame = CFrame.new(-0.138018, 0.623855, 0.267523, -0.0744234, 0.533912, 0.842258, -0.304465, -0.816438, 0.490642, 0.949611, -0.219923, 0.22332)

[5]
    Time: 0.520000
    HumanoidRootPart.CFrame = CFrame.new(0, 0, 0, 1, 0, 0, 0, 1, 0, 0, 0, 1)
    Torso.CFrame = CFrame.new(0.0245522, 0.148994, -0.0711272, 0.900465, 0.434417, -0.021079, -0.434468, 0.900684, 0.00231639, 0.0199918, 0.00707234, 0.999775)
    Left Leg.CFrame = CFrame.new(-0.313033, 0.0525513, -0.00509411, 0.998013, -0.0628534, -0.00451727, 0.0628195, 0.997998, -0.00728246, 0.00496589, 0.00698419, 0.999963)
    Right Arm.CFrame = CFrame.new(0.138019, 0.623856, 0.267522, -0.074424, -0.533912, -0.842258, 0.304465, -0.816438, 0.490642, -0.949612, -0.219923, 0.22332)
    Head.CFrame = CFrame.new(8.6613e-08, 1.35042e-08, 0.0166622, 0.97146, -0.213903, -0.102521, 0.21265, 0.976855, -0.0231246, 0.105094, 0.000663471, 0.994462)
    Right Leg.CFrame = CFrame.new(0.365627, 0.074064, -0.00297761, 0.995457, 0.0951099, -0.00451686, -0.0950758, 0.995444, 0.0072584, 0.00518666, -0.00679596, 0.999963)
    Left Arm.CFrame = CFrame.new(-0.138018, 0.623856, 0.267523, -0.0744235, 0.533912, 0.842258, -0.304465, -0.816438, 0.490642, 0.949611, -0.219923, 0.22332)

[6]
    Time: 0.640000
    HumanoidRootPart.CFrame = CFrame.new(0, 0, 0, 1, 0, 0, 0, 1, 0, 0, 0, 1)
    Torso.CFrame = CFrame.new(-0.180037, -0.423138, -0.501127, 0.902405, 0.407361, -0.140437, -0.429318, 0.822211, -0.373705, -0.0367637, 0.397526, 0.916854)
    Left Leg.CFrame = CFrame.new(-0.735104, 0.546159, -0.022177, 0.995327, -0.0961049, 0.00942684, 0.0955671, 0.994331, 0.0466167, -0.0138535, -0.0454981, 0.998868)
    Right Arm.CFrame = CFrame.new(0.644201, -0.495133, -0.9014, -0.381463, -0.519296, 0.764734, 0.637625, 0.451152, 0.624416, -0.669268, 0.725805, 0.159018)
    Head.CFrame = CFrame.new(6.70552e-08, 1.04308e-07, 0.0166622, 0.934087, -0.310918, -0.175533, 0.345157, 0.912134, 0.221086, 0.0913703, -0.2671, 0.959328)
    Right Leg.CFrame = CFrame.new(0.724287, 0.465343, 0.0113131, 0.996542, 0.0825793, 0.0091548, -0.0820762, 0.995566, -0.045954, -0.0129089, 0.0450437, 0.998902)
    Left Arm.CFrame = CFrame.new(-0.50673, -0.476682, -0.831197, -0.278956, 0.295768, -0.913622, -0.657634, 0.634452, 0.406187, 0.699786, 0.714137, 0.0175229)

[7]
    Time: 0.760000
    HumanoidRootPart.CFrame = CFrame.new(0, 0, 0, 1, 0, 0, 0, 1, 0, 0, 0, 1)
    Torso.CFrame = CFrame.new(-0.148207, -0.335031, -0.282203, 0.918899, 0.373282, -0.127614, -0.394288, 0.879469, -0.266593, 0.0127187, 0.295289, 0.955323)
    Left Leg.CFrame = CFrame.new(-0.630127, 0.283731, -0.0349485, 0.996319, -0.0683023, -0.051808, 0.068183, 0.997665, -0.00406904, 0.0519649, 0.000521563, 0.998649)
    Right Arm.CFrame = CFrame.new(0.640923, -0.451283, -0.879064, -0.376454, -0.497846, 0.781301, 0.679377, 0.425021, 0.598167, -0.629865, 0.75598, 0.178225)
    Head.CFrame = CFrame.new(1.00583e-07, -1.3411e-07, 0.016662, 0.924223, -0.355553, -0.139261, 0.374894, 0.914193, 0.153969, 0.072567, -0.19451, 0.978213)
    Right Leg.CFrame = CFrame.new(0.599322, 0.278899, 0.0264486, 0.993066, 0.105415, -0.0520278, -0.105306, 0.994428, 0.00483605, 0.0522477, 0.000676293, 0.998634)
    Left Arm.CFrame = CFrame.new(-0.494011, -0.452704, -0.81904, -0.306205, 0.298552, -0.903939, -0.687076, 0.58793, 0.426925, 0.658912, 0.751801, 0.0250999)

[8]
    Time: 0.880000
    HumanoidRootPart.CFrame = CFrame.new(0, 0, 0, 1, 0, 0, 0, 1, 0, 0, 0, 1)
    Torso.CFrame = CFrame.new(-0.116551, -0.268511, -0.169677, 0.937402, 0.328256, -0.116296, -0.345193, 0.919972, -0.185723, 0.0460247, 0.214242, 0.975696)
    Left Leg.CFrame = CFrame.new(-0.511931, 0.136529, -0.0524361, 0.992898, -0.0405618, -0.111842, 0.0361425, 0.998494, -0.0412626, 0.113348, 0.0369273, 0.992869)
    Right Arm.CFrame = CFrame.new(0.641946, -0.434468, -0.867289, -0.367395, -0.478141, 0.797748, 0.726968, 0.387372, 0.566975, -0.580119, 0.788241, 0.205274)
    Head.CFrame = CFrame.new(1.41561e-07, -1.63913e-07, 0.0166619, 0.95276, -0.29874, -0.0547944, 0.302994, 0.947373, 0.103339, 0.0210395, -0.115059, 0.993136)
    Right Leg.CFrame = CFrame.new(0.481387, 0.183501, 0.0457755, 0.983759, 0.139772, -0.112613, -0.135452, 0.989754, 0.0451717, 0.117773, -0.0291843, 0.992612)
    Left Arm.CFrame = CFrame.new(-0.482226, -0.433282, -0.798082, -0.338111, 0.302638, -0.891118, -0.728286, 0.515572, 0.451425, 0.596054, 0.801621, 0.0460858)

[9]
    Time: 1.000000
    HumanoidRootPart.CFrame = CFrame.new(0, 0, 0, 1, 0, 0, 0, 1, 0, 0, 0, 1)
    Torso.CFrame = CFrame.new(-0.106054, -0.253617, -0.133629, 0.939349, 0.326961, -0.103535, -0.340504, 0.925182, -0.167616, 0.0409844, 0.192704, 0.980401)
    Left Leg.CFrame = CFrame.new(-0.457902, 0.103286, -0.0494441, 0.992955, -0.0294867, -0.114763, 0.0253787, 0.99899, -0.0370928, 0.115741, 0.033919, 0.9927)
    Right Arm.CFrame = CFrame.new(0.641946, -0.434468, -0.867289, -0.367395, -0.478141, 0.797748, 0.726968, 0.387372, 0.566975, -0.580119, 0.788241, 0.205274)
    Head.CFrame = CFrame.new(1.11759e-07, 1.49012e-08, 0.0166619, 0.953783, -0.294371, -0.0603667, 0.298646, 0.950848, 0.081851, 0.033305, -0.0960964, 0.994815)
    Right Leg.CFrame = CFrame.new(0.423942, 0.14423, 0.0429466, 0.984742, 0.130208, -0.115452, -0.126243, 0.99115, 0.041045, 0.119775, -0.0258437, 0.992465)
    Left Arm.CFrame = CFrame.new(-0.482226, -0.433282, -0.798082, -0.338111, 0.302638, -0.891118, -0.728286, 0.515572, 0.451425, 0.596054, 0.801621, 0.0460859)

[10]
    Time: 1.120000
    HumanoidRootPart.CFrame = CFrame.new(0, 0, 0, 1, 0, 0, 0, 1, 0, 0, 0, 1)
    Torso.CFrame = CFrame.new(-0.0928403, -0.19382, -0.1236, 0.929668, 0.360509, -0.0758276, -0.366638, 0.925509, -0.09492, 0.0359596, 0.116045, 0.992593)
    Left Leg.CFrame = CFrame.new(-0.46237, 0.0647957, -0.0377769, 0.988121, -0.129284, -0.0830763, 0.126234, 0.991153, -0.0409963, 0.0876415, 0.0300222, 0.9957)
    Right Arm.CFrame = CFrame.new(0.674272, -0.437192, -0.789866, -0.565026, -0.472546, 0.676348, 0.633603, 0.276556, 0.72254, -0.528481, 0.83679, 0.143145)
    Head.CFrame = CFrame.new(6.70552e-08, 3.72529e-09, 0.016662, 0.925102, -0.37703, -0.0451086, 0.377339, 0.926073, -0.00178038, 0.0424451, -0.0153742, 0.998981)
    Right Leg.CFrame = CFrame.new(0.44886, 0.105605, 0.0309819, 0.974477, 0.208461, -0.0833014, -0.205447, 0.977708, 0.0433428, 0.0904798, -0.0251225, 0.995581)
    Left Arm.CFrame = CFrame.new(-0.479906, -0.824441, -0.587129, -0.476899, 0.289385, -0.829954, -0.841865, 0.121028, 0.525942, 0.252647, 0.949531, 0.185905)

[11]
    Time: 1.200000
    HumanoidRootPart.CFrame = CFrame.new(0, 0, 0, 1, 0, 0, 0, 1, 0, 0, 0, 1)
    Torso.CFrame = CFrame.new(0.17571, 0.170783, -0.322882, 0.853157, -0.521557, 0.010037, 0.521612, 0.853175, -0.00374284, -0.00661123, 0.00842866, 0.999943)
    Left Leg.CFrame = CFrame.new(-0.521116, 0.311267, -0.0448108, 0.985988, 0.143265, -0.0854596, -0.144368, 0.989501, -0.00682851, 0.0835838, 0.0190704, 0.996318)
    Right Arm.CFrame = CFrame.new(0.225382, 0.398576, 0.20473, -0.177937, -0.934347, -0.308762, 0.964969, -0.227153, 0.131285, -0.192802, -0.274585, 0.942035)
    Head.CFrame = CFrame.new(8.75443e-08, 5.58794e-09, 0.0166627, 0.965187, 0.261382, 0.00963769, -0.259558, 0.961701, -0.0880966, -0.0322954, 0.082528, 0.996065)
    Right Leg.CFrame = CFrame.new(-0.0481025, 0.0702258, 0.334833, 0.340914, 0.466802, -0.816011, -0.538621, 0.808404, 0.237424, 0.770496, 0.358579, 0.527026)
    Left Arm.CFrame = CFrame.new(0.177671, -0.137678, 0.965733, -0.271773, 0.877724, 0.394639, 0.0633459, -0.392869, 0.91741, 0.960274, 0.274326, 0.0511706)

[12]
    Time: 1.360000
    HumanoidRootPart.CFrame = CFrame.new(0, 0, 0, 1, 0, 0, 0, 1, 0, 0, 0, 1)
    Torso.CFrame = CFrame.new(0.134586, 0.223731, -0.254517, 0.878787, -0.477102, 0.0103642, 0.475697, 0.877517, 0.0606277, -0.0380203, -0.0483487, 0.998107)
    Left Leg.CFrame = CFrame.new(-0.455973, 0.253312, -0.03181, 0.993424, 0.108764, -0.0357571, -0.107001, 0.9931, 0.0479834, 0.0407292, -0.0438418, 0.998208)
    Right Arm.CFrame = CFrame.new(0.231827, 0.497337, 0.208257, -0.278261, -0.925753, -0.256032, 0.935148, -0.321958, 0.147788, -0.219247, -0.198305, 0.955304)
    Head.CFrame = CFrame.new(7.45058e-08, -2.61352e-08, 0.0166618, 0.995811, 0.0912662, -0.00553153, -0.0914324, 0.993646, -0.065635, -0.000493879, 0.0658658, 0.997828)
    Right Leg.CFrame = CFrame.new(-0.0737363, 0.0235788, 0.246392, 0.397767, 0.476837, -0.783842, -0.537648, 0.81342, 0.221996, 0.743449, 0.333128, 0.579922)
    Left Arm.CFrame = CFrame.new(0.399363, -0.176336, 0.992628, -0.119447, 0.879643, 0.460391, 0.114322, -0.448442, 0.886471, 0.986237, 0.158519, -0.0469973)

[13]
    Time: 1.480000
    HumanoidRootPart.CFrame = CFrame.new(0, 0, 0, 1, 0, 0, 0, 1, 0, 0, 0, 1)
    Torso.CFrame = CFrame.new(0.158113, 0.247959, -0.237155, 0.884951, -0.46567, -0.00372422, 0.464077, 0.881203, 0.0900815, -0.0386665, -0.081446, 0.995927)
    Left Leg.CFrame = CFrame.new(-0.449041, 0.214192, -0.0201237, 0.997705, 0.063918, -0.0223262, -0.0632541, 0.997568, 0.029274, 0.024143, -0.0277946, 0.999322)
    Right Arm.CFrame = CFrame.new(0.239526, 0.552988, 0.206062, -0.319279, -0.910541, -0.262633, 0.916569, -0.367115, 0.158517, -0.240753, -0.19011, 0.951786)
    Head.CFrame = CFrame.new(8.9407e-08, -2.98023e-08, 0.0166619, 0.996667, 0.0797247, 0.0172735, -0.0786866, 0.995426, -0.0541739, -0.0215135, 0.0526341, 0.998382)
    Right Leg.CFrame = CFrame.new(-0.0834958, 0.0403523, 0.215099, 0.400958, 0.50467, -0.764553, -0.523221, 0.81122, 0.261079, 0.751979, 0.295348, 0.589319)
    Left Arm.CFrame = CFrame.new(0.593724, -0.192382, 0.967777, -0.0825425, 0.884305, 0.459555, 0.117472, -0.44928, 0.885634, 0.98964, 0.127087, -0.0667963)

[14]
    Time: 1.600000
    HumanoidRootPart.CFrame = CFrame.new(0, 0, 0, 1, 0, 0, 0, 1, 0, 0, 0, 1)
    Torso.CFrame = CFrame.new(0.161177, 0.247959, -0.217236, 0.884951, -0.46567, -0.00372422, 0.464077, 0.881203, 0.0900815, -0.0386665, -0.081446, 0.995927)
    Left Leg.CFrame = CFrame.new(-0.415957, 0.191895, -0.0183882, 0.99658, 0.0796054, -0.022169, -0.0789816, 0.996491, 0.0277228, 0.024298, -0.025877, 0.99937)
    Right Arm.CFrame = CFrame.new(0.239628, 0.552688, 0.206151, -0.328056, -0.907433, -0.262573, 0.912799, -0.376078, 0.15926, -0.243266, -0.18743, 0.951678)
    Head.CFrame = CFrame.new(7.45058e-08, -3.72529e-08, 0.0166621, 0.996725, 0.0800021, 0.0117448, -0.0793018, 0.99553, -0.0512859, -0.0157953, 0.0501866, 0.998615)
    Right Leg.CFrame = CFrame.new(-0.105857, 0.0439129, 0.184449, 0.412995, 0.494465, -0.764813, -0.504179, 0.823486, 0.260143, 0.758445, 0.278165, 0.589395)
    Left Arm.CFrame = CFrame.new(0.593724, -0.192381, 0.967777, -0.0825425, 0.884305, 0.459555, 0.117472, -0.44928, 0.885634, 0.98964, 0.127087, -0.0667963)

[15]
    Time: 1.720000
    HumanoidRootPart.CFrame = CFrame.new(0, 0, 0, 1, 0, 0, 0, 1, 0, 0, 0, 1)
    Torso.CFrame = CFrame.new(0.158395, 0.199769, -0.214314, 0.950265, -0.311363, -0.00710636, 0.311429, 0.949747, 0.0314959, -0.00305738, -0.0321425, 0.999479)
    Left Leg.CFrame = CFrame.new(-0.345489, 0.192245, 0.0526177, 0.986344, 0.0761206, 0.14605, -0.0767051, 0.997052, -0.00163367, -0.145744, -0.00959141, 0.989276)
    Right Arm.CFrame = CFrame.new(0.239605, 0.561306, 0.200761, -0.10057, -0.925763, -0.364484, 0.989206, -0.13228, 0.0630356, -0.10657, -0.35421, 0.929074)
    Head.CFrame = CFrame.new(1.04308e-07, 1.11759e-08, 0.0166618, 0.999119, 0.0316518, -0.0275503, -0.0341006, 0.995035, -0.0934987, 0.0244541, 0.0943558, 0.995238)
    Right Leg.CFrame = CFrame.new(0.0692355, 0.0598884, 0.248779, 0.565049, 0.473449, -0.675697, -0.473374, 0.856798, 0.204485, 0.675749, 0.204313, 0.708251)
    Left Arm.CFrame = CFrame.new(0.355723, -0.175744, 0.889919, -0.0825425, 0.884305, 0.459555, 0.117472, -0.44928, 0.885634, 0.98964, 0.127087, -0.0667963)

[16]
    Time: 1.840000
    HumanoidRootPart.CFrame = CFrame.new(0, 0, 0, 1, 0, 0, 0, 1, 0, 0, 0, 1)
    Torso.CFrame = CFrame.new(0.149501, -0.26066, -0.221843, 0.727588, 0.638536, -0.250775, -0.68599, 0.680279, -0.258143, 0.00576316, 0.35985, 0.932992)
    Left Leg.CFrame = CFrame.new(0.294854, -0.00898278, 0.159942, 0.39057, 0.166508, 0.905389, 0.165681, 0.954732, -0.247054, -0.905541, 0.246498, 0.345303)
    Right Arm.CFrame = CFrame.new(-0.334143, -0.454974, 0.30881, -0.680671, -0.732256, 0.0220953, 0.714709, -0.657133, 0.239516, -0.160867, 0.178823, 0.970641)
    Head.CFrame = CFrame.new(5.7742e-08, 1.78814e-07, 0.0166626, 0.928153, -0.3393, -0.152998, 0.356791, 0.928133, 0.106156, 0.105984, -0.153118, 0.982508)
    Right Leg.CFrame = CFrame.new(0.0820426, 0.278993, 0.0975424, 0.839547, -0.30072, -0.45247, 0.337653, 0.94127, 0.000921689, 0.425619, -0.153552, 0.891779)
    Left Arm.CFrame = CFrame.new(-0.476449, 0.409048, 0.823308, 0.684497, 0.637428, 0.353764, -0.198767, -0.303696, 0.931805, 0.701395, -0.708135, -0.0811793)

[17]
    Time: 2.000000
    HumanoidRootPart.CFrame = CFrame.new(0, 0, 0, 1, 0, 0, 0, 1, 0, 0, 0, 1)
    Torso.CFrame = CFrame.new(0.135359, -0.290058, -0.204509, 0.677583, 0.68489, -0.267967, -0.735333, 0.637286, -0.230547, 0.0128728, 0.35326, 0.935437)
    Left Leg.CFrame = CFrame.new(0.345531, -0.0439267, 0.0884262, 0.324638, 0.146585, 0.934411, 0.204707, 0.953614, -0.220717, -0.92342, 0.262933, 0.279572)
    Right Arm.CFrame = CFrame.new(-0.334143, -0.454974, 0.30881, -0.680671, -0.732256, 0.0220952, 0.714709, -0.657133, 0.239515, -0.160867, 0.178823, 0.970641)
    Head.CFrame = CFrame.new(1.08033e-07, 1.04308e-07, 0.0166625, 0.905887, -0.377008, -0.192961, 0.38759, 0.921638, 0.0189045, 0.170713, -0.091915, 0.981024)
    Right Leg.CFrame = CFrame.new(0.0317275, 0.248374, 0.0807177, 0.815598, -0.330555, -0.474904, 0.375693, 0.926744, 0.000156581, 0.440063, -0.178546, 0.880037)
    Left Arm.CFrame = CFrame.new(-0.479886, 0.405474, 0.818058, 0.709635, 0.602724, 0.364887, -0.207787, -0.315824, 0.925786, 0.673234, -0.732789, -0.0988814)

[18]
    Time: 2.120000
    HumanoidRootPart.CFrame = CFrame.new(0, 0, 0, 1, 0, 0, 0, 1, 0, 0, 0, 1)
    Torso.CFrame = CFrame.new(0.130075, -0.284177, -0.204614, 0.656229, 0.702903, -0.274391, -0.754461, 0.617157, -0.223396, 0.0123166, 0.353616, 0.935309)
    Left Leg.CFrame = CFrame.new(0.362371, -0.0481733, 0.074677, 0.297797, 0.146808, 0.943273, 0.214911, 0.95243, -0.216082, -0.930124, 0.267068, 0.25208)
    Right Arm.CFrame = CFrame.new(-0.334143, -0.454975, 0.30881, -0.680671, -0.732256, 0.0220951, 0.714709, -0.657133, 0.239515, -0.160867, 0.178823, 0.970641)
    Head.CFrame = CFrame.new(1.2666e-07, -2.23517e-08, 0.0166618, 0.907687, -0.363275, -0.210082, 0.36937, 0.929219, -0.0109, 0.199172, -0.0677042, 0.977623)
    Right Leg.CFrame = CFrame.new(0.0409425, 0.249429, 0.0744343, 0.82315, -0.345992, -0.450237, 0.390327, 0.920656, 0.00612529, 0.412394, -0.180782, 0.892888)
    Left Arm.CFrame = CFrame.new(-0.505112, 0.412162, 0.793969, 0.683247, 0.588874, 0.431742, -0.290124, -0.323664, 0.900594, 0.670076, -0.740586, -0.050296)

[19]
    Time: 2.280000
    HumanoidRootPart.CFrame = CFrame.new(0, 0, 0, 1, 0, 0, 0, 1, 0, 0, 0, 1)
    Torso.CFrame = CFrame.new(0.128798, -0.284177, -0.177799, 0.656229, 0.702903, -0.274391, -0.754461, 0.617157, -0.223396, 0.0123166, 0.353616, 0.935309)
    Left Leg.CFrame = CFrame.new(0.375163, -0.0612552, 0.0157303, 0.292979, 0.158039, 0.942967, 0.182511, 0.958865, -0.217409, -0.938538, 0.235798, 0.252084)
    Right Arm.CFrame = CFrame.new(-0.334143, -0.454974, 0.30881, -0.680671, -0.732256, 0.0220951, 0.714709, -0.657133, 0.239515, -0.160867, 0.178823, 0.970641)
    Head.CFrame = CFrame.new(1.11759e-07, 1.49012e-08, 0.0166624, 0.892251, -0.396874, -0.215357, 0.405694, 0.914002, -0.00353914, 0.198241, -0.0842111, 0.976529)
    Right Leg.CFrame = CFrame.new(-0.00535108, 0.197349, 0.0517648, 0.810821, -0.374792, -0.449554, 0.421284, 0.906921, 0.00373563, 0.40631, -0.192419, 0.893245)
    Left Arm.CFrame = CFrame.new(-0.503468, 0.411332, 0.795807, 0.630438, 0.639876, 0.43944, -0.27069, -0.349351, 0.89704, 0.727513, -0.68448, -0.0470365)

[20]
    Time: 2.400000
    HumanoidRootPart.CFrame = CFrame.new(0, 0, 0, 1, 0, 0, 0, 1, 0, 0, 0, 1)
    Torso.CFrame = CFrame.new(0.147115, -0.282667, -0.172303, 0.728242, 0.637258, -0.252123, -0.68448, 0.694549, -0.221561, 0.0339204, 0.333923, 0.94199)
    Left Leg.CFrame = CFrame.new(0.322879, -0.0572451, 0.0446467, 0.387298, 0.143286, 0.910752, 0.16139, 0.962059, -0.219989, -0.907719, 0.232187, 0.349479)
    Right Arm.CFrame = CFrame.new(-0.334143, -0.454974, 0.30881, -0.680671, -0.732256, 0.022095, 0.714709, -0.657133, 0.239515, -0.160867, 0.178823, 0.970641)
    Head.CFrame = CFrame.new(1.63913e-07, 4.47035e-08, 0.0166621, 0.901682, -0.422832, -0.0904615, 0.430758, 0.896595, 0.102783, 0.0376477, -0.131644, 0.990582)
    Right Leg.CFrame = CFrame.new(-0.0178463, 0.227587, 0.0747776, 0.790334, -0.287194, -0.541195, 0.349763, 0.936738, 0.0136809, 0.503029, -0.200103, 0.840786)
    Left Arm.CFrame = CFrame.new(-0.215523, 0.170196, 0.463038, 0.588415, 0.730118, 0.347413, -0.26141, -0.234813, 0.936231, 0.765135, -0.64171, 0.0526931)

[21]
    Time: 2.520000
    HumanoidRootPart.CFrame = CFrame.new(0, 0, 0, 1, 0, 0, 0, 1, 0, 0, 0, 1)
    Torso.CFrame = CFrame.new(-0.0656354, 0.226857, -0.305609, 0.90137, 0.433027, -0.0044364, -0.431247, 0.898504, 0.0819516, 0.0394734, -0.0719555, 0.996626)
    Left Leg.CFrame = CFrame.new(-0.723806, 0.146132, -0.0168715, 0.929027, -0.369839, -0.0113069, 0.370008, 0.928443, 0.0329846, -0.00170125, -0.0348272, 0.999392)
    Right Arm.CFrame = CFrame.new(0.132832, 0.627359, 0.265604, -0.0428381, -0.672718, -0.738658, 0.394572, -0.690627, 0.606091, -0.917866, -0.26549, 0.295021)
    Head.CFrame = CFrame.new(1.04308e-07, -1.11759e-08, 0.0166621, 0.969097, -0.230851, -0.0869437, 0.212713, 0.96051, -0.179371, 0.124918, 0.155334, 0.979932)
    Right Leg.CFrame = CFrame.new(0.759192, 0.130396, 0.00945055, 0.917805, 0.396868, -0.0114241, -0.39702, 0.91717, -0.0342822, -0.00312756, 0.036, 0.999347)
    Left Arm.CFrame = CFrame.new(-0.132832, 0.627359, 0.265604, -0.0428375, 0.672718, 0.738658, -0.394573, -0.690627, 0.606091, 0.917866, -0.265491, 0.295021)
