[1]
    Time: 0.000000
    HumanoidRootPart.CFrame = CFrame.new(0, 0, 0, 1, 0, 0, 0, 1, 0, 0, 0, 1)
    Torso.CFrame = CFrame.new(-0.588681, 0.0755612, -0.161256, -0.342529, 0.822721, -0.453657, -0.936241, -0.339138, 0.0918611, -0.0782761, 0.456197, 0.886429)
    Head.CFrame = CFrame.new(7.82311e-08, -1.04308e-07, 0.0166621, -0.0992751, -0.992159, -0.0759276, 0.889553, -0.122684, 0.440051, -0.445915, -0.0238556, 0.894757)
    Left Leg.CFrame = CFrame.new(-0.701528, 0.38508, 0.126524, 0.919332, 0.0787053, 0.385532, -0.0882844, 0.996069, 0.00717655, -0.383452, -0.0406341, 0.922667)
    Right Arm.CFrame = CFrame.new(-0.755799, -0.308451, 0.00279877, 0.952373, -0.0126024, -0.304674, -0.0126014, 0.996666, -0.0806155, 0.304674, 0.0806153, 0.949039)
    Right Leg.CFrame = CFrame.new(1.19028, 0.421457, -0.151935, 0.87182, 0.360045, 0.332111, -0.370334, 0.928269, -0.0341902, -0.320599, -0.0931843, 0.94262)
    Left Arm.CFrame = CFrame.new(-0.547192, 0.0271774, 0.0115153, -0.947522, 0.230558, -0.22146, -0.289998, -0.91143, 0.291885, -0.134549, 0.340791, 0.930461)

[2]
    Time: 0.033333
    HumanoidRootPart.CFrame = CFrame.new(0, 0, 0, 1, 0, 0, 0, 1, 0, 0, 0, 1)
    Torso.CFrame = CFrame.new(-0.584373, 0.0764929, -0.135881, -0.342284, 0.823587, -0.452268, -0.93649, -0.33814, 0.0929939, -0.0763411, 0.455374, 0.887021)
    Head.CFrame = CFrame.new(1.8999e-07, -7.45058e-08, 0.0166621, -0.0959388, -0.991814, -0.0842616, 0.875418, -0.124363, 0.467094, -0.47375, -0.0289518, 0.880183)
    Left Leg.CFrame = CFrame.new(-0.686535, 0.355172, 0.120163, 0.921157, 0.0623864, 0.384157, -0.0698367, 0.997544, 0.00546013, -0.382873, -0.0318579, 0.923251)
    Right Arm.CFrame = CFrame.new(-0.755819, -0.30845, 0.00279912, 0.952381, -0.0131989, -0.304626, -0.0120313, 0.996658, -0.0807979, 0.304674, 0.0806151, 0.949039)
    Right Leg.CFrame = CFrame.new(1.31995, 0.404844, -0.198871, 0.829817, 0.447913, 0.332832, -0.46274, 0.885671, -0.038198, -0.311889, -0.122317, 0.942212)
    Left Arm.CFrame = CFrame.new(-0.549609, 0.0266057, 0.011553, -0.964434, 0.159328, -0.210906, -0.219953, -0.926251, 0.306071, -0.146586, 0.341575, 0.928353)

[3]
    Time: 0.066667
    HumanoidRootPart.CFrame = CFrame.new(0, 0, 0, 1, 0, 0, 0, 1, 0, 0, 0, 1)
    Torso.CFrame = CFrame.new(-0.566692, 0.0782132, -0.0758121, -0.341057, 0.826861, -0.447193, -0.937337, -0.3352, 0.0950852, -0.0712771, 0.4516, 0.889369)
    Head.CFrame = CFrame.new(1.52737e-07, 2.08616e-07, 0.0166617, -0.092132, -0.991849, -0.0880228, 0.865543, -0.123475, 0.485375, -0.492287, -0.0314692, 0.869864)
    Left Leg.CFrame = CFrame.new(-0.659873, 0.321678, 0.10799, 0.923157, 0.0574233, 0.380111, -0.0629126, 0.998017, 0.00202269, -0.379241, -0.025781, 0.924939)
    Right Arm.CFrame = CFrame.new(-0.755938, -0.308446, 0.00279874, 0.952418, -0.0167569, -0.304335, -0.00863123, 0.996604, -0.0818848, 0.304674, 0.0806152, 0.949039)
    Right Leg.CFrame = CFrame.new(1.41414, 0.385673, -0.234158, 0.785977, 0.520142, 0.334205, -0.53889, 0.841326, -0.0420521, -0.303048, -0.147048, 0.941562)
    Left Arm.CFrame = CFrame.new(-0.551451, 0.026292, 0.0115605, -0.973755, 0.105258, -0.201794, -0.166495, -0.933948, 0.316261, -0.155176, 0.341558, 0.926962)

[4]
    Time: 0.100000
    HumanoidRootPart.CFrame = CFrame.new(0, 0, 0, 1, 0, 0, 0, 1, 0, 0, 0, 1)
    Torso.CFrame = CFrame.new(-0.527149, 0.0797114, 0.00848016, -0.338017, 0.833769, -0.436547, -0.939013, -0.329946, 0.0969066, -0.0632392, 0.442679, 0.894447)
    Head.CFrame = CFrame.new(1.75089e-07, 0, 0.0166619, -0.0871996, -0.992353, -0.0873641, 0.861246, -0.119171, 0.494017, -0.50065, -0.0321641, 0.865052)
    Left Leg.CFrame = CFrame.new(-0.625698, 0.287216, 0.0915413, 0.926101, 0.0577567, 0.372829, -0.0615248, 0.998104, -0.00179418, -0.372226, -0.0212766, 0.927898)
    Right Arm.CFrame = CFrame.new(-0.756247, -0.308436, 0.00279865, 0.952457, -0.0259705, -0.303565, 0.000174846, 0.996407, -0.0846951, 0.304674, 0.0806153, 0.949039)
    Right Leg.CFrame = CFrame.new(1.48173, 0.360428, -0.259933, 0.740711, 0.582654, 0.334457, -0.604587, 0.79519, -0.0463328, -0.292953, -0.167889, 0.941271)
    Left Arm.CFrame = CFrame.new(-0.552778, 0.0261297, 0.0115539, -0.978769, 0.0665297, -0.193867, -0.127775, -0.937621, 0.323328, -0.160263, 0.341235, 0.926215)

[5]
    Time: 0.133333
    HumanoidRootPart.CFrame = CFrame.new(0, 0, 0, 1, 0, 0, 0, 1, 0, 0, 0, 1)
    Torso.CFrame = CFrame.new(-0.457178, 0.0800555, 0.106385, -0.332246, 0.845339, -0.418348, -0.941735, -0.321967, 0.0973249, -0.0524217, 0.426308, 0.903058)
    Head.CFrame = CFrame.new(1.41561e-07, -1.49012e-08, 0.0166622, -0.0802772, -0.993358, -0.0824292, 0.863544, -0.110612, 0.491993, -0.497843, -0.0316855, 0.866688)
    Left Leg.CFrame = CFrame.new(-0.588145, 0.254138, 0.0727564, 0.930516, 0.0572742, 0.361745, -0.0595768, 0.998212, -0.00479482, -0.361373, -0.01709, 0.932265)
    Right Arm.CFrame = CFrame.new(-0.756837, -0.308426, 0.00279874, 0.952305, -0.0435369, -0.302025, 0.0169703, 0.995794, -0.0900349, 0.304674, 0.0806152, 0.949039)
    Right Leg.CFrame = CFrame.new(1.52533, 0.327655, -0.275603, 0.695029, 0.637853, 0.331779, -0.661869, 0.747865, -0.0512687, -0.280828, -0.183961, 0.941963)
    Left Arm.CFrame = CFrame.new(-0.553669, 0.0260508, 0.0115435, -0.981588, 0.0408638, -0.18659, -0.10145, -0.939213, 0.328005, -0.161844, 0.340895, 0.926065)

[6]
    Time: 0.166667
    HumanoidRootPart.CFrame = CFrame.new(0, 0, 0, 1, 0, 0, 0, 1, 0, 0, 0, 1)
    Torso.CFrame = CFrame.new(-0.348014, 0.078422, 0.20705, -0.322676, 0.86226, -0.390369, -0.945702, -0.310739, 0.095339, -0.0390961, 0.399936, 0.915709)
    Head.CFrame = CFrame.new(1.93715e-07, -1.19209e-07, 0.0166619, -0.0702776, -0.994824, -0.0733947, 0.873028, -0.0969343, 0.477939, -0.48258, -0.0304873, 0.875321)
    Left Leg.CFrame = CFrame.new(-0.553513, 0.225311, 0.0546034, 0.936893, 0.0487206, 0.346206, -0.0497134, 0.998745, -0.00601752, -0.346065, -0.0115733, 0.938139)
    Right Arm.CFrame = CFrame.new(-0.7578, -0.308432, 0.00279877, 0.951424, -0.0721433, -0.299312, 0.0443377, 0.994131, -0.0986797, 0.304674, 0.0806153, 0.949039)
    Right Leg.CFrame = CFrame.new(1.545, 0.287718, -0.279551, 0.650495, 0.686775, 0.324339, -0.711373, 0.700531, -0.0566164, -0.266092, -0.193898, 0.944245)
    Left Arm.CFrame = CFrame.new(-0.554209, 0.0260137, 0.011534, -0.983464, 0.0258087, -0.179256, -0.0849793, -0.939827, 0.330913, -0.159929, 0.340673, 0.926479)

[7]
    Time: 0.200000
    HumanoidRootPart.CFrame = CFrame.new(0, 0, 0, 1, 0, 0, 0, 1, 0, 0, 0, 1)
    Torso.CFrame = CFrame.new(-0.190541, 0.0741275, 0.299219, -0.308036, 0.88467, -0.349961, -0.95108, -0.29551, 0.0901181, -0.023692, 0.3606, 0.93242)
    Head.CFrame = CFrame.new(1.86265e-07, -8.9407e-08, 0.0166622, -0.0558645, -0.996601, -0.0605421, 0.889705, -0.0772067, 0.449959, -0.453104, -0.028728, 0.890994)
    Left Leg.CFrame = CFrame.new(-0.532278, 0.203557, 0.0412109, 0.945312, 0.0227686, 0.325371, -0.0224175, 0.999737, -0.00482847, -0.325396, -0.00272957, 0.945574)
    Right Arm.CFrame = CFrame.new(-0.759224, -0.308491, 0.00279889, 0.948673, -0.114411, -0.294838, 0.0848119, 0.990157, -0.111336, 0.304674, 0.0806152, 0.949039)
    Right Leg.CFrame = CFrame.new(1.53914, 0.242984, -0.269935, 0.609182, 0.729787, 0.310335, -0.753186, 0.654916, -0.0616155, -0.24821, -0.196205, 0.948628)
    Left Arm.CFrame = CFrame.new(-0.554485, 0.0259981, 0.0115258, -0.985081, 0.0188685, -0.171055, -0.0757594, -0.940022, 0.332596, -0.15452, 0.340592, 0.927427)

[8]
    Time: 0.233333
    HumanoidRootPart.CFrame = CFrame.new(0, 0, 0, 1, 0, 0, 0, 1, 0, 0, 0, 1)
    Torso.CFrame = CFrame.new(0.0248661, 0.0666836, 0.370979, -0.286782, 0.911814, -0.293855, -0.957971, -0.275173, 0.0810685, -0.00694134, 0.304753, 0.952406)
    Head.CFrame = CFrame.new(2.16067e-07, 4.47035e-07, 0.0166622, -0.0354167, -0.998387, -0.0443734, 0.912734, -0.0503979, 0.405435, -0.407017, -0.0261421, 0.913046)
    Left Leg.CFrame = CFrame.new(-0.541601, 0.18991, 0.0374799, 0.953951, -0.0331261, 0.298126, 0.0350316, 0.999386, -0.00104853, -0.297909, 0.0114441, 0.954526)
    Right Arm.CFrame = CFrame.new(-0.761195, -0.308673, 0.00279874, 0.942002, -0.172735, -0.287742, 0.140736, 0.981664, -0.128568, 0.304674, 0.0806153, 0.949039)
    Right Leg.CFrame = CFrame.new(1.50428, 0.198078, -0.245192, 0.573684, 0.76674, 0.288091, -0.78711, 0.613372, -0.0650616, -0.226592, -0.189434, 0.95539)
    Left Arm.CFrame = CFrame.new(-0.554586, 0.0259918, 0.0115179, -0.986779, 0.0175456, -0.161117, -0.0711747, -0.940043, 0.333547, -0.145604, 0.340605, 0.928864)

[9]
    Time: 0.283333
    HumanoidRootPart.CFrame = CFrame.new(0, 0, 0, 1, 0, 0, 0, 1, 0, 0, 0, 1)
    Torso.CFrame = CFrame.new(0.308432, 0.0559092, 0.40933, -0.257077, 0.94147, -0.218051, -0.96634, -0.248125, 0.06797, 0.00988758, 0.228185, 0.973568)
    Head.CFrame = CFrame.new(2.32831e-07, -1.3411e-07, 0.0166621, -0.00702355, -0.999642, -0.0258032, 0.939977, -0.0154035, 0.340891, -0.341166, -0.0218603, 0.939749)
    Left Leg.CFrame = CFrame.new(-0.594801, 0.178936, 0.0440539, 0.956147, -0.128791, 0.26305, 0.132178, 0.991214, 0.00485496, -0.261364, 0.0301274, 0.96477)
    Right Arm.CFrame = CFrame.new(-0.76378, -0.309093, 0.0027988, 0.928117, -0.248947, -0.276811, 0.213945, 0.965156, -0.150668, 0.304674, 0.0806154, 0.949039)
    Right Leg.CFrame = CFrame.new(1.43399, 0.16083, -0.204623, 0.54732, 0.796754, 0.256171, -0.812538, 0.579218, -0.0654865, -0.200555, -0.172306, 0.964411)
    Left Arm.CFrame = CFrame.new(-0.554599, 0.0259895, 0.0115087, -0.988717, 0.0193459, -0.14854, -0.0686047, -0.939994, 0.334223, -0.133161, 0.340642, 0.930715)

[10]
    Time: 0.316667
    HumanoidRootPart.CFrame = CFrame.new(0, 0, 0, 1, 0, 0, 0, 1, 0, 0, 0, 1)
    Torso.CFrame = CFrame.new(0.629604, 0.0203765, 0.303623, -0.117925, 0.99185, -0.0482426, -0.992842, -0.116838, 0.0247722, 0.0189337, 0.0508185, 0.998528)
    Head.CFrame = CFrame.new(1.37064e-07, -3.72529e-08, 0.016662, 0.114414, -0.993433, -0.000377718, 0.977226, 0.11248, 0.179937, -0.178713, -0.0209566, 0.983678)
    Left Leg.CFrame = CFrame.new(-0.82267, 0.209646, 0.0338058, 0.943007, -0.312487, 0.114405, 0.313327, 0.949581, 0.0110341, -0.112085, 0.025441, 0.993373)
    Right Arm.CFrame = CFrame.new(-0.459603, -0.264699, 0.00246084, 0.742807, -0.655915, -0.134212, 0.625024, 0.75123, -0.212131, 0.239964, 0.0736866, 0.967981)
    Right Leg.CFrame = CFrame.new(1.17794, 0.138577, -0.0777137, 0.604485, 0.786475, 0.12671, -0.789279, 0.612832, -0.0384303, -0.107876, -0.0767791, 0.991195)
    Left Arm.CFrame = CFrame.new(-0.301876, -0.0104895, 0.0101023, -0.864341, 0.460534, -0.202048, -0.499115, -0.834789, 0.232404, -0.0616377, 0.301722, 0.951401)

[11]
    Time: 0.350000
    HumanoidRootPart.CFrame = CFrame.new(0, 0, 0, 1, 0, 0, 0, 1, 0, 0, 0, 1)
    Torso.CFrame = CFrame.new(0.922282, -0.00121111, 0.0215648, 0.136495, 0.966935, 0.215422, -0.990137, 0.140098, -0.00147229, -0.0316037, -0.213096, 0.97652)
    Head.CFrame = CFrame.new(2.49594e-07, -5.96046e-08, 0.0166623, 0.331239, -0.943398, -0.0167458, 0.940317, 0.33152, -0.0768035, 0.0780079, 0.00969378, 0.996906)
    Left Leg.CFrame = CFrame.new(-1.14331, 0.262864, -0.0664696, 0.870259, -0.478731, -0.11604, 0.477665, 0.877691, -0.0386555, 0.120353, -0.021788, 0.992492)
    Right Arm.CFrame = CFrame.new(0.194854, -0.192883, 0.00605118, -0.265236, -0.942194, 0.204744, 0.958819, -0.280114, -0.0469284, 0.101567, 0.183865, 0.97769)
    Right Leg.CFrame = CFrame.new(0.493516, 0.32587, -0.0105108, 0.772385, 0.624929, -0.113512, -0.625803, 0.779316, 0.0322194, 0.108597, 0.0461504, 0.993014)
    Left Arm.CFrame = CFrame.new(0.20361, -0.0438576, 0.00140908, 0.66146, 0.749398, 0.0295452, -0.743679, 0.660489, -0.10342, -0.0970171, 0.0464358, 0.994199)

[12]
    Time: 0.383333
    HumanoidRootPart.CFrame = CFrame.new(0, 0, 0, 1, 0, 0, 0, 1, 0, 0, 0, 1)
    Torso.CFrame = CFrame.new(1.1, 0.0220068, -0.262223, 0.329403, 0.849302, 0.412529, -0.93631, 0.350154, 0.0267541, -0.121726, -0.395067, 0.910552)
    Head.CFrame = CFrame.new(2.01166e-07, -1.49012e-08, 0.0166616, 0.493171, -0.866388, -0.0784449, 0.826639, 0.494812, -0.268009, 0.271015, 0.0673287, 0.960217)
    Left Leg.CFrame = CFrame.new(-1.35826, 0.332459, -0.16681, 0.811561, -0.534803, -0.235274, 0.523335, 0.84443, -0.114273, 0.259786, -0.0303875, 0.965188)
    Right Arm.CFrame = CFrame.new(0.79385, -0.121707, 0.0108353, -0.91452, -0.33456, 0.227428, 0.387572, -0.885709, 0.255552, 0.115938, 0.321852, 0.939665)
    Right Leg.CFrame = CFrame.new(0.330742, 0.259059, -0.0391473, 0.673718, 0.673235, -0.304727, -0.676231, 0.727944, 0.113175, 0.298018, 0.129818, 0.945692)
    Left Arm.CFrame = CFrame.new(0.596679, -0.110015, 0.00215825, 0.87254, -0.394052, 0.288784, 0.39456, 0.916968, 0.0590883, -0.28809, 0.0623856, 0.955569)

[13]
    Time: 0.416667
    HumanoidRootPart.CFrame = CFrame.new(0, 0, 0, 1, 0, 0, 0, 1, 0, 0, 0, 1)
    Torso.CFrame = CFrame.new(1.12886, 0.0337862, -0.321391, 0.373924, 0.811702, 0.448687, -0.915929, 0.399233, 0.0410743, -0.14579, -0.426324, 0.892745)
    Head.CFrame = CFrame.new(9.68575e-08, -2.98023e-08, 0.0166624, 0.530614, -0.842085, -0.096654, 0.789445, 0.532491, -0.305336, 0.308586, 0.0857126, 0.947327)
    Left Leg.CFrame = CFrame.new(-1.50016, 0.392155, -0.194628, 0.803579, -0.546796, -0.235105, 0.5269, 0.837242, -0.146296, 0.276834, -0.00631597, 0.960897)
    Right Arm.CFrame = CFrame.new(0.924983, -0.1033, 0.0115174, -0.967529, -0.156275, 0.198662, 0.213084, -0.927045, 0.308518, 0.135954, 0.340832, 0.930242)
    Right Leg.CFrame = CFrame.new(0.294791, 0.248248, -0.0495557, 0.641411, 0.683609, -0.34824, -0.686229, 0.714173, 0.138007, 0.343047, 0.150453, 0.927191)
    Left Arm.CFrame = CFrame.new(0.684693, -0.129165, 0.0027858, 0.777067, -0.555483, 0.295981, 0.551033, 0.827646, 0.106609, -0.304187, 0.080253, 0.949226)

[14]
    Time: 0.450000
    HumanoidRootPart.CFrame = CFrame.new(0, 0, 0, 1, 0, 0, 0, 1, 0, 0, 0, 1)
    Torso.CFrame = CFrame.new(1.11959, 0.0436075, -0.269359, 0.384718, 0.808809, 0.44477, -0.912772, 0.405016, 0.0530143, -0.13726, -0.426369, 0.894074)
    Head.CFrame = CFrame.new(1.15484e-07, -7.45058e-08, 0.0166619, 0.53727, -0.83788, -0.0964272, 0.778085, 0.536525, -0.326688, 0.325461, 0.100491, 0.9402)
    Left Leg.CFrame = CFrame.new(-1.55986, 0.436959, -0.193441, 0.815064, -0.534057, -0.224617, 0.507303, 0.845124, -0.16855, 0.279845, 0.0234298, 0.959759)
    Right Arm.CFrame = CFrame.new(0.926125, -0.103499, 0.0115303, -0.973444, -0.122706, 0.193262, 0.179949, -0.931997, 0.314643, 0.141511, 0.341064, 0.929328)
    Right Leg.CFrame = CFrame.new(0.292584, 0.255089, -0.0518969, 0.636793, 0.685508, -0.35295, -0.68394, 0.713548, 0.151905, 0.355979, 0.144664, 0.923229)
    Left Arm.CFrame = CFrame.new(0.683926, -0.12976, 0.00275931, 0.761118, -0.579385, 0.29157, 0.573363, 0.811166, 0.115172, -0.303241, 0.0795156, 0.949591)

[15]
    Time: 0.483333
    HumanoidRootPart.CFrame = CFrame.new(0, 0, 0, 1, 0, 0, 0, 1, 0, 0, 0, 1)
    Torso.CFrame = CFrame.new(1.09124, 0.0588311, -0.175953, 0.394997, 0.808441, 0.436349, -0.910873, 0.406441, 0.0715218, -0.119529, -0.425709, 0.896931)
    Head.CFrame = CFrame.new(1.3411e-07, -1.63913e-07, 0.0166619, 0.541402, -0.835346, -0.0952979, 0.762468, 0.535584, -0.363033, 0.354298, 0.123885, 0.92689)
    Left Leg.CFrame = CFrame.new(-1.5653, 0.457982, -0.18774, 0.831341, -0.509566, -0.221844, 0.475505, 0.858795, -0.190701, 0.287693, 0.0530501, 0.956252)
    Right Arm.CFrame = CFrame.new(0.926936, -0.103617, 0.0115344, -0.977006, -0.0989218, 0.188875, 0.156301, -0.934809, 0.318909, 0.145015, 0.341097, 0.928775)
    Right Leg.CFrame = CFrame.new(0.29223, 0.264781, -0.0542298, 0.633251, 0.688308, -0.353873, -0.679451, 0.713357, 0.171661, 0.370593, 0.131735, 0.919406)
    Left Arm.CFrame = CFrame.new(0.683392, -0.130196, 0.00274193, 0.749349, -0.596079, 0.288384, 0.588958, 0.799026, 0.121184, -0.302662, 0.0790373, 0.949815)

[16]
    Time: 0.516667
    HumanoidRootPart.CFrame = CFrame.new(0, 0, 0, 1, 0, 0, 0, 1, 0, 0, 0, 1)
    Torso.CFrame = CFrame.new(1.03336, 0.0762518, -0.0591091, 0.40442, 0.811209, 0.422355, -0.909529, 0.405171, 0.0927006, -0.0959267, -0.421634, 0.901678)
    Head.CFrame = CFrame.new(1.22935e-07, 1.04308e-07, 0.0166623, 0.544577, -0.833512, -0.0932416, 0.74451, 0.531605, -0.403857, 0.386188, 0.150512, 0.910058)
    Left Leg.CFrame = CFrame.new(-1.54276, 0.459986, -0.185042, 0.847147, -0.480549, -0.226747, 0.439148, 0.873433, -0.210389, 0.29915, 0.078655, 0.950959)
    Right Arm.CFrame = CFrame.new(0.927473, -0.103684, 0.0115339, -0.979183, -0.0833718, 0.185066, 0.140532, -0.936342, 0.321736, 0.146461, 0.341047, 0.928567)
    Right Leg.CFrame = CFrame.new(0.29292, 0.275744, -0.056668, 0.630876, 0.691122, -0.352627, -0.673201, 0.713538, 0.194075, 0.385742, 0.114951, 0.915418)
    Left Arm.CFrame = CFrame.new(0.683034, -0.130498, 0.0027346, 0.741104, -0.607263, 0.286349, 0.599416, 0.79058, 0.125234, -0.302432, 0.0788308, 0.949906)

[17]
    Time: 0.550000
    HumanoidRootPart.CFrame = CFrame.new(0, 0, 0, 1, 0, 0, 0, 1, 0, 0, 0, 1)
    Torso.CFrame = CFrame.new(0.93551, 0.092731, 0.0633298, 0.412578, 0.817553, 0.40173, -0.908251, 0.402953, 0.112735, -0.0697117, -0.411383, 0.908793)
    Head.CFrame = CFrame.new(2.83122e-07, 4.47035e-08, 0.0166619, 0.547871, -0.831711, -0.0899699, 0.727703, 0.526865, -0.43916, 0.412656, 0.175132, 0.893893)
    Left Leg.CFrame = CFrame.new(-1.50739, 0.45359, -0.184629, 0.861691, -0.449011, -0.236383, 0.400399, 0.88782, -0.226839, 0.311719, 0.100817, 0.944811)
    Right Arm.CFrame = CFrame.new(0.92779, -0.103719, 0.0115305, -0.9806, -0.0744429, 0.181332, 0.130963, -0.937122, 0.323498, 0.145848, 0.34097, 0.928691)
    Right Leg.CFrame = CFrame.new(0.293797, 0.286452, -0.0592383, 0.629628, 0.693117, -0.350938, -0.665786, 0.714183, 0.216036, 0.400372, 0.0976273, 0.911137)
    Left Arm.CFrame = CFrame.new(0.682802, -0.130698, 0.0027371, 0.73557, -0.61443, 0.285327, 0.606138, 0.785016, 0.127853, -0.302543, 0.0789028, 0.949864)

[18]
    Time: 0.583333
    HumanoidRootPart.CFrame = CFrame.new(0, 0, 0, 1, 0, 0, 0, 1, 0, 0, 0, 1)
    Torso.CFrame = CFrame.new(0.787158, 0.105158, 0.173602, 0.419078, 0.827652, 0.373318, -0.906879, 0.40153, 0.127843, -0.0440894, -0.39213, 0.918852)
    Head.CFrame = CFrame.new(-1.86265e-08, 1.49012e-07, 0.0166618, 0.551686, -0.829712, -0.0849689, 0.71713, 0.523898, -0.459626, 0.425872, 0.192635, 0.884039)
    Left Leg.CFrame = CFrame.new(-1.47346, 0.449466, -0.184562, 0.874797, -0.416592, -0.247349, 0.36137, 0.901108, -0.239616, 0.32271, 0.120231, 0.938831)
    Right Arm.CFrame = CFrame.new(0.927944, -0.103736, 0.0115253, -0.981659, -0.0704979, 0.177132, 0.125883, -0.937459, 0.324536, 0.143175, 0.340881, 0.92914)
    Right Leg.CFrame = CFrame.new(0.293973, 0.295406, -0.061842, 0.62929, 0.693594, -0.350601, -0.658031, 0.715551, 0.234483, 0.413509, 0.083149, 0.906695)
    Left Arm.CFrame = CFrame.new(0.682654, -0.130826, 0.00274989, 0.731846, -0.618946, 0.285145, 0.610407, 0.781424, 0.129533, -0.302993, 0.0792561, 0.949691)

[19]
    Time: 0.616667
    HumanoidRootPart.CFrame = CFrame.new(0, 0, 0, 1, 0, 0, 0, 1, 0, 0, 0, 1)
    Torso.CFrame = CFrame.new(0.577608, 0.110363, 0.253876, 0.423657, 0.8413, 0.335751, -0.905549, 0.402466, 0.13417, -0.0222509, -0.360882, 0.932346)
    Head.CFrame = CFrame.new(1.8999e-07, 2.08616e-07, 0.0166616, 0.555809, -0.827689, -0.0775115, 0.718401, 0.525143, -0.456206, 0.418302, 0.197879, 0.886492)
    Left Leg.CFrame = CFrame.new(-1.45962, 0.458274, -0.185253, 0.885413, -0.387167, -0.25719, 0.326741, 0.911988, -0.248028, 0.330582, 0.135573, 0.933989)
    Right Arm.CFrame = CFrame.new(0.927994, -0.103743, 0.0115172, -0.982632, -0.0698917, 0.171902, 0.123571, -0.937546, 0.325172, 0.138439, 0.340766, 0.929899)
    Right Leg.CFrame = CFrame.new(0.292589, 0.301104, -0.0642562, 0.629442, 0.69205, -0.353368, -0.651064, 0.717941, 0.246326, 0.424167, 0.0750169, 0.902471)
    Left Arm.CFrame = CFrame.new(0.682547, -0.130918, 0.00277302, 0.728979, -0.622104, 0.285614, 0.613435, 0.778847, 0.130746, -0.303787, 0.0798946, 0.949384)

[20]
    Time: 0.650000
    HumanoidRootPart.CFrame = CFrame.new(0, 0, 0, 1, 0, 0, 0, 1, 0, 0, 0, 1)
    Torso.CFrame = CFrame.new(0.296401, 0.10317, 0.285062, 0.420355, 0.862134, 0.282889, -0.907344, 0.401243, 0.125425, -0.00537352, -0.3094, 0.950917)
    Head.CFrame = CFrame.new(4.47035e-08, -2.98023e-08, 0.0166618, 0.555217, -0.829235, -0.0640565, 0.740985, 0.528164, -0.414709, 0.377723, 0.182788, 0.907697)
    Left Leg.CFrame = CFrame.new(-1.48257, 0.49201, -0.187124, 0.893064, -0.364772, -0.263398, 0.302906, 0.92032, -0.247505, 0.332694, 0.141253, 0.932396)
    Right Arm.CFrame = CFrame.new(0.912345, -0.106107, 0.0114507, -0.981687, -0.0884152, 0.16874, 0.139602, -0.93659, 0.321419, 0.129622, 0.339089, 0.931781)
    Right Leg.CFrame = CFrame.new(0.292843, 0.302665, -0.0645473, 0.635891, 0.684688, -0.356155, -0.643948, 0.725062, 0.244165, 0.425411, 0.0740823, 0.901963)
    Left Arm.CFrame = CFrame.new(0.671651, -0.128703, 0.00273538, 0.737672, -0.611564, 0.286059, 0.603376, 0.787259, 0.127125, -0.302948, 0.0788246, 0.949742)

[21]
    Time: 0.683333
    HumanoidRootPart.CFrame = CFrame.new(0, 0, 0, 1, 0, 0, 0, 1, 0, 0, 0, 1)
    Torso.CFrame = CFrame.new(-0.0442141, 0.0491855, 0.221785, 0.235195, 0.968473, 0.0821161, -0.971167, 0.230779, 0.0597956, 0.0389598, -0.0938121, 0.994827)
    Head.CFrame = CFrame.new(-2.79397e-09, 0, 0.0166619, 0.410877, -0.911667, 0.0065674, 0.894002, 0.401483, -0.198926, 0.178718, 0.0876056, 0.979993)
    Left Leg.CFrame = CFrame.new(-1.43961, 0.525947, -0.126746, 0.93116, -0.312176, -0.18838, 0.28977, 0.947193, -0.137324, 0.221302, 0.073284, 0.972448)
    Right Arm.CFrame = CFrame.new(0.470327, -0.165185, 0.00865975, -0.713035, -0.661807, 0.231503, 0.697505, -0.703094, 0.138368, 0.0711957, 0.260135, 0.962944)
    Right Leg.CFrame = CFrame.new(0.410798, 0.32193, -0.0266336, 0.796163, 0.566338, -0.213038, -0.551761, 0.824033, 0.128568, 0.248363, 0.0151848, 0.968548)
    Left Arm.CFrame = CFrame.new(0.377185, -0.066931, 0.00113806, 0.978269, 0.0147754, 0.206813, -0.00712592, 0.999264, -0.0376835, -0.207218, 0.0353908, 0.977655)

[22]
    Time: 0.716667
    HumanoidRootPart.CFrame = CFrame.new(0, 0, 0, 1, 0, 0, 0, 1, 0, 0, 0, 1)
    Torso.CFrame = CFrame.new(-0.382713, 0.0309564, 0.0424197, -0.0975148, 0.967925, -0.231541, -0.995116, -0.0912515, 0.0376342, 0.0152986, 0.234081, 0.972097)
    Head.CFrame = CFrame.new(4.84288e-08, -6.70552e-08, 0.0166624, 0.124097, -0.992135, 0.0163442, 0.979453, 0.125117, 0.158168, -0.158969, -0.00361977, 0.987277)
    Left Leg.CFrame = CFrame.new(-1.14503, 0.51741, 0.0539374, 0.984612, -0.14817, 0.0926518, 0.149117, 0.988814, -0.00335332, -0.0911186, 0.0171177, 0.995693)
    Right Arm.CFrame = CFrame.new(-0.215648, -0.229759, 0.0022341, 0.607709, -0.792715, -0.0478886, 0.776158, 0.605619, -0.175512, 0.168134, 0.0694912, 0.983312)
    Right Leg.CFrame = CFrame.new(0.63889, 0.383008, -0.00382525, 0.935622, 0.342109, 0.0870235, -0.343855, 0.939007, 0.00546059, -0.0798475, -0.0350325, 0.996191)
    Left Arm.CFrame = CFrame.new(-0.0996338, -0.0206412, 0.00727811, -0.219195, 0.950057, -0.222137, -0.97514, -0.220903, 0.0174445, -0.0324977, 0.220439, 0.974859)

[23]
    Time: 0.766667
    HumanoidRootPart.CFrame = CFrame.new(0, 0, 0, 1, 0, 0, 0, 1, 0, 0, 0, 1)
    Torso.CFrame = CFrame.new(-0.57148, 0.0690137, -0.139112, -0.32032, 0.842126, -0.433843, -0.94497, -0.316215, 0.0839011, -0.0665323, 0.436844, 0.897074)
    Head.CFrame = CFrame.new(1.02445e-07, -1.63913e-07, 0.0166619, -0.0799159, -0.995034, -0.0593359, 0.909723, -0.0971371, 0.403693, -0.407452, -0.0217177, 0.912968)
    Left Leg.CFrame = CFrame.new(-0.756446, 0.416408, 0.129085, 0.932375, 0.0592831, 0.356599, -0.0677503, 0.997638, 0.0112886, -0.355088, -0.0346849, 0.934189)
    Right Arm.CFrame = CFrame.new(-0.700267, -0.299163, 0.00260207, 0.953734, -0.0815394, -0.289383, 0.055883, 0.993825, -0.0958537, 0.295412, 0.0752473, 0.952402)
    Right Leg.CFrame = CFrame.new(1.07634, 0.416351, -0.1076, 0.895659, 0.319785, 0.309084, -0.326637, 0.944647, -0.0308279, -0.301833, -0.0733471, 0.950535)
    Left Arm.CFrame = CFrame.new(-0.500578, 0.0209128, 0.0113294, -0.914224, 0.330243, -0.234806, -0.387443, -0.882123, 0.267857, -0.118669, 0.335855, 0.934408)
