[1]
    Time: 0.000000
    HumanoidRootPart.CFrame = CFrame.new(0, 0, 0, 1, 0, 0, 0, 1, 0, 0, 0, 1)
    Torso.CFrame = CFrame.new(-0.0435036, -0.316922, -0.338869, 0.892163, -0.401038, -0.207879, 0.425813, 0.900252, 0.0907213, 0.150761, -0.169456, 0.973938)
    Left Leg.CFrame = CFrame.new(-0.645599, 0.11264, -0.120856, 0.931273, -0.311279, -0.189303, 0.326366, 0.943713, 0.0537661, 0.161911, -0.111853, 0.980446)
    Right Arm.CFrame = CFrame.new(0.741701, -0.204828, -0.533642, -0.221692, -0.359423, 0.906459, 0.706491, 0.58152, 0.403366, -0.672103, 0.729829, 0.12501)
    Head.CFrame = CFrame.new(8.19564e-08, -2.98023e-08, 5.96046e-07, 0.997734, 0.0403126, 0.0538766, -0.0243152, 0.962569, -0.269943, -0.0627421, 0.268021, 0.961368)
    Left Arm.CFrame = CFrame.new(-0.371039, -0.0943449, -0.594322, 0.061015, 0.101882, -0.992924, -0.687633, 0.725345, 0.0321709, 0.72349, 0.680804, 0.114314)
    Right Leg.CFrame = CFrame.new(0.352375, 0.00424314, 0.00408077, 0.601241, 0.788825, 0.12753, -0.753682, 0.506802, 0.418467, 0.265465, -0.347717, 0.899234)

[2]
    Time: 0.033333
    HumanoidRootPart.CFrame = CFrame.new(0, 0, 0, 1, 0, 0, 0, 1, 0, 0, 0, 1)
    Torso.CFrame = CFrame.new(-0.068531, -0.317156, -0.387203, 0.90148, -0.400856, -0.16324, 0.404666, 0.914402, -0.0106922, 0.153553, -0.0564188, 0.986528)
    Left Leg.CFrame = CFrame.new(-0.659644, 0.261121, -0.147665, 0.967504, -0.15136, -0.20255, 0.176554, 0.977826, 0.112628, 0.181011, -0.144729, 0.972773)
    Right Arm.CFrame = CFrame.new(0.668236, -0.224009, -0.49241, -0.399178, -0.324505, 0.857528, 0.817825, 0.296813, 0.493016, -0.414511, 0.898108, 0.146907)
    Head.CFrame = CFrame.new(5.96046e-08, -3.72529e-08, 0, 0.998091, 0.038108, 0.0485988, -0.0261823, 0.973804, -0.225878, -0.0559335, 0.224174, 0.972943)
    Left Arm.CFrame = CFrame.new(-0.370303, -0.165179, -0.517636, -0.0180726, 0.00617635, -0.999818, -0.857477, 0.514183, 0.018676, 0.514204, 0.857659, -0.00399668)
    Right Leg.CFrame = CFrame.new(0.551469, 0.0274236, 0.0118695, 0.63587, 0.768755, 0.0684504, -0.698619, 0.535617, 0.474389, 0.328026, -0.349471, 0.87765)

[3]
    Time: 0.066667
    HumanoidRootPart.CFrame = CFrame.new(0, 0, 0, 1, 0, 0, 0, 1, 0, 0, 0, 1)
    Torso.CFrame = CFrame.new(-0.106638, -0.317854, -0.450141, 0.92255, -0.374037, -0.0948583, 0.35897, 0.922072, -0.144647, 0.141569, 0.0993927, 0.984926)
    Left Leg.CFrame = CFrame.new(-0.585928, 0.443739, -0.149693, 0.985154, 0.0769185, -0.153476, -0.0436938, 0.97691, 0.209136, 0.166019, -0.199325, 0.965768)
    Right Arm.CFrame = CFrame.new(0.53117, -0.247834, -0.284824, -0.582715, -0.3099, 0.751269, 0.805495, -0.0976171, 0.584508, -0.107802, 0.945745, 0.306505)
    Head.CFrame = CFrame.new(1.04308e-07, 1.11759e-08, 3.57628e-07, 0.998928, 0.0323462, 0.033113, -0.0281919, 0.99249, -0.119036, -0.0367147, 0.117974, 0.992338)
    Left Arm.CFrame = CFrame.new(-0.479203, -0.3149, -0.292925, -0.112987, 0.104107, -0.988127, -0.97735, 0.16746, 0.129398, 0.178943, 0.980367, 0.0828278)
    Right Leg.CFrame = CFrame.new(0.642353, 0.249533, 0.0240051, 0.744248, 0.658441, -0.112032, -0.511241, 0.669545, 0.538834, 0.4298, -0.34375, 0.834929)

[4]
    Time: 0.100000
    HumanoidRootPart.CFrame = CFrame.new(0, 0, 0, 1, 0, 0, 0, 1, 0, 0, 0, 1)
    Torso.CFrame = CFrame.new(-0.154567, -0.31901, -0.51517, 0.948469, -0.316334, -0.0184036, 0.298404, 0.911226, -0.28394, 0.10659, 0.263817, 0.958665)
    Left Leg.CFrame = CFrame.new(-0.437325, 0.582504, -0.143373, 0.949065, 0.311367, -0.0482335, -0.281522, 0.906732, 0.31398, 0.141498, -0.284409, 0.948204)
    Right Arm.CFrame = CFrame.new(0.372952, -0.312528, -0.0490292, -0.696668, -0.245537, 0.674066, 0.694089, -0.46824, 0.5468, 0.181366, 0.848801, 0.496633)
    Head.CFrame = CFrame.new(7.63685e-08, 1.37836e-07, 1.19209e-07, 0.999671, 0.0244786, 0.00768386, -0.0245607, 0.99964, 0.0107825, -0.00741716, -0.0109678, 0.999912)
    Left Arm.CFrame = CFrame.new(-0.610868, -0.308808, -0.11757, -0.218826, 0.339406, -0.914833, -0.961263, -0.236017, 0.142369, -0.167595, 0.910549, 0.377905)
    Right Leg.CFrame = CFrame.new(0.667467, 0.472553, -0.0398242, 0.873747, 0.450402, -0.183588, -0.318252, 0.814862, 0.484474, 0.367807, -0.36488, 0.855325)

[5]
    Time: 0.133333
    HumanoidRootPart.CFrame = CFrame.new(0, 0, 0, 1, 0, 0, 0, 1, 0, 0, 0, 1)
    Torso.CFrame = CFrame.new(-0.20906, -0.320617, -0.571345, 0.971334, -0.231691, 0.0531907, 0.23286, 0.882351, -0.40894, 0.047815, 0.409603, 0.91101)
    Left Leg.CFrame = CFrame.new(-0.269114, 0.646512, -0.139911, 0.865917, 0.491661, 0.0919683, -0.483667, 0.776174, 0.4045, 0.127493, -0.394745, 0.909902)
    Right Arm.CFrame = CFrame.new(0.304509, -0.366156, 0.0406487, -0.719345, -0.204239, 0.66395, 0.575964, -0.709694, 0.405709, 0.38834, 0.674256, 0.628149)
    Head.CFrame = CFrame.new(1.3411e-07, 3.72529e-08, -5.96046e-08, 0.999533, 0.0147594, -0.0267673, -0.0114687, 0.992807, 0.119172, 0.0283337, -0.118809, 0.992513)
    Left Arm.CFrame = CFrame.new(-0.71006, -0.197131, -0.126431, -0.401516, 0.643911, -0.651279, -0.878263, -0.472347, 0.0744493, -0.259691, 0.601887, 0.755178)
    Right Leg.CFrame = CFrame.new(0.615167, 0.642532, -0.125031, 0.973703, 0.174315, -0.146689, -0.105578, 0.915814, 0.387477, 0.201883, -0.3618, 0.910134)

[6]
    Time: 0.166667
    HumanoidRootPart.CFrame = CFrame.new(0, 0, 0, 1, 0, 0, 0, 1, 0, 0, 0, 1)
    Torso.CFrame = CFrame.new(-0.266858, -0.322668, -0.602432, 0.985031, -0.130777, 0.112303, 0.169837, 0.847741, -0.502484, -0.0294904, 0.514036, 0.857262)
    Left Leg.CFrame = CFrame.new(-0.131504, 0.648948, -0.13904, 0.777407, 0.58273, 0.236776, -0.615848, 0.628596, 0.474972, 0.127944, -0.515065, 0.847549)
    Right Arm.CFrame = CFrame.new(0.377448, -0.357122, 0.0299424, -0.715019, -0.298572, 0.632141, 0.549097, -0.799512, 0.243463, 0.432713, 0.521187, 0.735611)
    Head.CFrame = CFrame.new(3.72529e-08, -1.11759e-08, 4.76837e-07, 0.99764, 0.000140957, -0.068658, 0.0111075, 0.986494, 0.163423, 0.0677537, -0.1638, 0.984164)
    Left Arm.CFrame = CFrame.new(-0.741042, -0.124832, -0.220492, -0.516577, 0.819489, -0.248167, -0.856212, -0.496774, 0.141833, -0.00705289, 0.285751, 0.958278)
    Right Leg.CFrame = CFrame.new(0.493409, 0.708529, -0.121426, 0.989752, -0.100723, -0.101217, 0.124306, 0.956587, 0.263608, 0.0702717, -0.273488, 0.959305)

[7]
    Time: 0.200000
    HumanoidRootPart.CFrame = CFrame.new(0, 0, 0, 1, 0, 0, 0, 1, 0, 0, 0, 1)
    Torso.CFrame = CFrame.new(-0.324703, -0.325158, -0.564034, 0.986771, -0.0298318, 0.159355, 0.11009, 0.844851, -0.523552, -0.119013, 0.534169, 0.836959)
    Left Leg.CFrame = CFrame.new(-0.081315, 0.626943, -0.135909, 0.767508, 0.542982, 0.340739, -0.631352, 0.548221, 0.548497, 0.111024, -0.636101, 0.763576)
    Right Arm.CFrame = CFrame.new(0.587021, -0.277158, -0.0333307, -0.637902, -0.559621, 0.529061, 0.728268, -0.661737, 0.17813, 0.250414, 0.498927, 0.829677)
    Head.CFrame = CFrame.new(3.72529e-08, 3.67872e-08, 2.38419e-07, 0.992875, -0.0300253, -0.115319, 0.0441422, 0.991562, 0.121886, 0.110687, -0.126107, 0.985822)
    Left Arm.CFrame = CFrame.new(-0.755162, -0.0718894, -0.258859, -0.36042, 0.932766, 0.00663789, -0.861018, -0.335417, 0.382288, 0.358812, 0.132069, 0.924019)
    Right Leg.CFrame = CFrame.new(0.444209, 0.606567, -0.0537868, 0.968552, -0.247476, -0.0257355, 0.248792, 0.962009, 0.112431, -0.00306603, -0.115298, 0.993326)

[8]
    Time: 0.233333
    HumanoidRootPart.CFrame = CFrame.new(0, 0, 0, 1, 0, 0, 0, 1, 0, 0, 0, 1)
    Torso.CFrame = CFrame.new(-0.379337, -0.32808, -0.457996, 0.976977, 0.0602803, 0.204649, 0.0469343, 0.875022, -0.481802, -0.208116, 0.480315, 0.852048)
    Left Leg.CFrame = CFrame.new(-0.0858303, 0.581939, -0.110517, 0.823185, 0.415148, 0.387324, -0.564668, 0.527354, 0.63486, 0.0593042, -0.741316, 0.66853)
    Right Arm.CFrame = CFrame.new(0.703178, -0.203363, -0.0606916, -0.287897, -0.880223, 0.377258, 0.939866, -0.184109, 0.287672, -0.183759, 0.437392, 0.880296)
    Head.CFrame = CFrame.new(5.21541e-08, 8.3819e-08, -5.96046e-08, 0.983986, -0.0792796, -0.159643, 0.0831157, 0.996386, 0.0174861, 0.15768, -0.030475, 0.98702)
    Left Arm.CFrame = CFrame.new(-0.754748, -0.0613318, -0.195459, 0.0526446, 0.998392, 0.0210268, -0.710612, 0.0226598, 0.703219, 0.701612, -0.0519626, 0.710662)
    Right Leg.CFrame = CFrame.new(0.430185, 0.371491, 0.00274158, 0.959079, -0.279962, 0.0422973, 0.281978, 0.957943, -0.0532286, -0.0256163, 0.0629773, 0.997686)

[9]
    Time: 0.266667
    HumanoidRootPart.CFrame = CFrame.new(0, 0, 0, 1, 0, 0, 0, 1, 0, 0, 0, 1)
    Torso.CFrame = CFrame.new(-0.427501, -0.331428, -0.381339, 0.958604, 0.133031, 0.251755, -0.0202679, 0.913789, -0.405684, -0.284019, 0.383788, 0.878658)
    Left Leg.CFrame = CFrame.new(-0.12997, 0.569065, -0.0959448, 0.893228, 0.211741, 0.396622, -0.446396, 0.522854, 0.726191, -0.0536111, -0.825705, 0.561549)
    Right Arm.CFrame = CFrame.new(0.528146, -0.22923, 0.047501, 0.346431, -0.870164, 0.350429, 0.707202, 0.487694, 0.511879, -0.616321, 0.0704931, 0.784334)
    Head.CFrame = CFrame.new(2.51457e-08, 1.52737e-07, 4.76837e-07, 0.971197, -0.139887, -0.192891, 0.118209, 0.985748, -0.1197, 0.206887, 0.0934505, 0.973892)
    Left Arm.CFrame = CFrame.new(-0.659192, -0.0674682, -0.0335438, 0.496158, 0.813459, -0.303499, -0.203876, 0.448943, 0.869991, 0.843956, -0.369777, 0.388592)
    Right Leg.CFrame = CFrame.new(0.39849, 0.14718, 0.0169641, 0.973154, -0.221479, 0.0626029, 0.229705, 0.951658, -0.203917, -0.0144131, 0.212823, 0.976985)

[10]
    Time: 0.300000
    HumanoidRootPart.CFrame = CFrame.new(0, 0, 0, 1, 0, 0, 0, 1, 0, 0, 0, 1)
    Torso.CFrame = CFrame.new(-0.465939, -0.335196, -0.346366, 0.937135, 0.182551, 0.297412, -0.0857351, 0.946581, -0.310861, -0.338273, 0.26582, 0.902725)
    Left Leg.CFrame = CFrame.new(-0.191066, 0.557324, -0.0770848, 0.929009, -0.0196221, 0.369535, -0.311399, 0.498059, 0.809301, -0.199931, -0.866921, 0.456591)
    Right Arm.CFrame = CFrame.new(0.151647, -0.154849, 0.206898, 0.723825, -0.463595, 0.511036, 0.101976, 0.804393, 0.58528, -0.682406, -0.371527, 0.629515)
    Head.CFrame = CFrame.new(9.68575e-08, 1.67638e-08, 3.57628e-07, 0.95701, -0.199351, -0.21069, 0.143101, 0.956331, -0.254858, 0.252295, 0.213752, 0.943746)
    Left Arm.CFrame = CFrame.new(-0.475514, 0.0115615, 0.146925, 0.58037, 0.393997, -0.712697, 0.399902, 0.624492, 0.670886, 0.709401, -0.674371, 0.204876)
    Right Leg.CFrame = CFrame.new(0.367431, -0.0104629, 0.00865126, 0.995114, -0.090866, 0.0386187, 0.0984126, 0.944308, -0.314002, -0.0079358, 0.316269, 0.948637)

[11]
    Time: 0.333333
    HumanoidRootPart.CFrame = CFrame.new(0, 0, 0, 1, 0, 0, 0, 1, 0, 0, 0, 1)
    Torso.CFrame = CFrame.new(-0.49139, -0.339376, -0.367881, 0.919561, 0.205933, 0.334662, -0.13971, 0.967368, -0.211379, -0.367271, 0.14762, 0.918325)
    Left Leg.CFrame = CFrame.new(-0.268806, 0.549269, -0.0578125, 0.916265, -0.241883, 0.319296, -0.186981, 0.446668, 0.874943, -0.354254, -0.861383, 0.364039)
    Right Arm.CFrame = CFrame.new(-0.197364, -0.0197711, 0.307688, 0.728622, -0.0666912, 0.681661, -0.36732, 0.801969, 0.471086, -0.578089, -0.593631, 0.559835)
    Head.CFrame = CFrame.new(-6.70552e-08, -6.33299e-08, -1.78814e-07, 0.945519, -0.243706, -0.215873, 0.156522, 0.921686, -0.35496, 0.285472, 0.301833, 0.909617)
    Left Arm.CFrame = CFrame.new(-0.328959, 0.132881, 0.267213, 0.417222, 0.0513877, -0.90735, 0.71884, 0.592211, 0.36408, 0.556052, -0.804142, 0.210144)
    Right Leg.CFrame = CFrame.new(0.417071, -0.0870148, 0.00629997, 0.993408, 0.114466, -0.00619889, -0.108634, 0.922772, -0.369718, -0.0365998, 0.367954, 0.929124)

[12]
    Time: 0.366667
    HumanoidRootPart.CFrame = CFrame.new(0, 0, 0, 1, 0, 0, 0, 1, 0, 0, 0, 1)
    Torso.CFrame = CFrame.new(-0.500598, -0.343963, -0.462188, 0.912407, 0.203981, 0.35483, -0.170431, 0.97757, -0.123731, -0.37211, 0.0524184, 0.926707)
    Left Leg.CFrame = CFrame.new(-0.390453, 0.560299, -0.0493392, 0.858463, -0.435109, 0.271518, -0.0983376, 0.379938, 0.91977, -0.50336, -0.816289, 0.283376)
    Right Arm.CFrame = CFrame.new(-0.417689, 0.0293359, 0.373764, 0.573228, 0.221064, 0.789012, -0.622153, 0.744054, 0.243535, -0.533231, -0.630487, 0.564048)
    Head.CFrame = CFrame.new(2.08616e-07, -1.67638e-08, -1.78814e-07, 0.940905, -0.260862, -0.215984, 0.160586, 0.905133, -0.393633, 0.298178, 0.335687, 0.893534)
    Left Arm.CFrame = CFrame.new(-0.260545, 0.172943, 0.328405, 0.304544, -0.113875, -0.945667, 0.782031, 0.596682, 0.179996, 0.543765, -0.794357, 0.27077)
    Right Leg.CFrame = CFrame.new(0.569254, -0.113987, 0.018124, 0.934536, 0.353637, -0.0398017, -0.342065, 0.861798, -0.374561, -0.0981577, 0.363656, 0.926347)

[13]
    Time: 0.400000
    HumanoidRootPart.CFrame = CFrame.new(0, 0, 0, 1, 0, 0, 0, 1, 0, 0, 0, 1)
    Torso.CFrame = CFrame.new(-0.486096, -0.348951, -0.559596, 0.917398, 0.195088, 0.346873, -0.171487, 0.980319, -0.0978073, -0.359127, 0.0302441, 0.932798)
    Left Leg.CFrame = CFrame.new(-0.500756, 0.596492, -0.0572912, 0.806426, -0.5247, 0.272702, -0.0775643, 0.363321, 0.92843, -0.586225, -0.769862, 0.252294)
    Right Arm.CFrame = CFrame.new(-0.375897, -0.0527725, 0.452448, 0.460337, 0.258726, 0.849206, -0.582596, 0.80982, 0.0690871, -0.66983, -0.526548, 0.523523)
    Head.CFrame = CFrame.new(5.21541e-08, 0, 5.96046e-07, 0.948062, -0.229966, -0.21976, 0.151592, 0.934032, -0.323427, 0.27964, 0.273315, 0.920381)
    Left Arm.CFrame = CFrame.new(-0.266824, 0.0608457, 0.412289, 0.285798, -0.112893, -0.951617, 0.615564, 0.782697, 0.0920182, 0.734439, -0.612079, 0.293186)
    Right Leg.CFrame = CFrame.new(0.699706, -0.0749434, 0.0323112, 0.884121, 0.46584, -0.0363641, -0.448983, 0.825414, -0.342206, -0.129398, 0.318879, 0.938921)

[14]
    Time: 0.433333
    HumanoidRootPart.CFrame = CFrame.new(0, 0, 0, 1, 0, 0, 0, 1, 0, 0, 0, 1)
    Torso.CFrame = CFrame.new(-0.446002, -0.354332, -0.592257, 0.930984, 0.191293, 0.310929, -0.152256, 0.977566, -0.145544, -0.331795, 0.0881583, 0.939223)
    Left Leg.CFrame = CFrame.new(-0.553691, 0.662907, -0.0755383, 0.804987, -0.495485, 0.326328, -0.0886076, 0.443456, 0.891905, -0.586638, -0.746888, 0.313073)
    Right Arm.CFrame = CFrame.new(-0.138997, -0.191132, 0.421539, 0.377321, -0.0136726, 0.925982, -0.163623, 0.983176, 0.0811905, -0.911513, -0.182147, 0.368735)
    Head.CFrame = CFrame.new(-3.72529e-08, -5.58794e-09, 2.38419e-07, 0.96433, -0.153595, -0.215583, 0.123812, 0.981579, -0.145509, 0.233961, 0.113627, 0.965583)
    Left Arm.CFrame = CFrame.new(-0.362411, -0.117415, 0.45888, 0.227326, 0.0877894, -0.969854, 0.130332, 0.984226, 0.119639, 0.965058, -0.1536, 0.212298)
    Right Leg.CFrame = CFrame.new(0.750536, 0.062365, 0.0406208, 0.910052, 0.414471, -0.00436764, -0.399934, 0.875267, -0.271957, -0.108895, 0.249242, 0.9623)

[15]
    Time: 0.466667
    HumanoidRootPart.CFrame = CFrame.new(0, 0, 0, 1, 0, 0, 0, 1, 0, 0, 0, 1)
    Torso.CFrame = CFrame.new(-0.385434, -0.360101, -0.580139, 0.949819, 0.184041, 0.252927, -0.122772, 0.96305, -0.239713, -0.287698, 0.196632, 0.937318)
    Left Leg.CFrame = CFrame.new(-0.529113, 0.752616, -0.088957, 0.847627, -0.355102, 0.394247, -0.124347, 0.589394, 0.798218, -0.515815, -0.725615, 0.455431)
    Right Arm.CFrame = CFrame.new(0.170918, -0.175115, 0.185453, 0.0159393, -0.415003, 0.909681, 0.610129, 0.724816, 0.319975, -0.792142, 0.549922, 0.264758)
    Head.CFrame = CFrame.new(1.19209e-07, 2.42144e-08, -1.19209e-07, 0.980934, -0.0634731, -0.183681, 0.0785123, 0.994028, 0.0757913, 0.177773, -0.0887675, 0.98006)
    Left Arm.CFrame = CFrame.new(-0.490937, -0.167295, 0.301543, -0.0618512, 0.343314, -0.937182, -0.549105, 0.7724, 0.319189, 0.833462, 0.534354, 0.140742)
    Right Leg.CFrame = CFrame.new(0.71886, 0.260718, 0.0244319, 0.968569, 0.246981, 0.0295714, -0.23991, 0.958945, -0.151222, -0.0657064, 0.139375, 0.988057)

[16]
    Time: 0.500000
    HumanoidRootPart.CFrame = CFrame.new(0, 0, 0, 1, 0, 0, 0, 1, 0, 0, 0, 1)
    Torso.CFrame = CFrame.new(-0.309511, -0.366251, -0.542144, 0.969714, 0.165085, 0.180002, -0.0925844, 0.930439, -0.354559, -0.226014, 0.327155, 0.917544)
    Left Leg.CFrame = CFrame.new(-0.417764, 0.819372, -0.0495187, 0.896532, -0.109326, 0.429277, -0.212202, 0.744653, 0.632821, -0.388846, -0.658438, 0.644405)
    Right Arm.CFrame = CFrame.new(0.336317, 0.0593539, 0.0424147, -0.437135, -0.440899, 0.783914, 0.896852, -0.148177, 0.416773, -0.0675966, 0.885241, 0.460195)
    Head.CFrame = CFrame.new(2.98023e-08, 2.23517e-08, 4.76837e-07, 0.991933, 0.00336085, -0.126722, 0.0295047, 0.966074, 0.256573, 0.123285, -0.258242, 0.958181)
    Left Arm.CFrame = CFrame.new(-0.536867, -0.0641287, 0.0415475, -0.448337, 0.347187, -0.823684, -0.842794, 0.142825, 0.51894, 0.297812, 0.926856, 0.228573)
    Right Leg.CFrame = CFrame.new(0.60426, 0.436985, -0.0310841, 0.999243, 0.00638584, 0.0383819, -0.00712102, 0.999793, 0.0190451, -0.0382523, -0.019304, 0.999082)

[17]
    Time: 0.533333
    HumanoidRootPart.CFrame = CFrame.new(0, 0, 0, 1, 0, 0, 0, 1, 0, 0, 0, 1)
    Torso.CFrame = CFrame.new(-0.223351, -0.372776, -0.494138, 0.98624, 0.13025, 0.101809, -0.0695855, 0.885692, -0.459029, -0.14996, 0.445628, 0.882569)
    Left Leg.CFrame = CFrame.new(-0.286458, 0.791183, 0.066765, 0.901534, 0.171679, 0.397194, -0.343434, 0.842292, 0.415448, -0.26323, -0.51095, 0.818315)
    Right Arm.CFrame = CFrame.new(0.48984, 0.139826, 0.0777794, -0.696776, -0.448304, 0.559934, 0.629622, -0.756229, 0.17803, 0.343626, 0.476593, 0.809184)
    Head.CFrame = CFrame.new(9.31323e-08, -1.76951e-07, 2.38419e-07, 0.997513, 0.0222937, -0.0668691, 0.000865359, 0.944721, 0.327873, 0.0704821, -0.327115, 0.942352)
    Left Arm.CFrame = CFrame.new(-0.565068, 0.0502238, -0.13102, -0.642481, 0.259317, -0.721092, -0.730238, -0.492462, 0.473533, -0.232316, 0.830804, 0.50576)
    Right Leg.CFrame = CFrame.new(0.449125, 0.517332, -0.107943, 0.972697, -0.231786, 0.0116581, 0.223844, 0.950258, 0.216573, -0.0612768, -0.208051, 0.976197)

[18]
    Time: 0.566667
    HumanoidRootPart.CFrame = CFrame.new(0, 0, 0, 1, 0, 0, 0, 1, 0, 0, 0, 1)
    Torso.CFrame = CFrame.new(-0.132073, -0.37967, -0.44825, 0.996208, 0.0824401, 0.0278119, -0.0569859, 0.859805, -0.507433, -0.0657456, 0.503924, 0.861242)
    Left Leg.CFrame = CFrame.new(-0.243306, 0.666526, 0.203061, 0.885026, 0.3483, 0.308895, -0.419052, 0.885051, 0.202683, -0.202794, -0.308822, 0.929249)
    Right Arm.CFrame = CFrame.new(0.591053, 0.269087, 0.152959, -0.904204, -0.363342, 0.224497, 0.291711, -0.909305, -0.296764, 0.311963, -0.202847, 0.928188)
    Head.CFrame = CFrame.new(5.96046e-08, 2.51457e-07, -5.96046e-08, 0.999816, 0.0116399, -0.0152316, -0.0061187, 0.946763, 0.321872, 0.0181673, -0.32172, 0.946661)
    Left Arm.CFrame = CFrame.new(-0.640405, 0.0666527, -0.185318, -0.706616, 0.25986, -0.658154, -0.53682, -0.802842, 0.259361, -0.460996, 0.536579, 0.706799)
    Right Leg.CFrame = CFrame.new(0.32915, 0.506157, -0.171955, 0.933799, -0.357002, -0.0238687, 0.334356, 0.846922, 0.413435, -0.127382, -0.394046, 0.910221)

[19]
    Time: 0.600000
    HumanoidRootPart.CFrame = CFrame.new(0, 0, 0, 1, 0, 0, 0, 1, 0, 0, 0, 1)
    Torso.CFrame = CFrame.new(-0.0407944, -0.386926, -0.413059, 0.998662, 0.0309816, -0.0414023, -0.0474933, 0.866235, -0.497374, 0.0204547, 0.498675, 0.866548)
    Left Leg.CFrame = CFrame.new(-0.282903, 0.50599, 0.301351, 0.896839, 0.389079, 0.210471, -0.400926, 0.915986, 0.0150887, -0.186918, -0.0979155, 0.977484)
    Right Arm.CFrame = CFrame.new(0.666836, 0.338161, 0.148414, -0.953966, -0.299912, -0.00142221, 0.252406, -0.80028, -0.543914, 0.161988, -0.519234, 0.83914)
    Head.CFrame = CFrame.new(5.58794e-08, 2.30502e-08, -1.78814e-07, 0.999521, -0.000562854, 0.0309373, -0.00892875, 0.952057, 0.305791, -0.0296262, -0.305921, 0.951596)
    Left Arm.CFrame = CFrame.new(-0.62312, 0.252239, -0.0965759, -0.815187, 0.421595, -0.39715, -0.469924, -0.882263, 0.0279961, -0.338587, 0.209452, 0.917327)
    Right Leg.CFrame = CFrame.new(0.251624, 0.464594, -0.209373, 0.930493, -0.364901, -0.0320839, 0.312798, 0.745931, 0.588, -0.190629, -0.557166, 0.808225)

[20]
    Time: 0.633333
    HumanoidRootPart.CFrame = CFrame.new(0, 0, 0, 1, 0, 0, 0, 1, 0, 0, 0, 1)
    Torso.CFrame = CFrame.new(0.0453656, -0.394538, -0.394224, 0.994119, -0.016628, -0.107007, -0.0333548, 0.893084, -0.448652, 0.103026, 0.449583, 0.887277)
    Left Leg.CFrame = CFrame.new(-0.353554, 0.340208, 0.350411, 0.933811, 0.332326, 0.1325, -0.31304, 0.938276, -0.147117, -0.173213, 0.0959014, 0.980204)
    Right Arm.CFrame = CFrame.new(0.744308, 0.200442, 0.260448, -0.829904, -0.35256, -0.43239, 0.536216, -0.718058, -0.443695, -0.154052, -0.600079, 0.784967)
    Head.CFrame = CFrame.new(4.47035e-08, -1.73342e-07, 1.19209e-07, 0.997407, -0.0124054, 0.070892, -0.0079606, 0.959971, 0.279986, -0.0715276, -0.279825, 0.957383)
    Left Arm.CFrame = CFrame.new(-0.816864, 0.0829546, 0.0560911, -0.853265, 0.498412, 0.153381, -0.518473, -0.842355, -0.147051, 0.055909, -0.204997, 0.977164)
    Right Leg.CFrame = CFrame.new(0.159803, 0.417989, -0.213961, 0.946803, -0.321814, 0.000823898, 0.221609, 0.653845, 0.723448, -0.233354, -0.68478, 0.690379)

[21]
    Time: 0.666667
    HumanoidRootPart.CFrame = CFrame.new(0, 0, 0, 1, 0, 0, 0, 1, 0, 0, 0, 1)
    Torso.CFrame = CFrame.new(0.121289, -0.402499, -0.395194, 0.984375, -0.0559138, -0.166974, -0.0115397, 0.925724, -0.378023, 0.175709, 0.374043, 0.910614)
    Left Leg.CFrame = CFrame.new(-0.4231, 0.18636, 0.359392, 0.972632, 0.215958, 0.0857307, -0.184577, 0.942245, -0.279472, -0.141134, 0.255999, 0.956319)
    Right Arm.CFrame = CFrame.new(0.753562, 0.0146887, 0.404723, -0.467153, -0.432826, -0.770993, 0.820556, -0.537016, -0.19571, -0.329328, -0.724069, 0.606026)
    Head.CFrame = CFrame.new(-3.72529e-08, 2.25846e-08, 0, 0.994337, -0.0222566, 0.103912, -0.00385626, 0.969621, 0.244581, -0.106199, -0.243597, 0.964045)
    Left Arm.CFrame = CFrame.new(-0.967467, -0.0905467, 0.132321, -0.711241, 0.52941, 0.462452, -0.656019, -0.736239, -0.166105, 0.252538, -0.421518, 0.870946)
    Right Leg.CFrame = CFrame.new(0.0389151, 0.406141, -0.210942, 0.962561, -0.26205, 0.0693198, 0.0984153, 0.576139, 0.811405, -0.252567, -0.774205, 0.580359)

[22]
    Time: 0.700000
    HumanoidRootPart.CFrame = CFrame.new(0, 0, 0, 1, 0, 0, 0, 1, 0, 0, 0, 1)
    Torso.CFrame = CFrame.new(0.181857, -0.410803, -0.417845, 0.972506, -0.0852756, -0.216702, 0.0159135, 0.952703, -0.303487, 0.232333, 0.291695, 0.927866)
    Left Leg.CFrame = CFrame.new(-0.482449, 0.0636623, 0.346553, 0.994838, 0.0771811, 0.0658836, -0.0468138, 0.925094, -0.376842, -0.0900336, 0.371812, 0.923932)
    Right Arm.CFrame = CFrame.new(0.713082, -0.136838, 0.393014, -0.0616893, -0.587916, -0.806566, 0.997728, -0.0582355, -0.0338616, -0.0270631, -0.806823, 0.590173)
    Head.CFrame = CFrame.new(1.43424e-07, -1.75321e-07, -1.19209e-07, 0.9912, -0.0287869, 0.129201, 0.00245596, 0.979898, 0.199486, -0.132347, -0.197413, 0.971346)
    Left Arm.CFrame = CFrame.new(-1.03994, -0.0424296, 0.155636, -0.441082, 0.732447, 0.518621, -0.877886, -0.472178, -0.0797766, 0.186449, -0.490478, 0.851274)
    Right Leg.CFrame = CFrame.new(0.079843, 0.427323, -0.252937, 0.982634, -0.107894, 0.15096, -0.0751096, 0.51265, 0.855306, -0.169672, -0.851791, 0.495644)

[23]
    Time: 0.733333
    HumanoidRootPart.CFrame = CFrame.new(0, 0, 0, 1, 0, 0, 0, 1, 0, 0, 0, 1)
    Torso.CFrame = CFrame.new(0.221951, -0.419445, -0.462973, 0.962385, -0.105321, -0.250445, 0.04236, 0.968699, -0.244596, 0.268368, 0.224787, 0.936723)
    Left Leg.CFrame = CFrame.new(-0.543402, -0.00696599, 0.334022, 0.996905, -0.0514938, 0.059407, 0.0723633, 0.896376, -0.437348, -0.0307304, 0.440293, 0.897328)
    Right Arm.CFrame = CFrame.new(0.563787, -0.283118, 0.310312, 0.324296, -0.551156, -0.768804, 0.891634, 0.449547, 0.0538273, 0.315946, -0.702947, 0.637215)
    Head.CFrame = CFrame.new(1.67638e-07, -2.72412e-08, 1.19209e-07, 0.98883, -0.0309891, 0.145791, 0.00971165, 0.989465, 0.144449, -0.148732, -0.14142, 0.978713)
    Left Arm.CFrame = CFrame.new(-1.02102, -0.0105193, 0.162475, 0.0501336, 0.851027, 0.522724, -0.996723, 0.00936871, 0.0803411, 0.0634753, -0.525039, 0.848708)
    Right Leg.CFrame = CFrame.new(0.109594, 0.43533, -0.27978, 0.977514, 0.0126319, 0.21049, -0.19365, 0.44884, 0.872377, -0.0834564, -0.893523, 0.441194)

[24]
    Time: 0.766667
    HumanoidRootPart.CFrame = CFrame.new(0, 0, 0, 1, 0, 0, 0, 1, 0, 0, 0, 1)
    Torso.CFrame = CFrame.new(0.236453, -0.428417, -0.530666, 0.957973, -0.115589, -0.262541, 0.0569034, 0.973608, -0.221017, 0.281159, 0.196789, 0.939268)
    Left Leg.CFrame = CFrame.new(-0.616548, -0.00262511, 0.342085, 0.988841, -0.139254, 0.0529388, 0.147893, 0.874784, -0.46139, 0.0179403, 0.464071, 0.885616)
    Right Arm.CFrame = CFrame.new(0.334744, -0.372102, 0.332247, 0.579872, -0.350413, -0.735499, 0.699853, 0.676412, 0.229506, 0.417079, -0.647825, 0.63747)
    Head.CFrame = CFrame.new(1.19209e-07, 4.88944e-09, 1.19209e-07, 0.987908, -0.0282113, 0.152456, 0.0162483, 0.99673, 0.0791524, -0.15419, -0.0757181, 0.985136)
    Left Arm.CFrame = CFrame.new(-0.895368, -0.0550325, 0.135322, 0.458017, 0.756511, 0.466809, -0.888393, 0.408009, 0.210442, -0.0312602, -0.511097, 0.858955)
    Right Leg.CFrame = CFrame.new(0.10737, 0.443536, -0.295629, 0.975859, 0.0723346, 0.206073, -0.217596, 0.402906, 0.888999, -0.0187226, -0.912379, 0.408919)

[25]
    Time: 0.800000
    HumanoidRootPart.CFrame = CFrame.new(0, 0, 0, 1, 0, 0, 0, 1, 0, 0, 0, 1)
    Torso.CFrame = CFrame.new(0.22423, -0.437712, -0.59059, 0.959362, -0.123232, -0.253845, 0.063736, 0.970983, -0.230497, 0.274884, 0.204952, 0.939379)
    Left Leg.CFrame = CFrame.new(-0.671057, 0.0666035, 0.361725, 0.985447, -0.165269, 0.0397522, 0.165406, 0.878418, -0.448355, 0.0391802, 0.448406, 0.892971)
    Right Arm.CFrame = CFrame.new(0.158132, -0.380338, 0.41488, 0.769474, -0.299785, -0.563949, 0.609482, 0.608587, 0.508088, 0.190895, -0.734678, 0.651005)
    Head.CFrame = CFrame.new(1.43424e-07, 7.19447e-08, 1.19209e-07, 0.989456, -0.0192343, 0.143549, 0.0188311, 0.999814, 0.00416714, -0.143602, -0.00142002, 0.989634)
    Left Arm.CFrame = CFrame.new(-0.793112, -0.26947, 0.0153619, 0.577826, 0.68587, 0.442378, -0.814804, 0.51601, 0.264252, -0.0470292, -0.513143, 0.857014)
    Right Leg.CFrame = CFrame.new(0.076725, 0.45143, -0.299142, 0.986045, 0.0822524, 0.144742, -0.165565, 0.393445, 0.904317, 0.0174342, -0.915661, 0.401573)

[26]
    Time: 0.833333
    HumanoidRootPart.CFrame = CFrame.new(0, 0, 0, 1, 0, 0, 0, 1, 0, 0, 0, 1)
    Torso.CFrame = CFrame.new(0.190203, -0.447326, -0.600561, 0.964581, -0.130098, -0.229475, 0.0696075, 0.96462, -0.254288, 0.254439, 0.229308, 0.93951)
    Left Leg.CFrame = CFrame.new(-0.677467, 0.157115, 0.36846, 0.990141, -0.136791, 0.0301606, 0.137477, 0.907687, -0.396489, 0.0268596, 0.396726, 0.917544)
    Right Arm.CFrame = CFrame.new(0.0618482, -0.345734, 0.398511, 0.812052, -0.467413, -0.349424, 0.564857, 0.47906, 0.671892, -0.146656, -0.742985, 0.653043)
    Head.CFrame = CFrame.new(1.22935e-07, 3.81842e-08, 9.53674e-07, 0.993006, -0.00613256, 0.117907, 0.0151427, 0.997018, -0.0756743, -0.117091, 0.0769304, 0.990137)
    Left Arm.CFrame = CFrame.new(-0.76623, -0.306065, 0.085829, 0.51955, 0.799858, 0.30049, -0.847056, 0.436025, 0.303937, 0.112085, -0.412442, 0.904062)
    Right Leg.CFrame = CFrame.new(0.301929, 0.428058, -0.291275, 0.973619, 0.212023, 0.0843322, -0.167291, 0.411929, 0.895728, 0.155176, -0.886206, 0.436531)

[27]
    Time: 0.866667
    HumanoidRootPart.CFrame = CFrame.new(0, 0, 0, 1, 0, 0, 0, 1, 0, 0, 0, 1)
    Torso.CFrame = CFrame.new(0.138338, -0.457251, -0.547225, 0.973259, -0.129154, -0.189961, 0.0705456, 0.955058, -0.287903, 0.218608, 0.266803, 0.93863)
    Left Leg.CFrame = CFrame.new(-0.631766, 0.240875, 0.353192, 0.997651, -0.0583492, 0.0358867, 0.0665403, 0.949924, -0.305314, -0.0162749, 0.306985, 0.951575)
    Right Arm.CFrame = CFrame.new(0.00280173, -0.335081, 0.297242, 0.669708, -0.731573, -0.127636, 0.528289, 0.348536, 0.774231, -0.521921, -0.585938, 0.6199)
    Head.CFrame = CFrame.new(0, -5.07571e-08, -1.19209e-07, 0.996661, 0.00720425, 0.0813353, 0.00540854, 0.988088, -0.153795, -0.0814744, 0.153721, 0.98475)
    Left Arm.CFrame = CFrame.new(-0.710083, -0.31443, 0.11103, 0.258873, 0.96138, -0.0934506, -0.858503, 0.273346, 0.433883, 0.442671, -0.0320929, 0.89611)
    Right Leg.CFrame = CFrame.new(0.355292, 0.426634, -0.269333, 0.97896, 0.198917, 0.0454852, -0.141747, 0.502591, 0.852825, 0.146781, -0.841329, 0.520212)

[28]
    Time: 0.900000
    HumanoidRootPart.CFrame = CFrame.new(0, 0, 0, 1, 0, 0, 0, 1, 0, 0, 0, 1)
    Torso.CFrame = CFrame.new(0.0725972, -0.465513, -0.459412, 0.983936, -0.115781, -0.135884, 0.0656972, 0.94259, -0.327427, 0.165993, 0.31324, 0.935054)
    Left Leg.CFrame = CFrame.new(-0.54945, 0.312778, 0.320111, 0.996781, 0.0518608, 0.0611441, -0.0400018, 0.982612, -0.18131, -0.0694838, 0.17828, 0.981523)
    Right Arm.CFrame = CFrame.new(-0.074568, -0.382364, 0.132485, 0.337813, -0.936606, 0.0930112, 0.467199, 0.252649, 0.847286, -0.817072, -0.24277, 0.52293)
    Head.CFrame = CFrame.new(1.49012e-07, -5.44824e-08, 2.38419e-07, 0.999016, 0.0181765, 0.0404605, -0.0086783, 0.974648, -0.223575, -0.0434985, 0.223004, 0.973846)
    Left Arm.CFrame = CFrame.new(-0.618036, -0.321972, 0.0998582, -0.245379, 0.813923, -0.526611, -0.778096, 0.158657, 0.607778, 0.578235, 0.55889, 0.594379)
    Right Leg.CFrame = CFrame.new(0.343538, 0.419484, -0.23086, 0.993651, 0.111549, 0.0146524, -0.0820108, 0.628986, 0.773079, 0.0770198, -0.769372, 0.634141)

[29]
    Time: 0.933333
    HumanoidRootPart.CFrame = CFrame.new(0, 0, 0, 1, 0, 0, 0, 1, 0, 0, 0, 1)
    Torso.CFrame = CFrame.new(-0.0030539, -0.470357, -0.398576, 0.993942, -0.0860018, -0.0684298, 0.0548554, 0.927733, -0.36919, 0.0952356, 0.3632, 0.926831)
    Left Leg.CFrame = CFrame.new(-0.462772, 0.408185, 0.277717, 0.981767, 0.153115, 0.112647, -0.150697, 0.988133, -0.0297297, -0.115863, 0.012212, 0.99319)
    Right Arm.CFrame = CFrame.new(-0.197126, -0.520363, 0.0268255, 0.0415352, -0.991685, 0.121801, 0.527675, 0.125291, 0.840156, -0.848431, 0.0293754, 0.528491)
    Head.CFrame = CFrame.new(7.07805e-08, 9.35979e-08, 4.76837e-07, 0.999668, 0.025669, 0.00244168, -0.0239677, 0.95996, -0.27911, -0.0095084, 0.278958, 0.960256)
    Left Arm.CFrame = CFrame.new(-0.46455, -0.35818, 0.465377, -0.589759, 0.367856, -0.718934, -0.728707, 0.141322, 0.670086, 0.348096, 0.919081, 0.184713)
    Right Leg.CFrame = CFrame.new(0.339759, 0.413545, -0.187997, 0.999724, 0.0109498, -0.020797, 0.00546237, 0.752375, 0.658712, 0.02286, -0.658644, 0.752107)

[30]
    Time: 0.966667
    HumanoidRootPart.CFrame = CFrame.new(0, 0, 0, 1, 0, 0, 0, 1, 0, 0, 0, 1)
    Torso.CFrame = CFrame.new(-0.0846514, -0.472107, -0.384401, 0.999274, -0.0366676, 0.0103419, 0.0376844, 0.91141, -0.40977, 0.00559954, 0.409862, 0.91213)
    Left Leg.CFrame = CFrame.new(-0.380129, 0.536469, 0.212645, 0.955577, 0.216504, 0.199998, -0.247529, 0.957852, 0.145769, -0.160009, -0.188798, 0.968892)
    Right Arm.CFrame = CFrame.new(-0.315589, -0.690984, -0.0166568, -0.187657, -0.976558, 0.10545, 0.64003, -0.040135, 0.767301, -0.745081, 0.21148, 0.632558)
    Head.CFrame = CFrame.new(8.75443e-08, 3.72529e-08, 1.19209e-07, 0.999231, 0.0297878, -0.025494, -0.0363175, 0.948218, -0.315538, 0.0147748, 0.316221, 0.948571)
    Left Arm.CFrame = CFrame.new(-0.337047, -0.232494, 0.436219, -0.528643, 0.0746836, -0.845552, -0.842825, 0.0722342, 0.533318, 0.100908, 0.994588, 0.024759)
    Right Leg.CFrame = CFrame.new(0.359122, 0.412974, -0.14393, 0.995671, -0.0822631, -0.0432631, 0.0928396, 0.857996, 0.505197, -0.00443944, -0.507026, 0.861919)

[31]
    Time: 1.000000
    HumanoidRootPart.CFrame = CFrame.new(0, 0, 0, 1, 0, 0, 0, 1, 0, 0, 0, 1)
    Torso.CFrame = CFrame.new(-0.168231, -0.471086, -0.408178, 0.994669, 0.0338249, 0.0974103, 0.013263, 0.894854, -0.446162, -0.102259, 0.445075, 0.889635)
    Left Leg.CFrame = CFrame.new(-0.294946, 0.667283, 0.106651, 0.918226, 0.228602, 0.323421, -0.336665, 0.880637, 0.33337, -0.208608, -0.414993, 0.885586)
    Right Arm.CFrame = CFrame.new(-0.347241, -0.747181, -0.0157667, -0.342339, -0.930306, 0.13166, 0.755554, -0.189277, 0.627146, -0.558517, 0.314172, 0.767694)
    Head.CFrame = CFrame.new(1.07102e-07, 6.56582e-08, -1.19209e-07, 0.998856, 0.031105, -0.0363308, -0.0413363, 0.943548, -0.328645, 0.0240574, 0.329771, 0.943754)
    Left Arm.CFrame = CFrame.new(-0.34181, -0.115671, 0.303226, -0.296837, 0.0848214, -0.951154, -0.953518, 0.0277854, 0.300053, 0.0518792, 0.996009, 0.0726309)
    Right Leg.CFrame = CFrame.new(0.379976, 0.399948, -0.0923039, 0.984605, -0.171903, -0.031654, 0.173118, 0.934033, 0.31243, -0.0241418, -0.3131, 0.949413)

[32]
    Time: 1.033333
    HumanoidRootPart.CFrame = CFrame.new(0, 0, 0, 1, 0, 0, 0, 1, 0, 0, 0, 1)
    Torso.CFrame = CFrame.new(-0.249829, -0.467619, -0.459406, 0.979174, 0.125904, 0.15927, -0.0352116, 0.877914, -0.477523, -0.199947, 0.46197, 0.864063)
    Left Leg.CFrame = CFrame.new(-0.228354, 0.752946, -0.00648165, 0.874673, 0.174427, 0.452242, -0.402603, 0.781001, 0.477439, -0.269923, -0.599677, 0.753345)
    Right Arm.CFrame = CFrame.new(-0.111908, -0.729953, -0.020865, -0.126525, -0.971932, 0.198341, 0.900547, -0.0287055, 0.433809, -0.41594, 0.233503, 0.878903)
    Head.CFrame = CFrame.new(5.58794e-08, 3.06405e-07, 3.57628e-07, 0.999291, 0.0298498, -0.0229261, -0.0355722, 0.94804, -0.316156, 0.0122977, 0.316748, 0.94843)
    Left Arm.CFrame = CFrame.new(-0.441259, -0.0807311, 0.134174, -0.0353823, 0.326648, -0.944484, -0.979752, 0.175017, 0.097233, 0.197062, 0.9288, 0.313841)
    Right Leg.CFrame = CFrame.new(0.399188, 0.385776, -0.0503331, 0.969209, -0.24619, 0.00486247, 0.243252, 0.960333, 0.13634, -0.038235, -0.130959, 0.99065)

[33]
    Time: 1.066667
    HumanoidRootPart.CFrame = CFrame.new(0, 0, 0, 1, 0, 0, 0, 1, 0, 0, 0, 1)
    Torso.CFrame = CFrame.new(-0.32548, -0.462029, -0.530666, 0.957427, 0.229179, 0.17553, -0.113727, 0.858326, -0.500343, -0.26533, 0.459079, 0.847848)
    Left Leg.CFrame = CFrame.new(-0.205255, 0.807122, -0.0842753, 0.829966, 0.0552497, 0.555071, -0.422131, 0.712689, 0.56025, -0.36464, -0.699301, 0.61483)
    Right Arm.CFrame = CFrame.new(0.06192, -0.745807, 0.0153294, 0.408843, -0.887848, 0.211124, 0.833561, 0.457479, 0.30966, -0.371516, 0.0493826, 0.927112)
    Head.CFrame = CFrame.new(-3.72529e-08, 1.37836e-07, 4.76837e-07, 0.999621, 0.0253832, 0.0106247, -0.0213168, 0.958492, -0.28432, -0.0174007, 0.283986, 0.958671)
    Left Arm.CFrame = CFrame.new(-0.543529, -0.125899, 0.0406539, 0.309846, 0.576297, -0.756226, -0.863185, 0.503972, 0.0303919, 0.398632, 0.643346, 0.653604)
    Right Leg.CFrame = CFrame.new(0.430939, 0.411462, -0.0289552, 0.957834, -0.28356, 0.0463397, 0.282747, 0.95891, 0.0233826, -0.0510658, -0.00929427, 0.998652)

[34]
    Time: 1.100000
    HumanoidRootPart.CFrame = CFrame.new(0, 0, 0, 1, 0, 0, 0, 1, 0, 0, 0, 1)
    Torso.CFrame = CFrame.new(-0.39122, -0.45464, -0.593084, 0.930566, 0.328173, 0.162324, -0.207095, 0.837424, -0.505799, -0.301924, 0.437063, 0.847241)
    Left Leg.CFrame = CFrame.new(-0.21973, 0.834534, -0.110381, 0.779347, -0.0983902, 0.618819, -0.398448, 0.684381, 0.610624, -0.483588, -0.722456, 0.494167)
    Right Arm.CFrame = CFrame.new(0.0549981, -0.685633, 0.0929347, 0.857077, -0.424357, 0.292131, 0.323834, 0.884766, 0.335144, -0.400688, -0.192642, 0.895733)
    Head.CFrame = CFrame.new(1.49012e-07, -6.70552e-08, 3.57628e-07, 0.998394, 0.0167143, 0.054125, -0.00314108, 0.970343, -0.24171, -0.0565599, 0.241152, 0.968838)
    Left Arm.CFrame = CFrame.new(-0.548017, -0.163483, 0.0558867, 0.634036, 0.587963, -0.502293, -0.587295, 0.788677, 0.18186, 0.503074, 0.179689, 0.845357)
    Right Leg.CFrame = CFrame.new(0.463791, 0.454535, -0.0219406, 0.952699, -0.290863, 0.0881053, 0.294914, 0.954814, -0.0368218, -0.073414, 0.0610636, 0.99543)

[35]
    Time: 1.133333
    HumanoidRootPart.CFrame = CFrame.new(0, 0, 0, 1, 0, 0, 0, 1, 0, 0, 0, 1)
    Torso.CFrame = CFrame.new(-0.443086, -0.445776, -0.62599, 0.902172, 0.409629, 0.135238, -0.300101, 0.821191, -0.485371, -0.309878, 0.397303, 0.863786)
    Left Leg.CFrame = CFrame.new(-0.257937, 0.828604, -0.0745057, 0.725804, -0.255239, 0.638797, -0.328482, 0.68731, 0.647846, -0.604407, -0.680043, 0.415011)
    Right Arm.CFrame = CFrame.new(0.120985, -0.430346, 0.273762, 0.768397, -0.240857, 0.59292, -0.0460462, 0.903267, 0.4266, -0.638315, -0.3551, 0.682977)
    Head.CFrame = CFrame.new(0, 1.19209e-07, 2.38419e-07, 0.99525, 0.00406341, 0.0972626, 0.0153312, 0.980117, -0.197825, -0.0961327, 0.198377, 0.9754)
    Left Arm.CFrame = CFrame.new(-0.46218, -0.12921, 0.150022, 0.772594, 0.478192, -0.41765, -0.307487, 0.857343, 0.412814, 0.555473, -0.190515, 0.809416)
    Right Leg.CFrame = CFrame.new(0.502074, 0.494615, -0.0268018, 0.95602, -0.265954, 0.123672, 0.274167, 0.960128, -0.0546519, -0.104206, 0.0861552, 0.990817)

[36]
    Time: 1.166667
    HumanoidRootPart.CFrame = CFrame.new(0, 0, 0, 1, 0, 0, 0, 1, 0, 0, 0, 1)
    Torso.CFrame = CFrame.new(-0.477112, -0.43576, -0.634274, 0.87984, 0.463009, 0.107257, -0.377903, 0.8184, -0.43291, -0.28822, 0.340358, 0.895034)
    Left Leg.CFrame = CFrame.new(-0.310092, 0.786571, 0.00897884, 0.676225, -0.399258, 0.619122, -0.209719, 0.701303, 0.681316, -0.706213, -0.590565, 0.390507)
    Right Arm.CFrame = CFrame.new(0.219996, -0.152674, 0.4372, 0.548609, -0.266594, 0.792436, -0.229946, 0.863139, 0.449573, -0.803836, -0.428857, 0.412224)
    Head.CFrame = CFrame.new(-2.98023e-08, 1.78814e-07, 2.38419e-07, 0.991438, -0.0106668, 0.130145, 0.0320221, 0.986086, -0.163122, -0.126594, 0.165893, 0.977984)
    Left Arm.CFrame = CFrame.new(-0.339471, -0.0724637, 0.270531, 0.798401, 0.389742, -0.458974, -0.061221, 0.810849, 0.582045, 0.599006, -0.436606, 0.671243)
    Right Leg.CFrame = CFrame.new(0.557373, 0.533434, -0.0422131, 0.970232, -0.194752, 0.14395, 0.201744, 0.978793, -0.0355472, -0.133975, 0.0635302, 0.988946)

[37]
    Time: 1.200000
    HumanoidRootPart.CFrame = CFrame.new(0, 0, 0, 1, 0, 0, 0, 1, 0, 0, 0, 1)
    Torso.CFrame = CFrame.new(-0.489335, -0.424917, -0.620855, 0.873662, 0.47886, 0.0860647, -0.424922, 0.837153, -0.344408, -0.236972, 0.264325, 0.934867)
    Left Leg.CFrame = CFrame.new(-0.372522, 0.696997, 0.116229, 0.642881, -0.521586, 0.560938, -0.0435394, 0.70626, 0.706613, -0.764727, -0.478691, 0.431332)
    Right Arm.CFrame = CFrame.new(0.315461, -0.03291, 0.549179, 0.299894, -0.429931, 0.8516, -0.258492, 0.82267, 0.506355, -0.918284, -0.371985, 0.13558)
    Head.CFrame = CFrame.new(0, 1.19209e-07, 2.38419e-07, 0.989325, -0.0245162, 0.143651, 0.0460422, 0.98784, -0.148503, -0.138264, 0.153532, 0.978423)
    Left Arm.CFrame = CFrame.new(-0.219656, -0.0762857, 0.39599, 0.773017, 0.29862, -0.559705, 0.128108, 0.790622, 0.598754, 0.621315, -0.53455, 0.572908)
    Right Leg.CFrame = CFrame.new(0.6376, 0.557321, -0.0711265, 0.988213, -0.0624994, 0.139746, 0.0601064, 0.997965, 0.0212834, -0.140792, -0.0126329, 0.989959)

[38]
    Time: 1.233333
    HumanoidRootPart.CFrame = CFrame.new(0, 0, 0, 1, 0, 0, 0, 1, 0, 0, 0, 1)
    Torso.CFrame = CFrame.new(-0.475082, -0.41357, -0.586906, 0.888139, 0.456708, 0.0512497, -0.424079, 0.857405, -0.291571, -0.177104, 0.237222, 0.955175)
    Left Leg.CFrame = CFrame.new(-0.410708, 0.620736, 0.183943, 0.66921, -0.532299, 0.518475, 0.0746532, 0.742375, 0.665812, -0.739314, -0.406863, 0.536543)
    Right Arm.CFrame = CFrame.new(0.356556, 0.0412138, 0.553464, 0.129039, -0.687564, 0.714566, 0.0453497, 0.723928, 0.688383, -0.990602, -0.0564232, 0.124596)
    Head.CFrame = CFrame.new(8.9407e-08, 7.45058e-08, 1.19209e-07, 0.988899, -0.0344685, 0.144537, 0.0576416, 0.985538, -0.159348, -0.136954, 0.16591, 0.976585)
    Left Arm.CFrame = CFrame.new(-0.277765, -0.0577795, 0.365338, 0.413399, 0.73333, -0.539748, -0.423035, 0.679595, 0.599327, 0.806314, -0.0194288, 0.591169)
