[1]
    Time: 0.000000
    HumanoidRootPart.CFrame = CFrame.new(0, 0, 0, 1, 0, 0, 0, 1, 0, 0, 0, 1)
    Torso.CFrame = CFrame.new(1.49012e-08, 2.98023e-08, -0.25, 0.982613, 0.17885, -0.0498539, -0.18359, 0.975997, -0.117152, 0.0277046, 0.124268, 0.991862)
    Left Leg.CFrame = CFrame.new(0.0847111, -0.0398993, 0.0411743, 0.893053, -0.413484, 0.177447, 0.431324, 0.898996, -0.0759347, -0.128127, 0.144351, 0.981196)
    Right Arm.CFrame = CFrame.new(-0.518596, -0.125505, -0.0118122, 0.74747, 0.659324, 0.0811233, -0.663982, 0.737772, 0.121741, 0.0204162, -0.144862, 0.989241)
    Left Arm.CFrame = CFrame.new(-0.250599, -0.259764, -0.0388474, 0.584025, 0.680378, -0.44272, -0.783679, 0.614749, -0.0890537, 0.211572, 0.39896, 0.892227)
    Right Leg.CFrame = CFrame.new(0.44541, 0.551261, 0.00213921, 0.938419, -0.334608, 0.0860699, 0.334116, 0.942309, 0.0204939, -0.0879618, 0.00952539, 0.996078)
    Head.CFrame = CFrame.new(8.75443e-08, -8.3819e-09, 0, 0.982613, -0.183503, 0.0282716, 0.17885, 0.976376, 0.121252, -0.0498539, -0.114088, 0.992219)

[2]
    Time: 0.016667
    HumanoidRootPart.CFrame = CFrame.new(0, 0, 0, 1, 0, 0, 0, 1, 0, 0, 0, 1)
    Torso.CFrame = CFrame.new(0, -0.00948036, -0.338599, 0.985785, 0.161207, -0.0473384, -0.166516, 0.974954, -0.147436, 0.022385, 0.153223, 0.987938)
    Left Leg.CFrame = CFrame.new(-0.0250818, -0.0856485, 0.0573032, 0.854592, -0.489848, 0.172401, 0.506399, 0.859637, -0.0677086, -0.115036, 0.145167, 0.982697)
    Right Arm.CFrame = CFrame.new(-0.460293, -0.154111, -0.0139619, 0.844998, 0.529665, 0.07371, -0.534754, 0.835874, 0.123905, 0.00401605, -0.144117, 0.989553)
    Left Arm.CFrame = CFrame.new(-0.237109, -0.271414, -0.0367108, 0.628042, 0.648939, -0.429467, -0.745971, 0.659193, -0.0948268, 0.221565, 0.379925, 0.89809)
    Right Leg.CFrame = CFrame.new(0.344009, 0.443243, 0.0214518, 0.871725, -0.483992, 0.0764678, 0.484846, 0.874561, 0.00821071, -0.0708496, 0.0299176, 0.997038)
    Head.CFrame = CFrame.new(0.000109693, 6.51926e-08, -2.38419e-07, 0.985785, -0.165487, 0.0290257, 0.161207, 0.980301, 0.114114, -0.0473384, -0.107813, 0.993044)

[3]
    Time: 0.033333
    HumanoidRootPart.CFrame = CFrame.new(0, 0, 0, 1, 0, 0, 0, 1, 0, 0, 0, 1)
    Torso.CFrame = CFrame.new(1.49012e-08, -0.0254549, -0.404397, 0.992369, 0.117993, -0.0357995, -0.12244, 0.977273, -0.173051, 0.0145671, 0.176114, 0.984262)
    Left Leg.CFrame = CFrame.new(-0.234578, -0.143044, 0.0926733, 0.781628, -0.600719, 0.16791, 0.613485, 0.789017, -0.032989, -0.112667, 0.128795, 0.98525)
    Right Arm.CFrame = CFrame.new(-0.386426, -0.175859, -0.0163127, 0.918895, 0.389108, 0.0650226, -0.394375, 0.910226, 0.126319, -0.0100335, -0.141717, 0.989856)
    Left Arm.CFrame = CFrame.new(-0.226435, -0.269474, -0.0382189, 0.662226, 0.628846, -0.407443, -0.713355, 0.695508, -0.0859864, 0.229308, 0.347594, 0.909173)
    Right Leg.CFrame = CFrame.new(0.238326, 0.311184, 0.0441359, 0.792593, -0.608081, 0.0450967, 0.60914, 0.792941, -0.0139234, -0.0272924, 0.0385058, 0.998886)
    Head.CFrame = CFrame.new(0.000420574, -3.49246e-08, 2.38419e-07, 0.992369, -0.12117, 0.0228388, 0.117993, 0.986968, 0.109419, -0.0357996, -0.105889, 0.993733)

[4]
    Time: 0.050000
    HumanoidRootPart.CFrame = CFrame.new(0, 0, 0, 1, 0, 0, 0, 1, 0, 0, 0, 1)
    Torso.CFrame = CFrame.new(7.45058e-09, -0.0404905, -0.445364, 0.997998, 0.0604696, -0.0185394, -0.0628983, 0.97966, -0.19055, 0.00663982, 0.191335, 0.981502)
    Left Leg.CFrame = CFrame.new(-0.32314, -0.131273, 0.126906, 0.740895, -0.643713, 0.191593, 0.651019, 0.758441, 0.0306985, -0.165073, 0.101986, 0.980994)
    Right Arm.CFrame = CFrame.new(-0.301849, -0.190107, -0.0191551, 0.968306, 0.243494, 0.0556273, -0.248759, 0.960163, 0.1273, -0.0224146, -0.137103, 0.990303)
    Left Arm.CFrame = CFrame.new(-0.216695, -0.25817, -0.041662, 0.690875, 0.615004, -0.380081, -0.683398, 0.72708, -0.0657373, 0.23592, 0.305163, 0.922614)
    Right Leg.CFrame = CFrame.new(0.143061, 0.189427, 0.0576179, 0.72147, -0.692444, 0.0010701, 0.691948, 0.720894, -0.0389846, 0.0262233, 0.0288667, 0.999239)
    Head.CFrame = CFrame.new(0.000905943, 1.88593e-08, 2.38419e-07, 0.997998, -0.0620656, 0.0121714, 0.0604696, 0.992735, 0.104026, -0.0185394, -0.103082, 0.9945)

[5]
    Time: 0.066667
    HumanoidRootPart.CFrame = CFrame.new(0, 0, 0, 1, 0, 0, 0, 1, 0, 0, 0, 1)
    Torso.CFrame = CFrame.new(1.33725e-19, -0.0471542, -0.459471, 1, -2.78039e-18, -8.74228e-08, -1.72145e-08, 0.980422, -0.196911, 8.57112e-08, 0.196911, 0.980422)
    Left Leg.CFrame = CFrame.new(-0.354567, -0.097703, 0.151728, 0.722534, -0.657522, 0.213564, 0.654419, 0.750096, 0.0953521, -0.222889, 0.0708652, 0.972265)
    Right Arm.CFrame = CFrame.new(-0.211461, -0.19686, -0.0228529, 0.994018, 0.0987894, 0.0465618, -0.103932, 0.986642, 0.125441, -0.0335477, -0.12953, 0.991008)
    Left Arm.CFrame = CFrame.new(-0.205868, -0.241443, -0.0451523, 0.717593, 0.601965, -0.350285, -0.652837, 0.756584, -0.0372085, 0.242622, 0.255379, 0.935904)
    Right Leg.CFrame = CFrame.new(0.110325, 0.165329, 0.0671259, 0.712244, -0.700298, -0.0478539, 0.697629, 0.713769, -0.0620368, 0.077601, 0.0108011, 0.996926)
    Head.CFrame = CFrame.new(0.00153893, -5.96046e-08, -5.96046e-08, 1, -7.18408e-08, 8.7031e-08, 6.32881e-08, 0.995518, 0.0945726, -9.3435e-08, -0.0945726, 0.995518)

[6]
    Time: 0.083333
    HumanoidRootPart.CFrame = CFrame.new(0, 0, 0, 1, 0, 0, 0, 1, 0, 0, 0, 1)
    Torso.CFrame = CFrame.new(-8.8267e-05, -0.0405026, -0.44964, 0.998416, -0.0539597, 0.0159423, 0.0560239, 0.979618, -0.192899, -0.00520856, 0.193487, 0.981089)
    Left Leg.CFrame = CFrame.new(-0.387219, -0.0850904, 0.133237, 0.732067, -0.662437, 0.158919, 0.651915, 0.748933, 0.118771, -0.197698, 0.0166535, 0.980121)
    Right Arm.CFrame = CFrame.new(-0.119991, -0.196759, -0.0278113, 0.998451, -0.0394786, 0.0391949, 0.0345336, 0.992211, 0.119686, -0.0436147, -0.118147, 0.992038)
    Left Arm.CFrame = CFrame.new(-0.191928, -0.223101, -0.0466667, 0.745423, 0.584273, -0.32089, -0.61776, 0.78636, -0.00325222, 0.250434, 0.200657, 0.947111)
    Right Leg.CFrame = CFrame.new(0.195787, 0.330315, 0.100796, 0.812748, -0.574448, -0.0972164, 0.568609, 0.818456, -0.0825412, 0.126983, 0.011807, 0.991835)
    Head.CFrame = CFrame.new(0.00229269, -0.00220845, -0.000247836, 0.998416, 0.0550614, -0.0115774, -0.0539596, 0.995313, 0.0802575, 0.0159423, -0.0795056, 0.996707)

[7]
    Time: 0.100000
    HumanoidRootPart.CFrame = CFrame.new(0, 0, 0, 1, 0, 0, 0, 1, 0, 0, 0, 1)
    Torso.CFrame = CFrame.new(-0.00033664, -0.0222645, -0.422684, 0.994576, -0.099988, 0.0286397, 0.103546, 0.97782, -0.182062, -0.00980044, 0.184041, 0.98287)
    Left Leg.CFrame = CFrame.new(-0.404163, -0.0844926, 0.100482, 0.743984, -0.663031, 0.0829285, 0.652136, 0.747535, 0.126134, -0.145623, -0.0397613, 0.988541)
    Right Arm.CFrame = CFrame.new(-0.0317951, -0.190963, -0.0344548, 0.985384, -0.166701, 0.0350659, 0.162019, 0.980711, 0.109338, -0.0526163, -0.102059, 0.993386)
    Left Arm.CFrame = CFrame.new(-0.172823, -0.206855, -0.0440456, 0.77682, 0.556402, -0.294903, -0.573519, 0.818504, 0.0335567, 0.26005, 0.143065, 0.954938)
    Right Leg.CFrame = CFrame.new(0.300906, 0.502227, 0.155452, 0.915639, -0.373775, -0.147979, 0.361841, 0.926674, -0.101714, 0.175147, 0.0395884, 0.983746)
    Head.CFrame = CFrame.new(0.00314041, -0.00848098, -0.00120258, 0.994576, 0.101566, -0.0224081, -0.0999879, 0.992998, 0.0629001, 0.0286397, -0.0603185, 0.997768)

[8]
    Time: 0.116667
    HumanoidRootPart.CFrame = CFrame.new(0, 0, 0, 1, 0, 0, 0, 1, 0, 0, 0, 1)
    Torso.CFrame = CFrame.new(-0.000720471, 0.00498551, -0.382408, 0.989598, -0.138723, 0.038113, 0.143166, 0.975659, -0.166109, -0.0141422, 0.169838, 0.985371)
    Left Leg.CFrame = CFrame.new(-0.398529, -0.0870458, 0.0682342, 0.752142, -0.658953, 0.00792563, 0.652994, 0.746852, 0.125745, -0.0887793, -0.0894026, 0.992031)
    Right Arm.CFrame = CFrame.new(0.0492373, -0.180956, -0.0432138, 0.959497, -0.279445, 0.0357326, 0.275157, 0.956794, 0.0939919, -0.0604543, -0.0803529, 0.994932)
    Left Arm.CFrame = CFrame.new(-0.146317, -0.196218, -0.0349622, 0.813332, 0.512368, -0.275628, -0.514409, 0.854623, 0.070734, 0.2718, 0.0842553, 0.958658)
    Right Leg.CFrame = CFrame.new(0.410139, 0.575213, 0.214112, 0.969941, -0.140381, -0.198764, 0.119603, 0.98637, -0.113, 0.211918, 0.0858309, 0.973511)
    Head.CFrame = CFrame.new(0.0040552, -0.0182889, -0.00317967, 0.989598, 0.140149, -0.0324778, -0.138723, 0.989412, 0.0426621, 0.038113, -0.037713, 0.998562)

[9]
    Time: 0.133333
    HumanoidRootPart.CFrame = CFrame.new(0, 0, 0, 1, 0, 0, 0, 1, 0, 0, 0, 1)
    Torso.CFrame = CFrame.new(-0.00121516, 0.0386725, -0.332618, 0.984298, -0.170786, 0.0446103, 0.175556, 0.973486, -0.146643, -0.018383, 0.152172, 0.988183)
    Left Leg.CFrame = CFrame.new(-0.372513, -0.0860484, 0.0444807, 0.756613, -0.651545, -0.0549952, 0.65273, 0.747679, 0.122147, -0.0384654, -0.128315, 0.990987)
    Right Arm.CFrame = CFrame.new(0.119686, -0.168326, -0.0545267, 0.925861, -0.375449, 0.0426538, 0.371871, 0.925378, 0.0734018, -0.0670294, -0.0520982, 0.99639)
    Left Arm.CFrame = CFrame.new(-0.109743, -0.194222, -0.0168887, 0.854841, 0.445111, -0.266691, -0.433182, 0.895116, 0.105455, 0.285659, 0.0253781, 0.957995)
    Right Leg.CFrame = CFrame.new(0.526506, 0.510566, 0.258799, 0.965585, 0.094451, -0.242332, -0.123864, 0.98628, -0.109131, 0.2287, 0.135391, 0.964036)
    Head.CFrame = CFrame.new(0.00501028, -0.0311028, -0.00649476, 0.984298, 0.171484, -0.0418472, -0.170786, 0.98511, 0.0197466, 0.0446103, -0.0122896, 0.998929)

[10]
    Time: 0.150000
    HumanoidRootPart.CFrame = CFrame.new(0, 0, 0, 1, 0, 0, 0, 1, 0, 0, 0, 1)
    Torso.CFrame = CFrame.new(-0.00179605, 0.0762217, -0.27712, 0.979247, -0.196772, 0.0485338, 0.201414, 0.971474, -0.125183, -0.0225168, 0.132361, 0.990946)
    Left Leg.CFrame = CFrame.new(-0.336154, -0.0794929, 0.0304008, 0.758126, -0.643811, -0.1037, 0.652105, 0.748987, 0.117376, 0.00210146, -0.156609, 0.987659)
    Right Arm.CFrame = CFrame.new(0.177768, -0.160351, -0.0565599, 0.886737, -0.454966, 0.0818725, 0.453788, 0.890478, 0.0335489, -0.0881693, 0.00740367, 0.996078)
    Left Arm.CFrame = CFrame.new(-0.0604235, -0.198884, 0.00660813, 0.897488, 0.347452, -0.271647, -0.32213, 0.937114, 0.134345, 0.301243, -0.0330678, 0.952974)
    Right Leg.CFrame = CFrame.new(0.579964, 0.328178, 0.273439, 0.92391, 0.264685, -0.276282, -0.300598, 0.948891, -0.0961605, 0.236709, 0.171893, 0.956254)
    Head.CFrame = CFrame.new(0.00597878, -0.0463941, -0.011464, 0.979247, 0.196245, -0.050622, -0.196772, 0.980433, -0.00559321, 0.0485338, 0.0154381, 0.998702)

[11]
    Time: 0.166667
    HumanoidRootPart.CFrame = CFrame.new(0, 0, 0, 1, 0, 0, 0, 1, 0, 0, 0, 1)
    Torso.CFrame = CFrame.new(-0.0024385, 0.115058, -0.219719, 0.974815, -0.217248, 0.0503815, 0.221441, 0.969699, -0.103194, -0.0264362, 0.111751, 0.993385)
    Left Leg.CFrame = CFrame.new(-0.307185, -0.072438, 0.0230018, 0.753927, -0.641999, -0.139397, 0.656194, 0.746132, 0.112678, 0.031669, -0.176423, 0.983805)
    Right Arm.CFrame = CFrame.new(0.223519, -0.159109, -0.0424198, 0.838896, -0.516517, 0.17165, 0.528058, 0.84879, -0.0266346, -0.131937, 0.112985, 0.984798)
    Left Arm.CFrame = CFrame.new(0.000834599, -0.203349, 0.0302541, 0.931321, 0.220563, -0.289816, -0.18183, 0.971081, 0.154726, 0.315562, -0.0914022, 0.944493)
    Right Leg.CFrame = CFrame.new(0.511906, 0.141002, 0.252113, 0.893616, 0.331363, -0.302738, -0.371007, 0.924937, -0.0827395, 0.252596, 0.186255, 0.949476)
    Head.CFrame = CFrame.new(0.00693383, -0.0636335, -0.018402, 0.974816, 0.215086, -0.0589308, -0.217248, 0.975557, -0.0330516, 0.0503815, 0.0450217, 0.997715)

[12]
    Time: 0.183333
    HumanoidRootPart.CFrame = CFrame.new(0, 0, 0, 1, 0, 0, 0, 1, 0, 0, 0, 1)
    Torso.CFrame = CFrame.new(-0.00311792, 0.152608, -0.164221, 0.97121, -0.232765, 0.0507013, 0.236329, 0.968199, -0.0820968, -0.0299797, 0.0917155, 0.995334)
    Left Leg.CFrame = CFrame.new(-0.310945, -0.0786113, 0.0167495, 0.736347, -0.656439, -0.163953, 0.674901, 0.729784, 0.109197, 0.047969, -0.191058, 0.980406)
    Right Arm.CFrame = CFrame.new(0.255572, -0.158667, -0.0189895, 0.777439, -0.553538, 0.298637, 0.600151, 0.794928, -0.0889302, -0.188168, 0.248365, 0.950214)
    Left Arm.CFrame = CFrame.new(0.0708651, -0.202879, 0.0537618, 0.945554, 0.0714214, -0.317532, -0.0193688, 0.986244, 0.164156, 0.324888, -0.149068, 0.933931)
    Right Leg.CFrame = CFrame.new(0.3535, 0.0222557, 0.201751, 0.894571, 0.310309, -0.321639, -0.350003, 0.933946, -0.0724119, 0.277924, 0.177352, 0.944089)
    Head.CFrame = CFrame.new(0.00784864, -0.0822921, -0.0276257, 0.97121, 0.228633, -0.0669112, -0.232765, 0.970537, -0.0622764, 0.0507013, 0.0760581, 0.995814)

[13]
    Time: 0.200000
    HumanoidRootPart.CFrame = CFrame.new(0, 0, 0, 1, 0, 0, 0, 1, 0, 0, 0, 1)
    Torso.CFrame = CFrame.new(-0.00380965, 0.186294, -0.114431, 0.968515, -0.243872, 0.0500552, 0.246763, 0.967007, -0.0632914, -0.0329688, 0.0736505, 0.996739)
    Left Leg.CFrame = CFrame.new(-0.363566, -0.108323, 0.00680804, 0.699442, -0.691954, -0.178833, 0.713011, 0.692739, 0.108296, 0.0489485, -0.203256, 0.977901)
    Right Arm.CFrame = CFrame.new(0.273372, -0.154811, 0.00826132, 0.697692, -0.561491, 0.444921, 0.672231, 0.727808, -0.135649, -0.247651, 0.39373, 0.885237)
    Left Arm.CFrame = CFrame.new(0.144964, -0.193953, 0.0762805, 0.932581, -0.0891512, -0.349778, 0.153663, 0.974882, 0.161221, 0.326619, -0.2041, 0.922856)
    Right Leg.CFrame = CFrame.new(0.195125, -0.0226147, 0.14947, 0.908838, 0.250026, -0.333918, -0.287333, 0.955513, -0.0665916, 0.302413, 0.156467, 0.940247)
    Head.CFrame = CFrame.new(0.00869632, -0.101841, -0.0394505, 0.968515, 0.237484, -0.0747008, -0.243872, 0.96535, -0.0928785, 0.0500552, 0.108172, 0.992871)

[14]
    Time: 0.216667
    HumanoidRootPart.CFrame = CFrame.new(0, 0, 0, 1, 0, 0, 0, 1, 0, 0, 0, 1)
    Torso.CFrame = CFrame.new(-0.00448905, 0.213544, -0.0741553, 0.966716, -0.251118, 0.0489901, 0.253414, 0.966158, -0.0481603, -0.0352383, 0.0589721, 0.997638)
    Left Leg.CFrame = CFrame.new(-0.467622, -0.156513, -0.00979674, 0.645873, -0.740332, -0.186431, 0.762476, 0.637823, 0.108684, 0.0384479, -0.212346, 0.976438)
    Right Arm.CFrame = CFrame.new(0.279285, -0.145677, 0.0340602, 0.597116, -0.54315, 0.590289, 0.74279, 0.652217, -0.151249, -0.302846, 0.528774, 0.792895)
    Left Arm.CFrame = CFrame.new(0.217523, -0.175325, 0.0965884, 0.890684, -0.248073, -0.380976, 0.323083, 0.934957, 0.146537, 0.319844, -0.253605, 0.912899)
    Right Leg.CFrame = CFrame.new(0.0890286, -0.0337954, 0.113288, 0.918975, 0.197385, -0.341356, -0.232062, 0.970627, -0.0634871, 0.318798, 0.137559, 0.937788)
    Head.CFrame = CFrame.new(0.00945006, -0.121551, -0.0537677, 0.966716, 0.242265, -0.0822689, -0.251118, 0.960009, -0.123785, 0.0489901, 0.140324, 0.988893)

[15]
    Time: 0.233333
    HumanoidRootPart.CFrame = CFrame.new(0, 0, 0, 1, 0, 0, 0, 1, 0, 0, 0, 1)
    Torso.CFrame = CFrame.new(-0.00513153, 0.231783, -0.047199, 0.965732, -0.255059, 0.0480174, 0.256938, 0.965677, -0.0380774, -0.0366573, 0.04911, 0.998121)
    Left Leg.CFrame = CFrame.new(-0.605094, -0.197339, -0.0332729, 0.591028, -0.784083, -0.189471, 0.806251, 0.581608, 0.108129, 0.0254157, -0.216669, 0.975914)
    Right Arm.CFrame = CFrame.new(0.27929, -0.13098, 0.0512943, 0.475322, -0.510316, 0.716692, 0.80726, 0.57689, -0.124617, -0.349858, 0.63779, 0.686166)
    Left Arm.CFrame = CFrame.new(0.283287, -0.148375, 0.113443, 0.824882, -0.393143, -0.406212, 0.475665, 0.870992, 0.122948, 0.305471, -0.294639, 0.90547)
    Right Leg.CFrame = CFrame.new(-0.0173629, -0.0370877, 0.0750983, 0.927773, 0.141203, -0.345396, -0.172422, 0.983118, -0.061231, 0.330919, 0.116362, 0.936457)
    Head.CFrame = CFrame.new(0.0100831, -0.139892, -0.0687776, 0.965732, 0.243835, -0.0889113, -0.255059, 0.955014, -0.151308, 0.0480174, 0.1688, 0.98448)

[16]
    Time: 0.250000
    HumanoidRootPart.CFrame = CFrame.new(0, 0, 0, 1, 0, 0, 0, 1, 0, 0, 0, 1)
    Torso.CFrame = CFrame.new(-0.0057124, 0.238434, -0.0373681, 0.965438, -0.256251, 0.0475994, 0.257974, 0.965539, -0.0344125, -0.0371408, 0.0455025, 0.998274)
    Left Leg.CFrame = CFrame.new(-0.75705, -0.201426, -0.0624228, 0.552062, -0.812062, -0.189163, 0.833655, 0.541849, 0.106863, 0.0157184, -0.216691, 0.976114)
    Right Arm.CFrame = CFrame.new(0.282104, -0.110263, 0.0498425, 0.332539, -0.481632, 0.810832, 0.858687, 0.510138, -0.0491448, -0.389967, 0.712593, 0.583213)
    Left Arm.CFrame = CFrame.new(0.33853, -0.116492, 0.125907, 0.745311, -0.515983, -0.422224, 0.602399, 0.792543, 0.0948203, 0.285705, -0.325018, 0.901519)
    Right Leg.CFrame = CFrame.new(-0.0827355, -0.0357877, 0.0512004, 0.932141, 0.104955, -0.346552, -0.133885, 0.989145, -0.0605504, 0.336435, 0.10284, 0.936075)
    Head.CFrame = CFrame.new(0.0105684, -0.155135, -0.0822528, 0.965438, 0.243175, -0.0937875, -0.256251, 0.951334, -0.171168, 0.0475994, 0.189286, 0.980768)

[17]
    Time: 0.266667
    HumanoidRootPart.CFrame = CFrame.new(0, 0, 0, 1, 0, 0, 0, 1, 0, 0, 0, 1)
    Torso.CFrame = CFrame.new(-0.00620708, 0.235627, -0.0760405, 0.966465, -0.252328, 0.0477041, 0.254111, 0.966508, -0.0359067, -0.0370462, 0.0468247, 0.998216)
    Left Leg.CFrame = CFrame.new(-0.928345, -0.14569, -0.0975131, 0.5247, -0.831143, -0.184097, 0.851259, 0.514036, 0.105478, 0.0069654, -0.212058, 0.977232)
    Right Arm.CFrame = CFrame.new(0.29046, -0.084321, 0.0350337, 0.174358, -0.461384, 0.869899, 0.893065, 0.446218, 0.0576672, -0.414771, 0.766821, 0.489848)
    Left Arm.CFrame = CFrame.new(0.38151, -0.0839181, 0.133471, 0.664198, -0.613179, -0.427612, 0.699712, 0.711287, 0.0668847, 0.263143, -0.34363, 0.901484)
    Right Leg.CFrame = CFrame.new(0.0961876, -0.0342846, 0.116196, 0.916162, 0.208328, -0.342413, -0.243213, 0.968002, -0.0618005, 0.318582, 0.139899, 0.937515)
    Head.CFrame = CFrame.new(0.0108793, -0.165549, -0.09197, 0.966465, 0.238247, -0.0958281, -0.252328, 0.950367, -0.182028, 0.0477041, 0.200104, 0.978613)

[18]
    Time: 0.283333
    HumanoidRootPart.CFrame = CFrame.new(0, 0, 0, 1, 0, 0, 0, 1, 0, 0, 0, 1)
    Torso.CFrame = CFrame.new(-0.00659092, 0.227726, -0.16112, 0.969218, -0.241494, 0.04794, 0.243447, 0.969082, -0.0401729, -0.0367563, 0.0506071, 0.998042)
    Left Leg.CFrame = CFrame.new(-1.08108, 0.0267609, -0.13181, 0.541981, -0.82268, -0.171622, 0.84039, 0.530933, 0.108883, 0.00154387, -0.203242, 0.979127)
    Right Arm.CFrame = CFrame.new(0.299768, -0.0561307, 0.020703, 0.0133466, -0.437944, 0.898903, 0.909838, 0.378204, 0.170751, -0.414748, 0.815578, 0.403506)
    Left Arm.CFrame = CFrame.new(0.414692, -0.0585152, 0.12766, 0.59436, -0.690665, -0.411968, 0.769485, 0.637301, 0.0417256, 0.233729, -0.341804, 0.910242)
    Right Leg.CFrame = CFrame.new(0.288918, -0.0121018, 0.181966, 0.888988, 0.316256, -0.331185, -0.355738, 0.932353, -0.0645699, 0.28836, 0.175217, 0.941354)
    Head.CFrame = CFrame.new(0.0109889, -0.169405, -0.0957033, 0.969218, 0.227497, -0.0941422, -0.241494, 0.952878, -0.183589, 0.0479401, 0.200672, 0.978485)

[19]
    Time: 0.300000
    HumanoidRootPart.CFrame = CFrame.new(0, 0, 0, 1, 0, 0, 0, 1, 0, 0, 0, 1)
    Torso.CFrame = CFrame.new(-0.00683928, 0.215509, -0.2462, 0.973136, -0.225137, 0.04816, 0.227353, 0.972683, -0.0468864, -0.0362885, 0.0565761, 0.997739)
    Left Leg.CFrame = CFrame.new(-1.11866, 0.368854, -0.156708, 0.660842, -0.735324, -0.150288, 0.750459, 0.650042, 0.119396, 0.00989868, -0.191687, 0.981406)
    Right Arm.CFrame = CFrame.new(0.309492, -0.0274649, 0.00760579, -0.140099, -0.41041, 0.901075, 0.907835, 0.310018, 0.282354, -0.39523, 0.857585, 0.329151)
    Left Arm.CFrame = CFrame.new(0.443594, -0.0422211, 0.10513, 0.536778, -0.757361, -0.371852, 0.820307, 0.571574, 0.019993, 0.197399, -0.315765, 0.928077)
    Right Leg.CFrame = CFrame.new(0.422316, 0.0190122, 0.219609, 0.867465, 0.385639, -0.314304, -0.42581, 0.902238, -0.0682043, 0.257275, 0.192999, 0.946869)
    Head.CFrame = CFrame.new(0.0109889, -0.166997, -0.0936978, 0.973136, 0.212041, -0.0896925, -0.225137, 0.957917, -0.178069, 0.04816, 0.193479, 0.979922)

[20]
    Time: 0.316667
    HumanoidRootPart.CFrame = CFrame.new(0, 0, 0, 1, 0, 0, 0, 1, 0, 0, 0, 1)
    Torso.CFrame = CFrame.new(-0.00692755, 0.199755, -0.284873, 0.977648, -0.204651, 0.0482, 0.207201, 0.97671, -0.0557177, -0.0356748, 0.0644594, 0.997282)
    Left Leg.CFrame = CFrame.new(-0.939527, 0.774112, -0.155057, 0.847811, -0.516732, -0.119185, 0.52915, 0.839119, 0.126015, 0.034894, -0.169904, 0.984843)
    Right Arm.CFrame = CFrame.new(0.319906, -0.000267506, -0.00356001, -0.276485, -0.379909, 0.882738, 0.889719, 0.246013, 0.384549, -0.363258, 0.89171, 0.269993)
    Left Arm.CFrame = CFrame.new(0.471384, -0.0298927, 0.0735351, 0.484985, -0.815149, -0.316737, 0.859624, 0.510925, 0.00134111, 0.160736, -0.272925, 0.948512)
    Right Leg.CFrame = CFrame.new(0.481799, 0.0391206, 0.225682, 0.864903, 0.40729, -0.293357, -0.444716, 0.892805, -0.0716054, 0.232746, 0.192392, 0.953318)
    Head.CFrame = CFrame.new(0.0109889, -0.160276, -0.0882283, 0.977648, 0.19279, -0.0838867, -0.20465, 0.964054, -0.169465, 0.0482001, 0.182845, 0.98196)

[21]
    Time: 0.333333
    HumanoidRootPart.CFrame = CFrame.new(0, 0, 0, 1, 0, 0, 0, 1, 0, 0, 0, 1)
    Torso.CFrame = CFrame.new(-0.00633663, 0.181196, -0.274873, 0.982232, -0.181454, 0.0479051, 0.18439, 0.980613, -0.0663288, -0.0349407, 0.0739835, 0.996647)
    Left Leg.CFrame = CFrame.new(-0.685741, 0.992491, -0.11728, 0.962727, -0.257412, -0.0830412, 0.265813, 0.957196, 0.114542, 0.0500021, -0.132346, 0.989942)
    Right Arm.CFrame = CFrame.new(0.331992, 0.0235943, -0.0123523, -0.388551, -0.349342, 0.852636, 0.861566, 0.190346, 0.470609, -0.326699, 0.917458, 0.227022)
    Left Arm.CFrame = CFrame.new(0.500613, -0.016042, 0.0409697, 0.432634, -0.864366, -0.256317, 0.892228, 0.451305, -0.015938, 0.129454, -0.221798, 0.966461)
    Right Leg.CFrame = CFrame.new(0.485877, 0.0432269, 0.210792, 0.879241, 0.392452, -0.270032, -0.425247, 0.902081, -0.0735883, 0.214711, 0.179532, 0.960035)
    Head.CFrame = CFrame.new(0.0109889, -0.149997, -0.0801129, 0.982232, 0.171083, -0.0771437, -0.181454, 0.970676, -0.157681, 0.0479051, 0.168877, 0.984472)

[22]
    Time: 0.350000
    HumanoidRootPart.CFrame = CFrame.new(0, 0, 0, 1, 0, 0, 0, 1, 0, 0, 0, 1)
    Torso.CFrame = CFrame.new(-0.00490929, 0.160367, -0.251026, 0.986472, -0.157005, 0.0471491, 0.160348, 0.983944, -0.0783726, -0.0340872, 0.0848727, 0.995809)
    Left Leg.CFrame = CFrame.new(-0.524276, 1.03963, -0.063824, 0.996721, -0.0621467, -0.0518217, 0.0664162, 0.994148, 0.0852035, 0.0462233, -0.0883658, 0.995015)
    Right Arm.CFrame = CFrame.new(0.347174, 0.0424819, -0.0186259, -0.471737, -0.322705, 0.820564, 0.83157, 0.146607, 0.535721, -0.29318, 0.935076, 0.199192)
    Left Arm.CFrame = CFrame.new(0.533821, 0.00501674, 0.016113, 0.374102, -0.905323, -0.201091, 0.920945, 0.388179, -0.0343133, 0.109124, -0.172357, 0.978971)
    Right Leg.CFrame = CFrame.new(0.472829, 0.0429024, 0.190859, 0.897772, 0.365506, -0.245784, -0.393349, 0.916407, -0.0739884, 0.198195, 0.163104, 0.966497)
    Head.CFrame = CFrame.new(0.0109889, -0.136913, -0.070168, 0.986472, 0.148286, -0.0698921, -0.157005, 0.977242, -0.142646, 0.0471491, 0.151689, 0.987303)

[23]
    Time: 0.366667
    HumanoidRootPart.CFrame = CFrame.new(0, 0, 0, 1, 0, 0, 0, 1, 0, 0, 0, 1)
    Torso.CFrame = CFrame.new(-0.00316365, 0.137759, -0.222564, 0.990083, -0.132794, 0.0458512, 0.136538, 0.9864, -0.0914974, -0.0330773, 0.0968504, 0.994749)
    Left Leg.CFrame = CFrame.new(-0.450526, 1.00856, -0.0155162, 0.997284, 0.0672439, -0.0300573, -0.0656124, 0.996473, 0.0523183, 0.0334693, -0.050204, 0.998178)
    Right Arm.CFrame = CFrame.new(0.366966, 0.0549419, -0.0224195, -0.523463, -0.304227, 0.795885, 0.808367, 0.117919, 0.576747, -0.269312, 0.945273, 0.184201)
    Left Arm.CFrame = CFrame.new(0.582723, 0.0403619, 0.0063349, 0.308834, -0.937625, -0.159625, 0.945575, 0.32077, -0.0547296, 0.102519, -0.134035, 0.98566)
    Right Leg.CFrame = CFrame.new(0.450286, 0.0407342, 0.170108, 0.916769, 0.332043, -0.221996, -0.355218, 0.931927, -0.07303, 0.182635, 0.145809, 0.972309)
    Head.CFrame = CFrame.new(0.0109889, -0.121778, -0.0592142, 0.990083, 0.125801, -0.0625351, -0.132794, 0.983315, -0.124327, 0.0458512, 0.131398, 0.990269)

[24]
    Time: 0.383333
    HumanoidRootPart.CFrame = CFrame.new(0, 0, 0, 1, 0, 0, 0, 1, 0, 0, 0, 1)
    Torso.CFrame = CFrame.new(-0.00161783, 0.113861, -0.198718, 0.992921, -0.110334, 0.0439855, 0.114436, 0.987829, -0.105353, -0.0318261, 0.109641, 0.993462)
    Left Leg.CFrame = CFrame.new(-0.415883, 0.950453, 0.0184329, 0.986893, 0.160713, -0.0146205, -0.160281, 0.986701, 0.0270483, 0.0187731, -0.0243504, 0.999527)
    Right Arm.CFrame = CFrame.new(0.392628, 0.0594788, -0.0237293, -0.541444, -0.2975, 0.786341, 0.799396, 0.10751, 0.591108, -0.260394, 0.948649, 0.17961)
    Left Arm.CFrame = CFrame.new(0.635472, 0.0783001, 0.0064795, 0.254289, -0.958155, -0.131436, 0.961754, 0.264837, -0.0699354, 0.101818, -0.108625, 0.988855)
    Right Leg.CFrame = CFrame.new(0.428828, 0.0398057, 0.152343, 0.932837, 0.299661, -0.200044, -0.318851, 0.945137, -0.0710618, 0.167775, 0.130073, 0.977206)
    Head.CFrame = CFrame.new(0.0109889, -0.105347, -0.0480689, 0.992921, 0.105061, -0.0554122, -0.110334, 0.988571, -0.102734, 0.0439855, 0.10812, 0.993164)

[25]
    Time: 0.400000
    HumanoidRootPart.CFrame = CFrame.new(0, 0, 0, 1, 0, 0, 0, 1, 0, 0, 0, 1)
    Torso.CFrame = CFrame.new(-0.000789925, 0.0891624, -0.188718, 0.994969, -0.0911451, 0.0415861, 0.0955253, 0.988216, -0.1196, -0.030195, 0.122971, 0.991951)
    Left Leg.CFrame = CFrame.new(-0.393403, 0.883861, 0.0405579, 0.971453, 0.237202, -0.00370556, -0.237161, 0.971428, 0.00905997, 0.00574869, -0.00792252, 0.999952)
    Right Arm.CFrame = CFrame.new(0.416776, 0.0374603, -0.0255576, -0.533567, -0.285042, 0.796277, 0.809415, 0.100927, 0.578499, -0.245262, 0.953187, 0.176866)
    Left Arm.CFrame = CFrame.new(0.660361, 0.0961665, 0.00638771, 0.232221, -0.96588, -0.114667, 0.9679, 0.241125, -0.0709127, 0.0961422, -0.0945189, 0.99087)
    Right Leg.CFrame = CFrame.new(0.423265, 0.0439945, 0.140959, 0.943088, 0.278774, -0.181304, -0.294895, 0.953071, -0.0685073, 0.153697, 0.118074, 0.981038)
    Head.CFrame = CFrame.new(0.0109889, -0.0883735, -0.0375509, 0.994969, 0.087519, -0.0487571, -0.091145, 0.992785, -0.0779166, 0.0415861, 0.0819685, 0.995767)

[26]
    Time: 0.416667
    HumanoidRootPart.CFrame = CFrame.new(0, 0, 0, 1, 0, 0, 0, 1, 0, 0, 0, 1)
    Torso.CFrame = CFrame.new(-0.0005292, 0.0642133, -0.200352, 0.99634, -0.0762805, 0.038577, 0.0808025, 0.987698, -0.133879, -0.0278901, 0.136506, 0.990247)
    Left Leg.CFrame = CFrame.new(-0.372009, 0.815746, 0.0544666, 0.951908, 0.306368, 0.0032331, -0.306355, 0.951909, -0.00399304, -0.00430099, 0.00281056, 0.999987)
    Right Arm.CFrame = CFrame.new(0.433411, -0.0184865, -0.0297675, -0.510391, -0.254977, 0.821272, 0.834905, 0.0818488, 0.544274, -0.205997, 0.963477, 0.171106)
    Left Arm.CFrame = CFrame.new(0.658631, 0.0874553, 0.00211036, 0.252143, -0.961777, -0.106817, 0.96458, 0.25864, -0.0518833, 0.0775271, -0.0899512, 0.992924)
    Right Leg.CFrame = CFrame.new(0.477034, 0.0537578, 0.143531, 0.931463, 0.322386, -0.168652, -0.336579, 0.93955, -0.0629266, 0.13817, 0.115378, 0.983665)
    Head.CFrame = CFrame.new(0.0109889, -0.0715656, -0.028334, 0.99634, 0.074177, -0.0424814, -0.0762805, 0.99582, -0.0502421, 0.038577, 0.0532988, 0.997833)

[27]
    Time: 0.433333
    HumanoidRootPart.CFrame = CFrame.new(0, 0, 0, 1, 0, 0, 0, 1, 0, 0, 0, 1)
    Torso.CFrame = CFrame.new(-0.000333264, 0.0398097, -0.231023, 0.997278, -0.0649543, 0.0348857, 0.0694261, 0.986586, -0.147744, -0.0248211, 0.149764, 0.98841)
    Left Leg.CFrame = CFrame.new(-0.350408, 0.741054, 0.0631884, 0.928219, 0.371952, 0.00783357, -0.371825, 0.928197, -0.0140031, -0.0124796, 0.0100852, 0.999871)
    Right Arm.CFrame = CFrame.new(0.44562, -0.0931841, -0.0344111, -0.472457, -0.218675, 0.853795, 0.868201, 0.0512645, 0.493558, -0.151698, 0.97445, 0.165633)
    Left Arm.CFrame = CFrame.new(0.651742, 0.0626353, -0.00267011, 0.306618, -0.946105, -0.104261, 0.950555, 0.310037, -0.0179381, 0.0492962, -0.0936063, 0.994388)
    Right Leg.CFrame = CFrame.new(0.570025, 0.0504978, 0.153261, 0.887523, 0.431616, -0.161275, -0.444346, 0.894359, -0.0517573, 0.121899, 0.117598, 0.985551)
    Head.CFrame = CFrame.new(0.0109889, -0.0554475, -0.0205106, 0.997278, 0.0641602, -0.0363254, -0.0649542, 0.997665, -0.0211169, 0.0348857, 0.0234189, 0.999117)

[28]
    Time: 0.450000
    HumanoidRootPart.CFrame = CFrame.new(0, 0, 0, 1, 0, 0, 0, 1, 0, 0, 0, 1)
    Torso.CFrame = CFrame.new(-0.000192858, 0.0168089, -0.274385, 0.997968, -0.0559083, 0.0305736, 0.0601156, 0.985163, -0.160747, -0.0211329, 0.162258, 0.986522)
    Left Leg.CFrame = CFrame.new(-0.325866, 0.651073, 0.0686131, 0.898988, 0.437824, 0.0114311, -0.437508, 0.89893, -0.0226113, -0.0201755, 0.0153261, 0.999679)
    Right Arm.CFrame = CFrame.new(0.456546, -0.171937, -0.0379944, -0.421753, -0.187651, 0.88708, 0.902132, 0.011353, 0.431311, -0.0910067, 0.98217, 0.164497)
    Left Arm.CFrame = CFrame.new(0.637461, 0.024837, -0.00681609, 0.390999, -0.914612, -0.102977, 0.920211, 0.390683, 0.0240713, 0.0182154, -0.104172, 0.994393)
    Right Leg.CFrame = CFrame.new(0.643538, 0.0155612, 0.157897, 0.819935, 0.551129, -0.1548, -0.562137, 0.826271, -0.0357456, 0.108207, 0.116328, 0.987299)
    Head.CFrame = CFrame.new(0.0109889, -0.0404974, -0.0140312, 0.997968, 0.0561204, -0.0301823, -0.0559082, 0.998405, 0.00782955, 0.0305736, -0.0061262, 0.999514)

[29]
    Time: 0.466667
    HumanoidRootPart.CFrame = CFrame.new(0, 0, 0, 1, 0, 0, 0, 1, 0, 0, 0, 1)
    Torso.CFrame = CFrame.new(-9.87425e-05, -0.00393206, -0.324094, 0.998524, -0.0478707, 0.0256712, 0.0515918, 0.983668, -0.17244, -0.0169971, 0.17351, 0.984685)
    Left Leg.CFrame = CFrame.new(-0.293473, 0.545869, 0.0716448, 0.863075, 0.504861, 0.0147347, -0.504274, 0.862981, -0.0311621, -0.0284483, 0.0194648, 0.999406)
    Right Arm.CFrame = CFrame.new(0.469124, -0.240754, -0.0396852, -0.362408, -0.172898, 0.915842, 0.931486, -0.0339326, 0.362192, -0.0315454, 0.984355, 0.17335)
    Left Arm.CFrame = CFrame.new(0.612681, -0.0222735, -0.00952011, 0.499039, -0.86086, -0.0994008, 0.866539, 0.494608, 0.0668832, -0.00841262, -0.119512, 0.992797)
    Right Leg.CFrame = CFrame.new(0.667644, -0.0430875, 0.153837, 0.752599, 0.641923, -0.146732, -0.65083, 0.75902, -0.0175942, 0.100078, 0.108739, 0.98902)
    Head.CFrame = CFrame.new(0.0109889, -0.0271934, -0.0088439, 0.998524, 0.0487256, -0.0240087, -0.0478706, 0.998241, 0.0349862, 0.0256712, -0.0337852, 0.999099)

[30]
    Time: 0.483333
    HumanoidRootPart.CFrame = CFrame.new(0, 0, 0, 1, 0, 0, 0, 1, 0, 0, 0, 1)
    Torso.CFrame = CFrame.new(-4.16599e-05, -0.021556, -0.373803, 0.999013, -0.0395593, 0.0201803, 0.0425817, 0.982307, -0.182372, -0.0126088, 0.183051, 0.983023)
    Left Leg.CFrame = CFrame.new(-0.249755, 0.429465, 0.0724555, 0.820252, 0.571684, 0.0190531, -0.570705, 0.82018, -0.040012, -0.0385012, 0.0219462, 0.999018)
    Right Arm.CFrame = CFrame.new(0.485917, -0.286258, -0.0390201, -0.300084, -0.184481, 0.935904, 0.953692, -0.0791145, 0.290193, 0.0205087, 0.979647, 0.199679)
    Left Arm.CFrame = CFrame.new(0.57403, -0.0742162, -0.0107911, 0.621851, -0.777747, -0.0917114, 0.782788, 0.613811, 0.102365, -0.0233203, -0.135446, 0.99051)
    Right Leg.CFrame = CFrame.new(0.635861, -0.0943607, 0.143259, 0.716977, 0.683335, -0.137832, -0.689968, 0.72384, -0.000478149, 0.0994414, 0.0954422, 0.990456)
    Head.CFrame = CFrame.new(0.0109889, -0.0160134, -0.00489849, 0.999014, 0.0406706, -0.0178349, -0.0395593, 0.997487, 0.0587712, 0.0201803, -0.0580077, 0.998112)

[31]
    Time: 0.500000
    HumanoidRootPart.CFrame = CFrame.new(0, 0, 0, 1, 0, 0, 0, 1, 0, 0, 0, 1)
    Torso.CFrame = CFrame.new(-1.23456e-05, -0.0352058, -0.417166, 0.99946, -0.029682, 0.0140834, 0.0318198, 0.981252, -0.190083, -0.00817732, 0.190428, 0.981667)
    Left Leg.CFrame = CFrame.new(-0.194702, 0.309202, 0.0710458, 0.772292, 0.634754, 0.0255547, -0.633211, 0.772403, -0.0493675, -0.0510748, 0.0219446, 0.998454)
    Right Arm.CFrame = CFrame.new(0.509218, -0.295488, -0.0351111, -0.240781, -0.231789, 0.942496, 0.968708, -0.11767, 0.218539, 0.0602485, 0.965623, 0.252868)
    Left Arm.CFrame = CFrame.new(0.518596, -0.125504, -0.0118121, 0.74747, -0.659324, -0.0811233, 0.663982, 0.737772, 0.121741, -0.0204161, -0.144862, 0.989241)
    Right Leg.CFrame = CFrame.new(0.569442, -0.122578, 0.129246, 0.714105, 0.688328, -0.127513, -0.692524, 0.721239, 0.0150122, 0.102301, 0.0775855, 0.991723)
    Head.CFrame = CFrame.new(0.0109889, -0.00743582, -0.00214249, 0.99946, 0.0306837, -0.0117418, -0.029682, 0.99654, 0.0776376, 0.0140834, -0.0772471, 0.996913)

[32]
    Time: 0.516667
    HumanoidRootPart.CFrame = CFrame.new(0, 0, 0, 1, 0, 0, 0, 1, 0, 0, 0, 1)
    Torso.CFrame = CFrame.new(-1.546e-06, -0.0440242, -0.447837, 0.99983, -0.0169349, 0.00735822, 0.0180453, 0.980618, -0.195096, -0.00391167, 0.195196, 0.980756)
    Left Leg.CFrame = CFrame.new(-0.136991, 0.203375, 0.0681293, 0.727373, 0.685333, 0.0353151, -0.683029, 0.727982, -0.0592817, -0.0663365, 0.0189988, 0.997616)
    Right Arm.CFrame = CFrame.new(0.530272, -0.275498, -0.0438629, -0.159602, -0.341164, 0.926356, 0.985886, -0.103149, 0.13187, 0.0505636, 0.934327, 0.352811)
    Left Arm.CFrame = CFrame.new(0.438194, -0.168558, -0.0134944, 0.86111, -0.503673, -0.0693101, 0.508382, 0.851371, 0.129284, -0.00610824, -0.146564, 0.989182)
    Right Leg.CFrame = CFrame.new(0.490053, -0.130075, 0.113896, 0.728961, 0.674925, -0.11442, -0.676568, 0.735779, 0.0297521, 0.104268, 0.0557245, 0.992987)
    Head.CFrame = CFrame.new(0.0109889, -0.0019387, -0.000527322, 0.99983, 0.0175285, -0.00580385, -0.0169348, 0.995791, 0.0900702, 0.00735821, -0.0899566, 0.995919)

[33]
    Time: 0.533333
    HumanoidRootPart.CFrame = CFrame.new(0, 0, 0, 1, 0, 0, 0, 1, 0, 0, 0, 1)
    Torso.CFrame = CFrame.new(1.33725e-19, -0.0471542, -0.459471, 1, -2.78039e-18, -8.74228e-08, -1.72145e-08, 0.980422, -0.196911, 8.57112e-08, 0.196911, 0.980422)
    Left Leg.CFrame = CFrame.new(-0.109603, 0.161447, 0.0685447, 0.712001, 0.700443, 0.0493353, -0.697137, 0.713546, -0.0696527, -0.0839908, 0.0151993, 0.996351)
    Right Arm.CFrame = CFrame.new(0.534255, -0.251887, -0.0682219, -0.0242675, -0.500002, 0.865684, 0.999497, 0.00554066, 0.0312188, -0.0204059, 0.866007, 0.499616)
    Left Arm.CFrame = CFrame.new(0.332116, -0.196774, -0.0161455, 0.946155, -0.318822, -0.0560648, 0.323555, 0.936828, 0.132913, 0.0101476, -0.143896, 0.989541)
    Right Leg.CFrame = CFrame.new(0.422828, -0.126978, 0.0999566, 0.741802, 0.663552, -0.0971025, -0.662731, 0.747494, 0.0451721, 0.102558, 0.030844, 0.994249)
    Head.CFrame = CFrame.new(0.0109889, -5.96046e-08, -5.96046e-08, 1, -7.18408e-08, 8.7031e-08, 6.32881e-08, 0.995518, 0.0945726, -9.3435e-08, -0.0945726, 0.995518)

[34]
    Time: 0.550000
    HumanoidRootPart.CFrame = CFrame.new(0, 0, 0, 1, 0, 0, 0, 1, 0, 0, 0, 1)
    Torso.CFrame = CFrame.new(-8.82596e-05, -0.0405027, -0.44964, 0.999726, 0.0220269, -0.00788741, -0.0231363, 0.98087, -0.193287, 0.00347902, 0.193416, 0.981111)
    Left Leg.CFrame = CFrame.new(-0.197686, 0.314625, 0.0916926, 0.802535, 0.592518, 0.0697071, -0.587645, 0.805242, -0.0791184, -0.10301, 0.0225323, 0.994425)
    Right Arm.CFrame = CFrame.new(0.508857, -0.234346, -0.0871237, 0.163363, -0.645526, 0.746062, 0.979895, 0.193964, -0.0467379, -0.114539, 0.738698, 0.664234)
    Left Arm.CFrame = CFrame.new(0.211672, -0.207676, -0.0208848, 0.991659, -0.121243, -0.0437397, 0.125978, 0.983475, 0.130024, 0.0272524, -0.134449, 0.990546)
    Right Leg.CFrame = CFrame.new(0.370183, -0.119044, 0.0874232, 0.748988, 0.658386, -0.0744563, -0.655496, 0.752676, 0.0616799, 0.0966507, 0.00260827, 0.995315)
    Head.CFrame = CFrame.new(0.0109889, -0.00220848, -0.000247955, 0.999726, -0.0226475, 0.00587268, 0.0220269, 0.995691, 0.0900779, -0.00788741, -0.0899239, 0.995917)

[35]
    Time: 0.566667
    HumanoidRootPart.CFrame = CFrame.new(0, 0, 0, 1, 0, 0, 0, 1, 0, 0, 0, 1)
    Torso.CFrame = CFrame.new(-0.000336621, -0.0222644, -0.422683, 0.998705, 0.0483374, -0.0158916, -0.0504334, 0.981782, -0.183197, 0.00674677, 0.183762, 0.982948)
    Left Leg.CFrame = CFrame.new(-0.315137, 0.500202, 0.128538, 0.911947, 0.398662, 0.097061, -0.39136, 0.916202, -0.0860875, -0.123247, 0.0405215, 0.991548)
    Right Arm.CFrame = CFrame.new(0.442858, -0.221286, -0.0896682, 0.378247, -0.717679, 0.584693, 0.905014, 0.419487, -0.0705703, -0.194624, 0.555849, 0.808179)
    Left Arm.CFrame = CFrame.new(0.0892407, -0.202816, -0.028528, 0.996923, 0.0699179, -0.0354513, -0.0652419, 0.990718, 0.119255, 0.0434603, -0.116575, 0.992231)
    Right Leg.CFrame = CFrame.new(0.313495, -0.102172, 0.0749441, 0.760908, 0.647146, -0.0471356, -0.643076, 0.76181, 0.0780925, 0.0864457, -0.0291094, 0.995831)
    Head.CFrame = CFrame.new(0.0109889, -0.00848109, -0.00120264, 0.998705, -0.049419, 0.0121166, 0.0483375, 0.995827, 0.07741, -0.0158916, -0.076724, 0.996926)

[36]
    Time: 0.583333
    HumanoidRootPart.CFrame = CFrame.new(0, 0, 0, 1, 0, 0, 0, 1, 0, 0, 0, 1)
    Torso.CFrame = CFrame.new(-0.000720456, 0.00498551, -0.382408, 0.996703, 0.0776522, -0.0235318, -0.0805112, 0.982501, -0.167957, 0.0100778, 0.169298, 0.985513)
    Left Leg.CFrame = CFrame.new(-0.435085, 0.591313, 0.167437, 0.977242, 0.16715, 0.130611, -0.156306, 0.98366, -0.0893441, -0.14341, 0.0668956, 0.9874)
    Right Arm.CFrame = CFrame.new(0.339956, -0.2067, -0.077359, 0.581026, -0.693706, 0.425655, 0.77701, 0.628432, -0.0364533, -0.242207, 0.351918, 0.904151)
    Left Arm.CFrame = CFrame.new(-0.0240761, -0.187351, -0.0395983, 0.970487, 0.238708, -0.0342581, -0.234301, 0.966972, 0.100342, 0.057079, -0.0893536, 0.994363)
    Right Leg.CFrame = CFrame.new(0.255225, -0.0770544, 0.0637257, 0.775747, 0.630832, -0.0163537, -0.626949, 0.773402, 0.0937193, 0.0717692, -0.0624496, 0.995464)
    Head.CFrame = CFrame.new(0.0109889, -0.0182888, -0.00317961, 0.996703, -0.0788705, 0.0190542, 0.0776523, 0.995297, 0.0579078, -0.0235318, -0.0562372, 0.99814)

[37]
    Time: 0.600000
    HumanoidRootPart.CFrame = CFrame.new(0, 0, 0, 1, 0, 0, 0, 1, 0, 0, 0, 1)
    Torso.CFrame = CFrame.new(-0.00121514, 0.0386725, -0.332618, 0.993617, 0.108634, -0.0303857, -0.111972, 0.982487, -0.148932, 0.0136745, 0.151384, 0.98838)
    Left Leg.CFrame = CFrame.new(-0.558142, 0.540001, 0.203853, 0.982985, -0.0707251, 0.169522, 0.0864859, 0.992407, -0.0874602, -0.162049, 0.100633, 0.981638)
    Right Arm.CFrame = CFrame.new(0.220476, -0.192973, -0.0540295, 0.743004, -0.592413, 0.311435, 0.614687, 0.788096, 0.032634, -0.264773, 0.167187, 0.949707)
    Left Arm.CFrame = CFrame.new(-0.119687, -0.168327, -0.0545265, 0.925861, 0.375449, -0.0426536, -0.371871, 0.925378, 0.0734016, 0.0670293, -0.0520982, 0.99639)
    Right Leg.CFrame = CFrame.new(0.199696, -0.0458401, 0.0546601, 0.791027, 0.611557, 0.016565, -0.60948, 0.785417, 0.107953, 0.0530089, -0.0954896, 0.994018)
    Head.CFrame = CFrame.new(0.0109889, -0.0311029, -0.00649482, 0.993617, -0.109537, 0.0269537, 0.108635, 0.993536, 0.032923, -0.0303858, -0.0297848, 0.999094)

[38]
    Time: 0.616667
    HumanoidRootPart.CFrame = CFrame.new(0, 0, 0, 1, 0, 0, 0, 1, 0, 0, 0, 1)
    Torso.CFrame = CFrame.new(-0.00179602, 0.0762217, -0.27712, 0.989506, 0.139899, -0.0361405, -0.143413, 0.981408, -0.127556, 0.0176235, 0.131401, 0.991173)
    Left Leg.CFrame = CFrame.new(-0.616272, 0.360097, 0.226791, 0.945209, -0.248919, 0.211235, 0.270671, 0.959279, -0.080755, -0.182532, 0.133506, 0.974094)
    Right Arm.CFrame = CFrame.new(0.109743, -0.194222, -0.0168886, 0.854841, -0.445111, 0.266691, 0.433182, 0.895116, 0.105456, -0.285659, 0.0253779, 0.957995)
