[1]
    Time: 0.000000
    HumanoidRootPart.CFrame = CFrame.new(0, 0, 0, 1, 0, 0, 0, 1, 0, 0, 0, 1)
    Torso.CFrame = CFrame.new(-0.455109, -0.0781136, -0.120457, 0.828983, 0.506371, -0.237433, -0.55926, 0.747661, -0.358093, -0.00380835, 0.42964, 0.902992)
    Left Leg.CFrame = CFrame.new(-0.872313, 1.61277, -0.83363, 0.810733, 0.202541, -0.549263, -0.0113568, 0.943508, 0.331156, 0.585306, -0.262241, 0.767233)
    Right Arm.CFrame = CFrame.new(0.418287, 0.728691, 0.153865, -0.882303, 0.409173, -0.232637, -0.410513, -0.910746, -0.044948, -0.230264, 0.0558425, 0.971525)
    Head.CFrame = CFrame.new(-0.000835665, 0.0861823, -0.0194499, 0.95002, -0.278141, -0.141777, 0.30334, 0.929775, 0.208575, 0.0738071, -0.241157, 0.967676)
    Right Leg.CFrame = CFrame.new(-0.608355, -0.32887, -0.465201, 0.453976, -0.576599, -0.679294, 0.541924, 0.783841, -0.30317, 0.707265, -0.230493, 0.668318)
    Left Arm.CFrame = CFrame.new(0.653827, 0.146564, 0.408377, 0.67219, 0.369856, -0.64138, -0.452939, 0.890691, 0.0389261, 0.585668, 0.26434, 0.766236)

[2]
    Time: 0.041667
    HumanoidRootPart.CFrame = CFrame.new(0, 0, 0, 1, 0, 0, 0, 1, 0, 0, 0, 1)
    Torso.CFrame = CFrame.new(-0.455109, -0.0781136, -0.120457, 0.828983, 0.506371, -0.237433, -0.55926, 0.747661, -0.358093, -0.00380835, 0.42964, 0.902992)
    Left Leg.CFrame = CFrame.new(-0.943693, 1.55099, -0.858083, 0.821602, 0.156938, -0.548034, 0.0415078, 0.942337, 0.332081, 0.568549, -0.295585, 0.767712)
    Right Arm.CFrame = CFrame.new(0.433015, 0.707924, 0.155635, -0.888438, 0.403154, -0.219422, -0.39695, -0.914877, -0.0736984, -0.230455, 0.0216228, 0.972843)
    Head.CFrame = CFrame.new(-0.000835665, 0.0861823, -0.0194499, 0.95002, -0.278141, -0.141777, 0.30334, 0.929775, 0.208575, 0.0738071, -0.241157, 0.967676)
    Right Leg.CFrame = CFrame.new(-0.608355, -0.32887, -0.465201, 0.453976, -0.576599, -0.679294, 0.541924, 0.783841, -0.30317, 0.707265, -0.230493, 0.668318)
    Left Arm.CFrame = CFrame.new(0.635109, 0.146465, 0.395366, 0.694256, 0.318758, -0.645292, -0.389437, 0.920363, 0.0356491, 0.605266, 0.226551, 0.763104)

[3]
    Time: 0.083333
    HumanoidRootPart.CFrame = CFrame.new(0, 0, 0, 1, 0, 0, 0, 1, 0, 0, 0, 1)
    Torso.CFrame = CFrame.new(-0.239246, -0.0707703, -0.138009, 0.912263, 0.329047, -0.243933, -0.400015, 0.843798, -0.357763, 0.0881097, 0.42395, 0.901389)
    Left Leg.CFrame = CFrame.new(-0.988251, 1.11491, -0.504237, 0.933353, -0.0463881, -0.35595, 0.123548, 0.972543, 0.197219, 0.337028, -0.228052, 0.913457)
    Right Arm.CFrame = CFrame.new(0.635803, 0.24404, 0.0998687, -0.930707, 0.364151, -0.0343237, -0.33722, -0.817942, 0.466104, 0.141658, 0.445381, 0.884064)
    Head.CFrame = CFrame.new(0.0175977, 0.0850593, -0.0197607, 0.974912, -0.105828, -0.195825, 0.142476, 0.972602, 0.183702, 0.171019, -0.206994, 0.963279)
    Right Leg.CFrame = CFrame.new(0.0962702, 0.226324, 0.106897, 0.882996, -0.185929, -0.430985, 0.23434, 0.970204, 0.0615598, 0.406698, -0.155354, 0.900257)
    Left Arm.CFrame = CFrame.new(0.529172, -0.123762, 0.523304, -0.0864175, 0.944134, -0.318029, -0.864337, 0.0876957, 0.495209, 0.495433, 0.317679, 0.808471)

[4]
    Time: 0.166667
    HumanoidRootPart.CFrame = CFrame.new(0, 0, 0, 1, 0, 0, 0, 1, 0, 0, 0, 1)
    Torso.CFrame = CFrame.new(-0.239246, -0.0707703, -0.138009, 0.912263, 0.329047, -0.243933, -0.400015, 0.843798, -0.357763, 0.0881097, 0.42395, 0.901389)
    Left Leg.CFrame = CFrame.new(-0.988251, 1.11491, -0.504237, 0.933353, -0.0463881, -0.35595, 0.123548, 0.972543, 0.197219, 0.337028, -0.228052, 0.913457)
    Right Arm.CFrame = CFrame.new(0.635803, 0.24404, 0.0998687, -0.930707, 0.364151, -0.0343237, -0.33722, -0.817942, 0.466104, 0.141658, 0.445381, 0.884064)
    Head.CFrame = CFrame.new(0.0175977, 0.0850593, -0.0197607, 0.974912, -0.105828, -0.195825, 0.142476, 0.972602, 0.183702, 0.171019, -0.206994, 0.963279)
    Right Leg.CFrame = CFrame.new(0.0962702, 0.226324, 0.106897, 0.882996, -0.185929, -0.430985, 0.23434, 0.970204, 0.0615598, 0.406698, -0.155354, 0.900257)
    Left Arm.CFrame = CFrame.new(0.529172, -0.123762, 0.523304, -0.0864175, 0.944134, -0.318029, -0.864337, 0.0876957, 0.495209, 0.495433, 0.317679, 0.808471)

[5]
    Time: 0.208333
    HumanoidRootPart.CFrame = CFrame.new(0, 0, 0, 1, 0, 0, 0, 1, 0, 0, 0, 1)
    Torso.CFrame = CFrame.new(0, 0.0356903, -0.416551, 1, 1.56022e-10, 3.66972e-09, 1.56021e-10, 0.996392, -0.0848778, -3.66972e-09, 0.0848778, 0.996392)
    Left Leg.CFrame = CFrame.new(-1.14942, 0.201869, -0.470986, 0.765185, -0.455523, -0.454963, 0.553231, 0.826664, 0.102776, 0.329284, -0.330342, 0.88456)
    Right Arm.CFrame = CFrame.new(0.0515714, -0.1324, 0.301401, -0.14932, -0.975247, 0.163088, 0.890381, -0.0608853, 0.451126, -0.430029, 0.212572, 0.877433)
    Head.CFrame = CFrame.new(-2.90611e-08, 0.0172482, -0.000656694, 1, 7.32481e-09, 5.81222e-08, 3.01304e-09, 0.984408, -0.1759, -5.85044e-08, 0.175899, 0.984409)
    Right Leg.CFrame = CFrame.new(1.04701, -0.0867214, -0.420372, 0.621534, 0.644438, 0.445416, -0.710802, 0.702941, -0.0251773, -0.329327, -0.300954, 0.89497)
    Left Arm.CFrame = CFrame.new(-0.0516286, -0.132303, 0.30134, -0.14932, 0.975247, -0.163088, -0.890382, -0.0608854, 0.451126, 0.430029, 0.212573, 0.877433)

[6]
    Time: 0.283333
    HumanoidRootPart.CFrame = CFrame.new(0, 0, 0, 1, 0, 0, 0, 1, 0, 0, 0, 1)
    Torso.CFrame = CFrame.new(0, 0.0356903, -0.416551, 1, 1.56022e-10, 3.66972e-09, 1.56021e-10, 0.996392, -0.0848778, -3.66972e-09, 0.0848778, 0.996392)
    Left Leg.CFrame = CFrame.new(-1.14942, 0.201869, -0.470986, 0.765185, -0.455523, -0.454963, 0.553231, 0.826664, 0.102776, 0.329284, -0.330342, 0.88456)
    Right Arm.CFrame = CFrame.new(0.0515714, -0.1324, 0.301401, -0.14932, -0.975247, 0.163088, 0.890381, -0.0608853, 0.451126, -0.430029, 0.212572, 0.877433)
    Head.CFrame = CFrame.new(-2.90611e-08, 0.0172482, -0.000656694, 1, 7.32481e-09, 5.81222e-08, 3.01304e-09, 0.984408, -0.1759, -5.85044e-08, 0.175899, 0.984409)
    Right Leg.CFrame = CFrame.new(1.04701, -0.0867214, -0.420372, 0.621534, 0.644438, 0.445416, -0.710802, 0.702941, -0.0251773, -0.329327, -0.300954, 0.89497)
    Left Arm.CFrame = CFrame.new(-0.0516286, -0.132303, 0.30134, -0.14932, 0.975247, -0.163088, -0.890382, -0.0608854, 0.451126, 0.430029, 0.212573, 0.877433)

[7]
    Time: 0.325000
    HumanoidRootPart.CFrame = CFrame.new(0, 0, 0, 1, 0, 0, 0, 1, 0, 0, 0, 1)
    Torso.CFrame = CFrame.new(0.455109, -0.0781136, -0.120457, 0.828983, -0.506371, 0.237433, 0.55926, 0.747661, -0.358093, 0.00380835, 0.42964, 0.902992)
    Left Leg.CFrame = CFrame.new(0.608411, -0.32892, -0.465283, 0.453918, 0.576618, 0.679316, -0.54194, 0.783819, -0.303198, -0.70729, -0.230521, 0.668282)
    Right Arm.CFrame = CFrame.new(-0.65393, 0.146582, 0.408461, 0.672189, -0.369856, 0.64138, 0.45294, 0.890691, 0.0389261, -0.585668, 0.264341, 0.766236)
    Head.CFrame = CFrame.new(0.000835627, 0.0861804, -0.0194519, 0.95002, 0.278141, 0.141777, -0.30334, 0.929775, 0.208575, -0.0738072, -0.241157, 0.967676)
    Right Leg.CFrame = CFrame.new(0.871914, 1.61287, -0.83334, 0.810694, -0.202758, 0.54924, 0.0116316, 0.94351, 0.331139, -0.585355, -0.262064, 0.767257)
    Left Arm.CFrame = CFrame.new(-0.418164, 0.728714, 0.153842, -0.882303, -0.409173, 0.232636, 0.410513, -0.910746, -0.0449479, 0.230264, 0.0558424, 0.971525)

[8]
    Time: 0.450000
    HumanoidRootPart.CFrame = CFrame.new(0, 0, 0, 1, 0, 0, 0, 1, 0, 0, 0, 1)
    Torso.CFrame = CFrame.new(0.455109, -0.0781136, -0.120457, 0.828983, -0.506371, 0.237433, 0.55926, 0.747661, -0.358093, 0.00380835, 0.42964, 0.902992)
    Left Leg.CFrame = CFrame.new(0.608411, -0.32892, -0.465283, 0.453918, 0.576618, 0.679316, -0.54194, 0.783819, -0.303198, -0.70729, -0.230521, 0.668282)
    Right Arm.CFrame = CFrame.new(-0.643072, 0.155824, 0.393308, 0.703336, -0.275666, 0.655231, 0.375131, 0.926885, -0.0127162, -0.603818, 0.254741, 0.755322)
    Head.CFrame = CFrame.new(0.000835627, 0.0861804, -0.0194519, 0.95002, 0.278141, 0.141777, -0.30334, 0.929775, 0.208575, -0.0738072, -0.241157, 0.967676)
    Right Leg.CFrame = CFrame.new(0.943329, 1.55111, -0.857816, 0.82158, -0.157141, 0.548009, -0.0412524, 0.942354, 0.332065, -0.568599, -0.295424, 0.767737)
    Left Arm.CFrame = CFrame.new(-0.419347, 0.737703, 0.155358, -0.868043, -0.45544, 0.197676, 0.439644, -0.890096, -0.120179, 0.230685, -0.0174131, 0.972873)

[9]
    Time: 0.491667
    HumanoidRootPart.CFrame = CFrame.new(0, 0, 0, 1, 0, 0, 0, 1, 0, 0, 0, 1)
    Torso.CFrame = CFrame.new(0.239246, -0.0707703, -0.138009, 0.912263, -0.329047, 0.243933, 0.400015, 0.843798, -0.357763, -0.0881097, 0.42395, 0.901389)
    Left Leg.CFrame = CFrame.new(-0.0962555, 0.226305, 0.106901, 0.882991, 0.185932, 0.430995, -0.234334, 0.970206, 0.0615372, -0.406712, -0.155333, 0.900254)
    Right Arm.CFrame = CFrame.new(-0.52929, -0.123839, 0.523401, -0.0864174, -0.944134, 0.318029, 0.864337, 0.0876956, 0.495209, -0.495433, 0.317679, 0.808471)
    Head.CFrame = CFrame.new(-0.0175958, 0.0850593, -0.0197636, 0.974912, 0.105828, 0.195825, -0.142476, 0.972602, 0.183702, -0.171019, -0.206994, 0.963279)
    Right Leg.CFrame = CFrame.new(0.987944, 1.115, -0.504082, 0.933362, 0.046209, 0.35595, -0.123344, 0.972579, 0.197171, -0.337079, -0.227936, 0.913468)
    Left Arm.CFrame = CFrame.new(-0.635654, 0.244129, 0.0998192, -0.930707, -0.364151, 0.0343235, 0.33722, -0.817942, 0.466105, -0.141658, 0.445381, 0.884064)

[10]
    Time: 0.575000
    HumanoidRootPart.CFrame = CFrame.new(0, 0, 0, 1, 0, 0, 0, 1, 0, 0, 0, 1)
    Torso.CFrame = CFrame.new(0.239246, -0.0707703, -0.138009, 0.912263, -0.329047, 0.243933, 0.400015, 0.843798, -0.357763, -0.0881097, 0.42395, 0.901389)
    Left Leg.CFrame = CFrame.new(-0.0962555, 0.226305, 0.106901, 0.882991, 0.185932, 0.430995, -0.234334, 0.970206, 0.0615372, -0.406712, -0.155333, 0.900254)
    Right Arm.CFrame = CFrame.new(-0.52929, -0.123839, 0.523401, -0.0864174, -0.944134, 0.318029, 0.864337, 0.0876956, 0.495209, -0.495433, 0.317679, 0.808471)
    Head.CFrame = CFrame.new(-0.0175958, 0.0850593, -0.0197636, 0.974912, 0.105828, 0.195825, -0.142476, 0.972602, 0.183702, -0.171019, -0.206994, 0.963279)
    Right Leg.CFrame = CFrame.new(0.987944, 1.115, -0.504082, 0.933362, 0.046209, 0.35595, -0.123344, 0.972579, 0.197171, -0.337079, -0.227936, 0.913468)
    Left Arm.CFrame = CFrame.new(-0.635654, 0.244129, 0.0998192, -0.930707, -0.364151, 0.0343235, 0.33722, -0.817942, 0.466105, -0.141658, 0.445381, 0.884064)

[11]
    Time: 0.608333
    HumanoidRootPart.CFrame = CFrame.new(0, 0, 0, 1, 0, 0, 0, 1, 0, 0, 0, 1)
    Torso.CFrame = CFrame.new(0, 0.0356903, -0.416551, 1, -1.56022e-10, -3.66972e-09, -1.56021e-10, 0.996392, -0.0848778, 3.66972e-09, 0.0848778, 0.996392)
    Left Leg.CFrame = CFrame.new(-1.04711, -0.0868379, -0.420429, 0.621447, -0.644519, -0.44542, 0.710906, 0.702838, -0.0251492, 0.329267, -0.301023, 0.894968)
    Right Arm.CFrame = CFrame.new(0.0515714, -0.132399, 0.301401, -0.14932, -0.975247, 0.163088, 0.890382, -0.0608854, 0.451126, -0.430029, 0.212572, 0.877433)
    Head.CFrame = CFrame.new(-3.26462e-08, 0.0172482, -0.000656694, 1, 8.92298e-09, 6.52923e-08, 2.70099e-09, 0.984408, -0.1759, -6.58438e-08, 0.175899, 0.984409)
    Right Leg.CFrame = CFrame.new(1.14931, 0.201968, -0.470929, 0.765238, 0.455437, 0.454961, -0.553124, 0.826739, 0.102743, -0.329341, -0.330272, 0.884565)
    Left Arm.CFrame = CFrame.new(-0.0516286, -0.132303, 0.30134, -0.14932, 0.975247, -0.163088, -0.890382, -0.0608853, 0.451126, 0.430029, 0.212573, 0.877433)

[12]
    Time: 0.691667
    HumanoidRootPart.CFrame = CFrame.new(0, 0, 0, 1, 0, 0, 0, 1, 0, 0, 0, 1)
    Torso.CFrame = CFrame.new(0, 0.0356903, -0.416551, 1, -1.56022e-10, -3.66972e-09, -1.56021e-10, 0.996392, -0.0848778, 3.66972e-09, 0.0848778, 0.996392)
    Left Leg.CFrame = CFrame.new(-1.04711, -0.0868379, -0.420429, 0.621447, -0.644519, -0.44542, 0.710906, 0.702838, -0.0251492, 0.329267, -0.301023, 0.894968)
    Right Arm.CFrame = CFrame.new(0.0515714, -0.132399, 0.301401, -0.14932, -0.975247, 0.163088, 0.890382, -0.0608854, 0.451126, -0.430029, 0.212572, 0.877433)
    Head.CFrame = CFrame.new(-3.26462e-08, 0.0172482, -0.000656694, 1, 8.92298e-09, 6.52923e-08, 2.70099e-09, 0.984408, -0.1759, -6.58438e-08, 0.175899, 0.984409)
    Right Leg.CFrame = CFrame.new(1.14931, 0.201968, -0.470929, 0.765238, 0.455437, 0.454961, -0.553124, 0.826739, 0.102743, -0.329341, -0.330272, 0.884565)
    Left Arm.CFrame = CFrame.new(-0.0516286, -0.132303, 0.30134, -0.14932, 0.975247, -0.163088, -0.890382, -0.0608853, 0.451126, 0.430029, 0.212573, 0.877433)

[13]
    Time: 0.733333
    HumanoidRootPart.CFrame = CFrame.new(0, 0, 0, 1, 0, 0, 0, 1, 0, 0, 0, 1)
    Torso.CFrame = CFrame.new(-0.455109, -0.0781136, -0.120457, 0.828983, 0.506371, -0.237433, -0.55926, 0.747661, -0.358093, -0.00380835, 0.42964, 0.902992)
    Left Leg.CFrame = CFrame.new(-0.872313, 1.61277, -0.83363, 0.810733, 0.202541, -0.549263, -0.0113568, 0.943508, 0.331156, 0.585306, -0.262241, 0.767233)
    Right Arm.CFrame = CFrame.new(0.418287, 0.728691, 0.153865, -0.882303, 0.409173, -0.232637, -0.410513, -0.910746, -0.044948, -0.230264, 0.0558425, 0.971525)
    Head.CFrame = CFrame.new(-0.000835665, 0.0861823, -0.0194499, 0.95002, -0.278141, -0.141777, 0.30334, 0.929775, 0.208575, 0.0738071, -0.241157, 0.967676)
    Right Leg.CFrame = CFrame.new(-0.608355, -0.32887, -0.465201, 0.453976, -0.576599, -0.679294, 0.541924, 0.783841, -0.30317, 0.707265, -0.230493, 0.668318)
    Left Arm.CFrame = CFrame.new(0.653827, 0.146564, 0.408377, 0.67219, 0.369856, -0.64138, -0.452939, 0.890691, 0.0389261, 0.585668, 0.26434, 0.766236)

[14]
    Time: 0.825000
    HumanoidRootPart.CFrame = CFrame.new(0, 0, 0, 1, 0, 0, 0, 1, 0, 0, 0, 1)
    Torso.CFrame = CFrame.new(0, 0, 0, 1, 0, 0, 0, 1, 0, 0, 0, 1)
    Left Leg.CFrame = CFrame.new(-0.872313, 1.61277, -0.83363, 0.810733, 0.202541, -0.549263, -0.0113568, 0.943508, 0.331156, 0.585306, -0.262241, 0.767233)
    Right Arm.CFrame = CFrame.new(0.418287, 0.728691, 0.153865, -0.882303, 0.409173, -0.232637, -0.410513, -0.910746, -0.044948, -0.230264, 0.0558425, 0.971525)
    Left Arm.CFrame = CFrame.new(0.653827, 0.146564, 0.408377, 0.67219, 0.369856, -0.64138, -0.452939, 0.890691, 0.0389261, 0.585668, 0.26434, 0.766236)

[15]
    Time: 0.866667
    HumanoidRootPart.CFrame = CFrame.new(0, 0, 0, 1, 0, 0, 0, 1, 0, 0, 0, 1)
    Torso.CFrame = CFrame.new(-0.455109, -0.0781136, -0.120457, 0.828983, 0.506371, -0.237433, -0.55926, 0.747661, -0.358093, -0.00380835, 0.42964, 0.902992)
    Left Leg.CFrame = CFrame.new(-0.943693, 1.55099, -0.858083, 0.821602, 0.156938, -0.548034, 0.0415078, 0.942337, 0.332081, 0.568549, -0.295585, 0.767712)
    Right Arm.CFrame = CFrame.new(0.433015, 0.707924, 0.155635, -0.888438, 0.403154, -0.219422, -0.39695, -0.914877, -0.0736984, -0.230455, 0.0216228, 0.972843)
    Head.CFrame = CFrame.new(-0.000835665, 0.0861823, -0.0194499, 0.95002, -0.278141, -0.141777, 0.30334, 0.929775, 0.208575, 0.0738071, -0.241157, 0.967676)
    Right Leg.CFrame = CFrame.new(-0.608355, -0.32887, -0.465201, 0.453976, -0.576599, -0.679294, 0.541924, 0.783841, -0.30317, 0.707265, -0.230493, 0.668318)
    Left Arm.CFrame = CFrame.new(0.635109, 0.146465, 0.395366, 0.694256, 0.318758, -0.645292, -0.389437, 0.920363, 0.0356491, 0.605266, 0.226551, 0.763104)

[16]
    Time: 0.908333
    HumanoidRootPart.CFrame = CFrame.new(0, 0, 0, 1, 0, 0, 0, 1, 0, 0, 0, 1)
    Torso.CFrame = CFrame.new(-0.239246, -0.0707703, -0.138009, 0.912263, 0.329047, -0.243933, -0.400015, 0.843798, -0.357763, 0.0881097, 0.42395, 0.901389)
    Left Leg.CFrame = CFrame.new(-0.988251, 1.11491, -0.504237, 0.933353, -0.0463881, -0.35595, 0.123548, 0.972543, 0.197219, 0.337028, -0.228052, 0.913457)
    Right Arm.CFrame = CFrame.new(0.635803, 0.24404, 0.0998687, -0.930707, 0.364151, -0.0343237, -0.33722, -0.817942, 0.466104, 0.141658, 0.445381, 0.884064)
    Head.CFrame = CFrame.new(0.0175977, 0.0850593, -0.0197607, 0.974912, -0.105828, -0.195825, 0.142476, 0.972602, 0.183702, 0.171019, -0.206994, 0.963279)
    Right Leg.CFrame = CFrame.new(0.0962702, 0.226324, 0.106897, 0.882996, -0.185929, -0.430985, 0.23434, 0.970204, 0.0615598, 0.406698, -0.155354, 0.900257)
    Left Arm.CFrame = CFrame.new(0.529172, -0.123762, 0.523304, -0.0864175, 0.944134, -0.318029, -0.864337, 0.0876957, 0.495209, 0.495433, 0.317679, 0.808471)

[17]
    Time: 0.991667
    HumanoidRootPart.CFrame = CFrame.new(0, 0, 0, 1, 0, 0, 0, 1, 0, 0, 0, 1)
    Torso.CFrame = CFrame.new(-0.239246, -0.0707703, -0.138009, 0.912263, 0.329047, -0.243933, -0.400015, 0.843798, -0.357763, 0.0881097, 0.42395, 0.901389)
    Left Leg.CFrame = CFrame.new(-0.988251, 1.11491, -0.504237, 0.933353, -0.0463881, -0.35595, 0.123548, 0.972543, 0.197219, 0.337028, -0.228052, 0.913457)
    Right Arm.CFrame = CFrame.new(0.635803, 0.24404, 0.0998687, -0.930707, 0.364151, -0.0343237, -0.33722, -0.817942, 0.466104, 0.141658, 0.445381, 0.884064)
    Head.CFrame = CFrame.new(0.0175977, 0.0850593, -0.0197607, 0.974912, -0.105828, -0.195825, 0.142476, 0.972602, 0.183702, 0.171019, -0.206994, 0.963279)
    Right Leg.CFrame = CFrame.new(0.0962702, 0.226324, 0.106897, 0.882996, -0.185929, -0.430985, 0.23434, 0.970204, 0.0615598, 0.406698, -0.155354, 0.900257)
    Left Arm.CFrame = CFrame.new(0.529172, -0.123762, 0.523304, -0.0864175, 0.944134, -0.318029, -0.864337, 0.0876957, 0.495209, 0.495433, 0.317679, 0.808471)

[18]
    Time: 1.025000
    HumanoidRootPart.CFrame = CFrame.new(0, 0, 0, 1, 0, 0, 0, 1, 0, 0, 0, 1)
    Torso.CFrame = CFrame.new(0, 0.0356903, -0.416551, 1, 1.56022e-10, 3.66972e-09, 1.56021e-10, 0.996392, -0.0848778, -3.66972e-09, 0.0848778, 0.996392)
    Left Leg.CFrame = CFrame.new(-1.14942, 0.201869, -0.470986, 0.765185, -0.455523, -0.454963, 0.553231, 0.826664, 0.102776, 0.329284, -0.330342, 0.88456)
    Right Arm.CFrame = CFrame.new(0.0515714, -0.1324, 0.301401, -0.14932, -0.975247, 0.163088, 0.890381, -0.0608853, 0.451126, -0.430029, 0.212572, 0.877433)
    Head.CFrame = CFrame.new(-2.90611e-08, 0.0172482, -0.000656694, 1, 7.32481e-09, 5.81222e-08, 3.01304e-09, 0.984408, -0.1759, -5.85044e-08, 0.175899, 0.984409)
    Right Leg.CFrame = CFrame.new(1.04701, -0.0867214, -0.420372, 0.621534, 0.644438, 0.445416, -0.710802, 0.702941, -0.0251773, -0.329327, -0.300954, 0.89497)
    Left Arm.CFrame = CFrame.new(-0.0516286, -0.132303, 0.30134, -0.14932, 0.975247, -0.163088, -0.890382, -0.0608854, 0.451126, 0.430029, 0.212573, 0.877433)

[19]
    Time: 1.108333
    HumanoidRootPart.CFrame = CFrame.new(0, 0, 0, 1, 0, 0, 0, 1, 0, 0, 0, 1)
    Torso.CFrame = CFrame.new(0, 0.0356903, -0.416551, 1, 1.56022e-10, 3.66972e-09, 1.56021e-10, 0.996392, -0.0848778, -3.66972e-09, 0.0848778, 0.996392)
    Left Leg.CFrame = CFrame.new(-1.14942, 0.201869, -0.470986, 0.765185, -0.455523, -0.454963, 0.553231, 0.826664, 0.102776, 0.329284, -0.330342, 0.88456)
    Right Arm.CFrame = CFrame.new(0.0515714, -0.1324, 0.301401, -0.14932, -0.975247, 0.163088, 0.890381, -0.0608853, 0.451126, -0.430029, 0.212572, 0.877433)
    Head.CFrame = CFrame.new(-2.90611e-08, 0.0172482, -0.000656694, 1, 7.32481e-09, 5.81222e-08, 3.01304e-09, 0.984408, -0.1759, -5.85044e-08, 0.175899, 0.984409)
    Right Leg.CFrame = CFrame.new(1.04701, -0.0867214, -0.420372, 0.621534, 0.644438, 0.445416, -0.710802, 0.702941, -0.0251773, -0.329327, -0.300954, 0.89497)
    Left Arm.CFrame = CFrame.new(-0.0516286, -0.132303, 0.30134, -0.14932, 0.975247, -0.163088, -0.890382, -0.0608854, 0.451126, 0.430029, 0.212573, 0.877433)

[20]
    Time: 1.150000
    HumanoidRootPart.CFrame = CFrame.new(0, 0, 0, 1, 0, 0, 0, 1, 0, 0, 0, 1)
    Torso.CFrame = CFrame.new(0.455109, -0.0781136, -0.120457, 0.828983, -0.506371, 0.237433, 0.55926, 0.747661, -0.358093, 0.00380835, 0.42964, 0.902992)
    Left Leg.CFrame = CFrame.new(0.608411, -0.32892, -0.465283, 0.453918, 0.576618, 0.679316, -0.54194, 0.783819, -0.303198, -0.70729, -0.230521, 0.668282)
    Right Arm.CFrame = CFrame.new(-0.65393, 0.146582, 0.408461, 0.672189, -0.369856, 0.64138, 0.45294, 0.890691, 0.0389261, -0.585668, 0.264341, 0.766236)
    Head.CFrame = CFrame.new(0.000835627, 0.0861804, -0.0194519, 0.95002, 0.278141, 0.141777, -0.30334, 0.929775, 0.208575, -0.0738072, -0.241157, 0.967676)
    Right Leg.CFrame = CFrame.new(0.871914, 1.61287, -0.83334, 0.810694, -0.202758, 0.54924, 0.0116316, 0.94351, 0.331139, -0.585355, -0.262064, 0.767257)
    Left Arm.CFrame = CFrame.new(-0.418164, 0.728714, 0.153842, -0.882303, -0.409173, 0.232636, 0.410513, -0.910746, -0.0449479, 0.230264, 0.0558424, 0.971525)

[21]
    Time: 1.275000
    HumanoidRootPart.CFrame = CFrame.new(0, 0, 0, 1, 0, 0, 0, 1, 0, 0, 0, 1)
    Torso.CFrame = CFrame.new(0.455109, -0.0781136, -0.120457, 0.828983, -0.506371, 0.237433, 0.55926, 0.747661, -0.358093, 0.00380835, 0.42964, 0.902992)
    Left Leg.CFrame = CFrame.new(0.608411, -0.32892, -0.465283, 0.453918, 0.576618, 0.679316, -0.54194, 0.783819, -0.303198, -0.70729, -0.230521, 0.668282)
    Right Arm.CFrame = CFrame.new(-0.643072, 0.155824, 0.393308, 0.703336, -0.275666, 0.655231, 0.375131, 0.926885, -0.0127162, -0.603818, 0.254741, 0.755322)
    Head.CFrame = CFrame.new(0.000835627, 0.0861804, -0.0194519, 0.95002, 0.278141, 0.141777, -0.30334, 0.929775, 0.208575, -0.0738072, -0.241157, 0.967676)
    Right Leg.CFrame = CFrame.new(0.943329, 1.55111, -0.857816, 0.82158, -0.157141, 0.548009, -0.0412524, 0.942354, 0.332065, -0.568599, -0.295424, 0.767737)
    Left Arm.CFrame = CFrame.new(-0.419347, 0.737703, 0.155358, -0.868043, -0.45544, 0.197676, 0.439644, -0.890096, -0.120179, 0.230685, -0.0174131, 0.972873)

[22]
    Time: 1.316667
    HumanoidRootPart.CFrame = CFrame.new(0, 0, 0, 1, 0, 0, 0, 1, 0, 0, 0, 1)
    Torso.CFrame = CFrame.new(0.239246, -0.0707703, -0.138009, 0.912263, -0.329047, 0.243933, 0.400015, 0.843798, -0.357763, -0.0881097, 0.42395, 0.901389)
    Left Leg.CFrame = CFrame.new(-0.0962555, 0.226305, 0.106901, 0.882991, 0.185932, 0.430995, -0.234334, 0.970206, 0.0615372, -0.406712, -0.155333, 0.900254)
    Right Arm.CFrame = CFrame.new(-0.52929, -0.123839, 0.523401, -0.0864174, -0.944134, 0.318029, 0.864337, 0.0876956, 0.495209, -0.495433, 0.317679, 0.808471)
    Head.CFrame = CFrame.new(-0.0175958, 0.0850593, -0.0197636, 0.974912, 0.105828, 0.195825, -0.142476, 0.972602, 0.183702, -0.171019, -0.206994, 0.963279)
    Right Leg.CFrame = CFrame.new(0.987944, 1.115, -0.504082, 0.933362, 0.046209, 0.35595, -0.123344, 0.972579, 0.197171, -0.337079, -0.227936, 0.913468)
    Left Arm.CFrame = CFrame.new(-0.635654, 0.244129, 0.0998192, -0.930707, -0.364151, 0.0343235, 0.33722, -0.817942, 0.466105, -0.141658, 0.445381, 0.884064)

[23]
    Time: 1.400000
    HumanoidRootPart.CFrame = CFrame.new(0, 0, 0, 1, 0, 0, 0, 1, 0, 0, 0, 1)
    Torso.CFrame = CFrame.new(0.239246, -0.0707703, -0.138009, 0.912263, -0.329047, 0.243933, 0.400015, 0.843798, -0.357763, -0.0881097, 0.42395, 0.901389)
    Left Leg.CFrame = CFrame.new(-0.0962555, 0.226305, 0.106901, 0.882991, 0.185932, 0.430995, -0.234334, 0.970206, 0.0615372, -0.406712, -0.155333, 0.900254)
    Right Arm.CFrame = CFrame.new(-0.52929, -0.123839, 0.523401, -0.0864174, -0.944134, 0.318029, 0.864337, 0.0876956, 0.495209, -0.495433, 0.317679, 0.808471)
    Head.CFrame = CFrame.new(-0.0175958, 0.0850593, -0.0197636, 0.974912, 0.105828, 0.195825, -0.142476, 0.972602, 0.183702, -0.171019, -0.206994, 0.963279)
    Right Leg.CFrame = CFrame.new(0.987944, 1.115, -0.504082, 0.933362, 0.046209, 0.35595, -0.123344, 0.972579, 0.197171, -0.337079, -0.227936, 0.913468)
    Left Arm.CFrame = CFrame.new(-0.635654, 0.244129, 0.0998192, -0.930707, -0.364151, 0.0343235, 0.33722, -0.817942, 0.466105, -0.141658, 0.445381, 0.884064)

[24]
    Time: 1.433333
    HumanoidRootPart.CFrame = CFrame.new(0, 0, 0, 1, 0, 0, 0, 1, 0, 0, 0, 1)
    Torso.CFrame = CFrame.new(0, 0.0356903, -0.416551, 1, -1.56022e-10, -3.66972e-09, -1.56021e-10, 0.996392, -0.0848778, 3.66972e-09, 0.0848778, 0.996392)
    Left Leg.CFrame = CFrame.new(-1.04711, -0.0868379, -0.420429, 0.621447, -0.644519, -0.44542, 0.710906, 0.702838, -0.0251492, 0.329267, -0.301023, 0.894968)
    Right Arm.CFrame = CFrame.new(0.0515714, -0.132399, 0.301401, -0.14932, -0.975247, 0.163088, 0.890382, -0.0608854, 0.451126, -0.430029, 0.212572, 0.877433)
    Head.CFrame = CFrame.new(-3.26462e-08, 0.0172482, -0.000656694, 1, 8.92298e-09, 6.52923e-08, 2.70099e-09, 0.984408, -0.1759, -6.58438e-08, 0.175899, 0.984409)
    Right Leg.CFrame = CFrame.new(1.14931, 0.201968, -0.470929, 0.765238, 0.455437, 0.454961, -0.553124, 0.826739, 0.102743, -0.329341, -0.330272, 0.884565)
    Left Arm.CFrame = CFrame.new(-0.0516286, -0.132303, 0.30134, -0.14932, 0.975247, -0.163088, -0.890382, -0.0608853, 0.451126, 0.430029, 0.212573, 0.877433)

[25]
    Time: 1.516667
    HumanoidRootPart.CFrame = CFrame.new(0, 0, 0, 1, 0, 0, 0, 1, 0, 0, 0, 1)
    Torso.CFrame = CFrame.new(0, 0.0356903, -0.416551, 1, -1.56022e-10, -3.66972e-09, -1.56021e-10, 0.996392, -0.0848778, 3.66972e-09, 0.0848778, 0.996392)
    Left Leg.CFrame = CFrame.new(-1.04711, -0.0868379, -0.420429, 0.621447, -0.644519, -0.44542, 0.710906, 0.702838, -0.0251492, 0.329267, -0.301023, 0.894968)
    Right Arm.CFrame = CFrame.new(0.0515714, -0.132399, 0.301401, -0.14932, -0.975247, 0.163088, 0.890382, -0.0608854, 0.451126, -0.430029, 0.212572, 0.877433)
    Head.CFrame = CFrame.new(-3.26462e-08, 0.0172482, -0.000656694, 1, 8.92298e-09, 6.52923e-08, 2.70099e-09, 0.984408, -0.1759, -6.58438e-08, 0.175899, 0.984409)
    Right Leg.CFrame = CFrame.new(1.14931, 0.201968, -0.470929, 0.765238, 0.455437, 0.454961, -0.553124, 0.826739, 0.102743, -0.329341, -0.330272, 0.884565)
    Left Arm.CFrame = CFrame.new(-0.0516286, -0.132303, 0.30134, -0.14932, 0.975247, -0.163088, -0.890382, -0.0608853, 0.451126, 0.430029, 0.212573, 0.877433)

[26]
    Time: 1.558333
    HumanoidRootPart.CFrame = CFrame.new(0, 0, 0, 1, 0, 0, 0, 1, 0, 0, 0, 1)
    Torso.CFrame = CFrame.new(0.455109, -0.0781136, -0.120457, 0.828983, -0.506371, 0.237433, 0.55926, 0.747661, -0.358093, 0.00380835, 0.42964, 0.902992)
    Left Leg.CFrame = CFrame.new(0.608411, -0.32892, -0.465283, 0.453918, 0.576618, 0.679316, -0.54194, 0.783819, -0.303198, -0.70729, -0.230521, 0.668282)
    Right Arm.CFrame = CFrame.new(-0.65393, 0.146582, 0.408461, 0.672189, -0.369856, 0.64138, 0.45294, 0.890691, 0.0389261, -0.585668, 0.264341, 0.766236)
    Head.CFrame = CFrame.new(0.000835627, 0.0861804, -0.0194519, 0.95002, 0.278141, 0.141777, -0.30334, 0.929775, 0.208575, -0.0738072, -0.241157, 0.967676)
    Right Leg.CFrame = CFrame.new(0.871914, 1.61287, -0.83334, 0.810694, -0.202758, 0.54924, 0.0116316, 0.94351, 0.331139, -0.585355, -0.262064, 0.767257)
    Left Arm.CFrame = CFrame.new(-0.418164, 0.728714, 0.153842, -0.882303, -0.409173, 0.232636, 0.410513, -0.910746, -0.0449479, 0.230264, 0.0558424, 0.971525)

[27]
    Time: 1.683333
    HumanoidRootPart.CFrame = CFrame.new(0, 0, 0, 1, 0, 0, 0, 1, 0, 0, 0, 1)
    Torso.CFrame = CFrame.new(0.455109, -0.0781136, -0.120457, 0.828983, -0.506371, 0.237433, 0.55926, 0.747661, -0.358093, 0.00380835, 0.42964, 0.902992)
    Left Leg.CFrame = CFrame.new(0.608411, -0.32892, -0.465283, 0.453918, 0.576618, 0.679316, -0.54194, 0.783819, -0.303198, -0.70729, -0.230521, 0.668282)
    Right Arm.CFrame = CFrame.new(-0.635204, 0.146487, 0.395441, 0.694256, -0.318758, 0.645292, 0.389437, 0.920363, 0.0356491, -0.605266, 0.226551, 0.763104)
    Head.CFrame = CFrame.new(0.000835627, 0.0861804, -0.0194519, 0.95002, 0.278141, 0.141777, -0.30334, 0.929775, 0.208575, -0.0738072, -0.241157, 0.967676)
    Right Leg.CFrame = CFrame.new(0.943329, 1.55111, -0.857816, 0.82158, -0.157141, 0.548009, -0.0412524, 0.942354, 0.332065, -0.568599, -0.295424, 0.767737)
    Left Arm.CFrame = CFrame.new(-0.432893, 0.707949, 0.155608, -0.888438, -0.403154, 0.219421, 0.39695, -0.914877, -0.0736983, 0.230455, 0.0216228, 0.972843)

[28]
    Time: 1.725000
    HumanoidRootPart.CFrame = CFrame.new(0, 0, 0, 1, 0, 0, 0, 1, 0, 0, 0, 1)
    Torso.CFrame = CFrame.new(0.239246, -0.0707703, -0.138009, 0.912263, -0.329047, 0.243933, 0.400015, 0.843798, -0.357763, -0.0881097, 0.42395, 0.901389)
    Left Leg.CFrame = CFrame.new(-0.0962555, 0.226305, 0.106901, 0.882991, 0.185932, 0.430995, -0.234334, 0.970206, 0.0615372, -0.406712, -0.155333, 0.900254)
    Right Arm.CFrame = CFrame.new(-0.52929, -0.123839, 0.523401, -0.0864174, -0.944134, 0.318029, 0.864337, 0.0876956, 0.495209, -0.495433, 0.317679, 0.808471)
    Head.CFrame = CFrame.new(-0.0175958, 0.0850593, -0.0197636, 0.974912, 0.105828, 0.195825, -0.142476, 0.972602, 0.183702, -0.171019, -0.206994, 0.963279)
    Right Leg.CFrame = CFrame.new(0.987944, 1.115, -0.504082, 0.933362, 0.046209, 0.35595, -0.123344, 0.972579, 0.197171, -0.337079, -0.227936, 0.913468)
    Left Arm.CFrame = CFrame.new(-0.635654, 0.244129, 0.0998192, -0.930707, -0.364151, 0.0343235, 0.33722, -0.817942, 0.466105, -0.141658, 0.445381, 0.884064)

[29]
    Time: 1.808333
    HumanoidRootPart.CFrame = CFrame.new(0, 0, 0, 1, 0, 0, 0, 1, 0, 0, 0, 1)
    Torso.CFrame = CFrame.new(0.239246, -0.0707703, -0.138009, 0.912263, -0.329047, 0.243933, 0.400015, 0.843798, -0.357763, -0.0881097, 0.42395, 0.901389)
    Left Leg.CFrame = CFrame.new(-0.0962555, 0.226305, 0.106901, 0.882991, 0.185932, 0.430995, -0.234334, 0.970206, 0.0615372, -0.406712, -0.155333, 0.900254)
    Right Arm.CFrame = CFrame.new(-0.52929, -0.123839, 0.523401, -0.0864174, -0.944134, 0.318029, 0.864337, 0.0876956, 0.495209, -0.495433, 0.317679, 0.808471)
    Head.CFrame = CFrame.new(-0.0175958, 0.0850593, -0.0197636, 0.974912, 0.105828, 0.195825, -0.142476, 0.972602, 0.183702, -0.171019, -0.206994, 0.963279)
    Right Leg.CFrame = CFrame.new(0.987944, 1.115, -0.504082, 0.933362, 0.046209, 0.35595, -0.123344, 0.972579, 0.197171, -0.337079, -0.227936, 0.913468)
    Left Arm.CFrame = CFrame.new(-0.635654, 0.244129, 0.0998192, -0.930707, -0.364151, 0.0343235, 0.33722, -0.817942, 0.466105, -0.141658, 0.445381, 0.884064)

[30]
    Time: 1.841667
    HumanoidRootPart.CFrame = CFrame.new(0, 0, 0, 1, 0, 0, 0, 1, 0, 0, 0, 1)
    Torso.CFrame = CFrame.new(0, 0.0356903, -0.416551, 1, -1.56022e-10, -3.66972e-09, -1.56021e-10, 0.996392, -0.0848778, 3.66972e-09, 0.0848778, 0.996392)
    Left Leg.CFrame = CFrame.new(-1.04711, -0.0868379, -0.420429, 0.621447, -0.644519, -0.44542, 0.710906, 0.702838, -0.0251492, 0.329267, -0.301023, 0.894968)
    Right Arm.CFrame = CFrame.new(0.0515714, -0.132399, 0.301401, -0.14932, -0.975247, 0.163088, 0.890382, -0.0608854, 0.451126, -0.430029, 0.212572, 0.877433)
    Head.CFrame = CFrame.new(-1.79253e-09, 0.0172482, -0.000656694, 1, 7.99088e-10, 3.58505e-09, -1.56053e-10, 0.984408, -0.1759, -3.66971e-09, 0.175899, 0.984409)
    Right Leg.CFrame = CFrame.new(1.14931, 0.201968, -0.470929, 0.765238, 0.455437, 0.454961, -0.553124, 0.826739, 0.102743, -0.329341, -0.330272, 0.884565)
    Left Arm.CFrame = CFrame.new(-0.0516286, -0.132303, 0.30134, -0.14932, 0.975247, -0.163088, -0.890382, -0.0608853, 0.451126, 0.430029, 0.212573, 0.877433)

[31]
    Time: 1.925000
    HumanoidRootPart.CFrame = CFrame.new(0, 0, 0, 1, 0, 0, 0, 1, 0, 0, 0, 1)
    Torso.CFrame = CFrame.new(0, 0.0356903, -0.416551, 1, -1.56022e-10, -3.66972e-09, -1.56021e-10, 0.996392, -0.0848778, 3.66972e-09, 0.0848778, 0.996392)
    Left Leg.CFrame = CFrame.new(-1.04711, -0.0868379, -0.420429, 0.621447, -0.644519, -0.44542, 0.710906, 0.702838, -0.0251492, 0.329267, -0.301023, 0.894968)
    Right Arm.CFrame = CFrame.new(0.0515714, -0.132399, 0.301401, -0.14932, -0.975247, 0.163088, 0.890382, -0.0608854, 0.451126, -0.430029, 0.212572, 0.877433)
    Head.CFrame = CFrame.new(-1.79253e-09, 0.0172482, -0.000656694, 1, 7.99088e-10, 3.58505e-09, -1.56053e-10, 0.984408, -0.1759, -3.66971e-09, 0.175899, 0.984409)
    Right Leg.CFrame = CFrame.new(1.14931, 0.201968, -0.470929, 0.765238, 0.455437, 0.454961, -0.553124, 0.826739, 0.102743, -0.329341, -0.330272, 0.884565)
    Left Arm.CFrame = CFrame.new(-0.0516286, -0.132303, 0.30134, -0.14932, 0.975247, -0.163088, -0.890382, -0.0608853, 0.451126, 0.430029, 0.212573, 0.877433)

[32]
    Time: 1.966667
    HumanoidRootPart.CFrame = CFrame.new(0, 0, 0, 1, 0, 0, 0, 1, 0, 0, 0, 1)
    Torso.CFrame = CFrame.new(-0.455109, -0.0781136, -0.120457, 0.828983, 0.506371, -0.237433, -0.55926, 0.747661, -0.358093, -0.00380835, 0.42964, 0.902992)
    Left Leg.CFrame = CFrame.new(-0.872313, 1.61277, -0.83363, 0.810733, 0.202541, -0.549263, -0.0113568, 0.943508, 0.331156, 0.585306, -0.262241, 0.767233)
    Right Arm.CFrame = CFrame.new(0.418287, 0.728691, 0.153865, -0.882303, 0.409173, -0.232637, -0.410513, -0.910746, -0.044948, -0.230264, 0.0558425, 0.971525)
    Head.CFrame = CFrame.new(-0.000835665, 0.0861823, -0.0194499, 0.95002, -0.278141, -0.141777, 0.30334, 0.929775, 0.208575, 0.0738071, -0.241157, 0.967676)
    Right Leg.CFrame = CFrame.new(-0.608355, -0.32887, -0.465201, 0.453976, -0.576599, -0.679294, 0.541924, 0.783841, -0.30317, 0.707265, -0.230493, 0.668318)
    Left Arm.CFrame = CFrame.new(0.653827, 0.146564, 0.408377, 0.67219, 0.369856, -0.64138, -0.452939, 0.890691, 0.0389261, 0.585668, 0.26434, 0.766236)

[33]
    Time: 2.050000
    HumanoidRootPart.CFrame = CFrame.new(0, 0, 0, 1, 0, 0, 0, 1, 0, 0, 0, 1)
    Torso.CFrame = CFrame.new(0, 0, 0, 1, 0, 0, 0, 1, 0, 0, 0, 1)
    Left Leg.CFrame = CFrame.new(-0.872313, 1.61277, -0.83363, 0.810733, 0.202541, -0.549263, -0.0113568, 0.943508, 0.331156, 0.585306, -0.262241, 0.767233)
    Right Arm.CFrame = CFrame.new(0.418287, 0.728691, 0.153865, -0.882303, 0.409173, -0.232637, -0.410513, -0.910746, -0.044948, -0.230264, 0.0558425, 0.971525)
    Left Arm.CFrame = CFrame.new(0.653827, 0.146564, 0.408377, 0.67219, 0.369856, -0.64138, -0.452939, 0.890691, 0.0389261, 0.585668, 0.26434, 0.766236)

[34]
    Time: 2.091667
    HumanoidRootPart.CFrame = CFrame.new(0, 0, 0, 1, 0, 0, 0, 1, 0, 0, 0, 1)
    Torso.CFrame = CFrame.new(-0.455109, -0.0781136, -0.120457, 0.828983, 0.506371, -0.237433, -0.55926, 0.747661, -0.358093, -0.00380835, 0.42964, 0.902992)
    Left Leg.CFrame = CFrame.new(-0.943693, 1.55099, -0.858083, 0.821602, 0.156938, -0.548034, 0.0415078, 0.942337, 0.332081, 0.568549, -0.295585, 0.767712)
    Right Arm.CFrame = CFrame.new(0.419473, 0.737684, 0.155385, -0.868043, 0.455441, -0.197677, -0.439644, -0.890096, -0.120179, -0.230685, -0.0174131, 0.972873)
    Head.CFrame = CFrame.new(-0.000835665, 0.0861823, -0.0194499, 0.95002, -0.278141, -0.141777, 0.30334, 0.929775, 0.208575, 0.0738071, -0.241157, 0.967676)
    Right Leg.CFrame = CFrame.new(-0.608355, -0.32887, -0.465201, 0.453976, -0.576599, -0.679294, 0.541924, 0.783841, -0.30317, 0.707265, -0.230493, 0.668318)
    Left Arm.CFrame = CFrame.new(0.642984, 0.155801, 0.393234, 0.703336, 0.275666, -0.655231, -0.37513, 0.926885, -0.0127162, 0.603818, 0.254741, 0.755322)

[35]
    Time: 2.133333
    HumanoidRootPart.CFrame = CFrame.new(0, 0, 0, 1, 0, 0, 0, 1, 0, 0, 0, 1)
    Torso.CFrame = CFrame.new(-0.239246, -0.0707703, -0.138009, 0.912263, 0.329047, -0.243933, -0.400015, 0.843798, -0.357763, 0.0881097, 0.42395, 0.901389)
    Left Leg.CFrame = CFrame.new(-0.988251, 1.11491, -0.504237, 0.933353, -0.0463881, -0.35595, 0.123548, 0.972543, 0.197219, 0.337028, -0.228052, 0.913457)
    Right Arm.CFrame = CFrame.new(0.635803, 0.24404, 0.0998687, -0.930707, 0.364151, -0.0343237, -0.33722, -0.817942, 0.466104, 0.141658, 0.445381, 0.884064)
    Head.CFrame = CFrame.new(0.0175977, 0.0850593, -0.0197607, 0.974912, -0.105828, -0.195825, 0.142476, 0.972602, 0.183702, 0.171019, -0.206994, 0.963279)
    Right Leg.CFrame = CFrame.new(0.0962702, 0.226324, 0.106897, 0.882996, -0.185929, -0.430985, 0.23434, 0.970204, 0.0615598, 0.406698, -0.155354, 0.900257)
    Left Arm.CFrame = CFrame.new(0.529172, -0.123762, 0.523304, -0.0864175, 0.944134, -0.318029, -0.864337, 0.0876957, 0.495209, 0.495433, 0.317679, 0.808471)

[36]
    Time: 2.208333
    HumanoidRootPart.CFrame = CFrame.new(0, 0, 0, 1, 0, 0, 0, 1, 0, 0, 0, 1)
    Torso.CFrame = CFrame.new(-0.239246, -0.0707703, -0.138009, 0.912263, 0.329047, -0.243933, -0.400015, 0.843798, -0.357763, 0.0881097, 0.42395, 0.901389)
    Left Leg.CFrame = CFrame.new(-0.988251, 1.11491, -0.504237, 0.933353, -0.0463881, -0.35595, 0.123548, 0.972543, 0.197219, 0.337028, -0.228052, 0.913457)
    Right Arm.CFrame = CFrame.new(0.635803, 0.24404, 0.0998687, -0.930707, 0.364151, -0.0343237, -0.33722, -0.817942, 0.466104, 0.141658, 0.445381, 0.884064)
    Head.CFrame = CFrame.new(0.0175977, 0.0850593, -0.0197607, 0.974912, -0.105828, -0.195825, 0.142476, 0.972602, 0.183702, 0.171019, -0.206994, 0.963279)
    Right Leg.CFrame = CFrame.new(0.0962702, 0.226324, 0.106897, 0.882996, -0.185929, -0.430985, 0.23434, 0.970204, 0.0615598, 0.406698, -0.155354, 0.900257)
    Left Arm.CFrame = CFrame.new(0.529172, -0.123762, 0.523304, -0.0864175, 0.944134, -0.318029, -0.864337, 0.0876957, 0.495209, 0.495433, 0.317679, 0.808471)

[37]
    Time: 2.250000
    HumanoidRootPart.CFrame = CFrame.new(0, 0, 0, 1, 0, 0, 0, 1, 0, 0, 0, 1)
    Torso.CFrame = CFrame.new(0, 0.0356903, -0.416551, 1, 1.56022e-10, 3.66972e-09, 1.56021e-10, 0.996392, -0.0848778, -3.66972e-09, 0.0848778, 0.996392)
    Left Leg.CFrame = CFrame.new(-1.14942, 0.201869, -0.470986, 0.765185, -0.455523, -0.454963, 0.553231, 0.826664, 0.102776, 0.329284, -0.330342, 0.88456)
    Right Arm.CFrame = CFrame.new(0.0515714, -0.1324, 0.301401, -0.14932, -0.975247, 0.163088, 0.890381, -0.0608853, 0.451126, -0.430029, 0.212572, 0.877433)
    Head.CFrame = CFrame.new(1.79253e-09, 0.0172482, -0.000656694, 1, -7.99088e-10, -3.58506e-09, 1.55991e-10, 0.984408, -0.1759, 3.66973e-09, 0.175899, 0.984409)
    Right Leg.CFrame = CFrame.new(1.04701, -0.0867214, -0.420372, 0.621534, 0.644438, 0.445416, -0.710802, 0.702941, -0.0251773, -0.329327, -0.300954, 0.89497)
    Left Arm.CFrame = CFrame.new(-0.0516286, -0.132303, 0.30134, -0.14932, 0.975247, -0.163088, -0.890382, -0.0608854, 0.451126, 0.430029, 0.212573, 0.877433)

[38]
    Time: 2.333333
    HumanoidRootPart.CFrame = CFrame.new(0, 0, 0, 1, 0, 0, 0, 1, 0, 0, 0, 1)
    Torso.CFrame = CFrame.new(0, 0.0356903, -0.416551, 1, 1.56022e-10, 3.66972e-09, 1.56021e-10, 0.996392, -0.0848778, -3.66972e-09, 0.0848778, 0.996392)
    Left Leg.CFrame = CFrame.new(-1.14942, 0.201869, -0.470986, 0.765185, -0.455523, -0.454963, 0.553231, 0.826664, 0.102776, 0.329284, -0.330342, 0.88456)
    Right Arm.CFrame = CFrame.new(0.0515714, -0.1324, 0.301401, -0.14932, -0.975247, 0.163088, 0.890381, -0.0608853, 0.451126, -0.430029, 0.212572, 0.877433)
    Head.CFrame = CFrame.new(1.79253e-09, 0.0172482, -0.000656694, 1, -7.99088e-10, -3.58506e-09, 1.55991e-10, 0.984408, -0.1759, 3.66973e-09, 0.175899, 0.984409)
    Right Leg.CFrame = CFrame.new(1.04701, -0.0867214, -0.420372, 0.621534, 0.644438, 0.445416, -0.710802, 0.702941, -0.0251773, -0.329327, -0.300954, 0.89497)
    Left Arm.CFrame = CFrame.new(-0.0516286, -0.132303, 0.30134, -0.14932, 0.975247, -0.163088, -0.890382, -0.0608854, 0.451126, 0.430029, 0.212573, 0.877433)

[39]
    Time: 2.383333
    HumanoidRootPart.CFrame = CFrame.new(0, 0, 0, 1, 0, 0, 0, 1, 0, 0, 0, 1)
    Torso.CFrame = CFrame.new(0.455109, -0.0781136, -0.120457, 0.828983, -0.506371, 0.237433, 0.55926, 0.747661, -0.358093, 0.00380835, 0.42964, 0.902992)
    Left Leg.CFrame = CFrame.new(0.608411, -0.32892, -0.465283, 0.453918, 0.576618, 0.679316, -0.54194, 0.783819, -0.303198, -0.70729, -0.230521, 0.668282)
    Right Arm.CFrame = CFrame.new(-0.65393, 0.146582, 0.408461, 0.672189, -0.369856, 0.64138, 0.45294, 0.890691, 0.0389261, -0.585668, 0.264341, 0.766236)
    Head.CFrame = CFrame.new(0.000835627, 0.0861804, -0.0194519, 0.95002, 0.278141, 0.141777, -0.30334, 0.929775, 0.208575, -0.0738072, -0.241157, 0.967676)
    Right Leg.CFrame = CFrame.new(0.871914, 1.61287, -0.83334, 0.810694, -0.202758, 0.54924, 0.0116316, 0.94351, 0.331139, -0.585355, -0.262064, 0.767257)
