[1]
    Time: 0.000000
    HumanoidRootPart.CFrame = CFrame.new(0, 0, 0, 1, 0, 0, 0, 1, 0, 0, 0, 1)
    Torso.CFrame = CFrame.new(0.363564, 0.413592, -0.74201, 0.970039, -0.199207, 0.139073, 0.217507, 0.967115, -0.131827, -0.108238, 0.158127, 0.981469)
    Right Arm.CFrame = CFrame.new(-0.366879, -0.259959, 0.459378, -0.168373, -0.916126, 0.36382, 0.743948, 0.124037, 0.656626, -0.646678, 0.38122, 0.660665)
    Left Arm.CFrame = CFrame.new(-0.018948, -0.12817, 1.00078, 0.357162, -0.022468, 0.933772, 0.257876, -0.958483, -0.121698, 0.897739, 0.284262, -0.33654)
    Right Leg.CFrame = CFrame.new(0.365852, 0.685503, -0.369656, 0.939501, -0.063178, -0.336669, 0.271975, 0.735084, 0.621031, 0.208247, -0.675026, 0.707795)
    Left Leg.CFrame = CFrame.new(-0.937224, 0.374257, 0.277059, 0.628039, -0.696464, 0.347133, 0.66253, 0.712546, 0.230944, -0.408192, 0.084943, 0.908936)
    Head.CFrame = CFrame.new(0, 0, 0, 0.58398, 0.754624, -0.299181, -0.682401, 0.655967, 0.322547, 0.439654, 0.0158, 0.898028)

[2]
    Time: 0.033333
    HumanoidRootPart.CFrame = CFrame.new(0, 0, 0, 1, 0, 0, 0, 1, 0, 0, 0, 1)
    Torso.CFrame = CFrame.new(0.401435, 0.437904, -0.798867, 0.947421, -0.285108, 0.145279, 0.30353, 0.944461, -0.125951, -0.101301, 0.163425, 0.981341)
    Right Arm.CFrame = CFrame.new(-0.46427, -0.186827, 0.307715, 0.210091, -0.908017, 0.362444, 0.635216, 0.408585, 0.655408, -0.743211, 0.092534, 0.662628)
    Left Arm.CFrame = CFrame.new(-0.149356, -0.301456, 0.995102, 0.149079, 0.136033, 0.979424, 0.22518, -0.969138, 0.10033, 0.962845, 0.205588, -0.17511)
    Right Leg.CFrame = CFrame.new(0.431231, 0.721791, -0.395397, 0.980777, 0.018448, -0.194257, 0.129591, 0.682684, 0.71913, 0.145885, -0.730481, 0.66717)
    Left Leg.CFrame = CFrame.new(-1.11283, 0.343166, 0.226393, 0.61229, -0.743038, 0.27017, 0.714681, 0.666297, 0.212797, -0.338129, 0.062791, 0.939003)
    Head.CFrame = CFrame.new(0, 0, 0, 0.599716, 0.746288, -0.288781, -0.669322, 0.665606, 0.330116, 0.438576, -0.004689, 0.898682)

[3]
    Time: 0.066667
    HumanoidRootPart.CFrame = CFrame.new(0, 0, 0, 1, 0, 0, 0, 1, 0, 0, 0, 1)
    Torso.CFrame = CFrame.new(0.39365, 0.449979, -0.826128, 0.919817, -0.361994, 0.151319, 0.380734, 0.916678, -0.121423, -0.094757, 0.169299, 0.980999)
    Right Arm.CFrame = CFrame.new(-0.485142, -0.151536, 0.15373, 0.566988, -0.742175, 0.357353, 0.419129, 0.633402, 0.650487, -0.709123, -0.219041, 0.670198)
    Left Arm.CFrame = CFrame.new(-0.323334, -0.419035, 0.960231, -0.028368, 0.174866, 0.984183, 0.135238, -0.974856, 0.177107, 0.990407, 0.138123, 0.004006)
    Right Leg.CFrame = CFrame.new(0.522358, 0.699052, -0.441737, 0.994275, 0.103267, -0.027442, -0.043786, 0.628022, 0.776963, 0.097472, -0.771313, 0.628948)
    Left Leg.CFrame = CFrame.new(-1.21933, 0.357465, 0.184993, 0.628028, -0.751195, 0.203183, 0.725496, 0.659639, 0.196303, -0.281489, 0.024124, 0.959261)
    Head.CFrame = CFrame.new(0, 0, 0, 0.621139, 0.731843, -0.280342, -0.650582, 0.68096, 0.33621, 0.436955, -0.026447, 0.899095)

[4]
    Time: 0.100000
    HumanoidRootPart.CFrame = CFrame.new(0, 0, 0, 1, 0, 0, 0, 1, 0, 0, 0, 1)
    Torso.CFrame = CFrame.new(0.305237, 0.429871, -0.807296, 0.8923, -0.422947, 0.157846, 0.442495, 0.888677, -0.120214, -0.08943, 0.177113, 0.980119)
    Right Arm.CFrame = CFrame.new(-0.468826, -0.167986, 0.040005, 0.79904, -0.492753, 0.344571, 0.185771, 0.747341, 0.637942, -0.57186, -0.44573, 0.688695)
    Left Arm.CFrame = CFrame.new(-0.603916, -0.436719, 0.850101, -0.194691, 0.034286, 0.980265, 0.006482, -0.999322, 0.03624, 0.980843, 0.013409, 0.194337)
    Right Leg.CFrame = CFrame.new(0.609105, 0.655964, -0.456128, 0.97926, 0.191726, 0.065499, -0.171692, 0.613636, 0.770697, 0.107573, -0.765958, 0.633827)
    Left Leg.CFrame = CFrame.new(-1.17097, 0.485829, 0.259182, 0.696692, -0.677224, 0.23661, 0.651184, 0.735403, 0.187472, -0.300965, 0.023465, 0.953347)
    Head.CFrame = CFrame.new(0, 0, 0, 0.653548, 0.704832, -0.275841, -0.619937, 0.707564, 0.339163, 0.434227, -0.050655, 0.899378)

[5]
    Time: 0.133333
    HumanoidRootPart.CFrame = CFrame.new(0, 0, 0, 1, 0, 0, 0, 1, 0, 0, 0, 1)
    Torso.CFrame = CFrame.new(0.147799, 0.372566, -0.757402, 0.871151, -0.462217, 0.165682, 0.483403, 0.86653, -0.124288, -0.08612, 0.188365, 0.978316)
    Right Arm.CFrame = CFrame.new(-0.466048, -0.207053, -0.028196, 0.904722, -0.2818, 0.319478, 0.029309, 0.789343, 0.613252, -0.424993, -0.545459, 0.722395)
    Left Arm.CFrame = CFrame.new(-0.81849, -0.430774, 0.583925, -0.431447, -0.013911, 0.902031, -0.209127, -0.971102, -0.115004, 0.877565, -0.238257, 0.41607)
    Right Leg.CFrame = CFrame.new(0.559352, 0.65756, -0.314507, 0.97029, 0.240608, -0.025373, -0.153198, 0.692164, 0.705294, 0.187264, -0.680454, 0.70846)
    Left Leg.CFrame = CFrame.new(-0.950398, 0.687647, 0.351873, 0.779653, -0.512883, 0.35929, 0.472298, 0.858354, 0.200416, -0.411188, 0.013435, 0.911452)
    Head.CFrame = CFrame.new(0, 0, 0, 0.701061, 0.657058, -0.277107, -0.569465, 0.749744, 0.337037, 0.429212, -0.07848, 0.899788)

[6]
    Time: 0.166667
    HumanoidRootPart.CFrame = CFrame.new(0, 0, 0, 1, 0, 0, 0, 1, 0, 0, 0, 1)
    Torso.CFrame = CFrame.new(-0.053389, 0.288155, -0.687499, 0.862525, -0.474616, 0.175475, 0.498685, 0.856096, -0.135697, -0.08582, 0.204549, 0.975087)
    Right Arm.CFrame = CFrame.new(-0.497864, -0.234071, -0.071546, 0.944183, -0.173593, 0.27997, -0.019086, 0.819632, 0.572573, -0.328867, -0.545957, 0.770569)
    Left Arm.CFrame = CFrame.new(-0.716159, -0.510841, 0.191522, -0.597329, 0.358325, 0.717497, -0.571829, -0.81757, -0.067755, 0.562326, -0.450758, 0.693259)
    Right Leg.CFrame = CFrame.new(0.378984, 0.619203, -0.117004, 0.955711, 0.213251, -0.20283, -0.052809, 0.802249, 0.59465, 0.289532, -0.557603, 0.777979)
    Left Leg.CFrame = CFrame.new(-0.706092, 0.817028, 0.31421, 0.837402, -0.333353, 0.433165, 0.240858, 0.936452, 0.255044, -0.490658, -0.109245, 0.864477)
    Head.CFrame = CFrame.new(0, 0, 0, 0.764936, 0.577399, -0.285453, -0.488494, 0.808905, 0.327179, 0.419818, -0.110829, 0.900816)

[7]
    Time: 0.200000
    HumanoidRootPart.CFrame = CFrame.new(0, 0, 0, 1, 0, 0, 0, 1, 0, 0, 0, 1)
    Torso.CFrame = CFrame.new(-0.265247, 0.187092, -0.610236, 0.881035, -0.428328, 0.200781, 0.460387, 0.873935, -0.155822, -0.108727, 0.229722, 0.967164)
    Right Arm.CFrame = CFrame.new(-0.565796, -0.238956, -0.103369, 0.96043, -0.147083, 0.236517, 0.002929, 0.854477, 0.519482, -0.278505, -0.498233, 0.821096)
    Left Arm.CFrame = CFrame.new(-0.314368, -0.537677, -0.009906, -0.385154, 0.868869, 0.311004, -0.885197, -0.443112, 0.1417, 0.260928, -0.220723, 0.939786)
    Right Leg.CFrame = CFrame.new(0.270835, 0.50587, -0.030631, 0.942105, 0.130224, -0.308997, 0.032252, 0.88204, 0.470069, 0.333764, -0.452821, 0.826774)
    Left Leg.CFrame = CFrame.new(-0.431214, 0.840663, 0.208976, 0.854209, -0.175862, 0.489283, -0.012594, 0.933782, 0.357621, -0.519777, -0.311647, 0.795431)
    Head.CFrame = CFrame.new(0, 0, 0, 0.840203, 0.451165, -0.300847, -0.363109, 0.880134, 0.305804, 0.402754, -0.147697, 0.903313)

[8]
    Time: 0.233333
    HumanoidRootPart.CFrame = CFrame.new(0, 0, 0, 1, 0, 0, 0, 1, 0, 0, 0, 1)
    Torso.CFrame = CFrame.new(-0.461761, 0.080767, -0.537487, 0.91683, -0.316714, 0.243134, 0.364255, 0.912849, -0.184458, -0.163524, 0.257679, 0.952293)
    Right Arm.CFrame = CFrame.new(-0.671267, -0.221739, -0.128621, 0.966167, -0.161959, 0.200726, 0.05237, 0.885233, 0.462191, -0.252546, -0.436042, 0.863764)
    Left Arm.CFrame = CFrame.new(0.040304, -0.393955, 0.141239, 0.089442, 0.932828, -0.349045, -0.854436, 0.251946, 0.454382, 0.5118, 0.257595, 0.819576)
    Right Leg.CFrame = CFrame.new(0.407733, 0.417467, -0.060478, 0.962425, 0.070534, -0.262228, 0.025642, 0.937752, 0.346358, 0.270336, -0.340069, 0.900707)
    Left Leg.CFrame = CFrame.new(-0.060862, 0.740529, 0.066131, 0.787624, -0.04939, 0.614173, -0.297487, 0.842421, 0.449252, -0.539583, -0.536552, 0.648818)
    Head.CFrame = CFrame.new(0, 0, 0, 0.909028, 0.268946, -0.318335, -0.184595, 0.944709, 0.271016, 0.373622, -0.187598, 0.908413)

[9]
    Time: 0.266667
    HumanoidRootPart.CFrame = CFrame.new(0, 0, 0, 1, 0, 0, 0, 1, 0, 0, 0, 1)
    Torso.CFrame = CFrame.new(-0.627848, -0.017823, -0.478017, 0.94176, -0.177587, 0.285572, 0.244465, 0.944663, -0.218746, -0.230922, 0.275818, 0.933059)
    Right Arm.CFrame = CFrame.new(-0.8155, -0.167673, -0.153065, 0.96692, -0.17771, 0.182987, 0.089572, 0.908241, 0.408749, -0.238836, -0.378837, 0.894114)
    Left Arm.CFrame = CFrame.new(0.119913, -0.226813, 0.240501, 0.178668, 0.70962, -0.681555, -0.418132, 0.6818, 0.600263, 0.890642, 0.177731, 0.41853)
    Right Leg.CFrame = CFrame.new(0.628422, 0.384784, -0.192116, 0.990272, 0.042744, -0.132417, -0.010088, 0.971193, 0.238081, 0.13878, -0.23443, 0.962176)
    Left Leg.CFrame = CFrame.new(0.340151, 0.404755, -0.202956, 0.655581, 0.030969, 0.75449, -0.608396, 0.613499, 0.503459, -0.44729, -0.789088, 0.42104)
    Head.CFrame = CFrame.new(0, 0, 0, 0.944287, 0.056154, -0.324298, 0.022894, 0.971744, 0.234924, 0.328327, -0.22926, 0.916319)

[10]
    Time: 0.300000
    HumanoidRootPart.CFrame = CFrame.new(0, 0, 0, 1, 0, 0, 0, 1, 0, 0, 0, 1)
    Torso.CFrame = CFrame.new(-0.745679, -0.091702, -0.438288, 0.947107, -0.058715, 0.315501, 0.142431, 0.957896, -0.249298, -0.28758, 0.281049, 0.915592)
    Right Arm.CFrame = CFrame.new(-0.97535, -0.039189, -0.185616, 0.967526, -0.167963, 0.188898, 0.09067, 0.928183, 0.36091, -0.235952, -0.332062, 0.91327)
    Left Arm.CFrame = CFrame.new(0.235696, -0.262269, 0.422364, -0.239662, 0.77998, -0.578094, -0.625904, 0.331055, 0.70615, 0.742163, 0.531068, 0.408852)
    Right Leg.CFrame = CFrame.new(0.746058, 0.362809, -0.315212, 0.999733, 0.012401, -0.019488, -0.009283, 0.988218, 0.152774, 0.021153, -0.152552, 0.988069)
    Left Leg.CFrame = CFrame.new(0.418871, 0.358164, -0.161408, 0.686946, 0.007305, 0.726672, -0.616108, 0.536129, 0.577039, -0.385378, -0.844104, 0.372793)
    Head.CFrame = CFrame.new(0, 0, 0, 0.939241, -0.144647, -0.311294, 0.218563, 0.951293, 0.21742, 0.264682, -0.272247, 0.925108)

[11]
    Time: 0.333333
    HumanoidRootPart.CFrame = CFrame.new(0, 0, 0, 1, 0, 0, 0, 1, 0, 0, 0, 1)
    Torso.CFrame = CFrame.new(-0.793684, -0.121302, -0.423501, 0.945153, -0.008927, 0.326506, 0.099749, 0.95976, -0.262509, -0.311024, 0.28068, 0.90801)
    Right Arm.CFrame = CFrame.new(-1.07798, 0.150972, -0.227297, 0.964684, -0.166157, 0.204395, 0.095473, 0.943747, 0.316587, -0.245501, -0.285892, 0.92628)
    Left Arm.CFrame = CFrame.new(0.227787, -0.416417, 0.501171, -0.695464, 0.664234, -0.274086, -0.505219, -0.180772, 0.843846, 0.510964, 0.725338, 0.461304)
    Right Leg.CFrame = CFrame.new(0.793869, 0.352917, -0.356226, 0.999516, 0.006366, 0.03046, -0.009711, 0.993791, 0.110837, -0.029565, -0.111079, 0.993372)
    Left Leg.CFrame = CFrame.new(0.411556, 0.403843, -0.108681, 0.761465, 0.013136, 0.648073, -0.557176, 0.52418, 0.644041, -0.33125, -0.851506, 0.406464)
    Head.CFrame = CFrame.new(0, 0, 0, 0.912553, -0.297685, -0.280411, 0.36645, 0.899609, 0.237525, 0.181553, -0.31951, 0.930028)

[12]
    Time: 0.366667
    HumanoidRootPart.CFrame = CFrame.new(0, 0, 0, 1, 0, 0, 0, 1, 0, 0, 0, 1)
    Torso.CFrame = CFrame.new(-0.776445, -0.084349, -0.466036, 0.948437, -0.025656, 0.315925, 0.110263, 0.961172, -0.252963, -0.297169, 0.274755, 0.91444)
    Right Arm.CFrame = CFrame.new(-1.09561, 0.314315, -0.261188, 0.952782, -0.210063, 0.219272, 0.144483, 0.948742, 0.281093, -0.26708, -0.23614, 0.934295)
    Left Arm.CFrame = CFrame.new(0.198303, -0.370839, 0.547527, -0.703971, 0.708463, -0.050043, -0.284534, -0.216766, 0.933838, 0.650742, 0.671634, 0.354179)
    Right Leg.CFrame = CFrame.new(0.784754, 0.396622, -0.31938, 0.999821, 0.010384, 0.0158, -0.012348, 0.991504, 0.129493, -0.01432, -0.129665, 0.991454)
    Left Leg.CFrame = CFrame.new(0.414575, 0.435392, -0.139293, 0.766997, 0.035823, 0.64065, -0.556941, 0.532985, 0.636979, -0.318642, -0.845366, 0.428749)
    Head.CFrame = CFrame.new(0, 0, 0, 0.890422, -0.389752, -0.235038, 0.448042, 0.841445, 0.30204, 0.080051, -0.37425, 0.923866)

[13]
    Time: 0.400000
    HumanoidRootPart.CFrame = CFrame.new(0, 0, 0, 1, 0, 0, 0, 1, 0, 0, 0, 1)
    Torso.CFrame = CFrame.new(-0.725574, -0.01693, -0.569776, 0.953539, -0.074913, 0.291807, 0.147049, 0.961106, -0.233778, -0.262944, 0.265826, 0.927468)
    Right Arm.CFrame = CFrame.new(-1.06573, 0.352778, -0.268489, 0.91758, -0.322042, 0.233099, 0.258876, 0.929008, 0.26444, -0.301712, -0.182301, 0.935808)
    Left Arm.CFrame = CFrame.new(0.137647, -0.350899, 0.685982, -0.730237, 0.678761, 0.077709, -0.122789, -0.242283, 0.962404, 0.67207, 0.693241, 0.260268)
    Right Leg.CFrame = CFrame.new(0.695567, 0.501805, -0.260968, 0.999371, -0.001602, -0.035439, 0.008429, 0.981074, 0.193449, 0.03446, -0.193626, 0.98047)
    Left Leg.CFrame = CFrame.new(0.27048, 0.694944, -0.035578, 0.809881, 0.016996, 0.586348, -0.446487, 0.666158, 0.597395, -0.38045, -0.745617, 0.547097)
    Head.CFrame = CFrame.new(0, 0, 0, 0.880831, -0.438432, -0.178647, 0.472628, 0.792355, 0.38574, -0.027569, -0.424206, 0.905146)

[14]
    Time: 0.433333
    HumanoidRootPart.CFrame = CFrame.new(0, 0, 0, 1, 0, 0, 0, 1, 0, 0, 0, 1)
    Torso.CFrame = CFrame.new(-0.650626, 0.013152, -0.686085, 0.951219, -0.156066, 0.266133, 0.217499, 0.951014, -0.219696, -0.218809, 0.266863, 0.938566)
    Right Arm.CFrame = CFrame.new(-1.00774, 0.198171, -0.235027, 0.820227, -0.515246, 0.248494, 0.4505, 0.849535, 0.274484, -0.352531, -0.113193, 0.928929)
    Left Arm.CFrame = CFrame.new(0.174468, -0.46037, 0.744963, -0.700861, 0.698555, 0.144276, -0.135837, -0.329274, 0.934413, 0.700244, 0.635295, 0.325665)
    Right Leg.CFrame = CFrame.new(0.600555, 0.606889, -0.208401, 0.993259, 0.028956, -0.112242, 0.003569, 0.96019, 0.279323, 0.115863, -0.277841, 0.953614)
    Left Leg.CFrame = CFrame.new(0.034275, 0.949566, 0.151937, 0.866238, -0.031529, 0.498635, -0.272351, 0.806895, 0.52416, -0.418875, -0.589853, 0.690377)
    Head.CFrame = CFrame.new(0, 0, 0, 0.880461, -0.460754, -0.11178, 0.457074, 0.762232, 0.45835, -0.125984, -0.454652, 0.881714)

[15]
    Time: 0.466667
    HumanoidRootPart.CFrame = CFrame.new(0, 0, 0, 1, 0, 0, 0, 1, 0, 0, 0, 1)
    Torso.CFrame = CFrame.new(-0.552746, -0.036205, -0.764638, 0.930482, -0.268252, 0.249489, 0.322872, 0.922269, -0.212539, -0.173082, 0.278317, 0.944766)
    Right Arm.CFrame = CFrame.new(-0.856279, -0.087647, -0.165871, 0.627735, -0.727251, 0.277587, 0.662429, 0.686357, 0.300172, -0.408823, -0.004547, 0.912602)
    Left Arm.CFrame = CFrame.new(0.370611, -0.690705, 0.501473, -0.516548, 0.830042, 0.210261, -0.441101, -0.468419, 0.765515, 0.7339, 0.302678, 0.608093)
    Right Leg.CFrame = CFrame.new(0.625318, 0.635147, -0.092564, 0.964308, 0.189022, -0.185417, -0.117014, 0.932394, 0.341978, 0.237524, -0.308077, 0.921234)
    Left Leg.CFrame = CFrame.new(-0.220142, 1.05459, 0.272879, 0.920177, -0.088892, 0.381276, -0.10786, 0.878627, 0.465166, -0.376351, -0.469161, 0.798905)
    Head.CFrame = CFrame.new(0, 0, 0, 0.883693, -0.466715, -0.03556, 0.421724, 0.760936, 0.493078, -0.203068, -0.450726, 0.869258)

[16]
    Time: 0.500000
    HumanoidRootPart.CFrame = CFrame.new(0, 0, 0, 1, 0, 0, 0, 1, 0, 0, 0, 1)
    Torso.CFrame = CFrame.new(-0.443799, -0.118958, -0.791829, 0.884259, -0.400668, 0.239898, 0.44948, 0.869584, -0.20443, -0.126703, 0.288598, 0.94903)
    Right Arm.CFrame = CFrame.new(-0.572024, -0.32548, -0.103799, 0.393739, -0.853569, 0.341159, 0.798847, 0.501352, 0.332399, -0.454766, 0.141655, 0.879273)
    Left Arm.CFrame = CFrame.new(0.49258, -0.641273, 0.02912, -0.193918, 0.920113, 0.340277, -0.842881, -0.333742, 0.422099, 0.501943, -0.204961, 0.840264)
    Right Leg.CFrame = CFrame.new(0.611317, 0.562779, 0.116351, 0.887781, 0.373044, -0.269593, -0.266015, 0.893868, 0.360884, 0.375607, -0.248672, 0.892795)
    Left Leg.CFrame = CFrame.new(-0.483572, 1.06818, 0.332355, 0.95593, -0.153953, 0.249989, 0.038336, 0.909645, 0.413614, -0.29108, -0.385803, 0.875459)
    Head.CFrame = CFrame.new(0, 0, 0, 0.886466, -0.460443, 0.046596, 0.389157, 0.79612, 0.463412, -0.250471, -0.392666, 0.884917)

[17]
    Time: 0.533333
    HumanoidRootPart.CFrame = CFrame.new(0, 0, 0, 1, 0, 0, 0, 1, 0, 0, 0, 1)
    Torso.CFrame = CFrame.new(-0.335838, -0.184725, -0.756482, 0.811527, -0.536018, 0.232613, 0.578939, 0.791477, -0.195944, -0.079078, 0.293683, 0.952626)
    Right Arm.CFrame = CFrame.new(-0.287903, -0.352283, -0.077293, 0.256611, -0.846841, 0.465844, 0.814003, 0.449225, 0.368235, -0.521105, 0.284704, 0.804607)
    Left Arm.CFrame = CFrame.new(0.447614, -0.300401, -0.175982, 0.155721, 0.90567, 0.394351, -0.982899, 0.102343, 0.153088, 0.098288, -0.411447, 0.906119)
    Right Leg.CFrame = CFrame.new(0.40648, 0.460119, 0.259467, 0.800409, 0.459316, -0.385189, -0.316752, 0.869604, 0.37876, 0.508933, -0.181155, 0.841529)
    Left Leg.CFrame = CFrame.new(-0.712292, 1.02974, 0.317461, 0.971041, -0.196663, 0.135652, 0.134057, 0.918501, 0.372002, -0.197757, -0.343045, 0.918266)
    Head.CFrame = CFrame.new(0, 0, 0, 0.888748, -0.440189, 0.127908, 0.37548, 0.859135, 0.34771, -0.262948, -0.261, 0.928837)

[18]
    Time: 0.566667
    HumanoidRootPart.CFrame = CFrame.new(0, 0, 0, 1, 0, 0, 0, 1, 0, 0, 0, 1)
    Torso.CFrame = CFrame.new(-0.233087, -0.223211, -0.666378, 0.719865, -0.657236, 0.223236, 0.693411, 0.695395, -0.188697, -0.031219, 0.290631, 0.956326)
    Right Arm.CFrame = CFrame.new(-0.139002, -0.186999, -0.064626, 0.257674, -0.720415, 0.643899, 0.703496, 0.596692, 0.386075, -0.662343, 0.353498, 0.660561)
    Left Arm.CFrame = CFrame.new(0.280003, 0.031427, -0.051301, 0.629239, 0.74291, 0.228346, -0.775101, 0.621473, 0.113976, -0.057236, -0.248709, 0.966886)
    Right Leg.CFrame = CFrame.new(0.220221, 0.381349, 0.236112, 0.707373, 0.509628, -0.489795, -0.31153, 0.846789, 0.431161, 0.634486, -0.152409, 0.75776)
    Left Leg.CFrame = CFrame.new(-0.865435, 0.968494, 0.258566, 0.978216, -0.201129, 0.051376, 0.172421, 0.92504, 0.338485, -0.115606, -0.322254, 0.939568)
    Head.CFrame = CFrame.new(0, 0, 0, 0.894589, -0.401805, 0.195609, 0.37225, 0.912185, 0.171312, -0.247266, -0.080439, 0.965603)

[19]
    Time: 0.600000
    HumanoidRootPart.CFrame = CFrame.new(0, 0, 0, 1, 0, 0, 0, 1, 0, 0, 0, 1)
    Torso.CFrame = CFrame.new(-0.138253, -0.234701, -0.540563, 0.625005, -0.752363, 0.20813, 0.780475, 0.597113, -0.185244, 0.015094, 0.278219, 0.960399)
    Right Arm.CFrame = CFrame.new(-0.094079, 0.036182, -0.100051, 0.338416, -0.548659, 0.764492, 0.486435, 0.797459, 0.356989, -0.805516, 0.251064, 0.536759)
    Left Arm.CFrame = CFrame.new(0.156621, 0.173764, 0.059384, 0.804404, 0.586666, -0.093572, -0.546981, 0.792849, 0.268709, 0.231831, -0.164968, 0.958666)
    Right Leg.CFrame = CFrame.new(0.167041, 0.344926, 0.181587, 0.617269, 0.550879, -0.561702, -0.305572, 0.825769, 0.474059, 0.724986, -0.120984, 0.678055)
    Left Leg.CFrame = CFrame.new(-0.90944, 0.905075, 0.208665, 0.986626, -0.162461, 0.013198, 0.151019, 0.941576, 0.301045, -0.061336, -0.295026, 0.953519)
    Head.CFrame = CFrame.new(0, 0, 0, 0.905651, -0.352148, 0.236194, 0.364929, 0.930967, -0.011259, -0.215924, 0.09639, 0.971641)

[20]
    Time: 0.633333
    HumanoidRootPart.CFrame = CFrame.new(0, 0, 0, 1, 0, 0, 0, 1, 0, 0, 0, 1)
    Torso.CFrame = CFrame.new(-0.058568, -0.212914, -0.397854, 0.542304, -0.820719, 0.179798, 0.838574, 0.515492, -0.176242, 0.05196, 0.24635, 0.967787)
    Right Arm.CFrame = CFrame.new(-0.098859, 0.226932, -0.198781, 0.507948, -0.38566, 0.77023, 0.242873, 0.922017, 0.301493, -0.826439, 0.033925, 0.562003)
    Left Arm.CFrame = CFrame.new(0.235806, 0.243596, 0.157829, 0.659733, 0.619244, -0.42578, -0.452541, 0.779692, 0.432767, 0.599966, -0.092828, 0.794622)
    Right Leg.CFrame = CFrame.new(0.173096, 0.342252, 0.165717, 0.576182, 0.565359, -0.590238, -0.307118, 0.819003, 0.48468, 0.757425, -0.097994, 0.645527)
    Left Leg.CFrame = CFrame.new(-0.845279, 0.837581, 0.210792, 0.994583, -0.098172, 0.034155, 0.086648, 0.964541, 0.249306, -0.05742, -0.244996, 0.967822)
    Head.CFrame = CFrame.new(0, 0, 0, 0.920084, -0.306157, 0.244364, 0.345707, 0.927989, -0.13901, -0.184208, 0.212379, 0.959668)

[21]
    Time: 0.666667
    HumanoidRootPart.CFrame = CFrame.new(0, 0, 0, 1, 0, 0, 0, 1, 0, 0, 0, 1)
    Torso.CFrame = CFrame.new(0.000958, -0.155652, -0.258165, 0.475691, -0.869024, 0.13607, 0.876654, 0.455708, -0.154299, 0.072081, 0.192685, 0.97861)
    Right Arm.CFrame = CFrame.new(-0.128469, 0.33834, -0.273381, 0.665904, -0.280532, 0.691284, 0.102842, 0.952279, 0.287381, -0.738915, -0.120275, 0.662977)
    Left Arm.CFrame = CFrame.new(0.291371, 0.328209, 0.253945, 0.494572, 0.552296, -0.671094, -0.242393, 0.829151, 0.50374, 0.834652, -0.086468, 0.543948)
    Right Leg.CFrame = CFrame.new(0.205269, 0.337951, 0.153, 0.615486, 0.5645, -0.550013, -0.319142, 0.81659, 0.480968, 0.720642, -0.1205, 0.682756)
    Left Leg.CFrame = CFrame.new(-0.703753, 0.770795, 0.205643, 0.992927, -0.00994, 0.118309, -0.016219, 0.975783, 0.218137, -0.117613, -0.218513, 0.968721)
    Head.CFrame = CFrame.new(0, 0, 0, 0.935296, -0.273666, 0.22434, 0.314874, 0.932917, -0.174702, -0.161481, 0.234037, 0.958723)

[22]
    Time: 0.700000
    HumanoidRootPart.CFrame = CFrame.new(0, 0, 0, 1, 0, 0, 0, 1, 0, 0, 0, 1)
    Torso.CFrame = CFrame.new(0.046406, -0.075234, -0.143614, 0.426031, -0.90088, 0.083146, 0.901442, 0.414893, -0.123555, 0.076811, 0.127589, 0.988848)
    Right Arm.CFrame = CFrame.new(-0.223512, 0.333504, -0.239209, 0.690163, -0.403354, 0.600817, 0.213862, 0.906856, 0.363146, -0.691331, -0.122138, 0.71214)
    Left Arm.CFrame = CFrame.new(0.287628, 0.342829, 0.300908, 0.358576, 0.53114, -0.767667, -0.066695, 0.834828, 0.546455, 0.931115, -0.144746, 0.334774)
    Right Leg.CFrame = CFrame.new(0.195757, 0.312854, 0.097375, 0.709682, 0.54307, -0.448803, -0.315028, 0.814413, 0.487331, 0.630166, -0.204467, 0.749056)
    Left Leg.CFrame = CFrame.new(-0.513701, 0.695592, 0.152922, 0.962486, 0.104526, 0.250393, -0.158349, 0.965752, 0.205542, -0.220334, -0.237481, 0.946074)
    Head.CFrame = CFrame.new(0, 0, 0, 0.950643, -0.249333, 0.184693, 0.276501, 0.95082, -0.1396, -0.140803, 0.183777, 0.972831)

[23]
    Time: 0.733333
    HumanoidRootPart.CFrame = CFrame.new(0, 0, 0, 1, 0, 0, 0, 1, 0, 0, 0, 1)
    Torso.CFrame = CFrame.new(0.086721, 0.015709, -0.075625, 0.392913, -0.919141, 0.028271, 0.916988, 0.389318, -0.086976, 0.068937, 0.060098, 0.995809)
    Right Arm.CFrame = CFrame.new(-0.373298, 0.131081, -0.005822, 0.332243, -0.763133, 0.554295, 0.563373, 0.631893, 0.532281, -0.756456, 0.135427, 0.63987)
    Left Arm.CFrame = CFrame.new(0.281468, 0.20994, 0.439345, 0.069726, 0.705893, -0.704878, -0.253058, 0.696001, 0.671971, 0.964935, 0.13152, 0.227162)
    Right Leg.CFrame = CFrame.new(0.090948, 0.283485, 0.018777, 0.810829, 0.497094, -0.308953, -0.302891, 0.808074, 0.505247, 0.500813, -0.316091, 0.805775)
    Left Leg.CFrame = CFrame.new(-0.313484, 0.598229, 0.089861, 0.896246, 0.227217, 0.380942, -0.311238, 0.934054, 0.175132, -0.316028, -0.275527, 0.907861)
    Head.CFrame = CFrame.new(0, 0, 0, 0.965728, -0.223785, 0.131493, 0.233747, 0.970071, -0.065767, -0.11284, 0.09425, 0.989133)

[24]
    Time: 0.766667
    HumanoidRootPart.CFrame = CFrame.new(0, 0, 0, 1, 0, 0, 0, 1, 0, 0, 0, 1)
    Torso.CFrame = CFrame.new(0.131513, 0.105174, -0.074682, 0.374942, -0.926814, -0.02085, 0.925611, 0.375518, -0.047239, 0.051612, -0.001587, 0.998666)
    Right Arm.CFrame = CFrame.new(-0.304896, -0.193875, 0.361131, -0.353777, -0.817702, 0.454099, 0.654423, 0.130472, 0.744787, -0.668261, 0.560661, 0.488965)
    Left Arm.CFrame = CFrame.new(0.162386, -0.059026, 0.690902, -0.504068, 0.703052, -0.501631, -0.445078, 0.286296, 0.848493, 0.740149, 0.650963, 0.168601)
    Right Leg.CFrame = CFrame.new(-0.012034, 0.278698, -0.025195, 0.870772, 0.45678, -0.181947, -0.313211, 0.80057, 0.51087, 0.379018, -0.387864, 0.840183)
    Left Leg.CFrame = CFrame.new(-0.154824, 0.514548, 0.03292, 0.822175, 0.330582, 0.463407, -0.439171, 0.886309, 0.146911, -0.362157, -0.324302, 0.873883)
    Head.CFrame = CFrame.new(0, 0, 0, 0.979305, -0.189992, 0.069756, 0.189516, 0.981786, 0.013437, -0.071038, 6.1e-05, 0.997474)

[25]
    Time: 0.800000
    HumanoidRootPart.CFrame = CFrame.new(0, 0, 0, 1, 0, 0, 0, 1, 0, 0, 0, 1)
    Torso.CFrame = CFrame.new(0.190615, 0.18087, -0.161088, 0.369844, -0.927373, -0.056526, 0.928682, 0.370807, -0.007227, 0.027662, -0.049821, 0.998375)
    Right Arm.CFrame = CFrame.new(0.006981, -0.308875, 0.636286, -0.796082, -0.5727, 0.195625, 0.349392, -0.170991, 0.921242, -0.494145, 0.801734, 0.336219)
    Left Arm.CFrame = CFrame.new(-0.05778, -0.154145, 0.809879, -0.819373, 0.546715, -0.172429, -0.193434, 0.019471, 0.98092, 0.53964, 0.837093, 0.089799)
    Right Leg.CFrame = CFrame.new(0.08221, 0.271955, -0.007086, 0.864401, 0.489474, -0.114993, -0.379911, 0.785633, 0.488314, 0.329361, -0.378413, 0.865058)
    Left Leg.CFrame = CFrame.new(-0.064253, 0.518746, -0.019117, 0.778272, 0.389492, 0.492535, -0.521504, 0.837822, 0.161508, -0.349752, -0.382557, 0.855175)
    Head.CFrame = CFrame.new(0, 0, 0, 0.989343, -0.145566, 0.003201, 0.145078, 0.987408, 0.063064, -0.012341, -0.061927, 0.998004)

[26]
    Time: 0.833333
    HumanoidRootPart.CFrame = CFrame.new(0, 0, 0, 1, 0, 0, 0, 1, 0, 0, 0, 1)
    Torso.CFrame = CFrame.new(0.268285, 0.230439, -0.342957, 0.372684, -0.924595, -0.07893, 0.927946, 0.371766, 0.026584, 0.004764, -0.08315, 0.996526)
    Right Arm.CFrame = CFrame.new(0.262565, -0.117335, 0.758328, -0.833425, -0.508256, -0.216978, -0.054686, -0.31485, 0.947565, -0.549921, 0.801589, 0.23461)
    Left Arm.CFrame = CFrame.new(-0.147911, 0.056981, 0.834499, -0.76784, 0.600276, 0.22381, 0.204876, -0.100926, 0.973571, 0.606999, 0.7934, -0.045487)
    Right Leg.CFrame = CFrame.new(0.020953, 0.322288, 0.023369, 0.855599, 0.46285, -0.231771, -0.317542, 0.822914, 0.471149, 0.4088, -0.329519, 0.851058)
    Left Leg.CFrame = CFrame.new(0.042012, 0.312247, -0.107459, 0.784937, 0.432437, 0.443706, -0.575341, 0.774472, 0.263007, -0.229905, -0.461727, 0.85671)
    Head.CFrame = CFrame.new(0, 0, 0, 0.993277, -0.095288, -0.065732, 0.099078, 0.993444, 0.057025, 0.059867, -0.063154, 0.996207)

[27]
    Time: 0.866667
    HumanoidRootPart.CFrame = CFrame.new(0, 0, 0, 1, 0, 0, 0, 1, 0, 0, 0, 1)
    Torso.CFrame = CFrame.new(0.361728, 0.255265, -0.572868, 0.379016, -0.920541, -0.094612, 0.925312, 0.375671, 0.051654, -0.012006, -0.107124, 0.994173)
    Right Arm.CFrame = CFrame.new(0.37817, 0.128893, 0.783173, -0.639883, -0.535105, -0.551554, -0.269542, -0.515848, 0.813172, -0.71965, 0.669002, 0.185849)
    Left Arm.CFrame = CFrame.new(-0.136541, 0.348188, 0.864257, -0.55894, 0.640038, 0.527198, 0.496527, -0.250863, 0.830981, 0.664113, 0.726236, -0.177578)
    Right Leg.CFrame = CFrame.new(0.294489, 0.348718, 0.107548, 0.744476, 0.652374, -0.141986, -0.516443, 0.697479, 0.496802, 0.423134, -0.296531, 0.856171)
    Left Leg.CFrame = CFrame.new(0.105985, 0.24296, -0.1632, 0.82922, 0.413939, 0.375567, -0.54364, 0.753378, 0.369965, -0.129803, -0.510956, 0.84975)
    Head.CFrame = CFrame.new(0, 0, 0, 0.990278, -0.054275, -0.128074, 0.055036, 0.998482, 0.002405, 0.127749, -0.00943, 0.991762)

[28]
    Time: 0.900000
    HumanoidRootPart.CFrame = CFrame.new(0, 0, 0, 1, 0, 0, 0, 1, 0, 0, 0, 1)
    Torso.CFrame = CFrame.new(0.471076, 0.26454, -0.784577, 0.386896, -0.916042, -0.105728, 0.921801, 0.381178, 0.070615, -0.024385, -0.124781, 0.991885)
    Right Arm.CFrame = CFrame.new(0.434092, 0.209587, 0.776065, -0.552929, -0.535203, -0.638614, -0.247818, -0.62612, 0.739298, -0.795522, 0.567039, 0.213567)
    Left Arm.CFrame = CFrame.new(-0.067517, 0.481969, 0.900274, -0.355078, 0.687463, 0.633494, 0.555431, -0.389932, 0.734473, 0.751942, 0.612657, -0.243382)
    Right Leg.CFrame = CFrame.new(0.455125, 0.340556, 0.215515, 0.620519, 0.780904, -0.071707, -0.659564, 0.56918, 0.49093, 0.424184, -0.257338, 0.868243)
    Left Leg.CFrame = CFrame.new(-0.167505, 0.601564, -0.3012, 0.923471, 0.193956, 0.331034, -0.347196, 0.78962, 0.505918, -0.163267, -0.582134, 0.796533)
    Head.CFrame = CFrame.new(0, 0, 0, 0.984802, -0.036624, -0.169774, 0.022003, 0.995947, -0.087213, 0.17228, 0.082152, 0.981616)

[29]
    Time: 0.933333
    HumanoidRootPart.CFrame = CFrame.new(0, 0, 0, 1, 0, 0, 0, 1, 0, 0, 0, 1)
    Torso.CFrame = CFrame.new(0.598232, 0.267961, -0.908422, 0.394567, -0.911708, -0.11448, 0.918232, 0.386588, 0.086028, -0.034176, -0.139062, 0.989694)
    Right Arm.CFrame = CFrame.new(0.418884, -0.017995, 0.771154, -0.761829, -0.535755, -0.36412, -0.054437, -0.507168, 0.860127, -0.645486, 0.675091, 0.35721)
    Left Arm.CFrame = CFrame.new(0.042552, 0.308536, 0.876086, -0.258995, 0.811834, 0.523304, 0.325326, -0.436812, 0.838665, 0.909442, 0.387454, -0.150979)
    Right Leg.CFrame = CFrame.new(0.447328, 0.343567, 0.39356, 0.536715, 0.841142, -0.066441, -0.740184, 0.50717, 0.441485, 0.405049, -0.187775, 0.894805)
    Left Leg.CFrame = CFrame.new(-0.320444, 0.764201, -0.416107, 0.959198, 0.036011, 0.280432, -0.204698, 0.77263, 0.60095, -0.195032, -0.633835, 0.748477)
    Head.CFrame = CFrame.new(0, 0, 0, 0.983729, -0.050289, -0.172479, 0.01528, 0.979966, -0.19858, 0.17901, 0.192713, 0.964789)

[30]
    Time: 0.966667
    HumanoidRootPart.CFrame = CFrame.new(0, 0, 0, 1, 0, 0, 0, 1, 0, 0, 0, 1)
    Torso.CFrame = CFrame.new(0.741455, 0.270355, -0.896308, 0.400389, -0.908044, -0.123068, 0.915327, 0.389992, 0.10041, -0.043181, -0.15285, 0.987306)
    Right Arm.CFrame = CFrame.new(0.167133, -0.395087, 0.670764, -0.834887, -0.499376, 0.231488, 0.449327, -0.37543, 0.810653, -0.317913, 0.780818, 0.537824)
    Left Arm.CFrame = CFrame.new(0.238896, 0.036952, 0.63052, -0.177703, 0.956525, 0.23126, -0.17937, -0.262546, 0.948101, 0.967599, 0.126999, 0.218227)
    Right Leg.CFrame = CFrame.new(0.333969, 0.377007, 0.459631, 0.523727, 0.845131, -0.107051, -0.728311, 0.509393, 0.458349, 0.441897, -0.162085, 0.882301)
    Left Leg.CFrame = CFrame.new(-0.454397, 0.813146, -0.366516, 0.963963, -0.127448, 0.23352, -0.044187, 0.788876, 0.612961, -0.262341, -0.601191, 0.754816)
    Head.CFrame = CFrame.new(0, 0, 0, 0.988287, -0.092963, -0.121026, 0.050527, 0.947645, -0.315303, 0.144001, 0.305495, 0.941242)

[31]
    Time: 1.000000
    HumanoidRootPart.CFrame = CFrame.new(0, 0, 0, 1, 0, 0, 0, 1, 0, 0, 0, 1)
    Torso.CFrame = CFrame.new(0.877738, 0.262528, -0.782862, 0.403082, -0.902573, -0.151285, 0.914529, 0.391105, 0.103313, -0.034079, -0.179998, 0.983077)
    Right Arm.CFrame = CFrame.new(-0.190428, -0.509726, 0.500457, -0.485674, -0.646791, 0.588033, 0.855709, -0.214371, 0.470963, -0.178557, 0.73192, 0.657579)
    Left Arm.CFrame = CFrame.new(0.438548, -0.024188, 0.341446, -0.067776, 0.991643, -0.109777, -0.659538, 0.038028, 0.750709, 0.74861, 0.123282, 0.651448)
    Right Leg.CFrame = CFrame.new(0.356562, 0.26481, 0.240959, 0.479253, 0.875656, -0.059495, -0.663118, 0.40567, 0.629054, 0.574971, -0.262026, 0.775082)
    Left Leg.CFrame = CFrame.new(-0.579079, 0.725261, -0.17693, 0.929616, -0.310862, 0.197933, 0.154171, 0.815875, 0.557297, -0.334733, -0.487558, 0.806376)
    Head.CFrame = CFrame.new(0, 0, 0, 0.988771, -0.14666, -0.028685, 0.121651, 0.901424, -0.415495, 0.086794, 0.40734, 0.909143)

[32]
    Time: 1.033333
    HumanoidRootPart.CFrame = CFrame.new(0, 0, 0, 1, 0, 0, 0, 1, 0, 0, 0, 1)
    Torso.CFrame = CFrame.new(0.994449, 0.250351, -0.620342, 0.405636, -0.891675, -0.200938, 0.914033, 0.395289, 0.09105, -0.001758, -0.220597, 0.975363)
    Right Arm.CFrame = CFrame.new(-0.243614, -0.382027, 0.228343, 0.094822, -0.841971, 0.531125, 0.916681, 0.281907, 0.28324, -0.388208, 0.460014, 0.79855)
    Left Arm.CFrame = CFrame.new(0.508948, 0.090952, 0.190472, 0.309764, 0.864002, -0.39692, -0.761082, 0.475533, 0.44116, 0.569912, 0.165433, 0.80488)
    Right Leg.CFrame = CFrame.new(0.374967, 0.152998, -0.028472, 0.486696, 0.873553, -0.005312, -0.536433, 0.303661, 0.787421, 0.689469, -0.380388, 0.616393)
    Left Leg.CFrame = CFrame.new(-0.656338, 0.486112, 0.036368, 0.85237, -0.491166, 0.179495, 0.363292, 0.803068, 0.472338, -0.376144, -0.337399, 0.862948)
    Head.CFrame = CFrame.new(0, 0, 0, 0.977298, -0.196967, 0.078049, 0.209991, 0.851603, -0.480288, 0.028134, 0.485774, 0.873631)

[33]
    Time: 1.066667
    HumanoidRootPart.CFrame = CFrame.new(0, 0, 0, 1, 0, 0, 0, 1, 0, 0, 0, 1)
    Torso.CFrame = CFrame.new(1.09616, 0.261481, -0.450356, 0.414132, -0.875858, -0.247723, 0.909579, 0.408406, 0.076619, 0.034065, -0.257054, 0.965796)
    Right Arm.CFrame = CFrame.new(-0.006734, -0.263151, -0.089415, 0.647525, -0.660676, 0.37976, 0.634456, 0.743441, 0.211572, -0.42211, 0.103942, 0.900566)
    Left Arm.CFrame = CFrame.new(0.513119, 0.164639, 0.126793, 0.597837, 0.57707, -0.5564, -0.53831, 0.803318, 0.254761, 0.593981, 0.14721, 0.790896)
    Right Leg.CFrame = CFrame.new(0.384049, 0.131594, -0.180541, 0.533427, 0.845248, -0.031763, -0.40659, 0.289162, 0.866643, 0.741714, -0.449379, 0.497916)
    Left Leg.CFrame = CFrame.new(-0.596989, 0.227454, 0.113286, 0.783326, -0.594289, 0.182259, 0.487066, 0.768979, 0.414053, -0.386222, -0.235568, 0.891819)
    Head.CFrame = CFrame.new(0, 0, 0, 0.956045, -0.23916, 0.169646, 0.292653, 0.814225, -0.50139, -0.018218, 0.528999, 0.848427)

[34]
    Time: 1.100000
    HumanoidRootPart.CFrame = CFrame.new(0, 0, 0, 1, 0, 0, 0, 1, 0, 0, 0, 1)
    Torso.CFrame = CFrame.new(1.18864, 0.304531, -0.302126, 0.437656, -0.858156, -0.268378, 0.897511, 0.434922, 0.072919, 0.054148, -0.272785, 0.96055)
    Right Arm.CFrame = CFrame.new(0.146134, -0.162313, -0.321156, 0.843795, -0.411069, 0.345009, 0.391347, 0.911218, 0.128569, -0.367229, 0.026532, 0.929752)
    Left Arm.CFrame = CFrame.new(0.624557, 0.225911, 0.112618, 0.685585, 0.476352, -0.55051, -0.448538, 0.872018, 0.195957, 0.573399, 0.112579, 0.811505)
    Right Leg.CFrame = CFrame.new(0.382862, 0.178322, -0.324971, 0.633893, 0.767026, -0.09923, -0.29955, 0.361769, 0.882833, 0.713056, -0.5299, 0.459086)
    Left Leg.CFrame = CFrame.new(-0.384777, 0.144532, -0.043092, 0.832991, -0.5479, 0.076995, 0.487763, 0.792891, 0.365259, -0.261175, -0.266703, 0.927716)
    Head.CFrame = CFrame.new(0, 0, 0, 0.936305, -0.274979, 0.218449, 0.348383, 0.80573, -0.478987, -0.044299, 0.524581, 0.850207)

[35]
    Time: 1.133333
    HumanoidRootPart.CFrame = CFrame.new(0, 0, 0, 1, 0, 0, 0, 1, 0, 0, 0, 1)
    Torso.CFrame = CFrame.new(1.26422, 0.352071, -0.197686, 0.484123, -0.838232, -0.250982, 0.872657, 0.483516, 0.068431, 0.063993, -0.25215, 0.96557)
    Right Arm.CFrame = CFrame.new(0.125048, -0.091957, -0.447327, 0.828994, -0.420111, 0.369155, 0.395626, 0.907077, 0.143847, -0.395284, 0.026799, 0.918168)
    Left Arm.CFrame = CFrame.new(0.722807, 0.315486, 0.066279, 0.735632, 0.475467, -0.482469, -0.424162, 0.878662, 0.219181, 0.528141, 0.043408, 0.848047)
    Right Leg.CFrame = CFrame.new(0.365416, 0.307775, -0.420964, 0.758327, 0.619497, -0.202881, -0.203805, 0.520939, 0.828907, 0.619196, -0.587237, 0.521298)
    Left Leg.CFrame = CFrame.new(-0.333455, 0.081557, -0.091498, 0.850973, -0.515261, -0.101726, 0.524122, 0.820675, 0.227579, -0.033779, -0.246981, 0.968431)
    Head.CFrame = CFrame.new(0, 0, 0, 0.929969, -0.304804, 0.205553, 0.364859, 0.833806, -0.414301, -0.045111, 0.460285, 0.886624)

[36]
    Time: 1.166667
    HumanoidRootPart.CFrame = CFrame.new(0, 0, 0, 1, 0, 0, 0, 1, 0, 0, 0, 1)
    Torso.CFrame = CFrame.new(1.32282, 0.384538, -0.15157, 0.549075, -0.810148, -0.205372, 0.832123, 0.552855, 0.043843, 0.078022, -0.194968, 0.977701)
    Right Arm.CFrame = CFrame.new(0.003141, -0.18275, -0.352473, 0.580312, -0.748605, 0.320667, 0.647069, 0.662924, 0.376609, -0.494509, -0.011057, 0.869102)
    Left Arm.CFrame = CFrame.new(0.801319, 0.289978, 0.088998, 0.619749, 0.634226, -0.462242, -0.576937, 0.767478, 0.279503, 0.532028, 0.093462, 0.841552)
    Right Leg.CFrame = CFrame.new(0.287009, 0.50896, -0.417537, 0.861393, 0.387129, -0.328833, -0.057447, 0.717484, 0.694202, 0.50468, -0.579092, 0.640275)
    Left Leg.CFrame = CFrame.new(-0.364934, 0.031361, -0.086925, 0.848887, -0.505087, -0.155802, 0.524295, 0.842037, 0.126855, 0.067118, -0.189372, 0.979609)
    Head.CFrame = CFrame.new(0, 0, 0, 0.935669, -0.323132, 0.141806, 0.352057, 0.882211, -0.312665, -0.024071, 0.342474, 0.939219)

[37]
    Time: 1.200000
    HumanoidRootPart.CFrame = CFrame.new(0, 0, 0, 1, 0, 0, 0, 1, 0, 0, 0, 1)
    Torso.CFrame = CFrame.new(1.37871, 0.403001, -0.179593, 0.623746, -0.768716, -0.14148, 0.776485, 0.630135, -0.000463, 0.089507, -0.109568, 0.989941)
    Right Arm.CFrame = CFrame.new(-0.077009, -0.379401, 0.038921, -0.043428, -0.979452, 0.196947, 0.697397, 0.111436, 0.707968, -0.715367, 0.168096, 0.678228)
    Left Arm.CFrame = CFrame.new(0.802521, 0.116152, 0.23387, 0.316908, 0.83638, -0.447254, -0.653135, 0.53438, 0.53652, 0.687738, 0.122089, 0.715619)
    Right Leg.CFrame = CFrame.new(0.135454, 0.694598, -0.323635, 0.9078, 0.084165, -0.41087, 0.140164, 0.862443, 0.486359, 0.395288, -0.499108, 0.771129)
    Left Leg.CFrame = CFrame.new(-0.345579, 0.081619, -0.063953, 0.885886, -0.456033, -0.085069, 0.462991, 0.880642, 0.100556, 0.029058, -0.128468, 0.991288)
    Head.CFrame = CFrame.new(0, 0, 0, 0.945582, -0.321716, 0.048726, 0.325094, 0.927753, -0.183273, 0.013756, 0.18914, 0.981854)

[38]
    Time: 1.233333
    HumanoidRootPart.CFrame = CFrame.new(0, 0, 0, 1, 0, 0, 0, 1, 0, 0, 0, 1)
    Torso.CFrame = CFrame.new(1.44438, 0.412244, -0.290272, 0.698436, -0.712199, -0.070418, 0.709581, 0.701942, -0.061423, 0.093175, -0.007068, 0.995625)
    Right Arm.CFrame = CFrame.new(0.00111, -0.3235, 0.560966, -0.576865, -0.81394, 0.068768, 0.32752, -0.153354, 0.932316, -0.748303, 0.560342, 0.355047)
    Left Arm.CFrame = CFrame.new(0.616631, -0.012187, 0.562167, -0.064781, 0.96632, -0.249056, -0.298714, 0.219359, 0.928791, 0.952142, 0.134564, 0.274443)
    Right Leg.CFrame = CFrame.new(-0.020483, 0.835938, -0.162319, 0.886553, -0.213117, -0.410617, 0.337096, 0.905465, 0.25787, 0.316844, -0.367034, 0.874584)
    Left Leg.CFrame = CFrame.new(-0.709245, -0.010544, -0.030341, 0.792244, -0.610152, -0.007762, 0.608795, 0.789489, 0.077971, -0.041446, -0.066497, 0.996925)
    Head.CFrame = CFrame.new(0, 0, 0, 0.95275, -0.300136, -0.046751, 0.298103, 0.953433, -0.045822, 0.058327, 0.02972, 0.997855)

[39]
    Time: 1.266667
    HumanoidRootPart.CFrame = CFrame.new(0, 0, 0, 1, 0, 0, 0, 1, 0, 0, 0, 1)
    Torso.CFrame = CFrame.new(1.51215, 0.41787, -0.459495, 0.763971, -0.645242, -0.003299, 0.639291, 0.757598, -0.131733, 0.087499, 0.098532, 0.99128)
    Right Arm.CFrame = CFrame.new(0.076398, -0.004233, 0.86183, -0.755051, -0.655104, -0.027146, 0.017841, -0.061914, 0.997922, -0.655423, 0.752998, 0.058436)
    Left Arm.CFrame = CFrame.new(0.302251, 0.020427, 0.818605, -0.339466, 0.937349, 0.078361, 0.110603, -0.042953, 0.992936, 0.934093, 0.345735, -0.089093)
    Right Leg.CFrame = CFrame.new(0.014397, 1.05504, -0.01267, 0.870681, -0.353247, -0.342247, 0.414735, 0.901344, 0.124784, 0.264403, -0.250589, 0.931287)
    Left Leg.CFrame = CFrame.new(-0.911184, 0.033628, 0.023802, 0.733071, -0.676275, 0.072489, 0.673166, 0.736648, 0.064818, -0.097234, 0.00128, 0.995261)
    Head.CFrame = CFrame.new(0, 0, 0, 0.956227, -0.266368, -0.121152, 0.276448, 0.958056, 0.075534, 0.095951, -0.105719, 0.989756)

[40]
    Time: 1.300000
    HumanoidRootPart.CFrame = CFrame.new(0, 0, 0, 1, 0, 0, 0, 1, 0, 0, 0, 1)
    Torso.CFrame = CFrame.new(1.56752, 0.426311, -0.648293, 0.813808, -0.578887, 0.051056, 0.576179, 0.792299, -0.200699, 0.07573, 0.192748, 0.978322)
    Right Arm.CFrame = CFrame.new(0.140057, 0.346494, 0.961831, -0.804334, -0.575855, -0.146423, -0.197013, 0.025981, 0.980057, -0.560565, 0.817139, -0.134348)
    Left Arm.CFrame = CFrame.new(-0.106436, 0.172598, 0.884239, -0.61249, 0.732177, 0.297949, 0.280083, -0.151458, 0.947953, 0.739195, 0.664062, -0.112304)
