[1]
    Time: 0.000000
    HumanoidRootPart.CFrame = CFrame.new(0, 0, 0, 1, 0, 0, 0, 1, 0, 0, 0, 1)
    Torso.CFrame = CFrame.new(0.096968, -0.114476, -0.168659, 0.824701, -0.531562, 0.193158, 0.556908, 0.822783, -0.113497, -0.098597, 0.201173, 0.974581)
    Left Leg.CFrame = CFrame.new(-0.532034, 0.552037, 0.051525, 0.965186, 0.152345, 0.21262, -0.237189, 0.852436, 0.465934, -0.110262, -0.500144, 0.858894)
    Right Arm.CFrame = CFrame.new(-0.750179, -0.196324, -0.250417, 0.833476, -0.230461, -0.502201, 0.546329, 0.207648, 0.811423, -0.082721, -0.950668, 0.298977)
    Head.CFrame = CFrame.new(0, 0, 0, 0.984228, 0.078499, -0.158534, -0.027562, 0.953258, 0.300898, 0.174744, -0.291783, 0.940387)
    Left Arm.CFrame = CFrame.new(0.13107, -0.926491, 0.171449, -0.748666, 0.639996, 0.17293, -0.611106, -0.76735, 0.194225, 0.257001, 0.039731, 0.965594)
    Right Leg.CFrame = CFrame.new(-0.38023, 0.163822, -0.055918, 0.438052, 0.315823, -0.841645, -0.086838, 0.946742, 0.310063, 0.894746, -0.062736, 0.442147)

[2]
    Time: 0.100000
    HumanoidRootPart.CFrame = CFrame.new(0, 0, 0, 1, 0, 0, 0, 1, 0, 0, 0, 1)
    Torso.CFrame = CFrame.new(0.418054, -0.081102, -0.438637, 0.673499, -0.682891, 0.282947, 0.717277, 0.696269, -0.026893, -0.178642, 0.221064, 0.958758)
    Left Leg.CFrame = CFrame.new(-0.702286, 0.748712, -0.072262, 0.964753, 0.233659, 0.121057, -0.261484, 0.799398, 0.540915, 0.029617, -0.553504, 0.83232)
    Right Arm.CFrame = CFrame.new(-0.578446, 0.129699, -0.006049, 0.811946, 0.564822, -0.147375, -0.262553, 0.578859, 0.772003, 0.521354, -0.588131, 0.618298)
    Head.CFrame = CFrame.new(0, 0, 0, 0.853979, 0.460104, -0.242947, -0.393157, 0.876466, 0.277913, 0.340804, -0.141816, 0.929377)
    Left Arm.CFrame = CFrame.new(-0.004253, -0.975496, 0.398537, -0.900174, 0.343773, 0.267407, -0.242901, -0.905895, 0.346922, 0.361505, 0.247337, 0.898965)
    Right Leg.CFrame = CFrame.new(-0.44657, 0.088824, 0.009367, 0.509754, 0.525053, -0.68152, -0.176957, 0.839222, 0.514191, 0.841925, -0.141511, 0.520708)

[3]
    Time: 0.166667
    HumanoidRootPart.CFrame = CFrame.new(0, 0, 0, 1, 0, 0, 0, 1, 0, 0, 0, 1)
    Torso.CFrame = CFrame.new(0.387612, 0.002336, -0.278805, 0.648673, -0.689842, 0.321467, 0.73936, 0.671358, -0.051243, -0.18047, 0.27092, 0.945533)
    Left Leg.CFrame = CFrame.new(-0.620365, 0.590055, -0.001057, 0.904487, 0.406769, 0.128224, -0.41293, 0.759961, 0.501945, 0.10673, -0.50695, 0.855342)
    Right Arm.CFrame = CFrame.new(-0.637498, -0.10143, -0.05858, 0.667606, 0.692492, -0.273419, -0.451273, 0.668474, 0.591182, 0.592162, -0.27129, 0.758779)
    Head.CFrame = CFrame.new(0, -0, -0, 0.802573, 0.53346, -0.267014, -0.460477, 0.83854, 0.291226, 0.379259, -0.110777, 0.918635)
    Left Arm.CFrame = CFrame.new(-0.200746, -0.910503, 0.372692, -0.932448, 0.308747, 0.187659, -0.235094, -0.912871, 0.333762, 0.274357, 0.267099, 0.923789)
    Right Leg.CFrame = CFrame.new(-0.510424, -0.009527, -0.13186, 0.453495, 0.394384, -0.799252, -0.049525, 0.906533, 0.41922, 0.889882, -0.150531, 0.430641)

[4]
    Time: 0.233333
    HumanoidRootPart.CFrame = CFrame.new(0, 0, 0, 1, 0, 0, 0, 1, 0, 0, 0, 1)
    Torso.CFrame = CFrame.new(0.181933, 0.075535, 0.036312, 0.73145, -0.622394, 0.278579, 0.660925, 0.74763, -0.065023, -0.167804, 0.231681, 0.95821)
    Left Leg.CFrame = CFrame.new(-0.251509, 0.301258, 0.121586, 0.861246, 0.450191, 0.235761, -0.507387, 0.735706, 0.44866, 0.028532, -0.506028, 0.862045)
    Right Arm.CFrame = CFrame.new(-0.503053, -0.345185, 0.069076, 0.470613, 0.760658, -0.447127, -0.432353, 0.640546, 0.634643, 0.769152, -0.105354, 0.630322)
    Head.CFrame = CFrame.new(0, -0, -0, 0.849731, 0.453014, -0.269697, -0.411395, 0.889651, 0.198182, 0.329715, -0.057449, 0.942331)
    Left Arm.CFrame = CFrame.new(-0.262139, -0.830316, 0.319056, -0.906191, 0.395165, 0.150544, -0.330695, -0.884115, 0.330125, 0.263551, 0.249372, 0.931855)
    Right Leg.CFrame = CFrame.new(-0.26076, -0.068903, 0.063211, 0.465788, 0.277979, -0.840101, -0.121341, 0.960474, 0.250532, 0.876537, -0.014756, 0.481108)

[5]
    Time: 0.366667
    HumanoidRootPart.CFrame = CFrame.new(0, 0, 0, 1, 0, 0, 0, 1, 0, 0, 0, 1)
    Torso.CFrame = CFrame.new(-0.411249, 0.03962, 0.143239, 0.907377, -0.420029, -0.015585, 0.417856, 0.905448, -0.074561, 0.045429, 0.061143, 0.997095)
    Left Leg.CFrame = CFrame.new(0.252538, -0.094366, -0.160996, 0.75699, -0.435425, 0.487208, 0.43331, 0.892606, 0.124489, -0.48909, 0.116875, 0.864367)
    Right Arm.CFrame = CFrame.new(-0.442285, -0.254635, -0.156859, 0.642274, 0.519858, -0.563233, -0.136423, 0.800638, 0.583411, 0.754236, -0.297872, 0.58515)
    Head.CFrame = CFrame.new(0, 0, 0, 0.975012, 0.220495, -0.027073, -0.222029, 0.971253, -0.085851, 0.007365, 0.089717, 0.99594)
    Left Arm.CFrame = CFrame.new(-0.001622, -0.797123, 0.501416, -0.687199, 0.558389, 0.464715, -0.302591, -0.801567, 0.515684, 0.660452, 0.213759, 0.719799)
    Right Leg.CFrame = CFrame.new(0.174825, -0.186743, 0.085619, 0.64942, 0.034404, -0.759651, -0.304599, 0.927101, -0.218411, 0.696759, 0.37323, 0.612557)

[6]
    Time: 0.466667
    HumanoidRootPart.CFrame = CFrame.new(0, 0, 0, 1, 0, 0, 0, 1, 0, 0, 0, 1)
    Torso.CFrame = CFrame.new(-0.784911, 0.018685, -0.138818, 0.958527, -0.24036, -0.153146, 0.216243, 0.963378, -0.15856, 0.185649, 0.118867, 0.9754)
    Left Leg.CFrame = CFrame.new(0.284087, -0.169026, -0.25114, 0.600469, -0.45263, 0.659214, 0.603468, 0.797384, -0.00219, -0.524656, 0.39913, 0.751952)
    Right Arm.CFrame = CFrame.new(-0.418372, -0.26776, -0.052699, 0.986482, 0.105757, -0.125174, -0.047569, 0.915786, 0.398839, 0.156813, -0.387493, 0.908438)
    Head.CFrame = CFrame.new(0, -0, -0, 0.986871, 0.043757, 0.155472, -0.034866, 0.997621, -0.059464, -0.157704, 0.053263, 0.986049)
    Left Arm.CFrame = CFrame.new(0.399551, -0.662718, 0.30138, -0.124311, 0.913998, 0.386205, -0.649497, -0.369206, 0.664711, 0.750134, -0.168208, 0.639535)
    Right Leg.CFrame = CFrame.new(0.435099, -0.038363, 0.128702, 0.826006, 0.007256, -0.563615, -0.246053, 0.904259, -0.348962, 0.507122, 0.426923, 0.748708)

[7]
    Time: 0.566667
    HumanoidRootPart.CFrame = CFrame.new(0, 0, 0, 1, 0, 0, 0, 1, 0, 0, 0, 1)
    Torso.CFrame = CFrame.new(-1.21953, -0.004793, 0.086852, 0.915848, 0.244904, -0.31819, -0.312548, 0.932296, -0.182038, 0.252065, 0.266169, 0.930386)
    Left Leg.CFrame = CFrame.new(0.295188, -0.239947, -0.269607, 0.559077, -0.171914, 0.811097, 0.44723, 0.886276, -0.120421, -0.698153, 0.430071, 0.572382)
    Right Arm.CFrame = CFrame.new(-0.909115, -0.250786, 0.109584, 0.72255, -0.684756, 0.095025, 0.612465, 0.697811, 0.371411, -0.320636, -0.210163, 0.923593)
    Head.CFrame = CFrame.new(-0, -0, -0, 0.817708, -0.536117, 0.2096, 0.532854, 0.842723, 0.076712, -0.217761, 0.048959, 0.974773)
    Left Arm.CFrame = CFrame.new(0.23863, -0.285413, 0.123803, 0.814955, 0.548521, 0.187011, -0.457057, 0.409955, 0.789326, 0.356296, -0.72874, 0.584801)
    Right Leg.CFrame = CFrame.new(0.746208, 0.291362, -0.034295, 0.997322, 0.064967, 0.033581, -0.067996, 0.992788, 0.098736, -0.026925, -0.100755, 0.994547)

[8]
    Time: 0.666667
    HumanoidRootPart.CFrame = CFrame.new(0, 0, 0, 1, 0, 0, 0, 1, 0, 0, 0, 1)
    Torso.CFrame = CFrame.new(-1.59862, 0.010599, -0.212894, 0.714967, 0.573241, -0.400271, -0.662395, 0.73858, -0.125431, 0.22373, 0.354817, 0.907772)
    Left Leg.CFrame = CFrame.new(0.59966, -0.098466, -0.408477, 0.315903, -0.229045, 0.92073, 0.064463, 0.973363, 0.220022, -0.946599, -0.010153, 0.322253)
    Right Arm.CFrame = CFrame.new(-0.750867, -0.737014, 0.492739, -0.17788, -0.973915, 0.140886, 0.857183, -0.083033, 0.508275, -0.483319, 0.211177, 0.849593)
    Head.CFrame = CFrame.new(0, -0, -0, 0.452957, -0.863409, 0.222161, 0.868808, 0.48339, 0.107268, -0.200006, 0.144428, 0.969091)
    Left Arm.CFrame = CFrame.new(0.529187, -0.42514, -0.026263, 0.888963, -0.45397, 0.060473, 0.267004, 0.621011, 0.736922, -0.372095, -0.638949, 0.673268)
    Right Leg.CFrame = CFrame.new(0.669007, 0.757522, -0.100595, 0.934774, -0.355072, -0.011071, 0.251013, 0.638132, 0.72786, -0.251378, -0.683163, 0.685636)

[9]
    Time: 0.733333
    HumanoidRootPart.CFrame = CFrame.new(0, 0, 0, 1, 0, 0, 0, 1, 0, 0, 0, 1)
    Torso.CFrame = CFrame.new(-1.69473, 0.005617, -0.529911, 0.647276, 0.642081, -0.410811, -0.746019, 0.644259, -0.168482, 0.15649, 0.415527, 0.896018)
    Left Leg.CFrame = CFrame.new(0.291724, 0.018291, -0.094418, 0.566187, -0.397461, 0.72212, 0.198256, 0.916012, 0.348735, -0.800079, -0.054285, 0.597433)
    Right Arm.CFrame = CFrame.new(-0.383248, -0.841442, 0.617822, -0.575751, -0.809003, 0.118427, 0.70385, -0.416701, 0.575288, -0.416061, 0.414578, 0.809332)
    Head.CFrame = CFrame.new(-0, 0, 0, 0.334389, -0.911567, 0.239228, 0.918556, 0.37202, 0.133624, -0.210805, 0.175062, 0.961725)
    Left Arm.CFrame = CFrame.new(0.600038, -0.497693, -0.135086, 0.723728, -0.681374, 0.109303, 0.601649, 0.700591, 0.383654, -0.337989, -0.2119, 0.916986)
    Right Leg.CFrame = CFrame.new(0.801427, 1.04044, -0.435353, 0.936982, -0.348986, 0.016572, 0.227264, 0.64483, 0.729757, -0.265361, -0.680002, 0.683506)

[10]
    Time: 0.800000
    HumanoidRootPart.CFrame = CFrame.new(0, 0, 0, 1, 0, 0, 0, 1, 0, 0, 0, 1)
    Torso.CFrame = CFrame.new(-1.69288, -0.054406, -0.348932, 0.70912, 0.551965, -0.438729, -0.68413, 0.689202, -0.238679, 0.17063, 0.469399, 0.866343)
    Left Leg.CFrame = CFrame.new(0.202302, -0.077537, -0.056178, 0.633287, -0.245439, 0.733967, 0.105913, 0.966942, 0.231961, -0.766635, -0.069161, 0.638347)
    Right Arm.CFrame = CFrame.new(-0.205727, -0.858987, 0.60255, -0.703561, -0.70438, 0.094075, 0.616402, -0.53902, 0.574026, -0.353624, 0.46185, 0.813415)
    Head.CFrame = CFrame.new(0, 0, 0, 0.487122, -0.817754, 0.306578, 0.818721, 0.549788, 0.165618, -0.303987, 0.170326, 0.937326)
    Left Arm.CFrame = CFrame.new(0.635983, -0.437628, -0.206462, 0.759202, -0.643423, -0.098072, 0.624791, 0.762693, -0.167138, 0.18234, 0.065617, 0.981044)
    Right Leg.CFrame = CFrame.new(0.740173, 0.926054, -0.237152, 0.924942, -0.376447, -0.05263, 0.302122, 0.644067, 0.70278, -0.230663, -0.665931, 0.709458)

[11]
    Time: 0.866667
    HumanoidRootPart.CFrame = CFrame.new(0, 0, 0, 1, 0, 0, 0, 1, 0, 0, 0, 1)
    Torso.CFrame = CFrame.new(-1.52402, -0.051813, 0.065651, 0.827276, 0.459578, -0.323115, -0.534077, 0.821793, -0.19854, 0.174289, 0.336815, 0.925299)
    Left Leg.CFrame = CFrame.new(0.070508, -0.122143, 0.030383, 0.625756, -0.066915, 0.777143, 0.072458, 0.996992, 0.027502, -0.776646, 0.039101, 0.628723)
    Right Arm.CFrame = CFrame.new(-0.104008, -0.934745, 0.443358, -0.743227, -0.658328, 0.119236, 0.634339, -0.636747, 0.43837, -0.212668, 0.401444, 0.890851)
    Head.CFrame = CFrame.new(-0, -0, 0, 0.738264, -0.592514, 0.322325, 0.623029, 0.782125, 0.010736, -0.25846, 0.192892, 0.946568)
    Left Arm.CFrame = CFrame.new(0.654395, -0.314358, -0.246502, 0.714849, -0.485384, -0.503382, 0.311249, 0.865475, -0.392527, 0.626191, 0.123921, 0.769759)
    Right Leg.CFrame = CFrame.new(0.15077, 0.328864, 0.146791, 0.906737, -0.377895, -0.187144, 0.412718, 0.704174, 0.577756, -0.086549, -0.601111, 0.794465)

[12]
    Time: 0.933333
    HumanoidRootPart.CFrame = CFrame.new(0, 0, 0, 1, 0, 0, 0, 1, 0, 0, 0, 1)
    Torso.CFrame = CFrame.new(-1.10081, 0.049426, 0.21541, 0.931581, 0.301659, -0.202876, -0.322841, 0.943048, -0.080216, 0.167124, 0.140225, 0.975913)
    Left Leg.CFrame = CFrame.new(0.064241, -0.254828, -0.193431, 0.564958, 0.124978, 0.8156, 0.164544, 0.951544, -0.259787, -0.808547, 0.280971, 0.517018)
    Right Arm.CFrame = CFrame.new(-0.023715, -0.79894, 0.214, -0.728833, -0.654232, 0.201948, 0.68378, -0.680274, 0.263955, -0.035308, 0.330468, 0.943157)
    Head.CFrame = CFrame.new(0, -0, 0, 0.924868, -0.273005, 0.264739, 0.320533, 0.93424, -0.156376, -0.204639, 0.229485, 0.951557)
    Left Arm.CFrame = CFrame.new(0.682829, -0.247526, -0.293758, 0.690298, -0.407504, -0.597854, 0.23873, 0.908314, -0.343472, 0.683006, 0.094372, 0.724291)
    Right Leg.CFrame = CFrame.new(-0.019623, 0.078097, 0.131058, 0.794405, 0.355573, -0.492431, -0.213954, 0.922588, 0.321022, 0.568458, -0.149664, 0.808985)

[13]
    Time: 1.033333
    HumanoidRootPart.CFrame = CFrame.new(0, 0, 0, 1, 0, 0, 0, 1, 0, 0, 0, 1)
    Torso.CFrame = CFrame.new(-0.572331, 0.076952, -0.117943, 0.99983, 0.017333, -0.006379, -0.017444, 0.999689, -0.017816, 0.006068, 0.017924, 0.999821)
    Left Leg.CFrame = CFrame.new(-0.18481, -0.154256, 0.016422, 0.723303, -0.051943, 0.688575, 0.353889, 0.884145, -0.305042, -0.592955, 0.464316, 0.657886)
    Right Arm.CFrame = CFrame.new(-0.004222, -0.602793, 0.305655, -0.531088, -0.773742, 0.345353, 0.832183, -0.399621, 0.384414, -0.159428, 0.491554, 0.856129)
    Head.CFrame = CFrame.new(0, 0, 0, 0.982969, 0.157474, 0.094734, -0.138607, 0.973765, -0.180468, -0.120668, 0.164264, 0.979008)
    Left Arm.CFrame = CFrame.new(0.853827, -0.147692, -0.270224, 0.711419, -0.370848, -0.596954, 0.247467, 0.927222, -0.281103, 0.657756, 0.052255, 0.751417)
    Right Leg.CFrame = CFrame.new(-0.592737, 0.007843, -0.434269, 0.448885, 0.497296, -0.742427, -0.566866, 0.800735, 0.193615, 0.690771, 0.333946, 0.641339)

[14]
    Time: 1.100000
    HumanoidRootPart.CFrame = CFrame.new(0, 0, 0, 1, 0, 0, 0, 1, 0, 0, 0, 1)
    Torso.CFrame = CFrame.new(-0.239021, 0.026113, -0.110185, 0.980431, -0.1728, 0.094316, 0.176044, 0.984007, -0.027175, -0.088111, 0.043247, 0.995171)
    Left Leg.CFrame = CFrame.new(-0.339423, 0.077535, 0.135073, 0.819657, -0.192803, 0.539435, 0.301829, 0.945702, -0.120611, -0.48689, 0.261677, 0.833345)
    Right Arm.CFrame = CFrame.new(-0.133569, -0.583526, 0.418091, -0.322384, -0.873189, 0.365527, 0.855871, -0.103902, 0.506646, -0.404418, 0.476179, 0.780833)
    Head.CFrame = CFrame.new(0, -0, 0, 0.933173, 0.357646, 0.035759, -0.349347, 0.925896, -0.143784, -0.084533, 0.121683, 0.988963)
    Left Arm.CFrame = CFrame.new(0.869512, -0.149845, -0.213384, 0.783467, -0.184789, -0.593324, 0.161699, 0.982498, -0.092476, 0.600028, -0.023489, 0.799634)
    Right Leg.CFrame = CFrame.new(-0.411804, 0.026488, -0.214602, 0.351833, 0.490826, -0.797059, -0.577189, 0.784114, 0.228075, 0.73693, 0.379809, 0.559177)

[15]
    Time: 1.200000
    HumanoidRootPart.CFrame = CFrame.new(0, 0, 0, 1, 0, 0, 0, 1, 0, 0, 0, 1)
    Torso.CFrame = CFrame.new(0.195609, -0.142624, -0.077654, 0.869154, -0.426384, 0.250535, 0.470826, 0.86843, -0.15541, -0.151308, 0.253034, 0.955552)
    Left Leg.CFrame = CFrame.new(-0.361883, 0.518979, 0.14167, 0.90458, 0.157581, 0.39611, -0.327706, 0.851331, 0.409689, -0.272661, -0.500404, 0.821737)
    Right Arm.CFrame = CFrame.new(-0.728721, -0.436617, 0.141696, 0.626134, -0.767268, 0.138767, 0.611469, 0.593616, 0.523187, -0.483799, -0.242733, 0.840844)
    Head.CFrame = CFrame.new(0, 0, -0, 0.77344, 0.63386, 0.003475, -0.63337, 0.772602, 0.043916, 0.025152, -0.036167, 0.999029)
    Left Arm.CFrame = CFrame.new(0.993533, -0.20552, 0.147614, 0.629502, 0.670984, -0.391801, -0.462161, 0.728693, 0.505385, 0.624608, -0.137066, 0.768816)
    Right Leg.CFrame = CFrame.new(-0.272226, 0.10731, -0.037047, 0.457936, 0.24431, -0.854756, -0.131507, 0.969534, 0.206662, 0.879205, 0.017768, 0.476113)

[16]
    Time: 1.266667
    HumanoidRootPart.CFrame = CFrame.new(0, 0, 0, 1, 0, 0, 0, 1, 0, 0, 0, 1)
    Torso.CFrame = CFrame.new(0.453581, -0.186305, -0.416111, 0.790387, -0.463997, 0.399994, 0.569103, 0.7978, -0.19909, -0.226738, 0.384996, 0.894633)
    Left Leg.CFrame = CFrame.new(-0.686506, 1.02295, -0.117542, 0.961409, 0.136418, 0.238921, -0.255141, 0.766997, 0.588743, -0.102936, -0.626981, 0.772204)
    Right Arm.CFrame = CFrame.new(-0.429769, -0.361053, -0.042042, 0.989309, -0.031501, -0.142392, 0.109985, 0.802338, 0.586649, 0.095766, -0.596039, 0.797224)
    Head.CFrame = CFrame.new(0, -0, -0, 0.718315, 0.691994, -0.071887, -0.666128, 0.713897, 0.215928, 0.200741, -0.107219, 0.973759)
    Left Arm.CFrame = CFrame.new(0.843399, -0.428899, 0.084601, 0.117314, 0.986685, 0.112651, -0.629466, -0.013858, 0.776905, 0.768122, -0.162052, 0.619458)
    Right Leg.CFrame = CFrame.new(-0.280731, 0.09596, -0.022026, 0.608775, 0.257346, -0.750444, -0.074597, 0.960304, 0.268797, 0.789828, -0.107656, 0.603806)

[17]
    Time: 1.333333
    HumanoidRootPart.CFrame = CFrame.new(0, 0, 0, 1, 0, 0, 0, 1, 0, 0, 0, 1)
    Torso.CFrame = CFrame.new(0.558147, -0.191065, -0.494166, 0.702594, -0.504849, 0.501487, 0.656836, 0.731205, -0.184134, -0.27373, 0.458767, 0.845343)
    Left Leg.CFrame = CFrame.new(-0.688999, 1.17539, -0.204963, 0.939813, 0.219924, 0.261504, -0.336783, 0.72543, 0.600273, -0.057688, -0.652215, 0.755836)
    Right Arm.CFrame = CFrame.new(-0.525411, -0.317922, -0.119887, 0.86552, 0.299283, -0.401629, -0.002055, 0.803969, 0.594668, 0.500871, -0.513871, 0.696466)
    Head.CFrame = CFrame.new(0, 0, -0, 0.760731, 0.630516, -0.154074, -0.537707, 0.745153, 0.394485, 0.363537, -0.21725, 0.905893)
    Left Arm.CFrame = CFrame.new(0.509704, -0.666779, 0.320975, -0.308298, 0.825861, 0.47213, -0.295286, -0.554869, 0.77777, 0.9043, 0.100372, 0.41493)
    Right Leg.CFrame = CFrame.new(-0.323454, 0.011864, -0.092453, 0.564784, 0.234423, -0.791243, -0.101975, 0.971281, 0.214975, 0.818914, -0.040727, 0.572469)

[18]
    Time: 1.433333
    HumanoidRootPart.CFrame = CFrame.new(0, 0, 0, 1, 0, 0, 0, 1, 0, 0, 0, 1)
    Torso.CFrame = CFrame.new(0.385305, -0.030403, -0.027496, 0.69977, -0.58267, 0.413301, 0.688131, 0.705158, -0.170961, -0.191828, 0.404039, 0.894402)
    Left Leg.CFrame = CFrame.new(-0.58314, 0.617978, 0.046721, 0.885437, 0.411241, 0.216524, -0.46355, 0.747848, 0.47523, 0.033508, -0.521156, 0.852803)
    Right Arm.CFrame = CFrame.new(-0.851718, -0.137074, -0.373495, 0.777154, 0.421811, -0.467019, -0.126329, 0.831575, 0.540855, 0.6165, -0.36133, 0.699549)
    Head.CFrame = CFrame.new(0, -0, -0, 0.823446, 0.54872, -0.144371, -0.469116, 0.801537, 0.370768, 0.319167, -0.237581, 0.917436)
    Left Arm.CFrame = CFrame.new(-0.181083, -0.744201, 0.452532, -0.71996, 0.45032, 0.528081, -0.110373, -0.825517, 0.55348, 0.685183, 0.340198, 0.644042)
    Right Leg.CFrame = CFrame.new(-0.396687, -0.127761, -0.235902, 0.45997, 0.066504, -0.88544, 0.114942, 0.984341, 0.133643, 0.880463, -0.163246, 0.445124)

[19]
    Time: 1.500000
    HumanoidRootPart.CFrame = CFrame.new(0, 0, 0, 1, 0, 0, 0, 1, 0, 0, 0, 1)
    Torso.CFrame = CFrame.new(0.046184, 0.035008, 0.217687, 0.814712, -0.491766, 0.307262, 0.52986, 0.846613, -0.049948, -0.23557, 0.203499, 0.950313)
    Left Leg.CFrame = CFrame.new(-0.293025, 0.369921, 0.154102, 0.9293, -0.089462, 0.358327, -0.066144, 0.914218, 0.399788, -0.363355, -0.395224, 0.843665)
    Right Arm.CFrame = CFrame.new(-0.739144, -0.106682, -0.368937, 0.782037, 0.476085, -0.402195, -0.218165, 0.813628, 0.538901, 0.583799, -0.333696, 0.740152)
    Head.CFrame = CFrame.new(0, 0, 0, 0.907503, 0.354051, -0.226022, -0.326271, 0.933048, 0.151552, 0.264547, -0.063789, 0.962261)
    Left Arm.CFrame = CFrame.new(-0.159697, -0.730587, 0.448968, -0.683584, 0.484547, 0.545828, -0.138882, -0.82053, 0.554474, 0.716537, 0.303224, 0.628196)
    Right Leg.CFrame = CFrame.new(0.016594, -0.156183, 0.055802, 0.576337, 0.086584, -0.812613, -0.264226, 0.960705, -0.085036, 0.773318, 0.263723, 0.576567)

[20]
    Time: 1.566667
    HumanoidRootPart.CFrame = CFrame.new(0, 0, 0, 1, 0, 0, 0, 1, 0, 0, 0, 1)
    Torso.CFrame = CFrame.new(-0.210245, 0.028931, 0.125099, 0.924982, -0.331705, 0.185419, 0.351427, 0.932326, -0.08525, -0.144593, 0.144016, 0.978955)
    Left Leg.CFrame = CFrame.new(0.220433, -0.019415, -0.054407, 0.73239, -0.39604, 0.553856, 0.342845, 0.917293, 0.202559, -0.58827, 0.041535, 0.807597)
    Right Arm.CFrame = CFrame.new(-0.826463, 0.066051, -0.396666, 0.962206, 0.089296, -0.257266, 0.017908, 0.921917, 0.386972, 0.271733, -0.376954, 0.885475)
    Head.CFrame = CFrame.new(0, -0, 0, 0.968676, 0.202412, -0.143861, -0.193731, 0.978399, 0.072138, 0.155355, -0.042008, 0.986965)
    Left Arm.CFrame = CFrame.new(0.08587, -0.746328, 0.44129, -0.489587, 0.617924, 0.615204, -0.203348, -0.767004, 0.608568, 0.847912, 0.172846, 0.501169)
    Right Leg.CFrame = CFrame.new(0.245306, -0.28286, -0.085016, 0.717404, -0.022436, -0.696296, -0.323106, 0.874767, -0.361088, 0.617198, 0.484023, 0.620313)

[21]
    Time: 1.666667
    HumanoidRootPart.CFrame = CFrame.new(0, 0, 0, 1, 0, 0, 0, 1, 0, 0, 0, 1)
    Torso.CFrame = CFrame.new(-0.630639, 0.019015, -0.084145, 0.998221, -0.059601, 0.001367, 0.059077, 0.985835, -0.156969, 0.008008, 0.15677, 0.987603)
    Left Leg.CFrame = CFrame.new(0.40945, -0.128597, -0.259924, 0.502442, -0.366347, 0.783162, 0.511595, 0.856181, 0.072288, -0.69701, 0.364341, 0.617602)
    Right Arm.CFrame = CFrame.new(-1.11992, -0.116626, -0.14959, 0.755276, -0.65179, -0.068769, 0.646763, 0.724215, 0.239188, -0.106096, -0.22513, 0.968535)
    Head.CFrame = CFrame.new(0, 0, 0, 0.999884, 0.009431, 0.011983, -0.010438, 0.996155, 0.086981, -0.011116, -0.087096, 0.996138)
    Left Arm.CFrame = CFrame.new(0.402294, -0.630331, 0.252221, -0.049292, 0.915865, 0.39845, -0.59571, -0.347168, 0.724296, 0.801686, -0.201659, 0.562702)
    Right Leg.CFrame = CFrame.new(0.514432, -0.159033, -0.075279, 0.899248, 0.023013, -0.436833, -0.240238, 0.860519, -0.449213, 0.365566, 0.508898, 0.779349)

[22]
    Time: 1.766667
    HumanoidRootPart.CFrame = CFrame.new(0, 0, 0, 1, 0, 0, 0, 1, 0, 0, 0, 1)
    Torso.CFrame = CFrame.new(-1.16693, -0.004793, 0.103211, 0.928527, 0.259427, -0.265585, -0.312548, 0.932296, -0.182038, 0.200378, 0.252036, 0.946745)
    Left Leg.CFrame = CFrame.new(0.300552, -0.219386, -0.223265, 0.54814, -0.185637, 0.815526, 0.435177, 0.895981, -0.088544, -0.714258, 0.403432, 0.571907)
    Right Arm.CFrame = CFrame.new(-0.934664, -0.890315, 0.255244, -0.040817, -0.998456, 0.037685, 0.938159, -0.02532, 0.345279, -0.343791, 0.049448, 0.937743)
    Head.CFrame = CFrame.new(0, -0, -0, 0.934028, -0.313854, 0.170551, 0.263323, 0.927616, 0.264933, -0.241356, -0.202544, 0.949064)
    Left Arm.CFrame = CFrame.new(0.256781, -0.292613, 0.133644, 0.802655, 0.560874, 0.202894, -0.479779, 0.405057, 0.778294, 0.354341, -0.722045, 0.594216)
    Right Leg.CFrame = CFrame.new(0.726646, 0.234466, -0.049533, 0.997112, 0.066875, 0.035989, -0.068881, 0.995953, 0.057738, -0.031983, -0.06005, 0.997683)

[23]
    Time: 1.866667
    HumanoidRootPart.CFrame = CFrame.new(0, 0, 0, 1, 0, 0, 0, 1, 0, 0, 0, 1)
    Torso.CFrame = CFrame.new(-1.59862, 0.010599, -0.212894, 0.714967, 0.573241, -0.400271, -0.662395, 0.73858, -0.125431, 0.22373, 0.354817, 0.907772)
    Left Leg.CFrame = CFrame.new(0.59966, -0.098466, -0.408477, 0.315903, -0.229045, 0.92073, 0.064463, 0.973363, 0.220022, -0.946599, -0.010153, 0.322253)
    Right Arm.CFrame = CFrame.new(-0.429391, -0.932133, 0.446047, -0.372486, -0.914074, 0.160384, 0.865954, -0.280189, 0.414267, -0.333733, 0.293194, 0.895913)
    Head.CFrame = CFrame.new(0, -0, -0, 0.749243, -0.633613, 0.192792, 0.559315, 0.761236, 0.328156, -0.354684, -0.138037, 0.924741)
    Left Arm.CFrame = CFrame.new(0.529187, -0.42514, -0.026263, 0.888963, -0.45397, 0.060473, 0.267004, 0.621011, 0.736922, -0.372095, -0.638949, 0.673268)
    Right Leg.CFrame = CFrame.new(0.669007, 0.757522, -0.100595, 0.934774, -0.355072, -0.011071, 0.251013, 0.638132, 0.72786, -0.251378, -0.683163, 0.685636)

[24]
    Time: 1.933333
    HumanoidRootPart.CFrame = CFrame.new(0, 0, 0, 1, 0, 0, 0, 1, 0, 0, 0, 1)
    Torso.CFrame = CFrame.new(-1.69473, 0.005617, -0.529911, 0.647276, 0.642081, -0.410811, -0.746019, 0.644259, -0.168482, 0.15649, 0.415527, 0.896018)
    Left Leg.CFrame = CFrame.new(0.291724, 0.018291, -0.094418, 0.566187, -0.397461, 0.72212, 0.198256, 0.916012, 0.348735, -0.800079, -0.054285, 0.597433)
    Right Arm.CFrame = CFrame.new(-0.303439, -0.878146, 0.558224, -0.594512, -0.790157, 0.149022, 0.728584, -0.45095, 0.515567, -0.340177, 0.415086, 0.843791)
    Head.CFrame = CFrame.new(-0, 0, 0, 0.677168, -0.724245, 0.130051, 0.643366, 0.66853, 0.373025, -0.357104, -0.16893, 0.918662)
    Left Arm.CFrame = CFrame.new(0.600038, -0.497693, -0.135086, 0.723728, -0.681374, 0.109303, 0.601649, 0.700591, 0.383654, -0.337989, -0.2119, 0.916986)
    Right Leg.CFrame = CFrame.new(0.801427, 1.04044, -0.435353, 0.936982, -0.348986, 0.016572, 0.227264, 0.64483, 0.729757, -0.265361, -0.680002, 0.683506)

[25]
    Time: 2.000000
    HumanoidRootPart.CFrame = CFrame.new(0, 0, 0, 1, 0, 0, 0, 1, 0, 0, 0, 1)
    Torso.CFrame = CFrame.new(-1.69288, -0.054406, -0.348932, 0.70912, 0.551965, -0.438729, -0.68413, 0.689202, -0.238679, 0.17063, 0.469399, 0.866343)
    Left Leg.CFrame = CFrame.new(0.202302, -0.077537, -0.056178, 0.633287, -0.245439, 0.733967, 0.105913, 0.966942, 0.231961, -0.766635, -0.069161, 0.638347)
    Right Arm.CFrame = CFrame.new(-0.165517, -0.603427, 0.490116, -0.694377, -0.713156, 0.09617, 0.634239, -0.543372, 0.549989, -0.339972, 0.442895, 0.829617)
    Head.CFrame = CFrame.new(0, 0, 0, 0.668675, -0.732747, 0.126314, 0.627697, 0.647344, 0.432368, -0.398585, -0.209826, 0.892806)
    Left Arm.CFrame = CFrame.new(0.635983, -0.437628, -0.206462, 0.759202, -0.643423, -0.098072, 0.624791, 0.762693, -0.167138, 0.18234, 0.065617, 0.981044)
    Right Leg.CFrame = CFrame.new(0.740173, 0.926054, -0.237152, 0.924942, -0.376447, -0.05263, 0.302122, 0.644067, 0.70278, -0.230663, -0.665931, 0.709458)

[26]
    Time: 2.066667
    HumanoidRootPart.CFrame = CFrame.new(0, 0, 0, 1, 0, 0, 0, 1, 0, 0, 0, 1)
    Torso.CFrame = CFrame.new(-1.52402, -0.051813, 0.065651, 0.827276, 0.459578, -0.323115, -0.534077, 0.821793, -0.19854, 0.174289, 0.336815, 0.925299)
    Left Leg.CFrame = CFrame.new(0.070508, -0.122143, 0.030383, 0.625756, -0.066915, 0.777143, 0.072458, 0.996992, 0.027502, -0.776646, 0.039101, 0.628723)
    Right Arm.CFrame = CFrame.new(-0.074826, -0.544801, 0.176, -0.708927, -0.682883, 0.176332, 0.6992, -0.647733, 0.302591, -0.092418, 0.337807, 0.936667)
    Head.CFrame = CFrame.new(-0, -0, 0, 0.684111, -0.724443, 0.084702, 0.663874, 0.666559, 0.339073, -0.302098, -0.175732, 0.936939)
    Left Arm.CFrame = CFrame.new(0.654395, -0.314358, -0.246502, 0.714849, -0.485384, -0.503382, 0.311249, 0.865475, -0.392527, 0.626191, 0.123921, 0.769759)
    Right Leg.CFrame = CFrame.new(0.15077, 0.328864, 0.146791, 0.906737, -0.377895, -0.187144, 0.412718, 0.704174, 0.577756, -0.086549, -0.601111, 0.794465)

[27]
    Time: 2.133333
    HumanoidRootPart.CFrame = CFrame.new(0, 0, 0, 1, 0, 0, 0, 1, 0, 0, 0, 1)
    Torso.CFrame = CFrame.new(-1.10081, 0.049426, 0.21541, 0.931581, 0.301659, -0.202876, -0.322841, 0.943048, -0.080216, 0.167124, 0.140225, 0.975913)
    Left Leg.CFrame = CFrame.new(0.064241, -0.254828, -0.193431, 0.564958, 0.124978, 0.8156, 0.164544, 0.951544, -0.259787, -0.808547, 0.280971, 0.517018)
    Right Arm.CFrame = CFrame.new(0.010635, -0.62805, 0.084781, -0.729944, -0.643455, 0.230539, 0.68287, -0.701085, 0.20535, 0.029494, 0.307322, 0.951149)
    Head.CFrame = CFrame.new(0, -0, 0, 0.673391, -0.739287, 4.2e-05, 0.713873, 0.650257, 0.259906, -0.192172, -0.174989, 0.965634)
    Left Arm.CFrame = CFrame.new(0.682829, -0.247526, -0.293758, 0.690298, -0.407504, -0.597854, 0.23873, 0.908314, -0.343472, 0.683006, 0.094372, 0.724291)
    Right Leg.CFrame = CFrame.new(-0.019623, 0.078097, 0.131058, 0.794405, 0.355573, -0.492431, -0.213954, 0.922588, 0.321022, 0.568458, -0.149664, 0.808985)

[28]
    Time: 2.200000
    HumanoidRootPart.CFrame = CFrame.new(0, 0, 0, 1, 0, 0, 0, 1, 0, 0, 0, 1)
    Torso.CFrame = CFrame.new(-0.739697, 0.075701, -0.038222, 0.990513, 0.117289, -0.071604, -0.119808, 0.992283, -0.03194, 0.067305, 0.040216, 0.996922)
    Left Leg.CFrame = CFrame.new(-0.094208, -0.189822, -0.03064, 0.658503, 0.00967, 0.752516, 0.327953, 0.896295, -0.298499, -0.677363, 0.443352, 0.587042)
    Right Arm.CFrame = CFrame.new(0.206847, -0.654354, 0.298097, -0.793499, -0.571685, 0.208651, 0.598457, -0.670767, 0.438088, -0.110492, 0.472491, 0.874382)
    Head.CFrame = CFrame.new(0, -0, -0, 0.798659, -0.594369, -0.094179, 0.59864, 0.768717, 0.225177, -0.061441, -0.236219, 0.969755)
    Left Arm.CFrame = CFrame.new(0.804929, -0.177387, -0.282787, 0.69571, -0.392259, -0.601764, 0.243756, 0.916946, -0.315901, 0.6757, 0.073092, 0.733544)
    Right Leg.CFrame = CFrame.new(-0.656149, 0.014771, -0.460123, 0.578724, 0.44086, -0.686091, -0.459888, 0.871184, 0.171875, 0.673484, 0.216057, 0.706922)

[29]
    Time: 2.266667
    HumanoidRootPart.CFrame = CFrame.new(0, 0, 0, 1, 0, 0, 0, 1, 0, 0, 0, 1)
    Torso.CFrame = CFrame.new(-0.410655, 0.068672, -0.156355, 0.996474, -0.067755, 0.049481, 0.0683, 0.997621, -0.009411, -0.048725, 0.012757, 0.998731)
    Left Leg.CFrame = CFrame.new(-0.265783, -0.08157, 0.071701, 0.774201, -0.125625, 0.620348, 0.356891, 0.896083, -0.26394, -0.522726, 0.425739, 0.738582)
    Right Arm.CFrame = CFrame.new(0.07681, -0.662765, 0.393388, -0.591807, -0.73588, 0.329005, 0.769007, -0.393064, 0.504112, -0.241646, 0.551344, 0.798515)
    Head.CFrame = CFrame.new(0, -0, 0, 0.912623, -0.369294, -0.175332, 0.403404, 0.883007, 0.239927, 0.066216, -0.289692, 0.954827)
    Left Arm.CFrame = CFrame.new(0.921335, -0.104442, -0.217615, 0.748923, -0.283993, -0.598717, 0.196544, 0.958052, -0.208585, 0.632839, 0.03854, 0.773324)
    Right Leg.CFrame = CFrame.new(-0.534576, 0.02076, -0.361754, 0.368073, 0.527961, -0.765363, -0.615789, 0.755166, 0.224786, 0.696654, 0.388565, 0.603068)

[30]
    Time: 2.400000
    HumanoidRootPart.CFrame = CFrame.new(0, 0, 0, 1, 0, 0, 0, 1, 0, 0, 0, 1)
    Torso.CFrame = CFrame.new(0.195609, -0.142624, -0.077654, 0.869154, -0.426384, 0.250535, 0.470826, 0.86843, -0.15541, -0.151308, 0.253034, 0.955552)
    Left Leg.CFrame = CFrame.new(-0.361883, 0.518979, 0.14167, 0.90458, 0.157581, 0.39611, -0.327706, 0.851331, 0.409689, -0.272661, -0.500404, 0.821737)
    Right Arm.CFrame = CFrame.new(-0.728721, -0.436617, 0.141696, 0.626134, -0.767268, 0.138767, 0.611469, 0.593616, 0.523187, -0.483799, -0.242733, 0.840844)
    Head.CFrame = CFrame.new(0, 0, -0, 0.969768, 0.179876, -0.164909, -0.073506, 0.859707, 0.505471, 0.232696, -0.478067, 0.846938)
    Left Arm.CFrame = CFrame.new(0.993533, -0.20552, 0.147614, 0.629502, 0.670984, -0.391801, -0.462161, 0.728693, 0.505385, 0.624608, -0.137066, 0.768816)
    Right Leg.CFrame = CFrame.new(-0.272226, 0.10731, -0.037047, 0.457936, 0.24431, -0.854756, -0.131507, 0.969534, 0.206662, 0.879205, 0.017768, 0.476113)

[31]
    Time: 2.500000
    HumanoidRootPart.CFrame = CFrame.new(0, 0, 0, 1, 0, 0, 0, 1, 0, 0, 0, 1)
    Torso.CFrame = CFrame.new(0.519073, -0.21228, -0.513986, 0.736712, -0.49396, 0.4618, 0.621881, 0.763118, -0.175827, -0.265557, 0.416718, 0.869382)
    Left Leg.CFrame = CFrame.new(-0.692789, 1.16675, -0.206984, 0.956728, 0.143218, 0.2533, -0.273639, 0.738871, 0.615786, -0.098964, -0.658452, 0.746088)
    Right Arm.CFrame = CFrame.new(-0.374153, -0.367884, -0.065476, 0.891686, 0.234833, -0.386975, 0.055918, 0.791207, 0.608987, 0.449188, -0.564664, 0.692376)
    Head.CFrame = CFrame.new(0, -0, -0, 0.873089, 0.426717, -0.235858, -0.20111, 0.75587, 0.623069, 0.444152, -0.496561, 0.745759)
    Left Arm.CFrame = CFrame.new(0.726229, -0.558117, 0.108106, -0.08176, 0.938887, 0.334375, -0.505764, -0.328175, 0.797812, 0.858789, -0.103886, 0.501686)
    Right Leg.CFrame = CFrame.new(-0.247797, 0.078871, 0.009033, 0.59089, 0.311259, -0.74429, -0.178176, 0.950143, 0.255893, 0.786831, -0.01859, 0.616889)

[32]
    Time: 2.566667
    HumanoidRootPart.CFrame = CFrame.new(0, 0, 0, 1, 0, 0, 0, 1, 0, 0, 0, 1)
    Torso.CFrame = CFrame.new(0.552109, -0.113885, -0.372274, 0.697781, -0.514707, 0.498175, 0.661658, 0.72958, -0.172976, -0.274427, 0.450321, 0.849648)
    Left Leg.CFrame = CFrame.new(-0.683247, 1.01794, -0.101628, 0.919534, 0.301218, 0.252437, -0.392853, 0.722662, 0.568706, -0.011122, -0.622115, 0.782846)
    Right Arm.CFrame = CFrame.new(-0.504175, -0.284613, -0.172903, 0.596561, 0.526216, -0.60598, -0.010439, 0.760075, 0.649751, 0.8025, -0.381291, 0.458925)
    Head.CFrame = CFrame.new(0, -0, -0, 0.829378, 0.465803, -0.308479, -0.255387, 0.807178, 0.532204, 0.4969, -0.362617, 0.788416)
    Left Arm.CFrame = CFrame.new(0.191767, -0.715207, 0.475225, -0.515258, 0.646088, 0.563099, -0.136916, -0.710647, 0.690098, 0.846028, 0.278482, 0.454626)
    Right Leg.CFrame = CFrame.new(-0.415607, -0.046041, -0.234742, 0.546096, 0.135858, -0.826633, 0.03788, 0.981748, 0.186377, 0.836866, -0.133092, 0.530982)

[33]
    Time: 2.633333
    HumanoidRootPart.CFrame = CFrame.new(0, 0, 0, 1, 0, 0, 0, 1, 0, 0, 0, 1)
    Torso.CFrame = CFrame.new(0.385305, -0.007715, -0.023456, 0.69977, -0.58267, 0.413301, 0.683056, 0.715157, -0.148273, -0.209181, 0.386064, 0.898442)
    Left Leg.CFrame = CFrame.new(-0.57974, 0.623686, 0.050135, 0.893445, 0.3949, 0.214034, -0.447931, 0.747899, 0.489904, 0.033387, -0.533574, 0.845094)
    Right Arm.CFrame = CFrame.new(-0.579459, -0.324132, -0.177549, 0.272847, 0.716813, -0.641665, -0.055584, 0.677603, 0.733324, 0.96045, -0.164419, 0.224725)
    Head.CFrame = CFrame.new(0, 0, 0, 0.833415, 0.440127, -0.334227, -0.358286, 0.890763, 0.279595, 0.420774, -0.113269, 0.900066)
    Left Arm.CFrame = CFrame.new(-0.181083, -0.744201, 0.452532, -0.719961, 0.450319, 0.528081, -0.110373, -0.825517, 0.55348, 0.685182, 0.340197, 0.644042)
    Right Leg.CFrame = CFrame.new(-0.401873, -0.126127, -0.239275, 0.472939, 0.076645, -0.877755, 0.098389, 0.985385, 0.139056, 0.875585, -0.152126, 0.458486)

[34]
    Time: 2.700000
    HumanoidRootPart.CFrame = CFrame.new(0, 0, 0, 1, 0, 0, 0, 1, 0, 0, 0, 1)
    Torso.CFrame = CFrame.new(0.046184, 0.007093, 0.215808, 0.814712, -0.491766, 0.307262, 0.536556, 0.840265, -0.077862, -0.219892, 0.228299, 0.948434)
    Left Leg.CFrame = CFrame.new(-0.296384, 0.358884, 0.148348, 0.929541, -0.065506, 0.362853, -0.084447, 0.920113, 0.38244, -0.358919, -0.386135, 0.849751)
    Right Arm.CFrame = CFrame.new(-0.665223, -0.223337, -0.562466, 0.563799, 0.489068, -0.66554, 0.122677, 0.747296, 0.653069, 0.81675, -0.449846, 0.361327)
    Head.CFrame = CFrame.new(0, -0, 0, 0.921446, 0.194483, -0.336323, -0.266621, 0.946207, -0.183321, 0.282578, 0.258591, 0.923732)
    Left Arm.CFrame = CFrame.new(-0.159698, -0.730587, 0.448967, -0.683584, 0.484547, 0.545827, -0.138883, -0.82053, 0.554474, 0.716536, 0.303224, 0.628197)
    Right Leg.CFrame = CFrame.new(0.02837, -0.143719, 0.071733, 0.57274, 0.070339, -0.816713, -0.250391, 0.963707, -0.092594, 0.780559, 0.25753, 0.569566)

[35]
    Time: 2.800000
    HumanoidRootPart.CFrame = CFrame.new(0, 0, 0, 1, 0, 0, 0, 1, 0, 0, 0, 1)
    Torso.CFrame = CFrame.new(-0.342605, 0.036444, 0.008497, 0.96651, -0.222795, 0.127364, 0.236584, 0.965831, -0.105823, -0.099435, 0.132411, 0.986195)
    Left Leg.CFrame = CFrame.new(0.357112, -0.085186, -0.184977, 0.612859, -0.433208, 0.660859, 0.468979, 0.872514, 0.137037, -0.635974, 0.225945, 0.737893)
    Right Arm.CFrame = CFrame.new(-0.760701, -0.088487, -0.548899, 0.836403, -0.111793, -0.536593, 0.401641, 0.791179, 0.461217, 0.37298, -0.601281, 0.706645)
    Head.CFrame = CFrame.new(0, 0, -0, 0.995107, -0.080415, -0.057413, 0.036934, 0.841669, -0.538729, 0.091645, 0.533973, 0.84052)
    Left Arm.CFrame = CFrame.new(0.21408, -0.72338, 0.382205, -0.348659, 0.730919, 0.586681, -0.325924, -0.681447, 0.655289, 0.878755, 0.037259, 0.475817)
    Right Leg.CFrame = CFrame.new(0.381277, -0.232025, -0.053994, 0.800817, 0.009807, -0.598829, -0.321645, 0.850479, -0.416209, 0.50521, 0.525918, 0.684232)

[36]
    Time: 2.900000
    HumanoidRootPart.CFrame = CFrame.new(0, 0, 0, 1, 0, 0, 0, 1, 0, 0, 0, 1)
    Torso.CFrame = CFrame.new(-0.797585, -0.022847, -0.059675, 0.995253, -0.055215, -0.080142, 0.038203, 0.979032, -0.200092, 0.08951, 0.19608, 0.976494)
    Left Leg.CFrame = CFrame.new(0.325363, -0.171122, -0.237217, 0.574027, -0.334907, 0.747215, 0.506847, 0.862031, -0.003003, -0.643116, 0.380448, 0.664576)
    Right Arm.CFrame = CFrame.new(-0.89432, -0.231123, -0.30248, 0.667351, -0.658723, -0.347458, 0.742508, 0.55237, 0.378906, -0.057669, -0.510853, 0.857732)
    Head.CFrame = CFrame.new(0, -0, -0, 0.968334, -0.243412, 0.055501, 0.233764, 0.805936, -0.543895, 0.08766, 0.539646, 0.837316)
    Left Arm.CFrame = CFrame.new(0.421789, -0.569892, 0.178794, 0.14211, 0.939687, 0.311115, -0.705196, -0.12445, 0.698005, 0.694625, -0.31859, 0.644978)
    Right Leg.CFrame = CFrame.new(0.500594, -0.129798, -0.073195, 0.91637, -0.000871, -0.400331, -0.180468, 0.891726, -0.415038, 0.357347, 0.452575, 0.816994)

[37]
    Time: 2.966667
    HumanoidRootPart.CFrame = CFrame.new(0, 0, 0, 1, 0, 0, 0, 1, 0, 0, 0, 1)
    Torso.CFrame = CFrame.new(-1.16693, -0.004793, 0.103211, 0.928527, 0.259427, -0.265585, -0.312548, 0.932296, -0.182038, 0.200378, 0.252036, 0.946745)
    Left Leg.CFrame = CFrame.new(0.300552, -0.219386, -0.223265, 0.54814, -0.185637, 0.815526, 0.435177, 0.895981, -0.088544, -0.714258, 0.403432, 0.571907)
    Right Arm.CFrame = CFrame.new(-0.995364, -0.325091, -0.07871, 0.399815, -0.901469, -0.165835, 0.874961, 0.321446, 0.362098, -0.273114, -0.289871, 0.91727)
    Head.CFrame = CFrame.new(0, -0, -0, 0.845293, -0.455861, 0.278693, 0.534225, 0.712178, -0.45542, 0.009129, 0.533848, 0.845531)
    Left Arm.CFrame = CFrame.new(0.256781, -0.292613, 0.133644, 0.802655, 0.560874, 0.202894, -0.479779, 0.405057, 0.778294, 0.354341, -0.722045, 0.594216)
    Right Leg.CFrame = CFrame.new(0.726646, 0.234466, -0.049533, 0.997112, 0.066875, 0.035989, -0.068881, 0.995953, 0.057738, -0.031983, -0.06005, 0.997683)

[38]
    Time: 3.066667
    HumanoidRootPart.CFrame = CFrame.new(0, 0, 0, 1, 0, 0, 0, 1, 0, 0, 0, 1)
    Torso.CFrame = CFrame.new(-1.59862, 0.010599, -0.212894, 0.714967, 0.573241, -0.400271, -0.662395, 0.73858, -0.125431, 0.22373, 0.354817, 0.907772)
    Left Leg.CFrame = CFrame.new(0.59966, -0.098466, -0.408477, 0.315903, -0.229045, 0.92073, 0.064463, 0.973363, 0.220022, -0.946599, -0.010153, 0.322253)
    Right Arm.CFrame = CFrame.new(-0.862451, -0.545406, 0.369176, -0.195484, -0.975537, 0.100563, 0.878856, -0.128755, 0.459385, -0.435199, 0.178182, 0.882526)
    Head.CFrame = CFrame.new(0, -0, -0, 0.64114, -0.595761, 0.483745, 0.767269, 0.510304, -0.388444, -0.015437, 0.620209, 0.784285)
    Left Arm.CFrame = CFrame.new(0.529187, -0.42514, -0.026263, 0.888963, -0.45397, 0.060473, 0.267004, 0.621011, 0.736922, -0.372095, -0.638949, 0.673268)
    Right Leg.CFrame = CFrame.new(0.669007, 0.757522, -0.100595, 0.934774, -0.355072, -0.011071, 0.251013, 0.638132, 0.72786, -0.251378, -0.683163, 0.685636)

[39]
    Time: 3.133333
    HumanoidRootPart.CFrame = CFrame.new(0, 0, 0, 1, 0, 0, 0, 1, 0, 0, 0, 1)
    Torso.CFrame = CFrame.new(-1.69473, 0.005617, -0.529911, 0.647276, 0.642081, -0.410811, -0.746019, 0.644259, -0.168482, 0.15649, 0.415527, 0.896018)
    Left Leg.CFrame = CFrame.new(0.291724, 0.018291, -0.094418, 0.566187, -0.397461, 0.72212, 0.198256, 0.916012, 0.348735, -0.800079, -0.054285, 0.597433)
    Right Arm.CFrame = CFrame.new(-0.531777, -0.628584, 0.585069, -0.528984, -0.844965, 0.078811, 0.681458, -0.367596, 0.632841, -0.505758, 0.388469, 0.770261)
    Head.CFrame = CFrame.new(-0, 0, 0, 0.553442, -0.615455, 0.561175, 0.82172, 0.513441, -0.247294, -0.135932, 0.597992, 0.789891)
    Left Arm.CFrame = CFrame.new(0.600038, -0.497693, -0.135086, 0.723728, -0.681374, 0.109303, 0.601649, 0.700591, 0.383654, -0.337989, -0.2119, 0.916986)
    Right Leg.CFrame = CFrame.new(0.801427, 1.04044, -0.435353, 0.936982, -0.348986, 0.016572, 0.227264, 0.64483, 0.729757, -0.265361, -0.680002, 0.683506)

[40]
    Time: 3.200000
    HumanoidRootPart.CFrame = CFrame.new(0, 0, 0, 1, 0, 0, 0, 1, 0, 0, 0, 1)
    Torso.CFrame = CFrame.new(-1.69288, -0.054406, -0.348932, 0.70912, 0.551965, -0.438729, -0.68413, 0.689202, -0.238679, 0.17063, 0.469399, 0.866343)
    Left Leg.CFrame = CFrame.new(0.203479, -0.077429, -0.056592, 0.63171, -0.245209, 0.735401, 0.105415, 0.967014, 0.231885, -0.768004, -0.068962, 0.636721)
