[1]
    Time: 0.000000
    HumanoidRootPart.CFrame = CFrame.new(0, 0, 0, 1, 0, 0, 0, 1, 0, 0, 0, 1)
    Torso.CFrame = CFrame.new(0.078425, 0, -0.02614, 0.999355, 0, -0.035904, 0, 1, 0, 0.035904, 0, 0.999355)
    Left Leg.CFrame = CFrame.new(-0.024175, -0.048797, 0.012232, 0.981462, -0.05972, 0.182113, 0.077638, 0.992644, -0.092895, -0.175226, 0.105312, 0.97888)
    Right Arm.CFrame = CFrame.new(0, 0, 0.114463, 0.949007, -0.240378, -0.203973, 0.184107, 0.947792, -0.260375, 0.255912, 0.209545, 0.943716)
    Left Arm.CFrame = CFrame.new(0, 0, 0.114463, 0.949007, 0.240378, 0.203973, -0.184107, 0.947792, -0.260375, -0.255912, 0.209545, 0.943716)
    Head.CFrame = CFrame.new(0, 0, 0, 1, 0, 0, 0, 1, 0, 0, 0, 1)
    Right Leg.CFrame = CFrame.new(0.246301, 0.06225, 0.054784, 0.964623, 0.17614, -0.196156, -0.160303, 0.982581, 0.094003, 0.209297, -0.059233, 0.976057)

[2]
    Time: 0.041667
    HumanoidRootPart.CFrame = CFrame.new(0, 0, 0, 1, 0, 0, 0, 1, 0, 0, 0, 1)
    Torso.CFrame = CFrame.new(0.023236, 0, -0.00766, 0.999943, 0, -0.01064, 0, 1, 0, 0.01064, 0, 0.999943)
    Left Leg.CFrame = CFrame.new(0.017665, -0.014054, 0.00607, 0.981495, -0.039833, 0.1873, 0.045781, 0.998572, -0.027537, -0.185936, 0.035602, 0.981917)
    Right Arm.CFrame = CFrame.new(0, 0, 0.114463, 0.949007, -0.240378, -0.203973, 0.184107, 0.947792, -0.260375, 0.255912, 0.209545, 0.943716)
    Left Arm.CFrame = CFrame.new(0, 0, 0.114464, 0.949007, 0.240378, 0.203973, -0.184107, 0.947792, -0.260375, -0.255912, 0.209545, 0.943716)
    Head.CFrame = CFrame.new(0, 0, 0, 1, 0, 0, 0, 1, 0, 0, 0, 1)
    Right Leg.CFrame = CFrame.new(0.096136, 0.017731, 0.027754, 0.976533, 0.098679, -0.191433, -0.095137, 0.995081, 0.027633, 0.193218, -0.008773, 0.981117)

[3]
    Time: 0.083333
    HumanoidRootPart.CFrame = CFrame.new(0, 0, 0, 1, 0, 0, 0, 1, 0, 0, 0, 1)
    Torso.CFrame = CFrame.new(0.002904, 0, -0.000954, 0.999999, 0, -0.00133, 0, 1, 0, 0.00133, 0, 0.999999)
    Left Leg.CFrame = CFrame.new(0.069604, -0.001684, -0.003928, 0.981853, -0.013943, 0.189131, 0.014862, 0.999884, -0.003441, -0.189061, 0.006189, 0.981946)
    Right Arm.CFrame = CFrame.new(0, 0, 0.114463, 0.949007, -0.240378, -0.203973, 0.184107, 0.947792, -0.260375, 0.255912, 0.209545, 0.943716)
    Left Arm.CFrame = CFrame.new(0, 0, 0.114463, 0.949007, 0.240378, 0.203973, -0.184107, 0.947792, -0.260375, -0.255912, 0.209545, 0.943716)
    Head.CFrame = CFrame.new(0, 0, 0, 1, 0, 0, 0, 1, 0, 0, 0, 1)
    Right Leg.CFrame = CFrame.new(-0.029833, 0.002206, 0.003672, 0.981254, 0.034267, -0.189646, -0.034235, 0.999408, 0.003442, 0.189651, 0.003115, 0.981847)

[4]
    Time: 0.125000
    HumanoidRootPart.CFrame = CFrame.new(0, 0, 0, 1, 0, 0, 0, 1, 0, 0, 0, 1)
    Torso.CFrame = CFrame.new(0, 0, 0, 1, 0, 0, 0, 1, 0, 0, 0, 1)
    Left Leg.CFrame = CFrame.new(0.097203, 0, -0.009289, 0.981902, 0, 0.189389, 0, 1, 0, -0.189389, 0, 0.981902)
    Right Arm.CFrame = CFrame.new(0, 0, 0.114463, 0.949007, -0.240378, -0.203973, 0.184107, 0.947792, -0.260375, 0.255912, 0.209545, 0.943716)
    Left Arm.CFrame = CFrame.new(0, 0, 0.114463, 0.949007, 0.240378, 0.203973, -0.184107, 0.947792, -0.260375, -0.255912, 0.209545, 0.943716)
    Head.CFrame = CFrame.new(0, 0, 0, 1, 0, 0, 0, 1, 0, 0, 0, 1)
    Right Leg.CFrame = CFrame.new(-0.097203, 0, -0.009288, 0.981902, 0, -0.189389, 0, 1, 0, 0.189389, 0, 0.981902)

[5]
    Time: 0.166667
    HumanoidRootPart.CFrame = CFrame.new(0, 0, 0, 1, 0, 0, 0, 1, 0, 0, 0, 1)
    Torso.CFrame = CFrame.new(1.7e-05, 0, -0.001289, 1, 0, 2.7e-05, 0, 1, 0, -2.7e-05, 0, 1)
    Left Leg.CFrame = CFrame.new(0.036581, 0.000347, 0.002404, 0.98142, -0.030774, 0.189389, 0.031335, 0.999509, 3.2e-05, -0.189297, 0.005903, 0.981902)
    Right Arm.CFrame = CFrame.new(0, 0, 0.114463, 0.949007, -0.240378, -0.203973, 0.184107, 0.947792, -0.260375, 0.255912, 0.209545, 0.943716)
    Left Arm.CFrame = CFrame.new(0, 0, 0.114463, 0.949007, 0.240378, 0.203973, -0.184107, 0.947792, -0.260375, -0.255912, 0.209545, 0.943716)
    Head.CFrame = CFrame.new(0, 0, 0, 1, 0, 0, 0, 1, 0, 0, 0, 1)
    Right Leg.CFrame = CFrame.new(-0.037212, 0.000308, 0.002283, 0.98143, 0.030454, -0.189388, -0.031021, 0.999519, -3.2e-05, 0.189296, 0.005906, 0.981902)

[6]
    Time: 0.208333
    HumanoidRootPart.CFrame = CFrame.new(0, 0, 0, 1, 0, 0, 0, 1, 0, 0, 0, 1)
    Torso.CFrame = CFrame.new(0.000137, 0, -0.010316, 1, 0, 0.000217, 0, 1, 0, -0.000217, 0, 1)
    Left Leg.CFrame = CFrame.new(-0.080187, 0.002242, 0.024923, 0.977763, -0.090052, 0.189394, 0.091663, 0.99579, 0.000256, -0.188619, 0.01711, 0.981901)
    Right Arm.CFrame = CFrame.new(0, 0, 0.114463, 0.949007, -0.240378, -0.203973, 0.184107, 0.947792, -0.260375, 0.255912, 0.209545, 0.943716)
    Left Arm.CFrame = CFrame.new(0, 0, 0.114463, 0.949007, 0.240378, 0.203973, -0.184107, 0.947792, -0.260375, -0.255912, 0.209545, 0.943716)
    Head.CFrame = CFrame.new(0, 0, 0, 1, 0, 0, 0, 1, 0, 0, 0, 1)
    Right Leg.CFrame = CFrame.new(0.078386, 0.001923, 0.024582, 0.977849, 0.089135, -0.189384, -0.090826, 0.995867, -0.000256, 0.188578, 0.017451, 0.981903)

[7]
    Time: 0.250000
    HumanoidRootPart.CFrame = CFrame.new(0, 0, 0, 1, 0, 0, 0, 1, 0, 0, 0, 1)
    Torso.CFrame = CFrame.new(0.000463, 0, -0.034815, 1, 0, 0.000734, 0, 1, 0, -0.000734, 0, 1)
    Left Leg.CFrame = CFrame.new(-0.230508, 0.00715, 0.053908, 0.967703, -0.166365, 0.189406, 0.169267, 0.98557, 0.000865, -0.186817, 0.031223, 0.981899)
    Right Arm.CFrame = CFrame.new(0, 1e-06, 0.114463, 0.949007, -0.240378, -0.203973, 0.184107, 0.947792, -0.260375, 0.255912, 0.209545, 0.943716)
    Left Arm.CFrame = CFrame.new(0, 0, 0.114463, 0.949007, 0.240378, 0.203973, -0.184107, 0.947792, -0.260375, -0.255912, 0.209545, 0.943716)
    Head.CFrame = CFrame.new(0, 0, 0, 1, 0, 0, 0, 1, 0, 0, 0, 1)
    Right Leg.CFrame = CFrame.new(0.227191, 0.006022, 0.053292, 0.967999, 0.164672, -0.189371, -0.167871, 0.985809, -0.000864, 0.186541, 0.032627, 0.981905)

[8]
    Time: 0.291667
    HumanoidRootPart.CFrame = CFrame.new(0, 0, 0, 1, 0, 0, 0, 1, 0, 0, 0, 1)
    Torso.CFrame = CFrame.new(0.001098, 0, -0.013927, 0.999999, 0, 0.001741, 0, 1, 0, -0.001741, 0, 0.999999)
    Left Leg.CFrame = CFrame.new(-0.114592, 0.004049, 0.031536, 0.975989, -0.107526, 0.189429, 0.109116, 0.994027, 0.002046, -0.188518, 0.018673, 0.981892)
    Right Arm.CFrame = CFrame.new(0, 0, 0.114463, 0.949007, -0.240378, -0.203973, 0.184107, 0.947792, -0.260375, 0.255912, 0.209545, 0.943716)
    Left Arm.CFrame = CFrame.new(0, 0, 0.114463, 0.949007, 0.240378, 0.203973, -0.184107, 0.947792, -0.260375, -0.255912, 0.209545, 0.943716)
    Head.CFrame = CFrame.new(0, 0, 0, 1, 0, 0, 0, 1, 0, 0, 0, 1)
    Right Leg.CFrame = CFrame.new(0.101913, 0.001468, 0.029141, 0.976695, 0.101069, -0.189348, -0.103323, 0.994646, -0.002045, 0.188127, 0.021562, 0.981908)

[9]
    Time: 0.333333
    HumanoidRootPart.CFrame = CFrame.new(0, 0, 0, 1, 0, 0, 0, 1, 0, 0, 0, 1)
    Torso.CFrame = CFrame.new(0.002144, 0, -0.006967, 0.999994, 0, 0.0034, 0, 1, 0, -0.0034, 0, 0.999994)
    Left Leg.CFrame = CFrame.new(-0.063856, 0.003941, 0.021723, 0.978475, -0.08178, 0.189468, 0.08252, 0.996581, 0.003996, -0.189147, 0.011725, 0.981879)
    Right Arm.CFrame = CFrame.new(0, 0, 0.114463, 0.949007, -0.240378, -0.203973, 0.184107, 0.947792, -0.260375, 0.255912, 0.209545, 0.943716)
    Left Arm.CFrame = CFrame.new(0, 0, 0.114463, 0.949007, 0.240378, 0.203973, -0.184107, 0.947792, -0.260375, -0.255912, 0.209545, 0.943716)
    Head.CFrame = CFrame.new(0, 0, 0, 1, 0, 0, 0, 1, 0, 0, 0, 1)
    Right Leg.CFrame = CFrame.new(0.028591, -0.001015, 0.01502, 0.97984, 0.063837, -0.18931, -0.06578, 0.997826, -0.003992, 0.188643, 0.016364, 0.981909)

[10]
    Time: 0.375000
    HumanoidRootPart.CFrame = CFrame.new(0, 0, 0, 1, 0, 0, 0, 1, 0, 0, 0, 1)
    Torso.CFrame = CFrame.new(0.003705, 0, -0.002918, 0.999983, 0, 0.005874, 0, 1, 0, -0.005874, 0, 0.999983)
    Left Leg.CFrame = CFrame.new(-0.033843, 0.004941, 0.015889, 0.979617, -0.06656, 0.189525, 0.066457, 0.997765, 0.006904, -0.189561, 0.005832, 0.981852)
    Right Arm.CFrame = CFrame.new(0, 0, 0.114463, 0.949007, -0.240378, -0.203973, 0.184107, 0.947792, -0.260375, 0.255912, 0.209545, 0.943716)
    Left Arm.CFrame = CFrame.new(0, 0, 0.114463, 0.949007, 0.240378, 0.203973, -0.184107, 0.947792, -0.260375, -0.255912, 0.209545, 0.943716)
    Head.CFrame = CFrame.new(0, 0, 0, 1, 0, 0, 0, 1, 0, 0, 0, 1)
    Right Leg.CFrame = CFrame.new(-0.088873, -0.003527, -0.0076, 0.981919, 0.004193, -0.189253, -0.005599, 0.999961, -0.006893, 0.189216, 0.007828, 0.981904)

[11]
    Time: 0.416667
    HumanoidRootPart.CFrame = CFrame.new(0, 0, 0, 1, 0, 0, 0, 1, 0, 0, 0, 1)
    Torso.CFrame = CFrame.new(0.005884, 0, -0.000731, 0.999956, 0, 0.009328, 0, 1, 0, -0.009328, 0, 0.999956)
    Left Leg.CFrame = CFrame.new(-0.02744, 0.007014, 0.014584, 0.979816, -0.063331, 0.189606, 0.062383, 0.997992, 0.010967, -0.18992, 0.001083, 0.981799)
    Right Arm.CFrame = CFrame.new(0, 0, 0.114463, 0.949007, -0.240378, -0.203973, 0.184107, 0.947792, -0.260375, 0.255912, 0.209545, 0.943716)
    Left Arm.CFrame = CFrame.new(0, 0, 0.114463, 0.949007, 0.240378, 0.203973, -0.184107, 0.947792, -0.260375, -0.255912, 0.209545, 0.943716)
    Head.CFrame = CFrame.new(0, 0, 0, 1, 0, 0, 0, 1, 0, 0, 0, 1)
    Right Leg.CFrame = CFrame.new(-0.099966, -0.005614, -0.0097, 0.981943, -0.001459, -0.189174, -0.000622, 0.99994, -0.010938, 0.189178, 0.010859, 0.981883)

[12]
    Time: 0.458333
    HumanoidRootPart.CFrame = CFrame.new(0, 0, 0, 1, 0, 0, 0, 1, 0, 0, 0, 1)
    Torso.CFrame = CFrame.new(0.008783, 0, -6.1e-05, 0.999903, 0, 0.013924, 0, 1, 0, -0.013924, 0, 0.999903)
    Left Leg.CFrame = CFrame.new(-0.04469, 0.010269, 0.017804, 0.979187, -0.072115, 0.189714, 0.070283, 0.997393, 0.01638, -0.190401, -0.002705, 0.981703)
    Right Arm.CFrame = CFrame.new(0, 0, 0.114463, 0.949007, -0.240378, -0.203973, 0.184107, 0.947792, -0.260375, 0.255912, 0.209545, 0.943716)
    Left Arm.CFrame = CFrame.new(0, 0, 0.114463, 0.949007, 0.240378, 0.203973, -0.184107, 0.947792, -0.260375, -0.255912, 0.209545, 0.943716)
    Head.CFrame = CFrame.new(0, 0, 0, 1, 0, 0, 0, 1, 0, 0, 0, 1)
    Right Leg.CFrame = CFrame.new(-0.099912, -0.008372, -0.009654, 0.981963, -0.001459, -0.189069, -0.001656, 0.999866, -0.016316, 0.189068, 0.016335, 0.981828)

[13]
    Time: 0.500000
    HumanoidRootPart.CFrame = CFrame.new(0, 0, 0, 1, 0, 0, 0, 1, 0, 0, 0, 1)
    Torso.CFrame = CFrame.new(0.00881, 0, -0.006731, 0.999903, 0, 0.013967, 0, 1, 0, -0.013967, 0, 0.999903)
    Left Leg.CFrame = CFrame.new(-0.104348, 0.011749, 0.029308, 0.976484, -0.102401, 0.189717, 0.101121, 0.994738, 0.01644, -0.190402, 0.003131, 0.981701)
    Right Arm.CFrame = CFrame.new(0, 0, 0.114463, 0.949007, -0.240378, -0.203973, 0.184107, 0.947792, -0.260375, 0.255912, 0.209545, 0.943716)
    Left Arm.CFrame = CFrame.new(0, 0, 0.114463, 0.949007, 0.240378, 0.203973, -0.184107, 0.947792, -0.260375, -0.255912, 0.209545, 0.943716)
    Head.CFrame = CFrame.new(0, 0, 0, 1, 0, 0, 0, 1, 0, 0, 0, 1)
    Right Leg.CFrame = CFrame.new(-0.099911, -0.008403, -0.009653, 0.981963, -0.001458, -0.189067, -0.001668, 0.999865, -0.016375, 0.189065, 0.016395, 0.981828)

[14]
    Time: 0.541667
    HumanoidRootPart.CFrame = CFrame.new(0, 0, 0, 1, 0, 0, 0, 1, 0, 0, 0, 1)
    Torso.CFrame = CFrame.new(0.009, 0, -0.01912, 0.999898, 0, 0.014268, 0, 1, 0, -0.014268, 0, 0.999898)
    Left Leg.CFrame = CFrame.new(-0.184017, 0.014525, 0.044653, 0.97139, -0.142847, 0.189726, 0.142254, 0.989687, 0.016812, -0.190171, 0.010658, 0.981693)
    Right Arm.CFrame = CFrame.new(0, 0, 0.114463, 0.949007, -0.240378, -0.203973, 0.184107, 0.947792, -0.260375, 0.255912, 0.209545, 0.943716)
    Left Arm.CFrame = CFrame.new(0, 0, 0.114463, 0.949007, 0.240378, 0.203973, -0.184107, 0.947792, -0.260375, -0.255912, 0.209545, 0.943716)
    Head.CFrame = CFrame.new(0, 0, 0, 1, 0, 0, 0, 1, 0, 0, 0, 1)
    Right Leg.CFrame = CFrame.new(0.094117, -0.006814, 0.027741, 0.97716, 0.097036, -0.189058, -0.102012, 0.994642, -0.016744, 0.186421, 0.035648, 0.981823)

[15]
    Time: 0.583333
    HumanoidRootPart.CFrame = CFrame.new(0, 0, 0, 1, 0, 0, 0, 1, 0, 0, 0, 1)
    Torso.CFrame = CFrame.new(0.009514, 0, -0.025798, 0.999886, 0, 0.015084, 0, 1, 0, -0.015084, 0, 0.999886)
    Left Leg.CFrame = CFrame.new(-0.220135, 0.016495, 0.051587, 0.968512, -0.161187, 0.189746, 0.160752, 0.986835, 0.017786, -0.190115, 0.013276, 0.981672)
    Right Arm.CFrame = CFrame.new(0, 0, 0.114463, 0.949007, -0.240378, -0.203973, 0.184107, 0.947792, -0.260375, 0.255912, 0.209545, 0.943716)
    Left Arm.CFrame = CFrame.new(0, 0, 0.114463, 0.949007, 0.240378, 0.203973, -0.184107, 0.947792, -0.260375, -0.255912, 0.209545, 0.943716)
    Head.CFrame = CFrame.new(0, 0, 0, 1, 0, 0, 0, 1, 0, 0, 0, 1)
    Right Leg.CFrame = CFrame.new(0.139252, -0.006341, 0.036452, 0.974617, 0.119943, -0.189038, -0.125509, 0.991934, -0.017709, 0.185389, 0.040986, 0.98181)

[16]
    Time: 0.625000
    HumanoidRootPart.CFrame = CFrame.new(0, 0, 0, 1, 0, 0, 0, 1, 0, 0, 0, 1)
    Torso.CFrame = CFrame.new(-0.062017, 0, -0.010378, 0.999861, 0, 0.016672, 0, 1, 0, -0.016672, 0, 0.999861)
    Left Leg.CFrame = CFrame.new(-0.125801, 0.034694, 0.032958, 0.974296, -0.114421, 0.194052, 0.105388, 0.992837, 0.056285, -0.199102, -0.034388, 0.979375)
    Right Arm.CFrame = CFrame.new(0, 0, 0.114463, 0.949007, -0.240378, -0.203973, 0.184107, 0.947792, -0.260375, 0.255912, 0.209545, 0.943716)
    Left Arm.CFrame = CFrame.new(0, 0, 0.114463, 0.949007, 0.240378, 0.203973, -0.184107, 0.947792, -0.260375, -0.255912, 0.209545, 0.943716)
    Head.CFrame = CFrame.new(0, 0, 0, 1, 0, 0, 0, 1, 0, 0, 0, 1)
    Right Leg.CFrame = CFrame.new(-0.05712, -0.029004, -0.001806, 0.982655, 0.019063, -0.18446, -0.029871, 0.997984, -0.055992, 0.183021, 0.060531, 0.981244)

[17]
    Time: 0.666667
    HumanoidRootPart.CFrame = CFrame.new(0, 0, 0, 1, 0, 0, 0, 1, 0, 0, 0, 1)
    Torso.CFrame = CFrame.new(-0.084542, 0, -0.005263, 0.999814, 0, 0.019292, 0, 1, 0, -0.019292, 0, 0.999814)
    Left Leg.CFrame = CFrame.new(-0.08742, 0.041678, 0.02492, 0.97607, -0.095303, 0.195458, 0.082752, 0.994007, 0.071426, -0.201094, -0.053543, 0.978108)
    Right Arm.CFrame = CFrame.new(0, 0, 0.114463, 0.949007, -0.240378, -0.203973, 0.184107, 0.947792, -0.260375, 0.255912, 0.209545, 0.943716)
    Left Arm.CFrame = CFrame.new(0, 0, 0.114463, 0.949007, 0.240378, 0.203973, -0.184107, 0.947792, -0.260375, -0.255912, 0.209545, 0.943716)
    Head.CFrame = CFrame.new(0, 0, 0, 1, 0, 0, 0, 1, 0, 0, 0, 1)
    Right Leg.CFrame = CFrame.new(-0.096723, -0.036448, -0.009522, 0.98314, -0.00146, -0.182849, -0.011725, 0.997407, -0.07101, 0.182478, 0.071957, 0.980573)

[18]
    Time: 0.708333
    HumanoidRootPart.CFrame = CFrame.new(0, 0, 0, 1, 0, 0, 0, 1, 0, 0, 0, 1)
    Torso.CFrame = CFrame.new(-0.096163, 0, -0.002317, 0.999731, 0, 0.023199, 0, 1, 0, -0.023199, 0, 0.999731)
    Left Leg.CFrame = CFrame.new(-0.069607, 0.047408, 0.020873, 0.97672, -0.086484, 0.196314, 0.071323, 0.993991, 0.083036, -0.202316, -0.067102, 0.977019)
    Right Arm.CFrame = CFrame.new(0, 0, 0.114463, 0.949007, -0.240378, -0.203973, 0.184107, 0.947792, -0.260375, 0.255912, 0.209545, 0.943716)
    Left Arm.CFrame = CFrame.new(0, 0, 0.114463, 0.949007, 0.240378, 0.203973, -0.184107, 0.947792, -0.260375, -0.255912, 0.209545, 0.943716)
    Head.CFrame = CFrame.new(0, 0, 0, 1, 0, 0, 0, 1, 0, 0, 0, 1)
    Right Leg.CFrame = CFrame.new(-0.09621, -0.042326, -0.009724, 0.983326, -0.001461, -0.181848, -0.013767, 0.9965, -0.082451, 0.181332, 0.083579, 0.979864)

[19]
    Time: 0.750000
    HumanoidRootPart.CFrame = CFrame.new(0, 0, 0, 1, 0, 0, 0, 1, 0, 0, 0, 1)
    Torso.CFrame = CFrame.new(-0.100374, 0, -0.000779, 0.99959, 0, 0.028651, 0, 1, 0, -0.028651, 0, 0.99959)
    Left Leg.CFrame = CFrame.new(-0.072346, 0.053145, 0.02084, 0.976475, -0.088014, 0.19685, 0.070708, 0.993125, 0.093293, -0.203708, -0.07718, 0.975985)
    Right Arm.CFrame = CFrame.new(0, 0, 0.114463, 0.949007, -0.240378, -0.203973, 0.184107, 0.947792, -0.260375, 0.255912, 0.209545, 0.943716)
    Left Arm.CFrame = CFrame.new(0, 0, 0.114463, 0.949007, 0.240378, 0.203973, -0.184107, 0.947792, -0.260375, -0.255912, 0.209545, 0.943716)
    Head.CFrame = CFrame.new(0, 0, 0, 1, 0, 0, 0, 1, 0, 0, 0, 1)
    Right Leg.CFrame = CFrame.new(-0.095892, -0.047471, -0.009983, 0.98344, -0.001461, -0.181229, -0.015559, 0.995595, -0.09246, 0.180566, 0.093749, 0.979085)

[20]
    Time: 0.791667
    HumanoidRootPart.CFrame = CFrame.new(0, 0, 0, 1, 0, 0, 0, 1, 0, 0, 0, 1)
    Torso.CFrame = CFrame.new(-0.098241, 0, -0.000407, 0.999355, 0, 0.035904, 0, 1, 0, -0.035904, 0, 0.999355)
    Left Leg.CFrame = CFrame.new(-0.093417, 0.059459, 0.024357, 0.975384, -0.098788, 0.197149, 0.079572, 0.991479, 0.103135, -0.205658, -0.084908, 0.974934)
    Right Arm.CFrame = CFrame.new(0, 0, 0.114463, 0.949007, -0.240378, -0.203973, 0.184107, 0.947792, -0.260375, 0.255912, 0.209545, 0.943716)
    Left Arm.CFrame = CFrame.new(0, 0, 0.114463, 0.949007, 0.240378, 0.203973, -0.184107, 0.947792, -0.260375, -0.255912, 0.209545, 0.943716)
    Head.CFrame = CFrame.new(0, 0, 0, 1, 0, 0, 0, 1, 0, 0, 0, 1)
    Right Leg.CFrame = CFrame.new(-0.095728, -0.052352, -0.010305, 0.983499, -0.001461, -0.18091, -0.017276, 0.994639, -0.101955, 0.180089, 0.103397, 0.978201)

[21]
    Time: 0.833333
    HumanoidRootPart.CFrame = CFrame.new(0, 0, 0, 1, 0, 0, 0, 1, 0, 0, 0, 1)
    Torso.CFrame = CFrame.new(-0.096706, 0, -0.002005, 0.999375, 0, 0.035344, 0, 1, 0, -0.035344, 0, 0.999375)
    Left Leg.CFrame = CFrame.new(-0.104924, 0.059113, 0.026722, 0.974799, -0.104601, 0.19704, 0.08582, 0.991119, 0.101579, -0.205915, -0.082109, 0.975119)
    Right Arm.CFrame = CFrame.new(0, 0, 0.114463, 0.949007, -0.240378, -0.203973, 0.184107, 0.947792, -0.260375, 0.255912, 0.209545, 0.943716)
    Left Arm.CFrame = CFrame.new(0, 0, 0.114463, 0.949007, 0.240378, 0.203973, -0.184107, 0.947792, -0.260375, -0.255912, 0.209545, 0.943716)
    Head.CFrame = CFrame.new(0, 0, 0, 1, 0, 0, 0, 1, 0, 0, 0, 1)
    Right Leg.CFrame = CFrame.new(-0.095795, -0.051569, -0.010258, 0.983475, -0.001461, -0.18104, -0.01701, 0.994798, -0.100433, 0.180245, 0.101853, 0.978334)

[22]
    Time: 0.875000
    HumanoidRootPart.CFrame = CFrame.new(0, 0, 0, 1, 0, 0, 0, 1, 0, 0, 0, 1)
    Torso.CFrame = CFrame.new(-0.08596, 0, -0.013198, 0.999506, 0, 0.031418, 0, 1, 0, -0.031418, 0, 0.999506)
    Left Leg.CFrame = CFrame.new(-0.171639, 0.05616, 0.040457, 0.970753, -0.138267, 0.196267, 0.122446, 0.988328, 0.090635, -0.206508, -0.063952, 0.976353)
    Right Arm.CFrame = CFrame.new(0, 0, 0.114463, 0.949007, -0.240378, -0.203973, 0.184107, 0.947792, -0.260375, 0.255912, 0.209545, 0.943716)
    Left Arm.CFrame = CFrame.new(0, 0, 0.114463, 0.949007, 0.240378, 0.203973, -0.184107, 0.947792, -0.260375, -0.255912, 0.209545, 0.943716)
    Head.CFrame = CFrame.new(0, 0, 0, 1, 0, 0, 0, 1, 0, 0, 0, 1)
    Right Leg.CFrame = CFrame.new(-0.096263, -0.046061, -0.009961, 0.983306, -0.001461, -0.181952, -0.015122, 0.995852, -0.089718, 0.181329, 0.090971, 0.979206)

[23]
    Time: 0.916667
    HumanoidRootPart.CFrame = CFrame.new(0, 0, 0, 1, 0, 0, 0, 1, 0, 0, 0, 1)
    Torso.CFrame = CFrame.new(-0.056794, 0, -0.043629, 0.999784, 0, 0.02076, 0, 1, 0, -0.02076, 0, 0.999784)
    Left Leg.CFrame = CFrame.new(-0.298174, 0.045566, 0.066391, 0.959979, -0.20193, 0.194074, 0.193742, 0.979186, 0.060489, -0.202249, -0.020468, 0.97912)
    Right Arm.CFrame = CFrame.new(0, 0, 0.114463, 0.949007, -0.240378, -0.203973, 0.184107, 0.947792, -0.260375, 0.255912, 0.209545, 0.943716)
    Left Arm.CFrame = CFrame.new(0, 0, 0.114463, 0.949007, 0.240378, 0.203973, -0.184107, 0.947792, -0.260375, -0.255912, 0.209545, 0.943716)
    Head.CFrame = CFrame.new(0, 0, 0, 1, 0, 0, 0, 1, 0, 0, 0, 1)
    Right Leg.CFrame = CFrame.new(0.216975, -0.028419, 0.049828, 0.970026, 0.158203, -0.184451, -0.171792, 0.9833, -0.060075, 0.171866, 0.089962, 0.981004)

[24]
    Time: 0.958333
    HumanoidRootPart.CFrame = CFrame.new(0, 0, 0, 1, 0, 0, 0, 1, 0, 0, 0, 1)
    Torso.CFrame = CFrame.new(0, 0, -0.060919, 1, 0, 0, 0, 1, 0, 0, 0, 1)
    Left Leg.CFrame = CFrame.new(-0.333873, 0.011359, 0.073857, 0.957207, -0.218832, 0.189389, 0.222865, 0.974849, 0, -0.184625, 0.042208, 0.981902)
    Right Arm.CFrame = CFrame.new(0, 0, 0.114463, 0.949007, -0.240378, -0.203973, 0.184107, 0.947792, -0.260375, 0.255912, 0.209545, 0.943716)
    Left Arm.CFrame = CFrame.new(0, 0, 0.114463, 0.949007, 0.240378, 0.203973, -0.184107, 0.947792, -0.260375, -0.255912, 0.209545, 0.943716)
    Head.CFrame = CFrame.new(0, 0, 0, 1, 0, 0, 0, 1, 0, 0, 0, 1)
    Right Leg.CFrame = CFrame.new(0.333873, 0.011359, 0.073857, 0.957207, 0.218832, -0.189389, -0.222865, 0.974849, 0, 0.184625, 0.042208, 0.981902)

[25]
    Time: 1.000000
    HumanoidRootPart.CFrame = CFrame.new(0, 0, 0, 1, 0, 0, 0, 1, 0, 0, 0, 1)
    Torso.CFrame = CFrame.new(0, 0, -0.02403, 1, 0, 0, 0, 1, 0, 0, 0, 1)
    Left Leg.CFrame = CFrame.new(-0.173572, 0.004617, 0.042938, 0.972233, -0.137456, 0.189389, 0.13999, 0.990153, 0, -0.187524, 0.026513, 0.981902)
    Right Arm.CFrame = CFrame.new(0, 0, 0.114463, 0.949007, -0.240378, -0.203973, 0.184107, 0.947792, -0.260375, 0.255912, 0.209545, 0.943716)
    Left Arm.CFrame = CFrame.new(0, 0, 0.114463, 0.949007, 0.240378, 0.203973, -0.184107, 0.947792, -0.260375, -0.255912, 0.209545, 0.943716)
    Head.CFrame = CFrame.new(0, 0, 0, 1, 0, 0, 0, 1, 0, 0, 0, 1)
    Right Leg.CFrame = CFrame.new(0.173572, 0.004618, 0.042938, 0.972233, 0.137456, -0.189389, -0.13999, 0.990153, 0, 0.187524, 0.026512, 0.981902)

[26]
    Time: 1.041667
    HumanoidRootPart.CFrame = CFrame.new(0, 0, 0, 1, 0, 0, 0, 1, 0, 0, 0, 1)
    Torso.CFrame = CFrame.new(0, 0, -0.010439, 1, 0, 0, 0, 1, 0, 0, 0, 1)
    Left Leg.CFrame = CFrame.new(-0.080335, 0.002104, 0.024955, 0.977757, -0.090125, 0.189389, 0.091787, 0.995779, 0, -0.188589, 0.017383, 0.981902)
    Right Arm.CFrame = CFrame.new(0, 0, 0.114463, 0.949007, -0.240378, -0.203973, 0.184107, 0.947792, -0.260375, 0.255912, 0.209545, 0.943716)
    Left Arm.CFrame = CFrame.new(0, 0, 0.114463, 0.949007, 0.240378, 0.203973, -0.184107, 0.947792, -0.260375, -0.255912, 0.209545, 0.943716)
    Head.CFrame = CFrame.new(0, 0, 0, 1, 0, 0, 0, 1, 0, 0, 0, 1)
    Right Leg.CFrame = CFrame.new(0.080335, 0.002105, 0.024955, 0.977757, 0.090125, -0.189389, -0.091787, 0.995779, 0, 0.188589, 0.017383, 0.981902)

[27]
    Time: 1.083333
    HumanoidRootPart.CFrame = CFrame.new(0, 0, 0, 1, 0, 0, 0, 1, 0, 0, 0, 1)
    Torso.CFrame = CFrame.new(0, 0, -0.008498, 1, 0, 0, 0, 1, 0, 0, 0, 1)
    Left Leg.CFrame = CFrame.new(-0.062782, 0.001742, 0.021569, 0.978538, -0.081215, 0.189389, 0.082712, 0.996574, 0, -0.18874, 0.015665, 0.981902)
    Right Arm.CFrame = CFrame.new(0, 0, 0.114463, 0.949007, -0.240378, -0.203973, 0.184107, 0.947792, -0.260375, 0.255912, 0.209545, 0.943716)
    Left Arm.CFrame = CFrame.new(0, 0, 0.114463, 0.949007, 0.240378, 0.203973, -0.184107, 0.947792, -0.260375, -0.255912, 0.209545, 0.943716)
    Head.CFrame = CFrame.new(0, 0, 0, 1, 0, 0, 0, 1, 0, 0, 0, 1)
    Right Leg.CFrame = CFrame.new(0.062782, 0.001742, 0.021569, 0.978538, 0.081215, -0.189389, -0.082712, 0.996574, 0, 0.18874, 0.015665, 0.981902)

[28]
    Time: 1.125000
    HumanoidRootPart.CFrame = CFrame.new(0, 0, 0, 1, 0, 0, 0, 1, 0, 0, 0, 1)
    Torso.CFrame = CFrame.new(0.000312, 0, -0.015016, 1, 0, -0.000204, 0, 1, 0, 0.000204, 0, 1)
    Left Leg.CFrame = CFrame.new(-0.11567, 0.002682, 0.031771, 0.975945, -0.108055, 0.189357, 0.110134, 0.993917, -0.000462, -0.188155, 0.021306, 0.981908)
    Right Arm.CFrame = CFrame.new(0, 0, 0.114463, 0.949007, -0.240378, -0.203973, 0.184107, 0.947792, -0.260375, 0.255912, 0.209545, 0.943716)
    Left Arm.CFrame = CFrame.new(0, 0, 0.114463, 0.949007, 0.240378, 0.203973, -0.184107, 0.947792, -0.260375, -0.255912, 0.209545, 0.943716)
    Head.CFrame = CFrame.new(0, 0, 0, 1, 0, 0, 0, 1, 0, 0, 0, 1)
    Right Leg.CFrame = CFrame.new(0.117056, 0.003233, 0.032037, 0.975852, 0.108775, -0.18942, -0.110692, 0.993855, 0.000462, 0.188306, 0.020516, 0.981896)

[29]
    Time: 1.166667
    HumanoidRootPart.CFrame = CFrame.new(0, 0, 0, 1, 0, 0, 0, 1, 0, 0, 0, 1)
    Torso.CFrame = CFrame.new(0.002492, 0, -0.027123, 0.999999, 0, -0.001631, 0, 1, 0, 0.001631, 0, 0.999999)
    Left Leg.CFrame = CFrame.new(-0.18635, 0.002924, 0.045393, 0.971354, -0.143877, 0.189134, 0.147227, 0.989096, -0.003711, -0.186538, 0.03145, 0.981944)
    Right Arm.CFrame = CFrame.new(0, 0, 0.114463, 0.949007, -0.240378, -0.203973, 0.184107, 0.947792, -0.260375, 0.255912, 0.209545, 0.943716)
    Left Arm.CFrame = CFrame.new(0, 0, 0.114463, 0.949007, 0.240378, 0.203973, -0.184107, 0.947792, -0.260375, -0.255912, 0.209545, 0.943716)
    Head.CFrame = CFrame.new(0, 0, 0, 1, 0, 0, 0, 1, 0, 0, 0, 1)
    Right Leg.CFrame = CFrame.new(0.194491, 0.007443, 0.046976, 0.970613, 0.148142, -0.189643, -0.15017, 0.988653, 0.003713, 0.188041, 0.024875, 0.981846)

[30]
    Time: 1.208333
    HumanoidRootPart.CFrame = CFrame.new(0, 0, 0, 1, 0, 0, 0, 1, 0, 0, 0, 1)
    Torso.CFrame = CFrame.new(0.008412, 0, -0.03365, 0.999985, 0, -0.005505, 0, 1, 0, 0.005505, 0, 0.999985)
    Left Leg.CFrame = CFrame.new(-0.210552, -0.001316, 0.049993, 0.969599, -0.156004, 0.188524, 0.161216, 0.98684, -0.01254, -0.184086, 0.042551, 0.981989)
    Right Arm.CFrame = CFrame.new(0, 0, 0.114463, 0.949007, -0.240378, -0.203973, 0.184107, 0.947792, -0.260375, 0.255912, 0.209545, 0.943716)
    Left Arm.CFrame = CFrame.new(0, -1e-06, 0.114463, 0.949007, 0.240378, 0.203973, -0.184107, 0.947792, -0.260375, -0.255912, 0.209545, 0.943716)
    Head.CFrame = CFrame.new(0, 0, 0, 1, 0, 0, 0, 1, 0, 0, 0, 1)
    Right Leg.CFrame = CFrame.new(0.235055, 0.01412, 0.05479, 0.9671, 0.168892, -0.190247, -0.169622, 0.985429, 0.012563, 0.189596, 0.02012, 0.981656)

[31]
    Time: 1.250000
    HumanoidRootPart.CFrame = CFrame.new(0, 0, 0, 1, 0, 0, 0, 1, 0, 0, 0, 1)
    Torso.CFrame = CFrame.new(0.019939, 0, -0.010021, 0.999915, 0, -0.01305, 0, 1, 0, 0.01305, 0, 0.999915)
    Left Leg.CFrame = CFrame.new(-0.002403, -0.014959, 0.009906, 0.981018, -0.050034, 0.187353, 0.056528, 0.997966, -0.029477, -0.185497, 0.039508, 0.98185)
    Right Arm.CFrame = CFrame.new(0, 0, 0.114463, 0.949007, -0.240378, -0.203973, 0.184107, 0.947792, -0.260375, 0.255912, 0.209545, 0.943716)
    Left Arm.CFrame = CFrame.new(0, 0, 0.114463, 0.949007, 0.240378, 0.203973, -0.184107, 0.947792, -0.260375, -0.255912, 0.209545, 0.943716)
    Head.CFrame = CFrame.new(0, 0, 0, 1, 0, 0, 0, 1, 0, 0, 0, 1)
    Right Leg.CFrame = CFrame.new(0.122205, 0.019623, 0.032742, 0.975115, 0.111901, -0.191387, -0.108222, 0.993686, 0.029604, 0.193491, -0.008155, 0.981068)

[32]
    Time: 1.291667
    HumanoidRootPart.CFrame = CFrame.new(0, 0, 0, 1, 0, 0, 0, 1, 0, 0, 0, 1)
    Torso.CFrame = CFrame.new(0.038945, 0, -0.001451, 0.999675, 0, -0.025487, 0, 1, 0, 0.025487, 0, 0.999675)
    Left Leg.CFrame = CFrame.new(0.09803, -0.029394, -0.009504, 0.982662, 0.00146, 0.1854, 0.009323, 0.998315, -0.057277, -0.185171, 0.058012, 0.980993)
    Right Arm.CFrame = CFrame.new(0, 0, 0.114463, 0.949007, -0.240378, -0.203973, 0.184107, 0.947792, -0.260375, 0.255912, 0.209545, 0.943716)
    Left Arm.CFrame = CFrame.new(0, 0, 0.114463, 0.949007, 0.240378, 0.203973, -0.184107, 0.947792, -0.260375, -0.255913, 0.209545, 0.943716)
    Head.CFrame = CFrame.new(0, 0, 0, 1, 0, 0, 0, 1, 0, 0, 0, 1)
    Right Leg.CFrame = CFrame.new(0.094815, 0.034346, 0.026646, 0.976197, 0.098479, -0.193237, -0.088878, 0.994367, 0.057759, 0.197836, -0.039209, 0.979451)

[33]
    Time: 1.333333
    HumanoidRootPart.CFrame = CFrame.new(0, 0, 0, 1, 0, 0, 0, 1, 0, 0, 0, 1)
    Torso.CFrame = CFrame.new(0.067303, 0, -0.000612, 0.99903, 0, -0.044032, 0, 1, 0, 0.044032, 0, 0.99903)
    Left Leg.CFrame = CFrame.new(0.096505, -0.050567, -0.010319, 0.983219, 0.001461, 0.182425, 0.016794, 0.994997, -0.098485, -0.181656, 0.099896, 0.978275)
    Right Arm.CFrame = CFrame.new(0, 0, 0.114463, 0.949007, -0.240378, -0.203973, 0.184107, 0.947792, -0.260375, 0.255912, 0.209545, 0.943716)
    Left Arm.CFrame = CFrame.new(0, 0, 0.114463, 0.949007, 0.240378, 0.203973, -0.184107, 0.947792, -0.260375, -0.255912, 0.209545, 0.943716)
    Head.CFrame = CFrame.new(0, 0, 0, 1, 0, 0, 0, 1, 0, 0, 0, 1)
    Right Leg.CFrame = CFrame.new(0.131927, 0.059397, 0.031904, 0.973489, 0.118021, -0.195933, -0.099909, 0.989967, 0.099912, 0.205759, -0.077688, 0.975514)

[34]
    Time: 1.375000
    HumanoidRootPart.CFrame = CFrame.new(0, 0, 0, 1, 0, 0, 0, 1, 0, 0, 0, 1)
    Torso.CFrame = CFrame.new(0.067244, 0, -0.001026, 0.999033, 0, -0.043974, 0, 1, 0, 0.043974, 0, 0.999033)
    Left Leg.CFrame = CFrame.new(0.096508, -0.050515, -0.010316, 0.983218, 0.001461, 0.182431, 0.016776, 0.995007, -0.098383, -0.181664, 0.099793, 0.978284)
    Right Arm.CFrame = CFrame.new(0, 0, 0.114463, 0.949007, -0.240378, -0.203973, 0.184107, 0.947792, -0.260375, 0.255912, 0.209545, 0.943716)
    Left Arm.CFrame = CFrame.new(0, 0, 0.114463, 0.949007, 0.240378, 0.203973, -0.184107, 0.947792, -0.260375, -0.255912, 0.209545, 0.943716)
    Head.CFrame = CFrame.new(0, 0, 0, 1, 0, 0, 0, 1, 0, 0, 0, 1)
    Right Leg.CFrame = CFrame.new(0.134505, 0.059463, 0.032415, 0.973331, 0.119328, -0.195928, -0.101261, 0.989841, 0.099808, 0.205847, -0.077306, 0.975526)

[35]
    Time: 1.416667
    HumanoidRootPart.CFrame = CFrame.new(0, 0, 0, 1, 0, 0, 0, 1, 0, 0, 0, 1)
    Torso.CFrame = CFrame.new(0.066834, 0, -0.003927, 0.99905, 0, -0.043568, 0, 1, 0, 0.043568, 0, 0.99905)
    Left Leg.CFrame = CFrame.new(0.09653, -0.050149, -0.010293, 0.98321, 0.001461, 0.182472, 0.016648, 0.99508, -0.097671, -0.181717, 0.099069, 0.978348)
    Right Arm.CFrame = CFrame.new(0, 0, 0.114463, 0.949007, -0.240378, -0.203973, 0.184107, 0.947792, -0.260375, 0.255912, 0.209545, 0.943716)
    Left Arm.CFrame = CFrame.new(0, 0, 0.114463, 0.949007, 0.240378, 0.203973, -0.184107, 0.947792, -0.260375, -0.255912, 0.209545, 0.943716)
    Head.CFrame = CFrame.new(0, 0, 0, 1, 0, 0, 0, 1, 0, 0, 0, 1)
    Right Leg.CFrame = CFrame.new(0.151818, 0.059904, 0.03585, 0.972222, 0.128107, -0.195891, -0.110348, 0.988943, 0.099075, 0.206417, -0.074707, 0.975608)

[36]
    Time: 1.458333
    HumanoidRootPart.CFrame = CFrame.new(0, 0, 0, 1, 0, 0, 0, 1, 0, 0, 0, 1)
    Torso.CFrame = CFrame.new(0.065722, 0, -0.0118, 0.999098, 0, -0.042468, 0, 1, 0, 0.042468, 0, 0.999098)
    Left Leg.CFrame = CFrame.new(0.096588, -0.049153, -0.010233, 0.983189, 0.001461, 0.182586, 0.0163, 0.995274, -0.095733, -0.181862, 0.097099, 0.978518)
    Right Arm.CFrame = CFrame.new(0, 0, 0.114463, 0.949007, -0.240378, -0.203973, 0.184107, 0.947792, -0.260375, 0.255912, 0.209545, 0.943716)
    Left Arm.CFrame = CFrame.new(0, 0, 0.114463, 0.949007, 0.240378, 0.203973, -0.184107, 0.947792, -0.260375, -0.255912, 0.209545, 0.943716)
    Head.CFrame = CFrame.new(0, 0, 0, 1, 0, 0, 0, 1, 0, 0, 0, 1)
    Right Leg.CFrame = CFrame.new(0.19384, 0.060975, 0.044185, 0.969197, 0.149413, -0.195789, -0.132458, 0.986423, 0.09708, 0.207636, -0.068156, 0.975829)

[37]
    Time: 1.500000
    HumanoidRootPart.CFrame = CFrame.new(0, 0, 0, 1, 0, 0, 0, 1, 0, 0, 0, 1)
    Torso.CFrame = CFrame.new(0.063556, 0, -0.027135, 0.999187, 0, -0.040325, 0, 1, 0, 0.040325, 0, 0.999187)
    Left Leg.CFrame = CFrame.new(-0.013814, -0.048259, 0.01042, 0.981629, -0.054642, 0.182808, 0.072403, 0.993129, -0.091934, -0.176529, 0.103481, 0.978841)
    Right Arm.CFrame = CFrame.new(0, 0, 0.114463, 0.949007, -0.240378, -0.203973, 0.184107, 0.947792, -0.260375, 0.255912, 0.209545, 0.943716)
    Left Arm.CFrame = CFrame.new(0, 0, 0.114463, 0.949007, 0.240378, 0.203973, -0.184107, 0.947792, -0.260375, -0.255912, 0.209545, 0.943716)
    Head.CFrame = CFrame.new(0, 0, 0, 1, 0, 0, 0, 1, 0, 0, 0, 1)
    Right Leg.CFrame = CFrame.new(0.261829, 0.062679, 0.057662, 0.963294, 0.183875, -0.195589, -0.168395, 0.981306, 0.093175, 0.209065, -0.056818, 0.97625)

[38]
    Time: 1.541667
    HumanoidRootPart.CFrame = CFrame.new(0, 0, 0, 1, 0, 0, 0, 1, 0, 0, 0, 1)
    Torso.CFrame = CFrame.new(0.059985, 0, -0.052423, 0.999323, 0, -0.036792, 0, 1, 0, 0.036792, 0, 0.999323)
    Left Leg.CFrame = CFrame.new(-0.215988, -0.043077, 0.048649, 0.970401, -0.157372, 0.183183, 0.175217, 0.980801, -0.085603, -0.166195, 0.115166, 0.979345)
    Right Arm.CFrame = CFrame.new(0, 0, 0.114463, 0.949007, -0.240378, -0.203973, 0.184107, 0.947792, -0.260375, 0.255912, 0.209545, 0.943716)
    Left Arm.CFrame = CFrame.new(0, 0, 0.114463, 0.949007, 0.240378, 0.203973, -0.184107, 0.947792, -0.260375, -0.255912, 0.209545, 0.943716)
    Head.CFrame = CFrame.new(0, 0, 0, 1, 0, 0, 0, 1, 0, 0, 0, 1)
    Right Leg.CFrame = CFrame.new(0.351518, 0.064825, 0.075425, 0.953567, 0.229317, -0.195251, -0.216126, 0.972511, 0.086674, 0.209759, -0.04045, 0.976916)

[39]
    Time: 1.583333
    HumanoidRootPart.CFrame = CFrame.new(0, 0, 0, 1, 0, 0, 0, 1, 0, 0, 0, 1)
    Torso.CFrame = CFrame.new(0.054658, 0, -0.021112, 0.999503, 0, -0.03152, 0, 1, 0, 0.03152, 0, 0.999503)
    Left Leg.CFrame = CFrame.new(-0.005025, -0.038883, 0.009439, 0.981635, -0.050482, 0.183966, 0.065117, 0.9951, -0.074398, -0.179309, 0.085011, 0.980113)
    Right Arm.CFrame = CFrame.new(0, 0, 0.114463, 0.949007, -0.240378, -0.203973, 0.184107, 0.947792, -0.260375, 0.255912, 0.209545, 0.943716)
    Left Arm.CFrame = CFrame.new(0, 0, 0.114463, 0.949007, 0.240378, 0.203973, -0.184107, 0.947792, -0.260375, -0.255912, 0.209545, 0.943716)
    Head.CFrame = CFrame.new(0, 0, 0, 1, 0, 0, 0, 1, 0, 0, 0, 1)
    Right Leg.CFrame = CFrame.new(0.221993, 0.049854, 0.050821, 0.967192, 0.16338, -0.194543, -0.15137, 0.985614, 0.07518, 0.204027, -0.043266, 0.978009)

[40]
    Time: 1.625000
    HumanoidRootPart.CFrame = CFrame.new(0, 0, 0, 1, 0, 0, 0, 1, 0, 0, 0, 1)
    Torso.CFrame = CFrame.new(0.047226, 0, -0.010583, 0.999708, 0, -0.02416, 0, 1, 0, 0.02416, 0, 0.999708)
    Left Leg.CFrame = CFrame.new(0.097793, -0.030598, -0.009497, 0.98275, 0.00146, 0.184936, 0.009737, 0.998174, -0.059621, -0.184685, 0.060393, 0.98094)
    Right Arm.CFrame = CFrame.new(0, 0, 0.114463, 0.949007, -0.240378, -0.203973, 0.184107, 0.947792, -0.260375, 0.255912, 0.209545, 0.943716)
    Left Arm.CFrame = CFrame.new(0, 0, 0.114463, 0.949007, 0.240378, 0.203973, -0.184107, 0.947792, -0.260375, -0.255912, 0.209545, 0.943716)
    Head.CFrame = CFrame.new(0, 0, 0, 1, 0, 0, 0, 1, 0, 0, 0, 1)
    Right Leg.CFrame = CFrame.new(0.15159, 0.037854, 0.037708, 0.972762, 0.127408, -0.193652, -0.117861, 0.99121, 0.060097, 0.199607, -0.035636, 0.979228)

[41]
    Time: 1.666667
    HumanoidRootPart.CFrame = CFrame.new(0, 0, 0, 1, 0, 0, 0, 1, 0, 0, 0, 1)
    Torso.CFrame = CFrame.new(0.037337, 0, -0.004406, 0.999897, 0, -0.014364, 0, 1, 0, 0.014364, 0, 0.999897)
    Left Leg.CFrame = CFrame.new(0.098435, -0.020576, -0.009384, 0.982513, 0.001459, 0.18619, 0.006115, 0.999177, -0.040099, -0.186095, 0.040537, 0.981695)
    Right Arm.CFrame = CFrame.new(0, 0, 0.114463, 0.949007, -0.240378, -0.203973, 0.184107, 0.947792, -0.260375, 0.255912, 0.209545, 0.943716)
    Left Arm.CFrame = CFrame.new(0, -1e-06, 0.114463, 0.949007, 0.240378, 0.203973, -0.184107, 0.947792, -0.260375, -0.255912, 0.209545, 0.943716)
    Head.CFrame = CFrame.new(0, 0, 0, 1, 0, 0, 0, 1, 0, 0, 0, 1)
    Right Leg.CFrame = CFrame.new(0.080143, 0.024242, 0.0244, 0.977088, 0.090834, -0.192481, -0.084618, 0.995599, 0.040287, 0.195294, -0.023077, 0.980473)

[42]
    Time: 1.708333
    HumanoidRootPart.CFrame = CFrame.new(0, 0, 0, 1, 0, 0, 0, 1, 0, 0, 0, 1)
    Torso.CFrame = CFrame.new(0.02464, 0, -0.001051, 0.999999, 0, -0.001784, 0, 1, 0, 0.001784, 0, 0.999999)
    Left Leg.CFrame = CFrame.new(0.095348, -0.007717, -0.008784, 0.982213, -0.00052, 0.187771, 0.003403, 0.999881, -0.015032, -0.18774, 0.015403, 0.982098)
    Right Arm.CFrame = CFrame.new(0, 0, 0.114463, 0.949007, -0.240378, -0.203973, 0.184107, 0.947792, -0.260375, 0.255912, 0.209545, 0.943716)
    Left Arm.CFrame = CFrame.new(0, 0, 0.114463, 0.949007, 0.240378, 0.203973, -0.184107, 0.947792, -0.260375, -0.255912, 0.209545, 0.943716)
    Head.CFrame = CFrame.new(0, 0, 0, 1, 0, 0, 0, 1, 0, 0, 0, 1)
    Right Leg.CFrame = CFrame.new(-0.027511, 0.008348, 0.003996, 0.980943, 0.035791, -0.190973, -0.033535, 0.999325, 0.015035, 0.191382, -0.008344, 0.98148)

[43]
    Time: 1.750000
    HumanoidRootPart.CFrame = CFrame.new(0, 0, 0, 1, 0, 0, 0, 1, 0, 0, 0, 1)
    Torso.CFrame = CFrame.new(0.008783, 0, -6.1e-05, 0.999903, 0, 0.013924, 0, 1, 0, -0.013924, 0, 0.999903)
    Left Leg.CFrame = CFrame.new(-0.04469, 0.010269, 0.017804, 0.979187, -0.072115, 0.189714, 0.070283, 0.997393, 0.01638, -0.190401, -0.002705, 0.981703)
    Right Arm.CFrame = CFrame.new(0, 0, 0.114463, 0.949007, -0.240378, -0.203973, 0.184107, 0.947792, -0.260375, 0.255912, 0.209545, 0.943716)
    Left Arm.CFrame = CFrame.new(0, 0, 0.114463, 0.949007, 0.240378, 0.203973, -0.184107, 0.947792, -0.260375, -0.255912, 0.209545, 0.943716)
    Head.CFrame = CFrame.new(0, 0, 0, 1, 0, 0, 0, 1, 0, 0, 0, 1)
    Right Leg.CFrame = CFrame.new(-0.099912, -0.008372, -0.009654, 0.981963, -0.001459, -0.189069, -0.001656, 0.999866, -0.016316, 0.189068, 0.016335, 0.981828)

[44]
    Time: 1.791667
    HumanoidRootPart.CFrame = CFrame.new(0, 0, 0, 1, 0, 0, 0, 1, 0, 0, 0, 1)
    Torso.CFrame = CFrame.new(0.00881, 0, -0.006731, 0.999903, 0, 0.013967, 0, 1, 0, -0.013967, 0, 0.999903)
    Left Leg.CFrame = CFrame.new(-0.104348, 0.011749, 0.029308, 0.976484, -0.102401, 0.189717, 0.101121, 0.994738, 0.01644, -0.190402, 0.003131, 0.981701)
    Right Arm.CFrame = CFrame.new(0, 0, 0.114463, 0.949007, -0.240378, -0.203973, 0.184107, 0.947792, -0.260375, 0.255912, 0.209545, 0.943716)
    Left Arm.CFrame = CFrame.new(0, 0, 0.114463, 0.949007, 0.240378, 0.203973, -0.184107, 0.947792, -0.260375, -0.255912, 0.209545, 0.943716)
    Head.CFrame = CFrame.new(0, 0, 0, 1, 0, 0, 0, 1, 0, 0, 0, 1)
    Right Leg.CFrame = CFrame.new(-0.099911, -0.008403, -0.009653, 0.981963, -0.001458, -0.189067, -0.001668, 0.999865, -0.016375, 0.189065, 0.016395, 0.981828)

[45]
    Time: 1.833333
    HumanoidRootPart.CFrame = CFrame.new(0, 0, 0, 1, 0, 0, 0, 1, 0, 0, 0, 1)
    Torso.CFrame = CFrame.new(0.009, 0, -0.01912, 0.999898, 0, 0.014268, 0, 1, 0, -0.014268, 0, 0.999898)
    Left Leg.CFrame = CFrame.new(-0.184017, 0.014525, 0.044653, 0.97139, -0.142847, 0.189726, 0.142254, 0.989687, 0.016812, -0.190171, 0.010658, 0.981693)
    Right Arm.CFrame = CFrame.new(0, 0, 0.114463, 0.949007, -0.240378, -0.203973, 0.184107, 0.947792, -0.260375, 0.255912, 0.209545, 0.943716)
    Left Arm.CFrame = CFrame.new(0, 0, 0.114463, 0.949007, 0.240378, 0.203973, -0.184107, 0.947792, -0.260375, -0.255912, 0.209545, 0.943716)
    Head.CFrame = CFrame.new(0, 0, 0, 1, 0, 0, 0, 1, 0, 0, 0, 1)
    Right Leg.CFrame = CFrame.new(0.094117, -0.006814, 0.027741, 0.97716, 0.097036, -0.189058, -0.102012, 0.994642, -0.016744, 0.186421, 0.035648, 0.981823)

[46]
    Time: 1.875000
    HumanoidRootPart.CFrame = CFrame.new(0, 0, 0, 1, 0, 0, 0, 1, 0, 0, 0, 1)
    Torso.CFrame = CFrame.new(0.009514, 0, -0.025798, 0.999886, 0, 0.015084, 0, 1, 0, -0.015084, 0, 0.999886)
    Left Leg.CFrame = CFrame.new(-0.220135, 0.016495, 0.051587, 0.968512, -0.161187, 0.189746, 0.160752, 0.986835, 0.017786, -0.190115, 0.013276, 0.981672)
    Right Arm.CFrame = CFrame.new(0, 0, 0.114463, 0.949007, -0.240378, -0.203973, 0.184107, 0.947792, -0.260375, 0.255912, 0.209545, 0.943716)
    Left Arm.CFrame = CFrame.new(0, 0, 0.114463, 0.949007, 0.240378, 0.203973, -0.184107, 0.947792, -0.260375, -0.255912, 0.209545, 0.943716)
    Head.CFrame = CFrame.new(0, 0, 0, 1, 0, 0, 0, 1, 0, 0, 0, 1)
    Right Leg.CFrame = CFrame.new(0.139252, -0.006341, 0.036452, 0.974617, 0.119943, -0.189038, -0.125509, 0.991934, -0.017709, 0.185389, 0.040986, 0.98181)

[47]
    Time: 1.916667
    HumanoidRootPart.CFrame = CFrame.new(0, 0, 0, 1, 0, 0, 0, 1, 0, 0, 0, 1)
