[1]
    Time: 0.000000
    HumanoidRootPart.CFrame = CFrame.new(0, 0, 0, 1, 0, 0, 0, 1, 0, 0, 0, 1)
    Torso.CFrame = CFrame.new(-0.0117093, -0.0769926, -0.19368, 0.999764, -0.0214659, -0.0032307, 0.0189451, 0.935472, -0.352893, 0.0105974, 0.352749, 0.935658)
    Left Leg.CFrame = CFrame.new(-0.316266, 0.113014, -0.0249783, 0.904439, -0.420974, 0.0690738, 0.418915, 0.907021, 0.0426882, -0.0806221, -0.00967282, 0.996698)
    Right Arm.CFrame = CFrame.new(-0.403941, -0.276458, 0.0320795, 0.852309, -0.508866, -0.12093, 0.519226, 0.851035, 0.0783793, 0.0630312, -0.129594, 0.989562)
    Head.CFrame = CFrame.new(8.84756e-08, 4.19968e-08, 0.0182941, 0.99999, 0.0012243, 0.00429837, -0.00188494, 0.98756, 0.157233, -0.0040524, -0.157239, 0.987552)
    Right Leg.CFrame = CFrame.new(0.820274, 0.169743, -0.0145167, 0.743017, 0.669119, 0.0143411, -0.667002, 0.738562, 0.0981602, 0.0550891, -0.0825003, 0.995067)
    Left Arm.CFrame = CFrame.new(0.141473, -0.333233, 0.000529647, 0.268265, 0.957036, -0.110072, -0.956754, 0.278028, 0.0855756, 0.112502, 0.0823551, 0.990233)

[2]
    Time: 0.015000
    HumanoidRootPart.CFrame = CFrame.new(0, 0, 0, 1, 0, 0, 0, 1, 0, 0, 0, 1)
    Torso.CFrame = CFrame.new(-0.0118289, -0.0770651, -0.187293, 0.999993, -0.00155866, -0.00334659, 0.000279838, 0.935898, -0.352271, 0.00368114, 0.352267, 0.935892)
    Left Leg.CFrame = CFrame.new(-0.288103, 0.0933861, -0.025718, 0.856219, -0.509376, 0.0861686, 0.506271, 0.860532, 0.0563448, -0.102852, -0.00461884, 0.994686)
    Right Arm.CFrame = CFrame.new(-0.505564, -0.230979, 0.021107, 0.96311, -0.204942, -0.174406, 0.222343, 0.971106, 0.0866946, 0.151599, -0.122275, 0.98085)
    Head.CFrame = CFrame.new(7.53498e-08, 2.64456e-07, 0.0182945, 0.999902, -0.0131549, 0.00473693, 0.0122216, 0.986896, 0.160894, -0.00679139, -0.16082, 0.98696)
    Right Leg.CFrame = CFrame.new(0.964369, 0.135864, -0.0186708, 0.818712, 0.573054, 0.0363264, -0.573938, 0.814764, 0.0821915, 0.0175027, -0.0881403, 0.995954)
    Left Arm.CFrame = CFrame.new(0.0864883, -0.374974, -0.000909448, 0.0122661, 0.994655, -0.102528, -0.993051, 0.0241194, 0.115184, 0.117042, 0.100402, 0.988039)

[3]
    Time: 0.030417
    HumanoidRootPart.CFrame = CFrame.new(0, 0, 0, 1, 0, 0, 0, 1, 0, 0, 0, 1)
    Torso.CFrame = CFrame.new(-0.011877, -0.0768505, -0.188134, 0.999811, 0.019164, -0.00341415, -0.0191385, 0.935736, -0.352181, -0.00355447, 0.35218, 0.935926)
    Left Leg.CFrame = CFrame.new(-0.25705, 0.0790874, -0.0265415, 0.796089, -0.596402, 0.102699, 0.592207, 0.802674, 0.0707491, -0.124628, 0.00449635, 0.992193)
    Right Arm.CFrame = CFrame.new(-0.593703, -0.170949, 0.00824666, 0.97403, 0.0910438, -0.207308, -0.069541, 0.991633, 0.10876, 0.215476, -0.0915191, 0.972211)
    Head.CFrame = CFrame.new(7.17118e-08, -2.66882e-08, 0.0182943, 0.999627, -0.0269139, 0.00463317, 0.0257762, 0.985868, 0.16553, -0.00902276, -0.165349, 0.986194)
    Right Leg.CFrame = CFrame.new(0.890915, 0.240585, -0.032107, 0.933993, 0.35191, 0.0617837, -0.355815, 0.931829, 0.0713479, -0.0324637, -0.088622, 0.995536)
    Left Arm.CFrame = CFrame.new(0.0228352, -0.422721, -0.00330544, -0.196489, 0.975941, -0.0945025, -0.972219, -0.181417, 0.147911, 0.127208, 0.12094, 0.984475)

[4]
    Time: 0.045417
    HumanoidRootPart.CFrame = CFrame.new(0, 0, 0, 1, 0, 0, 0, 1, 0, 0, 0, 1)
    Torso.CFrame = CFrame.new(-0.0118865, -0.076352, -0.190723, 0.999196, 0.0399424, -0.00344362, -0.0385963, 0.935165, -0.352102, -0.0108435, 0.351952, 0.935955)
    Left Leg.CFrame = CFrame.new(-0.22509, 0.069358, -0.0274047, 0.723355, -0.680378, 0.117662, 0.675171, 0.732655, 0.0857883, -0.144574, 0.0173866, 0.989341)
    Right Arm.CFrame = CFrame.new(-0.661676, -0.103949, -0.00383049, 0.915903, 0.334837, -0.221372, -0.311667, 0.94077, 0.133478, 0.252954, -0.0532587, 0.966011)
    Head.CFrame = CFrame.new(9.96515e-08, -1.22236e-08, 0.0182941, 0.999202, -0.0397506, 0.00399043, 0.0384862, 0.98456, 0.170763, -0.0107168, -0.170473, 0.985304)
    Right Leg.CFrame = CFrame.new(0.885202, 0.327063, -0.0447088, 0.983179, 0.161404, 0.0854901, -0.167279, 0.983653, 0.066668, -0.0733321, -0.0798472, 0.994106)
    Left Arm.CFrame = CFrame.new(-0.0455487, -0.473156, -0.00632232, -0.35471, 0.931093, -0.0851305, -0.924598, -0.335787, 0.179906, 0.138924, 0.142526, 0.979993)

[5]
    Time: 0.060417
    HumanoidRootPart.CFrame = CFrame.new(0, 0, 0, 1, 0, 0, 0, 1, 0, 0, 0, 1)
    Torso.CFrame = CFrame.new(-0.0118676, -0.0755694, -0.195076, 0.998199, 0.0598918, -0.00344407, -0.0572684, 0.934231, -0.352042, -0.0178669, 0.351605, 0.935978)
    Left Leg.CFrame = CFrame.new(-0.194012, 0.0636615, -0.0282902, 0.638028, -0.758895, 0.130377, 0.752782, 0.650363, 0.101718, -0.161986, 0.0332466, 0.986233)
    Right Arm.CFrame = CFrame.new(-0.708886, -0.0397851, -0.0133737, 0.828832, 0.513238, -0.222764, -0.489866, 0.858042, 0.15426, 0.270313, -0.0187313, 0.96259)
    Head.CFrame = CFrame.new(9.03383e-08, 2.28756e-08, 0.0182945, 0.998676, -0.0513699, 0.00289229, 0.0500574, 0.98308, 0.176205, -0.011895, -0.175827, 0.984349)
    Right Leg.CFrame = CFrame.new(0.851747, 0.430047, -0.0576276, 0.99374, -0.0366265, 0.105542, 0.0291966, 0.997042, 0.0711017, -0.107834, -0.0675752, 0.99187)
    Left Arm.CFrame = CFrame.new(-0.112691, -0.52098, -0.00948828, -0.469208, 0.879903, -0.0749263, -0.870254, -0.44631, 0.208485, 0.150006, 0.163028, 0.975151)

[6]
    Time: 0.075833
    HumanoidRootPart.CFrame = CFrame.new(0, 0, 0, 1, 0, 0, 0, 1, 0, 0, 0, 1)
    Torso.CFrame = CFrame.new(-0.0118304, -0.0745029, -0.20121, 0.996937, 0.0781353, -0.00342504, -0.0743367, 0.933041, -0.352008, -0.0243085, 0.351184, 0.935991)
    Left Leg.CFrame = CFrame.new(-0.165524, 0.0616511, -0.0292172, 0.542191, -0.828467, 0.140254, 0.821444, 0.557739, 0.118987, -0.176802, 0.0506967, 0.98294)
    Right Arm.CFrame = CFrame.new(-0.738658, 0.0134785, -0.0198747, 0.742854, 0.633071, -0.21769, -0.610101, 0.77406, 0.169137, 0.275581, 0.00716869, 0.961251)
    Head.CFrame = CFrame.new(1.08033e-07, -1.32248e-07, 0.0182943, 0.998107, -0.0614843, 0.00148431, 0.0601946, 0.981553, 0.18147, -0.0126145, -0.181037, 0.983395)
    Right Leg.CFrame = CFrame.new(0.787313, 0.518735, -0.067902, 0.96106, -0.248551, 0.120771, 0.239625, 0.967246, 0.0837561, -0.137633, -0.0515549, 0.989141)
    Left Arm.CFrame = CFrame.new(-0.170905, -0.560495, -0.0123537, -0.548817, 0.83343, -0.0647703, -0.820598, -0.522346, 0.231891, 0.159432, 0.180416, 0.970583)

[7]
    Time: 0.090833
    HumanoidRootPart.CFrame = CFrame.new(0, 0, 0, 1, 0, 0, 0, 1, 0, 0, 0, 1)
    Torso.CFrame = CFrame.new(-0.0117855, -0.0731518, -0.20914, 0.995585, 0.0938064, -0.00339624, -0.0889932, 0.931757, -0.352007, -0.029856, 0.350754, 0.935991)
    Left Leg.CFrame = CFrame.new(-0.141324, 0.0632021, -0.0302587, 0.440481, -0.885688, 0.146742, 0.877456, 0.459296, 0.138272, -0.189864, 0.0678531, 0.979463)
    Right Arm.CFrame = CFrame.new(-0.755425, 0.0502158, -0.0235969, 0.67531, 0.70682, -0.210625, -0.684274, 0.707004, 0.178645, 0.275183, 0.0234845, 0.961105)
    Head.CFrame = CFrame.new(6.89179e-08, 9.90694e-08, 0.0182943, 0.99756, -0.0698158, -3.33572e-05, 0.0686013, 0.980117, 0.186182, -0.0129658, -0.18573, 0.982515)
    Right Leg.CFrame = CFrame.new(0.689086, 0.559945, -0.0722818, 0.876587, -0.463523, 0.129394, 0.45349, 0.885603, 0.100267, -0.161068, -0.0292141, 0.986511)
    Left Arm.CFrame = CFrame.new(-0.211457, -0.58628, -0.0145063, -0.600933, 0.797373, -0.055461, -0.781731, -0.57184, 0.248791, 0.166664, 0.192862, 0.966968)

[8]
    Time: 0.106250
    HumanoidRootPart.CFrame = CFrame.new(0, 0, 0, 1, 0, 0, 0, 1, 0, 0, 0, 1)
    Torso.CFrame = CFrame.new(-0.0117435, -0.0715151, -0.218883, 0.994355, 0.10605, -0.0033674, -0.10044, 0.930578, -0.352046, -0.0342007, 0.350397, 0.935977)
    Left Leg.CFrame = CFrame.new(-0.123162, 0.0683899, -0.031553, 0.339735, -0.928592, 0.149321, 0.918347, 0.361789, 0.160458, -0.203023, 0.0826152, 0.975683)
    Right Arm.CFrame = CFrame.new(-0.763152, 0.0664104, -0.0250763, 0.635467, 0.744567, -0.204455, -0.722101, 0.666843, 0.184094, 0.27341, 0.0306519, 0.961409)
    Head.CFrame = CFrame.new(8.47504e-08, 5.83241e-08, 0.0182949, 0.9971, -0.0760947, -0.00142133, 0.0749782, 0.978921, 0.189979, -0.013065, -0.189534, 0.981787)
    Right Leg.CFrame = CFrame.new(0.561662, 0.478149, -0.0656353, 0.738816, -0.66161, 0.128151, 0.651306, 0.749844, 0.116339, -0.173064, -0.0024878, 0.984908)
    Left Arm.CFrame = CFrame.new(-0.225088, -0.593394, -0.0155326, -0.630464, 0.77476, -0.0475609, -0.757112, -0.600278, 0.257773, 0.171163, 0.198526, 0.965034)

[9]
    Time: 0.121250
    HumanoidRootPart.CFrame = CFrame.new(0, 0, 0, 1, 0, 0, 0, 1, 0, 0, 0, 1)
    Torso.CFrame = CFrame.new(-0.0117144, -0.0695918, -0.230455, 0.993473, 0.114017, -0.00334792, -0.107886, 0.929712, -0.352132, -0.0370365, 0.350195, 0.935945)
    Left Leg.CFrame = CFrame.new(-0.112833, 0.0773515, -0.0333185, 0.247817, -0.957501, 0.147577, 0.943763, 0.273005, 0.186495, -0.218858, 0.093061, 0.971309)
    Right Arm.CFrame = CFrame.new(-0.765832, 0.0694611, -0.0249807, 0.620336, 0.75825, -0.2006, -0.734929, 0.651266, 0.18903, 0.273976, 0.0301644, 0.961263)
    Head.CFrame = CFrame.new(7.91624e-08, 1.07684e-07, 0.0182941, 0.996787, -0.0800564, -0.00242321, 0.0790242, 0.978108, 0.192508, -0.0130414, -0.192081, 0.981292)
    Right Leg.CFrame = CFrame.new(0.446647, 0.317023, -0.052622, 0.589626, -0.798646, 0.120437, 0.789047, 0.601428, 0.125253, -0.172467, 0.021178, 0.984788)
    Left Arm.CFrame = CFrame.new(-0.222847, -0.590638, -0.0157809, -0.644622, 0.76332, -0.0424912, -0.744668, -0.61435, 0.260852, 0.173009, 0.199793, 0.964443)

[10]
    Time: 0.136250
    HumanoidRootPart.CFrame = CFrame.new(0, 0, 0, 1, 0, 0, 0, 1, 0, 0, 0, 1)
    Torso.CFrame = CFrame.new(-0.0117082, -0.0673807, -0.243872, 0.993143, 0.116861, -0.0033466, -0.110542, 0.929347, -0.352271, -0.0380567, 0.350225, 0.935892)
    Left Leg.CFrame = CFrame.new(-0.112042, 0.0900119, -0.0358415, 0.172312, -0.974837, 0.141426, 0.9554, 0.200352, 0.216956, -0.239831, 0.0977338, 0.965882)
    Right Arm.CFrame = CFrame.new(-0.766633, 0.0703858, -0.02468, 0.615682, 0.762337, -0.199445, -0.738156, 0.646547, 0.19262, 0.275792, 0.0286294, 0.960791)
    Head.CFrame = CFrame.new(9.87202e-08, 1.16415e-09, 0.0182939, 0.996675, -0.0814359, -0.00279477, 0.0804371, 0.977812, 0.193428, -0.0130193, -0.19301, 0.981111)
    Right Leg.CFrame = CFrame.new(0.396576, 0.228833, -0.0454975, 0.517723, -0.847711, 0.115536, 0.838669, 0.529552, 0.127317, -0.16911, 0.0309817, 0.98511)
    Left Arm.CFrame = CFrame.new(-0.222096, -0.58974, -0.0158724, -0.649231, 0.759488, -0.0409646, -0.740556, -0.61893, 0.26173, 0.173427, 0.20026, 0.964271)

[11]
    Time: 0.151667
    HumanoidRootPart.CFrame = CFrame.new(0, 0, 0, 1, 0, 0, 0, 1, 0, 0, 0, 1)
    Torso.CFrame = CFrame.new(-0.0124573, -0.0658684, -0.259188, 0.993207, 0.116286, -0.00428673, -0.110278, 0.928854, -0.353651, -0.0371429, 0.351721, 0.935368)
    Left Leg.CFrame = CFrame.new(-0.12575, 0.10533, -0.0383001, 0.119048, -0.983788, 0.134124, 0.95652, 0.149862, 0.250222, -0.266266, 0.0985037, 0.958853)
    Right Arm.CFrame = CFrame.new(-0.752025, 0.0701824, -0.0237628, 0.61499, 0.762534, -0.200822, -0.738559, 0.646244, 0.192093, 0.276257, 0.0301835, 0.96061)
    Head.CFrame = CFrame.new(7.26432e-08, 1.35275e-07, 0.0182943, 0.996777, -0.0801773, -0.00256747, 0.079187, 0.978342, 0.191249, -0.012822, -0.190836, 0.981538)
    Right Leg.CFrame = CFrame.new(0.419496, 0.284307, -0.0489511, 0.553227, -0.824161, 0.121236, 0.817456, 0.565114, 0.111407, -0.16033, 0.0374717, 0.986352)
    Left Arm.CFrame = CFrame.new(-0.214361, -0.586581, -0.0150892, -0.645594, 0.762573, -0.0411299, -0.744463, -0.616428, 0.256499, 0.170245, 0.196214, 0.965669)

[12]
    Time: 0.166667
    HumanoidRootPart.CFrame = CFrame.new(0, 0, 0, 1, 0, 0, 0, 1, 0, 0, 0, 1)
    Torso.CFrame = CFrame.new(-0.0142887, -0.0656666, -0.274976, 0.993439, 0.114177, -0.00658037, -0.109001, 0.927839, -0.356697, -0.0346212, 0.355074, 0.934197)
    Left Leg.CFrame = CFrame.new(-0.156426, 0.123056, -0.0400118, 0.0867304, -0.9879, 0.128578, 0.950953, 0.120564, 0.284875, -0.29693, 0.0975645, 0.949902)
    Right Arm.CFrame = CFrame.new(-0.710292, 0.0671641, -0.0206766, 0.620547, 0.757301, -0.203509, -0.734253, 0.652251, 0.188258, 0.275307, 0.0326038, 0.960803)
    Head.CFrame = CFrame.new(7.07805e-08, -1.06171e-07, 0.018294, 0.997067, -0.0765032, -0.00201493, 0.0755494, 0.979753, 0.185411, -0.0122104, -0.18502, 0.982659)
    Right Leg.CFrame = CFrame.new(0.473786, 0.408953, -0.0573652, 0.647892, -0.750436, 0.130701, 0.747623, 0.659332, 0.0796312, -0.145933, 0.0461226, 0.988219)
    Left Arm.CFrame = CFrame.new(-0.193203, -0.577194, -0.0129809, -0.633924, 0.772268, -0.0417424, -0.756307, -0.607731, 0.242205, 0.161679, 0.18511, 0.969327)

[13]
    Time: 0.181667
    HumanoidRootPart.CFrame = CFrame.new(0, 0, 0, 1, 0, 0, 0, 1, 0, 0, 0, 1)
    Torso.CFrame = CFrame.new(-0.0165996, -0.0662153, -0.289025, 0.993891, 0.109956, -0.00946403, -0.105965, 0.926808, -0.360276, -0.0308432, 0.359078, 0.932798)
    Left Leg.CFrame = CFrame.new(-0.201855, 0.143828, -0.041492, 0.0706565, -0.989701, 0.124494, 0.940942, 0.107558, 0.32103, -0.331114, 0.0944589, 0.938851)
    Right Arm.CFrame = CFrame.new(-0.645878, 0.0593409, -0.0152884, 0.634828, 0.744552, -0.206485, -0.723044, 0.666677, 0.180969, 0.272399, 0.0344138, 0.961569)
    Head.CFrame = CFrame.new(8.19564e-08, -4.28408e-08, 0.0182943, 0.997507, -0.0705556, -0.00133198, 0.0696771, 0.981747, 0.176969, -0.0111785, -0.176621, 0.984215)
    Right Leg.CFrame = CFrame.new(0.538212, 0.540329, -0.0669734, 0.763521, -0.631697, 0.134143, 0.630363, 0.774155, 0.0576728, -0.14028, 0.0405247, 0.989282)
    Left Arm.CFrame = CFrame.new(-0.161672, -0.561786, -0.00990945, -0.612755, 0.789114, -0.0427889, -0.776108, -0.590683, 0.220793, 0.148956, 0.168501, 0.974382)

[14]
    Time: 0.197083
    HumanoidRootPart.CFrame = CFrame.new(0, 0, 0, 1, 0, 0, 0, 1, 0, 0, 0, 1)
    Torso.CFrame = CFrame.new(-0.0187866, -0.0669606, -0.29911, 0.994602, 0.10305, -0.0121738, -0.100415, 0.92626, -0.363262, -0.026158, 0.362523, 0.931608)
    Left Leg.CFrame = CFrame.new(-0.256089, 0.154671, -0.0384534, 0.0954734, -0.98708, 0.128675, 0.934341, 0.13345, 0.330452, -0.343354, 0.0886767, 0.93501)
    Right Arm.CFrame = CFrame.new(-0.563076, 0.0447203, -0.0074718, 0.660325, 0.721442, -0.208546, -0.701971, 0.691631, 0.169953, 0.266848, 0.0341691, 0.963133)
    Head.CFrame = CFrame.new(9.68575e-08, -6.51926e-08, 0.0182942, 0.998045, -0.062493, -0.000735268, 0.0617382, 0.984025, 0.166983, -0.00971173, -0.166702, 0.98596)
    Right Leg.CFrame = CFrame.new(0.598067, 0.603449, -0.0721349, 0.866055, -0.481922, 0.133043, 0.479716, 0.87598, 0.0503064, -0.140786, 0.0202546, 0.989833)
    Left Arm.CFrame = CFrame.new(-0.122776, -0.540683, -0.00623065, -0.57998, 0.813439, -0.0440484, -0.803697, -0.56253, 0.193987, 0.133018, 0.14791, 0.980015)

[15]
    Time: 0.212083
    HumanoidRootPart.CFrame = CFrame.new(0, 0, 0, 1, 0, 0, 0, 1, 0, 0, 0, 1)
    Torso.CFrame = CFrame.new(-0.0202577, -0.0673476, -0.302986, 0.995578, 0.0928953, -0.0139596, -0.0915777, 0.926679, -0.364527, -0.0209268, 0.364193, 0.931088)
    Left Leg.CFrame = CFrame.new(-0.31597, 0.146234, -0.0275972, 0.179968, -0.973351, 0.142128, 0.931851, 0.214976, 0.292301, -0.315065, 0.0798371, 0.945706)
    Right Arm.CFrame = CFrame.new(-0.465906, 0.0213375, 0.00289285, 0.699415, 0.683737, -0.208139, -0.66667, 0.729092, 0.154843, 0.257624, 0.0304607, 0.965765)
    Head.CFrame = CFrame.new(8.19564e-08, -2.56114e-08, 0.0182947, 0.99862, -0.0525084, -0.000408615, 0.0519252, 0.98631, 0.156511, -0.00781514, -0.156317, 0.987676)
    Right Leg.CFrame = CFrame.new(0.626834, 0.46388, -0.0698328, 0.929526, -0.347403, 0.123662, 0.344296, 0.937716, 0.0463616, -0.132066, -0.000517896, 0.991241)
    Left Arm.CFrame = CFrame.new(-0.0794518, -0.514377, -0.00229263, -0.532529, 0.845207, -0.0451384, -0.838621, -0.519658, 0.163311, 0.114575, 0.124822, 0.985542)

[16]
    Time: 0.227083
    HumanoidRootPart.CFrame = CFrame.new(0, 0, 0, 1, 0, 0, 0, 1, 0, 0, 0, 1)
    Torso.CFrame = CFrame.new(-0.0206134, -0.067024, -0.295736, 0.99676, 0.0791438, -0.0143172, -0.0789183, 0.928091, -0.363893, -0.0155122, 0.363844, 0.931331)
    Left Leg.CFrame = CFrame.new(-0.384719, 0.130945, -0.0142939, 0.312323, -0.937581, 0.152955, 0.911531, 0.341115, 0.22968, -0.267518, 0.0676889, 0.961172)
    Right Arm.CFrame = CFrame.new(-0.357927, -0.0126583, 0.0159062, 0.75388, 0.624837, -0.203088, -0.61041, 0.780446, 0.13529, 0.243034, 0.0219746, 0.969769)
    Head.CFrame = CFrame.new(1.04308e-07, -2.53785e-08, 0.0182947, 0.999165, -0.0408448, -0.000435009, 0.0404672, 0.988367, 0.146607, -0.00555816, -0.146502, 0.989195)
    Right Leg.CFrame = CFrame.new(0.837838, 0.405503, -0.0856449, 0.991764, -0.0652447, 0.110211, 0.0613738, 0.997385, 0.03816, -0.112413, -0.0310816, 0.993175)
    Left Arm.CFrame = CFrame.new(-0.034491, -0.48361, 0.0015589, -0.465927, 0.88365, -0.0455449, -0.879797, -0.457188, 0.130138, 0.0941741, 0.100705, 0.990449)

[17]
    Time: 0.242500
    HumanoidRootPart.CFrame = CFrame.new(0, 0, 0, 1, 0, 0, 0, 1, 0, 0, 0, 1)
    Torso.CFrame = CFrame.new(-0.0200265, -0.0661738, -0.277003, 0.997968, 0.0622824, -0.0134725, -0.0629286, 0.929972, -0.362204, -0.0100298, 0.362316, 0.932002)
    Left Leg.CFrame = CFrame.new(-0.479208, 0.0924257, 0.00484467, 0.45573, -0.8766, 0.154543, 0.862494, 0.477798, 0.166774, -0.220034, 0.0572882, 0.973809)
    Right Arm.CFrame = CFrame.new(-0.241961, -0.0587488, 0.0316021, 0.823568, 0.534387, -0.190176, -0.522723, 0.845205, 0.111308, 0.220219, 0.00773991, 0.97542)
    Head.CFrame = CFrame.new(9.87202e-08, -2.49129e-08, 0.0182942, 0.999612, -0.027846, -0.000881106, 0.0277003, 0.990004, 0.138291, -0.00297856, -0.138262, 0.990391)
    Right Leg.CFrame = CFrame.new(0.573957, 0.302917, -0.0559325, 0.9955, -0.0182709, 0.0929821, 0.0153023, 0.999353, 0.0325399, -0.0935164, -0.0309707, 0.995136)
    Left Arm.CFrame = CFrame.new(0.00961331, -0.449483, 0.0049696, -0.373728, 0.926464, -0.0446391, -0.924717, -0.368408, 0.0957802, 0.0722914, 0.0770742, 0.994401)

[18]
    Time: 0.257500
    HumanoidRootPart.CFrame = CFrame.new(0, 0, 0, 1, 0, 0, 0, 1, 0, 0, 0, 1)
    Torso.CFrame = CFrame.new(-0.0187774, -0.0650413, -0.251378, 0.999005, 0.0430086, -0.0117888, -0.0443684, 0.931952, -0.359858, -0.00449036, 0.360023, 0.932933)
    Left Leg.CFrame = CFrame.new(-0.596304, 0.0669115, 0.020027, 0.595604, -0.789849, 0.14627, 0.782862, 0.611554, 0.114582, -0.179954, 0.0462636, 0.982586)
    Right Arm.CFrame = CFrame.new(-0.119797, -0.117429, 0.049798, 0.903038, 0.396761, -0.164632, -0.387928, 0.917842, 0.0841328, 0.184487, -0.0121097, 0.98276)
    Head.CFrame = CFrame.new(7.82311e-08, 2.49129e-08, 0.0182947, 0.999902, -0.0138731, -0.0017388, 0.0139812, 0.991072, 0.13259, -0.000116158, -0.132601, 0.99117)
    Right Leg.CFrame = CFrame.new(0.496977, 0.252247, -0.0496219, 0.990627, 0.116726, 0.0709494, -0.118826, 0.992572, 0.0261085, -0.0673748, -0.0342944, 0.997138)
    Left Arm.CFrame = CFrame.new(0.0509988, -0.413567, 0.00755894, -0.24695, 0.96813, -0.0417024, -0.967763, -0.244202, 0.0616405, 0.0494922, 0.0555801, 0.997227)

[19]
    Time: 0.272917
    HumanoidRootPart.CFrame = CFrame.new(0, 0, 0, 1, 0, 0, 0, 1, 0, 0, 0, 1)
    Torso.CFrame = CFrame.new(-0.017136, -0.0638772, -0.223452, 0.999711, 0.0220312, -0.00961607, -0.0240128, 0.933696, -0.35726, 0.00110762, 0.357388, 0.933955)
    Left Leg.CFrame = CFrame.new(-0.637491, 0.13555, 0.0131321, 0.752694, -0.645596, 0.129068, 0.64203, 0.763175, 0.0732194, -0.145772, 0.027754, 0.988929)
    Right Arm.CFrame = CFrame.new(0.00776578, -0.186865, 0.0697181, 0.974173, 0.191277, -0.120003, -0.185439, 0.980933, 0.0581686, 0.128841, -0.0344132, 0.991068)
    Head.CFrame = CFrame.new(8.3819e-08, 4.92437e-08, 0.0182943, 0.999996, 0.000730344, -0.00285323, -0.000351652, 0.991444, 0.130534, 0.00292415, -0.130533, 0.99144)
    Right Leg.CFrame = CFrame.new(0.400499, 0.188811, -0.0444556, 0.97443, 0.219645, 0.0473602, -0.220811, 0.975092, 0.0209172, -0.0415861, -0.03084, 0.998659)
    Left Arm.CFrame = CFrame.new(0.0890838, -0.377892, 0.0089016, -0.0741575, 0.996596, -0.0360255, -0.996888, -0.073114, 0.0294713, 0.026737, 0.0380988, 0.998916)

[20]
    Time: 0.287917
    HumanoidRootPart.CFrame = CFrame.new(0, 0, 0, 1, 0, 0, 0, 1, 0, 0, 0, 1)
    Torso.CFrame = CFrame.new(-0.0153566, -0.0629447, -0.197818, 0.999973, 7.18468e-05, -0.00728449, -0.00265202, 0.934926, -0.354833, 0.00678497, 0.354843, 0.934901)
    Left Leg.CFrame = CFrame.new(-0.730049, 0.157645, 0.0180714, 0.841038, -0.531016, 0.103324, 0.529959, 0.847093, 0.0397231, -0.108619, 0.021349, 0.993854)
    Right Arm.CFrame = CFrame.new(0.13926, -0.260672, 0.0892539, 0.993787, -0.0993336, -0.0501989, 0.10158, 0.993837, 0.0443832, 0.0454808, -0.0492068, 0.997753)
    Head.CFrame = CFrame.new(9.90694e-08, -1.4615e-07, 0.0182945, 0.99987, 0.0156358, -0.00393157, -0.0149742, 0.991004, 0.132994, 0.00597567, -0.132918, 0.991109)
    Right Leg.CFrame = CFrame.new(0.305399, 0.115551, -0.0393903, 0.953876, 0.299147, 0.0251275, -0.299576, 0.953947, 0.0154488, -0.0193488, -0.0222638, 0.999565)
    Left Arm.CFrame = CFrame.new(0.12571, -0.344385, 0.00854349, 0.155693, 0.987429, -0.027258, -0.987787, 0.155797, 0.00173869, 0.00596356, 0.0266544, 0.999627)

[21]
    Time: 0.302917
    HumanoidRootPart.CFrame = CFrame.new(0, 0, 0, 1, 0, 0, 0, 1, 0, 0, 0, 1)
    Torso.CFrame = CFrame.new(-0.0136748, -0.0625218, -0.179065, 0.999742, -0.0221376, -0.00510065, 0.0189123, 0.935425, -0.353018, 0.0125862, 0.35283, 0.935603)
    Left Leg.CFrame = CFrame.new(-0.823979, 0.188505, 0.0208009, 0.896305, -0.438119, 0.0684822, 0.438466, 0.898684, 0.0106811, -0.0662235, 0.0204536, 0.997595)
    Right Arm.CFrame = CFrame.new(0.267557, -0.327015, 0.10491, 0.889094, -0.455117, 0.048792, 0.451516, 0.889534, 0.069729, -0.075137, -0.0399654, 0.996372)
    Head.CFrame = CFrame.new(7.63685e-08, 8.67876e-08, 0.0182942, 0.999523, 0.0305213, -0.00463046, -0.0295771, 0.989773, 0.139549, 0.00884231, -0.139346, 0.990204)
    Right Leg.CFrame = CFrame.new(0.231489, 0.0358223, -0.0332529, 0.931538, 0.363602, 0.00547418, -0.363639, 0.931495, 0.00921264, -0.00174936, -0.0105726, 0.999943)
    Left Arm.CFrame = CFrame.new(0.16653, -0.312716, 0.0061444, 0.442215, 0.89676, -0.0163617, -0.896864, 0.441936, -0.0181243, -0.00902237, 0.022689, 0.999702)

[22]
    Time: 0.318333
    HumanoidRootPart.CFrame = CFrame.new(0, 0, 0, 1, 0, 0, 0, 1, 0, 0, 0, 1)
    Torso.CFrame = CFrame.new(-0.0123068, -0.0628989, -0.171784, 0.999032, -0.0438607, -0.00334659, 0.0398715, 0.935049, -0.352271, 0.0185801, 0.351796, 0.935892)
    Left Leg.CFrame = CFrame.new(-1.11659, 0.203787, 0.0241554, 0.89328, -0.44875, 0.0259864, 0.449223, 0.893268, -0.0164457, -0.0158329, 0.0263643, 0.999527)
    Right Arm.CFrame = CFrame.new(0.373891, -0.374826, 0.111506, 0.616845, -0.773125, 0.147579, 0.757654, 0.634043, 0.15476, -0.21322, 0.0163507, 0.976867)
    Head.CFrame = CFrame.new(9.68575e-08, 1.31666e-07, 0.0182947, 0.998974, 0.0450455, -0.00472813, -0.0438361, 0.987822, 0.149285, 0.0113952, -0.148924, 0.988783)
    Right Leg.CFrame = CFrame.new(0.198726, -0.0466332, -0.0248443, 0.897719, 0.44042, -0.0114635, -0.440411, 0.89779, 0.00344041, 0.0118071, 0.00196011, 0.999928)
    Left Arm.CFrame = CFrame.new(0.220345, -0.27512, 0.0019275, 0.747133, 0.664633, -0.00739904, -0.664563, 0.746759, -0.0265736, -0.0121364, 0.024771, 0.999619)

[23]
    Time: 0.333333
    HumanoidRootPart.CFrame = CFrame.new(0, 0, 0, 1, 0, 0, 0, 1, 0, 0, 0, 1)
    Torso.CFrame = CFrame.new(-0.011419, -0.0637677, -0.173182, 0.99792, -0.0644216, -0.00223662, 0.0595073, 0.934025, -0.352216, 0.0247794, 0.35135, 0.935916)
    Left Leg.CFrame = CFrame.new(-1.19405, 0.359663, 0.0105566, 0.940551, -0.339138, -0.0186838, 0.338265, 0.940258, -0.0386355, 0.0306703, 0.0300186, 0.999079)
    Right Arm.CFrame = CFrame.new(0.439544, -0.411129, 0.108971, 0.248866, -0.947194, 0.202209, 0.913658, 0.298871, 0.275509, -0.321395, 0.116185, 0.939791)
    Head.CFrame = CFrame.new(8.28877e-08, 1.99652e-08, 0.0182943, 0.998258, 0.0588599, -0.00411272, -0.0574276, 0.985237, 0.16128, 0.0135449, -0.160763, 0.9869)
    Right Leg.CFrame = CFrame.new(0.19893, -0.128399, -0.0134368, 0.838237, 0.544694, -0.0258365, -0.544908, 0.838494, -0.00152047, 0.0208356, 0.0153529, 0.999665)
    Left Arm.CFrame = CFrame.new(0.293121, -0.21201, -0.00027293, 0.963177, 0.267055, -0.0311923, -0.267331, 0.963592, -0.00497346, 0.0287285, 0.0131289, 0.999501)

[24]
    Time: 0.348333
    HumanoidRootPart.CFrame = CFrame.new(0, 0, 0, 1, 0, 0, 0, 1, 0, 0, 0, 1)
    Torso.CFrame = CFrame.new(-0.0109724, -0.064607, -0.177241, 0.996516, -0.0833887, -0.00171711, 0.0774438, 0.932725, -0.352175, 0.030969, 0.350815, 0.935933)
    Left Leg.CFrame = CFrame.new(-1.15743, 0.523485, 0.00217259, 0.982979, -0.171797, -0.0651082, 0.168423, 0.984222, -0.0542219, 0.0733961, 0.0423332, 0.996404)
    Right Arm.CFrame = CFrame.new(0.466005, -0.450981, 0.103263, -0.0908502, -0.974305, 0.206099, 0.921016, -0.00348633, 0.38951, -0.378783, 0.225207, 0.897667)
    Head.CFrame = CFrame.new(1.06171e-07, 2.87197e-07, 0.0182941, 0.997426, 0.0716533, -0.00273702, -0.0700763, 0.982143, 0.174598, 0.0151987, -0.173957, 0.984636)
    Right Leg.CFrame = CFrame.new(0.207042, -0.204284, -0.000632405, 0.748869, 0.66161, -0.0382976, -0.66225, 0.749262, -0.005727, 0.0249059, 0.0296513, 0.99925)
    Left Arm.CFrame = CFrame.new(0.367791, -0.109323, 0.00617564, 0.977717, -0.179326, -0.109137, 0.18304, 0.982789, 0.0249343, 0.102787, -0.0443552, 0.993714)

[25]
    Time: 0.363750
    HumanoidRootPart.CFrame = CFrame.new(0, 0, 0, 1, 0, 0, 0, 1, 0, 0, 0, 1)
    Torso.CFrame = CFrame.new(-0.0108622, -0.0653936, -0.183721, 0.994946, -0.100399, -0.0016509, 0.0933889, 0.93127, -0.352157, 0.0368935, 0.350223, 0.93594)
    Left Leg.CFrame = CFrame.new(-1.13907, 0.637532, -0.00536609, 0.993494, -0.0220568, -0.111728, 0.0152536, 0.997998, -0.0613838, 0.112858, 0.0592802, 0.991841)
    Right Arm.CFrame = CFrame.new(0.468819, -0.497913, 0.0990596, -0.33859, -0.923183, 0.181906, 0.852754, -0.219357, 0.474018, -0.397703, 0.315618, 0.86152)
    Head.CFrame = CFrame.new(1.01514e-07, 2.02563e-08, 0.0182943, 0.996539, 0.0831293, -0.000707099, -0.0815096, 0.978722, 0.188304, 0.0163457, -0.187595, 0.982111)
    Right Leg.CFrame = CFrame.new(0.217538, -0.2677, 0.0113069, 0.626696, 0.777659, -0.049987, -0.778849, 0.627165, -0.00761131, 0.0254312, 0.0437023, 0.998721)
    Left Arm.CFrame = CFrame.new(0.417098, 0.0157566, 0.0187835, 0.831772, -0.515818, -0.205151, 0.531795, 0.846411, 0.0279705, 0.159214, -0.132363, 0.978331)

[26]
    Time: 0.378750
    HumanoidRootPart.CFrame = CFrame.new(0, 0, 0, 1, 0, 0, 0, 1, 0, 0, 0, 1)
    Torso.CFrame = CFrame.new(-0.0109836, -0.0660987, -0.192378, 0.993353, -0.115096, -0.00190105, 0.107058, 0.929796, -0.352162, 0.0422999, 0.349618, 0.935937)
    Left Leg.CFrame = CFrame.new(-1.11322, 0.712056, -0.0158659, 0.984926, 0.111829, -0.13197, -0.120626, 0.990844, -0.0606365, 0.12398, 0.0756414, 0.989397)
    Right Arm.CFrame = CFrame.new(0.462184, -0.54419, 0.0972799, -0.494602, -0.855682, 0.152242, 0.772527, -0.352577, 0.528102, -0.39821, 0.378811, 0.835423)
    Head.CFrame = CFrame.new(6.33299e-08, -2.33878e-07, 0.0182945, 0.995663, 0.0930131, 0.00174964, -0.0914568, 0.975214, 0.201478, 0.0170338, -0.200764, 0.979492)
    Right Leg.CFrame = CFrame.new(0.271094, -0.390492, 0.0246243, 0.436941, 0.897309, -0.062608, -0.899155, 0.437619, -0.00317256, 0.0245518, 0.0576805, 0.998033)
    Left Arm.CFrame = CFrame.new(0.43719, 0.130144, 0.0310584, 0.651853, -0.703182, -0.283941, 0.735294, 0.677678, 0.00976367, 0.185555, -0.215145, 0.958792)

[27]
    Time: 0.393750
    HumanoidRootPart.CFrame = CFrame.new(0, 0, 0, 1, 0, 0, 0, 1, 0, 0, 0, 1)
    Torso.CFrame = CFrame.new(-0.0112325, -0.0666888, -0.202969, 0.991883, -0.12713, -0.00233117, 0.11817, 0.928439, -0.352187, 0.0469378, 0.349053, 0.935927)
    Left Leg.CFrame = CFrame.new(-0.917229, 0.702457, -0.011976, 0.944418, 0.308279, -0.114185, -0.316754, 0.946272, -0.0650893, 0.0879846, 0.0976401, 0.991325)
    Right Arm.CFrame = CFrame.new(0.454666, -0.578878, 0.0969539, -0.57896, -0.804921, 0.13003, 0.713836, -0.423321, 0.557887, -0.39401, 0.415814, 0.819667)
    Head.CFrame = CFrame.new(9.77889e-08, 8.59145e-08, 0.0182942, 0.994871, 0.101059, 0.00431211, -0.0996504, 0.971908, 0.213223, 0.0173571, -0.212559, 0.976994)
    Right Leg.CFrame = CFrame.new(0.224587, -0.316925, 0.0232574, 0.331781, 0.940495, -0.0734242, -0.94237, 0.333987, 0.0197874, 0.0431327, 0.0626276, 0.997105)
    Left Arm.CFrame = CFrame.new(0.440593, 0.209391, 0.0393525, 0.521055, -0.785786, -0.33323, 0.83129, 0.555738, -0.0106333, 0.193544, -0.27147, 0.942786)

[28]
    Time: 0.409167
    HumanoidRootPart.CFrame = CFrame.new(0, 0, 0, 1, 0, 0, 0, 1, 0, 0, 0, 1)
    Torso.CFrame = CFrame.new(-0.011505, -0.0671261, -0.215246, 0.990684, -0.136155, -0.00280551, 0.126451, 0.927335, -0.352223, 0.0505585, 0.348586, 0.935912)
    Left Leg.CFrame = CFrame.new(-0.680701, 0.585121, -0.0134789, 0.857986, 0.504584, -0.0962083, -0.51176, 0.855815, -0.0753814, 0.0443003, 0.113912, 0.992503)
    Right Arm.CFrame = CFrame.new(0.451304, -0.592201, 0.096983, -0.606144, -0.78599, 0.121693, 0.692081, -0.445831, 0.567677, -0.391934, 0.428316, 0.814207)
    Head.CFrame = CFrame.new(7.63685e-08, -1.11526e-07, 0.0182945, 0.994232, 0.10705, 0.00660197, -0.105826, 0.969134, 0.222668, 0.0174384, -0.222083, 0.974872)
    Right Leg.CFrame = CFrame.new(0.189617, -0.280647, 0.0212538, 0.2114, 0.97411, -0.0801217, -0.974887, 0.216021, 0.0541385, 0.0700449, 0.0666647, 0.995314)
    Left Arm.CFrame = CFrame.new(0.439883, 0.238552, 0.0423832, 0.472988, -0.808255, -0.350723, 0.859228, 0.511226, -0.0193815, 0.194964, -0.292184, 0.936279)

[29]
    Time: 0.424167
    HumanoidRootPart.CFrame = CFrame.new(0, 0, 0, 1, 0, 0, 0, 1, 0, 0, 0, 1)
    Torso.CFrame = CFrame.new(-0.011698, -0.0673702, -0.228963, 0.989886, -0.141827, -0.00318894, 0.131625, 0.926602, -0.352255, 0.0529141, 0.348273, 0.935899)
    Left Leg.CFrame = CFrame.new(-0.394451, 0.317305, -0.0173386, 0.702529, 0.705461, -0.0936942, -0.711612, 0.697819, -0.0815876, 0.00782471, 0.123992, 0.992253)
    Right Arm.CFrame = CFrame.new(0.451304, -0.592202, 0.096983, -0.606144, -0.78599, 0.121693, 0.692081, -0.445831, 0.567677, -0.391934, 0.428316, 0.814207)
    Head.CFrame = CFrame.new(7.82311e-08, -6.75209e-08, 0.0182942, 0.99381, 0.110788, 0.00822745, -0.109721, 0.967232, 0.228961, 0.0174083, -0.228447, 0.973401)
    Right Leg.CFrame = CFrame.new(0.130689, -0.222327, 0.0178505, 0.130209, 0.98823, -0.0802927, -0.9879, 0.136194, 0.0741996, 0.0842617, 0.0696597, 0.994006)
    Left Arm.CFrame = CFrame.new(0.439883, 0.238552, 0.0423833, 0.472987, -0.808255, -0.350723, 0.859228, 0.511226, -0.0193815, 0.194964, -0.292184, 0.936279)

[30]
    Time: 0.439583
    HumanoidRootPart.CFrame = CFrame.new(0, 0, 0, 1, 0, 0, 0, 1, 0, 0, 0, 1)
    Torso.CFrame = CFrame.new(-0.0117082, -0.0673805, -0.243872, 0.989602, -0.143797, -0.00334659, 0.133413, 0.92634, -0.352271, 0.0537554, 0.348161, 0.935892)
    Left Leg.CFrame = CFrame.new(-0.146277, -0.037511, -0.0259188, 0.513334, 0.852939, -0.0947815, -0.857899, 0.507152, -0.0825022, -0.0223007, 0.123664, 0.992073)
    Right Arm.CFrame = CFrame.new(0.451304, -0.592201, 0.0969828, -0.606144, -0.78599, 0.121693, 0.692081, -0.445831, 0.567677, -0.391934, 0.428316, 0.814207)
    Head.CFrame = CFrame.new(8.28877e-08, 1.34576e-07, 0.0182942, 0.99366, 0.11208, 0.00883419, -0.111076, 0.966533, 0.23125, 0.01738, -0.230765, 0.972854)
    Right Leg.CFrame = CFrame.new(0.0999216, -0.160281, 0.0145882, 0.0853104, 0.993249, -0.0786094, -0.992441, 0.0916964, 0.081565, 0.0882225, 0.0710569, 0.993563)
    Left Arm.CFrame = CFrame.new(0.439883, 0.238552, 0.0423832, 0.472987, -0.808255, -0.350723, 0.859228, 0.511226, -0.0193815, 0.194964, -0.292184, 0.936279)

[31]
    Time: 0.454583
    HumanoidRootPart.CFrame = CFrame.new(0, 0, 0, 1, 0, 0, 0, 1, 0, 0, 0, 1)
    Torso.CFrame = CFrame.new(-0.0114892, -0.0680748, -0.259812, 0.98979, -0.142499, -0.0032139, 0.132185, 0.926119, -0.353315, 0.0533233, 0.349282, 0.935499)
    Left Leg.CFrame = CFrame.new(-0.177877, 0.0196782, -0.0243914, 0.568511, 0.817504, -0.0920956, -0.822578, 0.563147, -0.0789355, -0.0126668, 0.120631, 0.992617)
    Right Arm.CFrame = CFrame.new(0.437375, -0.585634, 0.0951203, -0.59788, -0.792134, 0.122733, 0.700193, -0.441561, 0.56103, -0.390217, 0.421365, 0.818647)
    Head.CFrame = CFrame.new(9.68575e-08, -1.45519e-07, 0.0182942, 0.993814, 0.110749, 0.00822651, -0.109687, 0.967296, 0.228707, 0.0173717, -0.228195, 0.973461)
    Right Leg.CFrame = CFrame.new(0.111703, -0.108359, 0.0124441, 0.0682576, 0.994616, -0.0779758, -0.994008, 0.0744879, 0.0800012, 0.0853788, 0.0720478, 0.99374)
    Left Arm.CFrame = CFrame.new(0.440145, 0.228826, 0.0418234, 0.489076, -0.800237, -0.347023, 0.849813, 0.526806, -0.0171338, 0.196525, -0.286525, 0.9377)

[32]
    Time: 0.469583
    HumanoidRootPart.CFrame = CFrame.new(0, 0, 0, 1, 0, 0, 0, 1, 0, 0, 0, 1)
    Torso.CFrame = CFrame.new(-0.0111362, -0.0699026, -0.275523, 0.990326, -0.138728, -0.00290057, 0.128629, 0.925669, -0.355798, 0.0520442, 0.351983, 0.934558)
    Left Leg.CFrame = CFrame.new(-0.248703, 0.144672, -0.021145, 0.684265, 0.724276, -0.0848863, -0.729212, 0.680483, -0.0720574, 0.00557421, 0.111206, 0.993782)
    Right Arm.CFrame = CFrame.new(0.398912, -0.567265, 0.0900992, -0.572676, -0.810109, 0.125564, 0.72351, -0.42744, 0.542059, -0.385456, 0.401271, 0.830906)
    Head.CFrame = CFrame.new(1.00583e-07, 3.72529e-09, 0.0182941, 0.994246, 0.106912, 0.00669283, -0.105727, 0.96933, 0.221858, 0.0172318, -0.221289, 0.975056)
    Right Leg.CFrame = CFrame.new(0.143682, -0.0664403, 0.0112165, 0.0662313, 0.994762, -0.0778639, -0.994607, 0.0720597, 0.0745933, 0.0798135, 0.0725036, 0.99417)
    Left Arm.CFrame = CFrame.new(0.44008, 0.200607, 0.0402058, 0.535495, -0.7745, -0.336742, 0.820294, 0.571841, -0.0107738, 0.200907, -0.270458, 0.941535)

[33]
    Time: 0.485000
    HumanoidRootPart.CFrame = CFrame.new(0, 0, 0, 1, 0, 0, 0, 1, 0, 0, 0, 1)
    Torso.CFrame = CFrame.new(-0.0107603, -0.0721219, -0.289109, 0.991157, -0.132673, -0.00253523, 0.12294, 0.925299, -0.358758, 0.0499435, 0.355274, 0.933427)
    Left Leg.CFrame = CFrame.new(-0.323024, 0.27059, -0.0180264, 0.802943, 0.591373, -0.0745663, -0.595638, 0.800757, -0.0632719, 0.0222922, 0.0952183, 0.995207)
    Right Arm.CFrame = CFrame.new(0.340863, -0.539352, 0.0828764, -0.528529, -0.83902, 0.129237, 0.760385, -0.400202, 0.511521, -0.377456, 0.368623, 0.849496)
    Head.CFrame = CFrame.new(7.82311e-08, 3.1665e-08, 0.0182941, 0.994896, 0.100797, 0.00471805, -0.0995048, 0.97222, 0.211866, 0.0167686, -0.211254, 0.977287)
    Right Leg.CFrame = CFrame.new(0.193822, -0.0266837, 0.0101506, 0.0715977, 0.994542, -0.0758906, -0.994005, 0.077448, 0.0771728, 0.0826292, 0.0699103, 0.994125)
    Left Arm.CFrame = CFrame.new(0.437697, 0.155293, 0.0374634, 0.609781, -0.724898, -0.320453, 0.765027, 0.643998, -0.00104144, 0.207126, -0.24452, 0.947264)

[34]
    Time: 0.500000
    HumanoidRootPart.CFrame = CFrame.new(0, 0, 0, 1, 0, 0, 0, 1, 0, 0, 0, 1)
    Torso.CFrame = CFrame.new(-0.0104669, -0.0739925, -0.298663, 0.992215, -0.12452, -0.00223897, 0.11531, 0.925318, -0.361234, 0.0470527, 0.358163, 0.932473)
    Left Leg.CFrame = CFrame.new(-0.363797, 0.331696, -0.0166835, 0.887918, 0.455888, -0.0613826, -0.459022, 0.886807, -0.0535964, 0.0300006, 0.0757652, 0.996674)
    Right Arm.CFrame = CFrame.new(0.268021, -0.504508, 0.0744998, -0.461625, -0.877188, 0.132076, 0.808476, -0.354761, 0.469587, -0.36506, 0.323553, 0.872951)
    Head.CFrame = CFrame.new(9.49949e-08, 7.92788e-08, 0.0182942, 0.995696, 0.0926412, 0.00278993, -0.0913268, 0.975549, 0.19991, 0.0157982, -0.199304, 0.97981)
    Right Leg.CFrame = CFrame.new(0.259761, 0.0174462, 0.00842476, 0.0775547, 0.994515, -0.0701855, -0.991677, 0.0842068, 0.0973952, 0.102771, 0.0620479, 0.992768)
    Left Arm.CFrame = CFrame.new(0.430058, 0.0946398, 0.0334079, 0.70774, -0.640445, -0.298218, 0.673482, 0.739122, 0.0110074, 0.21337, -0.208635, 0.954434)

[35]
    Time: 0.515000
    HumanoidRootPart.CFrame = CFrame.new(0, 0, 0, 1, 0, 0, 0, 1, 0, 0, 0, 1)
    Torso.CFrame = CFrame.new(-0.0103463, -0.0747747, -0.30227, 0.993426, -0.114457, -0.00211404, 0.105922, 0.926037, -0.362265, 0.0434215, 0.35966, 0.932073)
    Left Leg.CFrame = CFrame.new(-0.603894, 0.422383, -0.0238456, 0.979361, 0.19709, -0.0448052, -0.198987, 0.979069, -0.0427598, 0.0354399, 0.0507929, 0.99808)
    Right Arm.CFrame = CFrame.new(0.184823, -0.465719, 0.066027, -0.366413, -0.921111, 0.131515, 0.863678, -0.284122, 0.416335, -0.346124, 0.266137, 0.89965)
    Head.CFrame = CFrame.new(7.45058e-08, -1.44355e-08, 0.0182942, 0.996574, 0.0826989, 0.00132735, -0.0814847, 0.978937, 0.187199, 0.0141818, -0.186666, 0.982321)
    Right Leg.CFrame = CFrame.new(0.337397, 0.0634638, 0.00551772, 0.0999701, 0.993073, -0.0617415, -0.985884, 0.10724, 0.128576, 0.134306, 0.0480162, 0.989776)
    Left Arm.CFrame = CFrame.new(0.413381, 0.0215661, 0.0278829, 0.819255, -0.505849, -0.27007, 0.530894, 0.847104, 0.0238115, 0.216733, -0.162887, 0.962546)

[36]
    Time: 0.530417
    HumanoidRootPart.CFrame = CFrame.new(0, 0, 0, 1, 0, 0, 0, 1, 0, 0, 0, 1)
    Torso.CFrame = CFrame.new(-0.0104254, -0.0749063, -0.295901, 0.994714, -0.102659, -0.00217852, 0.0949238, 0.927443, -0.361717, 0.0391539, 0.359599, 0.932285)
    Left Leg.CFrame = CFrame.new(-0.655629, 0.370723, -0.0245581, 0.999174, 0.0316665, -0.0254749, -0.032427, 0.999023, -0.0300143, 0.0244995, 0.0308156, 0.999225)
    Right Arm.CFrame = CFrame.new(0.0950194, -0.426293, 0.0584027, -0.236093, -0.963796, 0.123926, 0.918422, -0.179659, 0.352454, -0.31743, 0.197029, 0.927587)
    Head.CFrame = CFrame.new(7.07805e-08, -5.51809e-08, 0.0182941, 0.997459, 0.0712373, 0.000554988, -0.070235, 0.982062, 0.17499, 0.0119208, -0.174584, 0.98457)
    Right Leg.CFrame = CFrame.new(0.421313, 0.0986223, 0.00265539, 0.157203, 0.986114, -0.0535366, -0.975509, 0.1635, 0.147139, 0.153849, 0.0290948, 0.987666)
    Left Arm.CFrame = CFrame.new(0.383786, -0.0586915, 0.0210128, 0.922354, -0.305309, -0.236749, 0.32219, 0.946018, 0.0352515, 0.213206, -0.108793, 0.970931)

[37]
    Time: 0.545417
    HumanoidRootPart.CFrame = CFrame.new(0, 0, 0, 1, 0, 0, 0, 1, 0, 0, 0, 1)
    Torso.CFrame = CFrame.new(-0.0106384, -0.0752567, -0.279479, 0.996007, -0.0892415, -0.00235613, 0.0824017, 0.929183, -0.360319, 0.0343446, 0.358686, 0.932826)
    Left Leg.CFrame = CFrame.new(-0.602684, 0.276501, -0.0225987, 0.996728, -0.0806755, -0.00500628, 0.0805891, 0.996626, -0.0155538, 0.00624419, 0.0150995, 0.999867)
    Right Arm.CFrame = CFrame.new(0.00122178, -0.389561, 0.0522593, -0.0643376, -0.992421, 0.104693, 0.959337, -0.0326155, 0.280372, -0.274832, 0.118475, 0.954165)
    Head.CFrame = CFrame.new(8.47504e-08, -2.14204e-08, 0.0182946, 0.998285, 0.0585344, 0.000504604, -0.0578192, 0.98467, 0.164568, 0.00913603, -0.164315, 0.986366)
    Right Leg.CFrame = CFrame.new(0.508058, 0.121474, 0.000408292, 0.245479, 0.968354, -0.0450576, -0.95677, 0.249497, 0.149473, 0.155984, 0.00641741, 0.987739)
    Left Arm.CFrame = CFrame.new(0.33947, -0.1378, 0.0135347, 0.979076, -0.0336384, -0.200695, 0.0431571, 0.998132, 0.0432418, 0.198866, -0.0509986, 0.978699)

[38]
    Time: 0.560417
    HumanoidRootPart.CFrame = CFrame.new(0, 0, 0, 1, 0, 0, 0, 1, 0, 0, 0, 1)
    Torso.CFrame = CFrame.new(-0.0109239, -0.0757312, -0.257026, 0.997232, -0.0743062, -0.00259167, 0.0684438, 0.931055, -0.358401, 0.0290444, 0.357232, 0.933564)
    Left Leg.CFrame = CFrame.new(-0.365798, 0.208109, -0.02312, 0.995414, -0.094508, 0.0148207, 0.094524, 0.995522, -0.000388322, -0.0147177, 0.00178745, 0.99989)
