[1]
    Time: 0.000000
    HumanoidRootPart.CFrame = CFrame.new(0, 0, 0, 1, 0, 0, 0, 1, 0, 0, 0, 1)
    Torso.CFrame = CFrame.new(-0.207974, -0.529998, -0.913198, 0.853316, -0.26203, 0.450768, 0.478374, 0.737338, -0.476961, -0.20739, 0.622634, 0.75453)
    Left Leg.CFrame = CFrame.new(-0.534747, 1.18313, -0.55896, 0.956026, 0.292656, 0.0191508, -0.220206, 0.673155, 0.705955, 0.193711, -0.679128, 0.707998)
    Right Arm.CFrame = CFrame.new(-1.23803, -0.287028, 0.138674, 0.35431, -0.490752, 0.796007, 0.554572, 0.795654, 0.243689, -0.752937, 0.355102, 0.554065)
    Head.CFrame = CFrame.new(1.49012e-08, 1.15484e-07, 1.19209e-07, 0.700076, 0.690667, -0.181307, -0.488965, 0.648713, 0.583167, 0.520391, -0.319609, 0.791861)
    Left Arm.CFrame = CFrame.new(1.23803, -0.287028, 0.138675, 0.354309, 0.490752, -0.796007, -0.554573, 0.795654, 0.243689, 0.752937, 0.355102, 0.554065)
    Right Leg.CFrame = CFrame.new(0.414323, 0.0573806, 0.263237, 0.982855, -0.176859, -0.0521178, 0.0954523, 0.729915, -0.676841, 0.157747, 0.660262, 0.734282)

[2]
    Time: 0.016667
    HumanoidRootPart.CFrame = CFrame.new(0, 0, 0, 1, 0, 0, 0, 1, 0, 0, 0, 1)
    Torso.CFrame = CFrame.new(-0.219643, -0.522502, -0.912129, 0.851925, -0.248275, 0.461067, 0.473344, 0.741694, -0.475222, -0.223985, 0.623097, 0.749387)
    Left Leg.CFrame = CFrame.new(-0.524769, 1.18218, -0.566836, 0.956263, 0.288338, 0.0492224, -0.234342, 0.65447, 0.718855, 0.175059, -0.698949, 0.693415)
    Right Arm.CFrame = CFrame.new(-1.24698, -0.284069, 0.13901, 0.35856, -0.483812, 0.798349, 0.550618, 0.800215, 0.237645, -0.753827, 0.354375, 0.55332)
    Head.CFrame = CFrame.new(-7.45058e-08, 4.84288e-08, 0, 0.705974, 0.675151, -0.213942, -0.474686, 0.67525, 0.564545, 0.525618, -0.296999, 0.797194)
    Left Arm.CFrame = CFrame.new(1.24655, -0.283998, 0.13945, 0.36532, 0.488161, -0.792616, -0.551367, 0.79951, 0.238279, 0.750024, 0.349974, 0.561233)
    Right Leg.CFrame = CFrame.new(0.422672, 0.039526, 0.244704, 0.982188, -0.185757, -0.0282933, 0.115437, 0.715343, -0.689172, 0.148258, 0.673631, 0.724045)

[3]
    Time: 0.033333
    HumanoidRootPart.CFrame = CFrame.new(0, 0, 0, 1, 0, 0, 0, 1, 0, 0, 0, 1)
    Torso.CFrame = CFrame.new(-0.230137, -0.505166, -0.904644, 0.85231, -0.237428, 0.466042, 0.467064, 0.746535, -0.473852, -0.235411, 0.621541, 0.747174)
    Left Leg.CFrame = CFrame.new(-0.516728, 1.17917, -0.567612, 0.954394, 0.290618, 0.0683597, -0.247516, 0.642201, 0.725474, 0.166935, -0.709309, 0.684846)
    Right Arm.CFrame = CFrame.new(-1.25502, -0.27521, 0.140053, 0.365725, -0.474292, 0.800807, 0.543636, 0.807242, 0.229827, -0.755451, 0.351294, 0.553071)
    Head.CFrame = CFrame.new(-1.04308e-07, 7.45058e-09, 1.19209e-07, 0.717767, 0.64819, -0.254284, -0.460182, 0.715686, 0.525382, 0.522535, -0.260085, 0.811981)
    Left Arm.CFrame = CFrame.new(1.25427, -0.275088, 0.140792, 0.377142, 0.481732, -0.791011, -0.544929, 0.806018, 0.231057, 0.748877, 0.343903, 0.566493)
    Right Leg.CFrame = CFrame.new(0.423783, 0.0288497, 0.231186, 0.97983, -0.199469, -0.0120655, 0.135066, 0.705551, -0.695669, 0.147277, 0.680007, 0.718261)

[4]
    Time: 0.050000
    HumanoidRootPart.CFrame = CFrame.new(0, 0, 0, 1, 0, 0, 0, 1, 0, 0, 0, 1)
    Torso.CFrame = CFrame.new(-0.234693, -0.485714, -0.884328, 0.856052, -0.226267, 0.464735, 0.455903, 0.754201, -0.472581, -0.243574, 0.616428, 0.748791)
    Left Leg.CFrame = CFrame.new(-0.522126, 1.17095, -0.553786, 0.95446, 0.289015, 0.074004, -0.250666, 0.642368, 0.724245, 0.16178, -0.709813, 0.68556)
    Right Arm.CFrame = CFrame.new(-1.26218, -0.26142, 0.141689, 0.375206, -0.462597, 0.803259, 0.534055, 0.81617, 0.220572, -0.757632, 0.346224, 0.553284)
    Head.CFrame = CFrame.new(1.04308e-07, 4.84288e-08, 1.19209e-07, 0.729164, 0.625609, -0.277369, -0.446981, 0.742296, 0.499204, 0.518196, -0.240023, 0.820891)
    Left Arm.CFrame = CFrame.new(1.26124, -0.261262, 0.142602, 0.389476, 0.472041, -0.790877, -0.535728, 0.814585, 0.222366, 0.749202, 0.337089, 0.570147)
    Right Leg.CFrame = CFrame.new(0.419667, 0.0203493, 0.21742, 0.976981, -0.213259, -0.00530559, 0.149896, 0.703974, -0.694227, 0.151785, 0.677451, 0.719737)

[5]
    Time: 0.066667
    HumanoidRootPart.CFrame = CFrame.new(0, 0, 0, 1, 0, 0, 0, 1, 0, 0, 0, 1)
    Torso.CFrame = CFrame.new(-0.234582, -0.470492, -0.844768, 0.863421, -0.213251, 0.457196, 0.436937, 0.769114, -0.466423, -0.252171, 0.602485, 0.757246)
    Left Leg.CFrame = CFrame.new(-0.553341, 1.15087, -0.520227, 0.960869, 0.26888, 0.0665854, -0.23357, 0.657232, 0.716583, 0.148913, -0.704095, 0.694317)
    Right Arm.CFrame = CFrame.new(-1.26853, -0.243666, 0.143801, 0.386401, -0.449135, 0.805588, 0.522314, 0.826433, 0.210228, -0.760186, 0.339537, 0.553924)
    Head.CFrame = CFrame.new(0, 1.22935e-07, -5.96046e-08, 0.739019, 0.612632, -0.280237, -0.436502, 0.752289, 0.493485, 0.513144, -0.242371, 0.823371)
    Left Arm.CFrame = CFrame.new(1.26748, -0.243486, 0.144784, 0.402006, 0.459646, -0.791907, -0.524229, 0.824633, 0.21252, 0.750717, 0.329706, 0.572467)
    Right Leg.CFrame = CFrame.new(0.413956, 0.00309479, 0.194475, 0.975889, -0.218123, -0.00789037, 0.153463, 0.711406, -0.685821, 0.155207, 0.668074, 0.727728)

[6]
    Time: 0.083333
    HumanoidRootPart.CFrame = CFrame.new(0, 0, 0, 1, 0, 0, 0, 1, 0, 0, 0, 1)
    Torso.CFrame = CFrame.new(-0.2338, -0.460315, -0.790723, 0.871831, -0.201758, 0.446324, 0.413751, 0.791046, -0.450617, -0.262148, 0.577529, 0.773136)
    Left Leg.CFrame = CFrame.new(-0.605228, 1.11503, -0.473144, 0.972207, 0.228878, 0.0492752, -0.195891, 0.679967, 0.706591, 0.128218, -0.696606, 0.705904)
    Right Arm.CFrame = CFrame.new(-1.2741, -0.222917, 0.146274, 0.398722, -0.434339, 0.807695, 0.508875, 0.837487, 0.199152, -0.762933, 0.33161, 0.554949)
    Head.CFrame = CFrame.new(2.38419e-07, -1.75089e-07, -1.78814e-07, 0.748017, 0.603643, -0.275838, -0.430339, 0.757554, 0.490836, 0.505252, -0.24845, 0.826434)
    Left Arm.CFrame = CFrame.new(1.27302, -0.222729, 0.147243, 0.414412, 0.445113, -0.793812, -0.510908, 0.835607, 0.201827, 0.753151, 0.321925, 0.573697)
    Right Leg.CFrame = CFrame.new(0.406027, -0.0281639, 0.161994, 0.977653, -0.209421, -0.018358, 0.142459, 0.724198, -0.674717, 0.154595, 0.657023, 0.737849)

[7]
    Time: 0.100000
    HumanoidRootPart.CFrame = CFrame.new(0, 0, 0, 1, 0, 0, 0, 1, 0, 0, 0, 1)
    Torso.CFrame = CFrame.new(-0.231678, -0.454623, -0.732535, 0.878744, -0.196006, 0.435189, 0.392528, 0.815497, -0.425308, -0.271532, 0.544561, 0.793551)
    Left Leg.CFrame = CFrame.new(-0.663474, 1.06571, -0.422961, 0.983719, 0.178183, 0.0233964, -0.143922, 0.703139, 0.696335, 0.107624, -0.688365, 0.717336)
    Right Arm.CFrame = CFrame.new(-1.27894, -0.200148, 0.14899, 0.4116, -0.418676, 0.809503, 0.49424, 0.848818, 0.187709, -0.765711, 0.322828, 0.5563)
    Head.CFrame = CFrame.new(1.19209e-07, -4.47035e-08, -4.76837e-07, 0.753027, 0.601863, -0.265915, -0.431644, 0.756874, 0.490739, 0.496622, -0.254759, 0.829738)
    Left Arm.CFrame = CFrame.new(1.27791, -0.199964, 0.14988, 0.426388, 0.429033, -0.796319, -0.496271, 0.846986, 0.190603, 0.756246, 0.313919, 0.574061)
    Right Leg.CFrame = CFrame.new(0.391612, -0.0690198, 0.127066, 0.98134, -0.188709, -0.036894, 0.117181, 0.739068, -0.66336, 0.152449, 0.646659, 0.74739)

[8]
    Time: 0.116667
    HumanoidRootPart.CFrame = CFrame.new(0, 0, 0, 1, 0, 0, 0, 1, 0, 0, 0, 1)
    Torso.CFrame = CFrame.new(-0.227546, -0.452851, -0.680544, 0.882022, -0.200576, 0.426389, 0.379653, 0.838477, -0.39092, -0.279108, 0.50668, 0.815705)
    Left Leg.CFrame = CFrame.new(-0.719041, 1.00927, -0.381696, 0.992162, 0.124461, -0.0111361, -0.0827126, 0.720922, 0.688063, 0.0936651, -0.681749, 0.725566)
    Right Arm.CFrame = CFrame.new(-1.2831, -0.176335, 0.151831, 0.424504, -0.402649, 0.810969, 0.478948, 0.859964, 0.176269, -0.768378, 0.313585, 0.557906)
    Head.CFrame = CFrame.new(1.49012e-08, 1.15484e-07, -2.38419e-07, 0.751071, 0.610381, -0.25165, -0.443804, 0.748958, 0.492036, 0.488804, -0.257871, 0.83341)
    Left Arm.CFrame = CFrame.new(1.28216, -0.176167, 0.152601, 0.437646, 0.412037, -0.799181, -0.480867, 0.85829, 0.179181, 0.759759, 0.305882, 0.573762)
    Right Leg.CFrame = CFrame.new(0.37009, -0.113807, 0.0965465, 0.985619, -0.155978, -0.0650093, 0.0759839, 0.752701, -0.653962, 0.150937, 0.639618, 0.753729)

[9]
    Time: 0.133333
    HumanoidRootPart.CFrame = CFrame.new(0, 0, 0, 1, 0, 0, 0, 1, 0, 0, 0, 1)
    Torso.CFrame = CFrame.new(-0.220168, -0.45465, -0.643213, 0.879593, -0.220734, 0.421418, 0.381942, 0.855777, -0.34895, -0.283615, 0.467891, 0.837043)
    Left Leg.CFrame = CFrame.new(-0.769135, 0.954136, -0.360902, 0.995517, 0.0756695, -0.0567414, -0.0165594, 0.730108, 0.683131, 0.0931195, -0.679129, 0.728088)
    Right Arm.CFrame = CFrame.new(-1.2866, -0.152462, 0.154677, 0.436944, -0.386799, 0.812075, 0.463582, 0.870517, 0.165201, -0.770825, 0.30428, 0.559681)
    Head.CFrame = CFrame.new(1.04308e-07, -1.15484e-07, 2.38419e-07, 0.738848, 0.632389, -0.232781, -0.470513, 0.731417, 0.493606, 0.482411, -0.255174, 0.837954)
    Left Arm.CFrame = CFrame.new(1.2858, -0.15232, 0.155303, 0.447935, 0.394801, -0.802176, -0.465285, 0.869088, 0.167917, 0.763455, 0.298025, 0.57299)
    Right Leg.CFrame = CFrame.new(0.344413, -0.156724, 0.0765963, 0.988086, -0.111269, -0.106323, 0.0161431, 0.761979, -0.647401, 0.153052, 0.637971, 0.754697)

[10]
    Time: 0.150000
    HumanoidRootPart.CFrame = CFrame.new(0, 0, 0, 1, 0, 0, 0, 1, 0, 0, 0, 1)
    Torso.CFrame = CFrame.new(-0.209527, -0.459662, -0.621494, 0.871544, -0.253618, 0.41963, 0.399698, 0.863194, -0.308443, -0.283995, 0.436547, 0.853682)
    Left Leg.CFrame = CFrame.new(-0.808511, 0.909123, -0.362345, 0.993107, 0.043914, -0.108677, 0.04204, 0.732037, 0.679967, 0.109416, -0.679848, 0.725145)
    Right Arm.CFrame = CFrame.new(-1.28948, -0.129521, 0.157412, 0.448475, -0.371701, 0.81284, 0.448762, 0.880129, 0.154873, -0.77297, 0.295315, 0.561521)
    Head.CFrame = CFrame.new(-2.98023e-08, 2.04891e-07, 5.96046e-07, 0.71683, 0.665265, -0.208752, -0.507436, 0.703088, 0.498172, 0.478188, -0.251177, 0.841574)
    Left Arm.CFrame = CFrame.new(1.28885, -0.129408, 0.157884, 0.457035, 0.378044, -0.80511, -0.450164, 0.879, 0.157195, 0.767119, 0.290588, 0.571916)
    Right Leg.CFrame = CFrame.new(0.316603, -0.192271, 0.0677843, 0.98536, -0.0670354, -0.156755, -0.0500358, 0.765253, -0.641783, 0.162979, 0.64023, 0.750695)

[11]
    Time: 0.166667
    HumanoidRootPart.CFrame = CFrame.new(0, 0, 0, 1, 0, 0, 0, 1, 0, 0, 0, 1)
    Torso.CFrame = CFrame.new(-0.196778, -0.467304, -0.61446, 0.858877, -0.291548, 0.421105, 0.429402, 0.85804, -0.281745, -0.279183, 0.422808, 0.862143)
    Left Leg.CFrame = CFrame.new(-0.829062, 0.88497, -0.383505, 0.986842, 0.0420495, -0.156122, 0.0762683, 0.73035, 0.678802, 0.142567, -0.681777, 0.717533)
    Right Arm.CFrame = CFrame.new(-1.29178, -0.108505, 0.159914, 0.458693, -0.357957, 0.813306, 0.435135, 0.888507, 0.145645, -0.774763, 0.287092, 0.563312)
    Head.CFrame = CFrame.new(-1.49012e-08, 2.23517e-08, 2.38419e-07, 0.687596, 0.703332, -0.18038, -0.545855, 0.664527, 0.51034, 0.478806, -0.252446, 0.840842)
    Left Arm.CFrame = CFrame.new(1.29132, -0.108424, 0.16024, 0.464767, 0.362527, -0.807815, -0.436181, 0.8877, 0.147426, 0.770544, 0.283835, 0.570701)
    Right Leg.CFrame = CFrame.new(0.291107, -0.214866, 0.0697396, 0.977714, -0.0399849, -0.206099, -0.103103, 0.763707, -0.637277, 0.182881, 0.644324, 0.742564)

[12]
    Time: 0.183333
    HumanoidRootPart.CFrame = CFrame.new(0, 0, 0, 1, 0, 0, 0, 1, 0, 0, 0, 1)
    Torso.CFrame = CFrame.new(-0.183243, -0.476997, -0.615216, 0.841164, -0.329335, 0.42893, 0.466058, 0.843786, -0.266112, -0.274285, 0.423751, 0.863251)
    Left Leg.CFrame = CFrame.new(-0.832688, 0.877689, -0.417766, 0.979039, 0.0635279, -0.19351, 0.0884227, 0.723325, 0.684823, 0.183476, -0.68758, 0.702546)
    Right Arm.CFrame = CFrame.new(-1.29352, -0.0904141, 0.162066, 0.467234, -0.346186, 0.81354, 0.423369, 0.895405, 0.137871, -0.776177, 0.28001, 0.564928)
    Head.CFrame = CFrame.new(0, 2.16067e-07, -1.78814e-07, 0.652992, 0.741219, -0.155549, -0.581494, 0.62226, 0.524077, 0.485248, -0.251767, 0.837345)
    Left Arm.CFrame = CFrame.new(1.29323, -0.090364, 0.162262, 0.470988, 0.349046, -0.810147, -0.424043, 0.894905, 0.139041, 0.773536, 0.27805, 0.5695)
    Right Leg.CFrame = CFrame.new(0.263368, -0.233902, 0.0719405, 0.967752, -0.0328914, -0.249748, -0.138973, 0.757199, -0.638229, 0.210101, 0.652356, 0.72821)

[13]
    Time: 0.200000
    HumanoidRootPart.CFrame = CFrame.new(0, 0, 0, 1, 0, 0, 0, 1, 0, 0, 0, 1)
    Torso.CFrame = CFrame.new(-0.170908, -0.488158, -0.620505, 0.82041, -0.363216, 0.441591, 0.501886, 0.827462, -0.251829, -0.273931, 0.428231, 0.861151)
    Left Leg.CFrame = CFrame.new(-0.830745, 0.876307, -0.456595, 0.971459, 0.0867608, -0.220772, 0.0952663, 0.709652, 0.698082, 0.217238, -0.69919, 0.681132)
    Right Arm.CFrame = CFrame.new(-1.29472, -0.0762506, 0.163749, 0.473759, -0.337013, 0.813619, 0.414141, 0.900606, 0.131896, -0.7772, 0.274466, 0.56624)
    Head.CFrame = CFrame.new(-8.9407e-08, 0, 1.19209e-07, 0.617559, 0.773956, -0.140049, -0.612624, 0.585, 0.531476, 0.493268, -0.242421, 0.835416)
    Left Arm.CFrame = CFrame.new(1.29458, -0.0762262, 0.163843, 0.475577, 0.338412, -0.811975, -0.414478, 0.900364, 0.132489, 0.775909, 0.273537, 0.568457)
    Right Leg.CFrame = CFrame.new(0.234426, -0.255836, 0.067662, 0.957475, -0.0321374, -0.286722, -0.168008, 0.7458, -0.644636, 0.234554, 0.665394, 0.708685)

[14]
    Time: 0.216667
    HumanoidRootPart.CFrame = CFrame.new(0, 0, 0, 1, 0, 0, 0, 1, 0, 0, 0, 1)
    Torso.CFrame = CFrame.new(-0.161928, -0.500207, -0.634865, 0.802269, -0.387751, 0.453888, 0.52955, 0.813248, -0.241256, -0.275576, 0.433908, 0.857777)
    Left Leg.CFrame = CFrame.new(-0.827906, 0.882014, -0.494254, 0.966582, 0.102197, -0.235105, 0.10008, 0.6939, 0.713083, 0.236014, -0.712783, 0.660483)
    Right Arm.CFrame = CFrame.new(-1.29542, -0.0670191, 0.164846, 0.477932, -0.331064, 0.81362, 0.408123, 0.9039, 0.128061, -0.777828, 0.270853, 0.567118)
    Head.CFrame = CFrame.new(-4.47035e-08, 2.98023e-08, -5.96046e-08, 0.589102, 0.797237, -0.1318, -0.634965, 0.557593, 0.534706, 0.499778, -0.231308, 0.834697)
    Left Arm.CFrame = CFrame.new(1.29538, -0.0670126, 0.164871, 0.478425, 0.331445, -0.813175, -0.408216, 0.903835, 0.128227, 0.777476, 0.270605, 0.567718)
    Right Leg.CFrame = CFrame.new(0.220326, -0.27205, 0.0662565, 0.949916, -0.0278018, -0.311265, -0.19258, 0.73235, -0.653129, 0.246113, 0.680361, 0.690317)

[15]
    Time: 0.233333
    HumanoidRootPart.CFrame = CFrame.new(0, 0, 0, 1, 0, 0, 0, 1, 0, 0, 0, 1)
    Torso.CFrame = CFrame.new(-0.158456, -0.512563, -0.662827, 0.79317, -0.39799, 0.460961, 0.542332, 0.805945, -0.237337, -0.277052, 0.438243, 0.855094)
    Left Leg.CFrame = CFrame.new(-0.828915, 0.897, -0.525556, 0.966984, 0.100185, -0.234319, 0.105046, 0.681031, 0.724681, 0.232181, -0.725369, 0.648022)
    Right Arm.CFrame = CFrame.new(-1.29565, -0.0637197, 0.165237, 0.479407, -0.328949, 0.81361, 0.405975, 0.905058, 0.126707, -0.778044, 0.269561, 0.567436)
    Head.CFrame = CFrame.new(4.47035e-08, -3.72529e-08, 1.19209e-07, 0.576047, 0.807298, -0.128219, -0.644878, 0.545219, 0.535601, 0.502297, -0.225845, 0.834681)
    Left Arm.CFrame = CFrame.new(1.29565, -0.0637198, 0.165237, 0.479407, 0.328949, -0.81361, -0.405975, 0.905058, 0.126707, 0.778044, 0.269561, 0.567436)
    Right Leg.CFrame = CFrame.new(0.236482, -0.275467, 0.078109, 0.948155, -0.00975856, -0.317658, -0.214028, 0.719276, -0.660934, 0.234934, 0.694656, 0.679897)

[16]
    Time: 0.250000
    HumanoidRootPart.CFrame = CFrame.new(0, 0, 0, 1, 0, 0, 0, 1, 0, 0, 0, 1)
    Torso.CFrame = CFrame.new(-0.15886, -0.524317, -0.721326, 0.794639, -0.39629, 0.459894, 0.545631, 0.798331, -0.254861, -0.266149, 0.453455, 0.850614)
    Left Leg.CFrame = CFrame.new(-0.817733, 0.943144, -0.560697, 0.970824, 0.102187, -0.216928, 0.0914551, 0.678485, 0.7289, 0.221667, -0.727473, 0.649344)
    Right Arm.CFrame = CFrame.new(-1.2913, -0.0804021, 0.163262, 0.471186, -0.34174, 0.81314, 0.417869, 0.898359, 0.135415, -0.776768, 0.27598, 0.566097)
    Head.CFrame = CFrame.new(2.98023e-08, -2.38419e-07, 0, 0.579686, 0.805842, -0.120758, -0.641519, 0.54272, 0.542133, 0.502412, -0.236798, 0.83157)
    Left Arm.CFrame = CFrame.new(1.2913, -0.0804017, 0.163262, 0.471186, 0.34174, -0.81314, -0.417869, 0.898359, 0.135414, 0.776768, 0.27598, 0.566097)
    Right Leg.CFrame = CFrame.new(0.299095, -0.24415, 0.128287, 0.95276, 0.0177811, -0.303203, -0.22532, 0.710787, -0.666343, 0.203664, 0.703183, 0.681216)

[17]
    Time: 0.266667
    HumanoidRootPart.CFrame = CFrame.new(0, 0, 0, 1, 0, 0, 0, 1, 0, 0, 0, 1)
    Torso.CFrame = CFrame.new(-0.161687, -0.533242, -0.800881, 0.802124, -0.385956, 0.45567, 0.546001, 0.78303, -0.297904, -0.241826, 0.487752, 0.838819)
    Left Leg.CFrame = CFrame.new(-0.769193, 1.0215, -0.596597, 0.973892, 0.135255, -0.182318, 0.0413327, 0.684051, 0.728262, 0.223216, -0.716785, 0.660602)
    Right Arm.CFrame = CFrame.new(-1.28048, -0.122004, 0.158324, 0.449851, -0.373228, 0.811378, 0.44705, 0.880586, 0.157205, -0.773162, 0.292008, 0.562985)
    Head.CFrame = CFrame.new(7.45058e-08, -1.93715e-07, 1.19209e-07, 0.593926, 0.796815, -0.111075, -0.626074, 0.544471, 0.558196, 0.505256, -0.261985, 0.822241)
    Left Arm.CFrame = CFrame.new(1.28048, -0.122004, 0.158324, 0.449852, 0.373227, -0.811378, -0.44705, 0.880586, 0.157205, 0.773162, 0.292008, 0.562985)
    Right Leg.CFrame = CFrame.new(0.367677, -0.171432, 0.20039, 0.963079, 0.02153, -0.268356, -0.203147, 0.712225, -0.671913, 0.176664, 0.701621, 0.690303)

[18]
    Time: 0.283333
    HumanoidRootPart.CFrame = CFrame.new(0, 0, 0, 1, 0, 0, 0, 1, 0, 0, 0, 1)
    Torso.CFrame = CFrame.new(-0.169361, -0.536784, -0.866398, 0.813146, -0.3632, 0.45484, 0.539028, 0.764759, -0.352976, -0.219642, 0.532193, 0.817636)
    Left Leg.CFrame = CFrame.new(-0.690563, 1.09759, -0.612434, 0.972887, 0.190905, -0.130562, -0.0370457, 0.685853, 0.726796, 0.228296, -0.702254, 0.67433)
    Right Arm.CFrame = CFrame.new(-1.26652, -0.175873, 0.151915, 0.420513, -0.413005, 0.807833, 0.483706, 0.855346, 0.185506, -0.767592, 0.312746, 0.559458)
    Head.CFrame = CFrame.new(-1.49012e-08, -4.47035e-08, 0, 0.61617, 0.779638, -0.111798, -0.597449, 0.55516, 0.578664, 0.513214, -0.289761, 0.807867)
    Left Arm.CFrame = CFrame.new(1.26652, -0.175873, 0.151914, 0.420513, 0.413005, -0.807834, -0.483706, 0.855346, 0.185505, 0.767592, 0.312746, 0.559457)
    Right Leg.CFrame = CFrame.new(0.403988, -0.0850269, 0.253063, 0.976769, -0.0162305, -0.21368, -0.136672, 0.720828, -0.679505, 0.165055, 0.692924, 0.701864)

[19]
    Time: 0.300000
    HumanoidRootPart.CFrame = CFrame.new(0, 0, 0, 1, 0, 0, 0, 1, 0, 0, 0, 1)
    Torso.CFrame = CFrame.new(-0.184218, -0.536533, -0.899331, 0.826811, -0.328421, 0.456643, 0.522893, 0.74796, -0.408827, -0.207284, 0.576798, 0.79015)
    Left Leg.CFrame = CFrame.new(-0.611097, 1.14667, -0.601777, 0.966123, 0.248816, -0.0685408, -0.123714, 0.679561, 0.723112, 0.226499, -0.690136, 0.687322)
    Right Arm.CFrame = CFrame.new(-1.25271, -0.22951, 0.145524, 0.389477, -0.451317, 0.802883, 0.518766, 0.827786, 0.213663, -0.761045, 0.333292, 0.556531)
    Head.CFrame = CFrame.new(1.49012e-07, -1.2666e-07, -2.98023e-07, 0.64452, 0.753978, -0.126929, -0.557907, 0.577286, 0.596222, 0.522812, -0.313463, 0.792722)
    Left Arm.CFrame = CFrame.new(1.25271, -0.229509, 0.145524, 0.389477, 0.451317, -0.802883, -0.518766, 0.827786, 0.213663, 0.761045, 0.333292, 0.556531)
    Right Leg.CFrame = CFrame.new(0.412325, -0.0147882, 0.271456, 0.985542, -0.0840182, -0.147133, -0.040226, 0.727535, -0.684891, 0.164588, 0.680907, 0.713636)

[20]
    Time: 0.316667
    HumanoidRootPart.CFrame = CFrame.new(0, 0, 0, 1, 0, 0, 0, 1, 0, 0, 0, 1)
    Torso.CFrame = CFrame.new(-0.200386, -0.534773, -0.911465, 0.841331, -0.291466, 0.455202, 0.50099, 0.736632, -0.454292, -0.202906, 0.610262, 0.765774)
    Left Leg.CFrame = CFrame.new(-0.554587, 1.17219, -0.578439, 0.957615, 0.28772, -0.0137849, -0.191863, 0.672805, 0.714508, 0.214853, -0.681579, 0.699492)
    Right Arm.CFrame = CFrame.new(-1.2422, -0.270619, 0.140628, 0.364532, -0.479688, 0.798133, 0.544558, 0.805084, 0.23515, -0.755363, 0.34891, 0.554697)
    Head.CFrame = CFrame.new(1.49012e-08, 7.45058e-08, -2.38419e-07, 0.674512, 0.722708, -0.150755, -0.518065, 0.608835, 0.600773, 0.525968, -0.327127, 0.785077)
    Left Arm.CFrame = CFrame.new(1.2422, -0.270619, 0.140628, 0.364532, 0.479688, -0.798133, -0.544558, 0.805084, 0.23515, 0.755363, 0.34891, 0.554697)
    Right Leg.CFrame = CFrame.new(0.411571, 0.0330576, 0.270316, 0.985209, -0.147142, -0.0878161, 0.0480189, 0.729023, -0.682803, 0.164489, 0.668487, 0.725306)

[21]
    Time: 0.333333
    HumanoidRootPart.CFrame = CFrame.new(0, 0, 0, 1, 0, 0, 0, 1, 0, 0, 0, 1)
    Torso.CFrame = CFrame.new(-0.207974, -0.529998, -0.913198, 0.853316, -0.26203, 0.450768, 0.478374, 0.737338, -0.476961, -0.20739, 0.622634, 0.75453)
    Left Leg.CFrame = CFrame.new(-0.534747, 1.18313, -0.55896, 0.956026, 0.292656, 0.0191508, -0.220206, 0.673155, 0.705955, 0.193711, -0.679128, 0.707998)
    Right Arm.CFrame = CFrame.new(-1.23803, -0.287028, 0.138674, 0.35431, -0.490752, 0.796007, 0.554572, 0.795654, 0.243689, -0.752937, 0.355102, 0.554065)
    Head.CFrame = CFrame.new(1.49012e-08, 1.15484e-07, 1.19209e-07, 0.700076, 0.690667, -0.181307, -0.488965, 0.648713, 0.583167, 0.520391, -0.319609, 0.791861)
    Left Arm.CFrame = CFrame.new(1.23803, -0.287028, 0.138675, 0.354309, 0.490752, -0.796007, -0.554573, 0.795654, 0.243689, 0.752937, 0.355102, 0.554065)
    Right Leg.CFrame = CFrame.new(0.414323, 0.0573806, 0.263237, 0.982855, -0.176859, -0.0521178, 0.0954523, 0.729915, -0.676841, 0.157747, 0.660262, 0.734282)

[22]
    Time: 0.350000
    HumanoidRootPart.CFrame = CFrame.new(0, 0, 0, 1, 0, 0, 0, 1, 0, 0, 0, 1)
    Torso.CFrame = CFrame.new(-0.205577, -0.514576, -0.903823, 0.860803, -0.240969, 0.448277, 0.459874, 0.745603, -0.482278, -0.218022, 0.621297, 0.752633)
    Left Leg.CFrame = CFrame.new(-0.528623, 1.18606, -0.540774, 0.957244, 0.286314, 0.0413325, -0.232842, 0.677793, 0.697411, 0.171663, -0.677216, 0.715479)
    Right Arm.CFrame = CFrame.new(-1.23885, -0.2838, 0.139059, 0.356332, -0.488588, 0.796435, 0.552616, 0.797525, 0.242012, -0.753421, 0.353886, 0.554185)
    Head.CFrame = CFrame.new(1.49012e-08, -2.45869e-07, -2.38419e-07, 0.717398, 0.662904, -0.214241, -0.470686, 0.687926, 0.55246, 0.51361, -0.295493, 0.805536)
    Left Arm.CFrame = CFrame.new(1.23885, -0.2838, 0.139058, 0.356332, 0.488588, -0.796435, -0.552616, 0.797525, 0.242011, 0.753421, 0.353887, 0.554185)
    Right Leg.CFrame = CFrame.new(0.418726, 0.0655895, 0.254086, 0.981422, -0.188658, -0.0349147, 0.116849, 0.732073, -0.67113, 0.152174, 0.654582, 0.740517)

[23]
    Time: 0.366667
    HumanoidRootPart.CFrame = CFrame.new(0, 0, 0, 1, 0, 0, 0, 1, 0, 0, 0, 1)
    Torso.CFrame = CFrame.new(-0.197596, -0.489471, -0.876852, 0.865567, -0.221814, 0.448989, 0.444377, 0.753597, -0.484376, -0.230916, 0.618781, 0.750858)
    Left Leg.CFrame = CFrame.new(-0.514664, 1.17961, -0.511035, 0.954062, 0.291906, 0.0675006, -0.257238, 0.682571, 0.684051, 0.153605, -0.66999, 0.726305)
    Right Arm.CFrame = CFrame.new(-1.24115, -0.274759, 0.140135, 0.361967, -0.482494, 0.797609, 0.5471, 0.802725, 0.237307, -0.754759, 0.350475, 0.554532)
    Head.CFrame = CFrame.new(4.47035e-08, 1.82539e-07, 0, 0.730104, 0.638146, -0.244372, -0.453835, 0.720184, 0.524756, 0.510864, -0.272221, 0.815422)
    Left Arm.CFrame = CFrame.new(1.24115, -0.274759, 0.140135, 0.361967, 0.482494, -0.797609, -0.5471, 0.802725, 0.237307, 0.754759, 0.350475, 0.554532)
    Right Leg.CFrame = CFrame.new(0.41899, 0.0634561, 0.236681, 0.977606, -0.209276, -0.0221323, 0.142144, 0.734212, -0.663873, 0.155183, 0.64586, 0.747518)

[24]
    Time: 0.383333
    HumanoidRootPart.CFrame = CFrame.new(0, 0, 0, 1, 0, 0, 0, 1, 0, 0, 0, 1)
    Torso.CFrame = CFrame.new(-0.182844, -0.466062, -0.834011, 0.870323, -0.202949, 0.448719, 0.427584, 0.763475, -0.484022, -0.244354, 0.613121, 0.751248)
    Left Leg.CFrame = CFrame.new(-0.505901, 1.16068, -0.468465, 0.950935, 0.295843, 0.0905497, -0.278888, 0.692936, 0.664876, 0.133954, -0.657507, 0.741445)
    Right Arm.CFrame = CFrame.new(-1.24469, -0.260862, 0.141789, 0.370539, -0.473038, 0.799335, 0.538526, 0.810593, 0.230061, -0.756763, 0.345216, 0.5551)
    Head.CFrame = CFrame.new(-4.47035e-08, 0, 1.19209e-07, 0.743793, 0.612193, -0.268312, -0.434843, 0.748046, 0.501337, 0.507625, -0.256217, 0.822599)
    Left Arm.CFrame = CFrame.new(1.24469, -0.260862, 0.141789, 0.370539, 0.473038, -0.799335, -0.538526, 0.810593, 0.230061, 0.756763, 0.345216, 0.5551)
    Right Leg.CFrame = CFrame.new(0.417511, 0.0525309, 0.210247, 0.973151, -0.229756, -0.0137426, 0.165612, 0.740429, -0.651412, 0.159841, 0.631647, 0.7586)

[25]
    Time: 0.400000
    HumanoidRootPart.CFrame = CFrame.new(0, 0, 0, 1, 0, 0, 0, 1, 0, 0, 0, 1)
    Torso.CFrame = CFrame.new(-0.160138, -0.45573, -0.777031, 0.877581, -0.182599, 0.443293, 0.405047, 0.77706, -0.481783, -0.256492, 0.602358, 0.755895)
    Left Leg.CFrame = CFrame.new(-0.512499, 1.12588, -0.411738, 0.952656, 0.28518, 0.105448, -0.284593, 0.714272, 0.639392, 0.107023, -0.639131, 0.761616)
    Right Arm.CFrame = CFrame.new(-1.24924, -0.243067, 0.143909, 0.381357, -0.460773, 0.801408, 0.52738, 0.820448, 0.220762, -0.759234, 0.338457, 0.555887)
    Head.CFrame = CFrame.new(5.96046e-08, -1.52737e-07, 2.38419e-07, 0.763499, 0.580756, -0.282475, -0.409579, 0.773621, 0.483482, 0.499313, -0.253442, 0.828525)
    Left Arm.CFrame = CFrame.new(1.24924, -0.243067, 0.143909, 0.381358, 0.460774, -0.801408, -0.52738, 0.820448, 0.220762, 0.759234, 0.338458, 0.555887)
    Right Leg.CFrame = CFrame.new(0.413733, 0.0340726, 0.174785, 0.970058, -0.242716, -0.00878344, 0.183145, 0.754768, -0.629907, 0.159518, 0.609438, 0.776621)

[26]
    Time: 0.416667
    HumanoidRootPart.CFrame = CFrame.new(0, 0, 0, 1, 0, 0, 0, 1, 0, 0, 0, 1)
    Torso.CFrame = CFrame.new(-0.128957, -0.456564, -0.709025, 0.893311, -0.164004, 0.418448, 0.368889, 0.799412, -0.474196, -0.256742, 0.577965, 0.774622)
    Left Leg.CFrame = CFrame.new(-0.547744, 1.0694, -0.333201, 0.964427, 0.246085, 0.0965522, -0.253995, 0.761411, 0.596439, 0.0732589, -0.599746, 0.79683)
    Right Arm.CFrame = CFrame.new(-1.25456, -0.22233, 0.14638, 0.393733, -0.44627, 0.803628, 0.514162, 0.831612, 0.209899, -0.761979, 0.330551, 0.556888)
    Head.CFrame = CFrame.new(-2.98023e-08, 3.72529e-08, 2.38419e-07, 0.796547, 0.539192, -0.273467, -0.379638, 0.79812, 0.467846, 0.470519, -0.268843, 0.840438)
    Left Arm.CFrame = CFrame.new(1.25456, -0.22233, 0.14638, 0.393733, 0.44627, -0.803628, -0.514162, 0.831612, 0.209899, 0.761979, 0.330551, 0.556888)
    Right Leg.CFrame = CFrame.new(0.41001, 0.0279987, 0.145494, 0.972614, -0.231994, -0.0141802, 0.179919, 0.790109, -0.585967, 0.147145, 0.567368, 0.810211)

[27]
    Time: 0.433333
    HumanoidRootPart.CFrame = CFrame.new(0, 0, 0, 1, 0, 0, 0, 1, 0, 0, 0, 1)
    Torso.CFrame = CFrame.new(-0.0914382, -0.458921, -0.638652, 0.918904, -0.144382, 0.367109, 0.314486, 0.829928, -0.46078, -0.238146, 0.538863, 0.80803)
    Left Leg.CFrame = CFrame.new(-0.601347, 0.984038, -0.233205, 0.981246, 0.180474, 0.0677186, -0.188933, 0.8308, 0.523522, 0.0382216, -0.526499, 0.849316)
    Right Arm.CFrame = CFrame.new(-1.2604, -0.19961, 0.149087, 0.406996, -0.430131, 0.805818, 0.499409, 0.843443, 0.197977, -0.764817, 0.321857, 0.558089)
    Head.CFrame = CFrame.new(0, 4.09782e-08, 2.38419e-07, 0.8423, 0.484072, -0.237076, -0.344583, 0.82181, 0.453752, 0.41448, -0.300502, 0.859013)
    Left Arm.CFrame = CFrame.new(1.2604, -0.19961, 0.149087, 0.406996, 0.430131, -0.805818, -0.499409, 0.843443, 0.197977, 0.764817, 0.321857, 0.558089)
    Right Leg.CFrame = CFrame.new(0.41646, 0.0534177, 0.132862, 0.980913, -0.192752, -0.0256145, 0.153016, 0.846467, -0.509981, 0.119982, 0.496327, 0.859805)

[28]
    Time: 0.450000
    HumanoidRootPart.CFrame = CFrame.new(0, 0, 0, 1, 0, 0, 0, 1, 0, 0, 0, 1)
    Torso.CFrame = CFrame.new(-0.050386, -0.462584, -0.575951, 0.948543, -0.113115, 0.295756, 0.241902, 0.861564, -0.446308, -0.204329, 0.494886, 0.844593)
    Left Leg.CFrame = CFrame.new(-0.646267, 0.868008, -0.124203, 0.993786, 0.102902, 0.0424237, -0.11119, 0.900597, 0.420193, 0.0050319, -0.422299, 0.906442)
    Right Arm.CFrame = CFrame.new(-1.26652, -0.175873, 0.151915, 0.420513, -0.413005, 0.807834, 0.483706, 0.855346, 0.185505, -0.767592, 0.312746, 0.559457)
    Head.CFrame = CFrame.new(-1.49012e-08, 4.28408e-08, 0, 0.89248, 0.411871, -0.183959, -0.297385, 0.84387, 0.446594, 0.339176, -0.34387, 0.875621)
    Left Arm.CFrame = CFrame.new(1.26652, -0.175873, 0.151914, 0.420513, 0.413005, -0.807834, -0.483706, 0.855346, 0.185505, 0.767592, 0.312746, 0.559457)
    Right Leg.CFrame = CFrame.new(0.439761, 0.109395, 0.127308, 0.989918, -0.139193, -0.0262063, 0.116814, 0.906957, -0.404702, 0.0800996, 0.397561, 0.914073)

[29]
    Time: 0.466667
    HumanoidRootPart.CFrame = CFrame.new(0, 0, 0, 1, 0, 0, 0, 1, 0, 0, 0, 1)
    Torso.CFrame = CFrame.new(-0.00860358, -0.467334, -0.530967, 0.975513, -0.061431, 0.211189, 0.150331, 0.887128, -0.436354, -0.160546, 0.457418, 0.874639)
    Left Leg.CFrame = CFrame.new(-0.661899, 0.733673, -0.0193037, 0.998704, 0.031448, 0.0400271, -0.0418076, 0.955335, 0.292553, -0.0290391, -0.293847, 0.955411)
    Right Arm.CFrame = CFrame.new(-1.27267, -0.152091, 0.154746, 0.433699, -0.395593, 0.809575, 0.467691, 0.866795, 0.173006, -0.770176, 0.303598, 0.560943)
    Head.CFrame = CFrame.new(-4.47035e-08, -6.23986e-08, -1.19209e-07, 0.938926, 0.320349, -0.125677, -0.233267, 0.861002, 0.451955, 0.252991, -0.395036, 0.883143)
    Left Arm.CFrame = CFrame.new(1.27267, -0.152091, 0.154745, 0.433698, 0.395593, -0.809575, -0.467691, 0.866795, 0.173006, 0.770176, 0.303598, 0.560943)
    Right Leg.CFrame = CFrame.new(0.483615, 0.195616, 0.116575, 0.995867, -0.0907709, -0.00304661, 0.0863882, 0.957071, -0.276682, 0.0280305, 0.275276, 0.960957)

[30]
    Time: 0.483333
    HumanoidRootPart.CFrame = CFrame.new(0, 0, 0, 1, 0, 0, 0, 1, 0, 0, 0, 1)
    Torso.CFrame = CFrame.new(0.0311055, -0.472955, -0.513741, 0.992649, 0.0166077, 0.119881, 0.0378147, 0.898386, -0.437576, -0.114966, 0.438893, 0.891154)
    Left Leg.CFrame = CFrame.new(-0.641885, 0.6062, 0.0741556, 0.997206, -0.0165297, 0.0728437, 0.00525813, 0.988322, 0.15229, -0.0745103, -0.151482, 0.985648)
    Right Arm.CFrame = CFrame.new(-1.2786, -0.129242, 0.157463, 0.44602, -0.378641, 0.810985, 0.452053, 0.87734, 0.161004, -0.772473, 0.294797, 0.562477)
    Head.CFrame = CFrame.new(0, 8.14907e-09, 2.38419e-07, 0.974835, 0.210051, -0.0746662, -0.150469, 0.867111, 0.474844, 0.164485, -0.45166, 0.876897)
    Left Arm.CFrame = CFrame.new(1.2786, -0.129242, 0.157463, 0.44602, 0.378641, -0.810985, -0.452053, 0.87734, 0.161004, 0.772473, 0.294797, 0.562477)
    Right Leg.CFrame = CFrame.new(0.545355, 0.31437, 0.0864339, 0.996174, -0.0716015, 0.0500983, 0.0778002, 0.987744, -0.135312, -0.0397957, 0.138692, 0.989536)

[31]
    Time: 0.500000
    HumanoidRootPart.CFrame = CFrame.new(0, 0, 0, 1, 0, 0, 0, 1, 0, 0, 0, 1)
    Torso.CFrame = CFrame.new(0.0664114, -0.479229, -0.514926, 0.99249, 0.119346, 0.0268529, -0.0952787, 0.891842, -0.442199, -0.0767231, 0.436319, 0.896515)
    Left Leg.CFrame = CFrame.new(-0.591697, 0.48527, 0.158096, 0.989296, -0.0411109, 0.140009, 0.039837, 0.999135, 0.0118903, -0.140376, -0.00618551, 0.990079)
    Right Arm.CFrame = CFrame.new(-1.28403, -0.108314, 0.15995, 0.457002, -0.362934, 0.812052, 0.437527, 0.886602, 0.150025, -0.774416, 0.286733, 0.563972)
    Head.CFrame = CFrame.new(-1.49012e-08, 1.95578e-08, 2.38419e-07, 0.995957, 0.0794025, -0.0420194, -0.0473675, 0.861589, 0.505392, 0.0763328, -0.501358, 0.861866)
    Left Arm.CFrame = CFrame.new(1.28403, -0.108314, 0.15995, 0.457002, 0.362934, -0.812052, -0.437527, 0.886602, 0.150025, 0.774416, 0.286733, 0.563972)
    Right Leg.CFrame = CFrame.new(0.603486, 0.442975, 0.02403, 0.987454, -0.0930695, 0.127562, 0.0925298, 0.995658, 0.0101637, -0.127954, 0.00176707, 0.991779)

[32]
    Time: 0.516667
    HumanoidRootPart.CFrame = CFrame.new(0, 0, 0, 1, 0, 0, 0, 1, 0, 0, 0, 1)
    Torso.CFrame = CFrame.new(0.0968773, -0.485937, -0.520817, 0.971529, 0.228435, -0.0628448, -0.23256, 0.868819, -0.437114, -0.0452513, 0.439284, 0.897208)
    Left Leg.CFrame = CFrame.new(-0.520814, 0.359551, 0.223424, 0.974019, -0.0467952, 0.221581, 0.0746607, 0.990071, -0.119102, -0.213808, 0.132551, 0.967841)
    Right Arm.CFrame = CFrame.new(-1.28872, -0.0903004, 0.162088, 0.466217, -0.349287, 0.812798, 0.424875, 0.894268, 0.14059, -0.775965, 0.279792, 0.565326)
    Head.CFrame = CFrame.new(7.45058e-09, 6.70552e-08, -2.38419e-07, 0.997923, -0.0594035, -0.0249241, 0.0635565, 0.844716, 0.531428, -0.0105148, -0.531908, 0.846737)
    Left Arm.CFrame = CFrame.new(1.28872, -0.0903003, 0.162088, 0.466217, 0.349286, -0.812798, -0.424875, 0.894268, 0.14059, 0.775965, 0.279792, 0.565326)
    Right Leg.CFrame = CFrame.new(0.642276, 0.553459, -0.0611184, 0.967637, -0.141705, 0.208803, 0.111275, 0.98226, 0.150943, -0.226488, -0.122823, 0.966239)

[33]
    Time: 0.533333
    HumanoidRootPart.CFrame = CFrame.new(0, 0, 0, 1, 0, 0, 0, 1, 0, 0, 0, 1)
    Torso.CFrame = CFrame.new(0.12254, -0.492864, -0.534916, 0.935415, 0.32288, -0.144038, -0.353132, 0.833441, -0.425058, -0.0171957, 0.44847, 0.893632)
    Left Leg.CFrame = CFrame.new(-0.447242, 0.243924, 0.262594, 0.955167, -0.0330442, 0.294219, 0.10574, 0.966287, -0.234754, -0.276542, 0.255339, 0.926459)
    Right Arm.CFrame = CFrame.new(-1.29239, -0.0761967, 0.16376, 0.473277, -0.338524, 0.813272, 0.414881, 0.90007, 0.133218, -0.777099, 0.274362, 0.566429)
    Head.CFrame = CFrame.new(9.12696e-08, -9.17353e-08, 5.96046e-07, 0.982976, -0.183202, -0.0139776, 0.160155, 0.81706, 0.553862, -0.0900482, -0.546672, 0.832491)
    Left Arm.CFrame = CFrame.new(1.29239, -0.0761968, 0.16376, 0.473277, 0.338524, -0.813272, -0.414881, 0.900071, 0.133218, 0.777099, 0.274362, 0.56643)
    Right Leg.CFrame = CFrame.new(0.661449, 0.646216, -0.150921, 0.940369, -0.202742, 0.273132, 0.124518, 0.952403, 0.27825, -0.316545, -0.227648, 0.920856)

[34]
    Time: 0.550000
    HumanoidRootPart.CFrame = CFrame.new(0, 0, 0, 1, 0, 0, 0, 1, 0, 0, 0, 1)
    Torso.CFrame = CFrame.new(0.143436, -0.49979, -0.560724, 0.898026, 0.384891, -0.213092, -0.439801, 0.797696, -0.412621, 0.0111687, 0.464263, 0.885627)
    Left Leg.CFrame = CFrame.new(-0.393361, 0.15202, 0.278922, 0.941707, -0.00664665, 0.336369, 0.125614, 0.934449, -0.333207, -0.312105, 0.356036, 0.880812)
    Right Arm.CFrame = CFrame.new(-1.29479, -0.067005, 0.164849, 0.477804, -0.331474, 0.813528, 0.408325, 0.903758, 0.12842, -0.777801, 0.270825, 0.567169)
    Head.CFrame = CFrame.new(-1.86265e-08, -1.3411e-07, -5.96046e-08, 0.962262, -0.272123, 0.000773925, 0.222202, 0.78737, 0.575043, -0.157092, -0.55317, 0.818123)
    Left Arm.CFrame = CFrame.new(1.29479, -0.0670047, 0.164849, 0.477804, 0.331475, -0.813528, -0.408326, 0.903758, 0.12842, 0.777801, 0.270825, 0.567168)
    Right Leg.CFrame = CFrame.new(0.666195, 0.728218, -0.231323, 0.917019, -0.257232, 0.304808, 0.12833, 0.913884, 0.385158, -0.377635, -0.314081, 0.87106)

[35]
    Time: 0.566667
    HumanoidRootPart.CFrame = CFrame.new(0, 0, 0, 1, 0, 0, 0, 1, 0, 0, 0, 1)
    Torso.CFrame = CFrame.new(0.159603, -0.506499, -0.601744, 0.876381, 0.400087, -0.268117, -0.479534, 0.776604, -0.408574, 0.0447556, 0.486637, 0.872457)
    Left Leg.CFrame = CFrame.new(-0.378932, 0.0954437, 0.28058, 0.943838, 0.0231091, 0.329599, 0.122917, 0.901396, -0.415183, -0.306694, 0.432379, 0.847931)
    Right Arm.CFrame = CFrame.new(-1.29565, -0.0637205, 0.165237, 0.479407, -0.328949, 0.81361, 0.405975, 0.905058, 0.126707, -0.778044, 0.269561, 0.567436)
    Head.CFrame = CFrame.new(1.63913e-07, -4.84288e-08, -1.78814e-07, 0.950236, -0.310177, 0.0290169, 0.23222, 0.767328, 0.597731, -0.207668, -0.561247, 0.801172)
    Left Arm.CFrame = CFrame.new(1.29565, -0.0637204, 0.165238, 0.479407, 0.328949, -0.81361, -0.405975, 0.905058, 0.126707, 0.778044, 0.269562, 0.567436)
    Right Leg.CFrame = CFrame.new(0.663154, 0.809917, -0.293179, 0.912523, -0.285763, 0.292644, 0.124061, 0.875132, 0.467711, -0.389756, -0.390492, 0.83403)

[36]
    Time: 0.583333
    HumanoidRootPart.CFrame = CFrame.new(0, 0, 0, 1, 0, 0, 0, 1, 0, 0, 0, 1)
    Torso.CFrame = CFrame.new(0.171302, -0.512773, -0.659393, 0.868877, 0.383258, -0.313316, -0.488394, 0.766959, -0.416228, 0.080778, 0.514672, 0.853573)
    Left Leg.CFrame = CFrame.new(-0.394288, 0.0725464, 0.280483, 0.956381, 0.0514416, 0.287556, 0.0989099, 0.869205, -0.484458, -0.274866, 0.491769, 0.826203)
    Right Arm.CFrame = CFrame.new(-1.2913, -0.0804018, 0.163262, 0.471186, -0.34174, 0.81314, 0.417869, 0.898359, 0.135415, -0.776768, 0.27598, 0.566097)
    Head.CFrame = CFrame.new(7.45058e-08, 4.84288e-08, 0, 0.947943, -0.311052, 0.0681993, 0.203771, 0.757093, 0.620716, -0.244708, -0.574506, 0.781064)
    Left Arm.CFrame = CFrame.new(1.2913, -0.0804017, 0.163262, 0.471186, 0.34174, -0.81314, -0.417869, 0.898359, 0.135414, 0.776768, 0.275981, 0.566097)
    Right Leg.CFrame = CFrame.new(0.649556, 0.897678, -0.344673, 0.92216, -0.296082, 0.248911, 0.124923, 0.83698, 0.532784, -0.366081, -0.460218, 0.808816)

[37]
    Time: 0.600000
    HumanoidRootPart.CFrame = CFrame.new(0, 0, 0, 1, 0, 0, 0, 1, 0, 0, 0, 1)
    Torso.CFrame = CFrame.new(0.179696, -0.518393, -0.726752, 0.863424, 0.360123, -0.353286, -0.491774, 0.75701, -0.430226, 0.112507, 0.545205, 0.830719)
    Left Leg.CFrame = CFrame.new(-0.414167, 0.0680765, 0.285205, 0.968221, 0.0788492, 0.237342, 0.0651409, 0.836737, -0.543717, -0.241465, 0.541899, 0.80501)
    Right Arm.CFrame = CFrame.new(-1.28048, -0.122004, 0.158324, 0.449851, -0.373228, 0.811378, 0.44705, 0.880586, 0.157205, -0.773162, 0.292008, 0.562985)
    Head.CFrame = CFrame.new(1.63913e-07, -2.98023e-08, 2.38419e-07, 0.947433, -0.300916, 0.108725, 0.165147, 0.750971, 0.63935, -0.27404, -0.587786, 0.76119)
    Left Arm.CFrame = CFrame.new(1.28048, -0.122003, 0.158324, 0.449851, 0.373227, -0.811378, -0.44705, 0.880587, 0.157205, 0.773162, 0.292008, 0.562985)
    Right Leg.CFrame = CFrame.new(0.618217, 0.983739, -0.397033, 0.931084, -0.308299, 0.195024, 0.140504, 0.796415, 0.588203, -0.336662, -0.520264, 0.784846)

[38]
    Time: 0.616667
    HumanoidRootPart.CFrame = CFrame.new(0, 0, 0, 1, 0, 0, 0, 1, 0, 0, 0, 1)
    Torso.CFrame = CFrame.new(0.186173, -0.523144, -0.794816, 0.859623, 0.333359, -0.387195, -0.491231, 0.74764, -0.446909, 0.140501, 0.574375, 0.806444)
    Left Leg.CFrame = CFrame.new(-0.432433, 0.0737857, 0.290936, 0.977466, 0.104536, 0.183392, 0.0248587, 0.805724, -0.591769, -0.209625, 0.582993, 0.784969)
    Right Arm.CFrame = CFrame.new(-1.26652, -0.175873, 0.151914, 0.420513, -0.413005, 0.807834, 0.483706, 0.855346, 0.185506, -0.767592, 0.312746, 0.559457)
    Head.CFrame = CFrame.new(5.96046e-08, -1.3411e-07, -1.78814e-07, 0.947273, -0.283315, 0.149685, 0.12153, 0.749908, 0.650283, -0.296485, -0.597805, 0.744799)
    Left Arm.CFrame = CFrame.new(1.26652, -0.175872, 0.151915, 0.420513, 0.413005, -0.807834, -0.483706, 0.855346, 0.185505, 0.767592, 0.312746, 0.559457)
    Right Leg.CFrame = CFrame.new(0.572309, 1.05849, -0.446744, 0.937441, -0.320801, 0.135245, 0.167237, 0.755666, 0.633246, -0.305346, -0.571013, 0.762042)

[39]
    Time: 0.633333
    HumanoidRootPart.CFrame = CFrame.new(0, 0, 0, 1, 0, 0, 0, 1, 0, 0, 0, 1)
    Torso.CFrame = CFrame.new(0.192119, -0.526806, -0.854581, 0.856999, 0.305982, -0.414642, -0.488078, 0.740108, -0.462623, 0.165326, 0.598845, 0.783615)
    Left Leg.CFrame = CFrame.new(-0.447073, 0.0812456, 0.293808, 0.983235, 0.126839, 0.130996, -0.0165851, 0.777644, -0.628486, -0.181585, 0.615777, 0.766711)
