[1]
    Time: 0.000000
    HumanoidRootPart.CFrame = CFrame.new(0, 0, 0, 1, 0, 0, 0, 1, 0, 0, 0, 1)
    Torso.CFrame = CFrame.new(0.140432, -0.0263237, -0.368337, 0.995779, 0.0265941, -0.0878423, -0.0288987, 0.999268, -0.0250683, 0.0871113, 0.027501, 0.995819)
    Left Leg.CFrame = CFrame.new(-0.225367, -0.0682874, 0.0306491, 0.942218, 0.334686, 0.0145469, -0.300296, 0.863056, -0.406149, -0.148487, 0.378312, 0.913691)
    Right Leg.CFrame = CFrame.new(0.241883, -0.294204, 0.0590159, 0.546243, 0.801488, -0.243385, -0.831086, 0.554835, -0.038134, 0.104475, 0.223104, 0.96918)
    Left Arm.CFrame = CFrame.new(0.30529, -0.123098, -0.0594593, 0.734169, 0.637857, -0.232667, -0.678961, 0.688282, -0.2555, -0.00283225, 0.345552, 0.938395)
    Right Arm.CFrame = CFrame.new(-0.300629, -0.0199462, 0.274525, 0.60107, -0.175345, 0.779724, 0.401601, 0.909777, -0.104992, -0.690965, 0.376245, 0.617258)
    Head.CFrame = CFrame.new(7.66013e-08, 5.58794e-09, 0.0182947, 0.998582, -0.0523357, 0.00975733, 0.0504653, 0.988921, 0.139599, -0.0169552, -0.138908, 0.99016)

[2]
    Time: 0.033333
    HumanoidRootPart.CFrame = CFrame.new(0, 0, 0, 1, 0, 0, 0, 1, 0, 0, 0, 1)
    Torso.CFrame = CFrame.new(0.145224, -0.00673835, -0.314408, 0.994735, 0.0901306, -0.048783, -0.0923072, 0.994742, -0.0443694, 0.0445275, 0.0486388, 0.997823)
    Left Leg.CFrame = CFrame.new(-0.366946, 0.0520114, 0.0628673, 0.983592, 0.178624, 0.0252925, -0.160702, 0.931225, -0.327102, -0.0819811, 0.31767, 0.944651)
    Right Leg.CFrame = CFrame.new(0.521762, -0.383744, 0.0951869, 0.443463, 0.873836, -0.199378, -0.894484, 0.445603, -0.0365502, 0.0569046, 0.194549, 0.979241)
    Left Arm.CFrame = CFrame.new(0.271423, -0.204759, -0.0434923, 0.552335, 0.771867, -0.314877, -0.833405, 0.519922, -0.187398, 0.0190657, 0.365926, 0.930448)
    Right Arm.CFrame = CFrame.new(-0.233199, 0.0255976, 0.197628, 0.671204, -0.0327482, 0.740549, 0.164197, 0.980775, -0.105451, -0.722859, 0.192375, 0.663677)
    Head.CFrame = CFrame.new(8.33534e-08, 1.95578e-08, 0.0182946, 0.993484, 0.0601031, -0.0968312, -0.0438753, 0.985854, 0.161761, 0.105184, -0.156458, 0.982068)

[3]
    Time: 0.066667
    HumanoidRootPart.CFrame = CFrame.new(0, 0, 0, 1, 0, 0, 0, 1, 0, 0, 0, 1)
    Torso.CFrame = CFrame.new(0.126997, -0.00284135, -0.193885, 0.987632, 0.156093, -0.0147497, -0.156703, 0.98582, -0.0600297, 0.00517032, 0.0615986, 0.998088)
    Left Leg.CFrame = CFrame.new(-0.363338, 0.0467166, 0.0524033, 0.995309, 0.0770674, 0.058482, -0.0604403, 0.96735, -0.246133, -0.0755414, 0.241444, 0.96747)
    Right Leg.CFrame = CFrame.new(0.941684, -0.352132, 0.0526565, 0.344394, 0.935038, -0.0842407, -0.938391, 0.340115, -0.0611943, -0.0285674, 0.100126, 0.994565)
    Left Arm.CFrame = CFrame.new(0.217084, -0.284488, -0.0411522, 0.346602, 0.877186, -0.332284, -0.937926, 0.328894, -0.110106, 0.0127026, 0.349821, 0.936731)
    Right Arm.CFrame = CFrame.new(-0.219061, 0.0551835, 0.172117, 0.715002, 0.0728462, 0.695317, -0.0202462, 0.996297, -0.0835596, -0.698829, 0.0456676, 0.713829)
    Head.CFrame = CFrame.new(7.72998e-08, 1.86265e-08, 0.0182943, 0.961144, 0.181108, -0.208334, -0.135239, 0.966852, 0.216579, 0.240652, -0.179989, 0.953777)

[4]
    Time: 0.100000
    HumanoidRootPart.CFrame = CFrame.new(0, 0, 0, 1, 0, 0, 0, 1, 0, 0, 0, 1)
    Torso.CFrame = CFrame.new(0.0705982, -0.0170216, 0.00521994, 0.97016, 0.240759, -0.0287116, -0.241976, 0.968906, -0.051667, 0.0153796, 0.0570728, 0.998252)
    Left Leg.CFrame = CFrame.new(-0.151485, -0.0673887, 0.0191425, 0.991331, 0.0686478, 0.112028, -0.0422459, 0.973913, -0.222956, -0.124411, 0.216291, 0.96837)
    Right Leg.CFrame = CFrame.new(1.20668, -0.00974929, -0.0712354, 0.432497, 0.90017, 0.0513941, -0.900192, 0.434326, -0.0318532, -0.050995, -0.0324881, 0.99817)
    Left Arm.CFrame = CFrame.new(0.105649, -0.405089, -0.0851125, -0.00357319, 0.967323, -0.253523, -0.998894, -0.0153365, -0.0444379, -0.046874, 0.253084, 0.966308)
    Right Arm.CFrame = CFrame.new(-0.252337, 0.113087, 0.208634, 0.716296, 0.159977, 0.679211, -0.182579, 0.982423, -0.0388465, -0.673488, -0.096184, 0.732914)
    Head.CFrame = CFrame.new(8.00937e-08, 3.44589e-08, 0.0182941, 0.923104, 0.262444, -0.281074, -0.18573, 0.944284, 0.271719, 0.336725, -0.198621, 0.920416)

[5]
    Time: 0.133333
    HumanoidRootPart.CFrame = CFrame.new(0, 0, 0, 1, 0, 0, 0, 1, 0, 0, 0, 1)
    Torso.CFrame = CFrame.new(-0.00400372, -0.0281559, 0.235551, 0.947182, 0.314291, -0.0637827, -0.316304, 0.948351, -0.0241261, 0.0529057, 0.0430265, 0.997672)
    Left Leg.CFrame = CFrame.new(0.0878936, -0.118227, -0.0207218, 0.981528, 0.0839655, 0.171911, -0.0426237, 0.971935, -0.231357, -0.186512, 0.219755, 0.95756)
    Right Leg.CFrame = CFrame.new(1.09921, 0.733187, -0.219623, 0.743115, 0.645321, 0.177033, -0.659035, 0.751647, 0.026468, -0.115986, -0.13634, 0.983849)
    Left Arm.CFrame = CFrame.new(-0.110733, -0.502437, -0.12125, -0.423949, 0.890776, -0.163661, -0.90431, -0.426295, 0.0222897, -0.0499127, 0.15745, 0.986265)
    Right Arm.CFrame = CFrame.new(-0.304233, 0.219596, 0.264273, 0.686263, 0.240116, 0.686576, -0.33996, 0.940376, 0.0109267, -0.643017, -0.240907, 0.726976)
    Head.CFrame = CFrame.new(7.26432e-08, 7.45058e-09, 0.0182939, 0.893879, 0.315712, -0.318286, -0.212899, 0.92375, 0.318372, 0.39453, -0.216823, 0.892935)

[6]
    Time: 0.166667
    HumanoidRootPart.CFrame = CFrame.new(0, 0, 0, 1, 0, 0, 0, 1, 0, 0, 0, 1)
    Torso.CFrame = CFrame.new(-0.0762788, -0.0350111, 0.419686, 0.927503, 0.360938, -0.0972735, -0.360996, 0.932401, 0.0176138, 0.0970554, 0.0187786, 0.995102)
    Left Leg.CFrame = CFrame.new(0.126657, -0.141841, -0.0333512, 0.965555, -0.0437522, 0.256494, 0.116035, 0.954718, -0.273952, -0.232893, 0.294278, 0.92691)
    Right Leg.CFrame = CFrame.new(0.458872, 1.24497, -0.210439, 0.956826, 0.153188, 0.247018, -0.177203, 0.98108, 0.0779797, -0.230399, -0.118385, 0.965868)
    Left Arm.CFrame = CFrame.new(-0.341174, -0.535583, -0.140463, -0.729001, 0.680098, -0.0776111, -0.684373, -0.72644, 0.0625986, -0.0138067, 0.0987494, 0.995017)
    Right Arm.CFrame = CFrame.new(-0.338168, 0.375125, 0.296537, 0.613399, 0.356611, 0.704678, -0.516384, 0.856204, 0.0162027, -0.597569, -0.373823, 0.709343)
    Head.CFrame = CFrame.new(1.00583e-07, 7.91624e-09, 0.0182948, 0.878167, 0.348279, -0.327909, -0.23285, 0.910029, 0.342969, 0.417855, -0.224831, 0.880255)

[7]
    Time: 0.200000
    HumanoidRootPart.CFrame = CFrame.new(0, 0, 0, 1, 0, 0, 0, 1, 0, 0, 0, 1)
    Torso.CFrame = CFrame.new(-0.129975, -0.0359438, 0.551011, 0.90806, 0.398093, -0.13019, -0.392598, 0.917298, 0.0665715, 0.145925, -0.00933848, 0.989252)
    Left Leg.CFrame = CFrame.new(0.184802, -0.166616, -0.0580842, 0.916069, -0.140163, 0.375729, 0.269025, 0.909613, -0.316589, -0.297395, 0.391098, 0.870976)
    Right Leg.CFrame = CFrame.new(0.212257, 1.30572, -0.227197, 0.953584, -0.103083, 0.282934, 0.0681138, 0.989068, 0.130785, -0.293322, -0.105443, 0.950181)
    Left Arm.CFrame = CFrame.new(-0.525887, -0.539909, -0.146271, -0.890251, 0.455337, 0.0109773, -0.45332, -0.888131, 0.0756605, 0.0442003, 0.0623806, 0.997073)
    Right Arm.CFrame = CFrame.new(-0.360734, 0.501521, 0.272103, 0.575693, 0.42102, 0.700942, -0.646976, 0.758751, 0.0756274, -0.5, -0.497031, 0.709197)
    Head.CFrame = CFrame.new(1.04308e-07, -1.86265e-08, 0.0182947, 0.873215, 0.366375, -0.32135, -0.246425, 0.900839, 0.35744, 0.420442, -0.232933, 0.87691)

[8]
    Time: 0.233333
    HumanoidRootPart.CFrame = CFrame.new(0, 0, 0, 1, 0, 0, 0, 1, 0, 0, 0, 1)
    Torso.CFrame = CFrame.new(-0.167544, -0.0341392, 0.626827, 0.891487, 0.424182, -0.159123, -0.41137, 0.905054, 0.107942, 0.189802, -0.0307702, 0.98134)
    Left Leg.CFrame = CFrame.new(0.213917, -0.182209, -0.0752672, 0.877154, -0.200252, 0.436462, 0.367607, 0.864816, -0.341992, -0.308975, 0.460426, 0.832191)
    Right Leg.CFrame = CFrame.new(0.281182, 1.28397, -0.317563, 0.928469, -0.182994, 0.323199, 0.129739, 0.975178, 0.179434, -0.348012, -0.124667, 0.929164)
    Left Arm.CFrame = CFrame.new(-0.645457, -0.537303, -0.139379, -0.951665, 0.29511, 0.0851153, -0.289324, -0.954363, 0.0740492, 0.103083, 0.0458441, 0.993616)
    Right Arm.CFrame = CFrame.new(-0.369075, 0.611523, 0.245723, 0.54447, 0.464144, 0.698658, -0.707002, 0.702144, 0.0845127, -0.451332, -0.539967, 0.710447)
    Head.CFrame = CFrame.new(5.96046e-08, 0, 0.0182941, 0.876416, 0.370978, -0.307034, -0.250373, 0.895675, 0.367532, 0.411349, -0.245238, 0.877867)

[9]
    Time: 0.266667
    HumanoidRootPart.CFrame = CFrame.new(0, 0, 0, 1, 0, 0, 0, 1, 0, 0, 0, 1)
    Torso.CFrame = CFrame.new(-0.205082, -0.0283971, 0.657511, 0.880689, 0.436912, -0.183016, -0.41815, 0.898587, 0.13301, 0.222569, -0.0406124, 0.974071)
    Left Leg.CFrame = CFrame.new(0.233795, -0.189177, -0.0875329, 0.851239, -0.221115, 0.475921, 0.415137, 0.838504, -0.352948, -0.32102, 0.498015, 0.80556)
    Right Leg.CFrame = CFrame.new(0.3704, 1.24155, -0.433564, 0.90512, -0.219019, 0.364402, 0.136193, 0.961298, 0.239495, -0.402753, -0.167142, 0.899918)
    Left Arm.CFrame = CFrame.new(-0.721383, -0.544837, -0.124148, -0.9723, 0.186304, 0.14115, -0.176713, -0.981183, 0.0777934, 0.152987, 0.0506955, 0.986927)
    Right Arm.CFrame = CFrame.new(-0.349553, 0.697117, 0.220501, 0.505062, 0.533082, 0.678775, -0.752337, 0.657337, 0.0435529, -0.422967, -0.532665, 0.733054)
    Head.CFrame = CFrame.new(6.70552e-08, 5.21541e-08, 0.0182942, 0.884749, 0.364684, -0.290215, -0.243861, 0.892876, 0.378555, 0.39718, -0.264155, 0.878903)

[10]
    Time: 0.300000
    HumanoidRootPart.CFrame = CFrame.new(0, 0, 0, 1, 0, 0, 0, 1, 0, 0, 0, 1)
    Torso.CFrame = CFrame.new(-0.23691, -0.0199037, 0.666966, 0.87451, 0.441239, -0.201348, -0.418528, 0.896321, 0.146435, 0.245085, -0.0437894, 0.968512)
    Left Leg.CFrame = CFrame.new(0.247521, -0.203192, -0.100241, 0.841477, -0.202452, 0.500929, 0.423377, 0.823072, -0.378557, -0.335661, 0.530628, 0.778309)
    Right Leg.CFrame = CFrame.new(0.45752, 1.17449, -0.515073, 0.890961, -0.230183, 0.391412, 0.123508, 0.95234, 0.278916, -0.436959, -0.200161, 0.876927)
    Left Arm.CFrame = CFrame.new(-0.766234, -0.575635, -0.100114, -0.976602, 0.112058, 0.18355, -0.0948388, -0.99045, 0.100073, 0.193011, 0.0803232, 0.977903)
    Right Arm.CFrame = CFrame.new(-0.343235, 0.739863, 0.207213, 0.490404, 0.568035, 0.660938, -0.765984, 0.642661, 0.0160188, -0.41566, -0.514123, 0.750269)
    Head.CFrame = CFrame.new(1.22935e-07, -5.96046e-08, 0.0182945, 0.892779, 0.354135, -0.278448, -0.233652, 0.892462, 0.3859, 0.385165, -0.279464, 0.879516)

[11]
    Time: 0.333333
    HumanoidRootPart.CFrame = CFrame.new(0, 0, 0, 1, 0, 0, 0, 1, 0, 0, 0, 1)
    Torso.CFrame = CFrame.new(-0.262881, -0.0146327, 0.654834, 0.869868, 0.445349, -0.212116, -0.420303, 0.89424, 0.153881, 0.258214, -0.0447032, 0.965053)
    Left Leg.CFrame = CFrame.new(0.246607, -0.214718, -0.104335, 0.85001, -0.17509, 0.496816, 0.403763, 0.822295, -0.401006, -0.338318, 0.541455, 0.769654)
    Right Leg.CFrame = CFrame.new(0.545426, 1.08946, -0.538127, 0.883278, -0.217391, 0.415405, 0.105043, 0.955242, 0.276547, -0.456931, -0.200633, 0.86658)
    Left Arm.CFrame = CFrame.new(-0.757746, -0.635802, -0.0605784, -0.975091, 0.10006, 0.197951, -0.0692227, -0.98517, 0.156996, 0.210725, 0.139383, 0.967558)
    Right Arm.CFrame = CFrame.new(-0.343524, 0.7481, 0.212827, 0.491, 0.579843, 0.650154, -0.757538, 0.652715, -0.0100298, -0.430181, -0.487592, 0.759736)
    Head.CFrame = CFrame.new(2.23517e-07, 0, 0.018295, 0.89942, 0.340009, -0.274661, -0.22023, 0.895323, 0.387162, 0.377549, -0.287732, 0.880152)

[12]
    Time: 0.366667
    HumanoidRootPart.CFrame = CFrame.new(0, 0, 0, 1, 0, 0, 0, 1, 0, 0, 0, 1)
    Torso.CFrame = CFrame.new(-0.276335, -0.00269032, 0.622918, 0.865202, 0.456752, -0.20689, -0.427357, 0.887528, 0.17222, 0.262282, -0.0605893, 0.963087)
    Left Leg.CFrame = CFrame.new(0.229782, -0.22505, -0.0993331, 0.869525, -0.167648, 0.464564, 0.383361, 0.822144, -0.420849, -0.311384, 0.544035, 0.779145)
    Right Leg.CFrame = CFrame.new(0.639023, 0.93619, -0.508729, 0.869034, -0.21222, 0.446925, 0.115576, 0.965418, 0.23369, -0.481063, -0.15143, 0.863509)
    Left Arm.CFrame = CFrame.new(-0.665844, -0.724921, 0.000822306, -0.971051, 0.177372, 0.16, -0.13238, -0.957133, 0.257629, 0.198837, 0.228989, 0.952905)
    Right Arm.CFrame = CFrame.new(-0.331919, 0.712647, 0.241968, 0.474514, 0.596912, 0.646942, -0.745189, 0.663607, -0.0657129, -0.46854, -0.450912, 0.759703)
    Head.CFrame = CFrame.new(4.47035e-08, -1.49012e-08, 0.0182941, 0.907067, 0.318383, -0.275429, -0.200975, 0.902371, 0.38123, 0.369917, -0.290447, 0.882498)

[13]
    Time: 0.400000
    HumanoidRootPart.CFrame = CFrame.new(0, 0, 0, 1, 0, 0, 0, 1, 0, 0, 0, 1)
    Torso.CFrame = CFrame.new(-0.291327, -0.0084413, 0.547176, 0.868903, 0.448891, -0.20858, -0.422409, 0.89212, 0.160288, 0.25803, -0.0511685, 0.964781)
    Left Leg.CFrame = CFrame.new(0.214172, -0.233554, -0.0950636, 0.886046, -0.162737, 0.434097, 0.365243, 0.821725, -0.437454, -0.285518, 0.546155, 0.787524)
    Right Leg.CFrame = CFrame.new(0.62944, 0.683697, -0.407835, 0.838439, -0.304467, 0.452019, 0.240698, 0.950994, 0.194098, -0.488963, -0.053939, 0.870635)
    Left Arm.CFrame = CFrame.new(-0.521558, -0.801128, 0.071077, -0.957871, 0.285735, 0.0289492, -0.253503, -0.888557, 0.382365, 0.134978, 0.358918, 0.923558)
    Right Arm.CFrame = CFrame.new(-0.333964, 0.633454, 0.266994, 0.485716, 0.593208, 0.642016, -0.713068, 0.693708, -0.101501, -0.505583, -0.4085, 0.759943)
    Head.CFrame = CFrame.new(1.63913e-07, 2.98023e-08, 0.0182943, 0.920197, 0.28319, -0.27026, -0.174511, 0.914767, 0.364345, 0.350404, -0.288106, 0.891186)

[14]
    Time: 0.433333
    HumanoidRootPart.CFrame = CFrame.new(0, 0, 0, 1, 0, 0, 0, 1, 0, 0, 0, 1)
    Torso.CFrame = CFrame.new(-0.30303, -0.0185181, 0.432117, 0.879601, 0.42808, -0.207485, -0.406087, 0.902857, 0.141218, 0.247781, -0.0399587, 0.967992)
    Left Leg.CFrame = CFrame.new(0.18706, -0.241566, -0.0862824, 0.904229, -0.187619, 0.383626, 0.361178, 0.815306, -0.452578, -0.227861, 0.547791, 0.804987)
    Right Leg.CFrame = CFrame.new(0.512732, 0.380488, -0.240977, 0.813354, -0.401036, 0.421457, 0.385394, 0.914102, 0.126053, -0.435807, 0.0599014, 0.898045)
    Left Arm.CFrame = CFrame.new(-0.334563, -0.847359, 0.143613, -0.899912, 0.398381, -0.177343, -0.432939, -0.767571, 0.472652, 0.0521722, 0.502123, 0.863221)
    Right Arm.CFrame = CFrame.new(-0.344512, 0.521559, 0.280735, 0.531955, 0.550998, 0.642982, -0.647993, 0.753694, -0.109771, -0.545095, -0.358255, 0.757974)
    Head.CFrame = CFrame.new(-8.19564e-08, 8.9407e-08, 0.0182937, 0.941833, 0.22365, -0.25086, -0.140102, 0.939755, 0.311821, 0.305486, -0.258537, 0.916426)

[15]
    Time: 0.466667
    HumanoidRootPart.CFrame = CFrame.new(0, 0, 0, 1, 0, 0, 0, 1, 0, 0, 0, 1)
    Torso.CFrame = CFrame.new(-0.305476, -0.0265774, 0.247777, 0.894024, 0.39992, -0.201956, -0.381163, 0.915847, 0.12625, 0.23545, -0.0358921, 0.971223)
    Left Leg.CFrame = CFrame.new(0.181908, -0.240708, -0.0837399, 0.891273, -0.249026, 0.37897, 0.41226, 0.793062, -0.448436, -0.188874, 0.555913, 0.809498)
    Right Leg.CFrame = CFrame.new(0.205421, 0.0225261, -0.0479416, 0.757234, -0.538435, 0.369707, 0.56848, 0.822041, 0.0328449, -0.321599, 0.1853, 0.928568)
    Left Arm.CFrame = CFrame.new(-0.0146117, -0.820554, 0.302124, -0.69894, 0.596142, -0.395092, -0.707388, -0.494931, 0.504625, 0.105285, 0.632186, 0.76763)
    Right Arm.CFrame = CFrame.new(-0.342043, 0.371681, 0.288324, 0.603306, 0.433051, 0.669693, -0.511318, 0.854464, -0.0919005, -0.612026, -0.286982, 0.73693)
    Head.CFrame = CFrame.new(1.19209e-07, 1.49012e-08, 0.0182948, 0.971457, 0.119385, -0.204984, -0.0741089, 0.973615, 0.215827, 0.225342, -0.194476, 0.954673)

[16]
    Time: 0.500000
    HumanoidRootPart.CFrame = CFrame.new(0, 0, 0, 1, 0, 0, 0, 1, 0, 0, 0, 1)
    Torso.CFrame = CFrame.new(-0.297893, -0.0323807, 0.0112016, 0.909435, 0.365087, -0.199094, -0.349728, 0.930511, 0.108807, 0.224983, -0.0293239, 0.973921)
    Left Leg.CFrame = CFrame.new(0.197824, -0.251564, -0.0957901, 0.835806, -0.35704, 0.417074, 0.533226, 0.708825, -0.461775, -0.130761, 0.608349, 0.782824)
    Right Leg.CFrame = CFrame.new(0.170427, -0.0239998, -0.0336691, 0.804341, -0.507266, 0.309383, 0.54507, 0.837215, -0.0443836, -0.236506, 0.204335, 0.949901)
    Left Arm.CFrame = CFrame.new(0.173937, -0.684337, 0.398433, -0.445993, 0.672979, -0.590075, -0.875789, -0.192142, 0.442805, 0.18462, 0.714269, 0.675082)
    Right Arm.CFrame = CFrame.new(-0.312804, 0.225572, 0.271872, 0.665629, 0.275179, 0.693696, -0.319861, 0.945024, -0.0679577, -0.67426, -0.176652, 0.717055)
    Head.CFrame = CFrame.new(7.63685e-08, -1.49012e-08, 0.0182943, 0.992942, -0.0762433, -0.0908485, 0.0866888, 0.989317, 0.117207, 0.0809417, -0.124255, 0.988943)

[17]
    Time: 0.533333
    HumanoidRootPart.CFrame = CFrame.new(0, 0, 0, 1, 0, 0, 0, 1, 0, 0, 0, 1)
    Torso.CFrame = CFrame.new(-0.281034, -0.0418674, -0.21535, 0.925013, 0.320721, -0.203687, -0.309251, 0.947017, 0.0867357, 0.220713, -0.0172412, 0.975187)
    Left Leg.CFrame = CFrame.new(0.197785, -0.259868, -0.0999698, 0.784382, -0.452501, 0.42425, 0.617897, 0.629898, -0.470565, -0.0543032, 0.631245, 0.77368)
    Right Leg.CFrame = CFrame.new(0.139266, -0.0327926, -0.025404, 0.83011, -0.494704, 0.257266, 0.524576, 0.84928, -0.0595246, -0.189044, 0.184367, 0.964506)
    Left Arm.CFrame = CFrame.new(0.367162, -0.429862, 0.395893, 0.0183427, 0.69985, -0.714054, -0.937515, 0.260228, 0.230969, 0.347461, 0.6652, 0.660893)
    Right Arm.CFrame = CFrame.new(-0.277099, 0.0619342, 0.203372, 0.789712, -0.0741394, 0.608981, 0.0599914, 0.997246, 0.0436128, -0.610537, 0.00209196, 0.791985)
    Head.CFrame = CFrame.new(4.19095e-08, -7.45058e-09, 0.0182946, 0.961997, -0.261519, 0.0785434, 0.254331, 0.962841, 0.090845, -0.0993825, -0.0674166, 0.992763)

[18]
    Time: 0.566667
    HumanoidRootPart.CFrame = CFrame.new(0, 0, 0, 1, 0, 0, 0, 1, 0, 0, 0, 1)
    Torso.CFrame = CFrame.new(-0.279918, -0.0600781, -0.329025, 0.93608, 0.267776, -0.228147, -0.260933, 0.963476, 0.0602299, 0.235942, 0.00315105, 0.971762)
    Left Leg.CFrame = CFrame.new(0.186748, -0.266227, -0.098353, 0.741388, -0.531951, 0.409112, 0.670732, 0.567836, -0.477159, 0.0215158, 0.628164, 0.777783)
    Right Leg.CFrame = CFrame.new(0.362249, 0.165374, -0.0730255, 0.913061, -0.343596, 0.219684, 0.35639, 0.934118, -0.0202432, -0.198255, 0.0967764, 0.975361)
    Left Arm.CFrame = CFrame.new(0.389726, -0.196975, 0.218129, 0.502518, 0.580445, -0.640749, -0.776288, 0.62918, -0.0388511, 0.380595, 0.516929, 0.766767)
    Right Arm.CFrame = CFrame.new(-0.24254, -0.0287229, 0.17516, 0.743052, -0.329029, 0.582764, 0.358856, 0.93091, 0.0680336, -0.564886, 0.158576, 0.809789)
    Head.CFrame = CFrame.new(-2.29047e-08, -6.8685e-09, 0.0182941, 0.912942, -0.354974, 0.201321, 0.337954, 0.93416, 0.114595, -0.228745, -0.0365809, 0.972799)

[19]
    Time: 0.600000
    HumanoidRootPart.CFrame = CFrame.new(0, 0, 0, 1, 0, 0, 0, 1, 0, 0, 0, 1)
    Torso.CFrame = CFrame.new(-0.261931, -0.0748517, -0.427138, 0.942822, 0.205761, -0.262201, -0.203253, 0.978428, 0.0369588, 0.26415, 0.0184477, 0.964305)
    Left Leg.CFrame = CFrame.new(0.152288, -0.285092, -0.0951949, 0.721511, -0.598654, 0.347902, 0.681458, 0.52497, -0.509924, 0.12263, 0.604996, 0.786729)
    Right Leg.CFrame = CFrame.new(0.584287, 0.414099, -0.123659, 0.975748, -0.136068, 0.171471, 0.130254, 0.990469, 0.0447711, -0.175929, -0.0213506, 0.984171)
    Left Arm.CFrame = CFrame.new(0.282185, -0.0490168, 0.0579851, 0.823296, 0.345867, -0.450067, -0.470917, 0.858879, -0.201405, 0.316894, 0.37776, 0.869986)
    Right Arm.CFrame = CFrame.new(-0.253697, -0.106157, 0.160626, 0.658076, -0.546367, 0.518091, 0.591054, 0.801125, 0.0940963, -0.466467, 0.244297, 0.850134)
    Head.CFrame = CFrame.new(-3.25963e-08, 0, 0.018294, 0.872029, -0.411602, 0.264857, 0.387639, 0.911162, 0.139712, -0.298834, -0.0191635, 0.954113)

[20]
    Time: 0.633333
    HumanoidRootPart.CFrame = CFrame.new(0, 0, 0, 1, 0, 0, 0, 1, 0, 0, 0, 1)
    Torso.CFrame = CFrame.new(-0.259253, -0.0856586, -0.422757, 0.951561, 0.128259, -0.279432, -0.128627, 0.991546, 0.0171016, 0.279263, 0.0196692, 0.960013)
    Left Leg.CFrame = CFrame.new(0.134988, -0.28474, -0.0892934, 0.683024, -0.657105, 0.318891, 0.708869, 0.491159, -0.506229, 0.176019, 0.571818, 0.801275)
    Right Leg.CFrame = CFrame.new(0.708822, 0.50696, -0.137246, 0.99114, 0.0568417, 0.120045, -0.0673005, 0.99411, 0.0849455, -0.114509, -0.0922718, 0.989128)
    Left Arm.CFrame = CFrame.new(0.203146, 0.00780064, -0.00782889, 0.945461, 0.12109, -0.302392, -0.202573, 0.945557, -0.254729, 0.255083, 0.302093, 0.918516)
    Right Arm.CFrame = CFrame.new(-0.270247, -0.221032, 0.157417, 0.462001, -0.742803, 0.48456, 0.805201, 0.580336, 0.121909, -0.371762, 0.333846, 0.866222)
    Head.CFrame = CFrame.new(1.45286e-07, -7.45058e-09, 0.0182945, 0.840674, -0.444919, 0.308732, 0.407774, 0.895216, 0.179747, -0.356354, -0.0252159, 0.934011)

[21]
    Time: 0.666667
    HumanoidRootPart.CFrame = CFrame.new(0, 0, 0, 1, 0, 0, 0, 1, 0, 0, 0, 1)
    Torso.CFrame = CFrame.new(-0.251303, -0.104362, -0.316658, 0.961513, 0.0208241, -0.273971, -0.0242054, 0.999667, -0.0089667, 0.273693, 0.0152532, 0.961696)
    Left Leg.CFrame = CFrame.new(-0.578574, -0.688059, -0.102956, 0.367266, -0.895214, 0.252402, 0.854742, 0.217827, -0.471135, 0.366787, 0.388771, 0.845177)
    Right Leg.CFrame = CFrame.new(0.745861, 0.394441, -0.122045, 0.975447, 0.19982, 0.0926077, -0.209378, 0.971789, 0.108568, -0.0683011, -0.125292, 0.989766)
    Left Arm.CFrame = CFrame.new(0.226711, 0.0452135, 0.00508392, 0.959304, -0.0781802, -0.271336, 0.00924055, 0.969085, -0.246554, 0.282223, 0.234013, 0.93037)
    Right Arm.CFrame = CFrame.new(-0.253128, -0.38041, 0.125086, 0.169857, -0.863221, 0.475392, 0.957089, 0.259438, 0.129123, -0.234796, 0.43306, 0.870247)
    Head.CFrame = CFrame.new(-1.36904e-07, -1.86265e-09, 0.0182942, 0.815638, -0.46641, 0.34234, 0.403473, 0.882624, 0.241213, -0.414662, -0.0586173, 0.908086)

[22]
    Time: 0.700000
    HumanoidRootPart.CFrame = CFrame.new(0, 0, 0, 1, 0, 0, 0, 1, 0, 0, 0, 1)
    Torso.CFrame = CFrame.new(-0.206037, -0.131425, -0.132394, 0.961457, -0.104376, -0.254374, 0.0989458, 0.994509, -0.0340878, 0.256535, 0.00760473, 0.966505)
    Left Leg.CFrame = CFrame.new(-0.942763, -0.505064, -0.00114882, 0.41331, -0.895468, 0.165263, 0.833674, 0.29911, -0.464242, 0.366282, 0.329652, 0.870154)
    Right Leg.CFrame = CFrame.new(0.635535, 0.206395, -0.070159, 0.95951, 0.276135, 0.055586, -0.280887, 0.952758, 0.115565, -0.0210485, -0.126499, 0.991743)
    Left Arm.CFrame = CFrame.new(0.286776, 0.103623, 0.0468999, 0.934003, -0.240451, -0.264237, 0.197968, 0.964009, -0.177471, 0.2974, 0.113448, 0.947989)
    Right Arm.CFrame = CFrame.new(-0.170575, -0.546799, 0.0143983, -0.158048, -0.903786, 0.397734, 0.985949, -0.122382, 0.113696, -0.0540816, 0.410115, 0.910429)
    Head.CFrame = CFrame.new(1.39698e-07, 2.42144e-08, 0.0182945, 0.798053, -0.476854, 0.368403, 0.38845, 0.874497, 0.290453, -0.460671, -0.0886904, 0.883129)

[23]
    Time: 0.733333
    HumanoidRootPart.CFrame = CFrame.new(0, 0, 0, 1, 0, 0, 0, 1, 0, 0, 0, 1)
    Torso.CFrame = CFrame.new(-0.144221, -0.168945, 0.0945377, 0.95003, -0.218498, -0.22294, 0.212932, 0.975837, -0.0490128, 0.228262, -0.000907334, 0.973599)
    Left Leg.CFrame = CFrame.new(-1.10721, -0.063736, 0.0826192, 0.624166, -0.780733, 0.0295416, 0.699889, 0.541929, -0.465262, 0.347236, 0.311077, 0.88468)
    Right Leg.CFrame = CFrame.new(0.256124, 0.0604622, -0.0179578, 0.977669, 0.21015, 0.000870947, -0.209297, 0.973308, 0.0941643, 0.0189409, -0.0922437, 0.995556)
    Left Arm.CFrame = CFrame.new(0.361405, 0.196875, 0.0993629, 0.895352, -0.334227, -0.294342, 0.323175, 0.942335, -0.0869688, 0.306436, -0.0172562, 0.951735)
    Right Arm.CFrame = CFrame.new(-0.0123673, -0.668596, -0.12179, -0.476485, -0.83208, 0.283909, 0.877189, -0.471672, 0.0898121, 0.0591811, 0.291836, 0.954636)
    Head.CFrame = CFrame.new(7.45058e-08, -1.21072e-08, 0.0182945, 0.781586, -0.486123, 0.390907, 0.376478, 0.86726, 0.325768, -0.497382, -0.107448, 0.860852)

[24]
    Time: 0.766667
    HumanoidRootPart.CFrame = CFrame.new(0, 0, 0, 1, 0, 0, 0, 1, 0, 0, 0, 1)
    Torso.CFrame = CFrame.new(-0.0972861, -0.207053, 0.327086, 0.929067, -0.318716, -0.187762, 0.314383, 0.947802, -0.0532434, 0.19493, -0.00956229, 0.980771)
    Left Leg.CFrame = CFrame.new(-1.03548, 0.394974, 0.100544, 0.829269, -0.546423, -0.117194, 0.464171, 0.790246, -0.40007, 0.31122, 0.277368, 0.908961)
    Right Leg.CFrame = CFrame.new(-0.0144928, 0.0423874, -0.014872, 0.98959, 0.13768, -0.0419075, -0.135143, 0.989108, 0.0583172, 0.0494803, -0.0520466, 0.997418)
    Left Arm.CFrame = CFrame.new(0.438283, 0.324643, 0.134827, 0.865903, -0.379019, -0.326431, 0.393191, 0.919138, -0.0242179, 0.309214, -0.10738, 0.944911)
    Right Arm.CFrame = CFrame.new(0.197445, -0.723581, -0.218739, -0.726138, -0.673239, 0.139545, 0.68533, -0.725023, 0.0682993, 0.0551919, 0.145229, 0.987858)
    Head.CFrame = CFrame.new(2.98023e-08, 0, 0.018294, 0.764407, -0.49571, 0.412254, 0.369911, 0.860907, 0.349293, -0.52806, -0.114505, 0.841452)

[25]
    Time: 0.800000
    HumanoidRootPart.CFrame = CFrame.new(0, 0, 0, 1, 0, 0, 0, 1, 0, 0, 0, 1)
    Torso.CFrame = CFrame.new(-0.0607594, -0.236687, 0.517546, 0.899704, -0.407254, -0.157089, 0.404442, 0.913144, -0.0509464, 0.164193, -0.0176967, 0.986269)
    Left Leg.CFrame = CFrame.new(-0.848695, 0.668791, 0.0998201, 0.940877, -0.267724, -0.207545, 0.189774, 0.924091, -0.331726, 0.280601, 0.272727, 0.920262)
    Right Leg.CFrame = CFrame.new(-0.0394493, -0.00409234, -0.011605, 0.977313, 0.192968, -0.0873081, -0.195084, 0.980651, -0.0163133, 0.0824709, 0.0329756, 0.996048)
    Left Arm.CFrame = CFrame.new(0.502358, 0.45944, 0.160075, 0.846248, -0.364656, -0.388447, 0.414547, 0.908647, 0.0501096, 0.334688, -0.203434, 0.920108)
    Right Arm.CFrame = CFrame.new(0.400409, -0.72014, -0.25729, -0.874266, -0.485136, 0.0173838, 0.485388, -0.873037, 0.0469562, -0.00760343, 0.0494899, 0.998746)
    Head.CFrame = CFrame.new(6.70552e-08, -2.98023e-08, 0.0182942, 0.751369, -0.500787, 0.429719, 0.363142, 0.857525, 0.364387, -0.550975, -0.11774, 0.826174)

[26]
    Time: 0.833333
    HumanoidRootPart.CFrame = CFrame.new(0, 0, 0, 1, 0, 0, 0, 1, 0, 0, 0, 1)
    Torso.CFrame = CFrame.new(-0.029408, -0.217791, 0.633417, 0.875796, -0.464524, -0.131144, 0.463073, 0.885265, -0.0432371, 0.136182, -0.0228622, 0.99042)
    Left Leg.CFrame = CFrame.new(-0.691721, 0.739623, 0.0932182, 0.958197, -0.00891563, -0.285971, -0.0838821, 0.946838, -0.310581, 0.273537, 0.321586, 0.90651)
    Right Leg.CFrame = CFrame.new(-0.0683274, -0.0621864, -0.013672, 0.961762, 0.236913, -0.137427, -0.252441, 0.961426, -0.109244, 0.106245, 0.139758, 0.984469)
    Left Arm.CFrame = CFrame.new(0.559688, 0.586006, 0.135465, 0.846382, -0.342564, -0.407783, 0.423036, 0.897587, 0.12401, 0.323539, -0.277467, 0.904619)
    Right Arm.CFrame = CFrame.new(0.56571, -0.682042, -0.257756, -0.949535, -0.310303, -0.045765, 0.30854, -0.950295, 0.041736, -0.056441, 0.0255093, 0.99808)
    Head.CFrame = CFrame.new(1.19209e-07, 2.23517e-08, 0.0182946, 0.745441, -0.501741, 0.438831, 0.357958, 0.856682, 0.371432, -0.562301, -0.119798, 0.818209)

[27]
    Time: 0.866667
    HumanoidRootPart.CFrame = CFrame.new(0, 0, 0, 1, 0, 0, 0, 1, 0, 0, 0, 1)
    Torso.CFrame = CFrame.new(-0.00257334, -0.204158, 0.69242, 0.862544, -0.49351, -0.111651, 0.493124, 0.869333, -0.0329944, 0.113345, -0.0265985, 0.9932)
    Left Leg.CFrame = CFrame.new(-0.61763, 0.670797, 0.0418948, 0.918488, 0.179168, -0.352532, -0.289194, 0.912356, -0.28978, 0.269715, 0.36811, 0.889803)
    Right Leg.CFrame = CFrame.new(-0.0847298, -0.0985818, -0.0182656, 0.955519, 0.244881, -0.164365, -0.271696, 0.947684, -0.167559, 0.114734, 0.204763, 0.972064)
    Left Arm.CFrame = CFrame.new(0.599274, 0.676319, 0.10816, 0.843907, -0.308343, -0.439027, 0.420346, 0.888519, 0.183962, 0.333361, -0.339791, 0.879439)
    Right Arm.CFrame = CFrame.new(0.691528, -0.624609, -0.261873, -0.983018, -0.166126, -0.077966, 0.164428, -0.985998, 0.0277686, -0.0814874, 0.0144772, 0.996569)
    Head.CFrame = CFrame.new(3.72529e-08, 3.72529e-08, 0.0182946, 0.748449, -0.499242, 0.436557, 0.355287, 0.857673, 0.371709, -0.559996, -0.123102, 0.819299)

[28]
    Time: 0.900000
    HumanoidRootPart.CFrame = CFrame.new(0, 0, 0, 1, 0, 0, 0, 1, 0, 0, 0, 1)
    Torso.CFrame = CFrame.new(0.0183389, -0.192279, 0.711323, 0.854511, -0.509995, -0.0985757, 0.510259, 0.859674, -0.0244258, 0.0972, -0.0294269, 0.99483)
    Left Leg.CFrame = CFrame.new(-0.6031, 0.607985, 0.00686133, 0.896726, 0.235704, -0.374602, -0.351149, 0.894095, -0.278008, 0.269402, 0.380838, 0.884525)
    Right Leg.CFrame = CFrame.new(-0.0932553, -0.122018, -0.0223203, 0.953624, 0.242389, -0.178463, -0.276973, 0.938757, -0.20499, 0.117846, 0.244912, 0.962357)
    Left Arm.CFrame = CFrame.new(0.623615, 0.726403, 0.0923038, 0.841352, -0.279916, -0.462357, 0.411772, 0.886078, 0.212861, 0.350101, -0.369477, 0.860765)
    Right Arm.CFrame = CFrame.new(0.764776, -0.580667, -0.256975, -0.992952, -0.0768083, -0.0902634, 0.0746058, -0.996833, 0.0275303, -0.0920921, 0.0206019, 0.995537)
    Head.CFrame = CFrame.new(1.04308e-07, 3.72529e-09, 0.0182946, 0.758391, -0.493441, 0.425862, 0.353663, 0.860345, 0.367054, -0.547508, -0.127758, 0.82699)

[29]
    Time: 0.933333
    HumanoidRootPart.CFrame = CFrame.new(0, 0, 0, 1, 0, 0, 0, 1, 0, 0, 0, 1)
    Torso.CFrame = CFrame.new(0.0352544, -0.183586, 0.705909, 0.852202, -0.515402, -0.0900716, 0.515988, 0.856397, -0.0184589, 0.0866508, -0.0307452, 0.995764)
    Left Leg.CFrame = CFrame.new(-0.577005, 0.521113, -0.0182154, 0.872405, 0.29726, -0.388003, -0.417072, 0.866652, -0.2738, 0.254874, 0.400689, 0.88005)
    Right Leg.CFrame = CFrame.new(-0.0981338, -0.12991, -0.024253, 0.95999, 0.211334, -0.183734, -0.249509, 0.943387, -0.218554, 0.127144, 0.255653, 0.958372)
    Left Arm.CFrame = CFrame.new(0.646709, 0.732337, 0.0875983, 0.852898, -0.249686, -0.458501, 0.379637, 0.899478, 0.216368, 0.358387, -0.358604, 0.861952)
    Right Arm.CFrame = CFrame.new(0.780896, -0.573495, -0.242225, -0.995247, -0.0530075, -0.0816865, 0.0487374, -0.997383, 0.0534106, -0.0843038, 0.0491755, 0.995226)
    Head.CFrame = CFrame.new(9.68575e-08, -2.04891e-08, 0.0182945, 0.772497, -0.484444, 0.410564, 0.351053, 0.864551, 0.359601, -0.52916, -0.133661, 0.837929)

[30]
    Time: 0.966667
    HumanoidRootPart.CFrame = CFrame.new(0, 0, 0, 1, 0, 0, 0, 1, 0, 0, 0, 1)
    Torso.CFrame = CFrame.new(0.0502527, -0.18187, 0.669587, 0.856539, -0.509001, -0.0851996, 0.50971, 0.860218, -0.0148472, 0.0808475, -0.0307099, 0.996253)
    Left Leg.CFrame = CFrame.new(-0.534606, 0.376266, -0.0371525, 0.84943, 0.359259, -0.386526, -0.48034, 0.829677, -0.284447, 0.218501, 0.427282, 0.877318)
    Right Leg.CFrame = CFrame.new(-0.108096, -0.126027, -0.025386, 0.968871, 0.15171, -0.195635, -0.193104, 0.957618, -0.213727, 0.154919, 0.244852, 0.957104)
    Left Arm.CFrame = CFrame.new(0.664455, 0.701208, 0.0904812, 0.878266, -0.230037, -0.419204, 0.329132, 0.926776, 0.180992, 0.346873, -0.296932, 0.889669)
    Right Arm.CFrame = CFrame.new(0.727987, -0.613589, -0.215219, -0.993172, -0.109078, -0.0413681, 0.103882, -0.988281, 0.111844, -0.0530831, 0.106783, 0.992864)
    Head.CFrame = CFrame.new(1.15484e-07, -9.31323e-09, 0.0182945, 0.788848, -0.471695, 0.393983, 0.345481, 0.870517, 0.350488, -0.508293, -0.140368, 0.849668)

[31]
    Time: 1.000000
    HumanoidRootPart.CFrame = CFrame.new(0, 0, 0, 1, 0, 0, 0, 1, 0, 0, 0, 1)
    Torso.CFrame = CFrame.new(0.0675605, -0.183963, 0.612255, 0.867511, -0.490482, -0.0827827, 0.491136, 0.870976, -0.013671, 0.0788071, -0.0287979, 0.996474)
    Left Leg.CFrame = CFrame.new(-0.447795, 0.190382, -0.0424858, 0.820502, 0.43715, -0.368342, -0.551805, 0.773965, -0.310628, 0.149293, 0.458124, 0.876261)
    Right Leg.CFrame = CFrame.new(-0.11732, -0.118569, -0.0260726, 0.973467, 0.0972005, -0.207156, -0.139924, 0.969176, -0.202779, 0.181061, 0.226385, 0.957062)
    Left Arm.CFrame = CFrame.new(0.704194, 0.565278, 0.102387, 0.929536, -0.11418, -0.350609, 0.175037, 0.973524, 0.147017, 0.324539, -0.198027, 0.924911)
    Right Arm.CFrame = CFrame.new(0.59673, -0.688388, -0.172856, -0.968925, -0.243524, 0.0433538, 0.247299, -0.950044, 0.190418, -0.00518329, 0.195223, 0.980745)
    Head.CFrame = CFrame.new(4.65661e-08, -2.79397e-09, 0.0182943, 0.812992, -0.448444, 0.371406, 0.331348, 0.88081, 0.338205, -0.478804, -0.151893, 0.864682)

[32]
    Time: 1.033333
    HumanoidRootPart.CFrame = CFrame.new(0, 0, 0, 1, 0, 0, 0, 1, 0, 0, 0, 1)
    Torso.CFrame = CFrame.new(0.0860595, -0.183853, 0.500101, 0.883978, -0.460425, -0.0811923, 0.460729, 0.887395, -0.0160619, 0.079445, -0.0232093, 0.996569)
    Left Leg.CFrame = CFrame.new(-0.154057, -0.186098, -0.0527582, 0.705221, 0.622616, -0.339134, -0.708983, 0.617659, -0.340354, -0.00244117, 0.480465, 0.87701)
    Right Leg.CFrame = CFrame.new(-0.127819, -0.11209, -0.027391, 0.972384, 0.0710436, -0.22231, -0.115275, 0.974441, -0.192812, 0.20293, 0.213114, 0.955721)
    Left Arm.CFrame = CFrame.new(0.670066, 0.439089, 0.0987786, 0.955142, -0.0812109, -0.284796, 0.111614, 0.989467, 0.0921777, 0.274311, -0.11983, 0.954146)
    Right Arm.CFrame = CFrame.new(0.384027, -0.766531, -0.107249, -0.884723, -0.42912, 0.181991, 0.464297, -0.845782, 0.262832, 0.0411381, 0.317031, 0.947523)
    Head.CFrame = CFrame.new(9.17353e-08, 2.28174e-08, 0.0182943, 0.841201, -0.410737, 0.351677, 0.312649, 0.900104, 0.303419, -0.441171, -0.145285, 0.885585)

[33]
    Time: 1.066667
    HumanoidRootPart.CFrame = CFrame.new(0, 0, 0, 1, 0, 0, 0, 1, 0, 0, 0, 1)
    Torso.CFrame = CFrame.new(0.0962456, -0.176339, 0.32208, 0.906201, -0.414443, -0.0838852, 0.414154, 0.909949, -0.0216342, 0.0852974, -0.0151366, 0.996241)
    Left Leg.CFrame = CFrame.new(-0.12845, -0.20523, -0.0514857, 0.736561, 0.611818, -0.288368, -0.674611, 0.633793, -0.378427, -0.0487629, 0.473271, 0.879566)
    Right Leg.CFrame = CFrame.new(-0.129446, -0.0881639, -0.0252635, 0.96959, 0.0933136, -0.226247, -0.13021, 0.979445, -0.154055, 0.207221, 0.178829, 0.961811)
    Left Arm.CFrame = CFrame.new(0.583727, 0.296117, 0.05533, 0.982458, -0.0703354, -0.172709, 0.0750683, 0.996957, 0.0210177, 0.170706, -0.033614, 0.984749)
    Right Arm.CFrame = CFrame.new(0.119928, -0.782076, -0.01811, -0.698483, -0.614268, 0.367146, 0.712991, -0.641335, 0.283432, 0.0613607, 0.459744, 0.885929)
    Head.CFrame = CFrame.new(1.20141e-07, -3.21306e-08, 0.0182943, 0.866292, -0.375127, 0.329875, 0.299919, 0.918674, 0.257071, -0.399482, -0.123763, 0.908349)

[34]
    Time: 1.100000
    HumanoidRootPart.CFrame = CFrame.new(0, 0, 0, 1, 0, 0, 0, 1, 0, 0, 0, 1)
    Torso.CFrame = CFrame.new(0.0996973, -0.143731, 0.109983, 0.932061, -0.350316, -0.0924207, 0.349421, 0.936599, -0.0262305, 0.0957501, -0.00784528, 0.995375)
    Left Leg.CFrame = CFrame.new(-0.0961747, -0.229663, -0.0530703, 0.766377, 0.601738, -0.224894, -0.632711, 0.646514, -0.426259, -0.111099, 0.468968, 0.8762)
    Right Leg.CFrame = CFrame.new(-0.13642, -0.107417, -0.0287376, 0.938119, 0.240865, -0.248832, -0.289365, 0.939933, -0.181092, 0.190267, 0.241889, 0.951466)
    Left Arm.CFrame = CFrame.new(0.473245, 0.17344, -0.00948745, 0.998703, -0.0314662, -0.0400344, 0.0284801, 0.996919, -0.0730908, 0.0422109, 0.0718557, 0.996521)
    Right Arm.CFrame = CFrame.new(-0.103743, -0.693812, 0.119011, -0.418532, -0.698831, 0.580057, 0.908177, -0.326783, 0.261587, 0.0067477, 0.636277, 0.771431)
    Head.CFrame = CFrame.new(1.60653e-07, -2.56114e-09, 0.0182942, 0.892035, -0.33962, 0.298215, 0.28324, 0.934243, 0.216715, -0.352207, -0.108851, 0.929571)

[35]
    Time: 1.133333
    HumanoidRootPart.CFrame = CFrame.new(0, 0, 0, 1, 0, 0, 0, 1, 0, 0, 0, 1)
    Torso.CFrame = CFrame.new(0.10658, -0.11678, -0.102235, 0.95676, -0.272423, -0.101962, 0.270996, 0.962177, -0.0278641, 0.105696, -0.00097198, 0.994398)
    Left Leg.CFrame = CFrame.new(-0.0577345, -0.252025, -0.0563997, 0.79428, 0.58868, -0.150253, -0.581299, 0.664438, -0.469695, -0.176666, 0.460411, 0.869949)
    Right Leg.CFrame = CFrame.new(-0.142297, -0.104562, -0.0297914, 0.888284, 0.373357, -0.267501, -0.425206, 0.888676, -0.171624, 0.173645, 0.266194, 0.94815)
    Left Arm.CFrame = CFrame.new(0.383115, 0.0840064, -0.0599662, 0.994361, 0.0984443, 0.0394342, -0.0903973, 0.981256, -0.170192, -0.0554496, 0.165667, 0.984622)
    Right Arm.CFrame = CFrame.new(-0.233013, -0.527938, 0.25719, -0.118148, -0.669963, 0.732933, 0.978386, 0.0476101, 0.201234, -0.169714, 0.740867, 0.649857)
    Head.CFrame = CFrame.new(1.00583e-07, 1.62981e-09, 0.0182941, 0.91931, -0.294709, 0.260798, 0.254256, 0.95062, 0.177975, -0.300371, -0.0973046, 0.948846)

[36]
    Time: 1.166667
    HumanoidRootPart.CFrame = CFrame.new(0, 0, 0, 1, 0, 0, 0, 1, 0, 0, 0, 1)
    Torso.CFrame = CFrame.new(0.112395, -0.0890831, -0.272631, 0.976811, -0.185461, -0.106976, 0.183613, 0.982629, -0.0269593, 0.110118, 0.00669202, 0.993896)
    Left Leg.CFrame = CFrame.new(-0.0189049, -0.250104, -0.0523955, 0.823424, 0.562684, -0.0732136, -0.526349, 0.709228, -0.468991, -0.211968, 0.424714, 0.880163)
    Right Leg.CFrame = CFrame.new(0.0530226, -0.207291, 0.0103724, 0.753758, 0.596709, -0.275295, -0.646231, 0.74911, -0.145668, 0.119305, 0.287702, 0.95026)
    Left Arm.CFrame = CFrame.new(0.328916, 0.0172479, -0.0973072, 0.952452, 0.298713, 0.060049, -0.275808, 0.929014, -0.246704, -0.12948, 0.218412, 0.967229)
    Right Arm.CFrame = CFrame.new(-0.281736, -0.33399, 0.343421, 0.146767, -0.551838, 0.820935, 0.901618, 0.416, 0.118446, -0.406872, 0.722785, 0.558602)
    Head.CFrame = CFrame.new(7.40401e-08, -2.91038e-10, 0.0182946, 0.949487, -0.23, 0.213481, 0.200714, 0.968057, 0.150264, -0.241223, -0.0998255, 0.965322)

[37]
    Time: 1.200000
    HumanoidRootPart.CFrame = CFrame.new(0, 0, 0, 1, 0, 0, 0, 1, 0, 0, 0, 1)
    Torso.CFrame = CFrame.new(0.124781, -0.0567058, -0.342988, 0.991905, -0.074329, -0.102953, 0.0723583, 0.997119, -0.0227507, 0.104347, 0.015117, 0.994426)
    Left Leg.CFrame = CFrame.new(0.010214, -0.234744, -0.0455819, 0.85879, 0.512171, -0.0127092, -0.463926, 0.766889, -0.443457, -0.217379, 0.386732, 0.896206)
    Right Leg.CFrame = CFrame.new(0.169669, -0.264623, 0.0407671, 0.63286, 0.726851, -0.266787, -0.767164, 0.635218, -0.0892054, 0.104629, 0.261124, 0.959618)
    Left Arm.CFrame = CFrame.new(0.301244, -0.0495811, -0.0895225, 0.86868, 0.491981, -0.0578782, -0.487734, 0.828985, -0.273677, -0.0866635, 0.265966, 0.960079)
    Right Arm.CFrame = CFrame.new(-0.3189, -0.144156, 0.353122, 0.407003, -0.392289, 0.824899, 0.680093, 0.73301, 0.0130342, -0.609772, 0.555703, 0.56513)
    Head.CFrame = CFrame.new(4.00469e-08, 6.98492e-10, 0.0182939, 0.980118, -0.14485, 0.135601, 0.125791, 0.98214, 0.139919, -0.153447, -0.12008, 0.980834)

[38]
    Time: 1.233333
    HumanoidRootPart.CFrame = CFrame.new(0, 0, 0, 1, 0, 0, 0, 1, 0, 0, 0, 1)
    Torso.CFrame = CFrame.new(0.140432, -0.0263237, -0.368337, 0.995779, 0.0265941, -0.0878423, -0.0288987, 0.999268, -0.0250683, 0.0871113, 0.027501, 0.995819)
    Left Leg.CFrame = CFrame.new(-0.25051, -0.0549138, 0.0376884, 0.95089, 0.309104, 0.0162385, -0.276092, 0.870714, -0.406977, -0.139937, 0.382507, 0.913294)
    Right Leg.CFrame = CFrame.new(0.256268, -0.300916, 0.0615228, 0.544205, 0.802997, -0.242976, -0.832811, 0.552047, -0.0408598, 0.101324, 0.224589, 0.969171)
    Left Arm.CFrame = CFrame.new(0.305252, -0.12297, -0.0593349, 0.734177, 0.637885, -0.232568, -0.678951, 0.688159, -0.255857, -0.00316355, 0.345746, 0.938323)
    Right Arm.CFrame = CFrame.new(-0.300629, -0.0199462, 0.274525, 0.60107, -0.175345, 0.779724, 0.401601, 0.909777, -0.104992, -0.690965, 0.376245, 0.617258)
