[1]
    Time: 0.000000
    HumanoidRootPart.CFrame = CFrame.new(0, 0, 0, 1, 0, 0, 0, 1, 0, 0, 0, 1)
    Torso.CFrame = CFrame.new(-0.0708158, -0.0169066, -0.0479441, 0.196074, 0.978029, -0.0708158, -0.980585, 0.195363, -0.0169065, -0.00270026, 0.0727559, 0.997346)
    Head.CFrame = CFrame.new(-6.98492e-09, -1.15484e-07, 0, 0.999887, 0.000731933, 0.0149907, -0.00185422, 0.997183, 0.0749893, -0.0148936, -0.0750087, 0.997072)
    Left Leg.CFrame = CFrame.new(-0.0834256, 0.0835709, 0.041178, 0.99861, 0.0526832, -0.00166563, -0.0524344, 0.996174, 0.069919, 0.00534255, -0.0697344, 0.997551)
    Right Arm.CFrame = CFrame.new(0.218629, -0.594192, -0.0234191, 0.421182, -0.671894, 0.609232, 0.490841, 0.733708, 0.469839, -0.76268, 0.101147, 0.638818)
    Right Leg.CFrame = CFrame.new(0.033805, 0.0566107, 0.0633715, 0.971625, -0.116646, -0.205766, 0.121618, 0.992508, 0.0116563, 0.202865, -0.0363511, 0.978532)
    Left Arm.CFrame = CFrame.new(-0.218629, -0.594191, -0.0234192, 0.421183, 0.671894, -0.609232, -0.490841, 0.733708, 0.469839, 0.76268, 0.101147, 0.638818)

[2]
    Time: 0.083333
    HumanoidRootPart.CFrame = CFrame.new(0, 0, 0, 1, 0, 0, 0, 1, 0, 0, 0, 1)
    Torso.CFrame = CFrame.new(-0.0708158, -0.0169066, -0.0479441, 0.196074, 0.978029, -0.0708158, -0.980585, 0.195363, -0.0169065, -0.00270026, 0.0727559, 0.997346)
    Head.CFrame = CFrame.new(-0.000275391, -0.375172, 0.0282207, 0.999887, 0.000731933, 0.0149907, -0.00185422, 0.997183, 0.0749893, -0.0148936, -0.0750087, 0.997072)
    Left Leg.CFrame = CFrame.new(-0.0834256, 0.0835709, 0.041178, 0.99861, 0.0526832, -0.00166563, -0.0524344, 0.996174, 0.069919, 0.00534255, -0.0697344, 0.997551)
    Right Arm.CFrame = CFrame.new(0.218629, -0.594192, -0.0234191, 0.421182, -0.671894, 0.609232, 0.490841, 0.733708, 0.469839, -0.76268, 0.101147, 0.638818)
    Right Leg.CFrame = CFrame.new(0.033805, 0.0566107, 0.0633715, 0.971625, -0.116646, -0.205766, 0.121618, 0.992508, 0.0116563, 0.202865, -0.0363511, 0.978532)
    Left Arm.CFrame = CFrame.new(-0.218629, -0.594191, -0.0234192, 0.421183, 0.671894, -0.609232, -0.490841, 0.733708, 0.469839, 0.76268, 0.101147, 0.638818)

[3]
    Time: 0.208333
    HumanoidRootPart.CFrame = CFrame.new(0, 0, 0, 1, 0, 0, 0, 1, 0, 0, 0, 1)
    Torso.CFrame = CFrame.new(-0.0708158, -0.0169066, -0.0479441, 0.196074, 0.978029, -0.0708158, -0.980585, 0.195363, -0.0169065, -0.00270026, 0.0727559, 0.997346)
    Head.CFrame = CFrame.new(-6.98492e-09, -1.15484e-07, 0, 0.999887, 0.000731933, 0.0149907, -0.00185422, 0.997183, 0.0749893, -0.0148936, -0.0750087, 0.997072)
    Left Leg.CFrame = CFrame.new(-0.0834256, 0.0835709, 0.041178, 0.99861, 0.0526832, -0.00166563, -0.0524344, 0.996174, 0.069919, 0.00534255, -0.0697344, 0.997551)
    Right Arm.CFrame = CFrame.new(0.218629, -0.594192, -0.0234191, 0.421182, -0.671894, 0.609232, 0.490841, 0.733708, 0.469839, -0.76268, 0.101147, 0.638818)
    Right Leg.CFrame = CFrame.new(0.033805, 0.0566107, 0.0633715, 0.971625, -0.116646, -0.205766, 0.121618, 0.992508, 0.0116563, 0.202865, -0.0363511, 0.978532)
    Left Arm.CFrame = CFrame.new(-0.218629, -0.594191, -0.0234192, 0.421183, 0.671894, -0.609232, -0.490841, 0.733708, 0.469839, 0.76268, 0.101147, 0.638818)

[4]
    Time: 0.291667
    HumanoidRootPart.CFrame = CFrame.new(0, 0, 0, 1, 0, 0, 0, 1, 0, 0, 0, 1)
    Torso.CFrame = CFrame.new(-0.0708158, -0.0169066, -0.0479441, 0.196074, 0.978029, -0.0708158, -0.980585, 0.195363, -0.0169065, -0.00270026, 0.0727559, 0.997346)
    Head.CFrame = CFrame.new(0.000100699, 0.137212, -0.0103211, 0.999887, 0.000731933, 0.0149907, -0.00185422, 0.997183, 0.0749893, -0.0148936, -0.0750087, 0.997072)
    Left Leg.CFrame = CFrame.new(-0.0834256, 0.0835709, 0.041178, 0.99861, 0.0526832, -0.00166563, -0.0524344, 0.996174, 0.069919, 0.00534255, -0.0697344, 0.997551)
    Right Arm.CFrame = CFrame.new(0.218629, -0.594192, -0.0234191, 0.421182, -0.671894, 0.609232, 0.490841, 0.733708, 0.469839, -0.76268, 0.101147, 0.638818)
    Right Leg.CFrame = CFrame.new(0.033805, 0.0566107, 0.0633715, 0.971625, -0.116646, -0.205766, 0.121618, 0.992508, 0.0116563, 0.202865, -0.0363511, 0.978532)
    Left Arm.CFrame = CFrame.new(-0.218629, -0.594191, -0.0234192, 0.421183, 0.671894, -0.609232, -0.490841, 0.733708, 0.469839, 0.76268, 0.101147, 0.638818)

[5]
    Time: 0.416667
    HumanoidRootPart.CFrame = CFrame.new(0, 0, 0, 1, 0, 0, 0, 1, 0, 0, 0, 1)
    Torso.CFrame = CFrame.new(-0.0708158, -0.0169066, -0.0479441, 0.196074, 0.978029, -0.0708158, -0.980585, 0.195363, -0.0169065, -0.00270026, 0.0727559, 0.997346)
    Head.CFrame = CFrame.new(-6.98492e-09, -1.15484e-07, 0, 0.999887, 0.000731933, 0.0149907, -0.00185422, 0.997183, 0.0749893, -0.0148936, -0.0750087, 0.997072)
    Left Leg.CFrame = CFrame.new(-0.0834256, 0.0835709, 0.041178, 0.99861, 0.0526832, -0.00166563, -0.0524344, 0.996174, 0.069919, 0.00534255, -0.0697344, 0.997551)
    Right Arm.CFrame = CFrame.new(0.218629, -0.594192, -0.0234191, 0.421182, -0.671894, 0.609232, 0.490841, 0.733708, 0.469839, -0.76268, 0.101147, 0.638818)
    Right Leg.CFrame = CFrame.new(0.033805, 0.0566107, 0.0633715, 0.971625, -0.116646, -0.205766, 0.121618, 0.992508, 0.0116563, 0.202865, -0.0363511, 0.978532)
    Left Arm.CFrame = CFrame.new(-0.218629, -0.594191, -0.0234192, 0.421183, 0.671894, -0.609232, -0.490841, 0.733708, 0.469839, 0.76268, 0.101147, 0.638818)

[6]
    Time: 0.500000
    HumanoidRootPart.CFrame = CFrame.new(0, 0, 0, 1, 0, 0, 0, 1, 0, 0, 0, 1)
    Torso.CFrame = CFrame.new(-0.0708158, -0.0169066, -0.0479441, 0.196074, 0.978029, -0.0708158, -0.980585, 0.195363, -0.0169065, -0.00270026, 0.0727559, 0.997346)
    Head.CFrame = CFrame.new(-0.000275391, -0.375172, 0.0282207, 0.999887, 0.000731933, 0.0149907, -0.00185422, 0.997183, 0.0749893, -0.0148936, -0.0750087, 0.997072)
    Left Leg.CFrame = CFrame.new(-0.0834256, 0.0835709, 0.041178, 0.99861, 0.0526832, -0.00166563, -0.0524344, 0.996174, 0.069919, 0.00534255, -0.0697344, 0.997551)
    Right Arm.CFrame = CFrame.new(0.218629, -0.594192, -0.0234191, 0.421182, -0.671894, 0.609232, 0.490841, 0.733708, 0.469839, -0.76268, 0.101147, 0.638818)
    Right Leg.CFrame = CFrame.new(0.033805, 0.0566107, 0.0633715, 0.971625, -0.116646, -0.205766, 0.121618, 0.992508, 0.0116563, 0.202865, -0.0363511, 0.978532)
    Left Arm.CFrame = CFrame.new(-0.218629, -0.594191, -0.0234192, 0.421183, 0.671894, -0.609232, -0.490841, 0.733708, 0.469839, 0.76268, 0.101147, 0.638818)

[7]
    Time: 0.583333
    HumanoidRootPart.CFrame = CFrame.new(0, 0, 0, 1, 0, 0, 0, 1, 0, 0, 0, 1)
    Torso.CFrame = CFrame.new(-0.0708158, -0.0169066, -0.0479441, 0.196074, 0.978029, -0.0708158, -0.980585, 0.195363, -0.0169065, -0.00270026, 0.0727559, 0.997346)
    Head.CFrame = CFrame.new(-6.98492e-09, -1.15484e-07, 0, 0.999887, 0.000731933, 0.0149907, -0.00185422, 0.997183, 0.0749893, -0.0148936, -0.0750087, 0.997072)
    Left Leg.CFrame = CFrame.new(-0.0834256, 0.0835709, 0.041178, 0.99861, 0.0526832, -0.00166563, -0.0524344, 0.996174, 0.069919, 0.00534255, -0.0697344, 0.997551)
    Right Arm.CFrame = CFrame.new(0.218629, -0.594192, -0.0234191, 0.421182, -0.671894, 0.609232, 0.490841, 0.733708, 0.469839, -0.76268, 0.101147, 0.638818)
    Right Leg.CFrame = CFrame.new(0.033805, 0.0566107, 0.0633715, 0.971625, -0.116646, -0.205766, 0.121618, 0.992508, 0.0116563, 0.202865, -0.0363511, 0.978532)
    Left Arm.CFrame = CFrame.new(-0.218629, -0.594191, -0.0234192, 0.421183, 0.671894, -0.609232, -0.490841, 0.733708, 0.469839, 0.76268, 0.101147, 0.638818)

[8]
    Time: 0.708333
    HumanoidRootPart.CFrame = CFrame.new(0, 0, 0, 1, 0, 0, 0, 1, 0, 0, 0, 1)
    Torso.CFrame = CFrame.new(-0.0708158, -0.0169066, -0.0479441, 0.196074, 0.978029, -0.0708158, -0.980585, 0.195363, -0.0169065, -0.00270026, 0.0727559, 0.997346)
    Head.CFrame = CFrame.new(0.000100699, 0.137212, -0.0103211, 0.999887, 0.000731933, 0.0149907, -0.00185422, 0.997183, 0.0749893, -0.0148936, -0.0750087, 0.997072)
    Left Leg.CFrame = CFrame.new(-0.0834256, 0.0835709, 0.041178, 0.99861, 0.0526832, -0.00166563, -0.0524344, 0.996174, 0.069919, 0.00534255, -0.0697344, 0.997551)
    Right Arm.CFrame = CFrame.new(0.218629, -0.594192, -0.0234191, 0.421182, -0.671894, 0.609232, 0.490841, 0.733708, 0.469839, -0.76268, 0.101147, 0.638818)
    Right Leg.CFrame = CFrame.new(0.033805, 0.0566107, 0.0633715, 0.971625, -0.116646, -0.205766, 0.121618, 0.992508, 0.0116563, 0.202865, -0.0363511, 0.978532)
    Left Arm.CFrame = CFrame.new(-0.218629, -0.594191, -0.0234192, 0.421183, 0.671894, -0.609232, -0.490841, 0.733708, 0.469839, 0.76268, 0.101147, 0.638818)

[9]
    Time: 0.791667
    HumanoidRootPart.CFrame = CFrame.new(0, 0, 0, 1, 0, 0, 0, 1, 0, 0, 0, 1)
    Torso.CFrame = CFrame.new(-0.0708158, -0.0169066, -0.0479441, 0.196074, 0.978029, -0.0708158, -0.980585, 0.195363, -0.0169065, -0.00270026, 0.0727559, 0.997346)
    Head.CFrame = CFrame.new(-6.98492e-09, -1.15484e-07, 0, 0.999887, 0.000731933, 0.0149907, -0.00185422, 0.997183, 0.0749893, -0.0148936, -0.0750087, 0.997072)
    Left Leg.CFrame = CFrame.new(-0.0834256, 0.0835709, 0.041178, 0.99861, 0.0526832, -0.00166563, -0.0524344, 0.996174, 0.069919, 0.00534255, -0.0697344, 0.997551)
    Right Arm.CFrame = CFrame.new(0.218629, -0.594192, -0.0234191, 0.421182, -0.671894, 0.609232, 0.490841, 0.733708, 0.469839, -0.76268, 0.101147, 0.638818)
    Right Leg.CFrame = CFrame.new(0.033805, 0.0566107, 0.0633715, 0.971625, -0.116646, -0.205766, 0.121618, 0.992508, 0.0116563, 0.202865, -0.0363511, 0.978532)
    Left Arm.CFrame = CFrame.new(-0.218629, -0.594191, -0.0234192, 0.421183, 0.671894, -0.609232, -0.490841, 0.733708, 0.469839, 0.76268, 0.101147, 0.638818)

[10]
    Time: 0.916667
    HumanoidRootPart.CFrame = CFrame.new(0, 0, 0, 1, 0, 0, 0, 1, 0, 0, 0, 1)
    Torso.CFrame = CFrame.new(-0.0708158, -0.0169066, -0.0479441, 0.196074, 0.978029, -0.0708158, -0.980585, 0.195363, -0.0169065, -0.00270026, 0.0727559, 0.997346)
    Head.CFrame = CFrame.new(-0.000275391, -0.375172, 0.0282207, 0.999887, 0.000731933, 0.0149907, -0.00185422, 0.997183, 0.0749893, -0.0148936, -0.0750087, 0.997072)
    Left Leg.CFrame = CFrame.new(-0.0834256, 0.0835709, 0.041178, 0.99861, 0.0526832, -0.00166563, -0.0524344, 0.996174, 0.069919, 0.00534255, -0.0697344, 0.997551)
    Right Arm.CFrame = CFrame.new(0.218629, -0.594192, -0.0234191, 0.421182, -0.671894, 0.609232, 0.490841, 0.733708, 0.469839, -0.76268, 0.101147, 0.638818)
    Right Leg.CFrame = CFrame.new(0.033805, 0.0566107, 0.0633715, 0.971625, -0.116646, -0.205766, 0.121618, 0.992508, 0.0116563, 0.202865, -0.0363511, 0.978532)
    Left Arm.CFrame = CFrame.new(-0.218629, -0.594191, -0.0234192, 0.421183, 0.671894, -0.609232, -0.490841, 0.733708, 0.469839, 0.76268, 0.101147, 0.638818)

[11]
    Time: 1.000000
    HumanoidRootPart.CFrame = CFrame.new(0, 0, 0, 1, 0, 0, 0, 1, 0, 0, 0, 1)
    Torso.CFrame = CFrame.new(-0.0708158, -0.0169066, -0.0479441, 0.196074, 0.978029, -0.0708158, -0.980585, 0.195363, -0.0169065, -0.00270026, 0.0727559, 0.997346)
    Head.CFrame = CFrame.new(-6.98492e-09, -1.15484e-07, 0, 0.999887, 0.000731933, 0.0149907, -0.00185422, 0.997183, 0.0749893, -0.0148936, -0.0750087, 0.997072)
    Left Leg.CFrame = CFrame.new(-0.0834256, 0.0835709, 0.041178, 0.99861, 0.0526832, -0.00166563, -0.0524344, 0.996174, 0.069919, 0.00534255, -0.0697344, 0.997551)
    Right Arm.CFrame = CFrame.new(0.218629, -0.594192, -0.0234191, 0.421182, -0.671894, 0.609232, 0.490841, 0.733708, 0.469839, -0.76268, 0.101147, 0.638818)
    Right Leg.CFrame = CFrame.new(0.033805, 0.0566107, 0.0633715, 0.971625, -0.116646, -0.205766, 0.121618, 0.992508, 0.0116563, 0.202865, -0.0363511, 0.978532)
    Left Arm.CFrame = CFrame.new(-0.218629, -0.594191, -0.0234192, 0.421183, 0.671894, -0.609232, -0.490841, 0.733708, 0.469839, 0.76268, 0.101147, 0.638818)

[12]
    Time: 1.083333
    HumanoidRootPart.CFrame = CFrame.new(0, 0, 0, 1, 0, 0, 0, 1, 0, 0, 0, 1)
    Torso.CFrame = CFrame.new(-0.0708158, -0.0169066, -0.0479441, 0.196074, 0.978029, -0.0708158, -0.980585, 0.195363, -0.0169065, -0.00270026, 0.0727559, 0.997346)
    Head.CFrame = CFrame.new(0.000100699, 0.137212, -0.0103211, 0.999887, 0.000731933, 0.0149907, -0.00185422, 0.997183, 0.0749893, -0.0148936, -0.0750087, 0.997072)
    Left Leg.CFrame = CFrame.new(-0.0834256, 0.0835709, 0.041178, 0.99861, 0.0526832, -0.00166563, -0.0524344, 0.996174, 0.069919, 0.00534255, -0.0697344, 0.997551)
    Right Arm.CFrame = CFrame.new(0.218629, -0.594192, -0.0234191, 0.421182, -0.671894, 0.609232, 0.490841, 0.733708, 0.469839, -0.76268, 0.101147, 0.638818)
    Right Leg.CFrame = CFrame.new(0.033805, 0.0566107, 0.0633715, 0.971625, -0.116646, -0.205766, 0.121618, 0.992508, 0.0116563, 0.202865, -0.0363511, 0.978532)
    Left Arm.CFrame = CFrame.new(-0.218629, -0.594191, -0.0234192, 0.421183, 0.671894, -0.609232, -0.490841, 0.733708, 0.469839, 0.76268, 0.101147, 0.638818)

[13]
    Time: 1.208333
    HumanoidRootPart.CFrame = CFrame.new(0, 0, 0, 1, 0, 0, 0, 1, 0, 0, 0, 1)
    Torso.CFrame = CFrame.new(-0.0125099, -0.02207, -0.23239, 0.999837, 0.0130607, -0.01251, -0.0133347, 0.999668, -0.02207, 0.0122176, 0.0222332, 0.999678)
    Head.CFrame = CFrame.new(-2.6339e-09, 4.7715e-07, 0, 1, -4.36557e-10, 6.3912e-08, 0, 1, 1.64437e-09, -6.37083e-08, -1.01863e-09, 1)
    Left Leg.CFrame = CFrame.new(0.00410213, 0.263853, 0.0678487, 0.908764, 0.00108796, 0.417309, -0.0441824, 0.994626, 0.0936297, -0.414965, -0.103527, 0.903929)
    Right Arm.CFrame = CFrame.new(-0.104828, -0.418041, -0.149309, 0.968177, -0.0839014, -0.235784, 0.198634, 0.830738, 0.520019, 0.152244, -0.550305, 0.820967)
    Right Leg.CFrame = CFrame.new(0.00925602, 0.287518, 0.0702179, 0.918726, -0.0120595, -0.394711, 0.0595442, 0.992335, 0.108285, 0.39038, -0.122988, 0.912402)
    Left Arm.CFrame = CFrame.new(0.104828, -0.418041, -0.149309, 0.968177, 0.0839014, 0.235784, -0.198634, 0.830738, 0.520019, -0.152244, -0.550304, 0.820967)

[14]
    Time: 1.291667
    HumanoidRootPart.CFrame = CFrame.new(0, 0, 0, 1, 0, 0, 0, 1, 0, 0, 0, 1)
    Torso.CFrame = CFrame.new(-0.0125099, -0.02207, 0.103973, 0.999837, 0.0130607, -0.01251, -0.0133347, 0.999668, -0.02207, 0.0122176, 0.0222332, 0.999678)
    Head.CFrame = CFrame.new(-4.49655e-09, 7.15569e-07, 0, 1, -4.36557e-10, 6.3912e-08, 0, 1, 1.64437e-09, -6.37083e-08, -1.01863e-09, 1)
    Left Leg.CFrame = CFrame.new(0.00160989, -0.078282, 0.0965203, 0.907993, 0.0034654, 0.418972, -0.0387584, 0.996372, 0.0757637, -0.417189, -0.0850331, 0.904833)
    Right Arm.CFrame = CFrame.new(-0.102211, -0.19318, 0.416943, 0.953829, -0.071568, -0.291701, 0.29225, -0.00290239, 0.956338, -0.0692904, -0.997432, 0.0181473)
    Right Leg.CFrame = CFrame.new(0.0148435, -0.0535372, 0.106075, 0.918112, -0.0127397, -0.396117, 0.0532978, 0.994372, 0.0915605, 0.392722, -0.105176, 0.913624)
    Left Arm.CFrame = CFrame.new(0.102211, -0.19318, 0.416942, 0.953829, 0.071568, 0.291701, -0.29225, -0.0029022, 0.956338, 0.0692903, -0.997432, 0.0181475)

[15]
    Time: 1.416667
    HumanoidRootPart.CFrame = CFrame.new(0, 0, 0, 1, 0, 0, 0, 1, 0, 0, 0, 1)
    Torso.CFrame = CFrame.new(-0.0125099, -0.02207, -0.0917778, 0.999837, 0.0130607, -0.01251, -0.0133347, 0.999668, -0.02207, 0.0122176, 0.0222332, 0.999678)
    Head.CFrame = CFrame.new(-2.6339e-09, 4.7715e-07, 0, 1, -4.36557e-10, 6.3912e-08, 0, 1, 1.64437e-09, -6.37083e-08, -1.01863e-09, 1)
    Left Leg.CFrame = CFrame.new(0.00327134, 0.12066, 0.0812132, 0.908408, 0.00218113, 0.418079, -0.0416988, 0.995472, 0.0854183, -0.416, -0.0950295, 0.904386)
    Right Arm.CFrame = CFrame.new(-0.119519, 0.432012, 0.38358, 0.950076, -0.0487946, -0.308179, 0.255564, -0.444945, 0.858319, -0.179005, -0.894228, -0.410262)
    Right Leg.CFrame = CFrame.new(0.0115064, 0.144813, 0.086551, 0.918443, -0.0123752, -0.39536, 0.0566818, 0.993312, 0.100592, 0.391471, -0.114799, 0.913002)
    Left Arm.CFrame = CFrame.new(0.0883687, -0.585173, 0.262962, 0.946776, 0.0948363, 0.307604, -0.316644, 0.446249, 0.837018, -0.0578877, -0.88987, 0.452527)

[16]
    Time: 1.500000
    HumanoidRootPart.CFrame = CFrame.new(0, 0, 0, 1, 0, 0, 0, 1, 0, 0, 0, 1)
    Torso.CFrame = CFrame.new(-0.0323305, -0.0225589, -0.113165, 0.999837, 0.0130607, -0.01251, -0.0133347, 0.999668, -0.02207, 0.0122176, 0.0222332, 0.999678)
    Head.CFrame = CFrame.new(1.96451e-09, 2.38731e-07, 0, 1, -4.36557e-10, 6.3912e-08, 0, 1, 1.64437e-09, -6.37083e-08, -1.01863e-09, 1)
    Left Leg.CFrame = CFrame.new(0.00386307, 0.144753, 0.0826089, 0.908794, 0.00205961, 0.417241, -0.0458971, 0.994412, 0.0950679, -0.414714, -0.105549, 0.90381)
    Right Arm.CFrame = CFrame.new(-0.102211, -0.19318, 0.416942, 0.953829, -0.071568, -0.291701, 0.29225, -0.00290239, 0.956338, -0.0692904, -0.997432, 0.0181473)
    Right Leg.CFrame = CFrame.new(0.0114183, 0.163914, 0.0811333, 0.918212, -0.0115657, -0.39592, 0.0527542, 0.994238, 0.0933114, 0.39256, -0.106568, 0.913532)
    Left Arm.CFrame = CFrame.new(0.102211, -0.19318, 0.416943, 0.953829, 0.071568, 0.291701, -0.29225, -0.0029022, 0.956338, 0.0692903, -0.997432, 0.0181475)

[17]
    Time: 1.583333
    HumanoidRootPart.CFrame = CFrame.new(0, 0, 0, 1, 0, 0, 0, 1, 0, 0, 0, 1)
    Torso.CFrame = CFrame.new(-0.058268, -0.0225589, -0.0932827, 0.999837, 0.0130607, -0.01251, -0.0133347, 0.999668, -0.02207, 0.0122176, 0.0222332, 0.999678)
    Head.CFrame = CFrame.new(1.0186e-10, 2.38731e-07, 0, 1, -4.36557e-10, 6.3912e-08, 0, 1, 1.64437e-09, -6.37083e-08, -1.01863e-09, 1)
    Left Leg.CFrame = CFrame.new(0.00423355, 0.127275, 0.0890336, 0.909161, 0.00256053, 0.416437, -0.0507695, 0.993203, 0.104741, -0.413339, -0.11637, 0.903111)
    Right Arm.CFrame = CFrame.new(-0.0883686, -0.585173, 0.262962, 0.946776, -0.0948363, -0.307604, 0.316644, 0.446249, 0.837018, 0.0578877, -0.88987, 0.452527)
    Right Leg.CFrame = CFrame.new(0.0121366, 0.140084, 0.0788519, 0.917807, -0.0109405, -0.396876, 0.0470605, 0.99557, 0.0813952, 0.394228, -0.0933837, 0.914256)
    Left Arm.CFrame = CFrame.new(0.119519, 0.432013, 0.38358, 0.950076, 0.0487945, 0.30818, -0.255564, -0.444945, 0.858319, 0.179005, -0.894227, -0.410262)

[18]
    Time: 1.708333
    HumanoidRootPart.CFrame = CFrame.new(0, 0, 0, 1, 0, 0, 0, 1, 0, 0, 0, 1)
    Torso.CFrame = CFrame.new(-0.058268, -0.0225589, -0.0611596, 0.999837, 0.0130607, -0.01251, -0.0133347, 0.999668, -0.02207, 0.0122176, 0.0222332, 0.999678)
    Head.CFrame = CFrame.new(3.82715e-09, 3.12866e-10, 0, 1, -4.36557e-10, 6.3912e-08, 0, 1, 1.64437e-09, -6.37083e-08, -1.01863e-09, 1)
    Left Leg.CFrame = CFrame.new(0.00400682, 0.0945784, 0.0924009, 0.909074, 0.00278568, 0.416625, -0.0501164, 0.993447, 0.102719, -0.41361, -0.114261, 0.903256)
    Right Arm.CFrame = CFrame.new(-0.102211, -0.19318, 0.416942, 0.953829, -0.071568, -0.291701, 0.29225, -0.00290239, 0.956338, -0.0692904, -0.997432, 0.0181473)
    Right Leg.CFrame = CFrame.new(0.012644, 0.107544, 0.081667, 0.917758, -0.0110274, -0.396986, 0.0466084, 0.995696, 0.0801001, 0.394395, -0.0920169, 0.914323)
    Left Arm.CFrame = CFrame.new(0.102211, -0.19318, 0.416942, 0.953829, 0.071568, 0.291701, -0.29225, -0.0029022, 0.956338, 0.0692903, -0.997432, 0.0181475)

[19]
    Time: 1.791667
    HumanoidRootPart.CFrame = CFrame.new(0, 0, 0, 1, 0, 0, 0, 1, 0, 0, 0, 1)
    Torso.CFrame = CFrame.new(-0.0231804, -0.0225589, -0.0550477, 0.999837, 0.0130607, -0.01251, -0.0133347, 0.999668, -0.02207, 0.0122176, 0.0222332, 0.999678)
    Head.CFrame = CFrame.new(5.6898e-09, 3.12866e-10, 0, 1, -4.36557e-10, 6.3912e-08, 0, 1, 1.64437e-09, -6.37083e-08, -1.01863e-09, 1)
    Left Leg.CFrame = CFrame.new(0.00327601, 0.0845748, 0.0863916, 0.908503, 0.0023511, 0.417872, -0.0430187, 0.995197, 0.0879364, -0.415658, -0.0978682, 0.90424)
    Right Arm.CFrame = CFrame.new(-0.119519, 0.432012, 0.38358, 0.950076, -0.0487946, -0.308179, 0.255564, -0.444945, 0.858319, -0.179005, -0.894228, -0.410262)
    Right Leg.CFrame = CFrame.new(0.0122136, 0.106221, 0.0885636, 0.91824, -0.0119397, -0.395846, 0.0536276, 0.994086, 0.0944237, 0.392378, -0.107933, 0.91345)
    Left Arm.CFrame = CFrame.new(0.0883686, -0.585173, 0.262962, 0.946776, 0.0948363, 0.307604, -0.316644, 0.446249, 0.837018, -0.0578877, -0.88987, 0.452527)

[20]
    Time: 1.916667
    HumanoidRootPart.CFrame = CFrame.new(0, 0, 0, 1, 0, 0, 0, 1, 0, 0, 0, 1)
    Torso.CFrame = CFrame.new(-0.0109698, -0.0221425, -0.0642221, 0.999837, 0.0130607, -0.01251, -0.0133347, 0.999668, -0.02207, 0.0122176, 0.0222332, 0.999678)
    Head.CFrame = CFrame.new(1.61526e-09, 1.19522e-07, 0, 1, -4.36557e-10, 6.3912e-08, 0, 1, 1.64437e-09, -6.37083e-08, -1.01863e-09, 1)
    Left Leg.CFrame = CFrame.new(0.00304697, 0.0924503, 0.0833001, 0.908321, 0.00231963, 0.418267, -0.0409067, 0.995683, 0.0833203, -0.416268, -0.092793, 0.904495)
    Right Arm.CFrame = CFrame.new(-0.102211, -0.193179, 0.416942, 0.953829, -0.071568, -0.291701, 0.29225, -0.00290239, 0.956338, -0.0692904, -0.997432, 0.0181473)
    Right Leg.CFrame = CFrame.new(0.011934, 0.117073, 0.0897847, 0.918415, -0.0124333, -0.395422, 0.0564419, 0.993399, 0.0998658, 0.391571, -0.114038, 0.913054)
    Left Arm.CFrame = CFrame.new(0.102211, -0.193179, 0.416942, 0.953829, 0.071568, 0.291701, -0.29225, -0.0029022, 0.956338, 0.0692903, -0.997432, 0.0181475)

[21]
    Time: 2.000000
    HumanoidRootPart.CFrame = CFrame.new(0, 0, 0, 1, 0, 0, 0, 1, 0, 0, 0, 1)
    Torso.CFrame = CFrame.new(-0.0125099, -0.02207, -0.0917778, 0.999837, 0.0130607, -0.01251, -0.0133347, 0.999668, -0.02207, 0.0122176, 0.0222332, 0.999678)
    Head.CFrame = CFrame.new(-2.6339e-09, 4.7715e-07, 0, 1, -4.36557e-10, 6.3912e-08, 0, 1, 1.64437e-09, -6.37083e-08, -1.01863e-09, 1)
    Left Leg.CFrame = CFrame.new(0.00327134, 0.12066, 0.0812132, 0.908408, 0.00218113, 0.418079, -0.0416988, 0.995472, 0.0854183, -0.416, -0.0950295, 0.904386)
    Right Arm.CFrame = CFrame.new(-0.0883686, -0.585172, 0.262962, 0.946776, -0.0948363, -0.307604, 0.316644, 0.446249, 0.837018, 0.0578877, -0.88987, 0.452527)
    Right Leg.CFrame = CFrame.new(0.0115064, 0.144813, 0.086551, 0.918443, -0.0123752, -0.39536, 0.0566818, 0.993312, 0.100592, 0.391471, -0.114799, 0.913002)
    Left Arm.CFrame = CFrame.new(0.119519, 0.432013, 0.38358, 0.950076, 0.0487945, 0.30818, -0.255564, -0.444945, 0.858319, 0.179005, -0.894227, -0.410262)

[22]
    Time: 2.083333
    HumanoidRootPart.CFrame = CFrame.new(0, 0, 0, 1, 0, 0, 0, 1, 0, 0, 0, 1)
    Torso.CFrame = CFrame.new(-0.0323305, -0.0225589, -0.113165, 0.999837, 0.0130607, -0.01251, -0.0133347, 0.999668, -0.02207, 0.0122176, 0.0222332, 0.999678)
    Head.CFrame = CFrame.new(1.96451e-09, 2.38731e-07, 0, 1, -4.36557e-10, 6.3912e-08, 0, 1, 1.64437e-09, -6.37083e-08, -1.01863e-09, 1)
    Left Leg.CFrame = CFrame.new(0.00386307, 0.144753, 0.0826089, 0.908794, 0.00205961, 0.417241, -0.0458971, 0.994412, 0.0950679, -0.414714, -0.105549, 0.90381)
    Right Arm.CFrame = CFrame.new(-0.102211, -0.19318, 0.416942, 0.953829, -0.071568, -0.291701, 0.29225, -0.00290239, 0.956338, -0.0692904, -0.997432, 0.0181473)
    Right Leg.CFrame = CFrame.new(0.0114183, 0.163914, 0.0811333, 0.918212, -0.0115657, -0.39592, 0.0527542, 0.994238, 0.0933114, 0.39256, -0.106568, 0.913532)
    Left Arm.CFrame = CFrame.new(0.102211, -0.19318, 0.416943, 0.953829, 0.071568, 0.291701, -0.29225, -0.0029022, 0.956338, 0.0692903, -0.997432, 0.0181475)

[23]
    Time: 2.208333
    HumanoidRootPart.CFrame = CFrame.new(0, 0, 0, 1, 0, 0, 0, 1, 0, 0, 0, 1)
    Torso.CFrame = CFrame.new(-0.058268, -0.0225589, -0.270659, 0.999837, 0.0130607, -0.01251, -0.0133347, 0.999668, -0.02207, 0.0122176, 0.0222332, 0.999678)
    Head.CFrame = CFrame.new(2.06636e-09, 2.39044e-07, 0, 1, -4.36557e-10, 6.3912e-08, 0, 1, 1.64437e-09, -6.37083e-08, -1.01863e-09, 1)
    Left Leg.CFrame = CFrame.new(0.00518878, 0.308016, 0.067971, 0.909699, 0.00118563, 0.415266, -0.0547907, 0.991595, 0.117204, -0.411638, -0.129374, 0.902118)
    Right Arm.CFrame = CFrame.new(0.39547, -0.277543, -0.304056, -0.374791, -0.423731, 0.824612, 0.777358, 0.341066, 0.528572, -0.505218, 0.839122, 0.201562)
    Right Leg.CFrame = CFrame.new(0.00948316, 0.319967, 0.0617086, 0.918109, -0.0103979, -0.396191, 0.049839, 0.994748, 0.0893952, 0.393181, -0.101822, 0.913806)
    Left Arm.CFrame = CFrame.new(-0.00248969, -0.379377, -0.325361, -0.40429, 0.646761, -0.646723, -0.640783, 0.304262, 0.704856, 0.652646, 0.699375, 0.291423)

[24]
    Time: 2.291667
    HumanoidRootPart.CFrame = CFrame.new(0, 0, 0, 1, 0, 0, 0, 1, 0, 0, 0, 1)
    Torso.CFrame = CFrame.new(-0.175841, -0.0225589, -0.152794, 0.999837, 0.0130607, -0.01251, -0.0133347, 0.999668, -0.02207, 0.0122176, 0.0222332, 0.999678)
    Head.CFrame = CFrame.new(-0.108454, -0.000150347, -0.000297576, 0.999995, -0.00137994, -0.00274859, 0.00138848, 0.999994, 0.00311036, 0.00274428, -0.00311416, 0.999991)
    Left Leg.CFrame = CFrame.new(0.00684986, 0.196946, 0.100119, 0.911246, 0.00373482, 0.411847, -0.0758438, 0.984378, 0.158892, -0.40482, -0.176027, 0.897294)
    Right Arm.CFrame = CFrame.new(0.39547, -0.277543, -0.304056, -0.374791, -0.423731, 0.824612, 0.777358, 0.341066, 0.528572, -0.505218, 0.839122, 0.201562)
    Right Leg.CFrame = CFrame.new(0.0131708, 0.180054, 0.0565849, 0.916114, -0.0075781, -0.400845, 0.022501, 0.999217, 0.0325429, 0.400285, -0.0388339, 0.915568)
    Left Arm.CFrame = CFrame.new(-0.00248969, -0.379377, -0.325361, -0.40429, 0.646761, -0.646723, -0.640783, 0.304262, 0.704856, 0.652646, 0.699375, 0.291423)

[25]
    Time: 2.416667
    HumanoidRootPart.CFrame = CFrame.new(0, 0, 0, 1, 0, 0, 0, 1, 0, 0, 0, 1)
    Torso.CFrame = CFrame.new(-0.12546, -0.0225589, -0.0823488, 0.999837, 0.0130607, -0.01251, -0.0133347, 0.999668, -0.02207, 0.0122176, 0.0222332, 0.999678)
    Head.CFrame = CFrame.new(-0.288336, -0.000795062, -0.00156435, 0.99997, -0.00343327, -0.00687855, 0.00348668, 0.999964, 0.00776754, 0.00685164, -0.00779129, 0.999946)
    Left Leg.CFrame = CFrame.new(0.0054439, 0.122086, 0.10221, 0.910194, 0.00353909, 0.414168, -0.063846, 0.989209, 0.131866, -0.409232, -0.146468, 0.900598)
    Right Arm.CFrame = CFrame.new(0.39547, -0.277543, -0.304056, -0.374791, -0.423731, 0.824612, 0.777358, 0.341066, 0.528572, -0.505218, 0.839122, 0.201562)
    Right Leg.CFrame = CFrame.new(0.0133528, 0.118305, 0.0682283, 0.916817, -0.00921682, -0.399201, 0.0329517, 0.99807, 0.0526426, 0.397945, -0.0614194, 0.915351)
    Left Arm.CFrame = CFrame.new(-0.00248975, -0.379377, -0.325361, -0.40429, 0.646761, -0.646723, -0.640783, 0.304262, 0.704856, 0.652646, 0.699375, 0.291423)

[26]
    Time: 2.500000
    HumanoidRootPart.CFrame = CFrame.new(0, 0, 0, 1, 0, 0, 0, 1, 0, 0, 0, 1)
    Torso.CFrame = CFrame.new(-0.108666, -0.0219311, -0.0701151, 0.999837, 0.0130607, -0.01251, -0.0133347, 0.999668, -0.02207, 0.0122176, 0.0222332, 0.999678)
    Head.CFrame = CFrame.new(-0.108454, -0.000150347, -0.000297576, 0.999995, -0.00137994, -0.00274859, 0.00138848, 0.999994, 0.00311036, 0.00274428, -0.00311416, 0.999991)
    Left Leg.CFrame = CFrame.new(0.00495942, 0.108268, 0.100698, 0.909876, 0.0037031, 0.414863, -0.0605346, 0.990442, 0.123931, -0.41044, -0.137877, 0.901404)
    Right Arm.CFrame = CFrame.new(0.39547, -0.277543, -0.304056, -0.374791, -0.423731, 0.824612, 0.777358, 0.341066, 0.528572, -0.505218, 0.839122, 0.201562)
    Right Leg.CFrame = CFrame.new(0.0133487, 0.108728, 0.0719349, 0.917038, -0.0100097, -0.398675, 0.0366399, 0.997571, 0.0592416, 0.397114, -0.0689356, 0.915177)
    Left Arm.CFrame = CFrame.new(-0.00248963, -0.379377, -0.325361, -0.40429, 0.646761, -0.646723, -0.640783, 0.304262, 0.704856, 0.652646, 0.699375, 0.291423)

[27]
    Time: 2.583333
    HumanoidRootPart.CFrame = CFrame.new(0, 0, 0, 1, 0, 0, 0, 1, 0, 0, 0, 1)
    Torso.CFrame = CFrame.new(-0.0796675, -0.0219311, -0.0792918, 0.999837, 0.0130607, -0.01251, -0.0133347, 0.999668, -0.02207, 0.0122176, 0.0222332, 0.999678)
    Head.CFrame = CFrame.new(0.151436, 0.000849772, 0.00166541, 0.999962, -0.0038799, -0.00778331, 0.00394824, 0.999954, 0.0087852, 0.00774886, -0.00881559, 0.999931)
    Left Leg.CFrame = CFrame.new(0.00447164, 0.115067, 0.0943287, 0.909448, 0.00325466, 0.415805, -0.0550338, 0.992114, 0.112612, -0.41216, -0.1253, 0.902455)
    Right Arm.CFrame = CFrame.new(0.39547, -0.277543, -0.304056, -0.374791, -0.423731, 0.824612, 0.777358, 0.341066, 0.528572, -0.505218, 0.839122, 0.201562)
    Right Leg.CFrame = CFrame.new(0.0127586, 0.122643, 0.0763723, 0.917467, -0.0107353, -0.397668, 0.0427387, 0.996509, 0.0717103, 0.39551, -0.0827891, 0.914723)
    Left Arm.CFrame = CFrame.new(-0.00248969, -0.379377, -0.325361, -0.40429, 0.646761, -0.646723, -0.640783, 0.304262, 0.704856, 0.652646, 0.699375, 0.291423)

[28]
    Time: 2.708333
    HumanoidRootPart.CFrame = CFrame.new(0, 0, 0, 1, 0, 0, 0, 1, 0, 0, 0, 1)
    Torso.CFrame = CFrame.new(-0.0460972, -0.0219311, -0.0869389, 0.999837, 0.0130607, -0.01251, -0.0133347, 0.999668, -0.02207, 0.0122176, 0.0222332, 0.999678)
    Head.CFrame = CFrame.new(0.374768, 0.00211692, 0.00414032, 0.999923, -0.00553062, -0.0111477, 0.00567056, 0.999905, 0.0125613, 0.0110772, -0.0126235, 0.999859)
    Left Leg.CFrame = CFrame.new(0.00387855, 0.119508, 0.087539, 0.908935, 0.0027472, 0.41693, -0.0484823, 0.99389, 0.0991537, -0.41411, -0.110339, 0.903514)
    Right Arm.CFrame = CFrame.new(0.39547, -0.277543, -0.304056, -0.374791, -0.423731, 0.824612, 0.777358, 0.341066, 0.528572, -0.505218, 0.839122, 0.201562)
    Right Leg.CFrame = CFrame.new(0.012114, 0.135358, 0.0814359, 0.917957, -0.0115888, -0.39651, 0.0497741, 0.995037, 0.0861581, 0.393544, -0.0988268, 0.913979)
    Left Arm.CFrame = CFrame.new(-0.00248969, -0.379377, -0.325361, -0.40429, 0.646761, -0.646723, -0.640783, 0.304262, 0.704856, 0.652646, 0.699375, 0.291423)

[29]
    Time: 2.791667
    HumanoidRootPart.CFrame = CFrame.new(0, 0, 0, 1, 0, 0, 0, 1, 0, 0, 0, 1)
    Torso.CFrame = CFrame.new(-0.0277887, -0.0219311, -0.099174, 0.999837, 0.0130607, -0.01251, -0.0133347, 0.999668, -0.02207, 0.0122176, 0.0222332, 0.999678)
    Head.CFrame = CFrame.new(0.151436, 0.000849772, 0.00166541, 0.999962, -0.0038799, -0.00778331, 0.00394824, 0.999954, 0.0087852, 0.00774886, -0.00881559, 0.999931)
    Left Leg.CFrame = CFrame.new(0.00360835, 0.129952, 0.0831696, 0.908671, 0.00240884, 0.417507, -0.0450045, 0.994721, 0.0922177, -0.415081, -0.102587, 0.903982)
    Right Arm.CFrame = CFrame.new(0.39547, -0.277543, -0.304056, -0.374791, -0.423731, 0.824612, 0.777358, 0.341066, 0.528572, -0.505218, 0.839122, 0.201562)
    Right Leg.CFrame = CFrame.new(0.0116367, 0.150291, 0.0832623, 0.918238, -0.0120326, -0.395847, 0.0537451, 0.994076, 0.0944628, 0.392366, -0.108016, 0.913445)
    Left Arm.CFrame = CFrame.new(-0.00248975, -0.379377, -0.325361, -0.40429, 0.646761, -0.646723, -0.640783, 0.304262, 0.704856, 0.652646, 0.699375, 0.291423)

[30]
    Time: 2.916667
    HumanoidRootPart.CFrame = CFrame.new(0, 0, 0, 1, 0, 0, 0, 1, 0, 0, 0, 1)
    Torso.CFrame = CFrame.new(-0.0469628, -0.0219311, -0.117104, 0.999837, 0.0130607, -0.01251, -0.0133347, 0.999668, -0.02207, 0.0122176, 0.0222332, 0.999678)
    Head.CFrame = CFrame.new(-0.108454, -0.000150347, -0.000297576, 0.999995, -0.00137994, -0.00274859, 0.00138848, 0.999994, 0.00311036, 0.00274428, -0.00311416, 0.999991)
    Left Leg.CFrame = CFrame.new(0.00411002, 0.150309, 0.0845794, 0.909029, 0.00254793, 0.416725, -0.0492607, 0.993626, 0.101388, -0.413811, -0.112694, 0.903361)
    Right Arm.CFrame = CFrame.new(0.39547, -0.277543, -0.304056, -0.374791, -0.423731, 0.824612, 0.777358, 0.341066, 0.528572, -0.505218, 0.839122, 0.201562)
    Right Leg.CFrame = CFrame.new(0.0116484, 0.165809, 0.0784406, 0.917994, -0.0114886, -0.396427, 0.0500669, 0.994939, 0.0871131, 0.39342, -0.0998187, 0.913924)
    Left Arm.CFrame = CFrame.new(-0.00248969, -0.379377, -0.325361, -0.40429, 0.646761, -0.646723, -0.640783, 0.304262, 0.704856, 0.652646, 0.699375, 0.291423)

[31]
    Time: 3.000000
    HumanoidRootPart.CFrame = CFrame.new(0, 0, 0, 1, 0, 0, 0, 1, 0, 0, 0, 1)
    Torso.CFrame = CFrame.new(-0.0559102, -0.0219311, -0.111985, 0.999837, 0.0130607, -0.01251, -0.0133347, 0.999668, -0.02207, 0.0122176, 0.0222332, 0.999678)
    Head.CFrame = CFrame.new(-0.288336, -0.000795062, -0.00156435, 0.99997, -0.00343327, -0.00687855, 0.00348668, 0.999964, 0.00776754, 0.00685164, -0.00779129, 0.999946)
    Left Leg.CFrame = CFrame.new(0.00425151, 0.146029, 0.0865919, 0.90916, 0.0027093, 0.416438, -0.050979, 0.993181, 0.104843, -0.413315, -0.11655, 0.903099)
    Right Arm.CFrame = CFrame.new(0.39547, -0.277543, -0.304056, -0.374791, -0.423731, 0.824612, 0.777358, 0.341066, 0.528572, -0.505218, 0.839122, 0.201562)
    Right Leg.CFrame = CFrame.new(0.0118695, 0.159328, 0.0775207, 0.917857, -0.0112676, -0.396752, 0.0481193, 0.995382, 0.0830607, 0.393984, -0.0953307, 0.91416)
    Left Arm.CFrame = CFrame.new(-0.00248969, -0.379377, -0.325361, -0.40429, 0.646761, -0.646723, -0.640783, 0.304262, 0.704856, 0.652646, 0.699375, 0.291423)

[32]
    Time: 3.083333
    HumanoidRootPart.CFrame = CFrame.new(0, 0, 0, 1, 0, 0, 0, 1, 0, 0, 0, 1)
    Torso.CFrame = CFrame.new(-0.062301, -0.0219311, -0.105587, 0.999837, 0.0130607, -0.01251, -0.0133347, 0.999668, -0.02207, 0.0122176, 0.0222332, 0.999678)
    Head.CFrame = CFrame.new(-0.108454, -0.000150347, -0.000297576, 0.999995, -0.00137994, -0.00274859, 0.00138848, 0.999994, 0.00311036, 0.00274428, -0.00311416, 0.999991)
    Left Leg.CFrame = CFrame.new(0.00432834, 0.14016, 0.088358, 0.909246, 0.0028405, 0.41625, -0.0521359, 0.992878, 0.107117, -0.412982, -0.119098, 0.902918)
    Right Arm.CFrame = CFrame.new(0.39547, -0.277543, -0.304056, -0.374791, -0.423731, 0.824612, 0.777358, 0.341066, 0.528572, -0.505218, 0.839122, 0.201562)
    Right Leg.CFrame = CFrame.new(0.0120695, 0.151902, 0.0770773, 0.917755, -0.0111179, -0.396992, 0.0466931, 0.995695, 0.0800674, 0.394394, -0.0920205, 0.914323)
    Left Arm.CFrame = CFrame.new(-0.00248963, -0.379377, -0.325361, -0.40429, 0.646761, -0.646723, -0.640783, 0.304262, 0.704856, 0.652646, 0.699375, 0.291423)

[33]
    Time: 3.208333
    HumanoidRootPart.CFrame = CFrame.new(0, 0, 0, 1, 0, 0, 0, 1, 0, 0, 0, 1)
    Torso.CFrame = CFrame.new(-0.0674134, -0.0218779, -0.103029, 0.999837, 0.0130607, -0.01251, -0.0133347, 0.999668, -0.02207, 0.0122176, 0.0222332, 0.999678)
    Head.CFrame = CFrame.new(0.151436, 0.000849772, 0.00166541, 0.999962, -0.0038799, -0.00778331, 0.00394824, 0.999954, 0.0087852, 0.00774886, -0.00881559, 0.999931)
    Left Leg.CFrame = CFrame.new(0.00440465, 0.138056, 0.089504, 0.909319, 0.00295529, 0.416089, -0.0531373, 0.992611, 0.109084, -0.412692, -0.121304, 0.902757)
    Right Arm.CFrame = CFrame.new(0.39547, -0.277543, -0.304056, -0.374791, -0.423731, 0.824612, 0.777358, 0.341066, 0.528572, -0.505218, 0.839122, 0.201562)
    Right Leg.CFrame = CFrame.new(0.0121951, 0.148541, 0.076472, 0.917676, -0.011018, -0.397177, 0.0456165, 0.995926, 0.0777774, 0.394703, -0.0894937, 0.91444)
    Left Arm.CFrame = CFrame.new(-0.00248963, -0.379377, -0.325361, -0.40429, 0.646761, -0.646723, -0.640783, 0.304262, 0.704856, 0.652646, 0.699375, 0.291423)

[34]
    Time: 3.291667
    HumanoidRootPart.CFrame = CFrame.new(0, 0, 0, 1, 0, 0, 0, 1, 0, 0, 0, 1)
    Torso.CFrame = CFrame.new(-0.0597438, -0.0218022, -0.0991936, 0.999837, 0.0130607, -0.01251, -0.0133347, 0.999668, -0.02207, 0.0122176, 0.0222332, 0.999678)
    Head.CFrame = CFrame.new(0.374768, 0.00211692, 0.00414032, 0.999923, -0.00553062, -0.0111477, 0.00567056, 0.999905, 0.0125613, 0.0110772, -0.0126235, 0.999859)
    Left Leg.CFrame = CFrame.new(0.00422056, 0.133385, 0.0886163, 0.909184, 0.00291448, 0.416385, -0.0515442, 0.993071, 0.105604, -0.413193, -0.117478, 0.903034)
    Right Arm.CFrame = CFrame.new(0.39547, -0.277543, -0.304056, -0.374791, -0.423731, 0.824612, 0.777358, 0.341066, 0.528572, -0.505218, 0.839122, 0.201562)
    Right Leg.CFrame = CFrame.new(0.0121474, 0.145793, 0.0780531, 0.917779, -0.0112648, -0.396932, 0.0471927, 0.995607, 0.0808714, 0.394277, -0.0929558, 0.914278)
    Left Arm.CFrame = CFrame.new(-0.00248969, -0.379376, -0.325361, -0.40429, 0.646761, -0.646723, -0.640783, 0.304262, 0.704856, 0.652646, 0.699375, 0.291423)

[35]
    Time: 3.416667
    HumanoidRootPart.CFrame = CFrame.new(0, 0, 0, 1, 0, 0, 0, 1, 0, 0, 0, 1)
    Torso.CFrame = CFrame.new(-0.0482405, -0.0218022, -0.0940747, 0.999837, 0.0130607, -0.01251, -0.0133347, 0.999668, -0.02207, 0.0122176, 0.0222332, 0.999678)
    Head.CFrame = CFrame.new(0.151436, 0.000849772, 0.00166541, 0.999962, -0.0038799, -0.00778331, 0.00394824, 0.999954, 0.0087852, 0.00774886, -0.00881559, 0.999931)
    Left Leg.CFrame = CFrame.new(0.00396073, 0.126988, 0.0871782, 0.908985, 0.00279262, 0.41682, -0.0491179, 0.993727, 0.100465, -0.413925, -0.111796, 0.90342)
    Right Arm.CFrame = CFrame.new(0.39547, -0.277543, -0.304056, -0.374791, -0.423731, 0.824612, 0.777358, 0.341066, 0.528572, -0.505218, 0.839122, 0.201562)
    Right Leg.CFrame = CFrame.new(0.0120482, 0.142274, 0.0804072, 0.917936, -0.0115789, -0.396561, 0.0495016, 0.995104, 0.0855366, 0.393629, -0.0981489, 0.914015)
    Left Arm.CFrame = CFrame.new(-0.00248969, -0.379377, -0.325361, -0.40429, 0.646761, -0.646723, -0.640783, 0.304262, 0.704856, 0.652646, 0.699375, 0.291423)

[36]
    Time: 3.500000
    HumanoidRootPart.CFrame = CFrame.new(0, 0, 0, 1, 0, 0, 0, 1, 0, 0, 0, 1)
    Torso.CFrame = CFrame.new(-0.0354589, -0.0218022, -0.0927961, 0.999837, 0.0130607, -0.01251, -0.0133347, 0.999668, -0.02207, 0.0122176, 0.0222332, 0.999678)
    Head.CFrame = CFrame.new(-0.108454, -0.000150347, -0.000297576, 0.999995, -0.00137994, -0.00274859, 0.00138848, 0.999994, 0.00311036, 0.00274428, -0.00311416, 0.999991)
    Left Leg.CFrame = CFrame.new(0.00370109, 0.124309, 0.0850942, 0.908776, 0.00262529, 0.417276, -0.0465069, 0.994387, 0.095038, -0.414685, -0.105776, 0.903797)
    Right Arm.CFrame = CFrame.new(0.39547, -0.277543, -0.304056, -0.374791, -0.423731, 0.824612, 0.777358, 0.341066, 0.528572, -0.505218, 0.839122, 0.201562)
    Right Leg.CFrame = CFrame.new(0.0118707, 0.142769, 0.0826415, 0.918115, -0.0119139, -0.396135, 0.0521177, 0.994496, 0.0908909, 0.392872, -0.104095, 0.913683)
    Left Arm.CFrame = CFrame.new(-0.00248957, -0.379377, -0.325361, -0.40429, 0.646761, -0.646723, -0.640783, 0.304262, 0.704856, 0.652646, 0.699375, 0.291423)

[37]
    Time: 3.583333
    HumanoidRootPart.CFrame = CFrame.new(0, 0, 0, 1, 0, 0, 0, 1, 0, 0, 0, 1)
    Torso.CFrame = CFrame.new(-0.0188429, -0.0218022, -0.10048, 0.999837, 0.0130607, -0.01251, -0.0133347, 0.999668, -0.02207, 0.0122176, 0.0222332, 0.999678)
    Head.CFrame = CFrame.new(-0.288336, -0.000795062, -0.00156435, 0.99997, -0.00343327, -0.00687855, 0.00348668, 0.999964, 0.00776754, 0.00685164, -0.00779129, 0.999946)
    Left Leg.CFrame = CFrame.new(0.00342628, 0.130242, 0.0815202, 0.908526, 0.00233849, 0.417822, -0.0432613, 0.995135, 0.0885072, -0.415583, -0.0984881, 0.904208)
    Right Arm.CFrame = CFrame.new(0.39547, -0.277543, -0.304056, -0.374791, -0.423731, 0.824612, 0.777358, 0.341066, 0.528572, -0.505218, 0.839122, 0.201562)
    Right Leg.CFrame = CFrame.new(0.0114908, 0.152793, 0.08457, 0.918364, -0.0123262, -0.395546, 0.0556703, 0.993598, 0.0982987, 0.391802, -0.112296, 0.913171)
    Left Arm.CFrame = CFrame.new(-0.00248963, -0.379377, -0.325361, -0.40429, 0.646761, -0.646723, -0.640783, 0.304262, 0.704856, 0.652646, 0.699375, 0.291423)

[38]
    Time: 3.708333
    HumanoidRootPart.CFrame = CFrame.new(0, 0, 0, 1, 0, 0, 0, 1, 0, 0, 0, 1)
    Torso.CFrame = CFrame.new(-0.0239559, -0.0218022, -0.105602, 0.999837, 0.0130607, -0.01251, -0.0133347, 0.999668, -0.02207, 0.0122176, 0.0222332, 0.999678)
    Head.CFrame = CFrame.new(-0.108454, -0.000150347, -0.000297576, 0.999995, -0.00137994, -0.00274859, 0.00138848, 0.999994, 0.00311036, 0.00274428, -0.00311416, 0.999991)
    Left Leg.CFrame = CFrame.new(0.00356197, 0.136048, 0.0819114, 0.908622, 0.00237232, 0.417613, -0.0443963, 0.994865, 0.0909517, -0.415254, -0.101183, 0.904061)
