[1]
    Time: 0.000000
    HumanoidRootPart.CFrame = CFrame.new(0, 0, 0, 1, 0, 0, 0, 1, 0, 0, 0, 1)
    Torso.CFrame = CFrame.new(0.0723853, 0.0874945, -0.0390315, 0.981895, -0.009912, 0.189165, -0.0336521, 0.973617, 0.225694, -0.186411, -0.227974, 0.955656)
    Left Leg.CFrame = CFrame.new(-0.5626, 0.146349, -0.154754, 0.811851, -0.417096, -0.40857, 0.495121, 0.862679, 0.103151, 0.309441, -0.286034, 0.90688)
    Right Arm.CFrame = CFrame.new(0.35007, 0.349432, 0.517122, 0.0806055, -0.553946, -0.828642, -0.0493132, -0.832545, 0.551758, -0.995525, -0.00361187, -0.0944246)
    Left Arm.CFrame = CFrame.new(-0.0131264, -0.299388, -0.126869, 0.808635, -0.342477, 0.47835, 0.198933, 0.924372, 0.325518, -0.553656, -0.168066, 0.81561)
    Right Leg.CFrame = CFrame.new(0.995665, -0.0940599, -0.120654, 0.699108, 0.714764, -0.0190051, -0.714732, 0.699332, 0.00960554, 0.0201566, 0.0068682, 0.999773)
    Head.CFrame = CFrame.new(-0.00745994, -0.00314548, 0.00346637, 0.803014, 0.172542, 0.570436, -0.305333, 0.941117, 0.14516, -0.511801, -0.290738, 0.808413)

[2]
    Time: 0.033333
    HumanoidRootPart.CFrame = CFrame.new(0, 0, 0, 1, 0, 0, 0, 1, 0, 0, 0, 1)
    Torso.CFrame = CFrame.new(0.0739721, 0.0825721, -0.100971, 0.978906, 0.0101386, 0.204059, -0.0399757, 0.988968, 0.142634, -0.200362, -0.147782, 0.968512)
    Left Leg.CFrame = CFrame.new(-0.587451, 0.193923, -0.12472, 0.846275, -0.369134, -0.384134, 0.453041, 0.878028, 0.15434, 0.280308, -0.304643, 0.910286)
    Right Arm.CFrame = CFrame.new(0.373838, 0.51387, 0.408853, 0.168296, -0.332068, -0.92812, 0.0906077, -0.932353, 0.350012, -0.981563, -0.143001, -0.126823)
    Left Arm.CFrame = CFrame.new(-0.0191269, -0.299676, -0.121999, 0.827114, -0.314933, 0.46551, 0.170179, 0.929712, 0.32661, -0.535651, -0.190923, 0.822573)
    Right Leg.CFrame = CFrame.new(1.15293, -0.0141625, -0.0182275, 0.690705, 0.714812, -0.109406, -0.721159, 0.692069, -0.0311532, 0.0534478, 0.100417, 0.993509)
    Head.CFrame = CFrame.new(-0.00718848, -0.00490267, 0.00379205, 0.826629, 0.0759631, 0.557597, -0.255921, 0.933202, 0.252266, -0.501188, -0.351231, 0.790852)

[3]
    Time: 0.066667
    HumanoidRootPart.CFrame = CFrame.new(0, 0, 0, 1, 0, 0, 0, 1, 0, 0, 0, 1)
    Torso.CFrame = CFrame.new(0.0697911, 0.078168, -0.234886, 0.97641, 0.0266966, 0.214268, -0.0442647, 0.996, 0.0776162, -0.211338, -0.0852698, 0.973686)
    Left Leg.CFrame = CFrame.new(-0.756999, 0.223798, -0.15669, 0.838433, -0.411457, -0.357398, 0.495752, 0.848201, 0.186505, 0.226407, -0.333553, 0.915141)
    Right Arm.CFrame = CFrame.new(0.352158, 0.668567, 0.283111, 0.16146, -0.107219, -0.981038, 0.255245, -0.955719, 0.146461, -0.9533, -0.274053, -0.126943)
    Left Arm.CFrame = CFrame.new(-0.0328869, -0.300172, -0.109692, 0.862739, -0.250469, 0.439258, 0.102619, 0.93735, 0.332934, -0.495128, -0.242159, 0.834391)
    Right Leg.CFrame = CFrame.new(1.24718, 0.0942447, 0.12109, 0.657526, 0.722484, -0.21372, -0.745596, 0.664765, -0.0466334, 0.108381, 0.190011, 0.975781)
    Head.CFrame = CFrame.new(-0.00692774, -0.00621752, 0.00415385, 0.839054, -0.00248748, 0.544042, -0.213245, 0.918469, 0.333078, -0.500514, -0.395485, 0.770115)

[4]
    Time: 0.100000
    HumanoidRootPart.CFrame = CFrame.new(0, 0, 0, 1, 0, 0, 0, 1, 0, 0, 0, 1)
    Torso.CFrame = CFrame.new(0.0611458, 0.0758255, -0.3178, 0.975373, 0.0342928, 0.217879, -0.0464292, 0.997628, 0.0508277, -0.215619, -0.059692, 0.974651)
    Left Leg.CFrame = CFrame.new(-0.869641, 0.249849, -0.178306, 0.826327, -0.450322, -0.338221, 0.53183, 0.821535, 0.205515, 0.185313, -0.349699, 0.918352)
    Right Arm.CFrame = CFrame.new(0.303827, 0.77345, 0.176728, 0.0928057, 0.045699, -0.994635, 0.368242, -0.929692, -0.00835578, -0.925086, -0.365491, -0.103109)
    Left Arm.CFrame = CFrame.new(-0.0497439, -0.300019, -0.0953881, 0.896704, -0.169933, 0.40871, 0.0218235, 0.939218, 0.342626, -0.442092, -0.298315, 0.84591)
    Right Leg.CFrame = CFrame.new(1.2881, 0.129213, 0.193681, 0.613987, 0.744482, -0.262232, -0.78037, 0.622427, -0.0600648, 0.118503, 0.241517, 0.963134)
    Head.CFrame = CFrame.new(-0.00676685, -0.00671431, 0.00429142, 0.843542, -0.0435374, 0.535296, -0.184583, 0.912491, 0.365089, -0.504348, -0.406774, 0.761688)

[5]
    Time: 0.133333
    HumanoidRootPart.CFrame = CFrame.new(0, 0, 0, 1, 0, 0, 0, 1, 0, 0, 0, 1)
    Torso.CFrame = CFrame.new(0.0484449, 0.0704245, -0.326038, 0.976602, 0.0354963, 0.212105, -0.0471393, 0.997632, 0.0500891, -0.209825, -0.0589156, 0.975962)
    Left Leg.CFrame = CFrame.new(-0.86085, 0.261624, -0.133253, 0.839333, -0.46372, -0.283697, 0.526462, 0.823447, 0.211594, 0.135489, -0.326953, 0.935278)
    Right Arm.CFrame = CFrame.new(0.274092, 0.812661, 0.127979, 0.0459078, 0.102691, -0.993653, 0.399517, -0.913574, -0.0759569, -0.915576, -0.393494, -0.082967)
    Left Arm.CFrame = CFrame.new(-0.0642964, -0.29923, -0.0838653, 0.918183, -0.099656, 0.383418, -0.0455922, 0.93483, 0.352157, -0.393525, -0.340825, 0.853801)
    Right Leg.CFrame = CFrame.new(1.3266, 0.0517795, 0.188816, 0.564536, 0.78714, -0.248413, -0.823009, 0.559728, -0.0967504, 0.0628878, 0.259066, 0.96381)
    Head.CFrame = CFrame.new(-0.00644454, -0.00665383, 0.0040977, 0.853724, -0.0537934, 0.51794, -0.163148, 0.916939, 0.364151, -0.494508, -0.395386, 0.774036)

[6]
    Time: 0.166667
    HumanoidRootPart.CFrame = CFrame.new(0, 0, 0, 1, 0, 0, 0, 1, 0, 0, 0, 1)
    Torso.CFrame = CFrame.new(0.0330303, 0.0595255, -0.324441, 0.979584, 0.0364661, 0.1977, -0.0472303, 0.997632, 0.0500064, -0.195409, -0.0583229, 0.978986)
    Left Leg.CFrame = CFrame.new(-0.817853, 0.271711, -0.0468039, 0.861008, -0.475859, -0.179508, 0.50623, 0.835825, 0.212433, 0.0489494, -0.273779, 0.960546)
    Right Arm.CFrame = CFrame.new(0.276527, 0.814809, 0.11281, 0.0380161, 0.0967094, -0.994586, 0.377049, -0.923123, -0.0753486, -0.925413, -0.372144, -0.0715578)
    Left Arm.CFrame = CFrame.new(-0.0705106, -0.298717, -0.0791694, 0.925258, -0.0695604, 0.372907, -0.0736629, 0.931383, 0.356509, -0.372118, -0.357332, 0.856646)
    Right Leg.CFrame = CFrame.new(1.34881, -0.0658852, 0.11992, 0.537646, 0.819351, -0.198999, -0.843159, 0.523674, -0.121852, 0.00437127, 0.233301, 0.972395)
    Head.CFrame = CFrame.new(-0.0056919, -0.00648412, 0.00366938, 0.877104, -0.0534732, 0.477314, -0.138137, 0.92371, 0.357321, -0.460007, -0.379342, 0.802803)

[7]
    Time: 0.200000
    HumanoidRootPart.CFrame = CFrame.new(0, 0, 0, 1, 0, 0, 0, 1, 0, 0, 0, 1)
    Torso.CFrame = CFrame.new(0.0245911, 0.0482853, -0.277973, 0.98328, 0.0372522, 0.178249, -0.0469204, 0.99763, 0.0503337, -0.175952, -0.0578556, 0.982697)
    Left Leg.CFrame = CFrame.new(-0.763237, 0.270441, 0.0277393, 0.882646, -0.464062, -0.0747085, 0.469065, 0.859404, 0.203477, -0.0302212, -0.214641, 0.976225)
    Right Arm.CFrame = CFrame.new(0.291251, 0.811233, 0.0887303, 0.0372411, 0.0683395, -0.996967, 0.337039, -0.940062, -0.0518489, -0.940754, -0.334086, -0.0580421)
    Left Arm.CFrame = CFrame.new(-0.0718233, -0.298844, -0.0811027, 0.924844, -0.080825, 0.371659, -0.0598939, 0.93402, 0.352163, -0.375601, -0.347956, 0.858982)
    Right Leg.CFrame = CFrame.new(1.28698, -0.161627, 0.0232978, 0.582031, 0.802534, -0.131073, -0.812543, 0.567667, -0.132394, -0.0318445, 0.18356, 0.982493)
    Head.CFrame = CFrame.new(-0.00456242, -0.00578577, 0.00294971, 0.908427, -0.0419301, 0.415936, -0.103603, 0.941337, 0.32117, -0.405003, -0.334852, 0.850792)

[8]
    Time: 0.233333
    HumanoidRootPart.CFrame = CFrame.new(0, 0, 0, 1, 0, 0, 0, 1, 0, 0, 0, 1)
    Torso.CFrame = CFrame.new(0.0266679, 0.0373381, -0.174322, 0.98681, 0.0379072, 0.157383, -0.0464291, 0.997628, 0.0508278, -0.155083, -0.0574645, 0.986229)
    Left Leg.CFrame = CFrame.new(-0.724142, 0.232016, 0.0507876, 0.895023, -0.445378, -0.0239112, 0.442054, 0.878656, 0.18042, -0.0593456, -0.172051, 0.983299)
    Right Arm.CFrame = CFrame.new(0.312195, 0.802547, 0.0612317, 0.0392215, 0.0276498, -0.998848, 0.287096, -0.95778, -0.0152396, -0.957098, -0.286168, -0.0455038)
    Left Arm.CFrame = CFrame.new(-0.0750637, -0.299211, -0.086284, 0.922943, -0.109274, 0.369101, -0.0249241, 0.939885, 0.340579, -0.384129, -0.323535, 0.864737)
    Right Leg.CFrame = CFrame.new(1.08981, -0.194017, -0.0420862, 0.699641, 0.710859, -0.0719928, -0.713117, 0.688483, -0.132118, -0.0443511, 0.143774, 0.988616)
    Head.CFrame = CFrame.new(-0.00313675, -0.00436022, 0.0020858, 0.940979, -0.0236714, 0.337637, -0.0631325, 0.967769, 0.243797, -0.332526, -0.250723, 0.909156)

[9]
    Time: 0.266667
    HumanoidRootPart.CFrame = CFrame.new(0, 0, 0, 1, 0, 0, 0, 1, 0, 0, 0, 1)
    Torso.CFrame = CFrame.new(0.0326392, 0.0285623, -0.056457, 0.989644, 0.0381862, 0.138372, -0.0462173, 0.9974, 0.055298, -0.1359, -0.0611205, 0.988835)
    Left Leg.CFrame = CFrame.new(-0.696094, 0.164929, 0.0395077, 0.894992, -0.445713, -0.0181469, 0.443056, 0.883454, 0.152351, -0.0518727, -0.144393, 0.98816)
    Right Arm.CFrame = CFrame.new(0.333472, 0.790693, 0.0359353, 0.0406968, -0.0149119, -0.99906, 0.235578, -0.971557, 0.0240978, -0.971003, -0.236338, -0.0360264)
    Left Arm.CFrame = CFrame.new(-0.0791854, -0.29977, -0.0937841, 0.918555, -0.14677, 0.367036, 0.0216872, 0.945828, 0.323942, -0.394698, -0.289598, 0.871979)
    Right Leg.CFrame = CFrame.new(0.785674, -0.186889, -0.0512505, 0.821472, 0.568156, -0.048807, -0.56937, 0.812446, -0.125496, -0.0316481, 0.13088, 0.990893)
    Head.CFrame = CFrame.new(-0.00157053, -0.00247152, 0.0014081, 0.968064, -0.00780792, 0.250583, -0.0280265, 0.989879, 0.139117, -0.249133, -0.141697, 0.958047)

[10]
    Time: 0.300000
    HumanoidRootPart.CFrame = CFrame.new(0, 0, 0, 1, 0, 0, 0, 1, 0, 0, 0, 1)
    Torso.CFrame = CFrame.new(0.0348986, 0.0236039, 0.0345094, 0.991738, 0.0381754, 0.122468, -0.0464256, 0.996789, 0.0652352, -0.119584, -0.0703818, 0.990326)
    Left Leg.CFrame = CFrame.new(-0.608436, 0.111417, 0.0306859, 0.905245, -0.424657, -0.0140642, 0.422712, 0.896764, 0.130882, -0.0429677, -0.124425, 0.991298)
    Right Arm.CFrame = CFrame.new(0.349697, 0.779445, 0.0182474, 0.0401929, -0.048481, -0.998015, 0.191682, -0.979897, 0.0553205, -0.980634, -0.193525, -0.0300921)
    Left Arm.CFrame = CFrame.new(-0.0831987, -0.300295, -0.102665, 0.911532, -0.185064, 0.367234, 0.0701117, 0.949879, 0.304655, -0.405208, -0.251956, 0.87882)
    Right Leg.CFrame = CFrame.new(0.513647, -0.169199, -0.0388232, 0.890507, 0.451867, -0.0530355, -0.454919, 0.882612, -0.11851, -0.00674077, 0.12966, 0.991536)
    Head.CFrame = CFrame.new(-0.000102519, -0.000514353, 0.00110066, 0.985773, 0.000426882, 0.168082, -0.00537901, 0.999565, 0.0290085, -0.167996, -0.0294999, 0.985346)

[11]
    Time: 0.333333
    HumanoidRootPart.CFrame = CFrame.new(0, 0, 0, 1, 0, 0, 0, 1, 0, 0, 0, 1)
    Torso.CFrame = CFrame.new(0.03212, 0.0206293, 0.0717826, 0.993157, 0.038289, 0.110328, -0.0469403, 0.995932, 0.0769148, -0.106934, -0.0815673, 0.990915)
    Left Leg.CFrame = CFrame.new(-0.496336, 0.0820848, 0.0248966, 0.918108, -0.395997, -0.0162634, 0.395002, 0.910898, 0.119323, -0.0324372, -0.115975, 0.992722)
    Right Arm.CFrame = CFrame.new(0.355709, 0.771339, 0.0182338, 0.0326287, -0.0622228, -0.997529, 0.138244, -0.988186, 0.0661619, -0.989861, -0.140061, -0.0236413)
    Left Arm.CFrame = CFrame.new(-0.0862205, -0.300343, -0.111957, 0.903016, -0.216018, 0.371348, 0.110348, 0.952016, 0.285462, -0.415194, -0.216799, 0.883523)
    Right Leg.CFrame = CFrame.new(0.2984, -0.150313, -0.0365482, 0.927903, 0.368399, -0.0572471, -0.372623, 0.921415, -0.110211, 0.0121466, 0.123597, 0.992258)
    Head.CFrame = CFrame.new(0.00105913, 0.0010199, 0.00110161, 0.99475, 0.00496514, 0.102214, 0.00104239, 0.998279, -0.0586371, -0.102329, 0.0584359, 0.993033)

[12]
    Time: 0.366667
    HumanoidRootPart.CFrame = CFrame.new(0, 0, 0, 1, 0, 0, 0, 1, 0, 0, 0, 1)
    Torso.CFrame = CFrame.new(0.0300595, 0.0145316, 0.0764041, 0.993965, 0.0388043, 0.102603, -0.0477894, 0.995095, 0.0866162, -0.0987383, -0.0909967, 0.990944)
    Left Leg.CFrame = CFrame.new(-0.441232, 0.0596294, -0.00830323, 0.919749, -0.38338, -0.0841508, 0.390839, 0.914287, 0.106413, 0.0361414, -0.130763, 0.990755)
    Right Arm.CFrame = CFrame.new(0.356387, 0.762285, 0.0449049, 0.0171988, -0.0647997, -0.99775, 0.061086, -0.995965, 0.0657368, -0.997984, -0.0620792, -0.0131711)
    Left Arm.CFrame = CFrame.new(-0.0874693, -0.299344, -0.120661, 0.895091, -0.231836, 0.380873, 0.132446, 0.953887, 0.269366, -0.425758, -0.190662, 0.884521)
    Right Leg.CFrame = CFrame.new(0.133358, -0.128107, -0.037894, 0.950175, 0.305681, -0.0610408, -0.310653, 0.944763, -0.104489, 0.0257287, 0.118246, 0.992651)
    Head.CFrame = CFrame.new(0.00188995, 0.00170404, 0.00118876, 0.998442, 0.0106537, 0.0547655, -0.00519844, 0.995093, -0.0988046, -0.0555494, 0.098366, 0.993599)

[13]
    Time: 0.400000
    HumanoidRootPart.CFrame = CFrame.new(0, 0, 0, 1, 0, 0, 0, 1, 0, 0, 0, 1)
    Torso.CFrame = CFrame.new(0.0274468, 0.000740181, 0.0467381, 0.994192, 0.0399373, 0.0999335, -0.0490665, 0.994675, 0.0906288, -0.0957819, -0.0950058, 0.990858)
    Left Leg.CFrame = CFrame.new(-0.45966, 0.0408051, -0.0710153, 0.894624, -0.389963, -0.218122, 0.4154, 0.905703, 0.0845217, 0.164593, -0.166223, 0.972255)
    Right Arm.CFrame = CFrame.new(0.35856, 0.74725, 0.0989269, -0.00485778, -0.0685427, -0.997636, -0.0290892, -0.997216, 0.0686556, -0.999565, 0.0293538, 0.00285036)
    Left Arm.CFrame = CFrame.new(-0.0820377, -0.294846, -0.13027, 0.893811, -0.202907, 0.399914, 0.101353, 0.960109, 0.260612, -0.436841, -0.192406, 0.878721)
    Right Leg.CFrame = CFrame.new(0.256393, -0.145906, -0.033256, 0.91926, 0.388887, -0.0610506, -0.393278, 0.91402, -0.0995003, 0.0171072, 0.115476, 0.993163)
    Head.CFrame = CFrame.new(0.00242503, 0.00150461, 0.00121117, 0.999569, 0.0168092, 0.024064, -0.0146201, 0.995976, -0.0884202, -0.0254534, 0.0880303, 0.995793)

[14]
    Time: 0.433333
    HumanoidRootPart.CFrame = CFrame.new(0, 0, 0, 1, 0, 0, 0, 1, 0, 0, 0, 1)
    Torso.CFrame = CFrame.new(0.0265021, -0.0215414, -0.0265996, 0.992965, 0.0457034, 0.109232, -0.0551239, 0.994869, 0.084839, -0.104794, -0.0902634, 0.990389)
    Left Leg.CFrame = CFrame.new(-0.5212, 0.036685, -0.137291, 0.845643, -0.419657, -0.329812, 0.465528, 0.88217, 0.071134, 0.261098, -0.213691, 0.941363)
    Right Arm.CFrame = CFrame.new(0.360426, 0.72437, 0.179135, -0.0352772, -0.0661791, -0.997184, -0.122798, -0.989957, 0.0700438, -0.991805, 0.124923, 0.0267962)
    Left Arm.CFrame = CFrame.new(-0.0681457, -0.287636, -0.140731, 0.894776, -0.119237, 0.430301, 0.00296914, 0.965253, 0.261299, -0.446506, -0.232527, 0.864039)
    Right Leg.CFrame = CFrame.new(0.468824, -0.188137, -0.0397218, 0.858223, 0.510157, -0.0565074, -0.513235, 0.851527, -0.1072, -0.00657136, 0.121003, 0.99263)
    Head.CFrame = CFrame.new(0.00279157, 0.00074749, 0.00120115, 0.999869, 0.0159157, 0.00297907, -0.0157659, 0.998866, -0.0449292, -0.00369076, 0.0448763, 0.998986)

[15]
    Time: 0.466667
    HumanoidRootPart.CFrame = CFrame.new(0, 0, 0, 1, 0, 0, 0, 1, 0, 0, 0, 1)
    Torso.CFrame = CFrame.new(0.0312766, -0.049698, -0.123352, 0.989317, 0.058609, 0.133482, -0.0683284, 0.995244, 0.0694338, -0.128778, -0.0778126, 0.988616)
    Left Leg.CFrame = CFrame.new(-0.516145, 0.0668467, -0.144345, 0.82662, -0.430906, -0.361966, 0.488693, 0.868594, 0.0819995, 0.279067, -0.244673, 0.928578)
    Right Arm.CFrame = CFrame.new(0.360953, 0.687847, 0.282706, -0.0721298, -0.048951, -0.996193, -0.212371, -0.975137, 0.0632932, -0.974523, 0.216128, 0.0599406)
    Left Arm.CFrame = CFrame.new(-0.0583787, -0.282154, -0.147943, 0.867813, -0.00510714, 0.496865, -0.146513, 0.95286, 0.265691, -0.4748, -0.303367, 0.826156)
    Right Leg.CFrame = CFrame.new(0.715302, -0.221474, -0.0641016, 0.781957, 0.621852, -0.0429322, -0.621731, 0.773163, -0.125176, -0.0446475, 0.124575, 0.991205)
    Head.CFrame = CFrame.new(0.00267936, -0.000353454, 0.00117564, 0.999954, 0.00164026, 0.00945481, -0.00183063, 0.999795, 0.0201618, -0.00941982, -0.0201782, 0.999752)

[16]
    Time: 0.500000
    HumanoidRootPart.CFrame = CFrame.new(0, 0, 0, 1, 0, 0, 0, 1, 0, 0, 0, 1)
    Torso.CFrame = CFrame.new(0.0408447, -0.0795357, -0.222306, 0.982916, 0.0766793, 0.167319, -0.085658, 0.99521, 0.0471119, -0.162905, -0.0606393, 0.984777)
    Left Leg.CFrame = CFrame.new(-0.570135, 0.109253, -0.142967, 0.810499, -0.474314, -0.343684, 0.538851, 0.833806, 0.120031, 0.229633, -0.282479, 0.931383)
    Right Arm.CFrame = CFrame.new(0.364277, 0.628127, 0.399969, -0.117129, -0.00673674, -0.993094, -0.293998, -0.95492, 0.0411531, -0.948602, 0.296788, 0.109868)
    Left Arm.CFrame = CFrame.new(-0.0624784, -0.282126, -0.150105, 0.786507, 0.112345, 0.607277, -0.334254, 0.904281, 0.265614, -0.519309, -0.411892, 0.748775)
    Right Leg.CFrame = CFrame.new(0.915212, -0.201681, -0.0700012, 0.725595, 0.686145, -0.0521181, -0.685803, 0.71486, -0.136566, -0.0564468, 0.134834, 0.989259)
    Head.CFrame = CFrame.new(0.00186043, -0.00159469, 0.00117683, 0.998089, -0.025179, 0.0564327, 0.0197817, 0.995353, 0.0942384, -0.0585432, -0.092942, 0.993949)

[17]
    Time: 0.533333
    HumanoidRootPart.CFrame = CFrame.new(0, 0, 0, 1, 0, 0, 0, 1, 0, 0, 0, 1)
    Torso.CFrame = CFrame.new(0.0540596, -0.106801, -0.301289, 0.973787, 0.0977522, 0.205385, -0.104202, 0.994339, 0.0207974, -0.202189, -0.0416537, 0.97846)
    Left Leg.CFrame = CFrame.new(-0.660518, 0.156451, -0.147613, 0.788249, -0.526372, -0.318741, 0.593099, 0.787926, 0.16555, 0.164003, -0.319539, 0.933273)
    Right Arm.CFrame = CFrame.new(0.382663, 0.5388, 0.511691, -0.169618, 0.0635133, -0.983461, -0.378793, -0.925465, 0.00556283, -0.909805, 0.373472, 0.181034)
    Left Arm.CFrame = CFrame.new(-0.077975, -0.291022, -0.146604, 0.646626, 0.211421, 0.732923, -0.549134, 0.795918, 0.254884, -0.529459, -0.567287, 0.63076)
    Right Leg.CFrame = CFrame.new(1.03396, -0.135126, -0.0162828, 0.700541, 0.705727, -0.105792, -0.712839, 0.685151, -0.149763, -0.0332082, 0.180328, 0.983046)
    Head.CFrame = CFrame.new(0.000578189, -0.00276362, 0.00129151, 0.989723, -0.0610144, 0.12933, 0.0393462, 0.985689, 0.163917, -0.13748, -0.157144, 0.97796)

[18]
    Time: 0.566667
    HumanoidRootPart.CFrame = CFrame.new(0, 0, 0, 1, 0, 0, 0, 1, 0, 0, 0, 1)
    Torso.CFrame = CFrame.new(0.0697143, -0.127118, -0.337192, 0.962772, 0.119312, 0.242557, -0.121443, 0.992579, -0.00620126, -0.241497, -0.0234866, 0.970117)
    Left Leg.CFrame = CFrame.new(-0.678404, 0.214878, -0.126154, 0.793341, -0.535625, -0.289336, 0.598841, 0.772138, 0.212587, 0.10954, -0.34192, 0.933323)
    Right Arm.CFrame = CFrame.new(0.427745, 0.42613, 0.60371, -0.219805, 0.16803, -0.960964, -0.505011, -0.862392, -0.0352811, -0.834656, 0.477542, 0.274415)
    Left Arm.CFrame = CFrame.new(-0.10316, -0.312091, -0.133321, 0.462105, 0.265445, 0.846166, -0.762905, 0.605461, 0.2267, -0.452144, -0.750304, 0.482296)
    Right Leg.CFrame = CFrame.new(1.06729, -0.0445884, 0.0745275, 0.711343, 0.679949, -0.177933, -0.70283, 0.689812, -0.17375, 0.00459912, 0.248652, 0.968582)
    Head.CFrame = CFrame.new(-0.000944722, -0.00361674, 0.00153697, 0.971427, -0.100679, 0.214927, 0.0535553, 0.975198, 0.214758, -0.231218, -0.197111, 0.952725)

[19]
    Time: 0.600000
    HumanoidRootPart.CFrame = CFrame.new(0, 0, 0, 1, 0, 0, 0, 1, 0, 0, 0, 1)
    Torso.CFrame = CFrame.new(0.0808809, -0.129471, -0.339195, 0.95166, 0.138505, 0.274154, -0.135424, 0.990326, -0.0302311, -0.275689, -0.00835719, 0.96121)
    Left Leg.CFrame = CFrame.new(-0.667078, 0.26839, -0.0925769, 0.812912, -0.522867, -0.256484, 0.578879, 0.773701, 0.257462, 0.0638234, -0.357767, 0.931627)
    Right Arm.CFrame = CFrame.new(0.503244, 0.302796, 0.647581, -0.2566, 0.296035, -0.920065, -0.628186, -0.774535, -0.0740137, -0.734533, 0.55898, 0.38471)
    Left Arm.CFrame = CFrame.new(-0.136304, -0.345814, -0.101828, 0.268374, 0.25831, 0.928036, -0.928347, 0.326559, 0.17757, -0.25719, -0.909195, 0.327442)
    Right Leg.CFrame = CFrame.new(1.05914, 0.0358289, 0.162125, 0.738536, 0.62901, -0.242717, -0.672852, 0.7105, -0.206057, 0.042839, 0.315493, 0.94796)
    Head.CFrame = CFrame.new(-0.0026544, -0.00406782, 0.00190341, 0.94068, -0.138369, 0.309798, 0.0627833, 0.968283, 0.24184, -0.333436, -0.208044, 0.919531)

[20]
    Time: 0.633333
    HumanoidRootPart.CFrame = CFrame.new(0, 0, 0, 1, 0, 0, 0, 1, 0, 0, 0, 1)
    Torso.CFrame = CFrame.new(0.0800525, -0.111909, -0.332468, 0.942976, 0.152275, 0.295989, -0.144704, 0.988336, -0.0474557, -0.299763, 0.00191882, 0.954012)
    Left Leg.CFrame = CFrame.new(-0.689362, 0.307377, -0.0628594, 0.823105, -0.522857, -0.221627, 0.567669, 0.768404, 0.295478, 0.0158064, -0.36902, 0.929287)
    Right Arm.CFrame = CFrame.new(0.596215, 0.169234, 0.603224, -0.324507, 0.399652, -0.857306, -0.637699, -0.761838, -0.113766, -0.698595, 0.509785, 0.502079)
    Left Arm.CFrame = CFrame.new(-0.174042, -0.385774, -0.0411482, 0.106064, 0.20091, 0.973851, -0.993664, -0.0152152, 0.111361, 0.0371908, -0.979492, 0.198023)
    Right Leg.CFrame = CFrame.new(1.05798, 0.0972129, 0.214477, 0.762222, 0.58276, -0.281794, -0.643257, 0.730577, -0.229081, 0.072373, 0.355876, 0.931726)
    Head.CFrame = CFrame.new(-0.00445856, -0.00423948, 0.00242591, 0.896919, -0.169046, 0.408607, 0.0670311, 0.965341, 0.252237, -0.437084, -0.198847, 0.877164)

[21]
    Time: 0.666667
    HumanoidRootPart.CFrame = CFrame.new(0, 0, 0, 1, 0, 0, 0, 1, 0, 0, 0, 1)
    Torso.CFrame = CFrame.new(0.065314, -0.0839542, -0.316478, 0.939508, 0.157533, 0.304153, -0.148088, 0.987497, -0.0540318, -0.308862, 0.00572208, 0.95109)
    Left Leg.CFrame = CFrame.new(-0.748625, 0.336765, -0.0458307, 0.823714, -0.533608, -0.191724, 0.56632, 0.757625, 0.324478, -0.027889, -0.375854, 0.926259)
    Right Arm.CFrame = CFrame.new(0.681905, 0.0325795, 0.468646, -0.460387, 0.44907, -0.765755, -0.535047, -0.828692, -0.164298, -0.708356, 0.334074, 0.621792)
    Left Arm.CFrame = CFrame.new(-0.211652, -0.416257, 0.0561175, -0.00663083, 0.130008, 0.991491, -0.93073, -0.363354, 0.0414198, 0.365647, -0.922536, 0.123412)
    Right Leg.CFrame = CFrame.new(1.08877, 0.136667, 0.199976, 0.777228, 0.564326, -0.278305, -0.623292, 0.75107, -0.217718, 0.0861625, 0.342681, 0.935492)
    Head.CFrame = CFrame.new(-0.00601066, -0.00417589, 0.00299931, 0.849868, -0.187588, 0.492479, 0.0690599, 0.966087, 0.248812, -0.522451, -0.177447, 0.834001)

[22]
    Time: 0.700000
    HumanoidRootPart.CFrame = CFrame.new(0, 0, 0, 1, 0, 0, 0, 1, 0, 0, 0, 1)
    Torso.CFrame = CFrame.new(0.0481053, -0.0556826, -0.256126, 0.943079, 0.154647, 0.294427, -0.146764, 0.987966, -0.0488264, -0.298435, 0.0028359, 0.954426)
    Left Leg.CFrame = CFrame.new(-0.798816, 0.343131, -0.0482213, 0.834355, -0.52359, -0.172351, 0.549227, 0.763037, 0.340769, -0.0469137, -0.378983, 0.924214)
    Right Arm.CFrame = CFrame.new(0.733725, -0.0872276, 0.278926, -0.617536, 0.446416, -0.647582, -0.399353, -0.887265, -0.230819, -0.677618, 0.116074, 0.726196)
    Left Arm.CFrame = CFrame.new(-0.244803, -0.416104, 0.189428, -0.088323, 0.0921958, 0.991816, -0.747506, -0.664237, -0.00482149, 0.658357, -0.741814, 0.127584)
    Right Leg.CFrame = CFrame.new(1.13141, 0.115773, 0.124309, 0.791679, 0.567039, -0.2274, -0.605749, 0.776958, -0.171477, 0.079446, 0.273502, 0.958585)
    Head.CFrame = CFrame.new(-0.0068734, -0.0039925, 0.00335729, 0.820117, -0.192925, 0.538691, 0.0711835, 0.968531, 0.238495, -0.567751, -0.157248, 0.808042)

[23]
    Time: 0.733333
    HumanoidRootPart.CFrame = CFrame.new(0, 0, 0, 1, 0, 0, 0, 1, 0, 0, 0, 1)
    Torso.CFrame = CFrame.new(0.0335298, -0.0305066, -0.144492, 0.952358, 0.146947, 0.267247, -0.142884, 0.989131, -0.0346973, -0.269441, -0.00514108, 0.963003)
    Left Leg.CFrame = CFrame.new(-0.822709, 0.291226, -0.0526873, 0.842973, -0.51655, -0.150239, 0.535504, 0.779113, 0.325911, -0.0512961, -0.355188, 0.933387)
    Right Arm.CFrame = CFrame.new(0.731584, -0.179457, 0.0675619, -0.764894, 0.377528, -0.521928, -0.245587, -0.919966, -0.305531, -0.595503, -0.105521, 0.796393)
    Left Arm.CFrame = CFrame.new(-0.279391, -0.365878, 0.343832, -0.176138, 0.0907688, 0.980172, -0.470131, -0.882592, -0.0027507, 0.864842, -0.461294, 0.198131)
    Right Leg.CFrame = CFrame.new(1.09725, 0.0523185, 0.0403317, 0.828017, 0.540352, -0.149689, -0.557595, 0.82161, -0.118513, 0.0589472, 0.181596, 0.981605)
    Head.CFrame = CFrame.new(-0.00695535, -0.00372024, 0.00332952, 0.818039, -0.18925, 0.543136, 0.0764612, 0.971718, 0.223424, -0.570058, -0.141241, 0.809373)

[24]
    Time: 0.766667
    HumanoidRootPart.CFrame = CFrame.new(0, 0, 0, 1, 0, 0, 0, 1, 0, 0, 0, 1)
    Torso.CFrame = CFrame.new(0.00925277, -0.00891204, -0.0203948, 0.96472, 0.135984, 0.22544, -0.13637, 0.99056, -0.0139386, -0.225207, -0.0172963, 0.974157)
    Left Leg.CFrame = CFrame.new(-0.85317, 0.19644, -0.0505132, 0.83055, -0.545181, -0.113859, 0.553522, 0.785388, 0.27709, -0.0616405, -0.293161, 0.954074)
    Right Arm.CFrame = CFrame.new(0.677347, -0.24416, -0.123059, -0.872749, 0.255487, -0.415975, -0.0925603, -0.923261, -0.372857, -0.479313, -0.286908, 0.829423)
    Left Arm.CFrame = CFrame.new(-0.325489, -0.2564, 0.488611, -0.284104, 0.0976502, 0.953808, -0.144533, -0.987794, 0.0580788, 0.947837, -0.121356, 0.29475)
    Right Leg.CFrame = CFrame.new(0.933543, 0.00503403, -0.0174618, 0.886586, 0.457513, -0.0681747, -0.461596, 0.884601, -0.0664116, 0.0299233, 0.0903487, 0.995461)
    Head.CFrame = CFrame.new(-0.00653839, -0.00327053, 0.00302351, 0.834445, -0.179455, 0.521054, 0.0859271, 0.976299, 0.198636, -0.544351, -0.120978, 0.830088)

[25]
    Time: 0.800000
    HumanoidRootPart.CFrame = CFrame.new(0, 0, 0, 1, 0, 0, 0, 1, 0, 0, 0, 1)
    Torso.CFrame = CFrame.new(-0.0373019, 0.00855624, 0.0810821, 0.977346, 0.123367, 0.171972, -0.127141, 0.991823, 0.0110615, -0.169201, -0.0326756, 0.98504)
    Left Leg.CFrame = CFrame.new(-0.902643, 0.10428, -0.0425604, 0.801175, -0.594654, -0.0671244, 0.594137, 0.776995, 0.208036, -0.0715542, -0.206554, 0.975815)
    Right Arm.CFrame = CFrame.new(0.56848, -0.284511, -0.26513, -0.929321, -0.00533342, -0.369234, 0.167765, -0.896848, -0.409291, -0.328964, -0.442307, 0.834354)
    Left Arm.CFrame = CFrame.new(-0.383867, -0.100596, 0.589618, -0.397446, 0.0891617, 0.913284, 0.166298, -0.971789, 0.167244, 0.902431, 0.218348, 0.371406)
    Right Leg.CFrame = CFrame.new(0.662189, -0.00814497, -0.0309587, 0.94296, 0.332856, -0.00574967, -0.332906, 0.942816, -0.0165034, -7.23563e-05, 0.0174761, 0.999847)
    Head.CFrame = CFrame.new(-0.0056304, -0.00267385, 0.00251472, 0.866031, -0.163577, 0.472476, 0.0952041, 0.98163, 0.165346, -0.490843, -0.0982128, 0.865694)

[26]
    Time: 0.833333
    HumanoidRootPart.CFrame = CFrame.new(0, 0, 0, 1, 0, 0, 0, 1, 0, 0, 0, 1)
    Torso.CFrame = CFrame.new(-0.104316, 0.0126655, 0.12584, 0.987727, 0.110631, 0.110252, -0.115402, 0.992597, 0.0378557, -0.105248, -0.0501144, 0.993182)
    Left Leg.CFrame = CFrame.new(-0.982088, 0.0180196, -0.0244913, 0.739715, -0.672754, -0.0149878, 0.668726, 0.732437, 0.127835, -0.0750238, -0.104584, 0.991682)
    Right Arm.CFrame = CFrame.new(0.426362, -0.291683, -0.330791, -0.812595, -0.424375, -0.399493, 0.567859, -0.73083, -0.378713, -0.131245, -0.534596, 0.834854)
    Left Arm.CFrame = CFrame.new(-0.442957, 0.0691486, 0.631207, -0.488312, 0.0602553, 0.870587, 0.409528, -0.865118, 0.289581, 0.770609, 0.497936, 0.397771)
    Right Leg.CFrame = CFrame.new(0.414681, 0.0173374, -0.00606066, 0.969802, 0.243052, 0.0202428, -0.243579, 0.969421, 0.029862, -0.0123657, -0.033891, 0.999349)
    Head.CFrame = CFrame.new(-0.00423057, -0.00197608, 0.00192451, 0.906943, -0.141873, 0.396644, 0.0994589, 0.987077, 0.125643, -0.409344, -0.0745015, 0.909334)

[27]
    Time: 0.866667
    HumanoidRootPart.CFrame = CFrame.new(0, 0, 0, 1, 0, 0, 0, 1, 0, 0, 0, 1)
    Torso.CFrame = CFrame.new(-0.17832, 0.00274578, 0.090786, 0.994095, 0.099106, 0.0441973, -0.101818, 0.992739, 0.0640463, -0.037529, -0.0681682, 0.996968)
    Left Leg.CFrame = CFrame.new(-1.09283, -0.0676634, -0.0037483, 0.633272, -0.773204, 0.0335095, 0.771734, 0.634142, 0.0478505, -0.058248, -0.004442, 0.998292)
    Right Arm.CFrame = CFrame.new(0.307201, -0.260194, -0.332412, -0.429052, -0.782056, -0.451999, 0.900621, -0.332016, -0.28044, 0.0692485, -0.527403, 0.846789)
    Left Arm.CFrame = CFrame.new(-0.471934, 0.214293, 0.602439, -0.510572, 0.104516, 0.853459, 0.46888, -0.798173, 0.378247, 0.720741, 0.593292, 0.35852)
    Right Leg.CFrame = CFrame.new(0.425238, 0.0573306, 0.0334588, 0.945646, 0.325177, 0.00373217, -0.324665, 0.943374, 0.0681081, 0.0186264, -0.0656178, 0.997671)
    Head.CFrame = CFrame.new(-0.00237915, -0.0012521, 0.00140607, 0.94855, -0.11534, 0.294873, 0.0947101, 0.992009, 0.0833598, -0.302131, -0.0511435, 0.951894)

[28]
    Time: 0.900000
    HumanoidRootPart.CFrame = CFrame.new(0, 0, 0, 1, 0, 0, 0, 1, 0, 0, 0, 1)
    Torso.CFrame = CFrame.new(-0.252529, -0.00864847, 0.000442028, 0.995718, 0.089808, -0.0219194, -0.0875763, 0.992314, 0.0874316, 0.029603, -0.0851375, 0.995929)
    Left Leg.CFrame = CFrame.new(-1.19883, -0.143079, 0.00614047, 0.503994, -0.861268, 0.0648683, 0.863547, 0.503922, -0.0186639, -0.016614, 0.0654233, 0.997719)
    Right Arm.CFrame = CFrame.new(0.244442, -0.213064, -0.303528, 0.0962467, -0.877695, -0.469455, 0.969447, 0.189574, -0.155673, 0.22563, -0.440129, 0.869125)
    Left Arm.CFrame = CFrame.new(-0.455719, 0.319155, 0.514397, -0.399874, 0.265228, 0.877357, 0.31162, -0.860857, 0.402267, 0.861971, 0.434258, 0.261584)
    Right Leg.CFrame = CFrame.new(0.403298, 0.0785882, 0.0802586, 0.904111, 0.425982, -0.0335085, -0.420792, 0.901235, 0.103485, 0.074282, -0.0794622, 0.994066)
    Head.CFrame = CFrame.new(-0.000198491, -0.000598118, 0.00110829, 0.981145, -0.0860337, 0.173067, 0.0795838, 0.995862, 0.0438813, -0.176126, -0.0292806, 0.983932)

[29]
    Time: 0.933333
    HumanoidRootPart.CFrame = CFrame.new(0, 0, 0, 1, 0, 0, 0, 1, 0, 0, 0, 1)
    Torso.CFrame = CFrame.new(-0.319551, -0.009017, -0.108264, 0.992991, 0.0833843, -0.0837567, -0.0743134, 0.991572, 0.106127, 0.0919002, -0.0991593, 0.990819)
    Left Leg.CFrame = CFrame.new(-1.29382, -0.227905, -0.021302, 0.361931, -0.929868, 0.0659658, 0.931535, 0.358082, -0.0634015, 0.0353339, 0.0843963, 0.995806)
    Right Arm.CFrame = CFrame.new(0.233459, -0.187389, -0.257689, 0.555505, -0.698165, -0.451641, 0.771724, 0.635121, -0.0325972, 0.309605, -0.330434, 0.891604)
    Left Arm.CFrame = CFrame.new(-0.432449, 0.417424, 0.395728, -0.156944, 0.379262, 0.911882, 0.0131543, -0.92244, 0.385917, 0.98752, 0.0725623, 0.139782)
    Right Leg.CFrame = CFrame.new(0.298163, 0.116595, 0.115641, 0.884723, 0.460378, -0.072918, -0.447813, 0.882925, 0.141096, 0.129338, -0.092177, 0.987307)
    Head.CFrame = CFrame.new(0.00210761, -0.000101961, 0.00112033, 0.997486, -0.0569936, 0.042114, 0.0565108, 0.998323, 0.0125683, -0.0427597, -0.0101568, 0.999034)

[30]
    Time: 0.966667
    HumanoidRootPart.CFrame = CFrame.new(0, 0, 0, 1, 0, 0, 0, 1, 0, 0, 0, 1)
    Torso.CFrame = CFrame.new(-0.372939, -0.00167506, -0.199557, 0.987296, 0.0801565, -0.137192, -0.0639668, 0.990879, 0.118603, 0.145447, -0.10832, 0.983418)
    Left Leg.CFrame = CFrame.new(-1.3576, -0.359039, -0.0835003, 0.211788, -0.976136, 0.0480056, 0.974042, 0.206807, -0.0920465, 0.0799219, 0.0662539, 0.994597)
    Right Arm.CFrame = CFrame.new(0.257853, -0.193972, -0.199184, 0.850595, -0.329672, -0.40964, 0.392072, 0.916764, 0.0763175, 0.350384, -0.225524, 0.909049)
    Left Arm.CFrame = CFrame.new(-0.424905, 0.521838, 0.286723, 0.0665231, 0.354443, 0.932709, -0.266482, -0.894513, 0.358934, 0.961541, -0.272428, 0.0349468)
    Right Leg.CFrame = CFrame.new(0.33743, 0.147575, 0.152789, 0.84636, 0.522411, -0.103737, -0.500069, 0.846468, 0.182819, 0.183317, -0.102854, 0.977658)
    Head.CFrame = CFrame.new(0.00430747, 0.000191756, 0.0014286, 0.995889, -0.0317224, -0.0848459, 0.0312112, 0.999486, -0.007345, 0.0850353, 0.00466665, 0.996367)

[31]
    Time: 1.000000
    HumanoidRootPart.CFrame = CFrame.new(0, 0, 0, 1, 0, 0, 0, 1, 0, 0, 0, 1)
    Torso.CFrame = CFrame.new(-0.408447, 0.00185224, -0.239597, 0.980665, 0.0802592, -0.178481, -0.0585801, 0.990603, 0.123585, 0.186723, -0.11074, 0.976151)
    Left Leg.CFrame = CFrame.new(-1.36546, -0.503714, -0.140429, 0.105126, -0.993773, 0.0369273, 0.987928, 0.100115, -0.118219, 0.113786, 0.0489094, 0.992301)
    Right Arm.CFrame = CFrame.new(0.260425, -0.225062, -0.145945, 0.91933, -0.0816247, -0.384927, 0.156944, 0.973131, 0.168478, 0.360832, -0.215299, 0.907439)
    Left Arm.CFrame = CFrame.new(-0.416155, 0.610635, 0.211403, 0.17556, 0.26664, 0.947672, -0.423889, -0.848345, 0.31722, 0.888536, -0.457399, -0.0359099)
    Right Leg.CFrame = CFrame.new(0.417353, 0.176363, 0.187887, 0.808599, 0.574988, -0.124727, -0.541753, 0.810314, 0.223369, 0.229503, -0.113045, 0.966721)
    Head.CFrame = CFrame.new(0.00621435, 0.000294685, 0.00193572, 0.980399, -0.0135157, -0.19656, 0.0106331, 0.99982, -0.015713, 0.196737, 0.013315, 0.980366)

[32]
    Time: 1.033333
    HumanoidRootPart.CFrame = CFrame.new(0, 0, 0, 1, 0, 0, 0, 1, 0, 0, 0, 1)
    Torso.CFrame = CFrame.new(-0.429458, 0.00393945, -0.237115, 0.975349, 0.0826897, -0.204589, -0.0580183, 0.990611, 0.123786, 0.212904, -0.108865, 0.970989)
    Left Leg.CFrame = CFrame.new(-1.3398, -0.573466, -0.160681, 0.102572, -0.993865, 0.0413617, 0.985248, 0.0957811, -0.141819, 0.136988, 0.0552983, 0.989028)
    Right Arm.CFrame = CFrame.new(0.240988, -0.245445, -0.0982919, 0.921724, -0.0413817, -0.385632, 0.151548, 0.953673, 0.259887, 0.357012, -0.297986, 0.885294)
    Left Arm.CFrame = CFrame.new(-0.396681, 0.666653, 0.167096, 0.188431, 0.194596, 0.962614, -0.444312, -0.857233, 0.260266, 0.875832, -0.476743, -0.0750679)
    Right Leg.CFrame = CFrame.new(0.411745, 0.206472, 0.197708, 0.808789, 0.571881, -0.137156, -0.530237, 0.809984, 0.250549, 0.254378, -0.129916, 0.958339)
    Head.CFrame = CFrame.new(0.00771318, 0.000304144, 0.00250232, 0.958365, -0.00298696, -0.285532, -0.00218024, 0.99984, -0.0177771, 0.285539, 0.0176595, 0.958204)

[33]
    Time: 1.066667
    HumanoidRootPart.CFrame = CFrame.new(0, 0, 0, 1, 0, 0, 0, 1, 0, 0, 0, 1)
    Torso.CFrame = CFrame.new(-0.442971, 0.00799603, -0.216411, 0.973264, 0.0842147, -0.213696, -0.0585801, 0.990603, 0.123585, 0.222095, -0.107762, 0.969052)
    Left Leg.CFrame = CFrame.new(-1.29137, -0.569894, -0.142961, 0.177681, -0.982627, 0.0535983, 0.974354, 0.168021, -0.14968, 0.138074, 0.0788189, 0.987281)
    Right Arm.CFrame = CFrame.new(0.232211, -0.256727, -0.0418385, 0.92006, -0.0203393, -0.391249, 0.169957, 0.920511, 0.351816, 0.352994, -0.390188, 0.850382)
    Left Arm.CFrame = CFrame.new(-0.374423, 0.696547, 0.141439, 0.16787, 0.148186, 0.974608, -0.38956, -0.8982, 0.203668, 0.905573, -0.413858, -0.0930537)
    Right Leg.CFrame = CFrame.new(0.38715, 0.211375, 0.193132, 0.818254, 0.556881, -0.142631, -0.51198, 0.818797, 0.259709, 0.261413, -0.139484, 0.955095)
    Head.CFrame = CFrame.new(0.00873941, 0.000305023, 0.0029856, 0.93782, 0.00317681, -0.347108, -0.0103402, 0.99977, -0.0187873, 0.346968, 0.0212082, 0.937637)

[34]
    Time: 1.100000
    HumanoidRootPart.CFrame = CFrame.new(0, 0, 0, 1, 0, 0, 0, 1, 0, 0, 0, 1)
    Torso.CFrame = CFrame.new(-0.437522, 0.0263375, -0.167944, 0.97767, 0.0778486, -0.195194, -0.0524314, 0.989841, 0.132161, 0.2035, -0.118976, 0.971819)
    Left Leg.CFrame = CFrame.new(-1.20283, -0.533724, -0.0898096, 0.286846, -0.955293, 0.0716593, 0.950825, 0.274783, -0.142917, 0.116837, 0.109131, 0.987137)
    Right Arm.CFrame = CFrame.new(0.224806, -0.261131, 0.0233228, 0.915706, 0.000606678, -0.401849, 0.195908, 0.87244, 0.447738, 0.350861, -0.488721, 0.798779)
    Left Arm.CFrame = CFrame.new(-0.359959, 0.712639, 0.123276, 0.152593, 0.121133, 0.980838, -0.337111, -0.926558, 0.166875, 0.929017, -0.356115, -0.100551)
    Right Leg.CFrame = CFrame.new(0.322024, 0.17551, 0.172038, 0.833192, 0.531983, -0.150947, -0.488891, 0.836207, 0.248482, 0.258412, -0.133237, 0.956803)
    Head.CFrame = CFrame.new(0.00938649, 0.000386812, 0.00333476, 0.922309, 0.0134765, -0.386217, -0.0251786, 0.999364, -0.0252566, 0.385631, 0.0330188, 0.922062)

[35]
    Time: 1.133333
    HumanoidRootPart.CFrame = CFrame.new(0, 0, 0, 1, 0, 0, 0, 1, 0, 0, 0, 1)
    Torso.CFrame = CFrame.new(-0.409086, 0.062281, -0.100489, 0.986612, 0.0617654, -0.150935, -0.0384052, 0.987472, 0.15305, 0.158497, -0.145204, 0.976624)
    Left Leg.CFrame = CFrame.new(-1.06177, -0.487384, -0.00803792, 0.395386, -0.912603, 0.10405, 0.915247, 0.381896, -0.128365, 0.0774102, 0.145985, 0.986253)
    Right Arm.CFrame = CFrame.new(0.218988, -0.255697, 0.0972207, 0.908871, 0.0205061, -0.416573, 0.231852, 0.805405, 0.545497, 0.346696, -0.59237, 0.727255)
    Left Arm.CFrame = CFrame.new(-0.358502, 0.713518, 0.114805, 0.142695, 0.123246, 0.982063, -0.28899, -0.943793, 0.160434, 0.946638, -0.306699, -0.0990579)
    Right Leg.CFrame = CFrame.new(0.392812, 0.0817047, 0.154317, 0.804189, 0.577034, -0.142518, -0.541287, 0.810052, 0.225443, 0.245535, -0.104155, 0.963776)
    Head.CFrame = CFrame.new(0.00980816, 0.00057476, 0.00358725, 0.910731, 0.0302984, -0.411886, -0.0508972, 0.997937, -0.0391315, 0.409851, 0.0566022, 0.910395)

[36]
    Time: 1.166667
    HumanoidRootPart.CFrame = CFrame.new(0, 0, 0, 1, 0, 0, 0, 1, 0, 0, 0, 1)
    Torso.CFrame = CFrame.new(-0.369802, 0.103492, -0.0277691, 0.994335, 0.0409799, -0.0980759, -0.0229155, 0.983641, 0.178676, 0.103794, -0.175416, 0.979008)
    Left Leg.CFrame = CFrame.new(-0.869943, -0.411045, 0.0682744, 0.506712, -0.850408, 0.141591, 0.861946, 0.496474, -0.102778, 0.0171072, 0.174123, 0.984575)
    Right Arm.CFrame = CFrame.new(0.215391, -0.236656, 0.178754, 0.89957, 0.0378928, -0.435129, 0.279727, 0.715134, 0.640575, 0.335449, -0.69796, 0.632714)
    Left Arm.CFrame = CFrame.new(-0.378252, 0.68724, 0.135158, 0.173653, 0.173744, 0.96936, -0.255539, -0.94265, 0.214734, 0.951076, -0.284998, -0.119296)
    Right Leg.CFrame = CFrame.new(0.566425, -0.0262129, 0.113537, 0.755407, 0.648004, -0.0972185, -0.623007, 0.756251, 0.199865, 0.203035, -0.0904115, 0.974988)
    Head.CFrame = CFrame.new(0.0100482, 0.0008059, 0.00374496, 0.903178, 0.0476462, -0.426614, -0.0788406, 0.995327, -0.0557496, 0.421964, 0.0839863, 0.902714)

[37]
    Time: 1.200000
    HumanoidRootPart.CFrame = CFrame.new(0, 0, 0, 1, 0, 0, 0, 1, 0, 0, 0, 1)
    Torso.CFrame = CFrame.new(-0.331239, 0.137269, 0.0412779, 0.998292, 0.0223218, -0.0539941, -0.011056, 0.979617, 0.200572, 0.0573707, -0.199632, 0.97819)
    Left Leg.CFrame = CFrame.new(-0.635794, -0.296217, 0.0987722, 0.629577, -0.760125, 0.160757, 0.775419, 0.627682, -0.0688569, -0.0485642, 0.168004, 0.984589)
    Right Arm.CFrame = CFrame.new(0.215123, -0.199828, 0.26495, 0.887556, 0.0507216, -0.4579, 0.340188, 0.598093, 0.725643, 0.310672, -0.79982, 0.513586)
    Left Arm.CFrame = CFrame.new(-0.412557, 0.621172, 0.196261, 0.26706, 0.280754, 0.921876, -0.233114, -0.90939, 0.344482, 0.93506, -0.3069, -0.177414)
    Right Leg.CFrame = CFrame.new(0.671763, -0.0844148, 0.0275674, 0.75474, 0.655607, -0.0233982, -0.642433, 0.745856, 0.176008, 0.132844, -0.117809, 0.984111)
    Head.CFrame = CFrame.new(0.009932, 0.00103831, 0.00368798, 0.90577, 0.0591958, -0.419616, -0.0979557, 0.992625, -0.071413, 0.412294, 0.105787, 0.904888)

[38]
    Time: 1.233333
    HumanoidRootPart.CFrame = CFrame.new(0, 0, 0, 1, 0, 0, 0, 1, 0, 0, 0, 1)
    Torso.CFrame = CFrame.new(-0.304406, 0.151191, 0.102054, 0.999265, 0.0141761, -0.0356089, -0.00639801, 0.977744, 0.209703, 0.0377892, -0.209321, 0.977116)
    Left Leg.CFrame = CFrame.new(-0.369223, -0.161681, 0.0673993, 0.765426, -0.629337, 0.134378, 0.638575, 0.768643, -0.0375484, -0.0796585, 0.114551, 0.990218)
    Right Arm.CFrame = CFrame.new(0.21977, -0.141617, 0.350278, 0.87208, 0.0564242, -0.4861, 0.41149, 0.45308, 0.790819, 0.264863, -0.889682, 0.371904)
    Left Arm.CFrame = CFrame.new(-0.434971, 0.510442, 0.285917, 0.397796, 0.427312, 0.811888, -0.197726, -0.824194, 0.530668, 0.895914, -0.371629, -0.243371)
