[1]
    Time: 0.000000
    HumanoidRootPart.CFrame = CFrame.new(0, 0, 0, 1, 0, 0, 0, 1, 0, 0, 0, 1)
    Torso.CFrame = CFrame.new(0.494339, 0.102088, -0.133893, 0.81993, 0.564689, 0.094021, -0.57243, 0.810506, 0.124111, -0.00612037, -0.155583, 0.987804)
    Head.CFrame = CFrame.new(1.45286e-07, -3.35276e-08, 0.0166623, 0.919416, -0.377104, 0.111655, 0.387746, 0.916651, -0.0969683, -0.0657813, 0.132448, 0.989005)
    Left Leg.CFrame = CFrame.new(-0.504459, -0.647729, -0.0374612, -0.182648, -0.884724, -0.42884, 0.936466, -0.289398, 0.198194, -0.299452, -0.365394, 0.881371)
    Right Arm.CFrame = CFrame.new(-0.0455175, -0.411262, 0.538005, 0.936987, -0.347808, -0.0329536, 0.0927712, 0.156762, 0.98327, -0.336823, -0.924368, 0.179151)
    Right Leg.CFrame = CFrame.new(0.549052, -0.0453514, -0.0896286, 0.912948, 0.374573, 0.161927, -0.367407, 0.927168, -0.0732974, -0.177589, 0.0074235, 0.984077)
    Left Arm.CFrame = CFrame.new(0.0455182, -0.411262, 0.538005, 0.936987, 0.347807, 0.0329536, -0.0927712, 0.156762, 0.98327, 0.336822, -0.924368, 0.179151)

[2]
    Time: 0.050000
    HumanoidRootPart.CFrame = CFrame.new(0, 0, 0, 1, 0, 0, 0, 1, 0, 0, 0, 1)
    Torso.CFrame = CFrame.new(0.400848, 0.102088, 0.347255, 0.819538, 0.570363, 0.0551618, -0.57243, 0.810506, 0.124111, 0.0260794, -0.13329, 0.990734)
    Head.CFrame = CFrame.new(1.11759e-07, 5.21541e-08, 0.0166617, 0.914821, -0.377496, 0.143525, 0.390312, 0.917693, -0.074132, -0.103727, 0.123837, 0.986866)
    Left Leg.CFrame = CFrame.new(-0.53547, -0.602168, -0.0614793, -0.0881791, -0.912534, -0.399383, 0.966912, -0.17477, 0.185841, -0.239386, -0.369781, 0.897751)
    Right Arm.CFrame = CFrame.new(-0.0537697, -0.552935, 0.518577, 0.942755, -0.307618, 0.128775, -0.0162524, 0.34331, 0.939081, -0.333089, -0.887417, 0.318658)
    Right Leg.CFrame = CFrame.new(0.333789, -0.0278115, -0.0546573, 0.955502, 0.241852, 0.16889, -0.23983, 0.970268, -0.032587, -0.171749, -0.00936786, 0.985096)
    Left Arm.CFrame = CFrame.new(0.0537706, -0.552935, 0.518577, 0.942756, 0.307618, -0.128775, 0.0162524, 0.34331, 0.939081, 0.333088, -0.887417, 0.318658)

[3]
    Time: 0.083333
    HumanoidRootPart.CFrame = CFrame.new(0, 0, 0, 1, 0, 0, 0, 1, 0, 0, 0, 1)
    Torso.CFrame = CFrame.new(0.329962, 0.102089, 0.477029, 0.819216, 0.571745, 0.0446468, -0.57243, 0.810506, 0.124111, 0.0347735, -0.127231, 0.991263)
    Head.CFrame = CFrame.new(8.9407e-08, -1.11759e-08, 0.016662, 0.913371, -0.37765, 0.152102, 0.390854, 0.917941, -0.0679459, -0.113961, 0.121509, 0.986027)
    Left Leg.CFrame = CFrame.new(-0.54129, -0.58776, -0.0666392, -0.0613911, -0.918215, -0.391297, 0.972857, -0.142683, 0.182186, -0.223117, -0.369491, 0.902051)
    Right Arm.CFrame = CFrame.new(-0.056564, -0.605615, 0.511595, 0.940253, -0.284921, 0.186398, -0.0566954, 0.408797, 0.910863, -0.335723, -0.867009, 0.368219)
    Right Leg.CFrame = CFrame.new(0.232514, -0.0198393, -0.0372367, 0.968202, 0.18299, 0.170587, -0.181995, 0.983063, -0.0215844, -0.171647, -0.0101479, 0.985106)
    Left Arm.CFrame = CFrame.new(0.0565647, -0.605615, 0.511595, 0.940253, 0.28492, -0.186398, 0.0566953, 0.408797, 0.910863, 0.335722, -0.867009, 0.368219)

[4]
    Time: 0.133333
    HumanoidRootPart.CFrame = CFrame.new(0, 0, 0, 1, 0, 0, 0, 1, 0, 0, 0, 1)
    Torso.CFrame = CFrame.new(0.26623, 0.102089, 0.496088, 0.81916, 0.571943, 0.0431016, -0.57243, 0.810506, 0.124111, 0.0360504, -0.12634, 0.991332)
    Head.CFrame = CFrame.new(2.23517e-08, 5.58794e-08, 0.0166616, 0.91315, -0.377674, 0.153361, 0.390929, 0.917977, -0.0670366, -0.115463, 0.121168, 0.985894)
    Left Leg.CFrame = CFrame.new(-0.542062, -0.585592, -0.0673517, -0.0574217, -0.918979, -0.390104, 0.973643, -0.137942, 0.181638, -0.220733, -0.369392, 0.902677)
    Right Arm.CFrame = CFrame.new(-0.0571886, -0.61778, 0.510001, 0.939323, -0.279128, 0.199399, -0.0659487, 0.423494, 0.903495, -0.336635, -0.861824, 0.37939)
    Right Leg.CFrame = CFrame.new(0.212142, -0.0181929, -0.0336946, 0.97027, 0.171444, 0.170829, -0.170557, 0.985146, -0.0199681, -0.171715, -0.00976163, 0.985098)
    Left Arm.CFrame = CFrame.new(0.0571895, -0.617781, 0.510001, 0.939323, 0.279127, -0.199399, 0.0659487, 0.423494, 0.903495, 0.336634, -0.861824, 0.37939)

[5]
    Time: 0.166667
    HumanoidRootPart.CFrame = CFrame.new(0, 0, 0, 1, 0, 0, 0, 1, 0, 0, 0, 1)
    Torso.CFrame = CFrame.new(0.20369, 0.102089, 0.496702, 0.819159, 0.571949, 0.0430517, -0.57243, 0.810506, 0.124111, 0.0360916, -0.126311, 0.991334)
    Head.CFrame = CFrame.new(8.9407e-08, 0, 0.0166622, 0.913143, -0.377675, 0.153401, 0.390931, 0.917978, -0.0670073, -0.115512, 0.121156, 0.985889)
    Left Leg.CFrame = CFrame.new(-0.542087, -0.585521, -0.0673747, -0.0572935, -0.919003, -0.390065, 0.973667, -0.137789, 0.18162, -0.220656, -0.369388, 0.902698)
    Right Arm.CFrame = CFrame.new(-0.0572301, -0.618592, 0.509895, 0.939256, -0.278734, 0.200261, -0.0665642, 0.424468, 0.902993, -0.3367, -0.861472, 0.380131)
    Right Leg.CFrame = CFrame.new(0.211442, -0.0181357, -0.033573, 0.970339, 0.171049, 0.170837, -0.170165, 0.985214, -0.0199159, -0.171718, -0.00974528, 0.985098)
    Left Arm.CFrame = CFrame.new(0.0572306, -0.618592, 0.509895, 0.939257, 0.278734, -0.200261, 0.0665642, 0.424468, 0.902993, 0.336699, -0.861472, 0.380131)

[6]
    Time: 0.200000
    HumanoidRootPart.CFrame = CFrame.new(0, 0, 0, 1, 0, 0, 0, 1, 0, 0, 0, 1)
    Torso.CFrame = CFrame.new(0.14123, 0.102089, 0.496088, 0.81916, 0.571943, 0.0431016, -0.57243, 0.810506, 0.124111, 0.0360504, -0.12634, 0.991332)
    Head.CFrame = CFrame.new(2.23517e-08, 6.70552e-08, 0.0166613, 0.91315, -0.377674, 0.153361, 0.390929, 0.917977, -0.0670366, -0.115463, 0.121168, 0.985894)
    Left Leg.CFrame = CFrame.new(-0.542062, -0.585592, -0.0673517, -0.0574215, -0.918979, -0.390104, 0.973642, -0.137942, 0.181638, -0.220733, -0.369392, 0.902677)
    Right Arm.CFrame = CFrame.new(-0.0571885, -0.617781, 0.510001, 0.939323, -0.279128, 0.199399, -0.0659487, 0.423494, 0.903495, -0.336635, -0.861824, 0.37939)
    Right Leg.CFrame = CFrame.new(0.212143, -0.0181935, -0.0336949, 0.97027, 0.171444, 0.170829, -0.170557, 0.985146, -0.0199681, -0.171715, -0.00976174, 0.985098)
    Left Arm.CFrame = CFrame.new(0.0571895, -0.617782, 0.510001, 0.939323, 0.279127, -0.199399, 0.0659487, 0.423494, 0.903495, 0.336634, -0.861824, 0.37939)

[7]
    Time: 0.250000
    HumanoidRootPart.CFrame = CFrame.new(0, 0, 0, 1, 0, 0, 0, 1, 0, 0, 0, 1)
    Torso.CFrame = CFrame.new(0.0799623, 0.102089, 0.477029, 0.819216, 0.571745, 0.0446468, -0.57243, 0.810506, 0.124111, 0.0347735, -0.127231, 0.991263)
    Head.CFrame = CFrame.new(1.19209e-07, 4.47035e-08, 0.0166614, 0.913371, -0.37765, 0.152102, 0.390854, 0.917941, -0.0679459, -0.113961, 0.121509, 0.986027)
    Left Leg.CFrame = CFrame.new(-0.54129, -0.58776, -0.0666395, -0.0613909, -0.918215, -0.391297, 0.972857, -0.142683, 0.182186, -0.223117, -0.369491, 0.90205)
    Right Arm.CFrame = CFrame.new(-0.0565639, -0.605615, 0.511595, 0.940253, -0.284921, 0.186398, -0.0566954, 0.408797, 0.910863, -0.335722, -0.867009, 0.368219)
    Right Leg.CFrame = CFrame.new(0.232511, -0.0198401, -0.0372364, 0.968202, 0.182988, 0.170587, -0.181994, 0.983063, -0.0215844, -0.171647, -0.0101477, 0.985106)
    Left Arm.CFrame = CFrame.new(0.0565646, -0.605615, 0.511595, 0.940253, 0.28492, -0.186398, 0.0566953, 0.408797, 0.910862, 0.335722, -0.867009, 0.36822)

[8]
    Time: 0.283333
    HumanoidRootPart.CFrame = CFrame.new(0, 0, 0, 1, 0, 0, 0, 1, 0, 0, 0, 1)
    Torso.CFrame = CFrame.new(0.0258484, 0.102089, 0.347255, 0.819538, 0.570363, 0.0551618, -0.57243, 0.810506, 0.124111, 0.0260794, -0.13329, 0.990734)
    Head.CFrame = CFrame.new(4.47035e-08, 7.45058e-08, 0.0166619, 0.914821, -0.377496, 0.143525, 0.390312, 0.917693, -0.074132, -0.103727, 0.123837, 0.986866)
    Left Leg.CFrame = CFrame.new(-0.53547, -0.602167, -0.0614794, -0.0881792, -0.912533, -0.399383, 0.966912, -0.17477, 0.185841, -0.239386, -0.369781, 0.897751)
    Right Arm.CFrame = CFrame.new(-0.0537699, -0.552935, 0.518577, 0.942756, -0.307618, 0.128776, -0.0162524, 0.34331, 0.939081, -0.333089, -0.887417, 0.318658)
    Right Leg.CFrame = CFrame.new(0.333789, -0.0278109, -0.0546573, 0.955502, 0.241852, 0.16889, -0.23983, 0.970268, -0.032587, -0.171749, -0.00936787, 0.985096)
    Left Arm.CFrame = CFrame.new(0.0537707, -0.552935, 0.518577, 0.942756, 0.307618, -0.128775, 0.0162524, 0.34331, 0.939081, 0.333088, -0.887417, 0.318658)

[9]
    Time: 0.333333
    HumanoidRootPart.CFrame = CFrame.new(0, 0, 0, 1, 0, 0, 0, 1, 0, 0, 0, 1)
    Torso.CFrame = CFrame.new(-0.00566145, 0.102089, -0.133893, 0.81993, 0.564689, 0.094021, -0.57243, 0.810506, 0.124111, -0.00612037, -0.155583, 0.987804)
    Head.CFrame = CFrame.new(1.52737e-07, -4.09782e-08, 0.0166625, 0.919416, -0.377104, 0.111655, 0.387746, 0.916651, -0.0969683, -0.0657813, 0.132448, 0.989005)
    Left Leg.CFrame = CFrame.new(-0.504459, -0.647728, -0.0374612, -0.182648, -0.884724, -0.42884, 0.936466, -0.289398, 0.198194, -0.299452, -0.365394, 0.881371)
    Right Arm.CFrame = CFrame.new(-0.0455175, -0.411262, 0.538005, 0.936987, -0.347808, -0.0329536, 0.0927712, 0.156762, 0.98327, -0.336823, -0.924368, 0.179151)
    Right Leg.CFrame = CFrame.new(0.549052, -0.045351, -0.0896288, 0.912948, 0.374573, 0.161928, -0.367407, 0.927168, -0.0732974, -0.177589, 0.00742345, 0.984077)
    Left Arm.CFrame = CFrame.new(0.0455181, -0.411262, 0.538005, 0.936987, 0.347807, 0.0329536, -0.0927712, 0.156762, 0.98327, 0.336822, -0.924368, 0.179151)

[10]
    Time: 0.383333
    HumanoidRootPart.CFrame = CFrame.new(0, 0, 0, 1, 0, 0, 0, 1, 0, 0, 0, 1)
    Torso.CFrame = CFrame.new(-0.0991516, 0.102089, 0.0440319, 0.819538, 0.570363, 0.0551618, -0.57243, 0.810506, 0.124111, 0.0260794, -0.13329, 0.990734)
    Head.CFrame = CFrame.new(2.98023e-08, 5.96046e-08, 0.0166621, 0.914821, -0.377496, 0.143525, 0.390312, 0.917693, -0.074132, -0.103727, 0.123837, 0.986866)
    Left Leg.CFrame = CFrame.new(-0.53547, -0.602168, -0.061479, -0.0881791, -0.912533, -0.399383, 0.966912, -0.17477, 0.185841, -0.239386, -0.369781, 0.897751)
    Right Arm.CFrame = CFrame.new(-0.0537698, -0.552935, 0.518577, 0.942755, -0.307618, 0.128775, -0.0162524, 0.34331, 0.939081, -0.333089, -0.887417, 0.318658)
    Right Leg.CFrame = CFrame.new(0.333789, -0.0278112, -0.0546573, 0.955502, 0.241852, 0.16889, -0.23983, 0.970268, -0.032587, -0.171749, -0.00936793, 0.985096)
    Left Arm.CFrame = CFrame.new(0.0537706, -0.552936, 0.518577, 0.942756, 0.307618, -0.128775, 0.0162524, 0.34331, 0.939081, 0.333088, -0.887417, 0.318658)

[11]
    Time: 0.416667
    HumanoidRootPart.CFrame = CFrame.new(0, 0, 0, 1, 0, 0, 0, 1, 0, 0, 0, 1)
    Torso.CFrame = CFrame.new(-0.170038, 0.102089, 0.242654, 0.819216, 0.571745, 0.0446468, -0.57243, 0.810506, 0.124111, 0.0347735, -0.127231, 0.991263)
    Head.CFrame = CFrame.new(8.19564e-08, -1.86265e-08, 0.0166622, 0.913371, -0.37765, 0.152102, 0.390854, 0.917941, -0.0679459, -0.113961, 0.121509, 0.986027)
    Left Leg.CFrame = CFrame.new(-0.541289, -0.58776, -0.0666393, -0.0613913, -0.918215, -0.391297, 0.972857, -0.142683, 0.182186, -0.223117, -0.369491, 0.902051)
    Right Arm.CFrame = CFrame.new(-0.0565639, -0.605615, 0.511595, 0.940253, -0.284921, 0.186398, -0.0566954, 0.408797, 0.910863, -0.335723, -0.867009, 0.368219)
    Right Leg.CFrame = CFrame.new(0.232512, -0.0198393, -0.0372364, 0.968202, 0.182989, 0.170587, -0.181994, 0.983063, -0.0215845, -0.171647, -0.0101477, 0.985106)
    Left Arm.CFrame = CFrame.new(0.0565648, -0.605615, 0.511595, 0.940253, 0.28492, -0.186398, 0.0566953, 0.408797, 0.910863, 0.335722, -0.867009, 0.368219)

[12]
    Time: 0.466667
    HumanoidRootPart.CFrame = CFrame.new(0, 0, 0, 1, 0, 0, 0, 1, 0, 0, 0, 1)
    Torso.CFrame = CFrame.new(-0.23377, 0.102089, 0.418451, 0.81916, 0.571943, 0.0431016, -0.57243, 0.810506, 0.124111, 0.0360504, -0.12634, 0.991332)
    Head.CFrame = CFrame.new(2.98023e-08, 7.45058e-08, 0.0166621, 0.91315, -0.377674, 0.153361, 0.390929, 0.917977, -0.0670366, -0.115463, 0.121168, 0.985894)
    Left Leg.CFrame = CFrame.new(-0.542062, -0.585591, -0.0673517, -0.0574217, -0.918979, -0.390104, 0.973643, -0.137942, 0.181638, -0.220733, -0.369392, 0.902677)
    Right Arm.CFrame = CFrame.new(-0.0571886, -0.61778, 0.510001, 0.939323, -0.279128, 0.199399, -0.0659487, 0.423494, 0.903495, -0.336635, -0.861824, 0.37939)
    Right Leg.CFrame = CFrame.new(0.212143, -0.0181926, -0.0336947, 0.97027, 0.171444, 0.17083, -0.170557, 0.985146, -0.0199682, -0.171715, -0.00976168, 0.985098)
    Left Arm.CFrame = CFrame.new(0.0571896, -0.617781, 0.510001, 0.939323, 0.279127, -0.199399, 0.0659487, 0.423494, 0.903495, 0.336634, -0.861824, 0.37939)

[13]
    Time: 0.500000
    HumanoidRootPart.CFrame = CFrame.new(0, 0, 0, 1, 0, 0, 0, 1, 0, 0, 0, 1)
    Torso.CFrame = CFrame.new(-0.29631, 0.102089, 0.496702, 0.819159, 0.571949, 0.0430517, -0.57243, 0.810506, 0.124111, 0.0360916, -0.126311, 0.991334)
    Head.CFrame = CFrame.new(6.70552e-08, 5.96046e-08, 0.0166622, 0.913143, -0.377675, 0.153401, 0.390931, 0.917978, -0.0670073, -0.115512, 0.121156, 0.985889)
    Left Leg.CFrame = CFrame.new(-0.542086, -0.585521, -0.0673746, -0.0572935, -0.919003, -0.390065, 0.973667, -0.137789, 0.18162, -0.220656, -0.369388, 0.902698)
    Right Arm.CFrame = CFrame.new(-0.0572302, -0.618592, 0.509895, 0.939256, -0.278734, 0.200261, -0.0665642, 0.424468, 0.902993, -0.3367, -0.861472, 0.380131)
    Right Leg.CFrame = CFrame.new(0.21144, -0.0181355, -0.0335727, 0.970339, 0.171048, 0.170837, -0.170164, 0.985215, -0.019916, -0.171718, -0.00974508, 0.985098)
    Left Arm.CFrame = CFrame.new(0.0572307, -0.618592, 0.509895, 0.939257, 0.278734, -0.200261, 0.0665642, 0.424468, 0.902993, 0.336699, -0.861472, 0.380131)

[14]
    Time: 0.550000
    HumanoidRootPart.CFrame = CFrame.new(0, 0, 0, 1, 0, 0, 0, 1, 0, 0, 0, 1)
    Torso.CFrame = CFrame.new(-0.35877, 0.102089, 0.496088, 0.81916, 0.571943, 0.0431016, -0.57243, 0.810506, 0.124111, 0.0360504, -0.12634, 0.991332)
    Head.CFrame = CFrame.new(7.45058e-08, 2.23517e-08, 0.0166616, 0.91315, -0.377674, 0.153361, 0.390929, 0.917977, -0.0670366, -0.115463, 0.121168, 0.985894)
    Left Leg.CFrame = CFrame.new(-0.542062, -0.585591, -0.0673516, -0.0574215, -0.918978, -0.390104, 0.973643, -0.137942, 0.181638, -0.220733, -0.369392, 0.902677)
    Right Arm.CFrame = CFrame.new(-0.0571885, -0.61778, 0.510001, 0.939323, -0.279128, 0.199399, -0.0659487, 0.423494, 0.903495, -0.336635, -0.861824, 0.37939)
    Right Leg.CFrame = CFrame.new(0.212144, -0.0181933, -0.0336949, 0.97027, 0.171445, 0.170829, -0.170558, 0.985145, -0.0199681, -0.171715, -0.00976177, 0.985098)
    Left Arm.CFrame = CFrame.new(0.0571895, -0.617781, 0.510001, 0.939323, 0.279127, -0.199399, 0.0659487, 0.423494, 0.903495, 0.336634, -0.861824, 0.37939)

[15]
    Time: 0.583333
    HumanoidRootPart.CFrame = CFrame.new(0, 0, 0, 1, 0, 0, 0, 1, 0, 0, 0, 1)
    Torso.CFrame = CFrame.new(-0.420038, 0.102089, 0.477029, 0.819216, 0.571745, 0.0446468, -0.57243, 0.810506, 0.124111, 0.0347735, -0.127231, 0.991263)
    Head.CFrame = CFrame.new(5.96046e-08, 3.72529e-08, 0.0166616, 0.913371, -0.37765, 0.152102, 0.390854, 0.917941, -0.0679459, -0.113961, 0.121509, 0.986027)
    Left Leg.CFrame = CFrame.new(-0.54129, -0.58776, -0.0666392, -0.061391, -0.918215, -0.391297, 0.972857, -0.142683, 0.182186, -0.223117, -0.369491, 0.902051)
    Right Arm.CFrame = CFrame.new(-0.0565639, -0.605615, 0.511595, 0.940253, -0.284921, 0.186398, -0.0566954, 0.408797, 0.910863, -0.335722, -0.867009, 0.368219)
    Right Leg.CFrame = CFrame.new(0.232512, -0.0198393, -0.0372365, 0.968202, 0.182989, 0.170587, -0.181994, 0.983063, -0.0215844, -0.171647, -0.0101478, 0.985106)
    Left Arm.CFrame = CFrame.new(0.0565647, -0.605615, 0.511595, 0.940253, 0.28492, -0.186398, 0.0566953, 0.408797, 0.910862, 0.335722, -0.867009, 0.36822)

[16]
    Time: 0.633333
    HumanoidRootPart.CFrame = CFrame.new(0, 0, 0, 1, 0, 0, 0, 1, 0, 0, 0, 1)
    Torso.CFrame = CFrame.new(-0.474152, 0.102089, 0.347255, 0.819538, 0.570363, 0.0551618, -0.57243, 0.810506, 0.124111, 0.0260794, -0.13329, 0.990734)
    Head.CFrame = CFrame.new(1.49012e-08, 6.70552e-08, 0.0166619, 0.914821, -0.377496, 0.143525, 0.390312, 0.917693, -0.074132, -0.103727, 0.123837, 0.986866)
    Left Leg.CFrame = CFrame.new(-0.53547, -0.602168, -0.061479, -0.0881792, -0.912534, -0.399383, 0.966912, -0.17477, 0.185841, -0.239386, -0.369781, 0.897751)
    Right Arm.CFrame = CFrame.new(-0.0537697, -0.552935, 0.518577, 0.942756, -0.307618, 0.128776, -0.0162524, 0.34331, 0.939081, -0.333089, -0.887417, 0.318658)
    Right Leg.CFrame = CFrame.new(0.33379, -0.0278105, -0.0546574, 0.955502, 0.241853, 0.16889, -0.239831, 0.970268, -0.032587, -0.171749, -0.009368, 0.985096)
    Left Arm.CFrame = CFrame.new(0.0537707, -0.552935, 0.518577, 0.942756, 0.307618, -0.128775, 0.0162524, 0.34331, 0.939081, 0.333088, -0.887417, 0.318658)

[17]
    Time: 0.666667
    HumanoidRootPart.CFrame = CFrame.new(0, 0, 0, 1, 0, 0, 0, 1, 0, 0, 0, 1)
    Torso.CFrame = CFrame.new(-0.505661, 0.102089, -0.133893, 0.81993, 0.564689, 0.094021, -0.57243, 0.810506, 0.124111, -0.00612037, -0.155583, 0.987804)
    Head.CFrame = CFrame.new(1.8999e-07, -2.98023e-08, 0.0166623, 0.919416, -0.377104, 0.111655, 0.387746, 0.916651, -0.0969683, -0.0657813, 0.132448, 0.989005)
    Left Leg.CFrame = CFrame.new(-0.504459, -0.647728, -0.037461, -0.182648, -0.884724, -0.42884, 0.936466, -0.289398, 0.198194, -0.299452, -0.365394, 0.881371)
    Right Arm.CFrame = CFrame.new(-0.0455174, -0.411262, 0.538005, 0.936987, -0.347808, -0.0329536, 0.0927712, 0.156762, 0.98327, -0.336823, -0.924368, 0.179151)
    Right Leg.CFrame = CFrame.new(0.549053, -0.0453514, -0.0896285, 0.912948, 0.374573, 0.161927, -0.367407, 0.927168, -0.0732975, -0.177589, 0.00742356, 0.984077)
    Left Arm.CFrame = CFrame.new(0.0455182, -0.411262, 0.538005, 0.936987, 0.347807, 0.0329536, -0.0927712, 0.156762, 0.98327, 0.336822, -0.924368, 0.179151)

[18]
    Time: 0.700000
    HumanoidRootPart.CFrame = CFrame.new(0, 0, 0, 1, 0, 0, 0, 1, 0, 0, 0, 1)
    Torso.CFrame = CFrame.new(-0.523734, 0.102089, -0.0755022, 0.819855, 0.568107, 0.071359, -0.57243, 0.810506, 0.124111, 0.0126715, -0.142601, 0.989699)
    Head.CFrame = CFrame.new(-2.23517e-08, 3.72529e-09, 0.016662, 0.916883, -0.377299, 0.130274, 0.38935, 0.917283, -0.0836554, -0.0879352, 0.127424, 0.987943)
    Left Leg.CFrame = CFrame.new(-0.524237, -0.62264, -0.052384, -0.128422, -0.902206, -0.411744, 0.955808, -0.223315, 0.19121, -0.264459, -0.368993, 0.891014)
    Right Arm.CFrame = CFrame.new(-0.0279084, -0.477466, 0.543397, 0.932921, -0.359203, -0.0251413, 0.0939303, 0.175362, 0.980013, -0.347614, -0.916636, 0.197339)
    Right Leg.CFrame = CFrame.new(0.439635, -0.0361655, -0.0723295, 0.937463, 0.305888, 0.166121, -0.301871, 0.952061, -0.0495464, -0.173312, -0.00369905, 0.98486)
    Left Arm.CFrame = CFrame.new(0.0279091, -0.477466, 0.543397, 0.932921, 0.359202, 0.0251413, -0.0939303, 0.175363, 0.980013, 0.347614, -0.916636, 0.19734)

[19]
    Time: 0.750000
    HumanoidRootPart.CFrame = CFrame.new(0, 0, 0, 1, 0, 0, 0, 1, 0, 0, 0, 1)
    Torso.CFrame = CFrame.new(-0.534726, 0.102089, -0.0402489, 0.8196, 0.570036, 0.057576, -0.57243, 0.810506, 0.124111, 0.0240822, -0.13468, 0.990596)
    Head.CFrame = CFrame.new(7.45058e-09, -7.82311e-08, 0.0166622, 0.915142, -0.377464, 0.141553, 0.390178, 0.917634, -0.0755519, -0.101376, 0.124372, 0.987043)
    Left Leg.CFrame = CFrame.new(-0.533959, -0.605347, -0.0602092, -0.0942531, -0.911114, -0.401233, 0.965406, -0.182071, 0.186661, -0.243122, -0.369759, 0.896755)
    Right Arm.CFrame = CFrame.new(-0.0152833, -0.524919, 0.547272, 0.929922, -0.367245, -0.0194033, 0.0948949, 0.188645, 0.97745, -0.355303, -0.910793, 0.210275)
    Right Leg.CFrame = CFrame.new(0.352185, -0.0292388, -0.0577769, 0.952737, 0.252793, 0.168489, -0.250495, 0.967481, -0.035114, -0.171886, -0.0087512, 0.985078)
    Left Arm.CFrame = CFrame.new(0.0152843, -0.524919, 0.547272, 0.929922, 0.367244, 0.0194034, -0.094895, 0.188646, 0.97745, 0.355302, -0.910793, 0.210275)

[20]
    Time: 0.800000
    HumanoidRootPart.CFrame = CFrame.new(0, 0, 0, 1, 0, 0, 0, 1, 0, 0, 0, 1)
    Torso.CFrame = CFrame.new(-0.54095, 0.102089, -0.0203717, 0.819385, 0.571079, 0.0497727, -0.57243, 0.810506, 0.124111, 0.0305363, -0.130186, 0.991019)
    Head.CFrame = CFrame.new(1.3411e-07, 6.33299e-08, 0.016662, 0.914089, -0.377572, 0.147923, 0.390598, 0.917822, -0.0709619, -0.108974, 0.122644, 0.98645)
    Left Leg.CFrame = CFrame.new(-0.538546, -0.594831, -0.0641856, -0.0744851, -0.915551, -0.395245, 0.97009, -0.158349, 0.183984, -0.231034, -0.369719, 0.899962)
    Right Arm.CFrame = CFrame.new(-0.00660026, -0.55755, 0.549942, 0.92782, -0.372712, -0.0153922, 0.0956229, 0.197752, 0.975577, -0.360565, -0.906631, 0.219118)
    Right Leg.CFrame = CFrame.new(0.287531, -0.0242012, -0.0467457, 0.961819, 0.21467, 0.169769, -0.21322, 0.976633, -0.0269472, -0.171587, -0.0102798, 0.985115)
    Left Arm.CFrame = CFrame.new(0.00660101, -0.55755, 0.549942, 0.92782, 0.372711, 0.0153923, -0.0956229, 0.197752, 0.975577, 0.360564, -0.906631, 0.219118)

[21]
    Time: 0.833333
    HumanoidRootPart.CFrame = CFrame.new(0, 0, 0, 1, 0, 0, 0, 1, 0, 0, 0, 1)
    Torso.CFrame = CFrame.new(-0.544156, 0.102089, -0.0101547, 0.819254, 0.571603, 0.0457529, -0.57243, 0.810506, 0.124111, 0.0338593, -0.127869, 0.991213)
    Head.CFrame = CFrame.new(1.49012e-08, 7.07805e-08, 0.0166621, 0.913527, -0.377633, 0.151201, 0.3908, 0.917916, -0.0685968, -0.112885, 0.121754, 0.98612)
    Left Leg.CFrame = CFrame.new(-0.540721, -0.589301, -0.0661215, -0.0642263, -0.917657, -0.39215, 0.97228, -0.146071, 0.182577, -0.224825, -0.369553, 0.901601)
    Right Arm.CFrame = CFrame.new(-0.000939041, -0.578822, 0.551684, 0.926432, -0.376247, -0.0127489, 0.0961258, 0.203676, 0.974308, -0.363984, -0.903855, 0.224859)
    Right Leg.CFrame = CFrame.new(0.245699, -0.0208977, -0.0395229, 0.966779, 0.190519, 0.170412, -0.189437, 0.98163, -0.0227415, -0.171614, -0.0102963, 0.98511)
    Left Arm.CFrame = CFrame.new(0.000939831, -0.578823, 0.551684, 0.926432, 0.376247, 0.0127492, -0.0961258, 0.203676, 0.974308, 0.363984, -0.903855, 0.224859)

[22]
    Time: 0.883333
    HumanoidRootPart.CFrame = CFrame.new(0, 0, 0, 1, 0, 0, 0, 1, 0, 0, 0, 1)
    Torso.CFrame = CFrame.new(-0.545604, 0.102089, -0.00554372, 0.819191, 0.571836, 0.0439369, -0.57243, 0.810506, 0.124111, 0.0353601, -0.126821, 0.991295)
    Head.CFrame = CFrame.new(8.9407e-08, 4.47035e-08, 0.0166616, 0.91327, -0.377661, 0.15268, 0.390889, 0.917958, -0.0675281, -0.114651, 0.121352, 0.985966)
    Left Leg.CFrame = CFrame.new(-0.541648, -0.586766, -0.066968, -0.0595688, -0.918568, -0.390749, 0.97322, -0.140506, 0.181935, -0.222022, -0.369447, 0.902339)
    Right Arm.CFrame = CFrame.new(0.002499, -0.59174, 0.552743, 0.925582, -0.378383, -0.011133, 0.096442, 0.207268, 0.973519, -0.366056, -0.902145, 0.228336)
    Right Leg.CFrame = CFrame.new(0.223411, -0.0191091, -0.0356552, 0.969145, 0.177821, 0.170699, -0.176878, 0.984012, -0.0208418, -0.171675, -0.00999407, 0.985103)
    Left Arm.CFrame = CFrame.new(-0.00249839, -0.591741, 0.552743, 0.925582, 0.378383, 0.0111331, -0.096442, 0.207268, 0.973519, 0.366055, -0.902145, 0.228336)

[23]
    Time: 0.916667
    HumanoidRootPart.CFrame = CFrame.new(0, 0, 0, 1, 0, 0, 0, 1, 0, 0, 0, 1)
    Torso.CFrame = CFrame.new(-0.546142, 0.102089, -0.0038309, 0.819166, 0.571922, 0.0432618, -0.57243, 0.810506, 0.124111, 0.035918, -0.126432, 0.991325)
    Head.CFrame = CFrame.new(5.21541e-08, 7.45058e-09, 0.0166624, 0.913173, -0.377671, 0.15323, 0.390921, 0.917973, -0.0671308, -0.115308, 0.121203, 0.985908)
    Left Leg.CFrame = CFrame.new(-0.541983, -0.585816, -0.0672785, -0.0578337, -0.9189, -0.390228, 0.973562, -0.138434, 0.181695, -0.22098, -0.369403, 0.902613)
    Right Arm.CFrame = CFrame.new(0.00438997, -0.598844, 0.553326, 0.925113, -0.379554, -0.0102409, 0.0966194, 0.209241, 0.973079, -0.367194, -0.901197, 0.230244)
    Right Leg.CFrame = CFrame.new(0.214364, -0.0183735, -0.0340817, 0.970052, 0.172699, 0.170804, -0.171802, 0.984926, -0.0201356, -0.171707, -0.00981188, 0.985099)
    Left Arm.CFrame = CFrame.new(-0.00438946, -0.598843, 0.553326, 0.925113, 0.379554, 0.0102409, -0.0966194, 0.209242, 0.973079, 0.367193, -0.901197, 0.230245)

[24]
    Time: 0.950000
    HumanoidRootPart.CFrame = CFrame.new(0, 0, 0, 1, 0, 0, 0, 1, 0, 0, 0, 1)
    Torso.CFrame = CFrame.new(-0.546288, 0.102089, -0.0033679, 0.81916, 0.571946, 0.0430794, -0.57243, 0.810506, 0.124111, 0.0360687, -0.126327, 0.991333)
    Head.CFrame = CFrame.new(1.19209e-07, -2.98023e-08, 0.0166624, 0.913147, -0.377674, 0.153379, 0.39093, 0.917977, -0.0670235, -0.115485, 0.121163, 0.985892)
    Left Leg.CFrame = CFrame.new(-0.542073, -0.58556, -0.0673619, -0.0573646, -0.91899, -0.390087, 0.973654, -0.137874, 0.18163, -0.220699, -0.36939, 0.902686)
    Right Arm.CFrame = CFrame.new(0.00528647, -0.602213, 0.553602, 0.92489, -0.380109, -0.00981692, 0.0967043, 0.210177, 0.972869, -0.367733, -0.900746, 0.231149)
    Right Leg.CFrame = CFrame.new(0.211832, -0.0181676, -0.0336412, 0.9703, 0.171269, 0.170833, -0.170383, 0.985176, -0.0199448, -0.171716, -0.00975458, 0.985098)
    Left Arm.CFrame = CFrame.new(-0.00528605, -0.602213, 0.553602, 0.92489, 0.380109, 0.00981708, -0.0967044, 0.210177, 0.972869, 0.367732, -0.900746, 0.231149)

[25]
    Time: 1.000000
    HumanoidRootPart.CFrame = CFrame.new(0, 0, 0, 1, 0, 0, 0, 1, 0, 0, 0, 1)
    Torso.CFrame = CFrame.new(-0.546309, 0.102089, -0.00329995, 0.819159, 0.571949, 0.0430526, -0.57243, 0.810506, 0.124111, 0.0360909, -0.126311, 0.991334)
    Head.CFrame = CFrame.new(1.19209e-07, -9.31323e-08, 0.0166627, 0.913143, -0.377675, 0.1534, 0.390931, 0.917978, -0.0670077, -0.115511, 0.121157, 0.98589)
    Left Leg.CFrame = CFrame.new(-0.542086, -0.585522, -0.0673743, -0.0572959, -0.919003, -0.390066, 0.973667, -0.137792, 0.18162, -0.220657, -0.369388, 0.902697)
    Right Arm.CFrame = CFrame.new(0.00561999, -0.603464, 0.553705, 0.924807, -0.380315, -0.00965936, 0.0967361, 0.210524, 0.972791, -0.367933, -0.900578, 0.231485)
    Right Leg.CFrame = CFrame.new(0.21146, -0.0181368, -0.0335763, 0.970337, 0.171059, 0.170837, -0.170175, 0.985213, -0.0199168, -0.171718, -0.00974615, 0.985098)
    Left Arm.CFrame = CFrame.new(-0.00561902, -0.603464, 0.553705, 0.924807, 0.380314, 0.00965953, -0.0967362, 0.210525, 0.972791, 0.367932, -0.900578, 0.231485)

[26]
    Time: 1.033333
    HumanoidRootPart.CFrame = CFrame.new(0, 0, 0, 1, 0, 0, 0, 1, 0, 0, 0, 1)
    Torso.CFrame = CFrame.new(-0.54631, 0.102089, -0.00329757, 0.819159, 0.571949, 0.0430517, -0.57243, 0.810506, 0.124111, 0.0360916, -0.126311, 0.991334)
    Head.CFrame = CFrame.new(6.70552e-08, 5.96046e-08, 0.0166617, 0.913143, -0.377675, 0.153401, 0.390931, 0.917978, -0.0670073, -0.115512, 0.121156, 0.985889)
    Left Leg.CFrame = CFrame.new(-0.542086, -0.585521, -0.0673748, -0.0572934, -0.919003, -0.390065, 0.973667, -0.137789, 0.18162, -0.220656, -0.369388, 0.902698)
    Right Arm.CFrame = CFrame.new(0.00569655, -0.603753, 0.553729, 0.924788, -0.380362, -0.00962301, 0.0967434, 0.210605, 0.972772, -0.367979, -0.900539, 0.231562)
    Right Leg.CFrame = CFrame.new(0.211444, -0.0181363, -0.0335734, 0.970338, 0.17105, 0.170837, -0.170166, 0.985214, -0.0199159, -0.171718, -0.00974557, 0.985098)
    Left Arm.CFrame = CFrame.new(-0.00569594, -0.603753, 0.553729, 0.924788, 0.380362, 0.00962296, -0.0967435, 0.210605, 0.972772, 0.367979, -0.900539, 0.231562)

[27]
    Time: 1.083333
    HumanoidRootPart.CFrame = CFrame.new(0, 0, 0, 1, 0, 0, 0, 1, 0, 0, 0, 1)
    Torso.CFrame = CFrame.new(-0.572648, 0.102089, -0.00257969, 0.817567, 0.575728, 0.0110326, -0.57243, 0.810506, 0.124111, 0.0625123, -0.107785, 0.992207)
    Head.CFrame = CFrame.new(1.86265e-07, -2.6077e-08, 0.0166622, 0.908145, -0.378277, 0.179387, 0.392158, 0.918637, -0.0481508, -0.146577, 0.114076, 0.9826)
    Left Leg.CFrame = CFrame.new(-0.554504, -0.582823, -0.0802108, -0.0324877, -0.924699, -0.379311, 0.980767, -0.102573, 0.166055, -0.192458, -0.366621, 0.910247)
    Right Arm.CFrame = CFrame.new(0.00570191, -0.603772, 0.55373, 0.924786, -0.380365, -0.00962047, 0.0967439, 0.21061, 0.972771, -0.367982, -0.900536, 0.231568)
    Right Leg.CFrame = CFrame.new(0.288125, -0.00110561, -0.0475533, 0.96618, 0.189151, 0.175269, -0.194196, 0.98089, 0.0119332, -0.169662, -0.0455661, 0.984448)
    Left Arm.CFrame = CFrame.new(-0.00570093, -0.603773, 0.55373, 0.924787, 0.380365, 0.00962061, -0.0967439, 0.21061, 0.972771, 0.367982, -0.900536, 0.231568)

[28]
    Time: 1.133333
    HumanoidRootPart.CFrame = CFrame.new(0, 0, 0, 1, 0, 0, 0, 1, 0, 0, 0, 1)
    Torso.CFrame = CFrame.new(-0.643183, 0.0208182, -0.00439906, 0.981087, -0.163371, -0.103817, 0.173338, 0.980215, 0.095561, 0.0861515, -0.111749, 0.989995)
    Head.CFrame = CFrame.new(4.84288e-08, -3.72529e-09, 0.0166621, 0.974074, -0.206778, -0.0917762, 0.199176, 0.976224, -0.0855273, 0.107279, 0.0650302, 0.9921)
    Left Leg.CFrame = CFrame.new(0.100705, 0.0809662, -0.0207158, 0.980943, -0.12588, 0.148002, 0.10231, 0.982234, 0.157316, -0.165176, -0.139176, 0.976395)
    Right Arm.CFrame = CFrame.new(0.104054, -0.666691, -0.102866, 0.105929, -0.739157, 0.665151, 0.235933, 0.668496, 0.7053, -0.965979, 0.082219, 0.245204)
    Right Leg.CFrame = CFrame.new(0.337818, 0.00964278, -0.0572523, 0.959502, 0.218373, 0.177957, -0.22825, 0.972907, 0.0368031, -0.165099, -0.0759315, 0.98335)
    Left Arm.CFrame = CFrame.new(-0.104054, -0.666691, -0.102866, 0.10593, 0.739157, -0.665151, -0.235933, 0.668497, 0.7053, 0.965979, 0.0822187, 0.245205)

[29]
    Time: 1.166667
    HumanoidRootPart.CFrame = CFrame.new(0, 0, 0, 1, 0, 0, 0, 1, 0, 0, 0, 1)
    Torso.CFrame = CFrame.new(-0.630665, 0.0208183, -0.00435877, 0.981128, -0.163424, -0.103349, 0.173338, 0.980215, 0.095561, 0.0856869, -0.111672, 0.990044)
    Head.CFrame = CFrame.new(-8.19564e-08, 2.98023e-08, 0.0166619, 0.974033, -0.206764, -0.0922407, 0.199141, 0.976239, -0.0854417, 0.107715, 0.0648541, 0.992064)
    Left Leg.CFrame = CFrame.new(0.101138, 0.0785636, -0.0203978, 0.980667, -0.126982, 0.148892, 0.104126, 0.982822, 0.152378, -0.165683, -0.133928, 0.977043)
    Right Arm.CFrame = CFrame.new(0.152707, -0.694263, -0.344652, -0.248712, -0.523841, 0.814699, 0.406476, 0.707026, 0.578698, -0.879159, 0.475084, 0.0370827)
    Right Leg.CFrame = CFrame.new(0.338627, 0.0118821, -0.0576627, 0.959086, 0.219569, 0.178727, -0.230454, 0.972161, 0.042347, -0.164453, -0.0818027, 0.982987)
    Left Arm.CFrame = CFrame.new(-0.152707, -0.694263, -0.344652, -0.248711, 0.523841, -0.814699, -0.406476, 0.707026, 0.578698, 0.879159, 0.475084, 0.037083)

[30]
    Time: 1.216667
    HumanoidRootPart.CFrame = CFrame.new(0, 0, 0, 1, 0, 0, 0, 1, 0, 0, 0, 1)
    Torso.CFrame = CFrame.new(-0.596332, 0.0208182, -0.00424815, 0.981239, -0.16357, -0.102052, 0.173338, 0.980215, 0.095561, 0.0844021, -0.111458, 0.990179)
    Head.CFrame = CFrame.new(1.30385e-07, -1.86265e-08, 0.0166626, 0.973919, -0.206725, -0.0935246, 0.199044, 0.97628, -0.0852049, 0.10892, 0.0643671, 0.991964)
    Left Leg.CFrame = CFrame.new(0.102315, 0.0719379, -0.0195823, 0.979901, -0.129991, 0.151314, 0.109147, 0.984294, 0.138755, -0.166974, -0.11945, 0.978699)
    Right Arm.CFrame = CFrame.new(0.171843, -0.705332, -0.435724, -0.348822, -0.417139, 0.839237, 0.468276, 0.69811, 0.541627, -0.811813, 0.581926, -0.0481799)
    Right Leg.CFrame = CFrame.new(0.339299, 0.0179853, -0.0585527, 0.958128, 0.222045, 0.180796, -0.235681, 0.970126, 0.0575275, -0.162621, -0.097729, 0.981837)
    Left Arm.CFrame = CFrame.new(-0.171843, -0.705332, -0.435723, -0.348821, 0.417139, -0.839237, -0.468276, 0.69811, 0.541627, 0.811813, 0.581926, -0.0481796)

[31]
    Time: 1.250000
    HumanoidRootPart.CFrame = CFrame.new(0, 0, 0, 1, 0, 0, 0, 1, 0, 0, 0, 1)
    Torso.CFrame = CFrame.new(-0.545017, 0.0208182, -0.00408363, 0.981404, -0.16379, -0.100093, 0.173338, 0.980215, 0.095561, 0.0824609, -0.111134, 0.990378)
    Head.CFrame = CFrame.new(4.84288e-08, -2.6077e-08, 0.0166622, 0.973744, -0.206664, -0.0954639, 0.198897, 0.976341, -0.0848469, 0.11074, 0.0636316, 0.99181)
    Left Leg.CFrame = CFrame.new(0.104048, 0.0619327, -0.0185221, 0.978741, -0.134452, 0.154883, 0.116761, 0.986103, 0.118184, -0.168621, -0.097587, 0.980838)
    Right Arm.CFrame = CFrame.new(0.179019, -0.709533, -0.469753, -0.38106, -0.376132, 0.844582, 0.490155, 0.692375, 0.529496, -0.783927, 0.615745, -0.0794737)
    Right Leg.CFrame = CFrame.new(0.336056, 0.02708, -0.0592154, 0.957211, 0.223545, 0.183778, -0.241252, 0.967148, 0.0801406, -0.159825, -0.121048, 0.979695)
    Left Arm.CFrame = CFrame.new(-0.179019, -0.709533, -0.469753, -0.38106, 0.376132, -0.844582, -0.490155, 0.692375, 0.529496, 0.783927, 0.615745, -0.0794733)

[32]
    Time: 1.283333
    HumanoidRootPart.CFrame = CFrame.new(0, 0, 0, 1, 0, 0, 0, 1, 0, 0, 0, 1)
    Torso.CFrame = CFrame.new(-0.481553, 0.0208182, -0.00388193, 0.981606, -0.164065, -0.0976371, 0.173338, 0.980215, 0.095561, 0.0800271, -0.110727, 0.990624)
    Head.CFrame = CFrame.new(7.45058e-08, 8.19564e-08, 0.0166619, 0.973519, -0.206587, -0.0978944, 0.198715, 0.976417, -0.0843978, 0.113021, 0.0627097, 0.991612)
    Left Leg.CFrame = CFrame.new(0.106145, 0.0494058, -0.0174826, 0.977283, -0.139896, 0.159204, 0.126326, 0.987673, 0.0924305, -0.170172, -0.0702192, 0.982909)
    Right Arm.CFrame = CFrame.new(0.18169, -0.711105, -0.482422, -0.39236, -0.360812, 0.84609, 0.498105, 0.689956, 0.525216, -0.773269, 0.627515, -0.0909893)
    Right Leg.CFrame = CFrame.new(0.49058, -0.207266, 0.0570084, 0.775912, 0.611178, -0.156274, -0.629717, 0.76517, -0.13406, 0.0376419, 0.202427, 0.978574)
    Left Arm.CFrame = CFrame.new(-0.18169, -0.711105, -0.482422, -0.392359, 0.360812, -0.846091, -0.498105, 0.689956, 0.525216, 0.77327, 0.627515, -0.090989)

[33]
    Time: 1.333333
    HumanoidRootPart.CFrame = CFrame.new(0, 0, 0, 1, 0, 0, 0, 1, 0, 0, 0, 1)
    Torso.CFrame = CFrame.new(-0.410771, 0.0208182, -0.00365901, 0.981827, -0.164376, -0.0948491, 0.173338, 0.980215, 0.095561, 0.0772646, -0.110265, 0.990894)
    Head.CFrame = CFrame.new(7.45058e-08, 3.72529e-09, 0.0166619, 0.973257, -0.206496, -0.100652, 0.198509, 0.976503, -0.0838875, 0.115609, 0.0616637, 0.991379)
    Left Leg.CFrame = CFrame.new(0.108413, 0.03527, -0.0166899, 0.975638, -0.145852, 0.163883, 0.137133, 0.988523, 0.0633735, -0.171245, -0.039356, 0.984442)
    Right Arm.CFrame = CFrame.new(0.182683, -0.711691, -0.487132, -0.396465, -0.355113, 0.846587, 0.501033, 0.68902, 0.523658, -0.769274, 0.63178, -0.0952496)
    Right Leg.CFrame = CFrame.new(0.302085, -0.323708, 0.080344, 0.652412, 0.683342, -0.327724, -0.752633, 0.634922, -0.174408, 0.0888993, 0.360442, 0.928536)
    Left Arm.CFrame = CFrame.new(-0.182683, -0.711691, -0.487132, -0.396465, 0.355113, -0.846588, -0.501033, 0.68902, 0.523658, 0.769274, 0.63178, -0.0952493)

[34]
    Time: 1.383333
    HumanoidRootPart.CFrame = CFrame.new(0, 0, 0, 1, 0, 0, 0, 1, 0, 0, 0, 1)
    Torso.CFrame = CFrame.new(-0.337504, 0.0208183, -0.00343013, 0.982053, -0.164704, -0.0918947, 0.173338, 0.980215, 0.095561, 0.0743373, -0.109775, 0.991173)
    Head.CFrame = CFrame.new(8.9407e-08, -1.11759e-08, 0.0166622, 0.972972, -0.206396, -0.103572, 0.198292, 0.976593, -0.0833462, 0.11835, 0.0605559, 0.991124)
    Left Leg.CFrame = CFrame.new(0.110672, 0.0205089, -0.0162899, 0.973926, -0.151857, 0.168548, 0.148394, 0.988377, 0.0330318, -0.171605, -0.00715904, 0.98514)
    Right Arm.CFrame = CFrame.new(0.183052, -0.711909, -0.488882, -0.397978, -0.352995, 0.846763, 0.502117, 0.688668, 0.523083, -0.767784, 0.633349, -0.0968297)
    Right Leg.CFrame = CFrame.new(0.164484, -0.330327, 0.0714426, 0.585055, 0.700312, -0.408992, -0.799881, 0.581486, -0.148544, 0.133796, 0.414051, 0.900367)
    Left Arm.CFrame = CFrame.new(-0.183052, -0.711908, -0.488883, -0.397977, 0.352995, -0.846764, -0.502117, 0.688668, 0.523083, 0.767784, 0.633349, -0.0968294)

[35]
    Time: 1.416667
    HumanoidRootPart.CFrame = CFrame.new(0, 0, 0, 1, 0, 0, 0, 1, 0, 0, 0, 1)
    Torso.CFrame = CFrame.new(-0.266584, 0.0208183, -0.0032084, 0.98227, -0.16503, -0.0889394, 0.173338, 0.980215, 0.095561, 0.0714093, -0.109283, 0.991442)
    Head.CFrame = CFrame.new(6.33299e-08, 4.47035e-08, 0.0166621, 0.972678, -0.206293, -0.106492, 0.198077, 0.976683, -0.0828041, 0.121091, 0.0594482, 0.99086)
    Left Leg.CFrame = CFrame.new(0.112762, 0.00615472, -0.016317, 0.972273, -0.157485, 0.172867, 0.159278, 0.987227, 0.00353792, -0.171217, 0.024094, 0.984939)
    Right Arm.CFrame = CFrame.new(0.110497, -0.610085, -0.0770029, 0.703475, -0.516145, 0.488587, 0.260277, 0.82679, 0.498673, -0.661346, -0.223636, 0.715966)
    Right Leg.CFrame = CFrame.new(0.110553, -0.317778, 0.0747369, 0.540027, 0.714978, -0.444046, -0.824243, 0.556006, -0.107154, 0.17028, 0.423868, 0.889573)
    Left Arm.CFrame = CFrame.new(-0.110497, -0.610086, -0.0770032, 0.703475, 0.516145, -0.488587, -0.260277, 0.82679, 0.498673, 0.661346, -0.223636, 0.715967)

[36]
    Time: 1.466667
    HumanoidRootPart.CFrame = CFrame.new(0, 0, 0, 1, 0, 0, 0, 1, 0, 0, 0, 1)
    Torso.CFrame = CFrame.new(-0.202845, 0.0208183, -0.00300598, 0.982467, -0.165337, -0.0861492, 0.173338, 0.980215, 0.095561, 0.068645, -0.108818, 0.991689)
    Head.CFrame = CFrame.new(1.19209e-07, -6.33299e-08, 0.0166624, 0.972394, -0.206193, -0.109247, 0.197875, 0.976767, -0.0822919, 0.123677, 0.0584029, 0.990602)
    Left Leg.CFrame = CFrame.new(0.114547, -0.00672579, -0.01669, 0.970807, -0.162357, 0.176562, 0.168959, 0.985356, -0.0229218, -0.170255, 0.0520843, 0.984023)
    Right Arm.CFrame = CFrame.new(0.0935106, -0.574661, 0.0789949, 0.936616, -0.307538, 0.167844, 0.168741, 0.815804, 0.553164, -0.307047, -0.48978, 0.815989)
    Right Leg.CFrame = CFrame.new(0.106643, -0.312226, 0.0900523, 0.506733, 0.731671, -0.455938, -0.839463, 0.539181, -0.0677287, 0.196278, 0.417063, 0.887431)
    Left Arm.CFrame = CFrame.new(-0.0935101, -0.574662, 0.078995, 0.936616, 0.307538, -0.167843, -0.168741, 0.815804, 0.553164, 0.307046, -0.48978, 0.815989)

[37]
    Time: 1.500000
    HumanoidRootPart.CFrame = CFrame.new(0, 0, 0, 1, 0, 0, 0, 1, 0, 0, 0, 1)
    Torso.CFrame = CFrame.new(-0.151118, 0.0208183, -0.00283265, 0.982634, -0.165607, -0.0836899, 0.173338, 0.980215, 0.095561, 0.0662086, -0.108408, 0.991899)
    Head.CFrame = CFrame.new(1.04308e-07, 1.86265e-08, 0.016662, 0.972137, -0.206102, -0.111674, 0.197698, 0.976841, -0.08184, 0.125955, 0.057482, 0.990369)
    Left Leg.CFrame = CFrame.new(0.11592, -0.0170746, -0.0172282, 0.969643, -0.16615, 0.179404, 0.17666, 0.98328, -0.0441716, -0.169065, 0.0745241, 0.982783)
    Right Arm.CFrame = CFrame.new(0.0892496, -0.565272, 0.122064, 0.966854, -0.240444, 0.0859116, 0.150225, 0.807756, 0.570055, -0.206462, -0.538254, 0.817102)
    Right Leg.CFrame = CFrame.new(0.119031, -0.309768, 0.107282, 0.483938, 0.745729, -0.457922, -0.84827, 0.528335, -0.0360665, 0.21504, 0.405895, 0.888261)
    Left Arm.CFrame = CFrame.new(-0.0892491, -0.565272, 0.122064, 0.966854, 0.240444, -0.0859113, -0.150225, 0.807756, 0.570055, 0.206461, -0.538254, 0.817103)

[38]
    Time: 1.533333
    HumanoidRootPart.CFrame = CFrame.new(0, 0, 0, 1, 0, 0, 0, 1, 0, 0, 0, 1)
    Torso.CFrame = CFrame.new(-0.116238, 0.0208182, -0.00269794, 0.982764, -0.165821, -0.0817277, 0.173338, 0.980215, 0.095561, 0.0642647, -0.10808, 0.992063)
    Head.CFrame = CFrame.new(5.21541e-08, 4.09782e-08, 0.0166619, 0.971929, -0.206028, -0.113609, 0.197558, 0.976899, -0.0814791, 0.127772, 0.0567475, 0.990179)
    Left Leg.CFrame = CFrame.new(0.116789, -0.0238505, -0.017696, 0.968889, -0.168579, 0.181205, 0.181661, 0.981644, -0.0580831, -0.168088, 0.089194, 0.981729)
    Right Arm.CFrame = CFrame.new(0.0886251, -0.563897, 0.128424, 0.970241, -0.230474, 0.0742611, 0.147744, 0.806448, 0.57255, -0.191845, -0.54454, 0.8165)
