[1]
    Time: 0.000000
    HumanoidRootPart.CFrame = CFrame.new(0, 0, 0, 1, 0, 0, 0, 1, 0, 0, 0, 1)
    SpokenForMic.CFrame = CFrame.new(0.0567654, 2.15561, -0.174557, 0.839935, -0.0350822, -0.541552, 0.134309, 0.980302, 0.144805, 0.525805, -0.194362, 0.828102)
    Torso.CFrame = CFrame.new(0.0122594, -0.186226, -0.279591, 0.999918, -1.62875e-07, -0.0128132, -0.00235513, 0.982961, -0.183802, 0.0125949, 0.183817, 0.98288)
    Right Arm.CFrame = CFrame.new(0.0267419, -0.334575, -0.0299152, 0.0108538, -0.541534, 0.840609, 0.998794, 0.0461277, 0.0168199, -0.0478838, 0.839413, 0.541381)
    Left Arm.CFrame = CFrame.new(-0.0251438, -0.328986, -0.0554753, 0.042733, 0.516741, -0.855075, -0.995717, 0.0922623, 0.00599455, 0.0819887, 0.851156, 0.51847)
    Head.CFrame = CFrame.new(0.00262172, -0.00136483, 0.00122026, 0.999918, -0.00100774, 0.0127735, -6.15363e-08, 0.996902, 0.0786534, -0.0128132, -0.0786469, 0.99682)
    Right Leg.CFrame = CFrame.new(0.58584, 0.27471, 0.17477, 0.948324, 0.234971, -0.213239, -0.237647, 0.97126, 0.0133718, 0.210252, 0.0379947, 0.976909)
    Left Leg.CFrame = CFrame.new(-0.580541, 0.246423, 0.152992, 0.948449, -0.234467, 0.213238, 0.242462, 0.97009, -0.0117659, -0.204101, 0.0628614, 0.97693)

[2]
    Time: 0.016667
    HumanoidRootPart.CFrame = CFrame.new(0, 0, 0, 1, 0, 0, 0, 1, 0, 0, 0, 1)
    SpokenForMic.CFrame = CFrame.new(0.0613896, 2.15218, -0.178909, 0.840099, -0.0492544, -0.540192, 0.14828, 0.978791, 0.141357, 0.521773, -0.198854, 0.829585)
    Torso.CFrame = CFrame.new(0.0122594, -0.197807, -0.274122, 0.999918, -1.60512e-07, -0.0128132, -0.00232901, 0.983339, -0.181764, 0.0125998, 0.181779, 0.983259)
    Right Arm.CFrame = CFrame.new(0.0213171, -0.326043, -0.0190176, 0.0176171, -0.540034, 0.841459, 0.997918, 0.0617223, 0.0187195, -0.0620458, 0.839377, 0.539997)
    Left Arm.CFrame = CFrame.new(-0.0198166, -0.320437, -0.0440187, 0.0493407, 0.513593, -0.856614, -0.994053, 0.108616, 0.00786473, 0.0970811, 0.851132, 0.515897)
    Head.CFrame = CFrame.new(0.0026217, -0.00134954, 0.00121886, 0.999918, -0.000996521, 0.0127744, -1.86813e-08, 0.996971, 0.0777742, -0.0128132, -0.0777678, 0.996889)
    Right Leg.CFrame = CFrame.new(0.574763, 0.266314, 0.173488, 0.947199, 0.237925, -0.214955, -0.240358, 0.970566, 0.0151446, 0.212231, 0.0373211, 0.976507)
    Left Leg.CFrame = CFrame.new(-0.56938, 0.238094, 0.151471, 0.947333, -0.237393, 0.214954, 0.245193, 0.969423, -0.00998172, -0.206012, 0.0621613, 0.976573)

[3]
    Time: 0.033333
    HumanoidRootPart.CFrame = CFrame.new(0, 0, 0, 1, 0, 0, 0, 1, 0, 0, 0, 1)
    SpokenForMic.CFrame = CFrame.new(0.0719294, 2.14822, -0.185813, 0.840135, -0.0806189, -0.536352, 0.178318, 0.974975, 0.132767, 0.512227, -0.207184, 0.833486)
    Torso.CFrame = CFrame.new(0.0122594, -0.222296, -0.260042, 0.999918, -2.12514e-07, -0.0128132, -0.00225508, 0.984388, -0.175998, 0.0126132, 0.176013, 0.984307)
    Right Arm.CFrame = CFrame.new(0.00923216, -0.307049, 0.00538144, 0.0323409, -0.535616, 0.843842, 0.995105, 0.0961336, 0.0228812, -0.093377, 0.838972, 0.536104)
    Left Arm.CFrame = CFrame.new(-0.00830066, -0.301166, -0.0178024, 0.0631093, 0.504722, -0.860972, -0.989336, 0.14511, 0.0125483, 0.131269, 0.850999, 0.508497)
    Head.CFrame = CFrame.new(0.00262165, -0.00130631, 0.00121558, 0.999918, -0.000964543, 0.0127769, -1.42029e-07, 0.997162, 0.0752882, -0.0128132, -0.075282, 0.99708)
    Right Leg.CFrame = CFrame.new(0.544131, 0.247058, 0.16924, 0.945311, 0.242008, -0.218678, -0.243763, 0.969642, 0.0193401, 0.21672, 0.0350232, 0.975605)
    Left Leg.CFrame = CFrame.new(-0.538679, 0.219053, 0.1467, 0.945445, -0.241481, 0.218678, 0.248717, 0.968559, -0.00575993, -0.210412, 0.0598347, 0.97578)

[4]
    Time: 0.050000
    HumanoidRootPart.CFrame = CFrame.new(0, 0, 0, 1, 0, 0, 0, 1, 0, 0, 0, 1)
    SpokenForMic.CFrame = CFrame.new(0.0827463, 2.15279, -0.186212, 0.840199, -0.112482, -0.530485, 0.206748, 0.970807, 0.121608, 0.50132, -0.211852, 0.838926)
    Torso.CFrame = CFrame.new(0.0122594, -0.244305, -0.240854, 0.999918, -1.70555e-07, -0.0128132, -0.00214014, 0.98595, -0.167025, 0.0126332, 0.167039, 0.985869)
    Right Arm.CFrame = CFrame.new(-0.00347918, -0.288149, 0.0313342, 0.0467122, -0.528812, 0.847453, 0.991033, 0.130859, 0.0270297, -0.12519, 0.838591, 0.530182)
    Left Arm.CFrame = CFrame.new(0.00295871, -0.281383, 0.0113789, 0.0750012, 0.491427, -0.867683, -0.982937, 0.182991, 0.0186765, 0.167956, 0.851477, 0.496767)
    Head.CFrame = CFrame.new(0.0026216, -0.0012392, 0.00121048, 0.999918, -0.000915147, 0.0127805, -6.31389e-09, 0.997446, 0.0714224, -0.0128132, -0.0714166, 0.997364)
    Right Leg.CFrame = CFrame.new(0.498685, 0.225769, 0.16154, 0.944864, 0.240539, -0.222199, -0.241284, 0.970153, 0.0242048, 0.22139, 0.0307428, 0.974701)
    Left Leg.CFrame = CFrame.new(-0.493172, 0.198084, 0.138423, 0.944995, -0.240022, 0.2222, 0.246368, 0.969176, -0.000867153, -0.215143, 0.0555624, 0.975001)

[5]
    Time: 0.066667
    HumanoidRootPart.CFrame = CFrame.new(0, 0, 0, 1, 0, 0, 0, 1, 0, 0, 0, 1)
    SpokenForMic.CFrame = CFrame.new(0.0866786, 2.17415, -0.171089, 0.842458, -0.128295, -0.523264, 0.216177, 0.970116, 0.110192, 0.49349, -0.20595, 0.845016)
    Torso.CFrame = CFrame.new(0.0122594, -0.248447, -0.220075, 0.999918, -2.90355e-07, -0.0128132, -0.00199056, 0.987856, -0.155362, 0.0126576, 0.155374, 0.987775)
    Right Arm.CFrame = CFrame.new(-0.011515, -0.281353, 0.0481354, 0.0527171, -0.521086, 0.851875, 0.988609, 0.14766, 0.0291436, -0.140974, 0.840635, 0.522934)
    Left Arm.CFrame = CFrame.new(0.00835341, -0.272872, 0.0329622, 0.0764837, 0.475947, -0.876142, -0.978665, 0.203897, 0.0253294, 0.190698, 0.855512, 0.481388)
    Head.CFrame = CFrame.new(0.0026215, -0.00115219, 0.00120479, 0.999918, -0.000850531, 0.0127849, -3.02157e-07, 0.997793, 0.0664029, -0.0128132, -0.0663974, 0.997711)
    Right Leg.CFrame = CFrame.new(0.447426, 0.209603, 0.151014, 0.947445, 0.229147, -0.22325, -0.228793, 0.973078, 0.0278137, 0.223613, 0.0247259, 0.974364)
    Left Leg.CFrame = CFrame.new(-0.441762, 0.182255, 0.127432, 0.947585, -0.228567, 0.22325, 0.23387, 0.972264, 0.00275655, -0.217688, 0.0495996, 0.974757)

[6]
    Time: 0.083333
    HumanoidRootPart.CFrame = CFrame.new(0, 0, 0, 1, 0, 0, 0, 1, 0, 0, 0, 1)
    SpokenForMic.CFrame = CFrame.new(0.0833147, 2.20901, -0.14174, 0.847569, -0.128907, -0.51479, 0.207183, 0.973446, 0.0973556, 0.488571, -0.189171, 0.85177)
    Torso.CFrame = CFrame.new(0.0122594, -0.235229, -0.20064, 0.999918, -2.14942e-07, -0.0128132, -0.00181336, 0.989933, -0.141528, 0.0126843, 0.141539, 0.989851)
    Right Arm.CFrame = CFrame.new(-0.014186, -0.286945, 0.0565664, 0.0494858, -0.512977, 0.856975, 0.988688, 0.146794, 0.030778, -0.141587, 0.845758, 0.514439)
    Left Arm.CFrame = CFrame.new(0.00769037, -0.276759, 0.04643, 0.0674537, 0.459151, -0.885794, -0.977795, 0.206976, 0.0328261, 0.19841, 0.86391, 0.462917)
    Head.CFrame = CFrame.new(0.00262143, -0.00104898, 0.00119814, 0.999918, -0.000774494, 0.0127898, -1.55168e-07, 0.998171, 0.060457, -0.0128132, -0.0604521, 0.998089)
    Right Leg.CFrame = CFrame.new(0.397861, 0.198647, 0.139679, 0.951739, 0.21193, -0.221989, -0.210569, 0.977117, 0.0300639, 0.223281, 0.0181309, 0.974586)
    Left Leg.CFrame = CFrame.new(-0.392267, 0.171645, 0.115821, 0.95186, -0.211386, 0.221989, 0.21568, 0.976451, 0.00500743, -0.21782, 0.0431121, 0.975036)

[7]
    Time: 0.100000
    HumanoidRootPart.CFrame = CFrame.new(0, 0, 0, 1, 0, 0, 0, 1, 0, 0, 0, 1)
    SpokenForMic.CFrame = CFrame.new(0.0778268, 2.24765, -0.106496, 0.853855, -0.126488, -0.504908, 0.192767, 0.977894, 0.081013, 0.4835, -0.166503, 0.859363)
    Torso.CFrame = CFrame.new(0.0122594, -0.216282, -0.18316, 0.999918, -1.86726e-07, -0.0128132, -0.00161504, 0.992023, -0.126049, 0.012711, 0.126059, 0.991941)
    Right Arm.CFrame = CFrame.new(-0.0143251, -0.296195, 0.0641147, 0.0419019, -0.503943, 0.86272, 0.989381, 0.14121, 0.0344315, -0.139176, 0.852116, 0.504509)
    Left Arm.CFrame = CFrame.new(0.0044564, -0.285115, 0.057809, 0.0538671, 0.440504, -0.896133, -0.978044, 0.204208, 0.0415897, 0.201318, 0.874217, 0.441832)
    Head.CFrame = CFrame.new(0.00262135, -0.000933629, 0.00119117, 0.999918, -0.000689308, 0.0127946, -2.15686e-07, 0.998551, 0.0538136, -0.0128132, -0.0538092, 0.998469)
    Right Leg.CFrame = CFrame.new(0.34947, 0.189496, 0.12852, 0.955818, 0.194806, -0.220141, -0.192482, 0.980773, 0.0321754, 0.222176, 0.0116192, 0.974937)
    Left Leg.CFrame = CFrame.new(-0.343878, 0.16282, 0.104418, 0.955931, -0.194254, 0.220141, 0.19756, 0.980265, 0.00711605, -0.217179, 0.0366885, 0.975442)

[8]
    Time: 0.116667
    HumanoidRootPart.CFrame = CFrame.new(0, 0, 0, 1, 0, 0, 0, 1, 0, 0, 0, 1)
    SpokenForMic.CFrame = CFrame.new(0.0707144, 2.28864, -0.0665273, 0.860918, -0.121503, -0.494022, 0.174192, 0.982767, 0.0618531, 0.477994, -0.139305, 0.867246)
    Torso.CFrame = CFrame.new(0.0122594, -0.192909, -0.16765, 0.999918, -1.70583e-07, -0.0128132, -0.00140246, 0.99399, -0.109458, 0.0127362, 0.109467, 0.993909)
    Right Arm.CFrame = CFrame.new(-0.0123388, -0.308231, 0.0706865, 0.0308871, -0.49419, 0.868805, 0.990472, 0.131842, 0.0397813, -0.134205, 0.859299, 0.493553)
    Left Arm.CFrame = CFrame.new(-0.000881732, -0.296919, 0.0670063, 0.0368418, 0.420433, -0.906575, -0.979109, 0.19672, 0.0514414, 0.199969, 0.885741, 0.418898)
    Head.CFrame = CFrame.new(0.00262126, -0.000810316, 0.00118512, 0.999918, -0.000598286, 0.0127992, -1.29084e-07, 0.998909, 0.0467029, -0.0128132, -0.0466991, 0.998827)
    Right Leg.CFrame = CFrame.new(0.302227, 0.181933, 0.117659, 0.959658, 0.177726, -0.217876, -0.174498, 0.984066, 0.0341281, 0.22047, 0.00526755, 0.97538)
    Left Leg.CFrame = CFrame.new(-0.296704, 0.155574, 0.0933686, 0.959756, -0.177197, 0.217875, 0.179561, 0.983705, 0.00906336, -0.215931, 0.0304232, 0.975935)

[9]
    Time: 0.133333
    HumanoidRootPart.CFrame = CFrame.new(0, 0, 0, 1, 0, 0, 0, 1, 0, 0, 0, 1)
    SpokenForMic.CFrame = CFrame.new(0.0624966, 2.33064, -0.023082, 0.868357, -0.114444, -0.482555, 0.152715, 0.987435, 0.0406289, 0.471842, -0.108974, 0.874923)
    Torso.CFrame = CFrame.new(0.0122594, -0.166421, -0.154106, 0.999918, -3.17099e-07, -0.0128132, -0.00118237, 0.995731, -0.092295, 0.0127585, 0.0923026, 0.995649)
    Right Arm.CFrame = CFrame.new(-0.00863755, -0.322171, 0.0762031, 0.0173656, -0.483924, 0.874938, 0.99173, 0.119629, 0.0464822, -0.127161, 0.866895, 0.481999)
    Left Arm.CFrame = CFrame.new(-0.00783288, -0.311128, 0.0739709, 0.0175021, 0.399401, -0.916609, -0.980652, 0.185627, 0.0621595, 0.194974, 0.897787, 0.394922)
    Head.CFrame = CFrame.new(0.00262118, -0.000682916, 0.00117999, 0.999918, -0.000504118, 0.0128033, -1.74545e-07, 0.999225, 0.0393573, -0.0128132, -0.039354, 0.999143)
    Right Leg.CFrame = CFrame.new(0.256178, 0.175771, 0.107192, 0.96323, 0.160658, -0.215354, -0.156597, 0.98701, 0.0359045, 0.218325, -0.00086062, 0.975876)
    Left Leg.CFrame = CFrame.new(-0.250705, 0.149712, 0.0827458, 0.963317, -0.160138, 0.215352, 0.161619, 0.986794, 0.010833, -0.214243, 0.0243694, 0.976476)

[10]
    Time: 0.150000
    HumanoidRootPart.CFrame = CFrame.new(0, 0, 0, 1, 0, 0, 0, 1, 0, 0, 0, 1)
    SpokenForMic.CFrame = CFrame.new(0.0536902, 2.37228, 0.0224488, 0.875795, -0.105841, -0.470937, 0.129582, 0.991402, 0.0181707, 0.464965, -0.0769388, 0.88198)
    Torso.CFrame = CFrame.new(0.0122594, -0.138129, -0.142498, 0.999918, -2.09461e-07, -0.0128132, -0.000962196, 0.997175, -0.0751043, 0.012777, 0.0751104, 0.997093)
    Right Arm.CFrame = CFrame.new(-0.00364411, -0.337144, 0.0806252, 0.00225662, -0.473385, 0.880853, 0.992943, 0.105507, 0.0541571, -0.118573, 0.874514, 0.470282)
    Left Arm.CFrame = CFrame.new(-0.0158806, -0.326719, 0.0787379, -0.00304389, 0.377943, -0.925824, -0.982349, 0.172029, 0.0734559, 0.187031, 0.909706, 0.370748)
    Head.CFrame = CFrame.new(0.00262113, -0.000555346, 0.00117505, 0.999918, -0.000410094, 0.0128066, -4.96608e-08, 0.999488, 0.0320095, -0.0128132, -0.0320069, 0.999406)
    Right Leg.CFrame = CFrame.new(0.211255, 0.170837, 0.0971554, 0.96652, 0.14349, -0.21272, -0.138669, 0.989629, 0.0374908, 0.215893, -0.00673804, 0.976394)
    Left Leg.CFrame = CFrame.new(-0.205807, 0.14506, 0.0725802, 0.966598, -0.142965, 0.212718, 0.143629, 0.989554, 0.0124117, -0.21227, 0.0185552, 0.977035)

[11]
    Time: 0.166667
    HumanoidRootPart.CFrame = CFrame.new(0, 0, 0, 1, 0, 0, 0, 1, 0, 0, 0, 1)
    SpokenForMic.CFrame = CFrame.new(0.0447902, 2.41228, 0.068493, 0.882894, -0.0962631, -0.459599, 0.106014, 0.994354, -0.00461368, 0.457448, -0.0446503, 0.888115)
    Torso.CFrame = CFrame.new(0.0122594, -0.109349, -0.132773, 0.999918, -2.29798e-07, -0.0128132, -0.000748565, 0.998291, -0.0584345, 0.0127913, 0.0584393, 0.998209)
    Right Arm.CFrame = CFrame.new(0.00219768, -0.35232, 0.0839673, -0.0135355, -0.462862, 0.886327, 0.993949, 0.0904058, 0.0623912, -0.109007, 0.881808, 0.458837)
    Left Arm.CFrame = CFrame.new(-0.0244895, -0.342718, 0.0814607, -0.0237289, 0.356686, -0.933923, -0.983936, 0.157007, 0.084964, 0.176938, 0.920937, 0.34723)
    Head.CFrame = CFrame.new(0.00262109, -0.000431866, 0.00117174, 0.999918, -0.000318714, 0.0128092, -2.41497e-07, 0.99969, 0.0248927, -0.0128132, -0.0248907, 0.999608)
    Right Leg.CFrame = CFrame.new(0.167407, 0.16697, 0.0875604, 0.969511, 0.126111, -0.210105, -0.120603, 0.991939, 0.0388767, 0.213315, -0.0123521, 0.976906)
    Left Leg.CFrame = CFrame.new(-0.161814, 0.141447, 0.0628476, 0.969593, -0.125484, 0.210103, 0.125397, 0.992011, 0.0137901, -0.210155, 0.0129756, 0.977582)

[12]
    Time: 0.183333
    HumanoidRootPart.CFrame = CFrame.new(0, 0, 0, 1, 0, 0, 0, 1, 0, 0, 0, 1)
    SpokenForMic.CFrame = CFrame.new(0.0362581, 2.44934, 0.113283, 0.889372, -0.0863239, -0.44896, 0.0831868, 0.996175, -0.0267497, 0.449552, -0.0135571, 0.893151)
    Torso.CFrame = CFrame.new(0.0122594, -0.081397, -0.124854, 0.999918, -3.24648e-07, -0.0128132, -0.00054858, 0.999082, -0.0428355, 0.0128014, 0.042839, 0.999)
    Right Arm.CFrame = CFrame.new(0.00843251, -0.366925, 0.0863039, -0.0291306, -0.452704, 0.891185, 0.994653, 0.0752426, 0.0707344, -0.0990767, 0.888481, 0.448091)
    Left Arm.CFrame = CFrame.new(-0.0331219, -0.358227, 0.0824182, -0.0435465, 0.336351, -0.940729, -0.985233, 0.141615, 0.0962399, 0.165591, 0.931028, 0.325217)
    Head.CFrame = CFrame.new(0.00262105, -0.000316391, 0.00116938, 0.999918, -0.000233391, 0.0128111, -3.20678e-07, 0.999834, 0.01824, -0.0128132, -0.0182385, 0.999752)
    Right Leg.CFrame = CFrame.new(0.124539, 0.164012, 0.0783834, 0.972186, 0.108377, -0.207629, -0.102249, 0.993952, 0.0400553, 0.210714, -0.0177115, 0.977387)
    Left Leg.CFrame = CFrame.new(-0.119093, 0.138743, 0.0536193, 0.972249, -0.107816, 0.207626, 0.107048, 0.994141, 0.0149618, -0.208023, 0.00767943, 0.978094)

[13]
    Time: 0.200000
    HumanoidRootPart.CFrame = CFrame.new(0, 0, 0, 1, 0, 0, 0, 1, 0, 0, 0, 1)
    SpokenForMic.CFrame = CFrame.new(0.0285114, 2.48226, 0.154857, 0.895, -0.0766702, -0.439427, 0.0622222, 0.996945, -0.0472135, 0.441705, 0.014914, 0.897036)
    Torso.CFrame = CFrame.new(0.0122594, -0.0555866, -0.118641, 0.999918, -1.62263e-07, -0.0128132, -0.0003696, 0.999584, -0.0288555, 0.0128079, 0.0288579, 0.999502)
    Right Arm.CFrame = CFrame.new(0.0145903, -0.380247, 0.0877654, -0.0436776, -0.443317, 0.8953, 0.995035, 0.0609136, 0.0787052, -0.0894271, 0.894293, 0.438455)
    Left Arm.CFrame = CFrame.new(-0.0412507, -0.372435, 0.0820093, -0.0615644, 0.317739, -0.946177, -0.986156, 0.126872, 0.106771, 0.153969, 0.939652, 0.30553)
    Head.CFrame = CFrame.new(0.00262103, -0.000212995, 0.00116807, 0.999918, -0.000157323, 0.0128122, -5.88302e-08, 0.999925, 0.0122828, -0.0128132, -0.0122818, 0.999843)
    Right Leg.CFrame = CFrame.new(0.0831202, 0.161831, 0.0696998, 0.974489, 0.0904632, -0.205395, -0.0837801, 0.99564, 0.0410227, 0.208211, -0.0227681, 0.977819)
    Left Leg.CFrame = CFrame.new(-0.0777118, 0.136792, 0.0448813, 0.974541, -0.0899091, 0.205392, 0.0885279, 0.995946, 0.0159234, -0.205992, 0.00266489, 0.97855)

[14]
    Time: 0.216667
    HumanoidRootPart.CFrame = CFrame.new(0, 0, 0, 1, 0, 0, 0, 1, 0, 0, 0, 1)
    SpokenForMic.CFrame = CFrame.new(0.0219217, 2.50984, 0.191092, 0.899603, -0.0679744, -0.431386, 0.0441797, 0.99691, -0.0649532, 0.434468, 0.0393737, 0.899826)
    Torso.CFrame = CFrame.new(0.0122594, -0.0332313, -0.114019, 0.999918, -2.0373e-07, -0.0128132, -0.000218157, 0.999855, -0.0170405, 0.0128113, 0.0170419, 0.999773)
    Right Arm.CFrame = CFrame.new(0.0201963, -0.391637, 0.0885322, -0.0563574, -0.435158, 0.898588, 0.995141, 0.048293, 0.0857997, -0.0807318, 0.899058, 0.430322)
    Left Arm.CFrame = CFrame.new(-0.048372, -0.384613, 0.0807298, -0.0769267, 0.301713, -0.95029, -0.986714, 0.113761, 0.115994, 0.143102, 0.946587, 0.288953)
    Head.CFrame = CFrame.new(0.00262103, -0.000125733, 0.00116709, 0.999918, -9.27744e-05, 0.0128129, -1.41375e-07, 0.999974, 0.00725155, -0.0128132, -0.00725096, 0.999892)
    Right Leg.CFrame = CFrame.new(0.0436242, 0.160282, 0.0615671, 0.976383, 0.0725501, -0.203501, -0.0653737, 0.996986, 0.0417768, 0.205919, -0.0274865, 0.978183)
    Left Leg.CFrame = CFrame.new(-0.038216, 0.135453, 0.0367024, 0.976425, -0.0719861, 0.203498, 0.0700578, 0.997404, 0.0166733, -0.20417, -0.00202367, 0.978933)

[15]
    Time: 0.233333
    HumanoidRootPart.CFrame = CFrame.new(0, 0, 0, 1, 0, 0, 0, 1, 0, 0, 0, 1)
    SpokenForMic.CFrame = CFrame.new(0.016823, 2.53095, 0.219752, 0.903046, -0.0609218, -0.425202, 0.0300668, 0.996428, -0.0789091, 0.428491, 0.0584741, 0.901652)
    Torso.CFrame = CFrame.new(0.0122594, -0.0156421, -0.110865, 0.999918, -2.04376e-07, -0.0128131, -0.000101452, 0.999969, -0.00793312, 0.0128127, 0.00793377, 0.999886)
    Right Arm.CFrame = CFrame.new(0.0247792, -0.400492, 0.0888153, -0.0663779, -0.428717, 0.900997, 0.995071, 0.038235, 0.0915015, -0.0736777, 0.90263, 0.424065)
    Left Arm.CFrame = CFrame.new(-0.0540118, -0.394101, 0.0791357, -0.0888414, 0.289168, -0.953147, -0.986984, 0.103231, 0.123314, 0.134053, 0.951696, 0.276233)
    Head.CFrame = CFrame.new(0.00262095, -5.838e-05, 0.00116697, 0.999918, -4.31077e-05, 0.0128129, -1.40431e-07, 0.999994, 0.00337534, -0.012813, -0.00337506, 0.999912)
    Right Leg.CFrame = CFrame.new(0.00782703, 0.159244, 0.0542937, 0.977801, 0.0555572, -0.202037, -0.0479585, 0.997953, 0.0423166, 0.203974, -0.0316878, 0.978463)
    Left Leg.CFrame = CFrame.new(-0.00242728, 0.134597, 0.0293984, 0.977834, -0.0549923, 0.202033, 0.0525968, 0.998468, 0.0172108, -0.20267, -0.00620303, 0.979227)

[16]
    Time: 0.250000
    HumanoidRootPart.CFrame = CFrame.new(0, 0, 0, 1, 0, 0, 0, 1, 0, 0, 0, 1)
    SpokenForMic.CFrame = CFrame.new(0.0135289, 2.54447, 0.238564, 0.905209, -0.0561985, -0.421234, 0.0208639, 0.995899, -0.0880311, 0.424454, 0.070898, 0.90267)
    Torso.CFrame = CFrame.new(0.0122594, -0.00412885, -0.109053, 0.999918, -2.03704e-07, -0.0128131, -2.6364e-05, 0.999998, -0.00207331, 0.0128131, 0.00207348, 0.999916)
    Right Arm.CFrame = CFrame.new(0.0278679, -0.406237, 0.0888373, -0.0729631, -0.424496, 0.902485, 0.994948, 0.0315805, 0.0952928, -0.0689523, 0.904879, 0.420047)
    Left Arm.CFrame = CFrame.new(-0.0577196, -0.400271, 0.0777988, -0.0965531, 0.281005, -0.954837, -0.987079, 0.0962175, 0.12813, 0.127877, 0.954871, 0.268084)
    Head.CFrame = CFrame.new(0.00262093, -1.51447e-05, 0.00116628, 0.999918, -1.1162e-05, 0.0128131, -1.4137e-07, 1, 0.000882175, -0.0128131, -0.000882105, 0.999918)
    Right Leg.CFrame = CFrame.new(-0.0200634, 0.158628, 0.0486722, 0.978681, 0.0417861, -0.20109, -0.0338713, 0.998516, 0.0426416, 0.202573, -0.0349214, 0.978644)
    Left Leg.CFrame = CFrame.new(0.0254536, 0.134119, 0.0237585, 0.978706, -0.0412254, 0.201086, 0.038482, 0.999106, 0.017535, -0.201629, -0.00942346, 0.979417)

[17]
    Time: 0.266667
    HumanoidRootPart.CFrame = CFrame.new(0, 0, 0, 1, 0, 0, 0, 1, 0, 0, 0, 1)
    SpokenForMic.CFrame = CFrame.new(0.0123556, 2.54925, 0.245306, 0.905966, -0.0544782, -0.419831, 0.017566, 0.995669, -0.0912937, 0.422986, 0.0753343, 0.902999)
    Torso.CFrame = CFrame.new(0.0122594, -1.36464e-07, -0.108471, 0.999918, -2.153e-07, -0.0128133, 2.14006e-07, 1, -1.02389e-07, 0.0128133, 9.96381e-08, 0.999918)
    Right Arm.CFrame = CFrame.new(0.029, -0.408288, 0.088805, -0.0753347, -0.422986, 0.902999, 0.994889, 0.0291727, 0.096666, -0.0672312, 0.905666, 0.418627)
    Left Arm.CFrame = CFrame.new(-0.0590549, -0.40248, 0.077249, -0.0993006, 0.278098, -0.955406, -0.987099, 0.093664, 0.129858, 0.1256, 0.955975, 0.265209)
    Head.CFrame = CFrame.new(0.00262113, 7.74884e-08, 0.0011664, 0.999918, 1.50499e-07, 0.0128133, -1.52196e-07, 1, 1.31414e-07, -0.0128133, -1.33354e-07, 0.999918)
    Right Leg.CFrame = CFrame.new(-0.0314253, 0.158416, 0.0463902, 0.978979, 0.0360416, -0.200752, -0.0280008, 0.998693, 0.0427508, 0.202031, -0.036231, 0.978709)
    Left Leg.CFrame = CFrame.new(0.0369629, 0.133959, 0.0214391, 0.979003, -0.035398, 0.200749, 0.0325145, 0.999316, 0.0176437, -0.201236, -0.010746, 0.979484)

[18]
    Time: 0.416667
    HumanoidRootPart.CFrame = CFrame.new(0, 0, 0, 1, 0, 0, 0, 1, 0, 0, 0, 1)
    SpokenForMic.CFrame = CFrame.new(0.0123556, 2.54925, 0.245306, 0.905966, -0.0544782, -0.419831, 0.017566, 0.995669, -0.0912937, 0.422986, 0.0753343, 0.902999)
    Torso.CFrame = CFrame.new(0.0122594, -1.36464e-07, -0.108471, 0.999918, -2.153e-07, -0.0128133, 2.14006e-07, 1, -1.02389e-07, 0.0128133, 9.96381e-08, 0.999918)
    Right Arm.CFrame = CFrame.new(0.029, -0.408288, 0.088805, -0.0753347, -0.422986, 0.902999, 0.994889, 0.0291727, 0.096666, -0.0672312, 0.905666, 0.418627)
    Left Arm.CFrame = CFrame.new(-0.0590549, -0.40248, 0.077249, -0.0993006, 0.278098, -0.955406, -0.987099, 0.093664, 0.129858, 0.1256, 0.955975, 0.265209)
    Head.CFrame = CFrame.new(0.00262113, 7.74884e-08, 0.0011664, 0.999918, 1.50499e-07, 0.0128133, -1.52196e-07, 1, 1.31414e-07, -0.0128133, -1.33354e-07, 0.999918)
    Right Leg.CFrame = CFrame.new(-0.0314253, 0.158416, 0.0463902, 0.978979, 0.0360416, -0.200752, -0.0280008, 0.998693, 0.0427508, 0.202031, -0.036231, 0.978709)
    Left Leg.CFrame = CFrame.new(0.0369629, 0.133959, 0.0214391, 0.979003, -0.035398, 0.200749, 0.0325145, 0.999316, 0.0176437, -0.201236, -0.010746, 0.979484)

[19]
    Time: 0.433333
    HumanoidRootPart.CFrame = CFrame.new(0, 0, 0, 1, 0, 0, 0, 1, 0, 0, 0, 1)
    SpokenForMic.CFrame = CFrame.new(0.0567654, 2.15561, -0.174557, 0.839935, -0.0350822, -0.541552, 0.134309, 0.980302, 0.144805, 0.525805, -0.194362, 0.828102)
    Torso.CFrame = CFrame.new(0.0122594, -0.186226, -0.279591, 0.999918, -1.62875e-07, -0.0128132, -0.00235513, 0.982961, -0.183802, 0.0125949, 0.183817, 0.98288)
    Right Arm.CFrame = CFrame.new(0.0267419, -0.334575, -0.0299152, 0.0108538, -0.541534, 0.840609, 0.998794, 0.0461277, 0.0168199, -0.0478838, 0.839413, 0.541381)
    Left Arm.CFrame = CFrame.new(-0.0251438, -0.328986, -0.0554753, 0.042733, 0.516741, -0.855075, -0.995717, 0.0922623, 0.00599455, 0.0819887, 0.851156, 0.51847)
    Head.CFrame = CFrame.new(0.00262172, -0.00136483, 0.00122026, 0.999918, -0.00100774, 0.0127735, -6.15363e-08, 0.996902, 0.0786534, -0.0128132, -0.0786469, 0.99682)
    Right Leg.CFrame = CFrame.new(0.58584, 0.27471, 0.17477, 0.948324, 0.234971, -0.213239, -0.237647, 0.97126, 0.0133718, 0.210252, 0.0379947, 0.976909)
    Left Leg.CFrame = CFrame.new(-0.580541, 0.246423, 0.152992, 0.948449, -0.234467, 0.213238, 0.242462, 0.97009, -0.0117659, -0.204101, 0.0628614, 0.97693)

[20]
    Time: 0.450000
    HumanoidRootPart.CFrame = CFrame.new(0, 0, 0, 1, 0, 0, 0, 1, 0, 0, 0, 1)
    SpokenForMic.CFrame = CFrame.new(0.0639776, 2.14222, -0.181108, 0.839436, -0.0545798, -0.540711, 0.157908, 0.976514, 0.146577, 0.520011, -0.208425, 0.82834)
    Torso.CFrame = CFrame.new(0.0122594, -0.205295, -0.274122, 0.999918, -1.60512e-07, -0.0128132, -0.00232901, 0.983339, -0.181764, 0.0125998, 0.181779, 0.983259)
    Right Arm.CFrame = CFrame.new(0.0142635, -0.320175, -0.0156453, 0.0274429, -0.540052, 0.841184, 0.997351, 0.0715012, 0.013367, -0.0673644, 0.838589, 0.540584)
    Left Arm.CFrame = CFrame.new(-0.0109745, -0.312911, -0.0394776, 0.0621343, 0.512762, -0.85628, -0.992613, 0.121324, 0.000624444, 0.104207, 0.849915, 0.516512)
    Head.CFrame = CFrame.new(0.0026217, -0.00134954, 0.00121897, 0.999918, -0.000996521, 0.0127744, -1.86813e-08, 0.996971, 0.0777742, -0.0128132, -0.0777678, 0.996889)
    Right Leg.CFrame = CFrame.new(0.574188, 0.263519, 0.174043, 0.94591, 0.242045, -0.216031, -0.24444, 0.969533, 0.0159796, 0.213317, 0.0376914, 0.976256)
    Left Leg.CFrame = CFrame.new(-0.568788, 0.235306, 0.151948, 0.946046, -0.241513, 0.216031, 0.249303, 0.968382, -0.00914053, -0.206993, 0.0625045, 0.976344)

[21]
    Time: 0.466667
    HumanoidRootPart.CFrame = CFrame.new(0, 0, 0, 1, 0, 0, 0, 1, 0, 0, 0, 1)
    SpokenForMic.CFrame = CFrame.new(0.0744362, 2.13949, -0.187673, 0.839332, -0.0853336, -0.536879, 0.186799, 0.972739, 0.137423, 0.510517, -0.215632, 0.832392)
    Torso.CFrame = CFrame.new(0.0122594, -0.228952, -0.260042, 0.999918, -2.12514e-07, -0.0128132, -0.00225508, 0.984388, -0.175998, 0.0126132, 0.176013, 0.984307)
    Right Arm.CFrame = CFrame.new(0.00309473, -0.30167, 0.00824417, 0.0410504, -0.535426, 0.843584, 0.994331, 0.104772, 0.018113, -0.0980819, 0.838058, 0.536692)
    Left Arm.CFrame = CFrame.new(-0.000620902, -0.294263, -0.0139355, 0.0744216, 0.503712, -0.86066, -0.987691, 0.156303, 0.0060722, 0.137582, 0.849614, 0.509144)
    Head.CFrame = CFrame.new(0.00262165, -0.00130634, 0.00121546, 0.999918, -0.000964543, 0.0127769, -1.42029e-07, 0.997162, 0.0752882, -0.0128132, -0.075282, 0.99708)
    Right Leg.CFrame = CFrame.new(0.543242, 0.244691, 0.169651, 0.944193, 0.245464, -0.219651, -0.247175, 0.968762, 0.0201046, 0.217725, 0.0353094, 0.975371)
    Left Leg.CFrame = CFrame.new(-0.537774, 0.216696, 0.147045, 0.94433, -0.244938, 0.219652, 0.252154, 0.967674, -0.00498966, -0.211329, 0.0600978, 0.975566)

[22]
    Time: 0.483333
    HumanoidRootPart.CFrame = CFrame.new(0, 0, 0, 1, 0, 0, 0, 1, 0, 0, 0, 1)
    SpokenForMic.CFrame = CFrame.new(0.0837602, 2.14955, -0.186894, 0.839821, -0.114244, -0.530706, 0.209899, 0.969909, 0.123366, 0.500643, -0.215, 0.83853)
    Torso.CFrame = CFrame.new(0.0122594, -0.246801, -0.240854, 0.999918, -1.70555e-07, -0.0128132, -0.00214014, 0.98595, -0.167025, 0.0126332, 0.167039, 0.985869)
    Right Arm.CFrame = CFrame.new(-0.00573325, -0.286079, 0.0323601, 0.0499668, -0.528671, 0.847355, 0.99065, 0.134074, 0.025233, -0.126948, 0.838172, 0.530427)
    Left Arm.CFrame = CFrame.new(0.00577575, -0.27873, 0.0127702, 0.0792168, 0.490962, -0.867572, -0.982199, 0.187142, 0.0162207, 0.170323, 0.850844, 0.497047)
    Head.CFrame = CFrame.new(0.0026216, -0.0012392, 0.00121036, 0.999918, -0.000915147, 0.0127805, -6.31389e-09, 0.997446, 0.0714224, -0.0128132, -0.0714166, 0.997364)
    Right Leg.CFrame = CFrame.new(0.498199, 0.224954, 0.161653, 0.944468, 0.241752, -0.222567, -0.242475, 0.969848, 0.0244996, 0.221779, 0.0308277, 0.97461)
    Left Leg.CFrame = CFrame.new(-0.492677, 0.197273, 0.138511, 0.9446, -0.241234, 0.222568, 0.247567, 0.968871, -0.000570064, -0.215502, 0.0556389, 0.974917)

[23]
    Time: 0.500000
    HumanoidRootPart.CFrame = CFrame.new(0, 0, 0, 1, 0, 0, 0, 1, 0, 0, 0, 1)
    SpokenForMic.CFrame = CFrame.new(0.0866786, 2.17415, -0.171089, 0.842458, -0.128295, -0.523264, 0.216177, 0.970116, 0.110192, 0.49349, -0.20595, 0.845016)
    Torso.CFrame = CFrame.new(0.0122594, -0.248447, -0.220075, 0.999918, -2.90355e-07, -0.0128132, -0.00199056, 0.987856, -0.155362, 0.0126576, 0.155374, 0.987775)
    Right Arm.CFrame = CFrame.new(-0.011515, -0.281353, 0.0481354, 0.0527171, -0.521086, 0.851875, 0.988609, 0.14766, 0.0291436, -0.140974, 0.840635, 0.522934)
    Left Arm.CFrame = CFrame.new(0.00835341, -0.272872, 0.0329622, 0.0764837, 0.475947, -0.876142, -0.978665, 0.203897, 0.0253294, 0.190698, 0.855512, 0.481388)
    Head.CFrame = CFrame.new(0.0026215, -0.00115219, 0.00120479, 0.999918, -0.000850531, 0.0127849, -3.02157e-07, 0.997793, 0.0664029, -0.0128132, -0.0663974, 0.997711)
    Right Leg.CFrame = CFrame.new(0.447426, 0.209603, 0.151014, 0.947445, 0.229147, -0.22325, -0.228793, 0.973078, 0.0278137, 0.223613, 0.0247259, 0.974364)
    Left Leg.CFrame = CFrame.new(-0.441762, 0.182255, 0.127432, 0.947585, -0.228567, 0.22325, 0.23387, 0.972264, 0.00275655, -0.217688, 0.0495996, 0.974757)

[24]
    Time: 0.516667
    HumanoidRootPart.CFrame = CFrame.new(0, 0, 0, 1, 0, 0, 0, 1, 0, 0, 0, 1)
    SpokenForMic.CFrame = CFrame.new(0.0833146, 2.20901, -0.14174, 0.847569, -0.128907, -0.51479, 0.207183, 0.973446, 0.0973556, 0.488571, -0.189171, 0.85177)
    Torso.CFrame = CFrame.new(0.0122594, -0.235229, -0.20064, 0.999918, -2.14942e-07, -0.0128132, -0.00181336, 0.989933, -0.141528, 0.0126843, 0.141539, 0.989851)
    Right Arm.CFrame = CFrame.new(-0.014186, -0.286945, 0.0565664, 0.0494858, -0.512977, 0.856975, 0.988688, 0.146794, 0.030778, -0.141587, 0.845758, 0.514439)
    Left Arm.CFrame = CFrame.new(0.00769043, -0.276759, 0.0464298, 0.0674537, 0.459151, -0.885794, -0.977795, 0.206976, 0.0328261, 0.19841, 0.863911, 0.462917)
    Head.CFrame = CFrame.new(0.00262143, -0.00104895, 0.00119814, 0.999918, -0.000774494, 0.0127898, -1.55168e-07, 0.998171, 0.060457, -0.0128132, -0.0604521, 0.998089)
    Right Leg.CFrame = CFrame.new(0.397861, 0.198647, 0.139679, 0.951739, 0.21193, -0.221989, -0.210569, 0.977117, 0.0300639, 0.223281, 0.0181309, 0.974586)
    Left Leg.CFrame = CFrame.new(-0.392267, 0.171644, 0.115821, 0.95186, -0.211386, 0.221989, 0.21568, 0.976451, 0.00500743, -0.21782, 0.0431121, 0.975036)

[25]
    Time: 0.533333
    HumanoidRootPart.CFrame = CFrame.new(0, 0, 0, 1, 0, 0, 0, 1, 0, 0, 0, 1)
    SpokenForMic.CFrame = CFrame.new(0.0778269, 2.24765, -0.106496, 0.853855, -0.126488, -0.504908, 0.192767, 0.977894, 0.0810131, 0.4835, -0.166503, 0.859363)
    Torso.CFrame = CFrame.new(0.0122594, -0.216282, -0.18316, 0.999918, -1.86726e-07, -0.0128132, -0.00161504, 0.992023, -0.126049, 0.012711, 0.126059, 0.991941)
    Right Arm.CFrame = CFrame.new(-0.014325, -0.296195, 0.0641148, 0.0419019, -0.503943, 0.86272, 0.989381, 0.14121, 0.0344315, -0.139176, 0.852116, 0.504509)
    Left Arm.CFrame = CFrame.new(0.00445622, -0.285115, 0.057809, 0.0538671, 0.440504, -0.896133, -0.978044, 0.204208, 0.0415897, 0.201318, 0.874217, 0.441832)
    Head.CFrame = CFrame.new(0.00262135, -0.000933629, 0.00119117, 0.999918, -0.000689308, 0.0127946, -2.15686e-07, 0.998551, 0.0538136, -0.0128132, -0.0538092, 0.998469)
    Right Leg.CFrame = CFrame.new(0.34947, 0.189496, 0.12852, 0.955818, 0.194806, -0.220141, -0.192482, 0.980773, 0.0321754, 0.222176, 0.0116192, 0.974937)
    Left Leg.CFrame = CFrame.new(-0.343878, 0.16282, 0.104418, 0.955931, -0.194254, 0.220141, 0.19756, 0.980265, 0.00711605, -0.217179, 0.0366885, 0.975442)

[26]
    Time: 0.550000
    HumanoidRootPart.CFrame = CFrame.new(0, 0, 0, 1, 0, 0, 0, 1, 0, 0, 0, 1)
    SpokenForMic.CFrame = CFrame.new(0.0707143, 2.28864, -0.0665273, 0.860918, -0.121503, -0.494022, 0.174192, 0.982767, 0.0618531, 0.477994, -0.139305, 0.867246)
    Torso.CFrame = CFrame.new(0.0122594, -0.192909, -0.16765, 0.999918, -1.70583e-07, -0.0128132, -0.00140246, 0.99399, -0.109458, 0.0127362, 0.109467, 0.993909)
    Right Arm.CFrame = CFrame.new(-0.0123388, -0.308231, 0.0706865, 0.0308871, -0.49419, 0.868805, 0.990472, 0.131842, 0.0397813, -0.134205, 0.859299, 0.493553)
    Left Arm.CFrame = CFrame.new(-0.00088197, -0.296919, 0.0670063, 0.0368418, 0.420433, -0.906575, -0.979109, 0.19672, 0.0514414, 0.199969, 0.885741, 0.418898)
    Head.CFrame = CFrame.new(0.00262126, -0.000810346, 0.00118512, 0.999918, -0.000598286, 0.0127992, -1.29084e-07, 0.998909, 0.0467029, -0.0128132, -0.0466991, 0.998827)
    Right Leg.CFrame = CFrame.new(0.302227, 0.181933, 0.117659, 0.959658, 0.177726, -0.217876, -0.174498, 0.984066, 0.0341281, 0.22047, 0.00526755, 0.97538)
    Left Leg.CFrame = CFrame.new(-0.296704, 0.155573, 0.0933686, 0.959756, -0.177197, 0.217875, 0.179561, 0.983705, 0.00906336, -0.215931, 0.0304232, 0.975935)

[27]
    Time: 0.566667
    HumanoidRootPart.CFrame = CFrame.new(0, 0, 0, 1, 0, 0, 0, 1, 0, 0, 0, 1)
    SpokenForMic.CFrame = CFrame.new(0.0624966, 2.33064, -0.0230819, 0.868357, -0.114444, -0.482555, 0.152715, 0.987435, 0.0406289, 0.471842, -0.108974, 0.874923)
    Torso.CFrame = CFrame.new(0.0122594, -0.166421, -0.154106, 0.999918, -3.2029e-07, -0.0128132, -0.00118237, 0.995731, -0.0922951, 0.0127585, 0.0923027, 0.995649)
    Right Arm.CFrame = CFrame.new(-0.00863743, -0.322171, 0.0762032, 0.0173655, -0.483924, 0.874938, 0.99173, 0.119628, 0.0464823, -0.127161, 0.866895, 0.481999)
    Left Arm.CFrame = CFrame.new(-0.00783312, -0.311128, 0.0739711, 0.017502, 0.399401, -0.916609, -0.980652, 0.185627, 0.0621596, 0.194974, 0.897787, 0.394922)
    Head.CFrame = CFrame.new(0.00262118, -0.00068282, 0.00117975, 0.999918, -0.000504116, 0.0128033, -1.77688e-07, 0.999225, 0.0393574, -0.0128132, -0.0393541, 0.999143)
    Right Leg.CFrame = CFrame.new(0.256178, 0.175771, 0.107192, 0.96323, 0.160658, -0.215354, -0.156597, 0.98701, 0.0359045, 0.218325, -0.000860619, 0.975876)
    Left Leg.CFrame = CFrame.new(-0.250705, 0.149712, 0.0827459, 0.963317, -0.160138, 0.215352, 0.161619, 0.986794, 0.010833, -0.214243, 0.0243694, 0.976476)

[28]
    Time: 0.583333
    HumanoidRootPart.CFrame = CFrame.new(0, 0, 0, 1, 0, 0, 0, 1, 0, 0, 0, 1)
    SpokenForMic.CFrame = CFrame.new(0.0536901, 2.37228, 0.0224488, 0.875795, -0.105841, -0.470937, 0.129582, 0.991402, 0.0181707, 0.464965, -0.0769389, 0.88198)
    Torso.CFrame = CFrame.new(0.0122594, -0.138129, -0.142498, 0.999918, -2.09461e-07, -0.0128132, -0.000962196, 0.997175, -0.0751043, 0.012777, 0.0751104, 0.997093)
    Right Arm.CFrame = CFrame.new(-0.00364423, -0.337144, 0.0806252, 0.00225665, -0.473385, 0.880853, 0.992943, 0.105507, 0.0541571, -0.118573, 0.874514, 0.470282)
    Left Arm.CFrame = CFrame.new(-0.0158808, -0.326719, 0.0787379, -0.00304385, 0.377943, -0.925824, -0.982349, 0.172029, 0.0734559, 0.187031, 0.909706, 0.370748)
    Head.CFrame = CFrame.new(0.00262113, -0.000555376, 0.00117505, 0.999918, -0.000410094, 0.0128066, -4.96608e-08, 0.999488, 0.0320095, -0.0128132, -0.0320069, 0.999406)
    Right Leg.CFrame = CFrame.new(0.211255, 0.170837, 0.0971555, 0.96652, 0.14349, -0.21272, -0.138669, 0.989629, 0.0374908, 0.215893, -0.00673804, 0.976394)
    Left Leg.CFrame = CFrame.new(-0.205807, 0.145059, 0.0725802, 0.966598, -0.142965, 0.212718, 0.143629, 0.989554, 0.0124117, -0.21227, 0.0185552, 0.977035)

[29]
    Time: 0.600000
    HumanoidRootPart.CFrame = CFrame.new(0, 0, 0, 1, 0, 0, 0, 1, 0, 0, 0, 1)
    SpokenForMic.CFrame = CFrame.new(0.0447902, 2.41228, 0.068493, 0.882894, -0.0962631, -0.459599, 0.106014, 0.994354, -0.00461364, 0.457448, -0.0446503, 0.888115)
    Torso.CFrame = CFrame.new(0.0122594, -0.109349, -0.132773, 0.999918, -2.3299e-07, -0.0128132, -0.000748563, 0.998291, -0.0584346, 0.0127913, 0.0584394, 0.998209)
    Right Arm.CFrame = CFrame.new(0.00219768, -0.35232, 0.0839673, -0.0135356, -0.462862, 0.886327, 0.993949, 0.0904057, 0.0623913, -0.109007, 0.881808, 0.458837)
    Left Arm.CFrame = CFrame.new(-0.0244895, -0.342718, 0.0814604, -0.023729, 0.356686, -0.933923, -0.983936, 0.157007, 0.0849641, 0.176938, 0.920937, 0.34723)
    Head.CFrame = CFrame.new(0.00262108, -0.000431811, 0.00117198, 0.999918, -0.000318712, 0.0128092, -2.44815e-07, 0.99969, 0.0248928, -0.0128132, -0.0248908, 0.999608)
    Right Leg.CFrame = CFrame.new(0.167407, 0.16697, 0.0875606, 0.969511, 0.12611, -0.210105, -0.120603, 0.991939, 0.0388767, 0.213315, -0.0123522, 0.976906)
    Left Leg.CFrame = CFrame.new(-0.161814, 0.141447, 0.0628477, 0.969593, -0.125484, 0.210103, 0.125397, 0.992011, 0.01379, -0.210155, 0.0129756, 0.977582)

[30]
    Time: 0.616667
    HumanoidRootPart.CFrame = CFrame.new(0, 0, 0, 1, 0, 0, 0, 1, 0, 0, 0, 1)
    SpokenForMic.CFrame = CFrame.new(0.0362582, 2.44934, 0.113283, 0.889372, -0.0863239, -0.44896, 0.0831868, 0.996175, -0.0267496, 0.449552, -0.0135571, 0.893151)
    Torso.CFrame = CFrame.new(0.0122594, -0.0813971, -0.124854, 0.999918, -8.64482e-08, -0.0128132, -0.000548818, 0.999082, -0.0428355, 0.0128014, 0.042839, 0.999)
    Right Arm.CFrame = CFrame.new(0.00843251, -0.366925, 0.0863037, -0.0291306, -0.452703, 0.891185, 0.994653, 0.0752426, 0.0707343, -0.0990766, 0.888481, 0.448091)
    Left Arm.CFrame = CFrame.new(-0.033122, -0.358227, 0.0824184, -0.0435464, 0.336351, -0.940729, -0.985233, 0.141615, 0.0962398, 0.165592, 0.931028, 0.325217)
    Head.CFrame = CFrame.new(0.00262106, -0.000316433, 0.00116938, 0.999918, -0.00023363, 0.0128111, -8.24341e-08, 0.999834, 0.01824, -0.0128132, -0.0182385, 0.999752)
    Right Leg.CFrame = CFrame.new(0.124539, 0.164012, 0.0783835, 0.972186, 0.108377, -0.207629, -0.102249, 0.993952, 0.0400553, 0.210714, -0.0177115, 0.977387)
    Left Leg.CFrame = CFrame.new(-0.119093, 0.138743, 0.0536194, 0.972249, -0.107816, 0.207626, 0.107048, 0.994141, 0.0149617, -0.208023, 0.00767946, 0.978094)

[31]
    Time: 0.633333
    HumanoidRootPart.CFrame = CFrame.new(0, 0, 0, 1, 0, 0, 0, 1, 0, 0, 0, 1)
    SpokenForMic.CFrame = CFrame.new(0.0285114, 2.48226, 0.154857, 0.895, -0.0766702, -0.439427, 0.0622222, 0.996945, -0.0472135, 0.441705, 0.014914, 0.897036)
    Torso.CFrame = CFrame.new(0.0122594, -0.0555866, -0.118641, 0.999918, -1.62263e-07, -0.0128132, -0.0003696, 0.999584, -0.0288555, 0.0128079, 0.0288579, 0.999502)
    Right Arm.CFrame = CFrame.new(0.0145903, -0.380247, 0.0877655, -0.0436776, -0.443317, 0.8953, 0.995035, 0.0609136, 0.0787052, -0.0894271, 0.894293, 0.438455)
    Left Arm.CFrame = CFrame.new(-0.0412507, -0.372435, 0.0820093, -0.0615644, 0.317739, -0.946177, -0.986156, 0.126872, 0.106771, 0.153969, 0.939652, 0.30553)
    Head.CFrame = CFrame.new(0.00262103, -0.000213021, 0.00116807, 0.999918, -0.000157323, 0.0128122, -5.88302e-08, 0.999925, 0.0122828, -0.0128132, -0.0122818, 0.999843)
    Right Leg.CFrame = CFrame.new(0.0831201, 0.161831, 0.0696997, 0.974489, 0.0904632, -0.205395, -0.0837801, 0.99564, 0.0410227, 0.208211, -0.0227681, 0.977819)
    Left Leg.CFrame = CFrame.new(-0.0777117, 0.136792, 0.0448814, 0.974541, -0.0899091, 0.205392, 0.0885279, 0.995946, 0.0159234, -0.205992, 0.00266489, 0.97855)

[32]
    Time: 0.650000
    HumanoidRootPart.CFrame = CFrame.new(0, 0, 0, 1, 0, 0, 0, 1, 0, 0, 0, 1)
    SpokenForMic.CFrame = CFrame.new(0.0219217, 2.50984, 0.191092, 0.899603, -0.0679744, -0.431386, 0.0441797, 0.99691, -0.0649532, 0.434468, 0.0393736, 0.899826)
    Torso.CFrame = CFrame.new(0.0122594, -0.0332313, -0.114019, 0.999918, -2.05321e-07, -0.0128132, -0.000218157, 0.999855, -0.0170406, 0.0128113, 0.017042, 0.999773)
    Right Arm.CFrame = CFrame.new(0.0201963, -0.391636, 0.0885323, -0.0563575, -0.435158, 0.898588, 0.995141, 0.0482929, 0.0857998, -0.0807318, 0.899058, 0.430322)
    Left Arm.CFrame = CFrame.new(-0.0483716, -0.384613, 0.08073, -0.0769267, 0.301713, -0.95029, -0.986714, 0.11376, 0.115994, 0.143102, 0.946587, 0.288953)
    Head.CFrame = CFrame.new(0.00262103, -0.000125681, 0.00116721, 0.999918, -9.2774e-05, 0.0128129, -1.43325e-07, 0.999974, 0.00725167, -0.0128132, -0.00725108, 0.999892)
    Right Leg.CFrame = CFrame.new(0.0436242, 0.160282, 0.0615673, 0.976383, 0.0725501, -0.203501, -0.0653737, 0.996986, 0.0417767, 0.205919, -0.0274865, 0.978183)
    Left Leg.CFrame = CFrame.new(-0.0382161, 0.135452, 0.0367025, 0.976425, -0.071986, 0.203498, 0.0700577, 0.997404, 0.0166733, -0.20417, -0.00202367, 0.978933)

[33]
    Time: 0.666667
    HumanoidRootPart.CFrame = CFrame.new(0, 0, 0, 1, 0, 0, 0, 1, 0, 0, 0, 1)
    SpokenForMic.CFrame = CFrame.new(0.016823, 2.53095, 0.219752, 0.903046, -0.0609218, -0.425202, 0.0300668, 0.996428, -0.0789091, 0.428491, 0.0584741, 0.901652)
