[1]
    Time: 0.000000
    HumanoidRootPart.CFrame = CFrame.new(0, 0, 0, 1, 0, 0, 0, 1, 0, 0, 0, 1)
    Torso.CFrame = CFrame.new(0.184456, -0.1498, -0.257596, 0.700805, -0.677189, 0.224247, 0.71278, 0.677332, -0.182114, -0.0285636, 0.287465, 0.957365)
    Head.CFrame = CFrame.new(9.31323e-08, -6.33299e-08, 0.0166618, 0.832069, 0.551274, -0.0613048, -0.549006, 0.834281, 0.050684, 0.0790862, -0.00851595, 0.996831)
    Left Leg.CFrame = CFrame.new(-1.00222, 1.18536, 0.0654711, 0.981668, -0.171251, -0.0836683, 0.172827, 0.98488, 0.0119265, 0.0803607, -0.0261681, 0.996422)
    Right Arm.CFrame = CFrame.new(-0.682903, 0.232445, -0.139084, 0.566419, -0.770505, 0.29239, 0.380807, 0.559346, 0.736286, -0.730859, -0.305703, 0.610238)
    Right Leg.CFrame = CFrame.new(-0.0956464, 0.0721278, 0.149836, 0.778445, -0.162852, -0.60622, -0.0715134, 0.936464, -0.343397, 0.623626, 0.310668, 0.717339)
    Left Arm.CFrame = CFrame.new(-0.473153, -0.391433, 0.302282, -0.282659, 0.861212, 0.422395, -0.395523, -0.505818, 0.766623, 0.87388, 0.0496261, 0.483603)

[2]
    Time: 0.016667
    HumanoidRootPart.CFrame = CFrame.new(0, 0, 0, 1, 0, 0, 0, 1, 0, 0, 0, 1)
    Torso.CFrame = CFrame.new(0.184456, -0.1498, -0.257596, 0.700805, -0.677189, 0.224247, 0.71278, 0.677332, -0.182114, -0.0285636, 0.287465, 0.957365)
    Head.CFrame = CFrame.new(9.31323e-08, -6.33299e-08, 0.0166618, 0.832069, 0.551274, -0.0613048, -0.549006, 0.834281, 0.050684, 0.0790862, -0.00851595, 0.996831)
    Left Leg.CFrame = CFrame.new(-1.00222, 1.18536, 0.0654711, 0.981668, -0.171251, -0.0836683, 0.172827, 0.98488, 0.0119265, 0.0803607, -0.0261681, 0.996422)
    Right Arm.CFrame = CFrame.new(-0.682903, 0.232445, -0.139084, 0.566419, -0.770505, 0.29239, 0.380807, 0.559346, 0.736286, -0.730859, -0.305703, 0.610238)
    Right Leg.CFrame = CFrame.new(-0.0956464, 0.0721278, 0.149836, 0.778445, -0.162852, -0.60622, -0.0715134, 0.936464, -0.343397, 0.623626, 0.310668, 0.717339)
    Left Arm.CFrame = CFrame.new(-0.473153, -0.391433, 0.302282, -0.282659, 0.861212, 0.422395, -0.395523, -0.505818, 0.766623, 0.87388, 0.0496261, 0.483603)

[3]
    Time: 0.033333
    HumanoidRootPart.CFrame = CFrame.new(0, 0, 0, 1, 0, 0, 0, 1, 0, 0, 0, 1)
    Torso.CFrame = CFrame.new(0.184456, -0.1498, -0.257596, 0.700805, -0.677189, 0.224247, 0.71278, 0.677332, -0.182114, -0.0285636, 0.287465, 0.957365)
    Head.CFrame = CFrame.new(9.31323e-08, -6.33299e-08, 0.0166618, 0.832069, 0.551274, -0.0613048, -0.549006, 0.834281, 0.050684, 0.0790862, -0.00851595, 0.996831)
    Left Leg.CFrame = CFrame.new(-1.00222, 1.18536, 0.0654711, 0.981668, -0.171251, -0.0836683, 0.172827, 0.98488, 0.0119265, 0.0803607, -0.0261681, 0.996422)
    Right Arm.CFrame = CFrame.new(-0.682903, 0.232445, -0.139084, 0.566419, -0.770505, 0.29239, 0.380807, 0.559346, 0.736286, -0.730859, -0.305703, 0.610238)
    Right Leg.CFrame = CFrame.new(-0.0956464, 0.0721278, 0.149836, 0.778445, -0.162852, -0.60622, -0.0715134, 0.936464, -0.343397, 0.623626, 0.310668, 0.717339)
    Left Arm.CFrame = CFrame.new(-0.473153, -0.391433, 0.302282, -0.282659, 0.861212, 0.422395, -0.395523, -0.505818, 0.766623, 0.87388, 0.0496261, 0.483603)

[4]
    Time: 0.050000
    HumanoidRootPart.CFrame = CFrame.new(0, 0, 0, 1, 0, 0, 0, 1, 0, 0, 0, 1)
    Torso.CFrame = CFrame.new(0.184456, -0.1498, -0.257596, 0.700805, -0.677189, 0.224247, 0.71278, 0.677332, -0.182114, -0.0285636, 0.287465, 0.957365)
    Head.CFrame = CFrame.new(9.31323e-08, -6.33299e-08, 0.0166618, 0.832069, 0.551274, -0.0613048, -0.549006, 0.834281, 0.050684, 0.0790862, -0.00851595, 0.996831)
    Left Leg.CFrame = CFrame.new(-1.00222, 1.18536, 0.0654711, 0.981668, -0.171251, -0.0836683, 0.172827, 0.98488, 0.0119265, 0.0803607, -0.0261681, 0.996422)
    Right Arm.CFrame = CFrame.new(-0.682903, 0.232445, -0.139084, 0.566419, -0.770505, 0.29239, 0.380807, 0.559346, 0.736286, -0.730859, -0.305703, 0.610238)
    Right Leg.CFrame = CFrame.new(-0.0956464, 0.0721278, 0.149836, 0.778445, -0.162852, -0.60622, -0.0715134, 0.936464, -0.343397, 0.623626, 0.310668, 0.717339)
    Left Arm.CFrame = CFrame.new(-0.473153, -0.391433, 0.302282, -0.282659, 0.861212, 0.422395, -0.395523, -0.505818, 0.766623, 0.87388, 0.0496261, 0.483603)

[5]
    Time: 0.066667
    HumanoidRootPart.CFrame = CFrame.new(0, 0, 0, 1, 0, 0, 0, 1, 0, 0, 0, 1)
    Torso.CFrame = CFrame.new(0.184456, -0.1498, -0.257596, 0.700805, -0.677189, 0.224247, 0.71278, 0.677332, -0.182114, -0.0285636, 0.287465, 0.957365)
    Head.CFrame = CFrame.new(9.31323e-08, -6.33299e-08, 0.0166618, 0.832069, 0.551274, -0.0613048, -0.549006, 0.834281, 0.050684, 0.0790862, -0.00851595, 0.996831)
    Left Leg.CFrame = CFrame.new(-1.00222, 1.18536, 0.0654711, 0.981668, -0.171251, -0.0836683, 0.172827, 0.98488, 0.0119265, 0.0803607, -0.0261681, 0.996422)
    Right Arm.CFrame = CFrame.new(-0.682903, 0.232445, -0.139084, 0.566419, -0.770505, 0.29239, 0.380807, 0.559346, 0.736286, -0.730859, -0.305703, 0.610238)
    Right Leg.CFrame = CFrame.new(-0.0956464, 0.0721278, 0.149836, 0.778445, -0.162852, -0.60622, -0.0715134, 0.936464, -0.343397, 0.623626, 0.310668, 0.717339)
    Left Arm.CFrame = CFrame.new(-0.473153, -0.391433, 0.302282, -0.282659, 0.861212, 0.422395, -0.395523, -0.505818, 0.766623, 0.87388, 0.0496261, 0.483603)

[6]
    Time: 0.083333
    HumanoidRootPart.CFrame = CFrame.new(0, 0, 0, 1, 0, 0, 0, 1, 0, 0, 0, 1)
    Torso.CFrame = CFrame.new(0.184456, -0.1498, -0.257596, 0.700805, -0.677189, 0.224247, 0.71278, 0.677332, -0.182114, -0.0285636, 0.287465, 0.957365)
    Head.CFrame = CFrame.new(9.31323e-08, -6.33299e-08, 0.0166618, 0.832069, 0.551274, -0.0613048, -0.549006, 0.834281, 0.050684, 0.0790862, -0.00851595, 0.996831)
    Left Leg.CFrame = CFrame.new(-1.00222, 1.18536, 0.0654711, 0.981668, -0.171251, -0.0836683, 0.172827, 0.98488, 0.0119265, 0.0803607, -0.0261681, 0.996422)
    Right Arm.CFrame = CFrame.new(-0.682903, 0.232445, -0.139084, 0.566419, -0.770505, 0.29239, 0.380807, 0.559346, 0.736286, -0.730859, -0.305703, 0.610238)
    Right Leg.CFrame = CFrame.new(-0.0956464, 0.0721278, 0.149836, 0.778445, -0.162852, -0.60622, -0.0715134, 0.936464, -0.343397, 0.623626, 0.310668, 0.717339)
    Left Arm.CFrame = CFrame.new(-0.473153, -0.391433, 0.302282, -0.282659, 0.861212, 0.422395, -0.395523, -0.505818, 0.766623, 0.87388, 0.0496261, 0.483603)

[7]
    Time: 0.100000
    HumanoidRootPart.CFrame = CFrame.new(0, 0, 0, 1, 0, 0, 0, 1, 0, 0, 0, 1)
    Torso.CFrame = CFrame.new(0.184456, -0.1498, 0.0787337, 0.700805, -0.677189, 0.224247, 0.71278, 0.677332, -0.182114, -0.0285636, 0.287465, 0.957365)
    Head.CFrame = CFrame.new(6.89179e-08, 0, 0.016662, 0.829386, 0.557531, -0.0357423, -0.553944, 0.828986, 0.0769921, 0.0725554, -0.044057, 0.996391)
    Left Leg.CFrame = CFrame.new(-0.945535, 0.868389, 0.155166, 0.991803, -0.0884534, -0.0922095, 0.0865503, 0.995948, -0.0244442, 0.0939979, 0.0162631, 0.99544)
    Right Arm.CFrame = CFrame.new(-0.699548, 0.227379, -0.14786, 0.555398, -0.79826, 0.233053, 0.395688, 0.500174, 0.770231, -0.731412, -0.335569, 0.593658)
    Right Leg.CFrame = CFrame.new(-0.0812711, -0.202155, -0.00610614, 0.759506, -0.202683, -0.618118, 0.00313953, 0.951351, -0.308094, 0.650492, 0.232059, 0.723193)
    Left Arm.CFrame = CFrame.new(-0.492279, -0.391765, 0.293544, -0.346826, 0.784557, 0.513987, -0.396653, -0.619275, 0.677617, 0.849928, 0.0311413, 0.525977)

[8]
    Time: 0.116667
    HumanoidRootPart.CFrame = CFrame.new(0, 0, 0, 1, 0, 0, 0, 1, 0, 0, 0, 1)
    Torso.CFrame = CFrame.new(0.184456, -0.1498, 0.0787337, 0.700805, -0.677189, 0.224247, 0.71278, 0.677332, -0.182114, -0.0285636, 0.287465, 0.957365)
    Head.CFrame = CFrame.new(6.89179e-08, 0, 0.016662, 0.829386, 0.557531, -0.0357423, -0.553944, 0.828986, 0.0769921, 0.0725554, -0.044057, 0.996391)
    Left Leg.CFrame = CFrame.new(-0.945535, 0.868389, 0.155166, 0.991803, -0.0884534, -0.0922095, 0.0865503, 0.995948, -0.0244442, 0.0939979, 0.0162631, 0.99544)
    Right Arm.CFrame = CFrame.new(-0.699548, 0.227379, -0.14786, 0.555398, -0.79826, 0.233053, 0.395688, 0.500174, 0.770231, -0.731412, -0.335569, 0.593658)
    Right Leg.CFrame = CFrame.new(-0.0812711, -0.202155, -0.00610614, 0.759506, -0.202683, -0.618118, 0.00313953, 0.951351, -0.308094, 0.650492, 0.232059, 0.723193)
    Left Arm.CFrame = CFrame.new(-0.492279, -0.391765, 0.293544, -0.346826, 0.784557, 0.513987, -0.396653, -0.619275, 0.677617, 0.849928, 0.0311413, 0.525977)

[9]
    Time: 0.133333
    HumanoidRootPart.CFrame = CFrame.new(0, 0, 0, 1, 0, 0, 0, 1, 0, 0, 0, 1)
    Torso.CFrame = CFrame.new(0.184456, -0.1498, 0.0787337, 0.700805, -0.677189, 0.224247, 0.71278, 0.677332, -0.182114, -0.0285636, 0.287465, 0.957365)
    Head.CFrame = CFrame.new(6.89179e-08, 0, 0.016662, 0.829386, 0.557531, -0.0357423, -0.553944, 0.828986, 0.0769921, 0.0725554, -0.044057, 0.996391)
    Left Leg.CFrame = CFrame.new(-0.945535, 0.868389, 0.155166, 0.991803, -0.0884534, -0.0922095, 0.0865503, 0.995948, -0.0244442, 0.0939979, 0.0162631, 0.99544)
    Right Arm.CFrame = CFrame.new(-0.699548, 0.227379, -0.14786, 0.555398, -0.79826, 0.233053, 0.395688, 0.500174, 0.770231, -0.731412, -0.335569, 0.593658)
    Right Leg.CFrame = CFrame.new(-0.0812711, -0.202155, -0.00610614, 0.759506, -0.202683, -0.618118, 0.00313953, 0.951351, -0.308094, 0.650492, 0.232059, 0.723193)
    Left Arm.CFrame = CFrame.new(-0.492279, -0.391765, 0.293544, -0.346826, 0.784557, 0.513987, -0.396653, -0.619275, 0.677617, 0.849928, 0.0311413, 0.525977)

[10]
    Time: 0.150000
    HumanoidRootPart.CFrame = CFrame.new(0, 0, 0, 1, 0, 0, 0, 1, 0, 0, 0, 1)
    Torso.CFrame = CFrame.new(0.184456, -0.1498, 0.0787337, 0.700805, -0.677189, 0.224247, 0.71278, 0.677332, -0.182114, -0.0285636, 0.287465, 0.957365)
    Head.CFrame = CFrame.new(6.89179e-08, 0, 0.016662, 0.829386, 0.557531, -0.0357423, -0.553944, 0.828986, 0.0769921, 0.0725554, -0.044057, 0.996391)
    Left Leg.CFrame = CFrame.new(-0.945535, 0.868389, 0.155166, 0.991803, -0.0884534, -0.0922095, 0.0865503, 0.995948, -0.0244442, 0.0939979, 0.0162631, 0.99544)
    Right Arm.CFrame = CFrame.new(-0.699548, 0.227379, -0.14786, 0.555398, -0.79826, 0.233053, 0.395688, 0.500174, 0.770231, -0.731412, -0.335569, 0.593658)
    Right Leg.CFrame = CFrame.new(-0.0812711, -0.202155, -0.00610614, 0.759506, -0.202683, -0.618118, 0.00313953, 0.951351, -0.308094, 0.650492, 0.232059, 0.723193)
    Left Arm.CFrame = CFrame.new(-0.492279, -0.391765, 0.293544, -0.346826, 0.784557, 0.513987, -0.396653, -0.619275, 0.677617, 0.849928, 0.0311413, 0.525977)

[11]
    Time: 0.166667
    HumanoidRootPart.CFrame = CFrame.new(0, 0, 0, 1, 0, 0, 0, 1, 0, 0, 0, 1)
    Torso.CFrame = CFrame.new(0.184456, -0.1498, 0.0272245, 0.700805, -0.677189, 0.224247, 0.71278, 0.677332, -0.182114, -0.0285636, 0.287465, 0.957365)
    Head.CFrame = CFrame.new(8.00937e-08, -8.56817e-08, 0.0166619, 0.830393, 0.555348, -0.0451322, -0.552118, 0.831039, 0.0673792, 0.0749254, -0.0310329, 0.996706)
    Left Leg.CFrame = CFrame.new(-0.962167, 0.915276, 0.147453, 0.990219, -0.10507, -0.0917975, 0.103409, 0.99438, -0.0226778, 0.0936642, 0.0129633, 0.995519)
    Right Arm.CFrame = CFrame.new(-0.681685, 0.207533, -0.132257, 0.558273, -0.788556, 0.257897, 0.405578, 0.530565, 0.744317, -0.723766, -0.310935, 0.616021)
    Right Leg.CFrame = CFrame.new(-0.0888318, -0.15731, 0.0101041, 0.761412, -0.199236, -0.616893, -0.00406585, 0.950115, -0.311873, 0.648255, 0.239972, 0.722619)
    Left Arm.CFrame = CFrame.new(-0.47401, -0.370239, 0.30902, -0.328755, 0.800127, 0.501714, -0.37703, -0.598267, 0.707054, 0.865892, 0.0432864, 0.498355)

[12]
    Time: 0.183333
    HumanoidRootPart.CFrame = CFrame.new(0, 0, 0, 1, 0, 0, 0, 1, 0, 0, 0, 1)
    Torso.CFrame = CFrame.new(0.184456, -0.1498, 0.0272245, 0.700805, -0.677189, 0.224247, 0.71278, 0.677332, -0.182114, -0.0285636, 0.287465, 0.957365)
    Head.CFrame = CFrame.new(8.00937e-08, -8.56817e-08, 0.0166619, 0.830393, 0.555348, -0.0451322, -0.552118, 0.831039, 0.0673792, 0.0749254, -0.0310329, 0.996706)
    Left Leg.CFrame = CFrame.new(-0.962167, 0.915276, 0.147453, 0.990219, -0.10507, -0.0917975, 0.103409, 0.99438, -0.0226778, 0.0936642, 0.0129633, 0.995519)
    Right Arm.CFrame = CFrame.new(-0.681685, 0.207533, -0.132257, 0.558273, -0.788556, 0.257897, 0.405578, 0.530565, 0.744317, -0.723766, -0.310935, 0.616021)
    Right Leg.CFrame = CFrame.new(-0.0888318, -0.15731, 0.0101041, 0.761412, -0.199236, -0.616893, -0.00406585, 0.950115, -0.311873, 0.648255, 0.239972, 0.722619)
    Left Arm.CFrame = CFrame.new(-0.47401, -0.370239, 0.30902, -0.328755, 0.800127, 0.501714, -0.37703, -0.598267, 0.707054, 0.865892, 0.0432864, 0.498355)

[13]
    Time: 0.200000
    HumanoidRootPart.CFrame = CFrame.new(0, 0, 0, 1, 0, 0, 0, 1, 0, 0, 0, 1)
    Torso.CFrame = CFrame.new(0.184456, -0.1498, 0.0272245, 0.700805, -0.677189, 0.224247, 0.71278, 0.677332, -0.182114, -0.0285636, 0.287465, 0.957365)
    Head.CFrame = CFrame.new(8.00937e-08, -8.56817e-08, 0.0166619, 0.830393, 0.555348, -0.0451322, -0.552118, 0.831039, 0.0673792, 0.0749254, -0.0310329, 0.996706)
    Left Leg.CFrame = CFrame.new(-0.962167, 0.915276, 0.147453, 0.990219, -0.10507, -0.0917975, 0.103409, 0.99438, -0.0226778, 0.0936642, 0.0129633, 0.995519)
    Right Arm.CFrame = CFrame.new(-0.681685, 0.207533, -0.132257, 0.558273, -0.788556, 0.257897, 0.405578, 0.530565, 0.744317, -0.723766, -0.310935, 0.616021)
    Right Leg.CFrame = CFrame.new(-0.0888318, -0.15731, 0.0101041, 0.761412, -0.199236, -0.616893, -0.00406585, 0.950115, -0.311873, 0.648255, 0.239972, 0.722619)
    Left Arm.CFrame = CFrame.new(-0.47401, -0.370239, 0.30902, -0.328755, 0.800127, 0.501714, -0.37703, -0.598267, 0.707054, 0.865892, 0.0432864, 0.498355)

[14]
    Time: 0.216667
    HumanoidRootPart.CFrame = CFrame.new(0, 0, 0, 1, 0, 0, 0, 1, 0, 0, 0, 1)
    Torso.CFrame = CFrame.new(0.184456, -0.1498, 0.0272245, 0.700805, -0.677189, 0.224247, 0.71278, 0.677332, -0.182114, -0.0285636, 0.287465, 0.957365)
    Head.CFrame = CFrame.new(8.00937e-08, -8.56817e-08, 0.0166619, 0.830393, 0.555348, -0.0451322, -0.552118, 0.831039, 0.0673792, 0.0749254, -0.0310329, 0.996706)
    Left Leg.CFrame = CFrame.new(-0.962167, 0.915276, 0.147453, 0.990219, -0.10507, -0.0917975, 0.103409, 0.99438, -0.0226778, 0.0936642, 0.0129633, 0.995519)
    Right Arm.CFrame = CFrame.new(-0.681685, 0.207533, -0.132257, 0.558273, -0.788556, 0.257897, 0.405578, 0.530565, 0.744317, -0.723766, -0.310935, 0.616021)
    Right Leg.CFrame = CFrame.new(-0.0888318, -0.15731, 0.0101041, 0.761412, -0.199236, -0.616893, -0.00406585, 0.950115, -0.311873, 0.648255, 0.239972, 0.722619)
    Left Arm.CFrame = CFrame.new(-0.47401, -0.370239, 0.30902, -0.328755, 0.800127, 0.501714, -0.37703, -0.598267, 0.707054, 0.865892, 0.0432864, 0.498355)

[15]
    Time: 0.233333
    HumanoidRootPart.CFrame = CFrame.new(0, 0, 0, 1, 0, 0, 0, 1, 0, 0, 0, 1)
    Torso.CFrame = CFrame.new(0.184456, -0.1498, 0.0272245, 0.700805, -0.677189, 0.224247, 0.71278, 0.677332, -0.182114, -0.0285636, 0.287465, 0.957365)
    Head.CFrame = CFrame.new(8.00937e-08, -8.56817e-08, 0.0166619, 0.830393, 0.555348, -0.0451322, -0.552118, 0.831039, 0.0673792, 0.0749254, -0.0310329, 0.996706)
    Left Leg.CFrame = CFrame.new(-0.962167, 0.915276, 0.147453, 0.990219, -0.10507, -0.0917975, 0.103409, 0.99438, -0.0226778, 0.0936642, 0.0129633, 0.995519)
    Right Arm.CFrame = CFrame.new(-0.681685, 0.207533, -0.132257, 0.558273, -0.788556, 0.257897, 0.405578, 0.530565, 0.744317, -0.723766, -0.310935, 0.616021)
    Right Leg.CFrame = CFrame.new(-0.0888318, -0.15731, 0.0101041, 0.761412, -0.199236, -0.616893, -0.00406585, 0.950115, -0.311873, 0.648255, 0.239972, 0.722619)
    Left Arm.CFrame = CFrame.new(-0.47401, -0.370239, 0.30902, -0.328755, 0.800127, 0.501714, -0.37703, -0.598267, 0.707054, 0.865892, 0.0432864, 0.498355)

[16]
    Time: 0.250000
    HumanoidRootPart.CFrame = CFrame.new(0, 0, 0, 1, 0, 0, 0, 1, 0, 0, 0, 1)
    Torso.CFrame = CFrame.new(0.184456, -0.1498, 0.0272245, 0.700805, -0.677189, 0.224247, 0.71278, 0.677332, -0.182114, -0.0285636, 0.287465, 0.957365)
    Head.CFrame = CFrame.new(8.00937e-08, -8.56817e-08, 0.0166619, 0.830393, 0.555348, -0.0451322, -0.552118, 0.831039, 0.0673792, 0.0749254, -0.0310329, 0.996706)
    Left Leg.CFrame = CFrame.new(-0.962167, 0.915276, 0.147453, 0.990219, -0.10507, -0.0917975, 0.103409, 0.99438, -0.0226778, 0.0936642, 0.0129633, 0.995519)
    Right Arm.CFrame = CFrame.new(-0.681685, 0.207533, -0.132257, 0.558273, -0.788556, 0.257897, 0.405578, 0.530565, 0.744317, -0.723766, -0.310935, 0.616021)
    Right Leg.CFrame = CFrame.new(-0.0888318, -0.15731, 0.0101041, 0.761412, -0.199236, -0.616893, -0.00406585, 0.950115, -0.311873, 0.648255, 0.239972, 0.722619)
    Left Arm.CFrame = CFrame.new(-0.47401, -0.370239, 0.30902, -0.328755, 0.800127, 0.501714, -0.37703, -0.598267, 0.707054, 0.865892, 0.0432864, 0.498355)

[17]
    Time: 0.266667
    HumanoidRootPart.CFrame = CFrame.new(0, 0, 0, 1, 0, 0, 0, 1, 0, 0, 0, 1)
    Torso.CFrame = CFrame.new(0.184456, -0.1498, 0.0272245, 0.700805, -0.677189, 0.224247, 0.71278, 0.677332, -0.182114, -0.0285636, 0.287465, 0.957365)
    Head.CFrame = CFrame.new(8.00937e-08, -8.56817e-08, 0.0166619, 0.830393, 0.555348, -0.0451322, -0.552118, 0.831039, 0.0673792, 0.0749254, -0.0310329, 0.996706)
    Left Leg.CFrame = CFrame.new(-0.962167, 0.915276, 0.147453, 0.990219, -0.10507, -0.0917975, 0.103409, 0.99438, -0.0226778, 0.0936642, 0.0129633, 0.995519)
    Right Arm.CFrame = CFrame.new(-0.681685, 0.207533, -0.132257, 0.558273, -0.788556, 0.257897, 0.405578, 0.530565, 0.744317, -0.723766, -0.310935, 0.616021)
    Right Leg.CFrame = CFrame.new(-0.0888318, -0.15731, 0.0101041, 0.761412, -0.199236, -0.616893, -0.00406585, 0.950115, -0.311873, 0.648255, 0.239972, 0.722619)
    Left Arm.CFrame = CFrame.new(-0.47401, -0.370239, 0.30902, -0.328755, 0.800127, 0.501714, -0.37703, -0.598267, 0.707054, 0.865892, 0.0432864, 0.498355)

[18]
    Time: 0.283333
    HumanoidRootPart.CFrame = CFrame.new(0, 0, 0, 1, 0, 0, 0, 1, 0, 0, 0, 1)
    Torso.CFrame = CFrame.new(0.184456, -0.1498, 0.0272245, 0.700805, -0.677189, 0.224247, 0.71278, 0.677332, -0.182114, -0.0285636, 0.287465, 0.957365)
    Head.CFrame = CFrame.new(8.00937e-08, -8.56817e-08, 0.0166619, 0.830393, 0.555348, -0.0451322, -0.552118, 0.831039, 0.0673792, 0.0749254, -0.0310329, 0.996706)
    Left Leg.CFrame = CFrame.new(-0.962167, 0.915276, 0.147453, 0.990219, -0.10507, -0.0917975, 0.103409, 0.99438, -0.0226778, 0.0936642, 0.0129633, 0.995519)
    Right Arm.CFrame = CFrame.new(-0.681685, 0.207533, -0.132257, 0.558273, -0.788556, 0.257897, 0.405578, 0.530565, 0.744317, -0.723766, -0.310935, 0.616021)
    Right Leg.CFrame = CFrame.new(-0.0888318, -0.15731, 0.0101041, 0.761412, -0.199236, -0.616893, -0.00406585, 0.950115, -0.311873, 0.648255, 0.239972, 0.722619)
    Left Arm.CFrame = CFrame.new(-0.47401, -0.370239, 0.30902, -0.328755, 0.800127, 0.501714, -0.37703, -0.598267, 0.707054, 0.865892, 0.0432864, 0.498355)

[19]
    Time: 0.300000
    HumanoidRootPart.CFrame = CFrame.new(0, 0, 0, 1, 0, 0, 0, 1, 0, 0, 0, 1)
    Torso.CFrame = CFrame.new(0.184456, -0.1498, 0.0272245, 0.700805, -0.677189, 0.224247, 0.71278, 0.677332, -0.182114, -0.0285636, 0.287465, 0.957365)
    Head.CFrame = CFrame.new(8.00937e-08, -8.56817e-08, 0.0166619, 0.830393, 0.555348, -0.0451322, -0.552118, 0.831039, 0.0673792, 0.0749254, -0.0310329, 0.996706)
    Left Leg.CFrame = CFrame.new(-0.962167, 0.915276, 0.147453, 0.990219, -0.10507, -0.0917975, 0.103409, 0.99438, -0.0226778, 0.0936642, 0.0129633, 0.995519)
    Right Arm.CFrame = CFrame.new(-0.681685, 0.207533, -0.132257, 0.558273, -0.788556, 0.257897, 0.405578, 0.530565, 0.744317, -0.723766, -0.310935, 0.616021)
    Right Leg.CFrame = CFrame.new(-0.0888318, -0.15731, 0.0101041, 0.761412, -0.199236, -0.616893, -0.00406585, 0.950115, -0.311873, 0.648255, 0.239972, 0.722619)
    Left Arm.CFrame = CFrame.new(-0.47401, -0.370239, 0.30902, -0.328755, 0.800127, 0.501714, -0.37703, -0.598267, 0.707054, 0.865892, 0.0432864, 0.498355)

[20]
    Time: 0.316667
    HumanoidRootPart.CFrame = CFrame.new(0, 0, 0, 1, 0, 0, 0, 1, 0, 0, 0, 1)
    Torso.CFrame = CFrame.new(0.184456, -0.1498, 0.0272245, 0.700805, -0.677189, 0.224247, 0.71278, 0.677332, -0.182114, -0.0285636, 0.287465, 0.957365)
    Head.CFrame = CFrame.new(8.00937e-08, -8.56817e-08, 0.0166619, 0.830393, 0.555348, -0.0451322, -0.552118, 0.831039, 0.0673792, 0.0749254, -0.0310329, 0.996706)
    Left Leg.CFrame = CFrame.new(-0.962167, 0.915276, 0.147453, 0.990219, -0.10507, -0.0917975, 0.103409, 0.99438, -0.0226778, 0.0936642, 0.0129633, 0.995519)
    Right Arm.CFrame = CFrame.new(-0.681685, 0.207533, -0.132257, 0.558273, -0.788556, 0.257897, 0.405578, 0.530565, 0.744317, -0.723766, -0.310935, 0.616021)
    Right Leg.CFrame = CFrame.new(-0.0888318, -0.15731, 0.0101041, 0.761412, -0.199236, -0.616893, -0.00406585, 0.950115, -0.311873, 0.648255, 0.239972, 0.722619)
    Left Arm.CFrame = CFrame.new(-0.47401, -0.370239, 0.30902, -0.328755, 0.800127, 0.501714, -0.37703, -0.598267, 0.707054, 0.865892, 0.0432864, 0.498355)

[21]
    Time: 0.333333
    HumanoidRootPart.CFrame = CFrame.new(0, 0, 0, 1, 0, 0, 0, 1, 0, 0, 0, 1)
    Torso.CFrame = CFrame.new(0.184456, -0.1498, 0.0272245, 0.700805, -0.677189, 0.224247, 0.71278, 0.677332, -0.182114, -0.0285636, 0.287465, 0.957365)
    Head.CFrame = CFrame.new(8.00937e-08, -8.56817e-08, 0.0166619, 0.830393, 0.555348, -0.0451322, -0.552118, 0.831039, 0.0673792, 0.0749254, -0.0310329, 0.996706)
    Left Leg.CFrame = CFrame.new(-0.962167, 0.915276, 0.147453, 0.990219, -0.10507, -0.0917975, 0.103409, 0.99438, -0.0226778, 0.0936642, 0.0129633, 0.995519)
    Right Arm.CFrame = CFrame.new(-0.681685, 0.207533, -0.132257, 0.558273, -0.788556, 0.257897, 0.405578, 0.530565, 0.744317, -0.723766, -0.310935, 0.616021)
    Right Leg.CFrame = CFrame.new(-0.0888318, -0.15731, 0.0101041, 0.761412, -0.199236, -0.616893, -0.00406585, 0.950115, -0.311873, 0.648255, 0.239972, 0.722619)
    Left Arm.CFrame = CFrame.new(-0.47401, -0.370239, 0.30902, -0.328755, 0.800127, 0.501714, -0.37703, -0.598267, 0.707054, 0.865892, 0.0432864, 0.498355)

[22]
    Time: 0.350000
    HumanoidRootPart.CFrame = CFrame.new(0, 0, 0, 1, 0, 0, 0, 1, 0, 0, 0, 1)
    Torso.CFrame = CFrame.new(0.184456, -0.1498, 0.0272245, 0.700805, -0.677189, 0.224247, 0.71278, 0.677332, -0.182114, -0.0285636, 0.287465, 0.957365)
    Head.CFrame = CFrame.new(8.00937e-08, -8.56817e-08, 0.0166619, 0.830393, 0.555348, -0.0451322, -0.552118, 0.831039, 0.0673792, 0.0749254, -0.0310329, 0.996706)
    Left Leg.CFrame = CFrame.new(-0.962167, 0.915276, 0.147453, 0.990219, -0.10507, -0.0917975, 0.103409, 0.99438, -0.0226778, 0.0936642, 0.0129633, 0.995519)
    Right Arm.CFrame = CFrame.new(-0.681685, 0.207533, -0.132257, 0.558273, -0.788556, 0.257897, 0.405578, 0.530565, 0.744317, -0.723766, -0.310935, 0.616021)
    Right Leg.CFrame = CFrame.new(-0.0888318, -0.15731, 0.0101041, 0.761412, -0.199236, -0.616893, -0.00406585, 0.950115, -0.311873, 0.648255, 0.239972, 0.722619)
    Left Arm.CFrame = CFrame.new(-0.47401, -0.370239, 0.30902, -0.328755, 0.800127, 0.501714, -0.37703, -0.598267, 0.707054, 0.865892, 0.0432864, 0.498355)

[23]
    Time: 0.366667
    HumanoidRootPart.CFrame = CFrame.new(0, 0, 0, 1, 0, 0, 0, 1, 0, 0, 0, 1)
    Torso.CFrame = CFrame.new(0.184456, -0.1498, 0.0272245, 0.700805, -0.677189, 0.224247, 0.71278, 0.677332, -0.182114, -0.0285636, 0.287465, 0.957365)
    Head.CFrame = CFrame.new(8.00937e-08, -8.56817e-08, 0.0166619, 0.830393, 0.555348, -0.0451322, -0.552118, 0.831039, 0.0673792, 0.0749254, -0.0310329, 0.996706)
    Left Leg.CFrame = CFrame.new(-0.962167, 0.915276, 0.147453, 0.990219, -0.10507, -0.0917975, 0.103409, 0.99438, -0.0226778, 0.0936642, 0.0129633, 0.995519)
    Right Arm.CFrame = CFrame.new(-0.681685, 0.207533, -0.132257, 0.558273, -0.788556, 0.257897, 0.405578, 0.530565, 0.744317, -0.723766, -0.310935, 0.616021)
    Right Leg.CFrame = CFrame.new(-0.0888318, -0.15731, 0.0101041, 0.761412, -0.199236, -0.616893, -0.00406585, 0.950115, -0.311873, 0.648255, 0.239972, 0.722619)
    Left Arm.CFrame = CFrame.new(-0.47401, -0.370239, 0.30902, -0.328755, 0.800127, 0.501714, -0.37703, -0.598267, 0.707054, 0.865892, 0.0432864, 0.498355)

[24]
    Time: 0.383333
    HumanoidRootPart.CFrame = CFrame.new(0, 0, 0, 1, 0, 0, 0, 1, 0, 0, 0, 1)
    Torso.CFrame = CFrame.new(0.184456, -0.1498, 0.0272245, 0.700805, -0.677189, 0.224247, 0.71278, 0.677332, -0.182114, -0.0285636, 0.287465, 0.957365)
    Head.CFrame = CFrame.new(8.00937e-08, -8.56817e-08, 0.0166619, 0.830393, 0.555348, -0.0451322, -0.552118, 0.831039, 0.0673792, 0.0749254, -0.0310329, 0.996706)
    Left Leg.CFrame = CFrame.new(-0.962167, 0.915276, 0.147453, 0.990219, -0.10507, -0.0917975, 0.103409, 0.99438, -0.0226778, 0.0936642, 0.0129633, 0.995519)
    Right Arm.CFrame = CFrame.new(-0.681685, 0.207533, -0.132257, 0.558273, -0.788556, 0.257897, 0.405578, 0.530565, 0.744317, -0.723766, -0.310935, 0.616021)
    Right Leg.CFrame = CFrame.new(-0.0888318, -0.15731, 0.0101041, 0.761412, -0.199236, -0.616893, -0.00406585, 0.950115, -0.311873, 0.648255, 0.239972, 0.722619)
    Left Arm.CFrame = CFrame.new(-0.47401, -0.370239, 0.30902, -0.328755, 0.800127, 0.501714, -0.37703, -0.598267, 0.707054, 0.865892, 0.0432864, 0.498355)

[25]
    Time: 0.400000
    HumanoidRootPart.CFrame = CFrame.new(0, 0, 0, 1, 0, 0, 0, 1, 0, 0, 0, 1)
    Torso.CFrame = CFrame.new(0.184456, -0.1498, -0.00278713, 0.700805, -0.677189, 0.224247, 0.71278, 0.677332, -0.182114, -0.0285636, 0.287465, 0.957365)
    Head.CFrame = CFrame.new(2.09548e-08, -6.33299e-08, 0.0166621, 0.824258, 0.566143, 0.00899343, -0.562841, 0.817513, 0.121996, 0.061715, -0.105618, 0.99249)
    Left Leg.CFrame = CFrame.new(-0.963712, 0.941812, 0.149032, 0.98961, -0.110299, -0.0922299, 0.108479, 0.993796, -0.0245323, 0.0943635, 0.0142723, 0.995436)
    Right Arm.CFrame = CFrame.new(-0.688145, 0.212002, -0.137069, 0.556504, -0.792897, 0.24823, 0.404114, 0.519361, 0.752965, -0.725944, -0.318715, 0.609447)
    Right Leg.CFrame = CFrame.new(-0.0953545, -0.131356, 0.0180575, 0.762265, -0.198345, -0.616127, -0.00696027, 0.949325, -0.31422, 0.647228, 0.243807, 0.722256)
    Left Arm.CFrame = CFrame.new(-0.480622, -0.375354, 0.304267, -0.335466, 0.793826, 0.507251, -0.382169, -0.606833, 0.696922, 0.861051, 0.0399383, 0.506947)

[26]
    Time: 0.416667
    HumanoidRootPart.CFrame = CFrame.new(0, 0, 0, 1, 0, 0, 0, 1, 0, 0, 0, 1)
    Torso.CFrame = CFrame.new(0.184456, -0.1498, -0.00278713, 0.700805, -0.677189, 0.224247, 0.71278, 0.677332, -0.182114, -0.0285636, 0.287465, 0.957365)
    Head.CFrame = CFrame.new(2.09548e-08, -6.33299e-08, 0.0166621, 0.824258, 0.566143, 0.00899343, -0.562841, 0.817513, 0.121996, 0.061715, -0.105618, 0.99249)
    Left Leg.CFrame = CFrame.new(-0.963712, 0.941812, 0.149032, 0.98961, -0.110299, -0.0922299, 0.108479, 0.993796, -0.0245323, 0.0943635, 0.0142723, 0.995436)
    Right Arm.CFrame = CFrame.new(-0.688145, 0.212002, -0.137069, 0.556504, -0.792897, 0.24823, 0.404114, 0.519361, 0.752965, -0.725944, -0.318715, 0.609447)
    Right Leg.CFrame = CFrame.new(-0.0953545, -0.131356, 0.0180575, 0.762265, -0.198345, -0.616127, -0.00696027, 0.949325, -0.31422, 0.647228, 0.243807, 0.722256)
    Left Arm.CFrame = CFrame.new(-0.480622, -0.375354, 0.304267, -0.335466, 0.793826, 0.507251, -0.382169, -0.606833, 0.696922, 0.861051, 0.0399383, 0.506947)

[27]
    Time: 0.433333
    HumanoidRootPart.CFrame = CFrame.new(0, 0, 0, 1, 0, 0, 0, 1, 0, 0, 0, 1)
    Torso.CFrame = CFrame.new(0.184456, -0.1498, -0.00278713, 0.700805, -0.677189, 0.224247, 0.71278, 0.677332, -0.182114, -0.0285636, 0.287465, 0.957365)
    Head.CFrame = CFrame.new(2.09548e-08, -6.33299e-08, 0.0166621, 0.824258, 0.566143, 0.00899343, -0.562841, 0.817513, 0.121996, 0.061715, -0.105618, 0.99249)
    Left Leg.CFrame = CFrame.new(-0.963712, 0.941812, 0.149032, 0.98961, -0.110299, -0.0922299, 0.108479, 0.993796, -0.0245323, 0.0943635, 0.0142723, 0.995436)
    Right Arm.CFrame = CFrame.new(-0.688145, 0.212002, -0.137069, 0.556504, -0.792897, 0.24823, 0.404114, 0.519361, 0.752965, -0.725944, -0.318715, 0.609447)
    Right Leg.CFrame = CFrame.new(-0.0953545, -0.131356, 0.0180575, 0.762265, -0.198345, -0.616127, -0.00696027, 0.949325, -0.31422, 0.647228, 0.243807, 0.722256)
    Left Arm.CFrame = CFrame.new(-0.480622, -0.375354, 0.304267, -0.335466, 0.793826, 0.507251, -0.382169, -0.606833, 0.696922, 0.861051, 0.0399383, 0.506947)

[28]
    Time: 0.450000
    HumanoidRootPart.CFrame = CFrame.new(0, 0, 0, 1, 0, 0, 0, 1, 0, 0, 0, 1)
    Torso.CFrame = CFrame.new(0.184456, -0.1498, -0.00278713, 0.700805, -0.677189, 0.224247, 0.71278, 0.677332, -0.182114, -0.0285636, 0.287465, 0.957365)
    Head.CFrame = CFrame.new(2.09548e-08, -6.33299e-08, 0.0166621, 0.824258, 0.566143, 0.00899343, -0.562841, 0.817513, 0.121996, 0.061715, -0.105618, 0.99249)
    Left Leg.CFrame = CFrame.new(-0.963712, 0.941812, 0.149032, 0.98961, -0.110299, -0.0922299, 0.108479, 0.993796, -0.0245323, 0.0943635, 0.0142723, 0.995436)
    Right Arm.CFrame = CFrame.new(-0.688145, 0.212002, -0.137069, 0.556504, -0.792897, 0.24823, 0.404114, 0.519361, 0.752965, -0.725944, -0.318715, 0.609447)
    Right Leg.CFrame = CFrame.new(-0.0953545, -0.131356, 0.0180575, 0.762265, -0.198345, -0.616127, -0.00696027, 0.949325, -0.31422, 0.647228, 0.243807, 0.722256)
    Left Arm.CFrame = CFrame.new(-0.480622, -0.375354, 0.304267, -0.335466, 0.793826, 0.507251, -0.382169, -0.606833, 0.696922, 0.861051, 0.0399383, 0.506947)

[29]
    Time: 0.466667
    HumanoidRootPart.CFrame = CFrame.new(0, 0, 0, 1, 0, 0, 0, 1, 0, 0, 0, 1)
    Torso.CFrame = CFrame.new(0.184456, -0.1498, -0.15909, 0.700805, -0.677189, 0.224247, 0.71278, 0.677332, -0.182114, -0.0285636, 0.287465, 0.957365)
    Head.CFrame = CFrame.new(9.40636e-08, -7.45058e-08, 0.0166621, 0.821563, 0.569286, 0.0307979, -0.567292, 0.810924, 0.143464, 0.0566971, -0.135336, 0.989176)
    Left Leg.CFrame = CFrame.new(-0.94146, 1.08269, 0.163127, 0.988043, -0.121531, -0.0948734, 0.118607, 0.992292, -0.0358939, 0.0985041, 0.024212, 0.994842)
    Right Arm.CFrame = CFrame.new(-0.697933, 0.218518, -0.144442, 0.553881, -0.79917, 0.233544, 0.401835, 0.502256, 0.765681, -0.729208, -0.33025, 0.599325)
    Right Leg.CFrame = CFrame.new(-0.156458, 0.00204372, 0.041394, 0.763515, -0.208072, -0.611352, -0.0056784, 0.944473, -0.328541, 0.645766, 0.254317, 0.719937)
    Left Arm.CFrame = CFrame.new(-0.490651, -0.382841, 0.296972, -0.345645, 0.784189, 0.515343, -0.38969, -0.619552, 0.681394, 0.853622, 0.0346962, 0.519735)

[30]
    Time: 0.483333
    HumanoidRootPart.CFrame = CFrame.new(0, 0, 0, 1, 0, 0, 0, 1, 0, 0, 0, 1)
    Torso.CFrame = CFrame.new(0.184456, -0.1498, -0.15909, 0.700805, -0.677189, 0.224247, 0.71278, 0.677332, -0.182114, -0.0285636, 0.287465, 0.957365)
    Head.CFrame = CFrame.new(9.40636e-08, -7.45058e-08, 0.0166621, 0.821563, 0.569286, 0.0307979, -0.567292, 0.810924, 0.143464, 0.0566971, -0.135336, 0.989176)
    Left Leg.CFrame = CFrame.new(-0.94146, 1.08269, 0.163127, 0.988043, -0.121531, -0.0948734, 0.118607, 0.992292, -0.0358939, 0.0985041, 0.024212, 0.994842)
    Right Arm.CFrame = CFrame.new(-0.697933, 0.218518, -0.144442, 0.553881, -0.79917, 0.233544, 0.401835, 0.502256, 0.765681, -0.729208, -0.33025, 0.599325)
    Right Leg.CFrame = CFrame.new(-0.156458, 0.00204372, 0.041394, 0.763515, -0.208072, -0.611352, -0.0056784, 0.944473, -0.328541, 0.645766, 0.254317, 0.719937)
    Left Arm.CFrame = CFrame.new(-0.490651, -0.382841, 0.296972, -0.345645, 0.784189, 0.515343, -0.38969, -0.619552, 0.681394, 0.853622, 0.0346962, 0.519735)

[31]
    Time: 0.500000
    HumanoidRootPart.CFrame = CFrame.new(0, 0, 0, 1, 0, 0, 0, 1, 0, 0, 0, 1)
    Torso.CFrame = CFrame.new(-0.056122, -0.08752, -0.274135, 0.579981, -0.811768, -0.0682285, 0.804793, 0.583941, -0.1064, 0.126213, 0.00679989, 0.99198)
    Head.CFrame = CFrame.new(6.70552e-08, -4.47035e-08, 0.0166622, 0.70115, 0.694753, 0.160334, -0.678906, 0.719229, -0.147639, -0.217889, -0.00533457, 0.975959)
    Left Leg.CFrame = CFrame.new(-0.259788, 0.063693, 0.056504, 0.926145, -0.207313, 0.315081, 0.273274, 0.944613, -0.181736, -0.259953, 0.254418, 0.931502)
    Right Arm.CFrame = CFrame.new(-0.605884, -0.382305, -0.206731, -0.709621, -0.704245, -0.0218586, 0.536847, -0.520332, -0.664116, 0.456326, -0.483005, 0.74731)
    Right Leg.CFrame = CFrame.new(0.722427, 1.15586, 0.0996339, 0.826834, 0.451221, -0.335775, -0.387755, 0.889747, 0.240824, 0.40742, -0.0689232, 0.910636)
    Left Arm.CFrame = CFrame.new(0.131139, -0.761694, 0.193468, -0.0445191, 0.908481, -0.415548, -0.496279, -0.381116, -0.780037, -0.867021, 0.171501, 0.467827)

[32]
    Time: 0.516667
    HumanoidRootPart.CFrame = CFrame.new(0, 0, 0, 1, 0, 0, 0, 1, 0, 0, 0, 1)
    Torso.CFrame = CFrame.new(-0.056122, -0.08752, -0.274135, 0.579981, -0.811768, -0.0682285, 0.804793, 0.583941, -0.1064, 0.126213, 0.00679989, 0.99198)
    Head.CFrame = CFrame.new(6.70552e-08, -4.47035e-08, 0.0166622, 0.70115, 0.694753, 0.160334, -0.678906, 0.719229, -0.147639, -0.217889, -0.00533457, 0.975959)
    Left Leg.CFrame = CFrame.new(-0.259788, 0.063693, 0.056504, 0.926145, -0.207313, 0.315081, 0.273274, 0.944613, -0.181736, -0.259953, 0.254418, 0.931502)
    Right Arm.CFrame = CFrame.new(-0.605884, -0.382305, -0.206731, -0.709621, -0.704245, -0.0218586, 0.536847, -0.520332, -0.664116, 0.456326, -0.483005, 0.74731)
    Right Leg.CFrame = CFrame.new(0.722427, 1.15586, 0.0996339, 0.826834, 0.451221, -0.335775, -0.387755, 0.889747, 0.240824, 0.40742, -0.0689232, 0.910636)
    Left Arm.CFrame = CFrame.new(0.131139, -0.761694, 0.193468, -0.0445191, 0.908481, -0.415548, -0.496279, -0.381116, -0.780037, -0.867021, 0.171501, 0.467827)

[33]
    Time: 0.533333
    HumanoidRootPart.CFrame = CFrame.new(0, 0, 0, 1, 0, 0, 0, 1, 0, 0, 0, 1)
    Torso.CFrame = CFrame.new(-0.056122, -0.08752, -0.274135, 0.579981, -0.811768, -0.0682285, 0.804793, 0.583941, -0.1064, 0.126213, 0.00679989, 0.99198)
    Head.CFrame = CFrame.new(6.70552e-08, -4.47035e-08, 0.0166622, 0.70115, 0.694753, 0.160334, -0.678906, 0.719229, -0.147639, -0.217889, -0.00533457, 0.975959)
    Left Leg.CFrame = CFrame.new(-0.259788, 0.063693, 0.056504, 0.926145, -0.207313, 0.315081, 0.273274, 0.944613, -0.181736, -0.259953, 0.254418, 0.931502)
    Right Arm.CFrame = CFrame.new(-0.605884, -0.382305, -0.206731, -0.709621, -0.704245, -0.0218586, 0.536847, -0.520332, -0.664116, 0.456326, -0.483005, 0.74731)
    Right Leg.CFrame = CFrame.new(0.722427, 1.15586, 0.0996339, 0.826834, 0.451221, -0.335775, -0.387755, 0.889747, 0.240824, 0.40742, -0.0689232, 0.910636)
    Left Arm.CFrame = CFrame.new(0.131139, -0.761694, 0.193468, -0.0445191, 0.908481, -0.415548, -0.496279, -0.381116, -0.780037, -0.867021, 0.171501, 0.467827)

[34]
    Time: 0.550000
    HumanoidRootPart.CFrame = CFrame.new(0, 0, 0, 1, 0, 0, 0, 1, 0, 0, 0, 1)
    Torso.CFrame = CFrame.new(-0.056122, -0.08752, -0.274135, 0.579981, -0.811768, -0.0682285, 0.804793, 0.583941, -0.1064, 0.126213, 0.00679989, 0.99198)
    Head.CFrame = CFrame.new(6.70552e-08, -4.47035e-08, 0.0166622, 0.70115, 0.694753, 0.160334, -0.678906, 0.719229, -0.147639, -0.217889, -0.00533457, 0.975959)
    Left Leg.CFrame = CFrame.new(-0.259788, 0.063693, 0.056504, 0.926145, -0.207313, 0.315081, 0.273274, 0.944613, -0.181736, -0.259953, 0.254418, 0.931502)
    Right Arm.CFrame = CFrame.new(-0.605884, -0.382305, -0.206731, -0.709621, -0.704245, -0.0218586, 0.536847, -0.520332, -0.664116, 0.456326, -0.483005, 0.74731)
    Right Leg.CFrame = CFrame.new(0.722427, 1.15586, 0.0996339, 0.826834, 0.451221, -0.335775, -0.387755, 0.889747, 0.240824, 0.40742, -0.0689232, 0.910636)
    Left Arm.CFrame = CFrame.new(0.131139, -0.761694, 0.193468, -0.0445191, 0.908481, -0.415548, -0.496279, -0.381116, -0.780037, -0.867021, 0.171501, 0.467827)

[35]
    Time: 0.566667
    HumanoidRootPart.CFrame = CFrame.new(0, 0, 0, 1, 0, 0, 0, 1, 0, 0, 0, 1)
    Torso.CFrame = CFrame.new(-0.056122, -0.08752, -0.108382, 0.579981, -0.811768, -0.0682285, 0.804793, 0.583941, -0.1064, 0.126213, 0.00679989, 0.99198)
    Head.CFrame = CFrame.new(6.70552e-08, -2.98023e-08, 0.0166624, 0.70115, 0.694753, 0.160334, -0.678906, 0.719229, -0.147639, -0.217889, -0.00533457, 0.975959)
    Left Leg.CFrame = CFrame.new(-0.0409407, -0.0420709, -0.0390857, 0.944694, -0.0916638, 0.314884, 0.153058, 0.972396, -0.176126, -0.290047, 0.21458, 0.932646)
    Right Arm.CFrame = CFrame.new(-0.605884, -0.382305, -0.206731, -0.709621, -0.704245, -0.0218586, 0.536847, -0.520332, -0.664116, 0.456326, -0.483005, 0.74731)
    Right Leg.CFrame = CFrame.new(0.595673, 1.04251, 0.0868757, 0.859586, 0.384074, -0.337045, -0.321484, 0.919173, 0.227529, 0.39719, -0.0872266, 0.913582)
    Left Arm.CFrame = CFrame.new(0.131139, -0.761694, 0.193468, -0.0445191, 0.908481, -0.415548, -0.496279, -0.381116, -0.780037, -0.867021, 0.171501, 0.467827)

[36]
    Time: 0.583333
    HumanoidRootPart.CFrame = CFrame.new(0, 0, 0, 1, 0, 0, 0, 1, 0, 0, 0, 1)
    Torso.CFrame = CFrame.new(-0.056122, -0.08752, -0.108382, 0.579981, -0.811768, -0.0682285, 0.804793, 0.583941, -0.1064, 0.126213, 0.00679989, 0.99198)
    Head.CFrame = CFrame.new(6.70552e-08, -2.98023e-08, 0.0166624, 0.70115, 0.694753, 0.160334, -0.678906, 0.719229, -0.147639, -0.217889, -0.00533457, 0.975959)
    Left Leg.CFrame = CFrame.new(-0.0409407, -0.0420709, -0.0390857, 0.944694, -0.0916638, 0.314884, 0.153058, 0.972396, -0.176126, -0.290047, 0.21458, 0.932646)
    Right Arm.CFrame = CFrame.new(-0.605884, -0.382305, -0.206731, -0.709621, -0.704245, -0.0218586, 0.536847, -0.520332, -0.664116, 0.456326, -0.483005, 0.74731)
    Right Leg.CFrame = CFrame.new(0.595673, 1.04251, 0.0868757, 0.859586, 0.384074, -0.337045, -0.321484, 0.919173, 0.227529, 0.39719, -0.0872266, 0.913582)
    Left Arm.CFrame = CFrame.new(0.131139, -0.761694, 0.193468, -0.0445191, 0.908481, -0.415548, -0.496279, -0.381116, -0.780037, -0.867021, 0.171501, 0.467827)

[37]
    Time: 0.600000
    HumanoidRootPart.CFrame = CFrame.new(0, 0, 0, 1, 0, 0, 0, 1, 0, 0, 0, 1)
    Torso.CFrame = CFrame.new(-0.056122, -0.08752, -0.108382, 0.579981, -0.811768, -0.0682285, 0.804793, 0.583941, -0.1064, 0.126213, 0.00679989, 0.99198)
    Head.CFrame = CFrame.new(6.70552e-08, -2.98023e-08, 0.0166624, 0.70115, 0.694753, 0.160334, -0.678906, 0.719229, -0.147639, -0.217889, -0.00533457, 0.975959)
    Left Leg.CFrame = CFrame.new(-0.0409407, -0.0420709, -0.0390857, 0.944694, -0.0916638, 0.314884, 0.153058, 0.972396, -0.176126, -0.290047, 0.21458, 0.932646)
    Right Arm.CFrame = CFrame.new(-0.605884, -0.382305, -0.206731, -0.709621, -0.704245, -0.0218586, 0.536847, -0.520332, -0.664116, 0.456326, -0.483005, 0.74731)
    Right Leg.CFrame = CFrame.new(0.595673, 1.04251, 0.0868757, 0.859586, 0.384074, -0.337045, -0.321484, 0.919173, 0.227529, 0.39719, -0.0872266, 0.913582)
    Left Arm.CFrame = CFrame.new(0.131139, -0.761694, 0.193468, -0.0445191, 0.908481, -0.415548, -0.496279, -0.381116, -0.780037, -0.867021, 0.171501, 0.467827)

[38]
    Time: 0.616667
    HumanoidRootPart.CFrame = CFrame.new(0, 0, 0, 1, 0, 0, 0, 1, 0, 0, 0, 1)
    Torso.CFrame = CFrame.new(-0.056122, -0.08752, -0.108382, 0.579981, -0.811768, -0.0682285, 0.804793, 0.583941, -0.1064, 0.126213, 0.00679989, 0.99198)
    Head.CFrame = CFrame.new(6.70552e-08, -2.98023e-08, 0.0166624, 0.70115, 0.694753, 0.160334, -0.678906, 0.719229, -0.147639, -0.217889, -0.00533457, 0.975959)
    Left Leg.CFrame = CFrame.new(-0.0409407, -0.0420709, -0.0390857, 0.944694, -0.0916638, 0.314884, 0.153058, 0.972396, -0.176126, -0.290047, 0.21458, 0.932646)
    Right Arm.CFrame = CFrame.new(-0.605884, -0.382305, -0.206731, -0.709621, -0.704245, -0.0218586, 0.536847, -0.520332, -0.664116, 0.456326, -0.483005, 0.74731)
    Right Leg.CFrame = CFrame.new(0.595673, 1.04251, 0.0868757, 0.859586, 0.384074, -0.337045, -0.321484, 0.919173, 0.227529, 0.39719, -0.0872266, 0.913582)
