[1]
    Time: 0.000000
    HumanoidRootPart.CFrame = CFrame.new(0, 0, 0, 1, 0, 0, 0, 1, 0, 0, 0, 1)
    Torso.CFrame = CFrame.new(-0.106102, -0.073889, -0.248574, 0.972743, -0.040482, 0.228325, 0.075378, 0.986371, -0.146252, -0.219293, 0.159476, 0.962537)
    Left Leg.CFrame = CFrame.new(-0.833451, 0.391985, -0.378846, 0.954131, -0.229942, -0.19173, 0.297181, 0.805035, 0.513422, 0.036292, -0.54685, 0.836443)
    Right Arm.CFrame = CFrame.new(0.269448, -0.413402, 0.126912, 0.130974, -0.468086, 0.873923, 0.755463, 0.617946, 0.21776, -0.641967, 0.631695, 0.434556)
    Head.CFrame = CFrame.new(0, -0, 0, 0.989042, 0.057891, -0.135815, -0.039868, 0.990467, 0.131852, 0.142153, -0.124992, 0.981921)
    Left Arm.CFrame = CFrame.new(-0.094949, 0.015984, 0.514907, -0.292824, 0.540514, -0.788733, -0.803195, 0.308505, 0.50961, 0.518779, 0.782732, 0.3438)
    Right Leg.CFrame = CFrame.new(0.074413, -0.201724, 0.116817, 0.849062, 0.022136, -0.52783, -0.286763, 0.85843, -0.425283, 0.44369, 0.512454, 0.735207)

[2]
    Time: 0.066667
    HumanoidRootPart.CFrame = CFrame.new(0, 0, 0, 1, 0, 0, 0, 1, 0, 0, 0, 1)
    Torso.CFrame = CFrame.new(-0.087976, -0.072834, -0.212299, 0.979027, -0.032448, 0.20113, 0.062502, 0.987466, -0.144932, -0.193906, 0.154464, 0.968783)
    Left Leg.CFrame = CFrame.new(-0.798307, 0.370694, -0.288093, 0.962725, -0.230673, -0.141246, 0.269881, 0.853993, 0.444816, 0.018016, -0.466355, 0.884414)
    Right Arm.CFrame = CFrame.new(0.284969, -0.466674, -0.201848, -0.281888, -0.400543, 0.87184, 0.725921, 0.505131, 0.466777, -0.627357, 0.764466, 0.148373)
    Head.CFrame = CFrame.new(-0, -0, 0, 0.991989, 0.046138, -0.117595, -0.030817, 0.991175, 0.128926, 0.122505, -0.124269, 0.984657)
    Left Arm.CFrame = CFrame.new(-0.255367, -0.262584, 0.289963, -0.334029, 0.353687, -0.873688, -0.756129, 0.452872, 0.472416, 0.562756, 0.818421, 0.116161)
    Right Leg.CFrame = CFrame.new(0.090498, -0.164207, 0.110938, 0.875378, 0.019994, -0.483025, -0.232688, 0.893222, -0.384723, 0.423756, 0.449172, 0.786559)

[3]
    Time: 0.133333
    HumanoidRootPart.CFrame = CFrame.new(0, 0, 0, 1, 0, 0, 0, 1, 0, 0, 0, 1)
    Torso.CFrame = CFrame.new(-0.039408, -0.068818, -0.132852, 0.991931, -0.011256, 0.126278, 0.029043, 0.989738, -0.139912, -0.123408, 0.142451, 0.982079)
    Left Leg.CFrame = CFrame.new(-0.675178, 0.268678, -0.079362, 0.976174, -0.216967, 0.002997, 0.209221, 0.94481, 0.252113, -0.057532, -0.24548, 0.967693)
    Right Arm.CFrame = CFrame.new(0.211844, -0.422393, -0.230282, -0.453396, -0.354656, 0.817711, 0.710437, 0.410223, 0.571836, -0.538249, 0.8402, 0.065967)
    Head.CFrame = CFrame.new(0, -0, 0, 0.997412, 0.015806, -0.070138, -0.00714, 0.992488, 0.122136, 0.071541, -0.121319, 0.990032)
    Left Arm.CFrame = CFrame.new(-0.282919, -0.44099, 0.06502, -0.328688, 0.183461, -0.926448, -0.683539, 0.630704, 0.367405, 0.651719, 0.754025, -0.081902)
    Right Leg.CFrame = CFrame.new(0.148258, -0.063725, 0.092107, 0.938159, 0.016777, -0.345798, -0.109934, 0.961568, -0.251599, 0.328287, 0.274055, 0.903948)

[4]
    Time: 0.166667
    HumanoidRootPart.CFrame = CFrame.new(0, 0, 0, 1, 0, 0, 0, 1, 0, 0, 0, 1)
    Torso.CFrame = CFrame.new(-0.007397, -0.065085, -0.091434, 0.997123, 0.003051, 0.075743, 0.007242, 0.990785, -0.135247, -0.075458, 0.135406, 0.987913)
    Left Leg.CFrame = CFrame.new(-0.569651, 0.172725, 0.021613, 0.975633, -0.193899, 0.102677, 0.180743, 0.975569, 0.124888, -0.124385, -0.103286, 0.986844)
    Right Arm.CFrame = CFrame.new(0.133287, -0.315709, -0.03585, -0.464658, -0.352611, 0.812255, 0.727414, 0.371072, 0.577212, -0.504937, 0.859052, 0.084072)
    Head.CFrame = CFrame.new(0, -0, 0, 0.999237, -0.003967, -0.038863, 0.008543, 0.99294, 0.118306, 0.03812, -0.118548, 0.992216)
    Left Arm.CFrame = CFrame.new(-0.254184, -0.418683, 0.065194, -0.082613, 0.228022, -0.970145, -0.659093, 0.717676, 0.224807, 0.747511, 0.657987, 0.090998)
    Right Leg.CFrame = CFrame.new(0.194312, 0.001765, 0.070139, 0.970466, 0.013835, -0.240842, -0.050328, 0.987998, -0.146041, 0.235931, 0.153849, 0.959514)

[5]
    Time: 0.233333
    HumanoidRootPart.CFrame = CFrame.new(0, 0, 0, 1, 0, 0, 0, 1, 0, 0, 0, 1)
    Torso.CFrame = CFrame.new(0.063346, -0.053551, -0.033439, 0.998658, 0.036307, -0.036946, -0.040529, 0.991846, -0.120828, 0.032257, 0.122164, 0.991986)
    Left Leg.CFrame = CFrame.new(-0.28414, -0.065529, 0.104192, 0.94351, -0.10604, 0.313919, 0.152328, 0.98017, -0.126738, -0.294255, 0.167397, 0.940953)
    Right Arm.CFrame = CFrame.new(0.165049, -0.09331, 0.372212, -0.430861, -0.409118, 0.804352, 0.765778, 0.30581, 0.565742, -0.477434, 0.859711, 0.181532)
    Head.CFrame = CFrame.new(0, -0, 0, 0.998361, -0.047812, 0.031459, 0.044031, 0.992785, 0.111533, -0.036565, -0.109965, 0.993263)
    Left Arm.CFrame = CFrame.new(-0.103875, -0.295724, 0.069727, 0.925776, 0.373431, -0.059065, -0.375282, 0.926607, -0.023746, 0.045863, 0.04415, 0.997972)
    Right Leg.CFrame = CFrame.new(0.315479, 0.137528, -0.016365, 0.999894, 0.008179, 0.012042, -0.00951, 0.993328, 0.114931, -0.011022, -0.115034, 0.9933)

[6]
    Time: 0.300000
    HumanoidRootPart.CFrame = CFrame.new(0, 0, 0, 1, 0, 0, 0, 1, 0, 0, 0, 1)
    Torso.CFrame = CFrame.new(0.13094, -0.038059, -0.041141, 0.987296, 0.071074, -0.142107, -0.085953, 0.991119, -0.101464, 0.133633, 0.11239, 0.984637)
    Left Leg.CFrame = CFrame.new(-0.002267, -0.237456, 0.015401, 0.875885, 0.024941, 0.481876, 0.148395, 0.936339, -0.318194, -0.459135, 0.350209, 0.816424)
    Right Arm.CFrame = CFrame.new(0.237716, 0.011065, 0.564676, -0.401561, -0.454087, 0.795333, 0.794719, 0.258828, 0.549026, -0.45516, 0.852533, 0.256936)
    Head.CFrame = CFrame.new(0, -0, -0, 0.990648, -0.090835, 0.101813, 0.079843, 0.991018, 0.107282, -0.110643, -0.09815, 0.989002)
    Left Arm.CFrame = CFrame.new(-0.006616, -0.191631, 0.08681, 0.792431, 0.11163, 0.59966, -0.262127, 0.950024, 0.16954, -0.550766, -0.291536, 0.782089)
    Right Leg.CFrame = CFrame.new(0.470767, 0.249127, -0.162521, 0.974167, 0.028902, 0.223974, -0.108815, 0.929125, 0.353393, -0.197886, -0.368635, 0.908267)

[7]
    Time: 0.400000
    HumanoidRootPart.CFrame = CFrame.new(0, 0, 0, 1, 0, 0, 0, 1, 0, 0, 0, 1)
    Torso.CFrame = CFrame.new(0.194569, -0.01753, -0.157356, 0.965441, 0.112283, -0.235196, -0.133392, 0.98816, -0.075802, 0.2239, 0.104556, 0.968988)
    Left Leg.CFrame = CFrame.new(0.013653, -0.341242, 0.00783, 0.807504, 0.041289, 0.588415, 0.295792, 0.834714, -0.464499, -0.510337, 0.549133, 0.661822)
    Right Arm.CFrame = CFrame.new(0.373628, -0.038768, 0.213624, -0.443509, -0.361256, 0.82024, 0.819163, 0.207979, 0.534525, -0.363693, 0.908977, 0.203687)
    Head.CFrame = CFrame.new(0, -0, 0, 0.9738, -0.138071, 0.180691, 0.120368, 0.9871, 0.105567, -0.192936, -0.081052, 0.977858)
    Left Arm.CFrame = CFrame.new(-0.045058, -0.168965, 0.13466, 0.805759, 0.202547, 0.556532, -0.422343, 0.855281, 0.300202, -0.415186, -0.476938, 0.774694)
    Right Leg.CFrame = CFrame.new(0.659711, 0.341821, -0.379721, 0.93784, 0.094825, 0.333862, -0.275154, 0.789437, 0.548707, -0.211532, -0.606463, 0.766458)

[8]
    Time: 0.466667
    HumanoidRootPart.CFrame = CFrame.new(0, 0, 0, 1, 0, 0, 0, 1, 0, 0, 0, 1)
    Torso.CFrame = CFrame.new(0.194812, -0.013577, -0.220711, 0.964091, 0.12323, -0.23525, -0.143464, 0.987115, -0.070862, 0.223487, 0.102067, 0.969348)
    Left Leg.CFrame = CFrame.new(-0.118182, -0.340174, 0.108133, 0.823438, -0.037852, 0.566142, 0.36243, 0.80279, -0.47347, -0.436571, 0.59506, 0.674766)
    Right Arm.CFrame = CFrame.new(0.475103, -0.181702, -0.080708, -0.467305, -0.291319, 0.834721, 0.76211, 0.345829, 0.547349, -0.448124, 0.891928, 0.060409)
    Head.CFrame = CFrame.new(0, -0, 0, 0.968611, -0.148919, 0.199037, 0.129858, 0.985884, 0.105682, -0.211965, -0.076518, 0.974277)
    Left Arm.CFrame = CFrame.new(-0.20343, -0.248343, 0.074869, 0.800781, 0.57415, 0.170593, -0.597839, 0.748785, 0.286197, 0.036582, -0.331169, 0.942862)
    Right Leg.CFrame = CFrame.new(0.723467, 0.371492, -0.435778, 0.932799, 0.132443, 0.335179, -0.310477, 0.767563, 0.560759, -0.183003, -0.627141, 0.757103)

[9]
    Time: 0.566667
    HumanoidRootPart.CFrame = CFrame.new(0, 0, 0, 1, 0, 0, 0, 1, 0, 0, 0, 1)
    Torso.CFrame = CFrame.new(0.139282, -0.024757, -0.18104, 0.984916, 0.089572, -0.148045, -0.102884, 0.991069, -0.084836, 0.139124, 0.098788, 0.985335)
    Left Leg.CFrame = CFrame.new(-0.322713, -0.182068, 0.165795, 0.910382, -0.126277, 0.394028, 0.275576, 0.895395, -0.34975, -0.308646, 0.426991, 0.849951)
    Right Arm.CFrame = CFrame.new(0.500499, -0.309267, -0.187188, -0.345213, -0.227466, 0.910542, 0.577719, 0.71309, 0.397169, -0.739641, 0.663146, -0.114756)
    Head.CFrame = CFrame.new(0, -0, -0, 0.98215, -0.112391, 0.150831, 0.097682, 0.990014, 0.101638, -0.160749, -0.08509, 0.983321)
    Left Arm.CFrame = CFrame.new(-0.542588, -0.48998, -0.107141, -0.259705, 0.489634, -0.832353, -0.781031, 0.400407, 0.479233, 0.567929, 0.774553, 0.278431)
    Right Leg.CFrame = CFrame.new(0.646657, 0.358628, -0.190385, 0.977139, 0.177744, 0.11665, -0.208993, 0.903734, 0.373614, -0.039013, -0.389451, 0.92022)

[10]
    Time: 0.600000
    HumanoidRootPart.CFrame = CFrame.new(0, 0, 0, 1, 0, 0, 0, 1, 0, 0, 0, 1)
    Torso.CFrame = CFrame.new(0.112061, -0.030231, -0.140153, 0.992567, 0.065581, -0.102518, -0.075076, 0.992954, -0.091679, 0.095784, 0.098694, 0.990497)
    Left Leg.CFrame = CFrame.new(-0.389789, -0.105875, 0.138971, 0.945032, -0.142087, 0.294493, 0.223026, 0.938727, -0.262776, -0.239112, 0.314012, 0.918816)
    Right Arm.CFrame = CFrame.new(0.439214, -0.316971, -0.137516, -0.074409, -0.283653, 0.956036, 0.494702, 0.821913, 0.282362, -0.865871, 0.493963, 0.079166)
    Head.CFrame = CFrame.new(0, -0, 0, 0.989242, -0.087091, 0.117541, 0.075493, 0.992144, 0.099758, -0.125305, -0.089811, 0.988045)
    Left Arm.CFrame = CFrame.new(-0.617459, -0.547179, -0.150225, -0.492542, 0.28524, -0.822217, -0.757536, 0.324562, 0.566391, 0.428418, 0.90183, 0.05622)
    Right Leg.CFrame = CFrame.new(0.536686, 0.298257, -0.047279, 0.984789, 0.16976, -0.037038, -0.154993, 0.954618, 0.254327, 0.078532, -0.244718, 0.966409)

[11]
    Time: 0.666667
    HumanoidRootPart.CFrame = CFrame.new(0, 0, 0, 1, 0, 0, 0, 1, 0, 0, 0, 1)
    Torso.CFrame = CFrame.new(0.052729, -0.039233, -0.059994, 0.999979, 0.006405, 0.001066, -0.006262, 0.994669, -0.102931, -0.00172, 0.102922, 0.994688)
    Left Leg.CFrame = CFrame.new(-0.512651, 0.038773, 0.023681, 0.987977, -0.144995, 0.053657, 0.146987, 0.988511, -0.035231, -0.047932, 0.042694, 0.997938)
    Right Arm.CFrame = CFrame.new(0.281511, -0.320214, -0.009699, 0.694894, -0.398667, 0.598487, 0.319465, 0.916766, 0.239755, -0.644255, 0.024591, 0.764415)
    Head.CFrame = CFrame.new(0, -0, 0, 0.999078, -0.02438, 0.035337, 0.020802, 0.994938, 0.098312, -0.037555, -0.097486, 0.994528)
    Left Arm.CFrame = CFrame.new(-0.619549, -0.526476, -0.124054, -0.597615, 0.285791, -0.74912, -0.734848, 0.17849, 0.654324, 0.320711, 0.941523, 0.103345)
    Right Leg.CFrame = CFrame.new(0.202406, 0.080225, 0.113748, 0.925535, 0.087514, -0.368411, -0.09577, 0.995395, -0.004147, 0.366351, 0.039121, 0.929654)

[12]
    Time: 0.700000
    HumanoidRootPart.CFrame = CFrame.new(0, 0, 0, 1, 0, 0, 0, 1, 0, 0, 0, 1)
    Torso.CFrame = CFrame.new(0.022811, -0.041763, -0.034569, 0.998185, -0.025818, 0.054408, 0.031489, 0.993857, -0.106094, -0.051334, 0.107614, 0.992867)
    Left Leg.CFrame = CFrame.new(-0.567496, 0.099087, -0.05393, 0.98846, -0.135893, -0.066936, 0.14151, 0.986027, 0.087896, 0.054057, -0.096353, 0.993878)
    Right Arm.CFrame = CFrame.new(0.219102, -0.320232, 0.040884, 0.883676, -0.420683, 0.205285, 0.344265, 0.881224, 0.323924, -0.317171, -0.215571, 0.923543)
    Head.CFrame = CFrame.new(0, -0, 0, 0.999901, 0.010136, -0.009722, -0.009119, 0.995003, 0.099426, 0.010682, -0.099327, 0.994998)
    Left Arm.CFrame = CFrame.new(-0.553313, -0.419273, -0.016859, -0.602419, 0.370237, -0.707118, -0.719677, 0.131182, 0.681804, 0.34519, 0.919628, 0.187424)
    Right Leg.CFrame = CFrame.new(0.021413, -0.033592, 0.089579, 0.863755, 0.024134, -0.503334, -0.092304, 0.98953, -0.110953, 0.495386, 0.142296, 0.856939)

[13]
    Time: 0.800000
    HumanoidRootPart.CFrame = CFrame.new(0, 0, 0, 1, 0, 0, 0, 1, 0, 0, 0, 1)
    Torso.CFrame = CFrame.new(-0.055462, -0.040923, -0.075207, 0.974682, -0.115436, 0.191494, 0.137289, 0.984945, -0.105044, -0.176485, 0.128674, 0.975857)
    Left Leg.CFrame = CFrame.new(-0.733353, 0.242645, -0.319562, 0.94301, -0.123581, -0.308967, 0.245282, 0.885592, 0.394415, 0.224877, -0.447722, 0.865434)
    Right Arm.CFrame = CFrame.new(0.128368, -0.321349, 0.114423, 0.793659, -0.280584, -0.539794, 0.546426, 0.718834, 0.429762, 0.267438, -0.636042, 0.723828)
    Head.CFrame = CFrame.new(0, -0, 0, 0.984805, 0.107624, -0.136296, -0.092947, 0.989595, 0.10983, 0.146698, -0.095493, 0.984561)
    Left Arm.CFrame = CFrame.new(-0.314866, -0.033344, 0.369042, -0.558232, 0.591393, -0.58192, -0.681032, 0.073992, 0.728506, 0.473891, 0.802982, 0.361452)
    Right Leg.CFrame = CFrame.new(-0.253623, -0.203393, -0.081723, 0.689482, -0.079992, -0.719872, -0.205161, 0.93161, -0.30002, 0.694639, 0.354548, 0.625917)

[14]
    Time: 0.866667
    HumanoidRootPart.CFrame = CFrame.new(0, 0, 0, 1, 0, 0, 0, 1, 0, 0, 0, 1)
    Torso.CFrame = CFrame.new(-0.085586, -0.037523, -0.161, 0.957482, -0.156904, 0.242092, 0.185658, 0.977431, -0.100794, -0.220813, 0.141455, 0.965004)
    Left Leg.CFrame = CFrame.new(-0.798502, 0.320239, -0.444155, 0.93543, -0.126523, -0.330094, 0.288933, 0.811646, 0.507689, 0.203685, -0.570283, 0.795795)
    Right Arm.CFrame = CFrame.new(0.134832, -0.334507, 0.075241, 0.81636, -0.273979, -0.50842, 0.523598, 0.722591, 0.451339, 0.243723, -0.634663, 0.73335)
    Head.CFrame = CFrame.new(0, -0, 0, 0.968917, 0.15278, -0.19457, -0.131428, 0.984235, 0.118357, 0.209585, -0.089106, 0.973722)
    Left Arm.CFrame = CFrame.new(-0.296576, -0.013554, 0.378059, -0.543902, 0.582387, -0.604149, -0.687528, 0.103505, 0.718743, 0.481119, 0.806296, 0.34411)
    Right Leg.CFrame = CFrame.new(-0.231963, -0.219989, -0.057165, 0.667085, -0.066401, -0.742017, -0.307505, 0.882669, -0.355439, 0.678556, 0.465281, 0.568397)

[15]
    Time: 0.933333
    HumanoidRootPart.CFrame = CFrame.new(0, 0, 0, 1, 0, 0, 0, 1, 0, 0, 0, 1)
    Torso.CFrame = CFrame.new(-0.086549, -0.037268, -0.225191, 0.954083, -0.174154, 0.243715, 0.203441, 0.973918, -0.100475, -0.21986, 0.145443, 0.964628)
    Left Leg.CFrame = CFrame.new(-0.817559, 0.391435, -0.435101, 0.954043, -0.152103, -0.258198, 0.269221, 0.813454, 0.51557, 0.131612, -0.561388, 0.81702)
    Right Arm.CFrame = CFrame.new(0.118621, -0.253203, 0.052803, 0.918821, -0.394554, -0.00973, 0.378992, 0.875164, 0.300754, -0.110148, -0.280026, 0.953652)
    Head.CFrame = CFrame.new(0, -0, 0, 0.961317, 0.169998, -0.216728, -0.146041, 0.981696, 0.122251, 0.233544, -0.085871, 0.968547)
    Left Arm.CFrame = CFrame.new(-0.339489, -0.134337, 0.192987, -0.486331, 0.386417, -0.783686, -0.737379, 0.299682, 0.605361, 0.468779, 0.87228, 0.139191)
    Right Leg.CFrame = CFrame.new(-0.099841, -0.220678, 0.077932, 0.706033, 0.005071, -0.708161, -0.376375, 0.849743, -0.369159, 0.599883, 0.527172, 0.601855)

[16]
    Time: 1.033333
    HumanoidRootPart.CFrame = CFrame.new(0, 0, 0, 1, 0, 0, 0, 1, 0, 0, 0, 1)
    Torso.CFrame = CFrame.new(-0.052605, -0.045583, -0.187052, 0.976385, -0.139288, 0.165142, 0.15871, 0.981081, -0.110868, -0.146575, 0.13446, 0.980019)
    Left Leg.CFrame = CFrame.new(-0.721632, 0.359241, -0.144485, 0.980124, -0.196698, -0.025811, 0.194698, 0.928769, 0.315407, -0.038067, -0.314163, 0.948606)
    Right Arm.CFrame = CFrame.new(0.138527, -0.194769, -0.027205, 0.454051, -0.294045, 0.841056, 0.679495, 0.724862, -0.113409, -0.576303, 0.622986, 0.528926)
    Head.CFrame = CFrame.new(0, -0, -0, 0.975958, 0.130561, -0.174528, -0.11156, 0.987127, 0.114606, 0.187244, -0.09238, 0.97796)
    Left Arm.CFrame = CFrame.new(-0.3415, -0.212364, 0.01795, -0.31569, 0.087136, -0.944853, -0.687774, 0.664992, 0.291122, 0.653687, 0.74175, -0.150002)
    Right Leg.CFrame = CFrame.new(0.088427, -0.108682, 0.150839, 0.840335, 0.076489, -0.536643, -0.267855, 0.919279, -0.28841, 0.471265, 0.386103, 0.792991)

[17]
    Time: 1.100000
    HumanoidRootPart.CFrame = CFrame.new(0, 0, 0, 1, 0, 0, 0, 1, 0, 0, 0, 1)
    Torso.CFrame = CFrame.new(-0.019117, -0.051262, -0.104409, 0.99341, -0.083685, 0.078317, 0.092588, 0.988692, -0.117968, -0.067559, 0.124442, 0.989924)
    Left Leg.CFrame = CFrame.new(-0.541226, 0.187164, 0.053532, 0.971503, -0.174369, 0.160551, 0.158521, 0.98156, 0.106821, -0.176217, -0.078326, 0.98123)
    Right Arm.CFrame = CFrame.new(0.236432, -0.247749, -0.18293, -0.134055, -0.213918, 0.96761, 0.899368, 0.38376, 0.209442, -0.416133, 0.898314, 0.140945)
    Head.CFrame = CFrame.new(0, -0, -0, 0.991256, 0.071448, -0.110938, -0.059671, 0.992566, 0.106075, 0.117693, -0.098528, 0.98815)
    Left Arm.CFrame = CFrame.new(-0.193397, -0.209041, -0.008111, 0.009591, 0.101824, -0.994756, -0.506564, 0.858201, 0.082962, 0.862149, 0.503113, 0.059811)
    Right Leg.CFrame = CFrame.new(0.189648, 0.000511, 0.102146, 0.942086, 0.072369, -0.32747, -0.125886, 0.981349, -0.145283, 0.310848, 0.178093, 0.933625)

[18]
    Time: 1.200000
    HumanoidRootPart.CFrame = CFrame.new(0, 0, 0, 1, 0, 0, 0, 1, 0, 0, 0, 1)
    Torso.CFrame = CFrame.new(0.032657, -0.049777, -0.031382, 0.997704, 0.020958, -0.064398, -0.02835, 0.992832, -0.116112, 0.061503, 0.117671, 0.991146)
    Left Leg.CFrame = CFrame.new(-0.187518, -0.098026, 0.104087, 0.917933, -0.030853, 0.395533, 0.108998, 0.978219, -0.176653, -0.381468, 0.205268, 0.901303)
    Right Arm.CFrame = CFrame.new(0.344738, -0.197425, -0.03271, -0.400847, -0.240543, 0.884003, 0.872164, 0.195188, 0.44859, -0.280451, 0.950811, 0.131552)
    Head.CFrame = CFrame.new(0, -0, -0, 0.999276, -0.037379, 0.007147, 0.036487, 0.994394, 0.099239, -0.010816, -0.098907, 0.995038)
    Left Arm.CFrame = CFrame.new(-0.019537, -0.184891, -0.015291, 0.885264, 0.235418, -0.401106, -0.194752, 0.970815, 0.139963, 0.422349, -0.045788, 0.905276)
    Right Leg.CFrame = CFrame.new(0.35566, 0.159967, -0.028212, 0.998897, 0.037472, 0.028295, -0.041225, 0.98836, 0.146442, -0.022478, -0.147447, 0.988815)

[19]
    Time: 1.233333
    HumanoidRootPart.CFrame = CFrame.new(0, 0, 0, 1, 0, 0, 0, 1, 0, 0, 0, 1)
    Torso.CFrame = CFrame.new(0.048124, -0.046453, -0.046459, 0.99278, 0.055129, -0.106526, -0.067068, 0.991447, -0.111956, 0.099443, 0.118293, 0.987987)
    Left Leg.CFrame = CFrame.new(-0.121506, -0.156105, 0.092931, 0.890853, 0.002652, 0.454284, 0.124584, 0.96022, -0.249915, -0.436875, 0.279234, 0.855084)
    Right Arm.CFrame = CFrame.new(0.361246, -0.141291, 0.134426, -0.443472, -0.283144, 0.85039, 0.843314, 0.189538, 0.502889, -0.303571, 0.940162, 0.154724)
    Head.CFrame = CFrame.new(0, -0, 0, 0.996328, -0.072499, 0.045536, 0.067692, 0.992736, 0.099469, -0.052416, -0.096021, 0.993998)
    Left Arm.CFrame = CFrame.new(-0.023791, -0.151261, 0.034097, 0.975207, 0.212909, 0.06034, -0.221109, 0.948625, 0.226322, -0.009055, -0.234052, 0.972182)
    Right Leg.CFrame = CFrame.new(0.447306, 0.220277, -0.089193, 0.991939, 0.051968, 0.115569, -0.078198, 0.968702, 0.235587, -0.099709, -0.242725, 0.964957)

[20]
    Time: 1.333333
    HumanoidRootPart.CFrame = CFrame.new(0, 0, 0, 1, 0, 0, 0, 1, 0, 0, 0, 1)
    Torso.CFrame = CFrame.new(0.07946, -0.034795, -0.167991, 0.972921, 0.133961, -0.188358, -0.154233, 0.983223, -0.097384, 0.172152, 0.123798, 0.97726)
    Left Leg.CFrame = CFrame.new(-0.143797, -0.234939, 0.163014, 0.824344, -0.04682, 0.56415, 0.301636, 0.879645, -0.367751, -0.479033, 0.473321, 0.739253)
    Right Arm.CFrame = CFrame.new(0.376138, -0.024705, 0.481553, -0.504566, -0.367648, 0.781184, 0.777903, 0.198924, 0.596067, -0.374539, 0.90844, 0.185624)
    Head.CFrame = CFrame.new(0, -0, 0, 0.979306, -0.152295, 0.133293, 0.13892, 0.984773, 0.104518, -0.14718, -0.083838, 0.98555)
    Left Arm.CFrame = CFrame.new(-0.10145, -0.019343, 0.300794, 0.701538, 0.135592, 0.699614, -0.41248, 0.877825, 0.243483, -0.581124, -0.459389, 0.671756)
    Right Leg.CFrame = CFrame.new(0.661508, 0.375542, -0.281768, 0.966891, 0.107973, 0.231222, -0.197837, 0.889479, 0.411932, -0.161189, -0.444037, 0.88139)

[21]
    Time: 1.400000
    HumanoidRootPart.CFrame = CFrame.new(0, 0, 0, 1, 0, 0, 0, 1, 0, 0, 0, 1)
    Torso.CFrame = CFrame.new(0.07878, -0.032578, -0.211872, 0.969831, 0.153377, -0.18948, -0.173514, 0.980276, -0.094613, 0.171231, 0.124636, 0.977316)
    Left Leg.CFrame = CFrame.new(-0.175295, -0.225258, 0.215487, 0.803856, -0.078593, 0.589608, 0.35334, 0.860486, -0.367034, -0.478503, 0.503375, 0.719478)
    Right Arm.CFrame = CFrame.new(0.374965, -0.073055, 0.385601, -0.499559, -0.334394, 0.799139, 0.802767, 0.168019, 0.572133, -0.325588, 0.927335, 0.184505)
    Head.CFrame = CFrame.new(0, -0, -0, 0.973334, -0.170511, 0.153452, 0.155251, 0.982112, 0.10655, -0.168875, -0.079885, 0.982395)
    Left Arm.CFrame = CFrame.new(-0.216402, -0.074842, 0.284437, 0.746275, 0.35192, 0.565001, -0.530397, 0.827249, 0.185303, -0.402185, -0.437962, 0.804013)
    Right Leg.CFrame = CFrame.new(0.692897, 0.414668, -0.297664, 0.968641, 0.124994, 0.214736, -0.206459, 0.885744, 0.415731, -0.138238, -0.447029, 0.883774)

[22]
    Time: 1.466667
    HumanoidRootPart.CFrame = CFrame.new(0, 0, 0, 1, 0, 0, 0, 1, 0, 0, 0, 1)
    Torso.CFrame = CFrame.new(0.059601, -0.038157, -0.163065, 0.978147, 0.143738, -0.150229, -0.159891, 0.981894, -0.101586, 0.132907, 0.123386, 0.983418)
    Left Leg.CFrame = CFrame.new(-0.235209, -0.161069, 0.195511, 0.857722, -0.101218, 0.504051, 0.285146, 0.909467, -0.302593, -0.42779, 0.403269, 0.808932)
    Right Arm.CFrame = CFrame.new(0.373252, -0.179425, 0.174508, -0.464481, -0.287818, 0.837507, 0.831578, 0.183449, 0.524237, -0.304524, 0.939951, 0.154134)
    Head.CFrame = CFrame.new(0, -0, 0, 0.977758, -0.158393, 0.137484, 0.144408, 0.983781, 0.106401, -0.152107, -0.08418, 0.984773)
    Left Arm.CFrame = CFrame.new(-0.355361, -0.20273, 0.246746, 0.69837, 0.715622, 0.012837, -0.706144, 0.685973, 0.175505, 0.116789, -0.131632, 0.984395)
    Right Leg.CFrame = CFrame.new(0.617237, 0.361324, -0.178347, 0.984689, 0.11059, 0.134747, -0.148704, 0.936266, 0.318266, -0.090962, -0.333431, 0.938376)

[23]
    Time: 1.566667
    HumanoidRootPart.CFrame = CFrame.new(0, 0, 0, 1, 0, 0, 0, 1, 0, 0, 0, 1)
    Torso.CFrame = CFrame.new(0.012712, -0.054212, -0.043672, 0.99413, 0.097576, -0.046746, -0.102622, 0.987253, -0.121655, 0.03428, 0.125738, 0.991471)
    Left Leg.CFrame = CFrame.new(-0.410143, -0.023613, 0.054942, 0.982433, -0.125885, 0.137766, 0.138042, 0.986981, -0.082545, -0.125582, 0.100112, 0.987019)
    Right Arm.CFrame = CFrame.new(0.364628, -0.320847, -0.10615, -0.405817, -0.269985, 0.873167, 0.608694, 0.632821, 0.47857, -0.681765, 0.725703, -0.092471)
    Head.CFrame = CFrame.new(0, -0, -0, 0.99198, -0.105874, 0.069034, 0.098076, 0.989307, 0.107949, -0.079725, -0.100312, 0.991757)
    Left Arm.CFrame = CFrame.new(-0.531356, -0.403611, 0.187542, -0.190486, 0.555394, -0.809477, -0.781908, 0.412742, 0.467187, 0.593578, 0.721929, 0.355645)
    Right Leg.CFrame = CFrame.new(0.29592, 0.13704, 0.016502, 0.996919, 0.000156, -0.078436, 0.005334, 0.997548, 0.069784, 0.078254, -0.069988, 0.994474)

[24]
    Time: 1.633333
    HumanoidRootPart.CFrame = CFrame.new(0, 0, 0, 1, 0, 0, 0, 1, 0, 0, 0, 1)
    Torso.CFrame = CFrame.new(-0.022463, -0.064149, -0.040382, 0.997792, 0.0561, 0.035564, -0.050865, 0.989665, -0.134076, -0.042718, 0.131971, 0.990333)
    Left Leg.CFrame = CFrame.new(-0.565132, 0.091358, -0.046492, 0.985295, -0.163001, -0.051227, 0.167311, 0.981238, 0.095806, 0.034649, -0.102968, 0.994081)
    Right Arm.CFrame = CFrame.new(0.32334, -0.328249, -0.112524, -0.143175, -0.40477, 0.90314, 0.317791, 0.845416, 0.429279, -0.937289, 0.348471, 0.00759)
    Head.CFrame = CFrame.new(0, -0, -0, 0.998264, -0.058315, 0.008238, 0.057029, 0.992068, 0.112023, -0.014706, -0.111358, 0.993672)
    Left Arm.CFrame = CFrame.new(-0.575418, -0.459109, 0.171186, -0.457681, 0.387373, -0.800294, -0.743052, 0.327651, 0.58354, 0.488265, 0.861735, 0.137879)
    Right Leg.CFrame = CFrame.new(0.093736, -0.002613, 0.04144, 0.968571, -0.060404, -0.241291, 0.03576, 0.993804, -0.105241, 0.246153, 0.093305, 0.964729)

[25]
    Time: 1.733333
    HumanoidRootPart.CFrame = CFrame.new(0, 0, 0, 1, 0, 0, 0, 1, 0, 0, 0, 1)
    Torso.CFrame = CFrame.new(-0.071645, -0.072425, -0.139142, 0.988489, -0.003103, 0.15126, 0.025205, 0.989195, -0.144421, -0.149177, 0.146571, 0.977887)
    Left Leg.CFrame = CFrame.new(-0.761925, 0.273746, -0.238054, 0.95989, -0.212171, -0.183289, 0.264979, 0.900148, 0.345715, 0.091636, -0.380416, 0.920264)
    Right Arm.CFrame = CFrame.new(0.138517, -0.269614, 0.086548, 0.907198, -0.409064, 0.098277, 0.311501, 0.810141, 0.496627, -0.282771, -0.419926, 0.862382)
    Head.CFrame = CFrame.new(0, -0, 0, 0.996783, 0.011695, -0.079296, -0.001912, 0.992487, 0.122334, 0.080131, -0.121789, 0.989316)
    Left Arm.CFrame = CFrame.new(-0.31144, -0.164883, 0.385435, -0.324335, 0.686975, -0.650286, -0.660678, 0.327478, 0.675472, 0.676987, 0.648709, 0.347657)
    Right Leg.CFrame = CFrame.new(0.05397, -0.120927, 0.074179, 0.901375, -0.019042, -0.43262, -0.130189, 0.940899, -0.312666, 0.413006, 0.338152, 0.845624)

[26]
    Time: 1.833333
    HumanoidRootPart.CFrame = CFrame.new(0, 0, 0, 1, 0, 0, 0, 1, 0, 0, 0, 1)
    Torso.CFrame = CFrame.new(-0.103364, -0.0739, -0.23912, 0.974219, -0.037807, 0.222415, 0.071682, 0.986645, -0.146266, -0.213915, 0.158438, 0.963918)
    Left Leg.CFrame = CFrame.new(-0.829977, 0.382771, -0.368359, 0.953953, -0.228936, -0.193811, 0.296857, 0.813216, 0.500555, 0.043015, -0.53504, 0.843731)
    Right Arm.CFrame = CFrame.new(0.017632, -0.227732, 0.228742, 0.787407, -0.102878, -0.607788, 0.424867, 0.804951, 0.414176, 0.44663, -0.584354, 0.677534)
    Head.CFrame = CFrame.new(0, 0, 0, 0.989791, 0.054499, -0.131698, -0.037107, 0.990677, 0.131081, 0.137614, -0.124856, 0.982585)
    Left Arm.CFrame = CFrame.new(-0.196914, -0.046881, 0.477165, -0.238813, 0.753404, -0.612658, -0.620455, 0.366947, 0.693099, 0.746997, 0.545648, 0.379822)
    Right Leg.CFrame = CFrame.new(0.072709, -0.194963, 0.113487, 0.853005, 0.019288, -0.521546, -0.274736, 0.866243, -0.417304, 0.443737, 0.49925, 0.744209)

[27]
    Time: 1.900000
    HumanoidRootPart.CFrame = CFrame.new(0, 0, 0, 1, 0, 0, 0, 1, 0, 0, 0, 1)
    Torso.CFrame = CFrame.new(-0.101438, -0.073634, -0.238634, 0.974436, -0.03837, 0.221366, 0.072003, 0.986671, -0.145932, -0.212816, 0.15814, 0.96421)
    Left Leg.CFrame = CFrame.new(-0.824759, 0.387389, -0.354665, 0.956547, -0.230366, -0.178746, 0.289812, 0.818546, 0.495975, 0.032056, -0.526226, 0.849741)
    Right Arm.CFrame = CFrame.new(0.071174, -0.228401, 0.214984, 0.833942, -0.239233, -0.497301, 0.467078, 0.785916, 0.405185, 0.293903, -0.570179, 0.767149)
    Head.CFrame = CFrame.new(0, 0, 0, 0.989863, 0.054799, -0.131031, -0.037494, 0.990664, 0.131066, 0.13699, -0.124825, 0.982676)
    Left Arm.CFrame = CFrame.new(-0.365419, -0.265659, 0.31468, -0.340599, 0.516008, -0.785957, -0.674883, 0.447843, 0.586489, 0.654619, 0.730186, 0.19571)
    Right Leg.CFrame = CFrame.new(0.077974, -0.192078, 0.11499, 0.855996, 0.021319, -0.516542, -0.272232, 0.867991, -0.415309, 0.4395, 0.496122, 0.748801)

[28]
    Time: 1.966667
    HumanoidRootPart.CFrame = CFrame.new(0, 0, 0, 1, 0, 0, 0, 1, 0, 0, 0, 1)
    Torso.CFrame = CFrame.new(-0.066819, -0.071316, -0.175101, 0.985367, -0.023251, 0.168856, 0.047837, 0.988561, -0.143036, -0.163598, 0.14902, 0.975207)
    Left Leg.CFrame = CFrame.new(-0.750283, 0.333924, -0.190528, 0.970425, -0.227736, -0.080075, 0.241182, 0.900456, 0.361955, -0.010326, -0.370562, 0.92875)
    Right Arm.CFrame = CFrame.new(0.20226, -0.23308, 0.175497, 0.798134, -0.589609, -0.123871, 0.582944, 0.703821, 0.405972, -0.152182, -0.39623, 0.905452)
    Head.CFrame = CFrame.new(0, -0, -0, 0.994758, 0.032828, -0.096847, -0.020484, 0.991843, 0.125811, 0.100187, -0.123167, 0.987316)
    Left Arm.CFrame = CFrame.new(-0.542835, -0.407221, 0.078469, -0.458749, 0.235529, -0.856782, -0.73884, 0.434549, 0.515056, 0.493625, 0.869306, -0.025331)
    Right Leg.CFrame = CFrame.new(0.113606, -0.120419, 0.104293, 0.904231, 0.018623, -0.426638, -0.175302, 0.92718, -0.33107, 0.389405, 0.374154, 0.841649)

[29]
    Time: 2.066667
    HumanoidRootPart.CFrame = CFrame.new(0, 0, 0, 1, 0, 0, 0, 1, 0, 0, 0, 1)
    Torso.CFrame = CFrame.new(0.027454, -0.059979, -0.056539, 0.999613, 0.019119, 0.020203, -0.01636, 0.991527, -0.128864, -0.022495, 0.128484, 0.991456)
    Left Leg.CFrame = CFrame.new(-0.436137, 0.054988, 0.087929, 0.965154, -0.156345, 0.209841, 0.161173, 0.986908, -0.006, -0.206155, 0.039612, 0.977717)
    Right Arm.CFrame = CFrame.new(0.447355, -0.256392, 0.073877, 0.033405, -0.802403, 0.595847, 0.713182, 0.436805, 0.548245, -0.700183, 0.406633, 0.58685)
    Head.CFrame = CFrame.new(0, -0, -0, 0.999665, -0.025505, -0.004488, 0.025851, 0.993066, 0.114679, 0.001532, -0.114757, 0.993393)
    Left Arm.CFrame = CFrame.new(-0.631984, -0.372121, -0.165843, -0.735309, 0.051684, -0.675758, -0.67512, 0.031596, 0.737031, 0.059444, 0.998164, 0.01166)
    Right Leg.CFrame = CFrame.new(0.250502, 0.070736, 0.034608, 0.993035, 0.010118, -0.117382, -0.012528, 0.999725, -0.019809, 0.11715, 0.021142, 0.992889)

[30]
    Time: 2.100000
    HumanoidRootPart.CFrame = CFrame.new(0, 0, 0, 1, 0, 0, 0, 1, 0, 0, 0, 1)
    Torso.CFrame = CFrame.new(0.063346, -0.053551, -0.033439, 0.998658, 0.036307, -0.036946, -0.040529, 0.991846, -0.120828, 0.032257, 0.122164, 0.991986)
    Left Leg.CFrame = CFrame.new(-0.28414, -0.065529, 0.104192, 0.94351, -0.10604, 0.313919, 0.152328, 0.98017, -0.126738, -0.294255, 0.167397, 0.940953)
    Right Arm.CFrame = CFrame.new(0.519822, -0.270513, 0.030038, -0.258873, -0.678145, 0.687826, 0.708871, 0.350326, 0.612188, -0.656115, 0.646059, 0.390027)
    Head.CFrame = CFrame.new(0, -0, 0, 0.998361, -0.047812, 0.031459, 0.044031, 0.992785, 0.111533, -0.036565, -0.109965, 0.993263)
    Left Arm.CFrame = CFrame.new(-0.571519, -0.403839, -0.149973, -0.708262, 0.032734, -0.70519, -0.69198, -0.229932, 0.684321, -0.139745, 0.972656, 0.185503)
    Right Leg.CFrame = CFrame.new(0.315479, 0.137528, -0.016365, 0.999894, 0.008179, 0.012042, -0.00951, 0.993328, 0.114931, -0.011022, -0.115034, 0.9933)

[31]
    Time: 2.200000
    HumanoidRootPart.CFrame = CFrame.new(0, 0, 0, 1, 0, 0, 0, 1, 0, 0, 0, 1)
    Torso.CFrame = CFrame.new(0.158938, -0.030144, -0.072806, 0.979072, 0.087065, -0.18395, -0.105261, 0.99022, -0.091569, 0.174179, 0.109016, 0.978661)
    Left Leg.CFrame = CFrame.new(0.063956, -0.283755, -0.027251, 0.840654, 0.06591, 0.537548, 0.176228, 0.905257, -0.386592, -0.512099, 0.419721, 0.749392)
    Right Arm.CFrame = CFrame.new(0.631984, -0.338948, -0.126689, -0.704185, -0.20509, 0.679751, 0.67693, 0.094922, 0.729902, -0.214219, 0.974129, 0.071989)
    Head.CFrame = CFrame.new(0, -0, -0, 0.985008, -0.109713, 0.133125, 0.095882, 0.98971, 0.106208, -0.143407, -0.091852, 0.985392)
    Left Arm.CFrame = CFrame.new(-0.597115, -0.620718, -0.03864, -0.346916, 0.257343, -0.9019, -0.911701, 0.133153, 0.388679, 0.220115, 0.957102, 0.188427)
    Right Leg.CFrame = CFrame.new(0.547155, 0.289267, -0.245513, 0.957252, 0.050964, 0.28473, -0.17807, 0.879549, 0.441231, -0.227947, -0.473071, 0.851025)

[32]
    Time: 2.266667
    HumanoidRootPart.CFrame = CFrame.new(0, 0, 0, 1, 0, 0, 0, 1, 0, 0, 0, 1)
    Torso.CFrame = CFrame.new(0.194569, -0.01753, -0.157356, 0.965441, 0.112283, -0.235196, -0.133392, 0.98816, -0.075802, 0.2239, 0.104556, 0.968988)
    Left Leg.CFrame = CFrame.new(0.013653, -0.341242, 0.00783, 0.807504, 0.041289, 0.588415, 0.295792, 0.834714, -0.464499, -0.510337, 0.549133, 0.661822)
    Right Arm.CFrame = CFrame.new(0.542406, -0.427965, -0.149973, -0.708262, -0.032734, 0.70519, 0.69198, -0.229932, 0.684321, 0.139745, 0.972656, 0.185503)
    Head.CFrame = CFrame.new(0, -0, 0, 0.9738, -0.138071, 0.180691, 0.120368, 0.9871, 0.105567, -0.192936, -0.081052, 0.977858)
    Left Arm.CFrame = CFrame.new(-0.58204, -0.631877, 0.00344, -0.28851, 0.240115, -0.92688, -0.898745, 0.265911, 0.348639, 0.330182, 0.933614, 0.139084)
    Right Leg.CFrame = CFrame.new(0.659711, 0.341821, -0.379721, 0.93784, 0.094825, 0.333862, -0.275154, 0.789437, 0.548707, -0.211532, -0.606463, 0.766458)

[33]
    Time: 2.366667
    HumanoidRootPart.CFrame = CFrame.new(0, 0, 0, 1, 0, 0, 0, 1, 0, 0, 0, 1)
    Torso.CFrame = CFrame.new(0.182195, -0.015615, -0.227748, 0.96899, 0.119618, -0.216218, -0.138304, 0.987666, -0.073409, 0.20477, 0.101036, 0.973582)
    Left Leg.CFrame = CFrame.new(-0.187835, -0.305929, 0.148833, 0.845254, -0.073441, 0.529294, 0.355037, 0.81746, -0.45355, -0.399368, 0.571284, 0.717036)
    Right Arm.CFrame = CFrame.new(0.597115, -0.623976, -0.03864, -0.346916, -0.257344, 0.9019, 0.911701, 0.133153, 0.388679, -0.220115, 0.957102, 0.188428)
    Head.CFrame = CFrame.new(0, -0, 0, 0.970467, -0.144488, 0.193178, 0.125943, 0.986452, 0.105122, -0.205749, -0.077688, 0.975516)
    Left Arm.CFrame = CFrame.new(-0.577725, -0.457208, 0.019997, -0.485748, 0.096052, -0.868806, -0.873454, -0.091532, 0.478227, -0.033589, 0.991159, 0.128358)
    Right Leg.CFrame = CFrame.new(0.72878, 0.381855, -0.406506, 0.939532, 0.148968, 0.308365, -0.299091, 0.795519, 0.526967, -0.166809, -0.587331, 0.79197)

[34]
    Time: 2.433333
    HumanoidRootPart.CFrame = CFrame.new(0, 0, 0, 1, 0, 0, 0, 1, 0, 0, 0, 1)
    Torso.CFrame = CFrame.new(0.139282, -0.024757, -0.18104, 0.984916, 0.089572, -0.148045, -0.102884, 0.991069, -0.084836, 0.139124, 0.098788, 0.985335)
    Left Leg.CFrame = CFrame.new(-0.322713, -0.182068, 0.165795, 0.910382, -0.126277, 0.394028, 0.275576, 0.895395, -0.34975, -0.308646, 0.426991, 0.849951)
    Right Arm.CFrame = CFrame.new(0.58204, -0.631877, 0.00344, -0.28851, -0.240115, 0.92688, 0.898745, 0.265912, 0.348639, -0.330182, 0.933614, 0.139084)
    Head.CFrame = CFrame.new(0, -0, -0, 0.98215, -0.112391, 0.150831, 0.097682, 0.990014, 0.101638, -0.160749, -0.08509, 0.983321)
    Left Arm.CFrame = CFrame.new(-0.618447, -0.447978, 0.018869, -0.501548, 0.210594, -0.839107, -0.84255, -0.339053, 0.418512, -0.196365, 0.916893, 0.347488)
    Right Leg.CFrame = CFrame.new(0.633729, 0.362083, -0.183684, 0.97843, 0.169872, 0.117547, -0.201898, 0.906775, 0.37013, -0.043714, -0.385879, 0.921513)

[35]
    Time: 2.500000
    HumanoidRootPart.CFrame = CFrame.new(0, 0, 0, 1, 0, 0, 0, 1, 0, 0, 0, 1)
    Torso.CFrame = CFrame.new(0.082824, -0.035261, -0.097439, 0.997945, 0.037376, -0.052054, -0.042349, 0.994288, -0.097966, 0.048095, 0.099969, 0.993828)
    Left Leg.CFrame = CFrame.new(-0.453802, -0.030298, 0.089984, 0.972784, -0.14827, 0.178066, 0.176599, 0.971926, -0.155477, -0.150014, 0.182691, 0.971658)
    Right Arm.CFrame = CFrame.new(0.549867, -0.525774, 0.016192, -0.436695, -0.080113, 0.896035, 0.894633, 0.06595, 0.441908, -0.094496, 0.994602, 0.042871)
    Head.CFrame = CFrame.new(0, -0, -1e-06, 0.995273, -0.05729, 0.078422, 0.04945, 0.993907, 0.098507, -0.083588, -0.094163, 0.992042)
    Left Arm.CFrame = CFrame.new(-0.628883, -0.60897, 0.002656, -0.441079, 0.172632, -0.880709, -0.897216, -0.06154, 0.437283, 0.02129, 0.983062, 0.182032)
    Right Leg.CFrame = CFrame.new(0.345791, 0.20254, 0.063425, 0.971493, 0.117115, -0.206118, -0.094016, 0.988489, 0.118533, 0.217628, -0.095775, 0.971321)

[36]
    Time: 2.566667
    HumanoidRootPart.CFrame = CFrame.new(0, 0, 0, 1, 0, 0, 0, 1, 0, 0, 0, 1)
    Torso.CFrame = CFrame.new(0.022811, -0.041763, -0.034569, 0.998185, -0.025818, 0.054408, 0.031489, 0.993857, -0.106094, -0.051334, 0.107614, 0.992867)
    Left Leg.CFrame = CFrame.new(-0.567496, 0.099087, -0.05393, 0.98846, -0.135893, -0.066936, 0.14151, 0.986027, 0.087896, 0.054057, -0.096353, 0.993878)
    Right Arm.CFrame = CFrame.new(0.603595, -0.432666, 0.021442, -0.499105, -0.167673, 0.850165, 0.853924, -0.261984, 0.449643, 0.147336, 0.950395, 0.273937)
    Head.CFrame = CFrame.new(0, -0, 0, 0.999901, 0.010136, -0.009722, -0.009119, 0.995003, 0.099426, 0.010682, -0.099327, 0.994998)
    Left Arm.CFrame = CFrame.new(-0.624986, -0.633694, -0.018704, -0.395034, 0.121549, -0.91059, -0.88369, 0.220629, 0.412814, 0.25108, 0.967754, 0.020255)
    Right Leg.CFrame = CFrame.new(-0.078379, -0.02731, 0.033876, 0.863558, -0.034648, -0.503058, -0.025394, 0.993382, -0.112011, 0.50361, 0.109503, 0.856963)

[37]
    Time: 2.633333
    HumanoidRootPart.CFrame = CFrame.new(0, 0, 0, 1, 0, 0, 0, 1, 0, 0, 0, 1)
    Torso.CFrame = CFrame.new(-0.03242, -0.042325, -0.042819, 0.984458, -0.08809, 0.15193, 0.104954, 0.988726, -0.106796, -0.14081, 0.121082, 0.982605)
    Left Leg.CFrame = CFrame.new(-0.681337, 0.200273, -0.230246, 0.959043, -0.124248, -0.254558, 0.202144, 0.929738, 0.307774, 0.198432, -0.346625, 0.916775)
    Right Arm.CFrame = CFrame.new(0.626073, -0.506276, 0.009761, -0.482513, -0.201735, 0.85234, 0.866191, -0.25431, 0.430163, 0.129979, 0.945849, 0.297449)
    Head.CFrame = CFrame.new(0, -0, 0, 0.992195, 0.077685, -0.097535, -0.067311, 0.99214, 0.105487, 0.104963, -0.098099, 0.989626)
    Left Arm.CFrame = CFrame.new(-0.602501, -0.506824, -0.036221, -0.4464, 0.169038, -0.878722, -0.881849, 0.08358, 0.464066, 0.151888, 0.982059, 0.111756)
    Right Leg.CFrame = CFrame.new(-0.335172, -0.126797, -0.151285, 0.723798, -0.134625, -0.676751, -0.057019, 0.965758, -0.2531, 0.687652, 0.221781, 0.691338)

[38]
    Time: 2.733333
    HumanoidRootPart.CFrame = CFrame.new(0, 0, 0, 1, 0, 0, 0, 1, 0, 0, 0, 1)
    Torso.CFrame = CFrame.new(-0.085586, -0.037523, -0.161, 0.957482, -0.156904, 0.242092, 0.185658, 0.977431, -0.100794, -0.220813, 0.141455, 0.965004)
    Left Leg.CFrame = CFrame.new(-0.798502, 0.320239, -0.444155, 0.93543, -0.126523, -0.330094, 0.288933, 0.811646, 0.507689, 0.203685, -0.570283, 0.795795)
    Right Arm.CFrame = CFrame.new(0.625799, -0.633694, -0.012285, -0.395034, -0.121549, 0.91059, 0.88369, 0.22063, 0.412814, -0.25108, 0.967754, 0.020255)
    Head.CFrame = CFrame.new(0, -0, 0, 0.968917, 0.15278, -0.19457, -0.131428, 0.984235, 0.118357, 0.209585, -0.089106, 0.973722)
    Left Arm.CFrame = CFrame.new(-0.589872, -0.439601, -0.03688, -0.544085, 0.226475, -0.807887, -0.83857, -0.178668, 0.514663, -0.027785, 0.95749, 0.287126)
    Right Leg.CFrame = CFrame.new(-0.265351, -0.203298, -0.09378, 0.6644, -0.085913, -0.742423, -0.280525, 0.892073, -0.354275, 0.692733, 0.443649, 0.568592)

[39]
    Time: 2.800000
    HumanoidRootPart.CFrame = CFrame.new(0, 0, 0, 1, 0, 0, 0, 1, 0, 0, 0, 1)
    Torso.CFrame = CFrame.new(-0.086549, -0.037268, -0.225191, 0.954083, -0.174154, 0.243715, 0.203441, 0.973918, -0.100475, -0.21986, 0.145443, 0.964628)
    Left Leg.CFrame = CFrame.new(-0.817559, 0.391435, -0.435101, 0.954043, -0.152103, -0.258198, 0.269221, 0.813454, 0.51557, 0.131612, -0.561388, 0.81702)
    Right Arm.CFrame = CFrame.new(0.606157, -0.506824, -0.018664, -0.408649, -0.162364, 0.898134, 0.891938, 0.137617, 0.430708, -0.193529, 0.977087, 0.088582)
    Head.CFrame = CFrame.new(0, -0, 0, 0.961317, 0.169998, -0.216728, -0.146041, 0.981696, 0.122251, 0.233544, -0.085871, 0.968547)
    Left Arm.CFrame = CFrame.new(-0.600909, -0.509487, 0.000979, -0.519464, 0.191099, -0.83285, -0.849796, -0.01349, 0.526939, 0.089463, 0.981478, 0.169403)
    Right Leg.CFrame = CFrame.new(-0.099841, -0.220678, 0.077932, 0.706033, 0.005071, -0.708161, -0.376375, 0.849743, -0.369159, 0.599883, 0.527172, 0.601855)

[40]
    Time: 2.933333
    HumanoidRootPart.CFrame = CFrame.new(0, 0, 0, 1, 0, 0, 0, 1, 0, 0, 0, 1)
    Torso.CFrame = CFrame.new(-0.03637, -0.048851, -0.146826, 0.985727, -0.113898, 0.123975, 0.128278, 0.985053, -0.114954, -0.109029, 0.129217, 0.985604)
    Left Leg.CFrame = CFrame.new(-0.642592, 0.284275, -0.03211, 0.978689, -0.193581, 0.068516, 0.175263, 0.961306, 0.21254, -0.107009, -0.196002, 0.974747)
