[1]
    Time: 0.000000
    HumanoidRootPart.CFrame = CFrame.new(0, 0, 0, 1, 0, 0, 0, 1, 0, 0, 0, 1)
    Torso.CFrame = CFrame.new(-0.0809893, 0, -0.233302, 0.994705, 0, -0.10277, 0, 1, 0, 0.10277, 0, 0.994705)
    Left Leg.CFrame = CFrame.new(-0.00677299, 0.585573, -0.11522, 0.758488, 0.481006, 0.439692, -0.622565, 0.734255, 0.270706, -0.192635, -0.479064, 0.856382)
    Right Leg.CFrame = CFrame.new(0.378045, 0.303419, 0.111501, 0.906048, 0.256319, -0.336716, -0.207505, 0.962567, 0.174374, 0.368807, -0.0881213, 0.925319)
    Left Arm.CFrame = CFrame.new(-0.484705, 0.0585993, -0.412985, -0.0352739, 0.0669454, -0.997133, -0.520303, 0.850636, 0.0755158, 0.853253, 0.521475, 0.00482657)
    Right Arm.CFrame = CFrame.new(0.319435, 0.544588, -0.279294, -0.922627, -0.341914, 0.17848, 0.382457, -0.751197, 0.537988, -0.0498721, 0.564622, 0.823841)
    Head.CFrame = CFrame.new(6.14673e-08, 3.9968e-15, 0.0182943, 0.998255, -6.26253e-08, 0.0590444, 6.1897e-08, 1, 1.41644e-08, -0.0590444, -1.0485e-08, 0.998255)

[2]
    Time: 0.033000
    HumanoidRootPart.CFrame = CFrame.new(0, 0, 0, 1, 0, 0, 0, 1, 0, 0, 0, 1)
    Torso.CFrame = CFrame.new(-0.0730108, 0, -0.310526, 0.994705, 0, -0.10277, 0, 1, 0, 0.10277, 0, 0.994705)
    Left Leg.CFrame = CFrame.new(0.11497, 0.440518, -0.135354, 0.646981, 0.593925, 0.478193, -0.754672, 0.58843, 0.290208, -0.109021, -0.548637, 0.828922)
    Right Leg.CFrame = CFrame.new(0.442784, 0.366323, 0.132936, 0.88839, 0.295341, -0.351477, -0.245055, 0.952473, 0.180951, 0.388215, -0.0746237, 0.918543)
    Left Arm.CFrame = CFrame.new(-0.478263, 0.0251054, -0.417951, -0.0558536, 0.0621806, -0.996501, -0.552663, 0.829289, 0.0827234, 0.831531, 0.55535, -0.0119538)
    Right Arm.CFrame = CFrame.new(0.280628, 0.574433, -0.279791, -0.927929, -0.329667, 0.173976, 0.368959, -0.745832, 0.554621, -0.0530834, 0.578839, 0.813712)
    Head.CFrame = CFrame.new(8.9407e-08, 3.10862e-15, 0.0182946, 0.998367, -6.26059e-08, 0.0571206, 6.1924e-08, 1, 1.37085e-08, -0.0571206, -1.0149e-08, 0.998367)

[3]
    Time: 0.067000
    HumanoidRootPart.CFrame = CFrame.new(0, 0, 0, 1, 0, 0, 0, 1, 0, 0, 0, 1)
    Torso.CFrame = CFrame.new(-0.0559379, 0, -0.475774, 0.994705, 0, -0.10277, 0, 1, 0, 0.10277, 0, 0.994705)
    Left Leg.CFrame = CFrame.new(0.318693, 0.128951, -0.151219, 0.380587, 0.736735, 0.558906, -0.921781, 0.253882, 0.293026, 0.0739861, -0.62671, 0.775732)
    Right Leg.CFrame = CFrame.new(0.524229, 0.513243, 0.162679, 0.852163, 0.350466, -0.388576, -0.29496, 0.935083, 0.196514, 0.432223, -0.0528472, 0.900217)
    Left Arm.CFrame = CFrame.new(-0.461917, -0.0457566, -0.426249, -0.0997341, 0.0489979, -0.993807, -0.618335, 0.779464, 0.100483, 0.77956, 0.624528, -0.0474421)
    Right Arm.CFrame = CFrame.new(0.197199, 0.638288, -0.280649, -0.940485, -0.301491, 0.156813, 0.333936, -0.734294, 0.591015, -0.0630384, 0.608206, 0.791272)
    Head.CFrame = CFrame.new(7.45058e-08, 3.9968e-15, 0.018294, 0.998692, -6.25494e-08, 0.0511273, 6.20022e-08, 1, 1.22875e-08, -0.0511273, -9.10142e-09, 0.998692)

[4]
    Time: 0.100000
    HumanoidRootPart.CFrame = CFrame.new(0, 0, 0, 1, 0, 0, 0, 1, 0, 0, 0, 1)
    Torso.CFrame = CFrame.new(-0.0479595, 0, -0.552998, 0.994705, 0, -0.10277, 0, 1, 0, 0.10277, 0, 0.994705)
    Left Leg.CFrame = CFrame.new(0.337296, 0.123734, -0.1654, 0.307582, 0.74373, 0.593514, -0.943716, 0.158708, 0.290194, 0.121631, -0.649367, 0.750685)
    Right Leg.CFrame = CFrame.new(0.535006, 0.599538, 0.172524, 0.832473, 0.36528, -0.416604, -0.30597, 0.929935, 0.203969, 0.461921, -0.0423306, 0.885911)
    Left Arm.CFrame = CFrame.new(-0.448746, -0.0785901, -0.425321, -0.121185, 0.040994, -0.991783, -0.646694, 0.754745, 0.110216, 0.753061, 0.654737, -0.0649536)
    Right Arm.CFrame = CFrame.new(0.157169, 0.668617, -0.28076, -0.950167, -0.283006, 0.130734, 0.301975, -0.731403, 0.611442, -0.0774225, 0.62045, 0.780415)
    Head.CFrame = CFrame.new(5.7742e-08, 2.66454e-15, 0.0182939, 0.999139, -6.24713e-08, 0.0414797, 6.211e-08, 1, 9.99824e-09, -0.0414797, -7.41334e-09, 0.999139)

[5]
    Time: 0.133000
    HumanoidRootPart.CFrame = CFrame.new(0, 0, 0, 1, 0, 0, 0, 1, 0, 0, 0, 1)
    Torso.CFrame = CFrame.new(-0.049916, 0, -0.503007, 0.99519, 0, -0.0979606, 0, 1, 0, 0.0979606, 0, 0.99519)
    Left Leg.CFrame = CFrame.new(0.331237, 0.108641, -0.153583, 0.279619, 0.765233, 0.579855, -0.953392, 0.149975, 0.261824, 0.113393, -0.62604, 0.771503)
    Right Leg.CFrame = CFrame.new(0.522534, 0.572164, 0.18324, 0.832466, 0.360137, -0.421072, -0.306153, 0.932382, 0.192185, 0.461813, -0.0310749, 0.886433)
    Left Arm.CFrame = CFrame.new(-0.439785, -0.0726815, -0.416797, -0.120255, 0.0371137, -0.992049, -0.64061, 0.7605, 0.106105, 0.758391, 0.648276, -0.0676787)
    Right Arm.CFrame = CFrame.new(0.160217, 0.666672, -0.280772, -0.956126, -0.276665, 0.0963331, 0.27577, -0.739008, 0.614669, -0.0988666, 0.614266, 0.782881)
    Head.CFrame = CFrame.new(8.9407e-08, 4.88498e-15, 0.0182944, 0.999399, -6.25396e-08, 0.0346639, 6.22872e-08, 1, 8.36286e-09, -0.0346639, -6.19873e-09, 0.999399)

[6]
    Time: 0.167000
    HumanoidRootPart.CFrame = CFrame.new(0, 0, 0, 1, 0, 0, 0, 1, 0, 0, 0, 1)
    Torso.CFrame = CFrame.new(-0.0543161, 0, -0.369646, 0.996356, 0, -0.0852936, 0, 1, 0, 0.0852936, 0, 0.996356)
    Left Leg.CFrame = CFrame.new(0.242645, 0.490779, -0.151259, 0.429738, 0.729168, 0.532579, -0.894884, 0.422605, 0.143483, -0.120447, -0.538256, 0.83413)
    Right Leg.CFrame = CFrame.new(0.490624, 0.472871, 0.190939, 0.845676, 0.340086, -0.411307, -0.298177, 0.940252, 0.164367, 0.442631, -0.0163589, 0.896555)
    Left Arm.CFrame = CFrame.new(-0.429625, -0.0551987, -0.404998, -0.113097, 0.0275136, -0.993203, -0.624171, 0.775785, 0.0925654, 0.773058, 0.630398, -0.0705655)
    Right Arm.CFrame = CFrame.new(0.172739, 0.658723, -0.281418, -0.960389, -0.274262, 0.0493353, 0.246165, -0.752011, 0.611459, -0.130599, 0.599383, 0.789737)
    Head.CFrame = CFrame.new(1.3411e-07, 2.22045e-15, 0.0182945, 0.999356, -6.28217e-08, 0.0358954, 6.25526e-08, 1, 8.61915e-09, -0.0358954, -6.36825e-09, 0.999356)

[7]
    Time: 0.200000
    HumanoidRootPart.CFrame = CFrame.new(0, 0, 0, 1, 0, 0, 0, 1, 0, 0, 0, 1)
    Torso.CFrame = CFrame.new(-0.0569382, 0, -0.238246, 0.99732, 0, -0.0731687, 0, 1, 0, 0.0731687, 0, 0.99732)
    Left Leg.CFrame = CFrame.new(0.261734, 0.876123, -0.115118, 0.620988, 0.609396, 0.492961, -0.713757, 0.699551, 0.0343458, -0.323921, -0.373182, 0.869373)
    Right Leg.CFrame = CFrame.new(0.446858, 0.393436, 0.191087, 0.856165, 0.316104, -0.408729, -0.283486, 0.948717, 0.139902, 0.431992, -0.00391054, 0.901869)
    Left Arm.CFrame = CFrame.new(-0.419513, -0.0298625, -0.390624, -0.101138, 0.0140697, -0.994773, -0.600019, 0.796714, 0.0722717, 0.793567, 0.604192, -0.0721358)
    Right Arm.CFrame = CFrame.new(0.192789, 0.64565, -0.282226, -0.961578, -0.274513, -0.00331851, 0.217447, -0.768952, 0.60119, -0.167586, 0.57737, 0.799099)
    Head.CFrame = CFrame.new(9.12696e-08, 2.22045e-15, 0.0182942, 0.999269, -6.30643e-08, 0.0382255, 6.27605e-08, 1, 9.14769e-09, -0.0382255, -6.74196e-09, 0.999269)

[8]
    Time: 0.233000
    HumanoidRootPart.CFrame = CFrame.new(0, 0, 0, 1, 0, 0, 0, 1, 0, 0, 0, 1)
    Torso.CFrame = CFrame.new(-0.0597331, 0, -0.104633, 0.997841, 0, -0.0656741, 0, 1, 0, 0.0656741, 0, 0.997841)
    Left Leg.CFrame = CFrame.new(0.1798, 1.13341, -0.083851, 0.813283, 0.315083, 0.489176, -0.380739, 0.923905, 0.037904, -0.44001, -0.217075, 0.871361)
    Right Leg.CFrame = CFrame.new(0.448563, 0.389318, 0.202054, 0.852602, 0.318748, -0.414089, -0.293032, 0.94774, 0.126183, 0.432669, 0.0137576, 0.901448)
    Left Arm.CFrame = CFrame.new(-0.411257, -0.00434226, -0.375535, -0.087577, 0.000823439, -0.996157, -0.574775, 0.816708, 0.0512063, 0.813612, 0.577051, -0.0710516)
    Right Arm.CFrame = CFrame.new(0.21556, 0.630176, -0.282514, -0.959983, -0.275539, -0.0501105, 0.195162, -0.786507, 0.585934, -0.20086, 0.552707, 0.808808)
    Head.CFrame = CFrame.new(7.63685e-08, 5.32907e-15, 0.0182943, 0.999189, -6.32018e-08, 0.0402773, 6.28651e-08, 1, 9.62395e-09, -0.0402773, -7.08411e-09, 0.999189)

[9]
    Time: 0.267000
    HumanoidRootPart.CFrame = CFrame.new(0, 0, 0, 1, 0, 0, 0, 1, 0, 0, 0, 1)
    Torso.CFrame = CFrame.new(-0.0612191, 0, 0.0336342, 0.998278, 0, -0.0586697, 0, 1, 0, 0.0586697, 0, 0.998278)
    Left Leg.CFrame = CFrame.new(-0.488031, 0.896161, 0.235078, 0.791896, -0.360406, 0.492959, 0.355156, 0.928511, 0.108313, -0.496755, 0.0893048, 0.863284)
    Right Leg.CFrame = CFrame.new(0.510438, 0.482406, 0.228897, 0.834468, 0.354113, -0.422218, -0.336293, 0.934224, 0.118883, 0.436544, 0.0427847, 0.898665)
    Left Arm.CFrame = CFrame.new(-0.406273, 0.0134728, -0.361898, -0.075714, -0.00784433, -0.997099, -0.556181, 0.830294, 0.0357011, 0.827605, 0.55727, -0.0672279)
    Right Arm.CFrame = CFrame.new(0.235718, 0.61564, -0.281776, -0.957703, -0.276083, -0.0811346, 0.182732, -0.801295, 0.569681, -0.222292, 0.530759, 0.817852)
    Head.CFrame = CFrame.new(1.04308e-07, 7.10543e-15, 0.0182943, 0.999117, -6.33176e-08, 0.0420063, 6.29519e-08, 1, 1.00268e-08, -0.0420063, -7.37361e-09, 0.999117)

[10]
    Time: 0.300000
    HumanoidRootPart.CFrame = CFrame.new(0, 0, 0, 1, 0, 0, 0, 1, 0, 0, 0, 1)
    Torso.CFrame = CFrame.new(-0.0532256, 0, 0.0863485, 0.998969, 0, -0.0454042, 0, 1, 0, 0.0454042, 0, 0.998969)
    Left Leg.CFrame = CFrame.new(-0.655114, 0.435206, 0.373263, 0.651498, -0.579767, 0.489307, 0.601011, 0.788017, 0.133473, -0.462965, 0.207121, 0.861838)
    Right Leg.CFrame = CFrame.new(0.544822, 0.63431, 0.244978, 0.817326, 0.376757, -0.435927, -0.366953, 0.923678, 0.110299, 0.444212, 0.0698146, 0.893197)
    Left Arm.CFrame = CFrame.new(-0.404931, 0.0194936, -0.350996, -0.0673593, -0.00956258, -0.997683, -0.548761, 0.835475, 0.0290421, 0.833261, 0.549446, -0.0615246)
    Right Arm.CFrame = CFrame.new(0.250133, 0.604245, -0.279888, -0.956712, -0.275854, -0.0927757, 0.180152, -0.811671, 0.555639, -0.228579, 0.514873, 0.826231)
    Head.CFrame = CFrame.new(5.02914e-08, 4.44089e-15, 0.018294, 0.999248, -6.34588e-08, 0.0387671, 6.31478e-08, 1, 9.24581e-09, -0.0387671, -6.79081e-09, 0.999248)

[11]
    Time: 0.333000
    HumanoidRootPart.CFrame = CFrame.new(0, 0, 0, 1, 0, 0, 0, 1, 0, 0, 0, 1)
    Torso.CFrame = CFrame.new(-0.033809, 0, 0.0678883, 0.999789, 0, -0.0205562, 0, 1, 0, 0.0205562, 0, 0.999789)
    Left Leg.CFrame = CFrame.new(-0.594848, 0.403354, 0.350996, 0.709869, -0.507578, 0.488314, 0.526397, 0.842964, 0.110988, -0.467966, 0.17826, 0.865582)
    Right Leg.CFrame = CFrame.new(0.392692, 0.914105, 0.186574, 0.869521, 0.221721, -0.441332, -0.216126, 0.974288, 0.063656, 0.444098, 0.0400332, 0.895083)
    Left Arm.CFrame = CFrame.new(-0.405574, 0.0171223, -0.341034, -0.0584774, -0.00777462, -0.998258, -0.548628, 0.835674, 0.0256299, 0.834019, 0.549171, -0.0531335)
    Right Arm.CFrame = CFrame.new(0.26112, 0.59415, -0.277072, -0.95667, -0.276532, -0.0911735, 0.18526, -0.819644, 0.542091, -0.224635, 0.501711, 0.835359)
    Head.CFrame = CFrame.new(9.22009e-08, 2.66454e-15, 0.0182941, 0.999659, -6.35822e-08, 0.0261052, 6.34414e-08, 1, 6.22331e-09, -0.0261052, -4.56505e-09, 0.999659)

[12]
    Time: 0.367000
    HumanoidRootPart.CFrame = CFrame.new(0, 0, 0, 1, 0, 0, 0, 1, 0, 0, 0, 1)
    Torso.CFrame = CFrame.new(-0.00607531, 0, 0.00554705, 0.999892, 0, 0.0146732, 0, 1, 0, -0.0146732, 0, 0.999892)
    Left Leg.CFrame = CFrame.new(-0.504323, 0.445168, 0.311034, 0.800135, -0.354035, 0.484193, 0.370549, 0.926527, 0.0651264, -0.471675, 0.127307, 0.872534)
    Right Leg.CFrame = CFrame.new(-0.111462, 1.07846, 0.0612908, 0.869223, -0.266811, -0.41625, 0.271164, 0.961239, -0.0498926, 0.413428, -0.0695042, 0.90788)
    Left Arm.CFrame = CFrame.new(-0.406815, 0.010375, -0.330058, -0.0446503, -0.00627783, -0.998983, -0.550991, 0.834286, 0.0193841, 0.833316, 0.551296, -0.0407102)
    Right Arm.CFrame = CFrame.new(0.271579, 0.583135, -0.273558, -0.956522, -0.279988, -0.0816851, 0.197124, -0.827028, 0.526467, -0.21496, 0.487475, 0.846263)
    Head.CFrame = CFrame.new(8.47504e-08, 4.996e-15, 0.0182945, 0.999994, -6.35485e-08, 0.00355536, 6.35459e-08, 1, 8.47292e-10, -0.00355536, -6.21368e-10, 0.999994)

[13]
    Time: 0.400000
    HumanoidRootPart.CFrame = CFrame.new(0, 0, 0, 1, 0, 0, 0, 1, 0, 0, 0, 1)
    Torso.CFrame = CFrame.new(0.017155, 0, -0.0911448, 0.999023, 0, 0.0441881, 0, 1, 0, -0.0441881, 0, 0.999023)
    Left Leg.CFrame = CFrame.new(-0.419171, 0.4724, 0.271932, 0.857377, -0.201626, 0.473553, 0.214827, 0.976286, 0.0267291, -0.467712, 0.0788149, 0.88036)
    Right Leg.CFrame = CFrame.new(-0.318438, 0.854284, 0.0499916, 0.666894, -0.640245, -0.381232, 0.643116, 0.752954, -0.139508, 0.376369, -0.152139, 0.913893)
    Left Arm.CFrame = CFrame.new(-0.408759, -0.00046429, -0.318387, -0.0263474, -0.00499725, -0.99964, -0.555638, 0.831358, 0.0104889, 0.831007, 0.555714, -0.0246809)
    Right Arm.CFrame = CFrame.new(0.281143, 0.571998, -0.269634, -0.95598, -0.286235, -0.0645946, 0.214994, -0.833067, 0.509684, -0.199701, 0.47336, 0.857934)
    Head.CFrame = CFrame.new(8.19564e-08, 2.44249e-15, 0.0182948, 0.999856, -6.33656e-08, -0.0169527, 6.33061e-08, 1, -4.05064e-09, 0.0169527, 2.97684e-09, 0.999856)

[14]
    Time: 0.433000
    HumanoidRootPart.CFrame = CFrame.new(0, 0, 0, 1, 0, 0, 0, 1, 0, 0, 0, 1)
    Torso.CFrame = CFrame.new(0.0252372, 0, -0.195438, 0.998505, 0, 0.0546535, 0, 1, 0, -0.0546535, 0, 0.998505)
    Left Leg.CFrame = CFrame.new(-0.389093, 0.476606, 0.254873, 0.873422, -0.143542, 0.465327, 0.154513, 0.987881, 0.0147168, -0.461801, 0.0590449, 0.885016)
    Right Leg.CFrame = CFrame.new(-0.308087, 0.565642, 0.0106907, 0.447445, -0.810454, -0.378097, 0.837777, 0.527789, -0.139885, 0.312926, -0.25417, 0.915137)
    Left Arm.CFrame = CFrame.new(-0.411483, -0.0145577, -0.306551, -0.00470283, -0.00381532, -0.999982, -0.562056, 0.827099, -0.000512464, 0.827086, 0.562043, -0.00603423)
    Right Arm.CFrame = CFrame.new(0.289439, 0.561944, -0.265822, -0.954721, -0.294525, -0.0419805, 0.236515, -0.83701, 0.493432, -0.180466, 0.461161, 0.868771)
    Head.CFrame = CFrame.new(8.9407e-08, 3.77476e-15, 0.0182943, 0.9997, -6.327e-08, -0.0244882, 6.31455e-08, 1, -5.85402e-09, 0.0244882, 4.30594e-09, 0.9997)

[15]
    Time: 0.467000
    HumanoidRootPart.CFrame = CFrame.new(0, 0, 0, 1, 0, 0, 0, 1, 0, 0, 0, 1)
    Torso.CFrame = CFrame.new(0.0189248, 0, -0.343461, 0.998505, 0, 0.0546535, 0, 1, 0, -0.0546535, 0, 0.998505)
    Left Leg.CFrame = CFrame.new(-0.448996, 0.518728, 0.275594, 0.839861, -0.249559, 0.482031, 0.252555, 0.965724, 0.0599438, -0.480469, 0.0713947, 0.874101)
    Right Leg.CFrame = CFrame.new(-0.272037, 0.123652, -0.0737975, 0.231199, -0.882988, -0.408509, 0.967047, 0.254582, -0.0029689, 0.106621, -0.394361, 0.91275)
    Left Arm.CFrame = CFrame.new(-0.414993, -0.0304556, -0.295264, 0.0184185, -0.00261071, -0.999827, -0.569449, 0.82193, -0.0126364, 0.82182, 0.569583, 0.0136521)
    Right Arm.CFrame = CFrame.new(0.296274, 0.554163, -0.262704, -0.952695, -0.303433, -0.0173588, 0.258329, -0.838526, 0.479729, -0.160121, 0.452551, 0.877245)
    Head.CFrame = CFrame.new(9.68575e-08, 3.33067e-15, 0.0182943, 0.999703, -6.32695e-08, -0.0243879, 6.31461e-08, 1, -5.83015e-09, 0.0243879, 4.28841e-09, 0.999703)

[16]
    Time: 0.500000
    HumanoidRootPart.CFrame = CFrame.new(0, 0, 0, 1, 0, 0, 0, 1, 0, 0, 0, 1)
    Torso.CFrame = CFrame.new(0.00576331, 0, -0.519954, 0.998505, 0, 0.0546535, 0, 1, 0, -0.0546535, 0, 0.998505)
    Left Leg.CFrame = CFrame.new(-0.528132, 0.554095, 0.324116, 0.704552, -0.457418, 0.542563, 0.434127, 0.882612, 0.180361, -0.561373, 0.108468, 0.820424)
    Right Leg.CFrame = CFrame.new(-0.286024, 0.122144, -0.104204, 0.312587, -0.85931, -0.404815, 0.943543, 0.231709, 0.236722, -0.109618, -0.455956, 0.883226)
    Left Arm.CFrame = CFrame.new(-0.4192, -0.046295, -0.285297, 0.0406716, -0.00131324, -0.999172, -0.57688, 0.81646, -0.0245552, 0.815816, 0.577401, 0.032449)
    Right Arm.CFrame = CFrame.new(0.301716, 0.549296, -0.260651, -0.950227, -0.311502, 0.00587036, 0.277567, -0.837852, 0.470065, -0.141508, 0.448298, 0.882612)
    Head.CFrame = CFrame.new(8.28877e-08, 7.77156e-15, 0.0182939, 0.999721, -6.32663e-08, -0.0236135, 6.31506e-08, 1, -5.64577e-09, 0.0236135, 4.15297e-09, 0.999721)

[17]
    Time: 0.533000
    HumanoidRootPart.CFrame = CFrame.new(0, 0, 0, 1, 0, 0, 0, 1, 0, 0, 0, 1)
    Torso.CFrame = CFrame.new(-0.000358418, 0, -0.59072, 0.998505, 0, 0.0546535, 0, 1, 0, -0.0546535, 0, 0.998505)
    Left Leg.CFrame = CFrame.new(-0.541258, 0.551084, 0.350969, 0.609208, -0.543754, 0.577233, 0.498928, 0.828595, 0.253971, -0.61639, 0.133277, 0.776081)
    Right Leg.CFrame = CFrame.new(-0.271588, 0.182268, -0.118691, 0.38371, -0.840155, -0.383284, 0.905887, 0.261887, 0.332842, -0.179262, -0.474927, 0.861574)
    Left Arm.CFrame = CFrame.new(-0.423932, -0.0602238, -0.277287, 0.0597741, 6.51174e-05, -0.998212, -0.583503, 0.811361, -0.034888, 0.809908, 0.584545, 0.0485363)
    Right Arm.CFrame = CFrame.new(0.306015, 0.547356, -0.259743, -0.947804, -0.317823, 0.0256219, 0.292742, -0.835524, 0.464974, -0.126372, 0.448205, 0.884953)
    Head.CFrame = CFrame.new(1.00583e-07, 4.44089e-15, 0.0182942, 0.999775, -6.32568e-08, -0.021206, 6.31635e-08, 1, -5.07246e-09, 0.021206, 3.73187e-09, 0.999775)

[18]
    Time: 0.567000
    HumanoidRootPart.CFrame = CFrame.new(0, 0, 0, 1, 0, 0, 0, 1, 0, 0, 0, 1)
    Torso.CFrame = CFrame.new(0.00687067, 0, -0.476121, 0.998505, 0, 0.0546535, 0, 1, 0, -0.0546535, 0, 0.998505)
    Left Leg.CFrame = CFrame.new(-0.573128, 0.50243, 0.348574, 0.632075, -0.551527, 0.544334, 0.520172, 0.822649, 0.229501, -0.574371, 0.138085, 0.806864)
    Right Leg.CFrame = CFrame.new(-0.267778, 0.136964, -0.0992881, 0.390196, -0.839957, -0.377119, 0.915593, 0.310762, 0.25518, -0.097146, -0.444858, 0.890317)
    Left Arm.CFrame = CFrame.new(-0.428978, -0.0708231, -0.271609, 0.0740296, 0.00144789, -0.997255, -0.588734, 0.807207, -0.0425318, 0.80493, 0.590266, 0.0606096)
    Right Arm.CFrame = CFrame.new(0.309702, 0.546819, -0.260149, -0.945184, -0.323351, 0.0455135, 0.306474, -0.830343, 0.465407, -0.112698, 0.453844, 0.883926)
    Head.CFrame = CFrame.new(7.82311e-08, 7.10543e-15, 0.0182942, 0.999872, -6.324e-08, -0.0160259, 6.31865e-08, 1, -3.83871e-09, 0.0160259, 2.82558e-09, 0.999872)

[19]
    Time: 0.600000
    HumanoidRootPart.CFrame = CFrame.new(0, 0, 0, 1, 0, 0, 0, 1, 0, 0, 0, 1)
    Torso.CFrame = CFrame.new(0.0236664, 0, -0.206662, 0.998505, 0, 0.0546535, 0, 1, 0, -0.0546535, 0, 0.998505)
    Left Leg.CFrame = CFrame.new(-0.61821, 0.408924, 0.341444, 0.668995, -0.560011, 0.488706, 0.553402, 0.814223, 0.175464, -0.496177, 0.153067, 0.854622)
    Right Leg.CFrame = CFrame.new(-0.275682, 0.0197638, -0.0777798, 0.431818, -0.812136, -0.392388, 0.89222, 0.448379, 0.0538558, 0.1322, -0.373352, 0.918222)
    Left Arm.CFrame = CFrame.new(-0.434146, -0.0772871, -0.268357, 0.0825412, 0.00274482, -0.996584, -0.592276, 0.804373, -0.0468393, 0.801497, 0.594118, 0.0680195)
    Right Arm.CFrame = CFrame.new(0.312986, 0.546362, -0.262076, -0.94178, -0.32898, 0.0694423, 0.32152, -0.820743, 0.472235, -0.0983617, 0.467069, 0.878733)
    Head.CFrame = CFrame.new(9.68575e-08, 4.71845e-15, 0.0182939, 0.999975, -6.32218e-08, -0.00711745, 6.32112e-08, 1, -1.7161e-09, 0.00711745, 1.26614e-09, 0.999975)

[20]
    Time: 0.633000
    HumanoidRootPart.CFrame = CFrame.new(0, 0, 0, 1, 0, 0, 0, 1, 0, 0, 0, 1)
    Torso.CFrame = CFrame.new(0.034984, 0, -0.0173655, 0.998505, 0, 0.0546535, 0, 1, 0, -0.0546535, 0, 0.998505)
    Left Leg.CFrame = CFrame.new(-0.6424, 0.37071, 0.33438, 0.684566, -0.565038, 0.460545, 0.568536, 0.809273, 0.147802, -0.45622, 0.160656, 0.875245)
    Right Leg.CFrame = CFrame.new(-0.0315945, 0.512888, 0.0368165, 0.749954, -0.51385, -0.416566, 0.564494, 0.825435, -0.00193457, 0.344842, -0.233698, 0.909104)
    Left Arm.CFrame = CFrame.new(-0.439293, -0.0793554, -0.267421, 0.0851042, 0.00389618, -0.996364, -0.59404, 0.803026, -0.0475997, 0.799921, 0.595931, 0.0706553)
    Right Arm.CFrame = CFrame.new(0.315659, 0.545957, -0.265308, -0.93765, -0.334052, 0.0960317, 0.337201, -0.807228, 0.484437, -0.0843074, 0.486614, 0.86954)
    Head.CFrame = CFrame.new(9.68575e-08, 3.94129e-15, 0.0182941, 0.999983, -6.32202e-08, 0.00591119, 6.32131e-08, 1, 1.39007e-09, -0.00591119, -1.01639e-09, 0.999983)

[21]
    Time: 0.667000
    HumanoidRootPart.CFrame = CFrame.new(0, 0, 0, 1, 0, 0, 0, 1, 0, 0, 0, 1)
    Torso.CFrame = CFrame.new(0.0301458, 0, 0.049789, 0.999009, 0, 0.0445075, 0, 1, 0, -0.0445075, 0, 0.999009)
    Left Leg.CFrame = CFrame.new(-0.657188, 0.415071, 0.300351, 0.69123, -0.568782, 0.445744, 0.544698, 0.815443, 0.195848, -0.474874, 0.10742, 0.873473)
    Right Leg.CFrame = CFrame.new(0.408371, 0.880477, -0.0179809, 0.918025, 0.102869, -0.382947, -0.00383663, 0.968022, 0.250837, 0.396504, -0.228805, 0.889063)
    Left Arm.CFrame = CFrame.new(-0.446901, -0.0671215, -0.280478, 0.0739591, 0.00982532, -0.997213, -0.588912, 0.807407, -0.0357221, 0.804806, 0.589913, 0.0655013)
    Right Arm.CFrame = CFrame.new(0.317567, 0.545568, -0.269305, -0.933133, -0.337927, 0.12275, 0.3523, -0.791295, 0.499737, -0.0717426, 0.509566, 0.857435)
    Head.CFrame = CFrame.new(8.89413e-08, 1.77636e-15, 0.0182942, 0.99992, -6.33509e-08, 0.012668, 6.33178e-08, 1, 3.0106e-09, -0.012668, -2.20825e-09, 0.99992)

[22]
    Time: 0.700000
    HumanoidRootPart.CFrame = CFrame.new(0, 0, 0, 1, 0, 0, 0, 1, 0, 0, 0, 1)
    Torso.CFrame = CFrame.new(0.00960876, 0, 0.0599909, 0.999853, 0, 0.0171551, 0, 1, 0, -0.0171551, 0, 0.999853)
    Left Leg.CFrame = CFrame.new(-0.677341, 0.49841, 0.219614, 0.705455, -0.571949, 0.418579, 0.484675, 0.820209, 0.303887, -0.51713, -0.0115036, 0.855829)
    Right Leg.CFrame = CFrame.new(0.713709, 0.734206, 0.0123374, 0.786226, 0.518002, -0.336931, -0.376121, 0.833772, 0.404176, 0.490287, -0.191047, 0.850364)
    Left Arm.CFrame = CFrame.new(-0.458795, -0.0327677, -0.316952, 0.0433945, 0.0249871, -0.998746, -0.57195, 0.820277, -0.00432861, 0.81914, 0.57142, 0.0498868)
    Right Arm.CFrame = CFrame.new(0.318704, 0.545192, -0.273298, -0.92884, -0.340324, 0.146409, 0.365299, -0.775431, 0.515037, -0.0617492, 0.531871, 0.844571)
    Head.CFrame = CFrame.new(8.54488e-08, 2.94209e-15, 0.0182946, 0.999985, -6.35406e-08, 0.00550196, 6.35344e-08, 1, 1.31121e-09, -0.00550196, -9.61632e-10, 0.999985)

[23]
    Time: 0.733000
    HumanoidRootPart.CFrame = CFrame.new(0, 0, 0, 1, 0, 0, 0, 1, 0, 0, 0, 1)
    Torso.CFrame = CFrame.new(-0.0234646, 0, -0.0100491, 0.999632, 0, -0.02713, 0, 1, 0, 0.02713, 0, 0.999632)
    Left Leg.CFrame = CFrame.new(-0.591131, 0.78463, 0.0223673, 0.844543, -0.351906, 0.40362, 0.208178, 0.910218, 0.358001, -0.493365, -0.218323, 0.841977)
    Right Leg.CFrame = CFrame.new(0.666561, 0.636736, 0.0907038, 0.808457, 0.475818, -0.346404, -0.377997, 0.870904, 0.314077, 0.451128, -0.122978, 0.883946)
    Left Arm.CFrame = CFrame.new(-0.47185, 0.0115418, -0.363694, 0.00474771, 0.0449571, -0.998978, -0.547941, 0.835784, 0.0350087, 0.836503, 0.547215, 0.0286018)
    Right Arm.CFrame = CFrame.new(0.319236, 0.54487, -0.276553, -0.925424, -0.341465, 0.164296, 0.374941, -0.762345, 0.527494, -0.0548701, 0.549756, 0.833521)
    Head.CFrame = CFrame.new(8.14907e-08, 3.66374e-15, 0.0182939, 0.999897, -6.35034e-08, 0.0143865, 6.34606e-08, 1, 3.4317e-09, -0.0143865, -2.51838e-09, 0.999897)

[24]
    Time: 0.767000
    HumanoidRootPart.CFrame = CFrame.new(0, 0, 0, 1, 0, 0, 0, 1, 0, 0, 0, 1)
    Torso.CFrame = CFrame.new(-0.0643958, 0, -0.161856, 0.996711, 0, -0.0810412, 0, 1, 0, 0.0810412, 0, 0.996711)
    Left Leg.CFrame = CFrame.new(-0.202232, 0.826466, -0.13655, 0.879536, 0.211563, 0.426213, -0.364158, 0.875823, 0.316738, -0.306277, -0.433791, 0.84736)
    Right Leg.CFrame = CFrame.new(0.501107, 0.407657, 0.13595, 0.872041, 0.345063, -0.347096, -0.28863, 0.935307, 0.204677, 0.395268, -0.0783046, 0.915222)
    Left Arm.CFrame = CFrame.new(-0.48141, 0.0462392, -0.400072, -0.0248721, 0.0610947, -0.997822, -0.527762, 0.846901, 0.0650092, 0.849028, 0.528229, 0.0111792)
    Right Arm.CFrame = CFrame.new(0.31941, 0.544659, -0.278608, -0.923313, -0.341848, 0.175022, 0.38064, -0.753995, 0.535354, -0.0510438, 0.56092, 0.826295)
    Head.CFrame = CFrame.new(9.12696e-08, 3.55271e-15, 0.0182939, 0.999021, -6.29637e-08, 0.0442308, 6.25566e-08, 1, 1.05901e-08, -0.0442308, -7.81283e-09, 0.999021)

[25]
    Time: 0.800000
    HumanoidRootPart.CFrame = CFrame.new(0, 0, 0, 1, 0, 0, 0, 1, 0, 0, 0, 1)
    Torso.CFrame = CFrame.new(-0.0809893, 0, -0.233302, 0.994705, 0, -0.10277, 0, 1, 0, 0.10277, 0, 0.994705)
    Left Leg.CFrame = CFrame.new(-0.00677299, 0.585573, -0.11522, 0.758488, 0.481006, 0.439692, -0.622565, 0.734255, 0.270706, -0.192635, -0.479064, 0.856382)
    Right Leg.CFrame = CFrame.new(0.378045, 0.303419, 0.111501, 0.906048, 0.256319, -0.336716, -0.207505, 0.962567, 0.174374, 0.368807, -0.0881213, 0.925319)
    Left Arm.CFrame = CFrame.new(-0.484705, 0.0585993, -0.412985, -0.0352739, 0.0669454, -0.997133, -0.520303, 0.850636, 0.0755158, 0.853253, 0.521475, 0.00482657)
    Right Arm.CFrame = CFrame.new(0.319435, 0.544588, -0.279294, -0.922627, -0.341914, 0.17848, 0.382457, -0.751197, 0.537988, -0.0498721, 0.564622, 0.823841)
    Head.CFrame = CFrame.new(6.14673e-08, 3.9968e-15, 0.0182943, 0.998255, -6.26253e-08, 0.0590444, 6.1897e-08, 1, 1.41644e-08, -0.0590444, -1.0485e-08, 0.998255)
