[1]
    Time: 0.000000
    HumanoidRootPart.CFrame = CFrame.new(0, 0, 0, 1, 0, 0, 0, 1, 0, 0, 0, 1)
    Torso.CFrame = CFrame.new(-0.199709, 0.06093, -0.059848, 0.908372, 0.392364, -0.144608, -0.411578, 0.900036, -0.143316, 0.07392, 0.189702, 0.979055)
    Head.CFrame = CFrame.new(0, -0, -0, 0.99667, 0.065409, -0.048689, -0.060284, 0.993143, 0.100166, 0.054907, -0.096897, 0.993779)
    Left Arm.CFrame = CFrame.new(0.117749, -0.272229, 0.161835, 0.794557, 0.404559, -0.452782, -0.268998, 0.903064, 0.334837, 0.544352, -0.144249, 0.826361)
    Right Arm.CFrame = CFrame.new(-0.036737, -0.355769, 0.577293, -0.339782, -0.752994, 0.563514, 0.586797, 0.298509, 0.752703, -0.734995, 0.586423, 0.340427)
    Left Leg.CFrame = CFrame.new(0.110231, 0.181639, 0.152576, 0.699849, -0.481892, 0.527248, 0.321246, 0.871624, 0.370233, -0.637975, -0.089731, 0.764812)
    Right Leg.CFrame = CFrame.new(0.603943, 0.22926, -0.038483, 0.996795, -0.05529, 0.057819, 0.047509, 0.990605, 0.128237, -0.064366, -0.125079, 0.990057)

[2]
    Time: 0.033333
    HumanoidRootPart.CFrame = CFrame.new(0, 0, 0, 1, 0, 0, 0, 1, 0, 0, 0, 1)
    Torso.CFrame = CFrame.new(-0.104911, 0.098797, -0.102418, 0.870187, 0.470689, -0.145695, -0.490132, 0.857184, -0.158133, 0.050456, 0.209015, 0.97661)
    Head.CFrame = CFrame.new(0, 0, 0, 0.99776, -0.046809, -0.047792, 0.050981, 0.994621, 0.09017, 0.043314, -0.092404, 0.994779)
    Left Arm.CFrame = CFrame.new(0.092317, -0.295522, 0.15343, 0.743058, 0.478368, -0.468005, -0.356204, 0.874739, 0.328558, 0.566554, -0.077432, 0.820379)
    Right Arm.CFrame = CFrame.new(-0.217531, -0.385159, 0.572906, -0.108107, -0.786057, 0.608627, 0.604293, 0.434169, 0.668078, -0.789394, 0.440013, 0.428072)
    Left Leg.CFrame = CFrame.new(0.266851, 0.143172, 0.066108, 0.606591, -0.52734, 0.594944, 0.386725, 0.849562, 0.358731, -0.694616, 0.012477, 0.719273)
    Right Leg.CFrame = CFrame.new(0.70501, 0.296157, -0.083318, 0.986599, -0.105687, 0.12431, 0.086904, 0.985182, 0.147866, -0.138095, -0.135081, 0.981164)

[3]
    Time: 0.066667
    HumanoidRootPart.CFrame = CFrame.new(0, 0, 0, 1, 0, 0, 0, 1, 0, 0, 0, 1)
    Torso.CFrame = CFrame.new(0.002637, 0.209604, -0.057411, 0.854003, 0.498357, -0.149397, -0.519742, 0.83013, -0.201873, 0.023414, 0.250048, 0.96795)
    Head.CFrame = CFrame.new(0, 0, -0, 0.989597, -0.140908, -0.029039, 0.142806, 0.986558, 0.07943, 0.017456, -0.08275, 0.996417)
    Left Arm.CFrame = CFrame.new(-0.009188, -0.304997, 0.071868, 0.58237, 0.626558, -0.517949, -0.537441, 0.774785, 0.332963, 0.60992, 0.084459, 0.78795)
    Right Arm.CFrame = CFrame.new(-0.371199, -0.369979, 0.329394, 0.461249, -0.62793, 0.62686, 0.338086, 0.777587, 0.530148, -0.820334, -0.032598, 0.570955)
    Left Leg.CFrame = CFrame.new(0.249852, 0.113328, 0.048689, 0.579415, -0.520617, 0.627086, 0.422226, 0.849843, 0.315425, -0.697139, 0.08201, 0.71223)
    Right Leg.CFrame = CFrame.new(0.670968, 0.259007, -0.081668, 0.951235, -0.273942, 0.141804, 0.252723, 0.955691, 0.150949, -0.176872, -0.107751, 0.978318)

[4]
    Time: 0.100000
    HumanoidRootPart.CFrame = CFrame.new(0, 0, 0, 1, 0, 0, 0, 1, 0, 0, 0, 1)
    Torso.CFrame = CFrame.new(0.127187, 0.347727, -0.007461, 0.879331, 0.452421, -0.148636, -0.476142, 0.840636, -0.258108, 0.008176, 0.297734, 0.954614)
    Head.CFrame = CFrame.new(0, -0, 0, 0.989466, -0.143121, -0.021761, 0.144411, 0.98634, 0.079234, 0.010123, -0.081541, 0.996619)
    Left Arm.CFrame = CFrame.new(-0.018276, -0.344347, 0.048889, 0.250637, 0.780177, -0.573153, -0.75237, 0.529548, 0.391814, 0.609197, 0.33302, 0.719706)
    Right Arm.CFrame = CFrame.new(-0.291459, -0.422531, 0.072508, 0.794907, -0.26735, 0.544653, -0.000371, 0.89747, 0.441076, -0.606731, -0.350816, 0.713306)
    Left Leg.CFrame = CFrame.new(0.129511, 0.087043, 0.073863, 0.624566, -0.501871, 0.598368, 0.444177, 0.858467, 0.2564, -0.642358, 0.105643, 0.759088)
    Right Leg.CFrame = CFrame.new(0.639481, 0.203854, -0.028343, 0.894864, -0.421974, 0.145451, 0.394456, 0.900165, 0.184681, -0.20886, -0.107891, 0.971976)

[5]
    Time: 0.133333
    HumanoidRootPart.CFrame = CFrame.new(0, 0, 0, 1, 0, 0, 0, 1, 0, 0, 0, 1)
    Torso.CFrame = CFrame.new(0.267263, 0.482682, -0.016997, 0.900917, 0.40824, -0.147272, -0.433983, 0.845246, -0.311798, -0.002807, 0.344818, 0.938666)
    Head.CFrame = CFrame.new(0, -0, -0, 0.989641, -0.133833, -0.051957, 0.137403, 0.98785, 0.072608, 0.041608, -0.078995, 0.996006)
    Left Arm.CFrame = CFrame.new(-0.090962, -0.435543, -0.029795, -0.263398, 0.792102, -0.550632, -0.862723, 0.061989, 0.501863, 0.43166, 0.607233, 0.667037)
    Right Arm.CFrame = CFrame.new(-0.531035, -0.337809, 0.016575, 0.925256, -0.099199, 0.366142, -0.049651, 0.925231, 0.376142, -0.376079, -0.366207, 0.851151)
    Left Leg.CFrame = CFrame.new(0.191981, 0.003208, -0.031625, 0.693891, -0.438898, 0.570863, 0.40975, 0.892576, 0.188186, -0.592133, 0.103331, 0.799188)
    Right Leg.CFrame = CFrame.new(0.747347, 0.268851, -0.006224, 0.857382, -0.490058, 0.157285, 0.446689, 0.860326, 0.245579, -0.255664, -0.140298, 0.956531)

[6]
    Time: 0.166667
    HumanoidRootPart.CFrame = CFrame.new(0, 0, 0, 1, 0, 0, 0, 1, 0, 0, 0, 1)
    Torso.CFrame = CFrame.new(0.445731, 0.608617, -0.111177, 0.943564, 0.297094, -0.146365, -0.330569, 0.871904, -0.361259, 0.020289, 0.389255, 0.920907)
    Head.CFrame = CFrame.new(0, 0, 0, 0.995975, -0.047229, -0.076177, 0.053099, 0.995618, 0.076972, 0.072208, -0.080707, 0.994119)
    Left Arm.CFrame = CFrame.new(-0.354125, -0.384224, -0.348604, -0.652912, 0.621799, -0.432517, -0.728488, -0.359158, 0.583362, 0.207392, 0.695968, 0.687472)
    Right Arm.CFrame = CFrame.new(-0.571903, -0.279802, -0.127512, 0.955024, 0.256782, 0.1483, -0.294546, 0.879225, 0.37444, -0.03424, -0.40128, 0.915315)
    Left Leg.CFrame = CFrame.new(0.412307, -0.030168, -0.233742, 0.833262, -0.290789, 0.47023, 0.275782, 0.955756, 0.102344, -0.479185, 0.044402, 0.87659)
    Right Leg.CFrame = CFrame.new(0.848462, 0.502293, 0.038933, 0.879842, -0.474816, 0.020696, 0.450499, 0.847073, 0.281989, -0.151424, -0.238782, 0.959194)

[7]
    Time: 0.200000
    HumanoidRootPart.CFrame = CFrame.new(0, 0, 0, 1, 0, 0, 0, 1, 0, 0, 0, 1)
    Torso.CFrame = CFrame.new(0.610687, 0.708004, -0.224148, 0.972319, 0.17764, -0.15179, -0.224679, 0.889166, -0.398626, 0.064154, 0.421696, 0.904465)
    Head.CFrame = CFrame.new(0, 0, -0, 0.997727, 0.06199, -0.026434, -0.058927, 0.992818, 0.104118, 0.032698, -0.102323, 0.994214)
    Left Arm.CFrame = CFrame.new(-0.600463, -0.189826, -0.629532, -0.858174, 0.446946, -0.25254, -0.499215, -0.611889, 0.613495, 0.119672, 0.652558, 0.748229)
    Right Arm.CFrame = CFrame.new(-0.548711, -0.277215, -0.181801, 0.82372, 0.566366, -0.026731, -0.497907, 0.745098, 0.443754, 0.271244, -0.352219, 0.89575)
    Left Leg.CFrame = CFrame.new(0.105342, -0.112, -0.1381, 0.866702, -0.356806, 0.348593, 0.374322, 0.927118, 0.018289, -0.329712, 0.114635, 0.937096)
    Right Leg.CFrame = CFrame.new(0.854329, 0.742259, 0.104405, 0.889249, -0.439059, -0.128311, 0.456499, 0.833988, 0.309958, -0.02908, -0.334203, 0.942052)

[8]
    Time: 0.233333
    HumanoidRootPart.CFrame = CFrame.new(0, 0, 0, 1, 0, 0, 0, 1, 0, 0, 0, 1)
    Torso.CFrame = CFrame.new(0.70575, 0.74946, -0.247858, 0.978432, 0.116011, -0.170917, -0.178143, 0.892749, -0.413841, 0.104576, 0.435363, 0.894161)
    Head.CFrame = CFrame.new(-0, 0, 0, 0.994716, 0.100569, 0.02064, -0.102051, 0.99053, 0.091842, -0.011208, -0.093463, 0.99556)
    Left Arm.CFrame = CFrame.new(-0.711295, -0.040615, -0.761729, -0.915165, 0.356049, -0.188951, -0.39342, -0.687, 0.610943, 0.087716, 0.633451, 0.768795)
    Right Arm.CFrame = CFrame.new(-0.660607, -0.201787, -0.230677, 0.685721, 0.717761, -0.12085, -0.571768, 0.63393, 0.520782, 0.450408, -0.288013, 0.845093)
    Left Leg.CFrame = CFrame.new(-0.102739, -0.158807, -0.104648, 0.875347, -0.390406, 0.285221, 0.423183, 0.90396, -0.061429, -0.233846, 0.174472, 0.956491)
    Right Leg.CFrame = CFrame.new(0.859865, 0.822224, 0.101496, 0.888201, -0.42848, -0.165841, 0.4579, 0.855187, 0.242864, 0.037763, -0.291651, 0.955779)

[9]
    Time: 0.266667
    HumanoidRootPart.CFrame = CFrame.new(0, 0, 0, 1, 0, 0, 0, 1, 0, 0, 0, 1)
    Torso.CFrame = CFrame.new(0.756751, 0.698789, -0.182673, 0.97252, 0.076625, -0.21985, -0.157524, 0.911895, -0.378989, 0.17144, 0.403206, 0.898907)
    Head.CFrame = CFrame.new(0, -0, 0, 0.988222, 0.12316, 0.090825, -0.127286, 0.991014, 0.041109, -0.084946, -0.052185, 0.995018)
    Left Arm.CFrame = CFrame.new(-0.731251, -0.12096, -0.780008, -0.884866, 0.325653, -0.333111, -0.464939, -0.661973, 0.587898, -0.02906, 0.675087, 0.737166)
    Right Arm.CFrame = CFrame.new(-0.699854, -0.172035, -0.249506, 0.60545, 0.783326, -0.140823, -0.607358, 0.56909, 0.554304, 0.514341, -0.250073, 0.820315)
    Left Leg.CFrame = CFrame.new(0.090501, -0.241843, -0.175166, 0.910124, -0.333859, 0.245384, 0.37762, 0.912099, -0.159623, -0.170523, 0.237939, 0.956194)
    Right Leg.CFrame = CFrame.new(0.86001, 0.724045, 0.095359, 0.933961, -0.321405, -0.156254, 0.343789, 0.927435, 0.147221, 0.097598, -0.191217, 0.976684)

[10]
    Time: 0.300000
    HumanoidRootPart.CFrame = CFrame.new(0, 0, 0, 1, 0, 0, 0, 1, 0, 0, 0, 1)
    Torso.CFrame = CFrame.new(0.789702, 0.59018, -0.072012, 0.956569, 0.094099, -0.2759, -0.180329, 0.934652, -0.306442, 0.229035, 0.342886, 0.911028)
    Head.CFrame = CFrame.new(0, -0, 0, 0.98055, 0.107541, 0.164186, -0.108515, 0.99409, -0.003051, -0.163544, -0.014825, 0.986425)
    Left Arm.CFrame = CFrame.new(-0.560355, -0.424367, -0.62028, -0.679856, 0.461441, -0.569972, -0.727512, -0.522218, 0.444988, -0.092313, 0.717189, 0.690737)
    Right Arm.CFrame = CFrame.new(-0.653406, -0.199625, -0.234725, 0.659619, 0.750067, -0.047978, -0.647547, 0.599546, 0.470348, 0.381558, -0.279182, 0.881176)
    Left Leg.CFrame = CFrame.new(0.23748, -0.289424, -0.243496, 0.888076, -0.369645, 0.273284, 0.432831, 0.872628, -0.226224, -0.154853, 0.31919, 0.934954)
    Right Leg.CFrame = CFrame.new(0.800221, 0.418486, 0.050533, 0.978009, -0.17737, -0.109718, 0.184293, 0.981248, 0.05647, 0.097645, -0.075448, 0.992357)

[11]
    Time: 0.333333
    HumanoidRootPart.CFrame = CFrame.new(0, 0, 0, 1, 0, 0, 0, 1, 0, 0, 0, 1)
    Torso.CFrame = CFrame.new(0.814045, 0.476451, -0.015531, 0.932677, 0.149202, -0.32841, -0.231239, 0.946068, -0.2269, 0.276844, 0.287565, 0.916877)
    Head.CFrame = CFrame.new(0, 0, -0, 0.970676, 0.048169, 0.235514, -0.044081, 0.998772, -0.022598, -0.236314, 0.011554, 0.971608)
    Left Arm.CFrame = CFrame.new(-0.222771, -0.59983, -0.336664, -0.210436, 0.732881, -0.646994, -0.973621, -0.097405, 0.206337, 0.0882, 0.673348, 0.734046)
    Right Arm.CFrame = CFrame.new(-0.713344, -0.085569, -0.209372, 0.860666, 0.462689, 0.212539, -0.508373, 0.804219, 0.307879, -0.028476, -0.37303, 0.927382)
    Left Leg.CFrame = CFrame.new(0.261568, -0.445038, -0.371825, 0.759547, -0.536347, 0.367995, 0.628908, 0.74996, -0.205021, -0.166019, 0.387158, 0.906943)
    Right Leg.CFrame = CFrame.new(0.660067, 0.253721, 0.073708, 0.985276, -0.072065, -0.155041, 0.081251, 0.995244, 0.053744, 0.150431, -0.06555, 0.986445)

[12]
    Time: 0.366667
    HumanoidRootPart.CFrame = CFrame.new(0, 0, 0, 1, 0, 0, 0, 1, 0, 0, 0, 1)
    Torso.CFrame = CFrame.new(0.826301, 0.382666, -0.020616, 0.905131, 0.206495, -0.371614, -0.280808, 0.946684, -0.157913, 0.319193, 0.247284, 0.914859)
    Head.CFrame = CFrame.new(0, -0, -0, 0.95216, -0.034485, 0.303648, 0.045964, 0.99847, -0.030738, -0.302123, 0.043224, 0.952288)
    Left Arm.CFrame = CFrame.new(-0.142674, -0.525114, -0.177141, 0.290851, 0.806884, -0.514143, -0.901748, 0.410786, 0.134559, 0.319776, 0.424491, 0.847084)
    Right Arm.CFrame = CFrame.new(-0.751648, -0.016421, 0.001281, 0.874647, -0.027147, 0.483999, -0.141383, 0.940737, 0.308262, -0.463684, -0.33805, 0.818975)
    Left Leg.CFrame = CFrame.new(-0.050329, -0.448279, -0.177636, 0.442461, -0.759378, 0.477047, 0.883, 0.461824, -0.083837, -0.156648, 0.458327, 0.87487)
    Right Leg.CFrame = CFrame.new(0.654304, 0.278183, 0.099782, 0.991921, 0.024481, -0.12447, -0.007481, 0.990783, 0.135256, 0.126634, -0.133232, 0.982961)

[13]
    Time: 0.400000
    HumanoidRootPart.CFrame = CFrame.new(0, 0, 0, 1, 0, 0, 0, 1, 0, 0, 0, 1)
    Torso.CFrame = CFrame.new(0.862256, 0.284817, 0.005251, 0.885302, 0.219664, -0.409864, -0.27694, 0.957099, -0.085236, 0.373558, 0.188967, 0.908155)
    Head.CFrame = CFrame.new(-0, -0, -0, 0.925819, -0.080883, 0.369212, 0.107046, 0.99295, -0.050899, -0.362492, 0.086646, 0.927951)
    Left Arm.CFrame = CFrame.new(-0.18459, -0.403326, -0.036241, 0.665879, 0.668503, -0.331224, -0.586231, 0.743435, 0.321929, 0.461454, -0.020191, 0.886934)
    Right Arm.CFrame = CFrame.new(-0.532761, -0.197825, 0.172139, 0.715991, -0.345743, 0.606481, 0.038477, 0.886971, 0.46022, -0.697049, -0.306178, 0.648366)
    Left Leg.CFrame = CFrame.new(-0.183116, -0.185891, 0.068702, 0.245142, -0.808684, 0.534729, 0.929702, 0.352476, 0.106844, -0.274882, 0.470947, 0.838242)
    Right Leg.CFrame = CFrame.new(0.577971, 0.285698, 0.166301, 0.981554, 0.120531, -0.148402, -0.08468, 0.970028, 0.227762, 0.171407, -0.210994, 0.962342)

[14]
    Time: 0.433333
    HumanoidRootPart.CFrame = CFrame.new(0, 0, 0, 1, 0, 0, 0, 1, 0, 0, 0, 1)
    Torso.CFrame = CFrame.new(0.864737, 0.181155, 0.1487, 0.853284, 0.267945, -0.447338, -0.303468, 0.952807, -0.008147, 0.424044, 0.142705, 0.894328)
    Head.CFrame = CFrame.new(0, 0, 0, 0.885359, -0.163211, 0.435319, 0.208101, 0.976436, -0.057151, -0.415733, 0.141189, 0.898461)
    Left Arm.CFrame = CFrame.new(0.162408, -0.300305, 0.171831, 0.826947, 0.498769, -0.259592, -0.331974, 0.805711, 0.490534, 0.453819, -0.319468, 0.831858)
    Right Arm.CFrame = CFrame.new(-0.222375, -0.352708, 0.187545, 0.618009, -0.493767, 0.611767, 0.06192, 0.806314, 0.588237, -0.783729, -0.325655, 0.528884)
    Left Leg.CFrame = CFrame.new(-0.200215, 0.213395, 0.217776, 0.229931, -0.756563, 0.612164, 0.824856, 0.485313, 0.289971, -0.516472, 0.438274, 0.735644)
    Right Leg.CFrame = CFrame.new(0.36206, 0.204257, 0.220557, 0.985226, 0.116435, -0.125591, -0.071206, 0.945439, 0.317923, 0.155756, -0.304283, 0.939762)

[15]
    Time: 0.466667
    HumanoidRootPart.CFrame = CFrame.new(0, 0, 0, 1, 0, 0, 0, 1, 0, 0, 0, 1)
    Torso.CFrame = CFrame.new(0.848106, 0.079611, 0.346063, 0.822206, 0.309808, -0.477489, -0.317797, 0.945827, 0.066452, 0.47221, 0.097108, 0.876121)
    Head.CFrame = CFrame.new(-0, 0, 0, 0.844269, -0.219726, 0.488805, 0.28682, 0.955723, -0.065783, -0.452708, 0.195737, 0.869909)
    Left Arm.CFrame = CFrame.new(0.049378, -0.268064, 0.192626, 0.949193, -0.107423, -0.295793, 0.272259, 0.751705, 0.600678, 0.157823, -0.650692, 0.74276)
    Right Arm.CFrame = CFrame.new(-0.030327, -0.382066, 0.201944, 0.470718, -0.657689, 0.588107, 0.19045, 0.726602, 0.660135, -0.861483, -0.198732, 0.467281)
    Left Leg.CFrame = CFrame.new(-0.139397, 0.525051, 0.226541, 0.350713, -0.641728, 0.682046, 0.585583, 0.718635, 0.375043, -0.730817, 0.267862, 0.627819)
    Right Leg.CFrame = CFrame.new(-0.010169, 0.171729, 0.24603, 0.991418, 0.023996, -0.128506, 0.027121, 0.923868, 0.381749, 0.127883, -0.381958, 0.915289)

[16]
    Time: 0.500000
    HumanoidRootPart.CFrame = CFrame.new(0, 0, 0, 1, 0, 0, 0, 1, 0, 0, 0, 1)
    Torso.CFrame = CFrame.new(0.827377, -0.010255, 0.50528, 0.80552, 0.317549, -0.5003, -0.291883, 0.947389, 0.131372, 0.515696, 0.040206, 0.855828)
    Head.CFrame = CFrame.new(-0, -0, 0, 0.823761, -0.214386, 0.52484, 0.305876, 0.947514, -0.093048, -0.477345, 0.237185, 0.8461)
    Left Arm.CFrame = CFrame.new(0.267253, -0.221493, 0.247975, 0.892721, -0.213503, -0.396819, 0.437226, 0.623444, 0.64819, 0.109004, -0.752153, 0.649911)
    Right Arm.CFrame = CFrame.new(0.156338, -0.388737, 0.269716, 0.10568, -0.823209, 0.557816, 0.452389, 0.539346, 0.710246, -0.885537, 0.177291, 0.429409)
    Left Leg.CFrame = CFrame.new(-0.010205, 0.564174, 0.193557, 0.49754, -0.450112, 0.741521, 0.277232, 0.892515, 0.355752, -0.821947, 0.028572, 0.568847)
    Right Leg.CFrame = CFrame.new(-0.068971, 0.193746, 0.255433, 0.967738, 0.114281, -0.224552, -0.014064, 0.914333, 0.404718, 0.251567, -0.388503, 0.886442)

[17]
    Time: 0.533333
    HumanoidRootPart.CFrame = CFrame.new(0, 0, 0, 1, 0, 0, 0, 1, 0, 0, 0, 1)
    Torso.CFrame = CFrame.new(0.808651, -0.075007, 0.559739, 0.810123, 0.27955, -0.515318, -0.218887, 0.959657, 0.176487, 0.543866, -0.03018, 0.838629)
    Head.CFrame = CFrame.new(-0, 0, 0, 0.831129, -0.150696, 0.535272, 0.262139, 0.955092, -0.13814, -0.490417, 0.255128, 0.833307)
    Left Arm.CFrame = CFrame.new(0.378897, -0.118331, 0.253781, 0.85054, -0.20806, -0.483004, 0.515658, 0.510397, 0.688181, 0.103341, -0.83439, 0.541401)
    Right Arm.CFrame = CFrame.new(0.538594, -0.350446, 0.107543, -0.264099, -0.82105, 0.506091, 0.56753, 0.291976, 0.769844, -0.779847, 0.490537, 0.38886)
    Left Leg.CFrame = CFrame.new(0.083806, 0.439565, 0.138423, 0.61011, -0.178952, 0.771843, -0.063619, 0.95995, 0.272853, -0.789759, -0.215574, 0.57429)
    Right Leg.CFrame = CFrame.new(-0.285369, 0.168371, 0.165602, 0.893675, 0.168593, -0.415838, 0.001536, 0.925577, 0.378557, 0.448712, -0.338946, 0.826906)

[18]
    Time: 0.566667
    HumanoidRootPart.CFrame = CFrame.new(0, 0, 0, 1, 0, 0, 0, 1, 0, 0, 0, 1)
    Torso.CFrame = CFrame.new(0.769186, -0.091798, 0.513897, 0.820887, 0.185068, -0.540272, -0.08762, 0.975649, 0.201076, 0.564329, -0.117722, 0.817114)
    Head.CFrame = CFrame.new(-0, 0, 0, 0.845768, -0.022129, 0.533091, 0.154252, 0.966615, -0.204601, -0.510766, 0.255276, 0.820946)
    Left Arm.CFrame = CFrame.new(0.453846, 0.063663, 0.249349, 0.827545, -0.20227, -0.523696, 0.558772, 0.386923, 0.733529, 0.05426, -0.899654, 0.433219)
    Right Arm.CFrame = CFrame.new(0.804089, -0.065501, -0.344404, -0.393, -0.835453, 0.384149, 0.437831, 0.197355, 0.877129, -0.808613, 0.512903, 0.288226)
    Left Leg.CFrame = CFrame.new(0.134628, 0.134167, -0.02607, 0.636519, 0.21552, 0.740537, -0.45486, 0.880306, 0.134772, -0.622853, -0.422626, 0.658363)
    Right Leg.CFrame = CFrame.new(-0.448967, 0.129879, 0.016453, 0.733143, 0.223023, -0.642466, 0.004832, 0.942967, 0.332851, 0.680057, -0.247132, 0.690252)

[19]
    Time: 0.600000
    HumanoidRootPart.CFrame = CFrame.new(0, 0, 0, 1, 0, 0, 0, 1, 0, 0, 0, 1)
    Torso.CFrame = CFrame.new(0.72189, -0.156285, 0.304354, 0.851019, 0.06014, -0.521681, 0.072786, 0.970324, 0.230595, 0.520067, -0.234212, 0.821386)
    Head.CFrame = CFrame.new(-0, 0, 0, 0.870959, 0.138205, 0.471518, 0.015953, 0.951168, -0.30826, -0.491096, 0.276004, 0.826224)
    Left Arm.CFrame = CFrame.new(0.487476, 0.233523, 0.236774, 0.836474, -0.199026, -0.510588, 0.547274, 0.255215, 0.797092, -0.028333, -0.946179, 0.322403)
    Right Arm.CFrame = CFrame.new(0.82726, 0.15668, -0.662217, -0.384975, -0.911526, 0.144618, 0.123122, 0.104572, 0.986867, -0.914678, 0.397724, 0.071971)
    Left Leg.CFrame = CFrame.new(-0.049356, 0.073504, -0.101773, 0.543692, 0.542575, 0.640321, -0.70032, 0.713757, -0.010164, -0.462549, -0.442904, 0.76804)
    Right Leg.CFrame = CFrame.new(-0.597297, 0.105897, -0.210196, 0.506578, 0.29196, -0.811257, -0.066141, 0.951308, 0.301061, 0.859653, -0.098854, 0.501223)

[20]
    Time: 0.633333
    HumanoidRootPart.CFrame = CFrame.new(0, 0, 0, 1, 0, 0, 0, 1, 0, 0, 0, 1)
    Torso.CFrame = CFrame.new(0.690143, -0.288575, 0.0746, 0.876236, -0.051538, -0.479118, 0.162002, 0.967899, 0.192162, 0.453834, -0.245998, 0.856458)
    Head.CFrame = CFrame.new(0, -0, 0, 0.882102, 0.226286, 0.413147, -0.093639, 0.943792, -0.316999, -0.461657, 0.240939, 0.85371)
    Left Arm.CFrame = CFrame.new(0.494678, 0.305845, 0.221006, 0.872882, -0.198915, -0.445544, 0.473235, 0.122713, 0.872347, -0.118848, -0.972304, 0.201248)
    Right Arm.CFrame = CFrame.new(0.851993, 0.211029, -0.68911, -0.368986, -0.929427, 0.003897, 0.143643, -0.052883, 0.988216, -0.918268, 0.365197, 0.153019)
    Left Leg.CFrame = CFrame.new(-0.351816, 0.357533, 0.01333, 0.659437, 0.571944, 0.487876, -0.6633, 0.748098, 0.019543, -0.353802, -0.336495, 0.872694)
    Right Leg.CFrame = CFrame.new(-0.584113, 0.069836, -0.264924, 0.335909, 0.31057, -0.88922, -0.198159, 0.946248, 0.255632, 0.920814, 0.090338, 0.379395)

[21]
    Time: 0.666667
    HumanoidRootPart.CFrame = CFrame.new(0, 0, 0, 1, 0, 0, 0, 1, 0, 0, 0, 1)
    Torso.CFrame = CFrame.new(0.68125, -0.373524, 0.036723, 0.885284, -0.096124, -0.455008, 0.181665, 0.972147, 0.148081, 0.428101, -0.213753, 0.878088)
    Head.CFrame = CFrame.new(0, 0, 0, 0.881124, 0.253458, 0.399223, -0.13854, 0.945546, -0.294534, -0.452136, 0.204213, 0.868257)
    Left Arm.CFrame = CFrame.new(0.454083, 0.286325, 0.202789, 0.912398, -0.205252, -0.35412, 0.370504, 0.046486, 0.927667, -0.173944, -0.977605, 0.118461)
    Right Arm.CFrame = CFrame.new(0.838387, 0.191117, -0.684705, -0.383806, -0.920048, 0.078765, 0.247988, -0.020534, 0.968545, -0.889491, 0.391267, 0.236042)
    Left Leg.CFrame = CFrame.new(-0.627294, 0.459695, -0.001165, 0.842968, 0.492465, 0.216526, -0.510929, 0.858882, 0.035686, -0.168396, -0.140711, 0.975625)
    Right Leg.CFrame = CFrame.new(-0.564082, 0.048895, -0.275152, 0.29103, 0.29307, -0.91072, -0.243688, 0.943236, 0.225661, 0.925159, 0.156257, 0.345927)

[22]
    Time: 0.700000
    HumanoidRootPart.CFrame = CFrame.new(0, 0, 0, 1, 0, 0, 0, 1, 0, 0, 0, 1)
    Torso.CFrame = CFrame.new(0.657167, -0.524164, -0.002257, 0.91168, -0.085795, -0.401845, 0.125703, 0.989307, 0.073967, 0.391202, -0.117948, 0.912715)
    Head.CFrame = CFrame.new(0, -0, 0, 0.906519, 0.216088, 0.362671, -0.142543, 0.965291, -0.218849, -0.397373, 0.146695, 0.905856)
    Left Arm.CFrame = CFrame.new(0.334667, 0.201477, 0.181468, 0.937116, -0.215741, -0.274354, 0.296082, 0.075201, 0.952198, -0.184797, -0.97355, 0.134349)
    Right Arm.CFrame = CFrame.new(0.797636, 0.130771, -0.661242, -0.306186, -0.915208, 0.262, 0.477237, 0.090569, 0.874095, -0.823708, 0.392672, 0.40904)
    Left Leg.CFrame = CFrame.new(-0.7625, 0.434575, -0.015714, 0.908, 0.414868, 0.058487, -0.411974, 0.9095, -0.055563, -0.076245, 0.026356, 0.996741)
    Right Leg.CFrame = CFrame.new(-0.533905, 0.003659, -0.343843, 0.33032, 0.250226, -0.910096, -0.279414, 0.946925, 0.158938, 0.901563, 0.201794, 0.382705)

[23]
    Time: 0.733333
    HumanoidRootPart.CFrame = CFrame.new(0, 0, 0, 1, 0, 0, 0, 1, 0, 0, 0, 1)
    Torso.CFrame = CFrame.new(0.657982, -0.701716, 0.074897, 0.934272, -0.012076, -0.356356, 0.008049, 0.999886, -0.012781, 0.35647, 0.009073, 0.934263)
    Head.CFrame = CFrame.new(0, -0, -0, 0.933017, 0.130584, 0.335301, -0.094106, 0.987948, -0.122897, -0.347308, 0.083111, 0.934061)
    Left Arm.CFrame = CFrame.new(0.612842, 0.205482, 0.028512, 0.975859, 0.073097, -0.205806, 0.169501, 0.340756, 0.924746, 0.137726, -0.937306, 0.32014)
    Right Arm.CFrame = CFrame.new(0.726657, 0.040559, -0.619453, -0.14069, -0.889774, 0.434176, 0.642962, 0.251364, 0.723475, -0.752865, 0.380945, 0.536727)
    Left Leg.CFrame = CFrame.new(-0.724473, 0.185139, 0.050674, 0.947471, 0.267477, 0.175371, -0.190208, 0.912016, -0.363384, -0.257138, 0.310939, 0.914985)
    Right Leg.CFrame = CFrame.new(-0.535961, -0.015506, -0.449612, 0.440512, 0.186099, -0.878246, -0.217807, 0.971205, 0.096549, 0.870924, 0.148757, 0.468361)

[24]
    Time: 0.766667
    HumanoidRootPart.CFrame = CFrame.new(0, 0, 0, 1, 0, 0, 0, 1, 0, 0, 0, 1)
    Torso.CFrame = CFrame.new(0.630358, -0.866373, 0.141324, 0.960772, 0.095681, -0.260311, -0.124052, 0.987737, -0.094802, 0.248048, 0.123376, 0.960859)
    Head.CFrame = CFrame.new(-0, -0, -0, 0.97015, 0.031524, 0.240448, -0.022321, 0.998914, -0.040905, -0.241476, 0.034317, 0.9698)
    Left Arm.CFrame = CFrame.new(0.487625, 0.048596, -0.023312, 0.994228, 0.091557, -0.055932, -0.012053, 0.613331, 0.789734, 0.106611, -0.784501, 0.610894)
    Right Arm.CFrame = CFrame.new(0.630652, -0.060413, -0.56065, 0.04889, -0.836567, 0.545678, 0.68151, 0.427335, 0.594078, -0.730174, 0.342841, 0.591021)
    Left Leg.CFrame = CFrame.new(-0.551587, -0.263732, 0.014231, 0.953283, 0.132002, 0.271711, 0.039756, 0.836824, -0.546026, -0.299451, 0.53132, 0.792483)
    Right Leg.CFrame = CFrame.new(-0.482312, -0.07419, -0.418974, 0.541047, 0.192421, -0.818683, -0.27062, 0.961531, 0.04715, 0.796262, 0.196041, 0.572307)

[25]
    Time: 0.800000
    HumanoidRootPart.CFrame = CFrame.new(0, 0, 0, 1, 0, 0, 0, 1, 0, 0, 0, 1)
    Torso.CFrame = CFrame.new(0.460446, -1.04867, -0.037747, 0.97029, 0.233237, -0.064331, -0.24135, 0.951711, -0.189729, 0.016972, 0.199619, 0.979727)
    Head.CFrame = CFrame.new(-0, 0, 0, 0.996791, -0.075517, 0.02656, 0.07524, 0.997102, 0.011284, -0.027335, -0.00925, 0.999584)
    Left Arm.CFrame = CFrame.new(0.232798, -0.143935, -0.039523, 0.989331, 0.056845, 0.134135, -0.125158, 0.802859, 0.582883, -0.074557, -0.593453, 0.801408)
    Right Arm.CFrame = CFrame.new(0.521625, -0.149714, -0.490454, 0.221383, -0.761972, 0.608596, 0.630526, 0.587927, 0.506734, -0.743927, 0.271553, 0.6106)
    Left Leg.CFrame = CFrame.new(-0.559584, -0.106536, -0.037374, 0.964834, 0.033067, 0.260772, 0.063393, 0.933504, -0.35292, -0.255101, 0.35704, 0.89858)
    Right Leg.CFrame = CFrame.new(-0.096499, -0.217999, -0.009775, 0.49517, 0.470583, -0.730314, -0.675341, 0.737305, 0.017191, 0.546554, 0.484698, 0.682895)

[26]
    Time: 0.833333
    HumanoidRootPart.CFrame = CFrame.new(0, 0, 0, 1, 0, 0, 0, 1, 0, 0, 0, 1)
    Torso.CFrame = CFrame.new(0.26449, -1.19383, -0.268365, 0.921462, 0.363937, 0.135858, -0.31404, 0.903735, -0.290934, -0.228661, 0.22542, 0.947048)
    Head.CFrame = CFrame.new(0, 0, 0, 0.96382, -0.145751, -0.223175, 0.152497, 0.988216, 0.013201, 0.218621, -0.046757, 0.974689)
    Left Arm.CFrame = CFrame.new(0.232185, -0.228114, -0.087887, 0.945035, 0.244975, 0.216555, -0.31498, 0.859791, 0.40193, -0.087729, -0.448048, 0.889695)
    Right Arm.CFrame = CFrame.new(0.399663, -0.228229, -0.389947, 0.361083, -0.685485, 0.632242, 0.54411, 0.705479, 0.45414, -0.75734, 0.180027, 0.627716)
    Left Leg.CFrame = CFrame.new(-0.586809, 0.324118, 0.065973, 0.932583, -0.060854, 0.355789, 0.082146, 0.995603, -0.04503, -0.351484, 0.071221, 0.933481)
    Right Leg.CFrame = CFrame.new(0.179783, -0.219579, 0.261937, 0.341768, 0.676516, -0.65232, -0.858754, 0.506773, 0.075646, 0.381754, 0.534329, 0.75416)

[27]
    Time: 0.866667
    HumanoidRootPart.CFrame = CFrame.new(0, 0, 0, 1, 0, 0, 0, 1, 0, 0, 0, 1)
    Torso.CFrame = CFrame.new(0.168796, -1.25394, -0.291682, 0.852495, 0.449315, 0.267149, -0.339462, 0.864485, -0.370717, -0.397515, 0.225348, 0.889495)
    Head.CFrame = CFrame.new(0, -0, 0, 0.889877, -0.158235, -0.42788, 0.165063, 0.986052, -0.021366, 0.425293, -0.051614, 0.903583)
    Left Arm.CFrame = CFrame.new(0.321926, -0.112985, 0.251199, 0.698617, 0.596729, -0.394779, -0.473693, 0.799262, 0.369859, 0.536237, -0.071385, 0.841044)
    Right Arm.CFrame = CFrame.new(0.049608, -0.38482, 0.001225, 0.324704, -0.722094, 0.610858, 0.62188, 0.649613, 0.437342, -0.712623, 0.237874, 0.659988)
    Left Leg.CFrame = CFrame.new(-0.477299, 0.558267, 0.21901, 0.859218, -0.085238, 0.504459, 0.024248, 0.9917, 0.126267, -0.511035, -0.096259, 0.854153)
    Right Leg.CFrame = CFrame.new(0.366089, -0.052482, 0.461659, 0.313197, 0.708688, -0.632194, -0.838087, 0.51935, 0.16699, 0.446673, 0.477533, 0.756601)

[28]
    Time: 0.900000
    HumanoidRootPart.CFrame = CFrame.new(0, 0, 0, 1, 0, 0, 0, 1, 0, 0, 0, 1)
    Torso.CFrame = CFrame.new(0.12578, -1.26664, -0.204658, 0.777488, 0.511291, 0.366189, -0.34279, 0.832704, -0.434855, -0.527264, 0.212569, 0.822683)
    Head.CFrame = CFrame.new(-0, 0, 0, 0.792033, -0.172309, -0.585657, 0.16617, 0.983968, -0.064772, 0.587428, -0.046017, 0.807967)
    Left Arm.CFrame = CFrame.new(0.13588, 0.020089, 0.497036, 0.188812, 0.759422, -0.622598, -0.552294, 0.60635, 0.572112, 0.811986, 0.235835, 0.53391)
    Right Arm.CFrame = CFrame.new(-0.254739, -0.290894, 0.140926, 0.459348, -0.723055, 0.515937, 0.517753, 0.689916, 0.505912, -0.721756, 0.034739, 0.691276)
    Left Leg.CFrame = CFrame.new(-0.353508, 0.669279, 0.288289, 0.792964, -0.069001, 0.605349, -0.101995, 0.964511, 0.243547, -0.600671, -0.254866, 0.757785)
    Right Leg.CFrame = CFrame.new(0.510691, 0.248764, 0.517253, 0.445108, 0.616152, -0.649797, -0.695407, 0.69501, 0.182673, 0.56417, 0.370564, 0.737831)

[29]
    Time: 0.933333
    HumanoidRootPart.CFrame = CFrame.new(0, 0, 0, 1, 0, 0, 0, 1, 0, 0, 0, 1)
    Torso.CFrame = CFrame.new(0.113569, -1.25428, -0.039723, 0.702523, 0.559169, 0.440217, -0.337118, 0.806251, -0.486118, -0.626747, 0.193104, 0.754916)
    Head.CFrame = CFrame.new(0, 0, -0, 0.701425, -0.207814, -0.681775, 0.194254, 0.976077, -0.097669, 0.685761, -0.06393, 0.725013)
    Left Arm.CFrame = CFrame.new(-0.106074, 0.119983, 0.586454, -0.277474, 0.798061, -0.534889, -0.472018, 0.371678, 0.799409, 0.836784, 0.474293, 0.273568)
    Right Arm.CFrame = CFrame.new(-0.408782, -0.150614, 0.079059, 0.743671, -0.572814, 0.344728, 0.248831, 0.715749, 0.652523, -0.620513, -0.399484, 0.674816)
    Left Leg.CFrame = CFrame.new(-0.194385, 0.63593, 0.288625, 0.706093, -0.039134, 0.707037, -0.26243, 0.912912, 0.312607, -0.657696, -0.406277, 0.634331)
    Right Leg.CFrame = CFrame.new(0.519871, 0.524548, 0.396951, 0.643345, 0.353613, -0.679018, -0.372887, 0.919353, 0.125476, 0.668627, 0.172472, 0.723319)

[30]
    Time: 0.966667
    HumanoidRootPart.CFrame = CFrame.new(0, 0, 0, 1, 0, 0, 0, 1, 0, 0, 0, 1)
    Torso.CFrame = CFrame.new(0.122196, -1.23431, 0.071114, 0.64298, 0.593813, 0.483697, -0.334524, 0.785872, -0.520096, -0.688963, 0.172603, 0.703945)
    Head.CFrame = CFrame.new(0, -0, -0, 0.639756, -0.237778, -0.730872, 0.234896, 0.96593, -0.108638, 0.731803, -0.102178, 0.673813)
    Left Arm.CFrame = CFrame.new(-0.428647, 0.371103, 0.50101, -0.628665, 0.758225, -0.172845, -0.082383, 0.156076, 0.984304, 0.773301, 0.633036, -0.035654)
    Right Arm.CFrame = CFrame.new(-0.122219, -0.127242, -0.003953, 0.984235, -0.031732, 0.173998, -0.114278, 0.636756, 0.76255, -0.134991, -0.770412, 0.623091)
    Left Leg.CFrame = CFrame.new(0.051204, 0.478554, 0.143954, 0.454222, 0.007731, 0.890855, -0.430906, 0.877118, 0.212095, -0.779745, -0.480213, 0.401738)
    Right Leg.CFrame = CFrame.new(0.415944, 0.514982, 0.232438, 0.700258, 0.013383, -0.713764, 0.027778, 0.998556, 0.045974, 0.713349, -0.05202, 0.698876)

[31]
    Time: 1.000000
    HumanoidRootPart.CFrame = CFrame.new(0, 0, 0, 1, 0, 0, 0, 1, 0, 0, 0, 1)
    Torso.CFrame = CFrame.new(0.123187, -1.2281, 0.078788, 0.619113, 0.613692, 0.48998, -0.345016, 0.773059, -0.5323, -0.705452, 0.160503, 0.690345)
    Head.CFrame = CFrame.new(0, -0, -0, 0.621101, -0.246484, -0.743962, 0.26512, 0.959373, -0.096515, 0.737526, -0.137294, 0.661215)
    Left Arm.CFrame = CFrame.new(-0.567259, 0.580371, 0.140257, -0.541076, 0.799688, 0.260261, 0.332455, -0.080868, 0.939646, 0.77247, 0.594945, -0.222105)
    Right Arm.CFrame = CFrame.new(-0.280738, -0.06754, 0.079186, 0.947532, 0.312999, 0.064916, -0.226847, 0.515327, 0.826425, 0.225217, -0.797791, 0.559292)
    Left Leg.CFrame = CFrame.new(0.230787, 0.251014, -0.131565, 0.062545, 0.058573, 0.996322, -0.479632, 0.877207, -0.021461, -0.875238, -0.476526, 0.082958)
    Right Leg.CFrame = CFrame.new(0.296974, 0.27929, 0.080266, 0.609993, -0.266469, -0.74626, 0.399898, 0.91656, -0.000402, 0.684099, -0.298183, 0.665655)

[32]
    Time: 1.033333
    HumanoidRootPart.CFrame = CFrame.new(0, 0, 0, 1, 0, 0, 0, 1, 0, 0, 0, 1)
    Torso.CFrame = CFrame.new(0.113885, -1.22578, -0.01234, 0.640938, 0.616459, 0.457359, -0.365726, 0.769109, -0.524133, -0.674865, 0.168669, 0.718406)
    Head.CFrame = CFrame.new(-0, 0, -0, 0.652313, -0.246578, -0.716719, 0.277613, 0.957619, -0.076791, 0.705279, -0.148879, 0.693121)
    Left Arm.CFrame = CFrame.new(-0.551276, 0.494475, -0.408926, -0.232617, 0.856921, 0.459973, 0.312332, -0.382075, 0.869752, 0.921053, 0.345983, -0.178766)
    Right Arm.CFrame = CFrame.new(-0.376159, -0.010586, 0.13332, 0.867939, 0.48709, 0.09709, -0.26857, 0.295838, 0.916706, 0.417795, -0.82172, 0.387587)
    Left Leg.CFrame = CFrame.new(0.237883, 0.151558, -0.249481, -0.058345, 0.097997, 0.993475, -0.374379, 0.920392, -0.112774, -0.925438, -0.378516, -0.017012)
    Right Leg.CFrame = CFrame.new(0.105612, -0.065468, -0.11863, 0.432891, -0.459515, -0.775533, 0.728189, 0.685377, 0.000368, 0.531363, -0.564893, 0.631307)

[33]
    Time: 1.066667
    HumanoidRootPart.CFrame = CFrame.new(0, 0, 0, 1, 0, 0, 0, 1, 0, 0, 0, 1)
    Torso.CFrame = CFrame.new(0.074625, -1.21044, -0.068304, 0.666282, 0.607396, 0.432596, -0.386582, 0.777426, -0.496149, -0.63767, 0.163341, 0.752793)
    Head.CFrame = CFrame.new(-0, 0, -1e-06, 0.688479, -0.2636, -0.675657, 0.267258, 0.958262, -0.101525, 0.674218, -0.110678, 0.730192)
    Left Arm.CFrame = CFrame.new(-0.572941, 0.506629, -0.431423, -0.245331, 0.830112, 0.500727, 0.288217, -0.430702, 0.855235, 0.925604, 0.354133, -0.133588)
    Right Arm.CFrame = CFrame.new(-0.405762, 0.020455, 0.152078, 0.829753, 0.531195, 0.171297, -0.274259, 0.120749, 0.954045, 0.4861, -0.838601, 0.245877)
    Left Leg.CFrame = CFrame.new(0.258437, 0.211077, -0.2272, -0.053623, 0.08511, 0.994928, -0.292493, 0.951321, -0.097144, -0.954763, -0.296218, -0.026118)
    Right Leg.CFrame = CFrame.new(0.173654, -0.034207, -0.03941, 0.541126, -0.467405, -0.699082, 0.679435, 0.732855, 0.035933, 0.495531, -0.494425, 0.714138)

[34]
    Time: 1.100000
    HumanoidRootPart.CFrame = CFrame.new(0, 0, 0, 1, 0, 0, 0, 1, 0, 0, 0, 1)
    Torso.CFrame = CFrame.new(0.0224, -1.20232, -0.093835, 0.691834, 0.591729, 0.41379, -0.392827, 0.789291, -0.471919, -0.605849, 0.163941, 0.778505)
    Head.CFrame = CFrame.new(0, 0, 0, 0.717157, -0.272241, -0.641538, 0.256405, 0.959048, -0.120351, 0.64803, -0.078183, 0.757592)
    Left Arm.CFrame = CFrame.new(-0.570562, 0.466553, -0.408994, -0.222361, 0.873332, 0.433412, 0.226094, -0.386233, 0.894263, 0.948387, 0.296841, -0.111572)
    Right Arm.CFrame = CFrame.new(-0.383749, 0.002139, 0.144475, 0.83782, 0.528991, 0.135002, -0.281101, 0.206003, 0.937307, 0.468017, -0.823244, 0.321294)
    Left Leg.CFrame = CFrame.new(0.269354, 0.238563, -0.219629, -0.047257, 0.070297, 0.996406, -0.246736, 0.965788, -0.079839, -0.96793, -0.249622, -0.028296)
    Right Leg.CFrame = CFrame.new(0.261504, -0.037466, -0.006431, 0.734483, -0.477177, -0.482533, 0.603316, 0.784696, 0.142346, 0.310717, -0.39567, 0.864234)

[35]
    Time: 1.133333
    HumanoidRootPart.CFrame = CFrame.new(0, 0, 0, 1, 0, 0, 0, 1, 0, 0, 0, 1)
    Torso.CFrame = CFrame.new(-0.083294, -1.19335, -0.083063, 0.721908, 0.569676, 0.392834, -0.392548, 0.804642, -0.445486, -0.569873, 0.167393, 0.804502)
    Head.CFrame = CFrame.new(-0, -0, 0, 0.758981, -0.260704, -0.596642, 0.256025, 0.962023, -0.094671, 0.598664, -0.080902, 0.796904)
    Left Arm.CFrame = CFrame.new(-0.57546, 0.351611, -0.141782, -0.257, 0.939452, 0.226675, 0.065651, -0.21704, 0.973953, 0.964179, 0.265187, -0.005897)
    Right Arm.CFrame = CFrame.new(-0.314066, -0.037892, 0.121834, 0.857511, 0.505184, 0.097282, -0.300936, 0.339183, 0.891287, 0.417267, -0.793564, 0.442881)
    Left Leg.CFrame = CFrame.new(0.281525, 0.241879, -0.2255, -0.045022, 0.047328, 0.997864, -0.23379, 0.970639, -0.056585, -0.971244, -0.235839, -0.032635)
    Right Leg.CFrame = CFrame.new(0.531863, 0.060264, 0.013629, 0.902524, -0.332278, -0.273939, 0.376099, 0.918033, 0.125562, 0.209764, -0.216351, 0.953515)

[36]
    Time: 1.166667
    HumanoidRootPart.CFrame = CFrame.new(0, 0, 0, 1, 0, 0, 0, 1, 0, 0, 0, 1)
    Torso.CFrame = CFrame.new(-0.202798, -1.17046, -0.064202, 0.778151, 0.522965, 0.347834, -0.380264, 0.83305, -0.401781, -0.49988, 0.180378, 0.847103)
    Head.CFrame = CFrame.new(0, 0, -0, 0.84337, -0.219453, -0.490478, 0.240788, 0.970369, -0.020137, 0.480363, -0.101119, 0.871221)
    Left Arm.CFrame = CFrame.new(-0.499505, 0.123697, -0.012773, -0.126581, 0.991954, -0.002222, -0.203366, -0.023759, 0.978815, 0.970886, 0.124351, 0.204737)
    Right Arm.CFrame = CFrame.new(-0.199738, -0.087054, 0.086772, 0.896271, 0.429697, 0.109816, -0.320982, 0.457596, 0.829202, 0.306054, -0.778438, 0.548055)
    Left Leg.CFrame = CFrame.new(0.192119, 0.305677, -0.115651, 0.150705, -0.028173, 0.988177, -0.212013, 0.975415, 0.060143, -0.965577, -0.21857, 0.141027)
    Right Leg.CFrame = CFrame.new(0.797089, 0.158716, 0.016388, 0.994314, -0.077644, -0.072878, 0.075874, 0.996758, -0.026757, 0.074719, 0.021076, 0.996982)

[37]
    Time: 1.200000
    HumanoidRootPart.CFrame = CFrame.new(0, 0, 0, 1, 0, 0, 0, 1, 0, 0, 0, 1)
    Torso.CFrame = CFrame.new(-0.234711, -1.11724, -0.134236, 0.877447, 0.41759, 0.23602, -0.335201, 0.885769, -0.32102, -0.343114, 0.202564, 0.917192)
    Head.CFrame = CFrame.new(0, -0, -0, 0.952686, -0.132352, -0.273628, 0.157396, 0.984937, 0.071597, 0.26003, -0.111277, 0.959167)
    Left Arm.CFrame = CFrame.new(-0.455053, -0.009427, -0.150351, 0.318842, 0.930944, -0.177998, -0.493135, 0.323318, 0.80764, 0.809418, -0.169732, 0.562168)
    Right Arm.CFrame = CFrame.new(-0.079128, -0.134859, 0.03676, 0.964032, 0.207936, 0.165548, -0.261709, 0.633918, 0.727775, 0.046386, -0.744923, 0.665535)
    Left Leg.CFrame = CFrame.new(-0.075493, 0.435073, 0.06971, 0.477667, -0.13638, 0.867891, -0.05749, 0.980908, 0.185781, -0.876658, -0.138636, 0.460706)
    Right Leg.CFrame = CFrame.new(0.826413, 0.169406, -0.048029, 0.993894, 0.106963, -0.027101, -0.109532, 0.986082, -0.125077, 0.013345, 0.127282, 0.991777)

[38]
    Time: 1.233333
    HumanoidRootPart.CFrame = CFrame.new(0, 0, 0, 1, 0, 0, 0, 1, 0, 0, 0, 1)
    Torso.CFrame = CFrame.new(-0.303783, -1.01995, -0.235522, 0.953993, 0.285916, 0.090277, -0.264664, 0.944512, -0.19455, -0.140893, 0.161706, 0.976729)
    Head.CFrame = CFrame.new(0, -0, 0, 0.999151, -0.039159, -0.012799, 0.039929, 0.996969, 0.066775, 0.010146, -0.06723, 0.997686)
    Left Arm.CFrame = CFrame.new(-0.135566, -0.287189, 0.082952, 0.566777, 0.797102, -0.208307, -0.614416, 0.577393, 0.53769, 0.548869, -0.176763, 0.817005)
    Right Arm.CFrame = CFrame.new(-0.235836, -0.119799, 0.049633, 0.918975, -0.278627, 0.27902, 0.045253, 0.777452, 0.627312, -0.39171, -0.563858, 0.727067)
    Left Leg.CFrame = CFrame.new(-0.464892, 0.523952, 0.089304, 0.7808, -0.276368, 0.560332, 0.115553, 0.945252, 0.3052, -0.614002, -0.173552, 0.769987)
    Right Leg.CFrame = CFrame.new(0.760291, 0.197299, 0.019578, 0.971656, 0.221102, -0.083656, -0.227164, 0.971224, -0.071556, 0.065428, 0.088532, 0.993922)

[39]
    Time: 1.266667
    HumanoidRootPart.CFrame = CFrame.new(0, 0, 0, 1, 0, 0, 0, 1, 0, 0, 0, 1)
    Torso.CFrame = CFrame.new(-0.408876, -0.951664, -0.325701, 0.972607, 0.23163, -0.019593, -0.232378, 0.966602, -0.108079, -0.006095, 0.109672, 0.993949)
    Head.CFrame = CFrame.new(0, -0, -0, 0.989697, -0.000502, 0.143174, -0.002806, 0.999734, 0.022905, -0.143148, -0.02307, 0.989432)
    Left Arm.CFrame = CFrame.new(0.189318, -0.182419, 0.08053, 0.912239, 0.350422, -0.212191, -0.270637, 0.904357, 0.329991, 0.307533, -0.243603, 0.919827)
    Right Arm.CFrame = CFrame.new(-0.148872, -0.165863, 0.098241, 0.761818, -0.499732, 0.412191, 0.206951, 0.79071, 0.57615, -0.613844, -0.353618, 0.705797)
    Left Leg.CFrame = CFrame.new(-0.623495, 0.627228, 0.016573, 0.866406, -0.319961, 0.383361, 0.163222, 0.907031, 0.388141, -0.471911, -0.273714, 0.838082)
    Right Leg.CFrame = CFrame.new(0.763445, 0.30745, 0.08888, 0.946513, 0.3029, -0.111198, -0.302097, 0.952965, 0.024407, 0.113361, 0.010491, 0.993499)

[40]
    Time: 1.300000
    HumanoidRootPart.CFrame = CFrame.new(0, 0, 0, 1, 0, 0, 0, 1, 0, 0, 0, 1)
    Torso.CFrame = CFrame.new(-0.510149, -0.898847, -0.272269, 0.982928, 0.147301, -0.110247, -0.154041, 0.986515, -0.055306, 0.100614, 0.071344, 0.992364)
    Head.CFrame = CFrame.new(0, 0, 0, 0.971847, 0.088609, 0.218318, -0.084096, 0.996009, -0.029896, -0.220095, 0.010694, 0.97542)
