[1]
    Time: 0.000000
    HumanoidRootPart.CFrame = CFrame.new(0, 0, 0, 1, 0, 0, 0, 1, 0, 0, 0, 1)
    Torso.CFrame = CFrame.new(0.048912, -0.185284, -0.355716, 0.999709, -0.015831, -0.018181, 0.010922, 0.969754, -0.243842, 0.021492, 0.243573, 0.969645)
    Left Leg.CFrame = CFrame.new(-0.684691, 0.412211, 0.037472, 0.963395, -0.229848, 0.13799, 0.159408, 0.904974, 0.394477, -0.215547, -0.35804, 0.908486)
    Right Arm.CFrame = CFrame.new(-0.008396, -0.609621, 0.211976, -0.691327, -0.269655, 0.670339, 0.719892, -0.336457, 0.607086, 0.061837, 0.902266, 0.426723)
    Head.CFrame = CFrame.new(0.004289, 0.048975, -0.005973, 0.998269, -0.017161, -0.056246, -0.000125, 0.955854, -0.293843, 0.058806, 0.293341, 0.954198)
    Left Arm.CFrame = CFrame.new(0.534495, -0.593159, 0.241733, -0.564141, 0.779351, -0.272687, -0.76317, -0.366122, 0.532473, 0.315146, 0.508496, 0.801321)
    Right Leg.CFrame = CFrame.new(0.764207, 0.431582, 0.02228, 0.967431, 0.252971, -0.009068, -0.241998, 0.934789, 0.260013, 0.074252, -0.24935, 0.965563)

[2]
    Time: 0.033333
    HumanoidRootPart.CFrame = CFrame.new(0, 0, 0, 1, 0, 0, 0, 1, 0, 0, 0, 1)
    Torso.CFrame = CFrame.new(0.113239, -0.147911, -0.32925, 0.998563, 0.053361, -0.004874, -0.053365, 0.982176, -0.180231, -0.00483, 0.180232, 0.983612)
    Left Leg.CFrame = CFrame.new(-0.690383, 0.343785, 0.055865, 0.930585, -0.345433, 0.121197, 0.274751, 0.877825, 0.392346, -0.241919, -0.331812, 0.911798)
    Right Arm.CFrame = CFrame.new(0.199744, -0.522607, 0.064959, -0.732631, -0.38241, 0.563041, 0.673044, -0.28391, 0.682939, -0.10131, 0.879294, 0.46538)
    Head.CFrame = CFrame.new(-0.000965, 0.036305, -0.003186, 0.999613, -0.005284, -0.027321, -0.002399, 0.961789, -0.273782, 0.027724, 0.273742, 0.961404)
    Left Arm.CFrame = CFrame.new(0.112457, -0.61921, 0.304483, -0.665495, 0.743885, -0.061259, -0.585521, -0.469392, 0.660936, 0.462906, 0.475717, 0.747938)
    Right Leg.CFrame = CFrame.new(0.727023, 0.373563, 0.056233, 0.968693, 0.247894, 0.013525, -0.244046, 0.940833, 0.235106, 0.045557, -0.231047, 0.971876)

[3]
    Time: 0.066667
    HumanoidRootPart.CFrame = CFrame.new(0, 0, 0, 1, 0, 0, 0, 1, 0, 0, 0, 1)
    Torso.CFrame = CFrame.new(0.242271, -0.135441, -0.247228, 0.990549, 0.122779, 0.061145, -0.115264, 0.986757, -0.114124, -0.074348, 0.105998, 0.991583)
    Left Leg.CFrame = CFrame.new(-0.594531, 0.28051, 0.052789, 0.894701, -0.424162, 0.139991, 0.331246, 0.840329, 0.429095, -0.299645, -0.33754, 0.892345)
    Right Arm.CFrame = CFrame.new(0.343914, -0.28914, -0.221873, -0.572441, -0.686855, 0.44782, 0.714407, -0.14976, 0.683517, -0.402411, 0.711198, 0.576422)
    Head.CFrame = CFrame.new(-0.014876, 0.021464, -0.001595, 0.998838, -0.003353, -0.048069, -0.009419, 0.964749, -0.263006, 0.047256, 0.263153, 0.963596)
    Left Arm.CFrame = CFrame.new(-0.332992, -0.431461, 0.279687, -0.585688, 0.807122, 0.074324, -0.508347, -0.437202, 0.741915, 0.63131, 0.396749, 0.666362)
    Right Leg.CFrame = CFrame.new(0.528591, 0.234451, 0.098641, 0.98403, 0.176037, -0.02639, -0.168001, 0.967468, 0.18916, 0.05883, -0.181706, 0.981592)

[4]
    Time: 0.100000
    HumanoidRootPart.CFrame = CFrame.new(0, 0, 0, 1, 0, 0, 0, 1, 0, 0, 0, 1)
    Torso.CFrame = CFrame.new(0.330296, -0.137135, -0.215079, 0.977272, 0.180929, 0.110472, -0.171656, 0.98118, -0.088435, -0.124393, 0.067461, 0.989937)
    Left Leg.CFrame = CFrame.new(-0.536562, 0.265087, 0.065312, 0.857916, -0.482026, 0.177853, 0.360163, 0.811082, 0.4609, -0.366419, -0.331357, 0.869448)
    Right Arm.CFrame = CFrame.new(0.399897, -0.121637, -0.34365, -0.390394, -0.840862, 0.374892, 0.732915, -0.037419, 0.679291, -0.557162, 0.539955, 0.630888)
    Head.CFrame = CFrame.new(-0.024887, 0.013749, -0.001923, 0.996327, -0.002537, -0.085595, -0.020276, 0.964148, -0.264592, 0.083198, 0.265356, 0.960555)
    Left Arm.CFrame = CFrame.new(-0.49796, -0.276016, 0.189839, -0.492833, 0.868906, 0.046025, -0.487857, -0.319731, 0.812261, 0.720494, 0.377856, 0.581476)
    Right Leg.CFrame = CFrame.new(0.455213, 0.173919, 0.103308, 0.990357, 0.132115, -0.041705, -0.123544, 0.97841, 0.165683, 0.062694, -0.158933, 0.985297)

[5]
    Time: 0.133333
    HumanoidRootPart.CFrame = CFrame.new(0, 0, 0, 1, 0, 0, 0, 1, 0, 0, 0, 1)
    Torso.CFrame = CFrame.new(0.410351, -0.140598, -0.2187, 0.956966, 0.248703, 0.149544, -0.240567, 0.968067, -0.070523, -0.162308, 0.031513, 0.986237)
    Left Leg.CFrame = CFrame.new(-0.510348, 0.255406, 0.09702, 0.794878, -0.562548, 0.227397, 0.409019, 0.77359, 0.484007, -0.448189, -0.291717, 0.845002)
    Right Arm.CFrame = CFrame.new(0.463488, -0.01337, -0.378668, -0.265774, -0.919403, 0.289936, 0.712667, 0.015156, 0.701339, -0.649207, 0.393026, 0.6512)
    Head.CFrame = CFrame.new(-0.032465, 0.006564, -0.002665, 0.993662, 0.000921, -0.112407, -0.030568, 0.964497, -0.262318, 0.108175, 0.264092, 0.958413)
    Left Arm.CFrame = CFrame.new(-0.594372, -0.158614, 0.074376, -0.431189, 0.90219, 0.011367, -0.428634, -0.215912, 0.877301, 0.793946, 0.37341, 0.479808)
    Right Leg.CFrame = CFrame.new(0.475687, 0.143205, 0.100432, 0.990748, 0.129811, -0.039603, -0.122777, 0.981626, 0.146074, 0.057837, -0.13986, 0.988481)

[6]
    Time: 0.166667
    HumanoidRootPart.CFrame = CFrame.new(0, 0, 0, 1, 0, 0, 0, 1, 0, 0, 0, 1)
    Torso.CFrame = CFrame.new(0.500458, -0.151173, -0.252193, 0.929217, 0.317657, 0.188813, -0.314018, 0.948115, -0.049701, -0.194804, -0.013108, 0.980755)
    Left Leg.CFrame = CFrame.new(-0.500038, 0.239903, 0.148803, 0.696943, -0.66188, 0.276019, 0.482402, 0.717501, 0.502475, -0.530622, -0.217044, 0.819349)
    Right Arm.CFrame = CFrame.new(0.532349, 0.01823, -0.337458, -0.181319, -0.961114, 0.208289, 0.687861, 0.027422, 0.725324, -0.70283, 0.274789, 0.65614)
    Head.CFrame = CFrame.new(-0.038961, -0.002357, -0.003758, 0.992649, 0.010766, -0.120549, -0.042877, 0.962717, -0.267092, 0.113179, 0.270297, 0.956102)
    Left Arm.CFrame = CFrame.new(-0.637574, -0.090023, -0.088028, -0.390716, 0.91967, -0.039359, -0.37764, -0.121151, 0.917992, 0.839481, 0.373538, 0.39464)
    Right Leg.CFrame = CFrame.new(0.546067, 0.122677, 0.085383, 0.98611, 0.165334, -0.015907, -0.161419, 0.976501, 0.14279, 0.039141, -0.138239, 0.989625)

[7]
    Time: 0.200000
    HumanoidRootPart.CFrame = CFrame.new(0, 0, 0, 1, 0, 0, 0, 1, 0, 0, 0, 1)
    Torso.CFrame = CFrame.new(0.606758, -0.113834, -0.294029, 0.890486, 0.385022, 0.242474, -0.40466, 0.913793, 0.035109, -0.208053, -0.129384, 0.969523)
    Left Leg.CFrame = CFrame.new(-0.456648, 0.168325, 0.206909, 0.536892, -0.789333, 0.297828, 0.593854, 0.604339, 0.531142, -0.599237, -0.108299, 0.793213)
    Right Arm.CFrame = CFrame.new(0.539784, -0.180743, -0.129652, -0.186994, -0.957587, 0.219227, 0.714197, 0.020707, 0.699638, -0.674504, 0.287399, 0.680034)
    Head.CFrame = CFrame.new(-0.041612, -0.025619, -0.005992, 0.995408, 0.024099, -0.09264, -0.051799, 0.949458, -0.309591, 0.080497, 0.312968, 0.946346)
    Left Arm.CFrame = CFrame.new(-0.593359, -0.182534, -0.199641, -0.448724, 0.866662, -0.218046, -0.505268, -0.044786, 0.8618, 0.737124, 0.496881, 0.457993)
    Right Leg.CFrame = CFrame.new(0.600746, 0.085351, 0.058493, 0.970863, 0.237256, 0.033701, -0.239583, 0.957999, 0.157602, 0.005107, -0.161084, 0.986928)

[8]
    Time: 0.233333
    HumanoidRootPart.CFrame = CFrame.new(0, 0, 0, 1, 0, 0, 0, 1, 0, 0, 0, 1)
    Torso.CFrame = CFrame.new(0.68935, -0.094517, -0.29457, 0.871199, 0.396075, 0.290064, -0.434438, 0.897163, 0.079766, -0.228642, -0.195507, 0.953677)
    Left Leg.CFrame = CFrame.new(-0.436762, 0.128242, 0.195379, 0.471496, -0.836606, 0.278896, 0.626175, 0.540295, 0.562126, -0.620964, -0.090402, 0.778609)
    Right Arm.CFrame = CFrame.new(0.297436, -0.467565, 0.200952, -0.3294, -0.90562, 0.267109, 0.736528, -0.069447, 0.672832, -0.590781, 0.418365, 0.689891)
    Head.CFrame = CFrame.new(-0.045723, -0.038846, -0.009154, 0.996581, 0.028052, -0.077721, -0.052647, 0.940535, -0.335593, 0.063685, 0.338537, 0.938795)
    Left Arm.CFrame = CFrame.new(-0.423271, -0.420423, -0.107101, -0.593169, 0.666933, -0.450945, -0.675365, -0.107329, 0.729632, 0.438217, 0.737348, 0.514087)
    Right Leg.CFrame = CFrame.new(0.54548, 0.052897, 0.075858, 0.974368, 0.219035, 0.0513, -0.224056, 0.965318, 0.134018, -0.020167, -0.142077, 0.98965)

[9]
    Time: 0.266667
    HumanoidRootPart.CFrame = CFrame.new(0, 0, 0, 1, 0, 0, 0, 1, 0, 0, 0, 1)
    Torso.CFrame = CFrame.new(0.698132, -0.122524, -0.284751, 0.878221, 0.381986, 0.287774, -0.411795, 0.909968, 0.048829, -0.243213, -0.161386, 0.956453)
    Left Leg.CFrame = CFrame.new(-0.470153, 0.144022, 0.182074, 0.503266, -0.818848, 0.276065, 0.605926, 0.562168, 0.562869, -0.616098, -0.115998, 0.779081)
    Right Arm.CFrame = CFrame.new(-0.00839, -0.572685, 0.358312, -0.460558, -0.821807, 0.335438, 0.759807, -0.169632, 0.627628, -0.458889, 0.543928, 0.702541)
    Head.CFrame = CFrame.new(-0.048637, -0.032017, -0.008603, 0.996564, 0.033757, -0.075646, -0.056724, 0.943595, -0.326209, 0.060367, 0.329378, 0.942266)
    Left Arm.CFrame = CFrame.new(-0.230519, -0.560135, 0.071365, -0.669437, 0.462553, -0.581292, -0.721034, -0.216252, 0.658289, 0.178788, 0.859814, 0.478283)
    Right Leg.CFrame = CFrame.new(0.519844, 0.059659, 0.083221, 0.983067, 0.172477, 0.061892, -0.17904, 0.976007, 0.123916, -0.039034, -0.132899, 0.990361)

[10]
    Time: 0.300000
    HumanoidRootPart.CFrame = CFrame.new(0, 0, 0, 1, 0, 0, 0, 1, 0, 0, 0, 1)
    Torso.CFrame = CFrame.new(0.681725, -0.161346, -0.311251, 0.899082, 0.351607, 0.260815, -0.359424, 0.932986, -0.018759, -0.249932, -0.076877, 0.965207)
    Left Leg.CFrame = CFrame.new(-0.588971, 0.179292, 0.175477, 0.552585, -0.78796, 0.271605, 0.587866, 0.599488, 0.543165, -0.590816, -0.140477, 0.794483)
    Right Arm.CFrame = CFrame.new(-0.291893, -0.597807, 0.35191, -0.533493, -0.714147, 0.453188, 0.815523, -0.292236, 0.499521, -0.224293, 0.636076, 0.738309)
    Head.CFrame = CFrame.new(-0.049973, -0.015113, -0.00685, 0.997296, 0.033674, -0.065314, -0.053542, 0.941758, -0.332003, 0.05033, 0.334603, 0.941015)
    Left Arm.CFrame = CFrame.new(0.011193, -0.60561, 0.246102, -0.660943, 0.345867, -0.665982, -0.750437, -0.304166, 0.586795, 0.000384, 0.887614, 0.460588)
    Right Leg.CFrame = CFrame.new(0.598007, 0.10392, 0.075854, 0.982322, 0.169358, 0.079762, -0.179199, 0.973948, 0.138973, -0.054148, -0.150809, 0.987079)

[11]
    Time: 0.333333
    HumanoidRootPart.CFrame = CFrame.new(0, 0, 0, 1, 0, 0, 0, 1, 0, 0, 0, 1)
    Torso.CFrame = CFrame.new(0.671902, -0.175343, -0.37962, 0.922853, 0.301735, 0.239373, -0.290009, 0.95336, -0.083662, -0.253452, 0.007787, 0.967317)
    Left Leg.CFrame = CFrame.new(-0.761024, 0.247062, 0.155188, 0.596461, -0.76407, 0.245828, 0.580253, 0.622088, 0.525655, -0.554564, -0.170891, 0.814405)
    Right Arm.CFrame = CFrame.new(-0.428411, -0.590302, 0.333554, -0.533302, -0.610919, 0.585122, 0.845635, -0.36688, 0.387688, -0.022176, 0.701553, 0.712272)
    Head.CFrame = CFrame.new(-0.050689, 0.001812, -0.006421, 0.998652, 0.012211, -0.050455, -0.029777, 0.930894, -0.364075, 0.042523, 0.365087, 0.930002)
    Left Arm.CFrame = CFrame.new(0.252098, -0.579222, 0.349343, -0.623523, 0.363459, -0.692183, -0.780623, -0.338104, 0.525656, -0.042975, 0.868092, 0.49454)
    Right Leg.CFrame = CFrame.new(0.686731, 0.162393, 0.065503, 0.976902, 0.194235, 0.089079, -0.206706, 0.964648, 0.163483, -0.054176, -0.17812, 0.982516)

[12]
    Time: 0.366667
    HumanoidRootPart.CFrame = CFrame.new(0, 0, 0, 1, 0, 0, 0, 1, 0, 0, 0, 1)
    Torso.CFrame = CFrame.new(0.65593, -0.224697, -0.420646, 0.963419, 0.160824, 0.214383, -0.111709, 0.968111, -0.224239, -0.24361, 0.192087, 0.950661)
    Left Leg.CFrame = CFrame.new(-0.930395, 0.459236, -0.024606, 0.793667, -0.582049, 0.17695, 0.438083, 0.748641, 0.497615, -0.422108, -0.317422, 0.849158)
    Right Arm.CFrame = CFrame.new(-0.288922, -0.615677, 0.470031, -0.617387, -0.382646, 0.687325, 0.785007, -0.356283, 0.506781, 0.050965, 0.852435, 0.520344)
    Head.CFrame = CFrame.new(-0.048728, 0.038673, -0.009756, 0.998893, -0.031952, -0.034509, 0.017955, 0.937281, -0.348114, 0.043467, 0.347109, 0.936817)
    Left Arm.CFrame = CFrame.new(0.316928, -0.586833, 0.403766, -0.744765, 0.410202, -0.526365, -0.66552, -0.398543, 0.631069, 0.049087, 0.820304, 0.569818)
    Right Leg.CFrame = CFrame.new(0.579576, 0.245178, 0.103363, 0.99484, 0.100546, -0.013562, -0.096383, 0.978353, 0.183127, 0.031681, -0.180875, 0.982996)

[13]
    Time: 0.400000
    HumanoidRootPart.CFrame = CFrame.new(0, 0, 0, 1, 0, 0, 0, 1, 0, 0, 0, 1)
    Torso.CFrame = CFrame.new(0.659695, -0.272869, -0.352014, 0.970366, 0.086077, 0.225792, -0.011928, 0.950328, -0.311022, -0.241348, 0.299111, 0.923192)
    Left Leg.CFrame = CFrame.new(-0.849673, 0.560683, -0.145044, 0.921125, -0.358998, 0.1505, 0.243959, 0.833666, 0.495464, -0.303338, -0.419668, 0.855492)
    Right Arm.CFrame = CFrame.new(0.102685, -0.608779, 0.421889, -0.803321, -0.180502, 0.567535, 0.58963, -0.375057, 0.71531, 0.083743, 0.909259, 0.407721)
    Head.CFrame = CFrame.new(-0.048286, 0.060088, -0.015278, 0.998325, -0.050797, -0.027695, 0.042471, 0.968486, -0.24542, 0.039289, 0.243832, 0.969021)
    Left Arm.CFrame = CFrame.new(0.031106, -0.575736, 0.476651, -0.901494, 0.415084, -0.122531, -0.330191, -0.476612, 0.814748, 0.279789, 0.77495, 0.56672)
    Right Leg.CFrame = CFrame.new(0.322032, 0.207269, 0.132297, 0.987593, -0.114945, -0.106997, 0.130054, 0.980545, 0.147028, 0.088015, -0.159119, 0.983329)

[14]
    Time: 0.433333
    HumanoidRootPart.CFrame = CFrame.new(0, 0, 0, 1, 0, 0, 0, 1, 0, 0, 0, 1)
    Torso.CFrame = CFrame.new(0.658447, -0.260502, -0.27307, 0.964175, 0.123475, 0.234779, -0.056456, 0.960302, -0.27319, -0.25919, 0.250149, 0.93287)
    Left Leg.CFrame = CFrame.new(-0.752175, 0.48172, -0.112724, 0.913061, -0.368089, 0.175586, 0.235095, 0.826871, 0.510896, -0.333242, -0.4252, 0.841519)
    Right Arm.CFrame = CFrame.new(0.282176, -0.52962, 0.151322, -0.824572, -0.307609, 0.474824, 0.565266, -0.412963, 0.714098, -0.023578, 0.857227, 0.514399)
    Head.CFrame = CFrame.new(-0.051853, 0.050293, -0.013351, 0.99759, -0.057153, -0.039352, 0.047494, 0.97584, -0.213264, 0.05059, 0.210881, 0.976202)
    Left Arm.CFrame = CFrame.new(-0.191761, -0.457538, 0.503071, -0.822704, 0.557611, 0.110581, -0.210556, -0.47959, 0.851857, 0.528038, 0.677543, 0.511969)
    Right Leg.CFrame = CFrame.new(0.147441, 0.109288, 0.118449, 0.964613, -0.235953, -0.117672, 0.249419, 0.961297, 0.117037, 0.085502, -0.142245, 0.986132)

[15]
    Time: 0.466667
    HumanoidRootPart.CFrame = CFrame.new(0, 0, 0, 1, 0, 0, 0, 1, 0, 0, 0, 1)
    Torso.CFrame = CFrame.new(0.677765, -0.226383, -0.240386, 0.949248, 0.169722, 0.264806, -0.117947, 0.97256, -0.200539, -0.291576, 0.159129, 0.943219)
    Left Leg.CFrame = CFrame.new(-0.708848, 0.406326, -0.072329, 0.862296, -0.470162, 0.188133, 0.303007, 0.776691, 0.552212, -0.40575, -0.419164, 0.8122)
    Right Arm.CFrame = CFrame.new(0.357992, -0.317695, -0.163138, -0.689022, -0.577904, 0.437351, 0.685949, -0.325233, 0.650921, -0.233929, 0.748499, 0.620505)
    Head.CFrame = CFrame.new(-0.058328, 0.032091, -0.011277, 0.994662, -0.070094, -0.075726, 0.051755, 0.973775, -0.22155, 0.08927, 0.216448, 0.972205)
    Left Arm.CFrame = CFrame.new(-0.387274, -0.301052, 0.425567, -0.623083, 0.758992, 0.188943, -0.253125, -0.42424, 0.869453, 0.740065, 0.493915, 0.456457)
    Right Leg.CFrame = CFrame.new(0.072562, 0.033458, 0.102571, 0.9646, -0.23871, -0.112096, 0.248551, 0.964981, 0.083876, 0.088148, -0.108768, 0.990152)

[16]
    Time: 0.500000
    HumanoidRootPart.CFrame = CFrame.new(0, 0, 0, 1, 0, 0, 0, 1, 0, 0, 0, 1)
    Torso.CFrame = CFrame.new(0.719837, -0.206341, -0.259996, 0.925776, 0.225353, 0.303571, -0.189786, 0.971449, -0.142371, -0.326987, 0.07419, 0.942112)
    Left Leg.CFrame = CFrame.new(-0.703089, 0.357675, -0.014201, 0.770769, -0.602263, 0.207834, 0.389643, 0.70369, 0.594137, -0.504077, -0.376962, 0.77705)
    Right Arm.CFrame = CFrame.new(0.402655, -0.051762, -0.361021, -0.48578, -0.788585, 0.37703, 0.751554, -0.156588, 0.640817, -0.4463, 0.594655, 0.668732)
    Head.CFrame = CFrame.new(-0.06542, 0.015106, -0.011504, 0.988531, -0.083484, -0.125843, 0.055169, 0.975347, -0.213673, 0.140579, 0.20428, 0.968766)
    Left Arm.CFrame = CFrame.new(-0.564631, -0.148499, 0.242098, -0.431138, 0.885076, 0.175391, -0.298523, -0.32336, 0.897955, 0.851472, 0.334784, 0.403628)
    Right Leg.CFrame = CFrame.new(0.167604, 0.00448, 0.111062, 0.98683, -0.114712, -0.114049, 0.120485, 0.991692, 0.045063, 0.107932, -0.058211, 0.992453)

[17]
    Time: 0.533333
    HumanoidRootPart.CFrame = CFrame.new(0, 0, 0, 1, 0, 0, 0, 1, 0, 0, 0, 1)
    Torso.CFrame = CFrame.new(0.748337, -0.19899, -0.32471, 0.90597, 0.26409, 0.330871, -0.242699, 0.964382, -0.105194, -0.346866, 0.015001, 0.937795)
    Left Leg.CFrame = CFrame.new(-0.727531, 0.335071, 0.051841, 0.663434, -0.714557, 0.221954, 0.467706, 0.627576, 0.622414, -0.584044, -0.309122, 0.750558)
    Right Arm.CFrame = CFrame.new(0.471501, 0.087026, -0.398897, -0.348574, -0.898866, 0.265589, 0.727272, -0.080639, 0.681596, -0.591246, 0.430741, 0.681828)
    Head.CFrame = CFrame.new(-0.069393, 0.00327, -0.012378, 0.983849, -0.07918, -0.160538, 0.049444, 0.982165, -0.181402, 0.172039, 0.170535, 0.970217)
    Left Arm.CFrame = CFrame.new(-0.670343, -0.055054, 0.008132, -0.351966, 0.928442, 0.118814, -0.305765, -0.234018, 0.9229, 0.884663, 0.288499, 0.366252)
    Right Leg.CFrame = CFrame.new(0.371304, 0.006497, 0.121888, 0.992428, 0.075012, -0.097266, -0.071373, 0.996632, 0.040371, 0.099967, -0.033123, 0.994439)

[18]
    Time: 0.566667
    HumanoidRootPart.CFrame = CFrame.new(0, 0, 0, 1, 0, 0, 0, 1, 0, 0, 0, 1)
    Torso.CFrame = CFrame.new(0.751556, -0.168331, -0.38083, 0.890969, 0.294835, 0.345321, -0.292206, 0.954412, -0.06095, -0.347549, -0.0466, 0.936503)
    Left Leg.CFrame = CFrame.new(-0.740377, 0.297571, 0.115225, 0.56209, -0.797588, 0.218882, 0.533334, 0.551809, 0.64114, -0.632147, -0.243641, 0.735547)
    Right Arm.CFrame = CFrame.new(0.5579, 0.068446, -0.324138, -0.250946, -0.950252, 0.18452, 0.710654, -0.051424, 0.70166, -0.657265, 0.307209, 0.688205)
    Head.CFrame = CFrame.new(-0.06952, -0.009048, -0.012633, 0.987117, -0.054597, -0.150395, 0.026023, 0.982248, -0.185776, 0.157868, 0.179469, 0.971014)
    Left Arm.CFrame = CFrame.new(-0.672725, -0.064809, -0.19551, -0.358608, 0.933482, -0.00365, -0.366511, -0.137201, 0.920242, 0.858528, 0.331344, 0.391332)
    Right Leg.CFrame = CFrame.new(0.527349, 0.004033, 0.109901, 0.978446, 0.203861, -0.032933, -0.20223, 0.978211, 0.046976, 0.041792, -0.039303, 0.998353)

[19]
    Time: 0.600000
    HumanoidRootPart.CFrame = CFrame.new(0, 0, 0, 1, 0, 0, 0, 1, 0, 0, 0, 1)
    Torso.CFrame = CFrame.new(0.754368, -0.12093, -0.371677, 0.874438, 0.326342, 0.358969, -0.344993, 0.938518, -0.012822, -0.341083, -0.11263, 0.933262)
    Left Leg.CFrame = CFrame.new(-0.684151, 0.256657, 0.134104, 0.514526, -0.830459, 0.213545, 0.55204, 0.511377, 0.658594, -0.656137, -0.220978, 0.721563)
    Right Arm.CFrame = CFrame.new(0.571094, -0.058514, -0.2268, -0.220163, -0.951111, 0.216604, 0.724081, -0.010554, 0.689635, -0.653633, 0.30867, 0.691005)
    Head.CFrame = CFrame.new(-0.068232, -0.022264, -0.013265, 0.991484, -0.046188, -0.121761, 0.015815, 0.970777, -0.239464, 0.129263, 0.235499, 0.96324)
    Left Arm.CFrame = CFrame.new(-0.632829, -0.142935, -0.236559, -0.371049, 0.919864, -0.127177, -0.460091, -0.063146, 0.885624, 0.806622, 0.387123, 0.446651)
    Right Leg.CFrame = CFrame.new(0.547939, -0.020758, 0.121391, 0.972447, 0.231835, -0.024489, -0.231273, 0.972599, 0.023758, 0.029326, -0.01744, 0.999418)

[20]
    Time: 0.633333
    HumanoidRootPart.CFrame = CFrame.new(0, 0, 0, 1, 0, 0, 0, 1, 0, 0, 0, 1)
    Torso.CFrame = CFrame.new(0.756893, -0.076824, -0.33024, 0.863933, 0.328107, 0.382055, -0.364277, 0.930976, 0.024215, -0.347739, -0.160094, 0.923822)
    Left Leg.CFrame = CFrame.new(-0.612919, 0.257513, 0.127751, 0.530374, -0.823501, 0.201371, 0.536826, 0.510077, 0.672042, -0.656142, -0.248332, 0.712608)
    Right Arm.CFrame = CFrame.new(0.484324, -0.298144, -0.003448, -0.30004, -0.906893, 0.295842, 0.717177, -0.00996, 0.69682, -0.628994, 0.421244, 0.653391)
    Head.CFrame = CFrame.new(-0.069558, -0.031765, -0.015137, 0.994215, -0.047157, -0.096509, 0.015631, 0.952433, -0.304348, 0.106271, 0.301079, 0.947659)
    Left Arm.CFrame = CFrame.new(-0.550552, -0.284377, -0.164087, -0.452882, 0.851504, -0.264272, -0.545382, -0.030096, 0.837647, 0.705306, 0.523485, 0.478025)
    Right Leg.CFrame = CFrame.new(0.486869, -0.066336, 0.127941, 0.978705, 0.204673, -0.0157, -0.204948, 0.978596, -0.018632, 0.011551, 0.021453, 0.999703)

[21]
    Time: 0.666667
    HumanoidRootPart.CFrame = CFrame.new(0, 0, 0, 1, 0, 0, 0, 1, 0, 0, 0, 1)
    Torso.CFrame = CFrame.new(0.682892, -0.073345, -0.257245, 0.901057, 0.269855, 0.339521, -0.290201, 0.956918, 0.009596, -0.322304, -0.107176, 0.94055)
    Left Leg.CFrame = CFrame.new(-0.598251, 0.278173, 0.070262, 0.678478, -0.718291, 0.154035, 0.495933, 0.602538, 0.625299, -0.541958, -0.34786, 0.765032)
    Right Arm.CFrame = CFrame.new(0.065519, -0.548194, 0.448429, -0.520867, -0.733423, 0.436794, 0.721799, -0.105216, 0.684059, -0.455747, 0.671581, 0.584187)
    Head.CFrame = CFrame.new(-0.064466, -0.021178, -0.011779, 0.997535, -0.031048, -0.062939, 0.007024, 0.936483, -0.350643, 0.069828, 0.349336, 0.934392)
    Left Arm.CFrame = CFrame.new(-0.28276, -0.516931, 0.12116, -0.682735, 0.54807, -0.483212, -0.647592, -0.147626, 0.74755, 0.338375, 0.823302, 0.455715)
    Right Leg.CFrame = CFrame.new(0.397795, -0.032201, 0.111179, 0.993952, 0.105924, 0.028996, -0.106217, 0.994304, 0.00876, -0.027903, -0.011787, 0.999541)

[22]
    Time: 0.700000
    HumanoidRootPart.CFrame = CFrame.new(0, 0, 0, 1, 0, 0, 0, 1, 0, 0, 0, 1)
    Torso.CFrame = CFrame.new(0.535889, -0.133472, -0.275161, 0.958663, 0.206107, 0.196177, -0.186706, 0.975904, -0.112926, -0.214725, 0.07163, 0.974044)
    Left Leg.CFrame = CFrame.new(-0.700387, 0.33448, -0.002137, 0.826772, -0.546232, 0.134455, 0.412411, 0.751113, 0.515507, -0.382577, -0.370756, 0.846271)
    Right Arm.CFrame = CFrame.new(-0.484169, -0.551017, 0.427047, -0.536368, -0.639776, 0.550451, 0.832543, -0.294047, 0.469478, -0.138502, 0.710087, 0.690358)
    Head.CFrame = CFrame.new(-0.042949, 0.014581, -0.00508, 0.999217, -0.007316, -0.03888, -0.00673, 0.936999, -0.349268, 0.038986, 0.349256, 0.936216)
    Left Arm.CFrame = CFrame.new(0.12558, -0.605579, 0.308504, -0.661472, 0.292777, -0.690461, -0.746225, -0.348826, 0.566982, -0.074852, 0.890282, 0.449216)
    Right Leg.CFrame = CFrame.new(0.547203, 0.189773, 0.06201, 0.995967, 0.054927, 0.07094, -0.066403, 0.983004, 0.171155, -0.060333, -0.175176, 0.982687)

[23]
    Time: 0.733333
    HumanoidRootPart.CFrame = CFrame.new(0, 0, 0, 1, 0, 0, 0, 1, 0, 0, 0, 1)
    Torso.CFrame = CFrame.new(0.431858, -0.157803, -0.361902, 0.974268, 0.209637, 0.082797, -0.190172, 0.961724, -0.197285, -0.120986, 0.176462, 0.976844)
    Left Leg.CFrame = CFrame.new(-0.774792, 0.386428, -0.010245, 0.855548, -0.490628, 0.165295, 0.38173, 0.813482, 0.438781, -0.349743, -0.3123, 0.883261)
    Right Arm.CFrame = CFrame.new(-0.675335, -0.515969, 0.282185, -0.463578, -0.660251, 0.590902, 0.885987, -0.337057, 0.318466, -0.0111, 0.671165, 0.741225)
    Head.CFrame = CFrame.new(-0.0242, 0.035549, -0.004518, 0.998959, -0.00755, -0.044992, -0.008634, 0.937101, -0.348952, 0.044797, 0.348978, 0.93606)
    Left Arm.CFrame = CFrame.new(0.295116, -0.590408, 0.374918, -0.582414, 0.26974, -0.766834, -0.799309, -0.361765, 0.479825, -0.147985, 0.892394, 0.426302)
    Right Leg.CFrame = CFrame.new(0.703159, 0.395993, -0.031586, 0.994034, 0.056404, 0.093357, -0.083112, 0.945971, 0.31342, -0.070635, -0.319309, 0.945015)

[24]
    Time: 0.766667
    HumanoidRootPart.CFrame = CFrame.new(0, 0, 0, 1, 0, 0, 0, 1, 0, 0, 0, 1)
    Torso.CFrame = CFrame.new(0.328163, -0.184528, -0.431597, 0.978778, 0.204039, -0.019008, -0.201701, 0.942855, -0.26522, -0.036194, 0.263426, 0.964001)
    Left Leg.CFrame = CFrame.new(-0.767248, 0.433575, 0.038134, 0.887089, -0.414282, 0.203576, 0.333492, 0.880126, 0.337878, -0.31915, -0.231837, 0.91891)
    Right Arm.CFrame = CFrame.new(-0.677173, -0.52916, 0.262319, -0.4593, -0.666842, 0.586826, 0.886649, -0.304135, 0.348362, -0.053828, 0.680311, 0.730944)
    Head.CFrame = CFrame.new(-0.007244, 0.052947, -0.007091, 0.997841, -0.011556, -0.064653, -0.011302, 0.939497, -0.34237, 0.064698, 0.342361, 0.937338)
    Left Arm.CFrame = CFrame.new(0.266356, -0.576602, 0.464326, -0.589865, 0.220572, -0.776793, -0.799231, -0.296804, 0.522625, -0.115279, 0.929116, 0.351362)
    Right Leg.CFrame = CFrame.new(0.776767, 0.555765, -0.112754, 0.99417, 0.049388, 0.095844, -0.084847, 0.906864, 0.412795, -0.06653, -0.41852, 0.905768)

[25]
    Time: 0.800000
    HumanoidRootPart.CFrame = CFrame.new(0, 0, 0, 1, 0, 0, 0, 1, 0, 0, 0, 1)
    Torso.CFrame = CFrame.new(0.241356, -0.182514, -0.419737, 0.984088, 0.157982, -0.08132, -0.174365, 0.946675, -0.27093, 0.034182, 0.280798, 0.959158)
    Left Leg.CFrame = CFrame.new(-0.696168, 0.398407, 0.088041, 0.926928, -0.321705, 0.193159, 0.272676, 0.93111, 0.242246, -0.257784, -0.171874, 0.950793)
    Right Arm.CFrame = CFrame.new(-0.498492, -0.585666, 0.299954, -0.569378, -0.668245, 0.478808, 0.798952, -0.312641, 0.513743, -0.193611, 0.675058, 0.711907)
    Head.CFrame = CFrame.new(0.006836, 0.056419, -0.008065, 0.996026, -0.006035, -0.088867, -0.022043, 0.949969, -0.311565, 0.086301, 0.312286, 0.94606)
    Left Arm.CFrame = CFrame.new(0.064828, -0.568313, 0.501006, -0.69013, 0.147527, -0.708489, -0.719142, -0.24933, 0.648591, -0.080963, 0.957116, 0.278163)
    Right Leg.CFrame = CFrame.new(0.789628, 0.598572, -0.143941, 0.993674, 0.074706, 0.083855, -0.105603, 0.875637, 0.471283, -0.038219, -0.477157, 0.877987)

[26]
    Time: 0.833333
    HumanoidRootPart.CFrame = CFrame.new(0, 0, 0, 1, 0, 0, 0, 1, 0, 0, 0, 1)
    Torso.CFrame = CFrame.new(0.129726, -0.153492, -0.286989, 0.990101, 0.037952, -0.135133, -0.065327, 0.97672, -0.204329, 0.124232, 0.211134, 0.96953)
    Left Leg.CFrame = CFrame.new(-0.469782, 0.216586, 0.119016, 0.982463, -0.141093, 0.121896, 0.124965, 0.983456, 0.131141, -0.138383, -0.113608, 0.983841)
    Right Arm.CFrame = CFrame.new(-0.100877, -0.603657, 0.27811, -0.659018, -0.732862, 0.16914, 0.615758, -0.396576, 0.680859, -0.431899, 0.552848, 0.712617)
    Head.CFrame = CFrame.new(0.024853, 0.042493, -0.006007, 0.993864, 0.016778, -0.109331, -0.043652, 0.967695, -0.248316, 0.101632, 0.251565, 0.96249)
    Left Arm.CFrame = CFrame.new(-0.240837, -0.509876, 0.354787, -0.805329, 0.235546, -0.544026, -0.588172, -0.202671, 0.782929, 0.074157, 0.950496, 0.301758)
    Right Leg.CFrame = CFrame.new(0.704379, 0.476113, -0.087459, 0.982555, 0.180206, 0.045966, -0.179265, 0.851929, 0.492016, 0.049504, -0.491673, 0.869372)

[27]
    Time: 0.866667
    HumanoidRootPart.CFrame = CFrame.new(0, 0, 0, 1, 0, 0, 0, 1, 0, 0, 0, 1)
    Torso.CFrame = CFrame.new(0.001114, -0.108479, -0.200693, 0.975857, -0.120539, -0.182136, 0.100289, 0.988102, -0.116604, 0.194025, 0.095522, 0.976335)
    Left Leg.CFrame = CFrame.new(-0.27541, 0.085553, 0.140432, 0.992536, -0.021195, 0.120095, 0.013201, 0.997667, 0.066975, -0.121235, -0.06489, 0.990501)
    Right Arm.CFrame = CFrame.new(0.324866, -0.451832, 0.145062, -0.535385, -0.842974, -0.05252, 0.587813, -0.416537, 0.693523, -0.606498, 0.340429, 0.718518)
    Head.CFrame = CFrame.new(0.038812, 0.01937, -0.004653, 0.993675, 0.03113, -0.107889, -0.055183, 0.972158, -0.227736, 0.097796, 0.232249, 0.967728)
    Left Arm.CFrame = CFrame.new(-0.433781, -0.330729, 0.081846, -0.725928, 0.567809, -0.388099, -0.524883, -0.092731, 0.846108, 0.444439, 0.81792, 0.36535)
    Right Leg.CFrame = CFrame.new(0.596289, 0.361668, -0.014998, 0.930014, 0.364569, -0.046517, -0.293085, 0.81205, 0.504654, 0.221755, -0.455702, 0.862068)

[28]
    Time: 0.900000
    HumanoidRootPart.CFrame = CFrame.new(0, 0, 0, 1, 0, 0, 0, 1, 0, 0, 0, 1)
    Torso.CFrame = CFrame.new(-0.089188, -0.072834, -0.206455, 0.954596, -0.220306, -0.200528, 0.211384, 0.97523, -0.065145, 0.209913, 0.019798, 0.97752)
    Left Leg.CFrame = CFrame.new(-0.322902, 0.067676, 0.159462, 0.990888, -0.063333, 0.11887, 0.056744, 0.996701, 0.058022, -0.122152, -0.050748, 0.991213)
    Right Arm.CFrame = CFrame.new(0.535969, -0.262136, -0.006424, -0.387448, -0.920219, -0.055505, 0.629631, -0.308116, 0.713182, -0.673386, 0.241373, 0.698778)
    Head.CFrame = CFrame.new(0.041987, 0.004221, -0.004411, 0.993749, 0.029345, -0.107709, -0.054899, 0.968565, -0.242627, 0.097203, 0.247023, 0.964122)
    Left Arm.CFrame = CFrame.new(-0.508789, -0.186043, -0.083187, -0.575215, 0.765975, -0.287072, -0.48131, -0.033166, 0.875923, 0.661414, 0.642014, 0.387749)
    Right Leg.CFrame = CFrame.new(0.60274, 0.291326, 0.0252, 0.849082, 0.51846, -0.101292, -0.40566, 0.762747, 0.503645, 0.33838, -0.386545, 0.857952)

[29]
    Time: 0.933333
    HumanoidRootPart.CFrame = CFrame.new(0, 0, 0, 1, 0, 0, 0, 1, 0, 0, 0, 1)
    Torso.CFrame = CFrame.new(-0.163544, -0.03825, -0.254567, 0.934094, -0.292421, -0.204837, 0.294824, 0.955355, -0.019394, 0.201363, -0.042275, 0.978604)
    Left Leg.CFrame = CFrame.new(-0.458895, 0.09055, 0.167873, 0.979395, -0.166707, 0.11399, 0.15671, 0.983377, 0.091716, -0.127385, -0.071963, 0.98924)
    Right Arm.CFrame = CFrame.new(0.633186, -0.103438, -0.167857, -0.256448, -0.966558, 0.000109, 0.617284, -0.163692, 0.769523, -0.743771, 0.19741, 0.638619)
    Head.CFrame = CFrame.new(0.040279, -0.008194, -0.004188, 0.993465, 0.020489, -0.112282, -0.049796, 0.963, -0.264861, 0.1027, 0.268721, 0.957727)
    Left Arm.CFrame = CFrame.new(-0.567351, -0.125009, -0.128061, -0.496303, 0.840367, -0.217871, -0.486992, -0.061737, 0.871222, 0.718695, 0.538491, 0.439892)
    Right Leg.CFrame = CFrame.new(0.651908, 0.21962, 0.080465, 0.743992, 0.653481, -0.139423, -0.524913, 0.700708, 0.483191, 0.413451, -0.286305, 0.864342)

[30]
    Time: 0.966667
    HumanoidRootPart.CFrame = CFrame.new(0, 0, 0, 1, 0, 0, 0, 1, 0, 0, 0, 1)
    Torso.CFrame = CFrame.new(-0.237408, 0.006458, -0.324436, 0.907671, -0.351451, -0.229383, 0.368911, 0.928735, 0.036819, 0.200096, -0.118041, 0.97264)
    Left Leg.CFrame = CFrame.new(-0.618465, 0.095635, 0.141211, 0.957298, -0.27835, 0.078117, 0.266665, 0.954525, 0.133314, -0.111673, -0.10679, 0.987991)
    Right Arm.CFrame = CFrame.new(0.651589, -0.070409, -0.258509, -0.23583, -0.968678, 0.07776, 0.564378, -0.071382, 0.822425, -0.791115, 0.237839, 0.563534)
    Head.CFrame = CFrame.new(0.040019, -0.02335, -0.005373, 0.994175, 0.011586, -0.107154, -0.043021, 0.954227, -0.295973, 0.09882, 0.298859, 0.949167)
    Left Arm.CFrame = CFrame.new(-0.605587, -0.19213, -0.030837, -0.522592, 0.829157, -0.198484, -0.551267, -0.151024, 0.820546, 0.650386, 0.538229, 0.536011)
    Right Leg.CFrame = CFrame.new(0.678608, 0.156393, 0.167096, 0.613847, 0.770059, -0.173785, -0.635925, 0.612796, 0.469128, 0.467751, -0.177458, 0.865863)

[31]
    Time: 1.000000
    HumanoidRootPart.CFrame = CFrame.new(0, 0, 0, 1, 0, 0, 0, 1, 0, 0, 0, 1)
    Torso.CFrame = CFrame.new(-0.365879, 0.044422, -0.371449, 0.863724, -0.383507, -0.326962, 0.435286, 0.894667, 0.100488, 0.253984, -0.229115, 0.93968)
    Left Leg.CFrame = CFrame.new(-0.67606, -0.01284, 0.100669, 0.933703, -0.357069, 0.026456, 0.352701, 0.929967, 0.103742, -0.061646, -0.087534, 0.994253)
    Right Arm.CFrame = CFrame.new(0.58997, -0.265195, -0.176866, -0.502047, -0.817356, 0.282626, 0.548435, -0.048208, 0.834802, -0.668706, 0.574112, 0.47247)
    Head.CFrame = CFrame.new(0.050798, -0.045568, -0.011953, 0.998617, 0.010366, -0.051539, -0.027403, 0.939284, -0.342046, 0.044864, 0.342985, 0.938269)
    Left Arm.CFrame = CFrame.new(-0.440153, -0.465141, 0.282555, -0.582943, 0.784945, -0.209855, -0.621189, -0.26407, 0.737829, 0.523738, 0.560472, 0.641537)
    Right Leg.CFrame = CFrame.new(0.627399, 0.14159, 0.235777, 0.480053, 0.855591, -0.193682, -0.689016, 0.5044, 0.520421, 0.542961, -0.116379, 0.831655)

[32]
    Time: 1.033333
    HumanoidRootPart.CFrame = CFrame.new(0, 0, 0, 1, 0, 0, 0, 1, 0, 0, 0, 1)
    Torso.CFrame = CFrame.new(-0.457157, 0.010151, -0.33117, 0.835205, -0.35805, -0.417412, 0.431867, 0.896948, 0.094738, 0.340476, -0.259392, 0.903765)
    Left Leg.CFrame = CFrame.new(-0.516437, -0.133042, 0.103223, 0.95558, -0.29371, 0.024525, 0.293777, 0.955874, 0.000898, -0.023707, 0.006347, 0.999699)
    Right Arm.CFrame = CFrame.new(0.425952, -0.498219, 0.052289, -0.724498, -0.440178, 0.530421, 0.622855, -0.088494, 0.777316, -0.295218, 0.893539, 0.338281)
    Head.CFrame = CFrame.new(0.068094, -0.05163, -0.019134, 0.999739, 0.003058, 0.022634, 0.005074, 0.936484, -0.350674, -0.022269, 0.350698, 0.936224)
    Left Arm.CFrame = CFrame.new(0.031, -0.607797, 0.526163, -0.600638, 0.744313, -0.291945, -0.678305, -0.281088, 0.67889, 0.423245, 0.605794, 0.673704)
    Right Leg.CFrame = CFrame.new(0.559575, 0.217826, 0.196972, 0.499901, 0.847558, -0.178171, -0.629538, 0.496877, 0.597323, 0.594795, -0.186437, 0.78196)

[33]
    Time: 1.066667
    HumanoidRootPart.CFrame = CFrame.new(0, 0, 0, 1, 0, 0, 0, 1, 0, 0, 0, 1)
    Torso.CFrame = CFrame.new(-0.463943, -0.028049, -0.299698, 0.830402, -0.356105, -0.428512, 0.419432, 0.905797, 0.060065, 0.366755, -0.229609, 0.901538)
    Left Leg.CFrame = CFrame.new(-0.436338, -0.147241, 0.091727, 0.978313, -0.206867, 0.010502, 0.207093, 0.977864, -0.029911, -0.004082, 0.031437, 0.999498)
    Right Arm.CFrame = CFrame.new(0.308442, -0.552385, 0.198493, -0.73124, -0.290812, 0.617022, 0.668427, -0.125157, 0.733172, -0.135991, 0.948559, 0.285907)
    Head.CFrame = CFrame.new(0.073351, -0.045663, -0.019584, 0.999204, -0.006051, 0.039433, 0.018883, 0.942425, -0.333883, -0.035142, 0.334362, 0.94179)
    Left Arm.CFrame = CFrame.new(0.279132, -0.604546, 0.503248, -0.587969, 0.719283, -0.370033, -0.749877, -0.313181, 0.582754, 0.303278, 0.620121, 0.723514)
    Right Leg.CFrame = CFrame.new(0.531269, 0.26533, 0.169646, 0.551088, 0.813608, -0.185322, -0.582848, 0.534246, 0.612266, 0.597152, -0.229398, 0.768627)

[34]
    Time: 1.100000
    HumanoidRootPart.CFrame = CFrame.new(0, 0, 0, 1, 0, 0, 0, 1, 0, 0, 0, 1)
    Torso.CFrame = CFrame.new(-0.450825, -0.069782, -0.282955, 0.839333, -0.35619, -0.410669, 0.391194, 0.920308, 0.001309, 0.377475, -0.161749, 0.911784)
    Left Leg.CFrame = CFrame.new(-0.411774, -0.123092, 0.086181, 0.993381, -0.114866, -0.000478, 0.114791, 0.992863, -0.032334, 0.004188, 0.032065, 0.999477)
    Right Arm.CFrame = CFrame.new(0.162636, -0.571341, 0.304811, -0.71024, -0.236724, 0.662964, 0.702858, -0.185775, 0.686643, -0.039383, 0.953651, 0.298328)
    Head.CFrame = CFrame.new(0.075494, -0.032091, -0.017542, 0.999542, -0.0103, 0.028463, 0.018649, 0.950217, -0.311032, -0.023843, 0.31142, 0.949974)
    Left Arm.CFrame = CFrame.new(0.467694, -0.583071, 0.40224, -0.563306, 0.692077, -0.451349, -0.8165, -0.382602, 0.43237, 0.126546, 0.612083, 0.780603)
    Right Leg.CFrame = CFrame.new(0.557058, 0.305238, 0.132578, 0.616208, 0.763461, -0.19343, -0.534231, 0.585641, 0.609608, 0.578693, -0.272309, 0.768741)

[35]
    Time: 1.133333
    HumanoidRootPart.CFrame = CFrame.new(0, 0, 0, 1, 0, 0, 0, 1, 0, 0, 0, 1)
    Torso.CFrame = CFrame.new(-0.421669, -0.117355, -0.335778, 0.893565, -0.293629, -0.339595, 0.26413, 0.955523, -0.13119, 0.363012, 0.027529, 0.931378)
    Left Leg.CFrame = CFrame.new(-0.476369, 0.017453, 0.150031, 0.993788, -0.041187, 0.103391, 0.040787, 0.99915, 0.005981, -0.10355, -0.001727, 0.994623)
    Right Arm.CFrame = CFrame.new(-0.144041, -0.586794, 0.348195, -0.684293, -0.343388, 0.643294, 0.728958, -0.299087, 0.615766, -0.019046, 0.890299, 0.454979)
    Head.CFrame = CFrame.new(0.072613, 0.00577, -0.013628, 0.999401, 0.014186, -0.03157, -0.022862, 0.955402, -0.294422, 0.025985, 0.294967, 0.955154)
    Left Arm.CFrame = CFrame.new(0.616049, -0.546996, 0.379245, -0.499826, 0.591597, -0.632603, -0.859599, -0.428321, 0.278622, -0.106125, 0.683048, 0.722623)
    Right Leg.CFrame = CFrame.new(0.781358, 0.413817, 0.055046, 0.744644, 0.644699, -0.172825, -0.469336, 0.689856, 0.5512, 0.474582, -0.329335, 0.816279)

[36]
    Time: 1.166667
    HumanoidRootPart.CFrame = CFrame.new(0, 0, 0, 1, 0, 0, 0, 1, 0, 0, 0, 1)
    Torso.CFrame = CFrame.new(-0.395264, -0.136318, -0.432287, 0.944191, -0.188225, -0.270324, 0.125534, 0.964341, -0.232998, 0.30454, 0.186059, 0.934151)
    Left Leg.CFrame = CFrame.new(-0.457993, 0.195345, 0.234463, 0.963397, -0.030616, 0.266324, 0.016716, 0.998385, 0.054304, -0.267556, -0.047864, 0.962353)
    Right Arm.CFrame = CFrame.new(-0.322894, -0.592492, 0.335014, -0.696067, -0.537548, 0.475955, 0.695154, -0.338765, 0.634035, -0.179587, 0.772192, 0.609482)
    Head.CFrame = CFrame.new(0.060921, 0.037469, -0.013069, 0.995444, 0.057537, -0.076028, -0.078224, 0.948751, -0.306192, 0.054515, 0.310744, 0.948929)
    Left Arm.CFrame = CFrame.new(0.41984, -0.609338, 0.485457, -0.539055, 0.349944, -0.766133, -0.82368, -0.409078, 0.392692, -0.175988, 0.842731, 0.508757)
    Right Leg.CFrame = CFrame.new(0.998424, 0.547877, -0.033241, 0.834338, 0.539302, -0.11416, -0.435293, 0.771612, 0.463826, 0.33823, -0.337295, 0.87854)

[37]
    Time: 1.200000
    HumanoidRootPart.CFrame = CFrame.new(0, 0, 0, 1, 0, 0, 0, 1, 0, 0, 0, 1)
    Torso.CFrame = CFrame.new(-0.382084, -0.152035, -0.42999, 0.957206, -0.158359, -0.242239, 0.091131, 0.959361, -0.267062, 0.274686, 0.233558, 0.932737)
    Left Leg.CFrame = CFrame.new(-0.374833, 0.221276, 0.232576, 0.949574, 0.019192, 0.312957, -0.040098, 0.997362, 0.060504, -0.31097, -0.070002, 0.947839)
    Right Arm.CFrame = CFrame.new(-0.300594, -0.601433, 0.340002, -0.711783, -0.650074, 0.266024, 0.603857, -0.372884, 0.704496, -0.358778, 0.662089, 0.657964)
    Head.CFrame = CFrame.new(0.054954, 0.046973, -0.013356, 0.992379, 0.077179, -0.09606, -0.101617, 0.953517, -0.283689, 0.0697, 0.291289, 0.954093)
    Left Arm.CFrame = CFrame.new(0.113407, -0.65894, 0.399453, -0.656532, 0.169137, -0.735092, -0.718403, -0.437262, 0.541017, -0.229922, 0.883287, 0.408584)
    Right Leg.CFrame = CFrame.new(1.01504, 0.574343, -0.051338, 0.869842, 0.48293, -0.100764, -0.40153, 0.81172, 0.424128, 0.286616, -0.328465, 0.899979)

[38]
    Time: 1.233333
    HumanoidRootPart.CFrame = CFrame.new(0, 0, 0, 1, 0, 0, 0, 1, 0, 0, 0, 1)
    Torso.CFrame = CFrame.new(-0.36882, -0.148064, -0.353342, 0.954854, -0.195058, -0.224067, 0.139204, 0.960092, -0.242581, 0.262442, 0.200438, 0.943901)
    Left Leg.CFrame = CFrame.new(-0.244832, 0.160613, 0.200972, 0.940509, 0.108104, 0.322113, -0.131927, 0.989841, 0.053003, -0.313111, -0.092345, 0.945217)
    Right Arm.CFrame = CFrame.new(-0.166101, -0.595977, 0.343337, -0.675621, -0.73662, 0.03045, 0.500786, -0.428221, 0.752223, -0.541063, 0.523467, 0.658204)
    Head.CFrame = CFrame.new(0.05251, 0.04035, -0.011134, 0.988605, 0.085558, -0.123858, -0.113273, 0.964707, -0.237721, 0.099147, 0.249041, 0.963405)
    Left Arm.CFrame = CFrame.new(-0.140869, -0.615007, 0.207138, -0.748233, 0.15005, -0.646245, -0.636783, -0.435761, 0.636098, -0.186162, 0.887467, 0.4216)
    Right Leg.CFrame = CFrame.new(0.930072, 0.484284, -0.036153, 0.867119, 0.481521, -0.127449, -0.391008, 0.816537, 0.424713, 0.308575, -0.318443, 0.896313)

[39]
    Time: 1.266667
    HumanoidRootPart.CFrame = CFrame.new(0, 0, 0, 1, 0, 0, 0, 1, 0, 0, 0, 1)
    Torso.CFrame = CFrame.new(-0.362991, -0.128246, -0.26214, 0.934848, -0.278325, -0.220443, 0.243738, 0.954548, -0.17155, 0.25817, 0.106642, 0.960196)
    Left Leg.CFrame = CFrame.new(-0.053898, 0.045314, 0.136892, 0.931513, 0.220555, 0.289205, -0.243942, 0.96865, 0.047005, -0.269771, -0.114335, 0.956112)
    Right Arm.CFrame = CFrame.new(0.061036, -0.539452, 0.34252, -0.573446, -0.807526, -0.138064, 0.457963, -0.455711, 0.763281, -0.679286, 0.374472, 0.631142)
