[1]
    Time: 0
    HumanoidRootPart: 0.000000, 0.000000, 0.000000, 1.000000, 0.000000, 0.000000, 0.000000, 1.000000, 0.000000, 0.000000, 0.000000, 1.000000
    Torso: -0.492076, -13.492690, -0.324476, -0.999992, -0.003878, 0.000834, 0.003964, -0.984832, 0.173466, 0.000149, 0.173468, 0.984840
    Head: 0.000000, 0.000002, 0.016662, 0.999982, 0.006015, -0.000702, -0.005831, 0.987705, 0.156224, 0.001633, -0.156217, 0.987721
    Left Leg: -0.391022, -0.067331, -0.004296, 0.892422, -0.451201, -0.000185, 0.451200, 0.892421, -0.001988, 0.001062, 0.001690, 0.999998
    Right Arm: -0.044872, -0.016870, 0.004991, 0.957269, 0.111003, -0.267049, -0.108402, 0.993805, 0.024510, 0.268115, 0.005485, 0.963371
    Left Arm: -0.097701, -0.011717, 0.014917, 0.951112, 0.255229, -0.173908, -0.241857, 0.965696, 0.094533, 0.192070, -0.047850, 0.980214
    Right Leg: 0.138375, 0.171748, -0.002756, 0.812918, -0.581319, -0.035108, 0.582177, 0.812743, 0.022765, 0.015301, -0.038945, 0.999124

[2]
    Time: 0.01666666753590107
    HumanoidRootPart: 0.000000, 0.000000, 0.000000, 1.000000, 0.000000, 0.000000, 0.000000, 1.000000, 0.000000, 0.000000, 0.000000, 1.000000
    Torso: -0.492076, -13.492690, -0.324476, -0.999992, -0.003878, 0.000834, 0.003964, -0.984832, 0.173466, 0.000149, 0.173468, 0.984840
    Head: 0.000000, 0.000002, 0.016662, 0.999982, 0.006015, -0.000702, -0.005831, 0.987705, 0.156224, 0.001633, -0.156217, 0.987721
    Left Leg: -0.391022, -0.067331, -0.004296, 0.892422, -0.451201, -0.000185, 0.451200, 0.892421, -0.001988, 0.001062, 0.001690, 0.999998
    Right Arm: -0.044872, -0.016870, 0.004991, 0.957269, 0.111003, -0.267049, -0.108402, 0.993805, 0.024510, 0.268115, 0.005485, 0.963371
    Left Arm: -0.097701, -0.011717, 0.014917, 0.951112, 0.255229, -0.173908, -0.241857, 0.965696, 0.094533, 0.192070, -0.047850, 0.980214
    Right Leg: 0.138375, 0.171748, -0.002756, 0.812918, -0.581319, -0.035108, 0.582177, 0.812743, 0.022765, 0.015301, -0.038945, 0.999124

[3]
    Time: 0.03333333507180214
    HumanoidRootPart: 0.000000, 0.000000, 0.000000, 1.000000, 0.000000, 0.000000, 0.000000, 1.000000, 0.000000, 0.000000, 0.000000, 1.000000
    Torso: -0.492076, -13.492690, -0.324476, -0.999992, -0.003878, 0.000834, 0.003964, -0.984832, 0.173466, 0.000149, 0.173468, 0.984840
    Head: 0.000000, 0.000002, 0.016662, 0.999982, 0.006015, -0.000702, -0.005831, 0.987705, 0.156224, 0.001633, -0.156217, 0.987721
    Left Leg: -0.391022, -0.067331, -0.004296, 0.892422, -0.451201, -0.000185, 0.451200, 0.892421, -0.001988, 0.001062, 0.001690, 0.999998
    Right Arm: -0.044872, -0.016870, 0.004991, 0.957269, 0.111003, -0.267049, -0.108402, 0.993805, 0.024510, 0.268115, 0.005485, 0.963371
    Left Arm: -0.097701, -0.011717, 0.014917, 0.951112, 0.255229, -0.173908, -0.241857, 0.965696, 0.094533, 0.192070, -0.047850, 0.980214
    Right Leg: 0.138375, 0.171748, -0.002756, 0.812918, -0.581319, -0.035108, 0.582177, 0.812743, 0.022765, 0.015301, -0.038945, 0.999124

[4]
    Time: 0.05000000074505806
    HumanoidRootPart: 0.000000, 0.000000, 0.000000, 1.000000, 0.000000, 0.000000, 0.000000, 1.000000, 0.000000, 0.000000, 0.000000, 1.000000
    Torso: -0.492076, -13.492690, -0.324476, -0.999992, -0.003878, 0.000834, 0.003964, -0.984832, 0.173466, 0.000149, 0.173468, 0.984840
    Head: 0.000000, 0.000002, 0.016662, 0.999982, 0.006015, -0.000702, -0.005831, 0.987705, 0.156224, 0.001633, -0.156217, 0.987721
    Left Leg: -0.391022, -0.067331, -0.004296, 0.892422, -0.451201, -0.000185, 0.451200, 0.892421, -0.001988, 0.001062, 0.001690, 0.999998
    Right Arm: -0.044872, -0.016870, 0.004991, 0.957269, 0.111003, -0.267049, -0.108402, 0.993805, 0.024510, 0.268115, 0.005485, 0.963371
    Left Arm: -0.097701, -0.011717, 0.014917, 0.951112, 0.255229, -0.173908, -0.241857, 0.965696, 0.094533, 0.192070, -0.047850, 0.980214
    Right Leg: 0.138375, 0.171748, -0.002756, 0.812918, -0.581319, -0.035108, 0.582177, 0.812743, 0.022765, 0.015301, -0.038945, 0.999124

[5]
    Time: 0.06666667014360428
    HumanoidRootPart: 0.000000, 0.000000, 0.000000, 1.000000, 0.000000, 0.000000, 0.000000, 1.000000, 0.000000, 0.000000, 0.000000, 1.000000
    Torso: -0.492076, -13.492690, -0.324476, -0.999992, -0.003878, 0.000834, 0.003964, -0.984832, 0.173466, 0.000149, 0.173468, 0.984840
    Head: 0.000000, 0.000002, 0.016662, 0.999982, 0.006015, -0.000702, -0.005831, 0.987705, 0.156224, 0.001633, -0.156217, 0.987721
    Left Leg: -0.391022, -0.067331, -0.004296, 0.892422, -0.451201, -0.000185, 0.451200, 0.892421, -0.001988, 0.001062, 0.001690, 0.999998
    Right Arm: -0.044872, -0.016870, 0.004991, 0.957269, 0.111003, -0.267049, -0.108402, 0.993805, 0.024510, 0.268115, 0.005485, 0.963371
    Left Arm: -0.097701, -0.011717, 0.014917, 0.951112, 0.255229, -0.173908, -0.241857, 0.965696, 0.094533, 0.192070, -0.047850, 0.980214
    Right Leg: 0.138375, 0.171748, -0.002756, 0.812918, -0.581319, -0.035108, 0.582177, 0.812743, 0.022765, 0.015301, -0.038945, 0.999124

[6]
    Time: 0.0833333358168602
    HumanoidRootPart: 0.000000, 0.000000, 0.000000, 1.000000, 0.000000, 0.000000, 0.000000, 1.000000, 0.000000, 0.000000, 0.000000, 1.000000
    Torso: -0.492995, -12.885421, -0.093153, -0.999970, -0.007659, -0.000594, 0.007598, -0.997466, 0.070732, -0.001134, 0.070725, 0.997495
    Head: 0.000000, -0.000000, 0.016662, 0.999995, 0.002359, -0.001921, -0.002253, 0.998577, 0.053272, 0.002044, -0.053268, 0.998578
    Left Leg: -0.818588, -0.050339, 0.004231, 0.736329, -0.676610, 0.004328, 0.674639, 0.734643, 0.071850, -0.051794, -0.049985, 0.997406
    Right Arm: -0.044870, -0.016870, 0.004991, 0.957269, 0.111003, -0.267049, -0.108402, 0.993805, 0.024511, 0.268115, 0.005485, 0.963371
    Left Arm: 0.034917, -0.021612, -0.007497, 0.991973, 0.108969, 0.064159, -0.114388, 0.989537, 0.087931, -0.053906, -0.094564, 0.994058
    Right Leg: 0.323251, 0.128729, 0.001181, 0.998498, -0.046525, -0.028926, 0.047532, 0.998251, 0.035149, 0.027240, -0.036471, 0.998963

[7]
    Time: 0.10000000149011612
    HumanoidRootPart: 0.000000, 0.000000, 0.000000, 1.000000, 0.000000, 0.000000, 0.000000, 1.000000, 0.000000, 0.000000, 0.000000, 1.000000
    Torso: -0.492995, -12.885421, -0.093153, -0.999970, -0.007659, -0.000594, 0.007598, -0.997466, 0.070732, -0.001134, 0.070725, 0.997495
    Head: 0.000000, -0.000000, 0.016662, 0.999995, 0.002359, -0.001921, -0.002253, 0.998577, 0.053272, 0.002044, -0.053268, 0.998578
    Left Leg: -0.818588, -0.050339, 0.004231, 0.736329, -0.676610, 0.004328, 0.674639, 0.734643, 0.071850, -0.051794, -0.049985, 0.997406
    Right Arm: -0.044870, -0.016870, 0.004991, 0.957269, 0.111003, -0.267049, -0.108402, 0.993805, 0.024511, 0.268115, 0.005485, 0.963371
    Left Arm: 0.034917, -0.021612, -0.007497, 0.991973, 0.108969, 0.064159, -0.114388, 0.989537, 0.087931, -0.053906, -0.094564, 0.994058
    Right Leg: 0.323251, 0.128729, 0.001181, 0.998498, -0.046525, -0.028926, 0.047532, 0.998251, 0.035149, 0.027240, -0.036471, 0.998963

[8]
    Time: 0.11666666716337204
    HumanoidRootPart: 0.000000, 0.000000, 0.000000, 1.000000, 0.000000, 0.000000, 0.000000, 1.000000, 0.000000, 0.000000, 0.000000, 1.000000
    Torso: -0.492995, -12.885421, -0.093153, -0.999970, -0.007659, -0.000594, 0.007598, -0.997466, 0.070732, -0.001134, 0.070725, 0.997495
    Head: 0.000000, -0.000000, 0.016662, 0.999995, 0.002359, -0.001921, -0.002253, 0.998577, 0.053272, 0.002044, -0.053268, 0.998578
    Left Leg: -0.818588, -0.050339, 0.004231, 0.736329, -0.676610, 0.004328, 0.674639, 0.734643, 0.071850, -0.051794, -0.049985, 0.997406
    Right Arm: -0.044870, -0.016870, 0.004991, 0.957269, 0.111003, -0.267049, -0.108402, 0.993805, 0.024511, 0.268115, 0.005485, 0.963371
    Left Arm: 0.034917, -0.021612, -0.007497, 0.991973, 0.108969, 0.064159, -0.114388, 0.989537, 0.087931, -0.053906, -0.094564, 0.994058
    Right Leg: 0.323251, 0.128729, 0.001181, 0.998498, -0.046525, -0.028926, 0.047532, 0.998251, 0.035149, 0.027240, -0.036471, 0.998963

[9]
    Time: 0.13333334028720856
    HumanoidRootPart: 0.000000, 0.000000, 0.000000, 1.000000, 0.000000, 0.000000, 0.000000, 1.000000, 0.000000, 0.000000, 0.000000, 1.000000
    Torso: -0.492995, -12.885421, -0.093153, -0.999970, -0.007659, -0.000594, 0.007598, -0.997466, 0.070732, -0.001134, 0.070725, 0.997495
    Head: 0.000000, -0.000000, 0.016662, 0.999995, 0.002359, -0.001921, -0.002253, 0.998577, 0.053272, 0.002044, -0.053268, 0.998578
    Left Leg: -0.818588, -0.050339, 0.004231, 0.736329, -0.676610, 0.004328, 0.674639, 0.734643, 0.071850, -0.051794, -0.049985, 0.997406
    Right Arm: -0.044870, -0.016870, 0.004991, 0.957269, 0.111003, -0.267049, -0.108402, 0.993805, 0.024511, 0.268115, 0.005485, 0.963371
    Left Arm: 0.034917, -0.021612, -0.007497, 0.991973, 0.108969, 0.064159, -0.114388, 0.989537, 0.087931, -0.053906, -0.094564, 0.994058
    Right Leg: 0.323251, 0.128729, 0.001181, 0.998498, -0.046525, -0.028926, 0.047532, 0.998251, 0.035149, 0.027240, -0.036471, 0.998963

[10]
    Time: 0.15000000596046448
    HumanoidRootPart: 0.000000, 0.000000, 0.000000, 1.000000, 0.000000, 0.000000, 0.000000, 1.000000, 0.000000, 0.000000, 0.000000, 1.000000
    Torso: -0.492995, -12.885421, -0.093153, -0.999970, -0.007659, -0.000594, 0.007598, -0.997466, 0.070732, -0.001134, 0.070725, 0.997495
    Head: 0.000000, -0.000000, 0.016662, 0.999995, 0.002359, -0.001921, -0.002253, 0.998577, 0.053272, 0.002044, -0.053268, 0.998578
    Left Leg: -0.818588, -0.050339, 0.004231, 0.736329, -0.676610, 0.004328, 0.674639, 0.734643, 0.071850, -0.051794, -0.049985, 0.997406
    Right Arm: -0.044870, -0.016870, 0.004991, 0.957269, 0.111003, -0.267049, -0.108402, 0.993805, 0.024511, 0.268115, 0.005485, 0.963371
    Left Arm: 0.034917, -0.021612, -0.007497, 0.991973, 0.108969, 0.064159, -0.114388, 0.989537, 0.087931, -0.053906, -0.094564, 0.994058
    Right Leg: 0.323251, 0.128729, 0.001181, 0.998498, -0.046525, -0.028926, 0.047532, 0.998251, 0.035149, 0.027240, -0.036471, 0.998963

[11]
    Time: 0.1666666716337204
    HumanoidRootPart: 0.000000, 0.000000, 0.000000, 1.000000, 0.000000, 0.000000, 0.000000, 1.000000, 0.000000, 0.000000, 0.000000, 1.000000
    Torso: -0.431713, -12.139249, -0.085179, -0.999959, -0.009016, -0.001219, 0.008972, -0.999431, 0.032517, -0.001512, 0.032505, 0.999470
    Head: 0.000000, -0.000001, 0.016662, 0.999997, 0.000978, -0.002275, -0.000944, 0.999887, 0.015023, 0.002289, -0.015020, 0.999885
    Left Leg: -0.696747, 0.356031, 0.001328, 0.991305, -0.131479, 0.005287, 0.131504, 0.991304, -0.004823, -0.004607, 0.005476, 0.999974
    Right Arm: -0.044870, -0.016870, 0.004991, 0.957269, 0.111003, -0.267049, -0.108402, 0.993805, 0.024511, 0.268115, 0.005485, 0.963371
    Left Arm: 0.056065, -0.023117, -0.006454, 0.940484, -0.144198, 0.307728, 0.110305, 0.986016, 0.124918, -0.321437, -0.083540, 0.943239
    Right Leg: 0.129917, -0.018375, -0.000094, 0.953845, 0.299105, -0.026766, -0.298742, 0.954187, 0.016753, 0.030551, -0.007983, 0.999501

[12]
    Time: 0.18333333730697632
    HumanoidRootPart: 0.000000, 0.000000, 0.000000, 1.000000, 0.000000, 0.000000, 0.000000, 1.000000, 0.000000, 0.000000, 0.000000, 1.000000
    Torso: -0.431713, -12.139249, -0.085179, -0.999959, -0.009016, -0.001219, 0.008972, -0.999431, 0.032517, -0.001512, 0.032505, 0.999470
    Head: 0.000000, -0.000001, 0.016662, 0.999997, 0.000978, -0.002275, -0.000944, 0.999887, 0.015023, 0.002289, -0.015020, 0.999885
    Left Leg: -0.696747, 0.356031, 0.001328, 0.991305, -0.131479, 0.005287, 0.131504, 0.991304, -0.004823, -0.004607, 0.005476, 0.999974
    Right Arm: -0.044870, -0.016870, 0.004991, 0.957269, 0.111003, -0.267049, -0.108402, 0.993805, 0.024511, 0.268115, 0.005485, 0.963371
    Left Arm: 0.056065, -0.023117, -0.006454, 0.940484, -0.144198, 0.307728, 0.110305, 0.986016, 0.124918, -0.321437, -0.083540, 0.943239
    Right Leg: 0.129917, -0.018375, -0.000094, 0.953845, 0.299105, -0.026766, -0.298742, 0.954187, 0.016753, 0.030551, -0.007983, 0.999501

[13]
    Time: 0.20000000298023224
    HumanoidRootPart: 0.000000, 0.000000, 0.000000, 1.000000, 0.000000, 0.000000, 0.000000, 1.000000, 0.000000, 0.000000, 0.000000, 1.000000
    Torso: -0.431713, -12.139249, -0.085179, -0.999959, -0.009016, -0.001219, 0.008972, -0.999431, 0.032517, -0.001512, 0.032505, 0.999470
    Head: 0.000000, -0.000001, 0.016662, 0.999997, 0.000978, -0.002275, -0.000944, 0.999887, 0.015023, 0.002289, -0.015020, 0.999885
    Left Leg: -0.696747, 0.356031, 0.001328, 0.991305, -0.131479, 0.005287, 0.131504, 0.991304, -0.004823, -0.004607, 0.005476, 0.999974
    Right Arm: -0.044870, -0.016870, 0.004991, 0.957269, 0.111003, -0.267049, -0.108402, 0.993805, 0.024511, 0.268115, 0.005485, 0.963371
    Left Arm: 0.056065, -0.023117, -0.006454, 0.940484, -0.144198, 0.307728, 0.110305, 0.986016, 0.124918, -0.321437, -0.083540, 0.943239
    Right Leg: 0.129917, -0.018375, -0.000094, 0.953845, 0.299105, -0.026766, -0.298742, 0.954187, 0.016753, 0.030551, -0.007983, 0.999501

[14]
    Time: 0.21666666865348816
    HumanoidRootPart: 0.000000, 0.000000, 0.000000, 1.000000, 0.000000, 0.000000, 0.000000, 1.000000, 0.000000, 0.000000, 0.000000, 1.000000
    Torso: -0.431713, -12.139249, -0.085179, -0.999959, -0.009016, -0.001219, 0.008972, -0.999431, 0.032517, -0.001512, 0.032505, 0.999470
    Head: 0.000000, -0.000001, 0.016662, 0.999997, 0.000978, -0.002275, -0.000944, 0.999887, 0.015023, 0.002289, -0.015020, 0.999885
    Left Leg: -0.696747, 0.356031, 0.001328, 0.991305, -0.131479, 0.005287, 0.131504, 0.991304, -0.004823, -0.004607, 0.005476, 0.999974
    Right Arm: -0.044870, -0.016870, 0.004991, 0.957269, 0.111003, -0.267049, -0.108402, 0.993805, 0.024511, 0.268115, 0.005485, 0.963371
    Left Arm: 0.056065, -0.023117, -0.006454, 0.940484, -0.144198, 0.307728, 0.110305, 0.986016, 0.124918, -0.321437, -0.083540, 0.943239
    Right Leg: 0.129917, -0.018375, -0.000094, 0.953845, 0.299105, -0.026766, -0.298742, 0.954187, 0.016753, 0.030551, -0.007983, 0.999501

[15]
    Time: 0.23333333432674408
    HumanoidRootPart: 0.000000, 0.000000, 0.000000, 1.000000, 0.000000, 0.000000, 0.000000, 1.000000, 0.000000, 0.000000, 0.000000, 1.000000
    Torso: -0.431713, -12.139249, -0.085179, -0.999959, -0.009016, -0.001219, 0.008972, -0.999431, 0.032517, -0.001512, 0.032505, 0.999470
    Head: 0.000000, -0.000001, 0.016662, 0.999997, 0.000978, -0.002275, -0.000944, 0.999887, 0.015023, 0.002289, -0.015020, 0.999885
    Left Leg: -0.696747, 0.356031, 0.001328, 0.991305, -0.131479, 0.005287, 0.131504, 0.991304, -0.004823, -0.004607, 0.005476, 0.999974
    Right Arm: -0.044870, -0.016870, 0.004991, 0.957269, 0.111003, -0.267049, -0.108402, 0.993805, 0.024511, 0.268115, 0.005485, 0.963371
    Left Arm: 0.056065, -0.023117, -0.006454, 0.940484, -0.144198, 0.307728, 0.110305, 0.986016, 0.124918, -0.321437, -0.083540, 0.943239
    Right Leg: 0.129917, -0.018375, -0.000094, 0.953845, 0.299105, -0.026766, -0.298742, 0.954187, 0.016753, 0.030551, -0.007983, 0.999501

[16]
    Time: 0.25
    HumanoidRootPart: 0.000000, 0.000000, 0.000000, 1.000000, 0.000000, 0.000000, 0.000000, 1.000000, 0.000000, 0.000000, 0.000000, 1.000000
    Torso: -0.352619, -11.693880, -0.320823, -0.991040, 0.129765, -0.031645, -0.131396, -0.989719, 0.056485, -0.023990, 0.060137, 0.997902
    Head: 0.000000, 0.000000, 0.016662, 0.989659, 0.140836, -0.027195, -0.139601, 0.989276, 0.042948, 0.032952, -0.038707, 0.998707
    Left Leg: -0.455634, 0.328654, -0.069966, 0.967388, 0.235005, -0.094518, -0.228042, 0.970451, 0.078884, 0.110264, -0.054758, 0.992393
    Right Arm: -0.044871, -0.016870, 0.004992, 0.957269, 0.111003, -0.267049, -0.108402, 0.993805, 0.024510, 0.268115, 0.005485, 0.963371
    Left Arm: 0.068589, -0.025168, 0.003691, 0.904290, -0.236643, 0.355330, 0.169044, 0.962763, 0.210978, -0.392025, -0.130719, 0.910620
    Right Leg: 0.016141, -0.067420, 0.003533, 0.839748, 0.517080, -0.165685, -0.529118, 0.847788, -0.035919, 0.121893, 0.117830, 0.985524

[17]
    Time: 0.2666666805744171
    HumanoidRootPart: 0.000000, 0.000000, 0.000000, 1.000000, 0.000000, 0.000000, 0.000000, 1.000000, 0.000000, 0.000000, 0.000000, 1.000000
    Torso: -0.352619, -11.693880, -0.320823, -0.991040, 0.129765, -0.031645, -0.131396, -0.989719, 0.056485, -0.023990, 0.060137, 0.997902
    Head: 0.000000, 0.000000, 0.016662, 0.989659, 0.140836, -0.027195, -0.139601, 0.989276, 0.042948, 0.032952, -0.038707, 0.998707
    Left Leg: -0.455634, 0.328654, -0.069966, 0.967388, 0.235005, -0.094518, -0.228042, 0.970451, 0.078884, 0.110264, -0.054758, 0.992393
    Right Arm: -0.044871, -0.016870, 0.004992, 0.957269, 0.111003, -0.267049, -0.108402, 0.993805, 0.024510, 0.268115, 0.005485, 0.963371
    Left Arm: 0.068589, -0.025168, 0.003691, 0.904290, -0.236643, 0.355330, 0.169044, 0.962763, 0.210978, -0.392025, -0.130719, 0.910620
    Right Leg: 0.016141, -0.067420, 0.003533, 0.839748, 0.517080, -0.165685, -0.529118, 0.847788, -0.035919, 0.121893, 0.117830, 0.985524

[18]
    Time: 0.28333333134651184
    HumanoidRootPart: 0.000000, 0.000000, 0.000000, 1.000000, 0.000000, 0.000000, 0.000000, 1.000000, 0.000000, 0.000000, 0.000000, 1.000000
    Torso: -0.352619, -11.693880, -0.320823, -0.991040, 0.129765, -0.031645, -0.131396, -0.989719, 0.056485, -0.023990, 0.060137, 0.997902
    Head: 0.000000, 0.000000, 0.016662, 0.989659, 0.140836, -0.027195, -0.139601, 0.989276, 0.042948, 0.032952, -0.038707, 0.998707
    Left Leg: -0.455634, 0.328654, -0.069966, 0.967388, 0.235005, -0.094518, -0.228042, 0.970451, 0.078884, 0.110264, -0.054758, 0.992393
    Right Arm: -0.044871, -0.016870, 0.004992, 0.957269, 0.111003, -0.267049, -0.108402, 0.993805, 0.024510, 0.268115, 0.005485, 0.963371
    Left Arm: 0.068589, -0.025168, 0.003691, 0.904290, -0.236643, 0.355330, 0.169044, 0.962763, 0.210978, -0.392025, -0.130719, 0.910620
    Right Leg: 0.016141, -0.067420, 0.003533, 0.839748, 0.517080, -0.165685, -0.529118, 0.847788, -0.035919, 0.121893, 0.117830, 0.985524

[19]
    Time: 0.30000001192092896
    HumanoidRootPart: 0.000000, 0.000000, 0.000000, 1.000000, 0.000000, 0.000000, 0.000000, 1.000000, 0.000000, 0.000000, 0.000000, 1.000000
    Torso: -0.352619, -11.693880, -0.320823, -0.991040, 0.129765, -0.031645, -0.131396, -0.989719, 0.056485, -0.023990, 0.060137, 0.997902
    Head: 0.000000, 0.000000, 0.016662, 0.989659, 0.140836, -0.027195, -0.139601, 0.989276, 0.042948, 0.032952, -0.038707, 0.998707
    Left Leg: -0.455634, 0.328654, -0.069966, 0.967388, 0.235005, -0.094518, -0.228042, 0.970451, 0.078884, 0.110264, -0.054758, 0.992393
    Right Arm: -0.044871, -0.016870, 0.004992, 0.957269, 0.111003, -0.267049, -0.108402, 0.993805, 0.024510, 0.268115, 0.005485, 0.963371
    Left Arm: 0.068589, -0.025168, 0.003691, 0.904290, -0.236643, 0.355330, 0.169044, 0.962763, 0.210978, -0.392025, -0.130719, 0.910620
    Right Leg: 0.016141, -0.067420, 0.003533, 0.839748, 0.517080, -0.165685, -0.529118, 0.847788, -0.035919, 0.121893, 0.117830, 0.985524

[20]
    Time: 0.3166666626930237
    HumanoidRootPart: 0.000000, 0.000000, 0.000000, 1.000000, 0.000000, 0.000000, 0.000000, 1.000000, 0.000000, 0.000000, 0.000000, 1.000000
    Torso: -0.352619, -11.693880, -0.320823, -0.991040, 0.129765, -0.031645, -0.131396, -0.989719, 0.056485, -0.023990, 0.060137, 0.997902
    Head: 0.000000, 0.000000, 0.016662, 0.989659, 0.140836, -0.027195, -0.139601, 0.989276, 0.042948, 0.032952, -0.038707, 0.998707
    Left Leg: -0.455634, 0.328654, -0.069966, 0.967388, 0.235005, -0.094518, -0.228042, 0.970451, 0.078884, 0.110264, -0.054758, 0.992393
    Right Arm: -0.044871, -0.016870, 0.004992, 0.957269, 0.111003, -0.267049, -0.108402, 0.993805, 0.024510, 0.268115, 0.005485, 0.963371
    Left Arm: 0.068589, -0.025168, 0.003691, 0.904290, -0.236643, 0.355330, 0.169044, 0.962763, 0.210978, -0.392025, -0.130719, 0.910620
    Right Leg: 0.016141, -0.067420, 0.003533, 0.839748, 0.517080, -0.165685, -0.529118, 0.847788, -0.035919, 0.121893, 0.117830, 0.985524

[21]
    Time: 0.3333333432674408
    HumanoidRootPart: 0.000000, 0.000000, 0.000000, 1.000000, 0.000000, 0.000000, 0.000000, 1.000000, 0.000000, 0.000000, 0.000000, 1.000000
    Torso: -0.312255, -11.389585, -0.138574, -0.995873, 0.090330, -0.008811, -0.090501, -0.995666, 0.021421, -0.006838, 0.022130, 0.999732
    Head: 0.000000, -0.000001, 0.016662, 0.994914, 0.100297, -0.009336, -0.100255, 0.994950, 0.004806, 0.009771, -0.003846, 0.999945
    Left Leg: -0.350102, 0.139926, -0.031813, 0.996312, 0.063970, -0.057195, -0.060095, 0.995936, 0.067078, 0.061253, -0.063394, 0.996107
    Right Arm: -0.044869, -0.016870, 0.004991, 0.957269, 0.111003, -0.267049, -0.108402, 0.993805, 0.024511, 0.268115, 0.005485, 0.963371
    Left Arm: 0.070989, -0.024419, 0.003945, 0.963316, -0.193285, 0.186183, 0.166754, 0.974667, 0.149058, -0.210277, -0.112543, 0.971143
    Right Leg: 0.578881, -0.230220, 0.062578, 0.683994, 0.718122, -0.128266, -0.728027, 0.683111, -0.057761, 0.046141, 0.132890, 0.990056

[22]
    Time: 0.3499999940395355
    HumanoidRootPart: 0.000000, 0.000000, 0.000000, 1.000000, 0.000000, 0.000000, 0.000000, 1.000000, 0.000000, 0.000000, 0.000000, 1.000000
    Torso: -0.312255, -11.389585, -0.138574, -0.995873, 0.090330, -0.008811, -0.090501, -0.995666, 0.021421, -0.006838, 0.022130, 0.999732
    Head: 0.000000, -0.000001, 0.016662, 0.994914, 0.100297, -0.009336, -0.100255, 0.994950, 0.004806, 0.009771, -0.003846, 0.999945
    Left Leg: -0.350102, 0.139926, -0.031813, 0.996312, 0.063970, -0.057195, -0.060095, 0.995936, 0.067078, 0.061253, -0.063394, 0.996107
    Right Arm: -0.044869, -0.016870, 0.004991, 0.957269, 0.111003, -0.267049, -0.108402, 0.993805, 0.024511, 0.268115, 0.005485, 0.963371
    Left Arm: 0.070989, -0.024419, 0.003945, 0.963316, -0.193285, 0.186183, 0.166754, 0.974667, 0.149058, -0.210277, -0.112543, 0.971143
    Right Leg: 0.578881, -0.230220, 0.062578, 0.683994, 0.718122, -0.128266, -0.728027, 0.683111, -0.057761, 0.046141, 0.132890, 0.990056

[23]
    Time: 0.36666667461395264
    HumanoidRootPart: 0.000000, 0.000000, 0.000000, 1.000000, 0.000000, 0.000000, 0.000000, 1.000000, 0.000000, 0.000000, 0.000000, 1.000000
    Torso: -0.312255, -11.389585, -0.138574, -0.995873, 0.090330, -0.008811, -0.090501, -0.995666, 0.021421, -0.006838, 0.022130, 0.999732
    Head: 0.000000, -0.000001, 0.016662, 0.994914, 0.100297, -0.009336, -0.100255, 0.994950, 0.004806, 0.009771, -0.003846, 0.999945
    Left Leg: -0.350102, 0.139926, -0.031813, 0.996312, 0.063970, -0.057195, -0.060095, 0.995936, 0.067078, 0.061253, -0.063394, 0.996107
    Right Arm: -0.044869, -0.016870, 0.004991, 0.957269, 0.111003, -0.267049, -0.108402, 0.993805, 0.024511, 0.268115, 0.005485, 0.963371
    Left Arm: 0.070989, -0.024419, 0.003945, 0.963316, -0.193285, 0.186183, 0.166754, 0.974667, 0.149058, -0.210277, -0.112543, 0.971143
    Right Leg: 0.578881, -0.230220, 0.062578, 0.683994, 0.718122, -0.128266, -0.728027, 0.683111, -0.057761, 0.046141, 0.132890, 0.990056

[24]
    Time: 0.38333332538604736
    HumanoidRootPart: 0.000000, 0.000000, 0.000000, 1.000000, 0.000000, 0.000000, 0.000000, 1.000000, 0.000000, 0.000000, 0.000000, 1.000000
    Torso: -0.312255, -11.389585, -0.138574, -0.995873, 0.090330, -0.008811, -0.090501, -0.995666, 0.021421, -0.006838, 0.022130, 0.999732
    Head: 0.000000, -0.000001, 0.016662, 0.994914, 0.100297, -0.009336, -0.100255, 0.994950, 0.004806, 0.009771, -0.003846, 0.999945
    Left Leg: -0.350102, 0.139926, -0.031813, 0.996312, 0.063970, -0.057195, -0.060095, 0.995936, 0.067078, 0.061253, -0.063394, 0.996107
    Right Arm: -0.044869, -0.016870, 0.004991, 0.957269, 0.111003, -0.267049, -0.108402, 0.993805, 0.024511, 0.268115, 0.005485, 0.963371
    Left Arm: 0.070989, -0.024419, 0.003945, 0.963316, -0.193285, 0.186183, 0.166754, 0.974667, 0.149058, -0.210277, -0.112543, 0.971143
    Right Leg: 0.578881, -0.230220, 0.062578, 0.683994, 0.718122, -0.128266, -0.728027, 0.683111, -0.057761, 0.046141, 0.132890, 0.990056

[25]
    Time: 0.4000000059604645
    HumanoidRootPart: 0.000000, 0.000000, 0.000000, 1.000000, 0.000000, 0.000000, 0.000000, 1.000000, 0.000000, 0.000000, 0.000000, 1.000000
    Torso: -0.312255, -11.389585, -0.138574, -0.995873, 0.090330, -0.008811, -0.090501, -0.995666, 0.021421, -0.006838, 0.022130, 0.999732
    Head: 0.000000, -0.000001, 0.016662, 0.994914, 0.100297, -0.009336, -0.100255, 0.994950, 0.004806, 0.009771, -0.003846, 0.999945
    Left Leg: -0.350102, 0.139926, -0.031813, 0.996312, 0.063970, -0.057195, -0.060095, 0.995936, 0.067078, 0.061253, -0.063394, 0.996107
    Right Arm: -0.044869, -0.016870, 0.004991, 0.957269, 0.111003, -0.267049, -0.108402, 0.993805, 0.024511, 0.268115, 0.005485, 0.963371
    Left Arm: 0.070989, -0.024419, 0.003945, 0.963316, -0.193285, 0.186183, 0.166754, 0.974667, 0.149058, -0.210277, -0.112543, 0.971143
    Right Leg: 0.578881, -0.230220, 0.062578, 0.683994, 0.718122, -0.128266, -0.728027, 0.683111, -0.057761, 0.046141, 0.132890, 0.990056

[26]
    Time: 0.4166666567325592
    HumanoidRootPart: 0.000000, 0.000000, 0.000000, 1.000000, 0.000000, 0.000000, 0.000000, 1.000000, 0.000000, 0.000000, 0.000000, 1.000000
    Torso: -0.208556, -11.385909, -0.100060, -0.999974, 0.007118, -0.000592, -0.007137, -0.999096, 0.041908, -0.000293, 0.041911, 0.999121
    Head: 0.000000, 0.000001, 0.016662, 0.999853, 0.017105, -0.001338, -0.017068, 0.999555, 0.024448, 0.001756, -0.024422, 0.999700
    Left Leg: -0.145981, 0.100716, -0.008353, 0.988075, 0.151768, 0.025959, -0.153703, 0.982192, 0.108047, -0.009099, -0.110749, 0.993807
    Right Arm: -0.044871, -0.016870, 0.004991, 0.957269, 0.111003, -0.267048, -0.108402, 0.993805, 0.024511, 0.268115, 0.005485, 0.963371
    Left Arm: -0.013622, -0.045838, -0.002275, 0.999685, 0.022986, -0.010073, -0.022178, 0.997002, 0.074133, 0.011747, -0.073886, 0.997197
    Right Leg: 0.605392, 0.440380, 0.086942, 0.970310, 0.138715, -0.198134, -0.121143, 0.987759, 0.098266, 0.209340, -0.071346, 0.975237

[27]
    Time: 0.4333333373069763
    HumanoidRootPart: 0.000000, 0.000000, 0.000000, 1.000000, 0.000000, 0.000000, 0.000000, 1.000000, 0.000000, 0.000000, 0.000000, 1.000000
    Torso: -0.208556, -11.385909, -0.100060, -0.999974, 0.007118, -0.000592, -0.007137, -0.999096, 0.041908, -0.000293, 0.041911, 0.999121
    Head: 0.000000, 0.000001, 0.016662, 0.999853, 0.017105, -0.001338, -0.017068, 0.999555, 0.024448, 0.001756, -0.024422, 0.999700
    Left Leg: -0.145981, 0.100716, -0.008353, 0.988075, 0.151768, 0.025959, -0.153703, 0.982192, 0.108047, -0.009099, -0.110749, 0.993807
    Right Arm: -0.044871, -0.016870, 0.004991, 0.957269, 0.111003, -0.267048, -0.108402, 0.993805, 0.024511, 0.268115, 0.005485, 0.963371
    Left Arm: -0.013622, -0.045838, -0.002275, 0.999685, 0.022986, -0.010073, -0.022178, 0.997002, 0.074133, 0.011747, -0.073886, 0.997197
    Right Leg: 0.605392, 0.440380, 0.086942, 0.970310, 0.138715, -0.198134, -0.121143, 0.987759, 0.098266, 0.209340, -0.071346, 0.975237

[28]
    Time: 0.44999998807907104
    HumanoidRootPart: 0.000000, 0.000000, 0.000000, 1.000000, 0.000000, 0.000000, 0.000000, 1.000000, 0.000000, 0.000000, 0.000000, 1.000000
    Torso: -0.208556, -11.385909, -0.100060, -0.999974, 0.007118, -0.000592, -0.007137, -0.999096, 0.041908, -0.000293, 0.041911, 0.999121
    Head: 0.000000, 0.000001, 0.016662, 0.999853, 0.017105, -0.001338, -0.017068, 0.999555, 0.024448, 0.001756, -0.024422, 0.999700
    Left Leg: -0.145981, 0.100716, -0.008353, 0.988075, 0.151768, 0.025959, -0.153703, 0.982192, 0.108047, -0.009099, -0.110749, 0.993807
    Right Arm: -0.044871, -0.016870, 0.004991, 0.957269, 0.111003, -0.267048, -0.108402, 0.993805, 0.024511, 0.268115, 0.005485, 0.963371
    Left Arm: -0.013622, -0.045838, -0.002275, 0.999685, 0.022986, -0.010073, -0.022178, 0.997002, 0.074133, 0.011747, -0.073886, 0.997197
    Right Leg: 0.605392, 0.440380, 0.086942, 0.970310, 0.138715, -0.198134, -0.121143, 0.987759, 0.098266, 0.209340, -0.071346, 0.975237

[29]
    Time: 0.46666666865348816
    HumanoidRootPart: 0.000000, 0.000000, 0.000000, 1.000000, 0.000000, 0.000000, 0.000000, 1.000000, 0.000000, 0.000000, 0.000000, 1.000000
    Torso: -0.208556, -11.385909, -0.100060, -0.999974, 0.007118, -0.000592, -0.007137, -0.999096, 0.041908, -0.000293, 0.041911, 0.999121
    Head: 0.000000, 0.000001, 0.016662, 0.999853, 0.017105, -0.001338, -0.017068, 0.999555, 0.024448, 0.001756, -0.024422, 0.999700
    Left Leg: -0.145981, 0.100716, -0.008353, 0.988075, 0.151768, 0.025959, -0.153703, 0.982192, 0.108047, -0.009099, -0.110749, 0.993807
    Right Arm: -0.044871, -0.016870, 0.004991, 0.957269, 0.111003, -0.267048, -0.108402, 0.993805, 0.024511, 0.268115, 0.005485, 0.963371
    Left Arm: -0.013622, -0.045838, -0.002275, 0.999685, 0.022986, -0.010073, -0.022178, 0.997002, 0.074133, 0.011747, -0.073886, 0.997197
    Right Leg: 0.605392, 0.440380, 0.086942, 0.970310, 0.138715, -0.198134, -0.121143, 0.987759, 0.098266, 0.209340, -0.071346, 0.975237

[30]
    Time: 0.4833333194255829
    HumanoidRootPart: 0.000000, 0.000000, 0.000000, 1.000000, 0.000000, 0.000000, 0.000000, 1.000000, 0.000000, 0.000000, 0.000000, 1.000000
    Torso: -0.208556, -11.385909, -0.100060, -0.999974, 0.007118, -0.000592, -0.007137, -0.999096, 0.041908, -0.000293, 0.041911, 0.999121
    Head: 0.000000, 0.000001, 0.016662, 0.999853, 0.017105, -0.001338, -0.017068, 0.999555, 0.024448, 0.001756, -0.024422, 0.999700
    Left Leg: -0.145981, 0.100716, -0.008353, 0.988075, 0.151768, 0.025959, -0.153703, 0.982192, 0.108047, -0.009099, -0.110749, 0.993807
    Right Arm: -0.044871, -0.016870, 0.004991, 0.957269, 0.111003, -0.267048, -0.108402, 0.993805, 0.024511, 0.268115, 0.005485, 0.963371
    Left Arm: -0.013622, -0.045838, -0.002275, 0.999685, 0.022986, -0.010073, -0.022178, 0.997002, 0.074133, 0.011747, -0.073886, 0.997197
    Right Leg: 0.605392, 0.440380, 0.086942, 0.970310, 0.138715, -0.198134, -0.121143, 0.987759, 0.098266, 0.209340, -0.071346, 0.975237

[31]
    Time: 0.5
    HumanoidRootPart: 0.000000, 0.000000, 0.000000, 1.000000, 0.000000, 0.000000, 0.000000, 1.000000, 0.000000, 0.000000, 0.000000, 1.000000
    Torso: -0.136638, -11.417286, -0.155505, -0.999974, 0.007118, -0.000592, -0.007137, -0.999096, 0.041908, -0.000293, 0.041911, 0.999121
    Head: 0.000000, -0.000000, 0.016662, 0.999853, 0.017105, -0.001338, -0.017068, 0.999555, 0.024448, 0.001756, -0.024422, 0.999700
    Left Leg: -0.289061, 0.180631, -0.018754, 0.995394, 0.092570, 0.024922, -0.095282, 0.983979, 0.150690, -0.010574, -0.152370, 0.988267
    Right Arm: -0.044870, -0.016870, 0.004991, 0.957269, 0.111003, -0.267048, -0.108402, 0.993805, 0.024511, 0.268115, 0.005485, 0.963371
    Left Arm: -0.095366, -0.034524, -0.011418, 0.973279, 0.184297, -0.136980, -0.176106, 0.981894, 0.069790, 0.147362, -0.043803, 0.988112
    Right Leg: 0.280562, 0.188216, 0.042649, 0.979405, 0.024725, -0.200385, 0.002434, 0.990956, 0.134167, 0.201890, -0.131892, 0.970487

[32]
    Time: 0.5166666507720947
    HumanoidRootPart: 0.000000, 0.000000, 0.000000, 1.000000, 0.000000, 0.000000, 0.000000, 1.000000, 0.000000, 0.000000, 0.000000, 1.000000
    Torso: -0.136638, -11.417286, -0.155505, -0.999974, 0.007118, -0.000592, -0.007137, -0.999096, 0.041908, -0.000293, 0.041911, 0.999121
    Head: 0.000000, -0.000000, 0.016662, 0.999853, 0.017105, -0.001338, -0.017068, 0.999555, 0.024448, 0.001756, -0.024422, 0.999700
    Left Leg: -0.289061, 0.180631, -0.018754, 0.995394, 0.092570, 0.024922, -0.095282, 0.983979, 0.150690, -0.010574, -0.152370, 0.988267
    Right Arm: -0.044870, -0.016870, 0.004991, 0.957269, 0.111003, -0.267048, -0.108402, 0.993805, 0.024511, 0.268115, 0.005485, 0.963371
    Left Arm: -0.095366, -0.034524, -0.011418, 0.973279, 0.184297, -0.136980, -0.176106, 0.981894, 0.069790, 0.147362, -0.043803, 0.988112
    Right Leg: 0.280562, 0.188216, 0.042649, 0.979405, 0.024725, -0.200385, 0.002434, 0.990956, 0.134167, 0.201890, -0.131892, 0.970487

[33]
    Time: 0.5333333611488342
    HumanoidRootPart: 0.000000, 0.000000, 0.000000, 1.000000, 0.000000, 0.000000, 0.000000, 1.000000, 0.000000, 0.000000, 0.000000, 1.000000
    Torso: -0.136638, -11.417286, -0.155505, -0.999974, 0.007118, -0.000592, -0.007137, -0.999096, 0.041908, -0.000293, 0.041911, 0.999121
    Head: 0.000000, -0.000000, 0.016662, 0.999853, 0.017105, -0.001338, -0.017068, 0.999555, 0.024448, 0.001756, -0.024422, 0.999700
    Left Leg: -0.289061, 0.180631, -0.018754, 0.995394, 0.092570, 0.024922, -0.095282, 0.983979, 0.150690, -0.010574, -0.152370, 0.988267
    Right Arm: -0.044870, -0.016870, 0.004991, 0.957269, 0.111003, -0.267048, -0.108402, 0.993805, 0.024511, 0.268115, 0.005485, 0.963371
    Left Arm: -0.095366, -0.034524, -0.011418, 0.973279, 0.184297, -0.136980, -0.176106, 0.981894, 0.069790, 0.147362, -0.043803, 0.988112
    Right Leg: 0.280562, 0.188216, 0.042649, 0.979405, 0.024725, -0.200385, 0.002434, 0.990956, 0.134167, 0.201890, -0.131892, 0.970487

[34]
    Time: 0.550000011920929
    HumanoidRootPart: 0.000000, 0.000000, 0.000000, 1.000000, 0.000000, 0.000000, 0.000000, 1.000000, 0.000000, 0.000000, 0.000000, 1.000000
    Torso: -0.136638, -11.417286, -0.155505, -0.999974, 0.007118, -0.000592, -0.007137, -0.999096, 0.041908, -0.000293, 0.041911, 0.999121
    Head: 0.000000, -0.000000, 0.016662, 0.999853, 0.017105, -0.001338, -0.017068, 0.999555, 0.024448, 0.001756, -0.024422, 0.999700
    Left Leg: -0.289061, 0.180631, -0.018754, 0.995394, 0.092570, 0.024922, -0.095282, 0.983979, 0.150690, -0.010574, -0.152370, 0.988267
    Right Arm: -0.044870, -0.016870, 0.004991, 0.957269, 0.111003, -0.267048, -0.108402, 0.993805, 0.024511, 0.268115, 0.005485, 0.963371
    Left Arm: -0.095366, -0.034524, -0.011418, 0.973279, 0.184297, -0.136980, -0.176106, 0.981894, 0.069790, 0.147362, -0.043803, 0.988112
    Right Leg: 0.280562, 0.188216, 0.042649, 0.979405, 0.024725, -0.200385, 0.002434, 0.990956, 0.134167, 0.201890, -0.131892, 0.970487

[35]
    Time: 0.5666666626930237
    HumanoidRootPart: 0.000000, 0.000000, 0.000000, 1.000000, 0.000000, 0.000000, 0.000000, 1.000000, 0.000000, 0.000000, 0.000000, 1.000000
    Torso: -0.136638, -11.417286, -0.155505, -0.999974, 0.007118, -0.000592, -0.007137, -0.999096, 0.041908, -0.000293, 0.041911, 0.999121
    Head: 0.000000, -0.000000, 0.016662, 0.999853, 0.017105, -0.001338, -0.017068, 0.999555, 0.024448, 0.001756, -0.024422, 0.999700
    Left Leg: -0.289061, 0.180631, -0.018754, 0.995394, 0.092570, 0.024922, -0.095282, 0.983979, 0.150690, -0.010574, -0.152370, 0.988267
    Right Arm: -0.044870, -0.016870, 0.004991, 0.957269, 0.111003, -0.267048, -0.108402, 0.993805, 0.024511, 0.268115, 0.005485, 0.963371
    Left Arm: -0.095366, -0.034524, -0.011418, 0.973279, 0.184297, -0.136980, -0.176106, 0.981894, 0.069790, 0.147362, -0.043803, 0.988112
    Right Leg: 0.280562, 0.188216, 0.042649, 0.979405, 0.024725, -0.200385, 0.002434, 0.990956, 0.134167, 0.201890, -0.131892, 0.970487

[36]
    Time: 0.5833333134651184
    HumanoidRootPart: 0.000000, 0.000000, 0.000000, 1.000000, 0.000000, 0.000000, 0.000000, 1.000000, 0.000000, 0.000000, 0.000000, 1.000000
    Torso: -0.129859, -11.377284, -0.166986, -0.999911, -0.007453, 0.011101, 0.008400, -0.996098, 0.087856, 0.010403, 0.087942, 0.996071
    Head: 0.000000, -0.000001, 0.016663, 0.999952, 0.001758, 0.009628, -0.002432, 0.997508, 0.070511, -0.009480, -0.070531, 0.997465
    Left Leg: -0.284747, 0.192064, -0.012159, 0.990618, 0.128624, 0.046163, -0.133770, 0.981763, 0.135080, -0.027947, -0.139988, 0.989759
    Right Arm: -0.044869, -0.016870, 0.004991, 0.957269, 0.111003, -0.267049, -0.108402, 0.993805, 0.024511, 0.268115, 0.005486, 0.963371
    Left Arm: 0.116604, -0.042882, 0.002941, 0.978520, 0.201226, -0.044800, -0.198219, 0.978084, 0.063728, 0.056642, -0.053479, 0.996961
    Right Leg: 0.301464, 0.223302, 0.037945, 0.981186, -0.017931, -0.192229, 0.045280, 0.989279, 0.138839, 0.187679, -0.144931, 0.971479

[37]
    Time: 0.6000000238418579
    HumanoidRootPart: 0.000000, 0.000000, 0.000000, 1.000000, 0.000000, 0.000000, 0.000000, 1.000000, 0.000000, 0.000000, 0.000000, 1.000000
    Torso: -0.129859, -11.377284, -0.166986, -0.999911, -0.007453, 0.011101, 0.008400, -0.996098, 0.087856, 0.010403, 0.087942, 0.996071
    Head: 0.000000, -0.000001, 0.016663, 0.999952, 0.001758, 0.009628, -0.002432, 0.997508, 0.070511, -0.009480, -0.070531, 0.997465
    Left Leg: -0.284747, 0.192064, -0.012159, 0.990618, 0.128624, 0.046163, -0.133770, 0.981763, 0.135080, -0.027947, -0.139988, 0.989759
    Right Arm: -0.044869, -0.016870, 0.004991, 0.957269, 0.111003, -0.267049, -0.108402, 0.993805, 0.024511, 0.268115, 0.005486, 0.963371
    Left Arm: 0.116604, -0.042882, 0.002941, 0.978520, 0.201226, -0.044800, -0.198219, 0.978084, 0.063728, 0.056642, -0.053479, 0.996961
    Right Leg: 0.301464, 0.223302, 0.037945, 0.981186, -0.017931, -0.192229, 0.045280, 0.989279, 0.138839, 0.187679, -0.144931, 0.971479

[38]
    Time: 0.6166666746139526
    HumanoidRootPart: 0.000000, 0.000000, 0.000000, 1.000000, 0.000000, 0.000000, 0.000000, 1.000000, 0.000000, 0.000000, 0.000000, 1.000000
    Torso: -0.129859, -11.377284, -0.166986, -0.999911, -0.007453, 0.011101, 0.008400, -0.996098, 0.087856, 0.010403, 0.087942, 0.996071
    Head: 0.000000, -0.000001, 0.016663, 0.999952, 0.001758, 0.009628, -0.002432, 0.997508, 0.070511, -0.009480, -0.070531, 0.997465
    Left Leg: -0.284747, 0.192064, -0.012159, 0.990618, 0.128624, 0.046163, -0.133770, 0.981763, 0.135080, -0.027947, -0.139988, 0.989759
    Right Arm: -0.044869, -0.016870, 0.004991, 0.957269, 0.111003, -0.267049, -0.108402, 0.993805, 0.024511, 0.268115, 0.005486, 0.963371
    Left Arm: 0.116604, -0.042882, 0.002941, 0.978520, 0.201226, -0.044800, -0.198219, 0.978084, 0.063728, 0.056642, -0.053479, 0.996961
    Right Leg: 0.301464, 0.223302, 0.037945, 0.981186, -0.017931, -0.192229, 0.045280, 0.989279, 0.138839, 0.187679, -0.144931, 0.971479

[39]
    Time: 0.6333333253860474
    HumanoidRootPart: 0.000000, 0.000000, 0.000000, 1.000000, 0.000000, 0.000000, 0.000000, 1.000000, 0.000000, 0.000000, 0.000000, 1.000000
    Torso: -0.129859, -11.377284, -0.166986, -0.999911, -0.007453, 0.011101, 0.008400, -0.996098, 0.087856, 0.010403, 0.087942, 0.996071
    Head: 0.000000, -0.000001, 0.016663, 0.999952, 0.001758, 0.009628, -0.002432, 0.997508, 0.070511, -0.009480, -0.070531, 0.997465
    Left Leg: -0.284747, 0.192064, -0.012159, 0.990618, 0.128624, 0.046163, -0.133770, 0.981763, 0.135080, -0.027947, -0.139988, 0.989759
    Right Arm: -0.044869, -0.016870, 0.004991, 0.957269, 0.111003, -0.267049, -0.108402, 0.993805, 0.024511, 0.268115, 0.005486, 0.963371
    Left Arm: 0.116604, -0.042882, 0.002941, 0.978520, 0.201226, -0.044800, -0.198219, 0.978084, 0.063728, 0.056642, -0.053479, 0.996961
    Right Leg: 0.301464, 0.223302, 0.037945, 0.981186, -0.017931, -0.192229, 0.045280, 0.989279, 0.138839, 0.187679, -0.144931, 0.971479

[40]
    Time: 0.6499999761581421
    HumanoidRootPart: 0.000000, 0.000000, 0.000000, 1.000000, 0.000000, 0.000000, 0.000000, 1.000000, 0.000000, 0.000000, 0.000000, 1.000000
    Torso: -0.129859, -11.377284, -0.166986, -0.999911, -0.007453, 0.011101, 0.008400, -0.996098, 0.087856, 0.010403, 0.087942, 0.996071
    Head: 0.000000, -0.000001, 0.016663, 0.999952, 0.001758, 0.009628, -0.002432, 0.997508, 0.070511, -0.009480, -0.070531, 0.997465
    Left Leg: -0.284747, 0.192064, -0.012159, 0.990618, 0.128624, 0.046163, -0.133770, 0.981763, 0.135080, -0.027947, -0.139988, 0.989759
    Right Arm: -0.044869, -0.016870, 0.004991, 0.957269, 0.111003, -0.267049, -0.108402, 0.993805, 0.024511, 0.268115, 0.005486, 0.963371
    Left Arm: 0.116604, -0.042882, 0.002941, 0.978520, 0.201226, -0.044800, -0.198219, 0.978084, 0.063728, 0.056642, -0.053479, 0.996961
    Right Leg: 0.301464, 0.223302, 0.037945, 0.981186, -0.017931, -0.192229, 0.045280, 0.989279, 0.138839, 0.187679, -0.144931, 0.971479

[41]
    Time: 0.6666666865348816
