[1]
    Time: 0.000000
    HumanoidRootPart.CFrame = CFrame.new(0, 0, 0, 1, 0, 0, 0, 1, 0, 0, 0, 1)
    Torso.CFrame = CFrame.new(0.00210641, 0.0244379, -0.277029, 0.999275, 0.0378737, 0.00377736, -0.0379857, 0.998623, 0.0361902, -0.0024015, -0.0363075, 0.999338)
    Left Leg.CFrame = CFrame.new(-0.641538, 0.147531, 0.0531439, 0.91445, -0.391739, 0.101601, 0.390066, 0.920056, 0.0366716, -0.107845, 0.00609695, 0.994149)
    Right Arm.CFrame = CFrame.new(0.240115, -0.0306351, 0.0635999, 0.619229, -0.49747, -0.607519, 0.674125, 0.73354, 0.0864559, 0.40263, -0.46308, 0.789586)
    Left Arm.CFrame = CFrame.new(-0.11316, 0.0279769, -0.0991953, 0.762774, 0.243734, -0.598973, -0.304375, 0.952552, -1.87661e-07, 0.570553, 0.182313, 0.800769)
    Head.CFrame = CFrame.new(1.04308e-07, 1.86265e-09, 0.0182942, 0.907207, 0.360536, 0.216771, -0.365319, 0.930688, -0.0190363, -0.208609, -0.0619207, 0.976037)
    Right Leg.CFrame = CFrame.new(0.617025, 0.35936, 0.0643947, 0.93257, 0.312684, -0.180396, -0.291557, 0.947071, 0.134351, 0.212857, -0.0726958, 0.974375)

[2]
    Time: 0.050000
    HumanoidRootPart.CFrame = CFrame.new(0, 0, 0, 1, 0, 0, 0, 1, 0, 0, 0, 1)
    Torso.CFrame = CFrame.new(-0.0323406, 0.0464566, -0.205845, 0.989322, 0.138708, 0.0447496, -0.141448, 0.987787, 0.0653334, -0.0351409, -0.0709654, 0.99686)
    Left Leg.CFrame = CFrame.new(-0.627123, 0.100735, -0.0170387, 0.904048, -0.427387, 0.00615275, 0.424125, 0.89875, 0.111201, -0.0530558, -0.0979219, 0.993779)
    Right Arm.CFrame = CFrame.new(0.267729, 0.0357373, 0.113234, 0.170415, -0.638255, -0.750726, 0.96195, 0.272886, -0.0136398, 0.213568, -0.719836, 0.660473)
    Left Arm.CFrame = CFrame.new(-0.352607, 0.00425062, -0.412811, 0.294828, 0.602094, -0.741997, -0.858744, 0.507517, 0.0706072, 0.419088, 0.616369, 0.666675)
    Head.CFrame = CFrame.new(5.96046e-08, 5.21541e-08, 0.0182941, 0.866127, 0.447947, 0.221736, -0.45054, 0.891782, -0.0416972, -0.216419, -0.0637861, 0.974215)
    Right Leg.CFrame = CFrame.new(0.705854, 0.6733, 0.0224054, 0.947412, 0.278663, -0.157346, -0.260268, 0.957039, 0.127812, 0.186203, -0.0801384, 0.979238)

[3]
    Time: 0.100000
    HumanoidRootPart.CFrame = CFrame.new(0, 0, 0, 1, 0, 0, 0, 1, 0, 0, 0, 1)
    Torso.CFrame = CFrame.new(-0.0518112, 0.0593057, -0.164083, 0.979063, 0.191747, 0.0683311, -0.197059, 0.976955, 0.082021, -0.0510291, -0.0937689, 0.994285)
    Left Leg.CFrame = CFrame.new(-0.594573, 0.0675242, -0.0455216, 0.896053, -0.441559, -0.045986, 0.443434, 0.885225, 0.140511, -0.0213359, -0.146297, 0.989011)
    Right Arm.CFrame = CFrame.new(0.255768, 0.0719556, 0.130644, -0.00334176, -0.57683, -0.816857, 0.998034, 0.0492025, -0.0388276, 0.0625883, -0.815381, 0.575532)
    Left Arm.CFrame = CFrame.new(-0.439981, 0.0244255, -0.570462, 0.0705392, 0.574922, -0.815162, -0.971719, 0.224228, 0.0740582, 0.22536, 0.786884, 0.574479)
    Head.CFrame = CFrame.new(1.41561e-07, 1.49012e-08, 0.0182947, 0.84506, 0.494374, 0.203635, -0.490474, 0.868405, -0.07286, -0.212858, -0.0383068, 0.976332)
    Right Leg.CFrame = CFrame.new(0.65388, 0.823993, -0.00160131, 0.961431, 0.222986, -0.161022, -0.203997, 0.970786, 0.126334, 0.184489, -0.0886139, 0.978832)

[4]
    Time: 0.150000
    HumanoidRootPart.CFrame = CFrame.new(0, 0, 0, 1, 0, 0, 0, 1, 0, 0, 0, 1)
    Torso.CFrame = CFrame.new(-0.0746754, 0.0892916, -0.112561, 0.969908, 0.22717, 0.0875935, -0.235973, 0.965695, 0.108401, -0.0599632, -0.125808, 0.990241)
    Left Leg.CFrame = CFrame.new(-0.504665, 0.0408894, -0.0480661, 0.897251, -0.436326, -0.0675249, 0.441375, 0.882479, 0.162541, -0.0113319, -0.175644, 0.984389)
    Right Arm.CFrame = CFrame.new(0.231758, 0.128247, 0.138583, 0.0782026, -0.448512, -0.890349, 0.98438, -0.106562, 0.140142, -0.157732, -0.887402, 0.433173)
    Left Arm.CFrame = CFrame.new(-0.491636, 0.102864, -0.680885, 0.161394, 0.467392, -0.869193, -0.969401, -0.089991, -0.228392, -0.184968, 0.879458, 0.438567)
    Head.CFrame = CFrame.new(7.45058e-08, -1.11759e-08, 0.0182941, 0.837626, 0.524384, 0.152982, -0.510795, 0.851169, -0.120828, -0.193574, 0.0230656, 0.980815)
    Right Leg.CFrame = CFrame.new(0.560243, 0.860104, 0.0475463, 0.945635, 0.198287, -0.257793, -0.170287, 0.97718, 0.126974, 0.277088, -0.0761722, 0.957821)

[5]
    Time: 0.200000
    HumanoidRootPart.CFrame = CFrame.new(0, 0, 0, 1, 0, 0, 0, 1, 0, 0, 0, 1)
    Torso.CFrame = CFrame.new(-0.0778086, 0.0958609, -0.105283, 0.96948, 0.228458, 0.0889644, -0.237712, 0.964738, 0.11302, -0.0600071, -0.130718, 0.989602)
    Left Leg.CFrame = CFrame.new(-0.486739, 0.0394754, -0.0458364, 0.89923, -0.432487, -0.0658764, 0.43728, 0.884075, 0.164919, -0.0130858, -0.177107, 0.984105)
    Right Arm.CFrame = CFrame.new(0.231198, 0.145795, 0.137226, 0.100447, -0.433463, -0.895556, 0.970839, -0.154227, 0.183539, -0.217676, -0.887876, 0.405331)
    Left Arm.CFrame = CFrame.new(-0.495776, 0.121248, -0.684656, 0.211482, 0.463459, -0.860512, -0.936337, -0.156393, -0.314348, -0.280266, 0.872208, 0.400879)
    Head.CFrame = CFrame.new(9.68575e-08, 5.21541e-08, 0.018294, 0.838594, 0.525141, 0.14487, -0.510725, 0.850416, -0.126302, -0.189526, 0.0319273, 0.981357)
    Right Leg.CFrame = CFrame.new(0.542692, 0.853547, 0.0622319, 0.939226, 0.19665, -0.281395, -0.166833, 0.977836, 0.126504, 0.300036, -0.0718699, 0.951217)

[6]
    Time: 0.250000
    HumanoidRootPart.CFrame = CFrame.new(0, 0, 0, 1, 0, 0, 0, 1, 0, 0, 0, 1)
    Torso.CFrame = CFrame.new(-0.0448906, 0.0806734, -0.144866, 0.981914, 0.175162, 0.0718513, -0.181487, 0.978915, 0.0937479, -0.0539151, -0.105093, 0.993)
    Left Leg.CFrame = CFrame.new(-0.534547, 0.0743006, -0.0118549, 0.904143, -0.42698, 0.0146463, 0.420022, 0.894635, 0.152345, -0.0781513, -0.131589, 0.988219)
    Right Arm.CFrame = CFrame.new(0.278876, 0.134278, 0.131228, -0.0771041, -0.431428, -0.898846, 0.942894, -0.324563, 0.0749012, -0.324047, -0.841741, 0.431816)
    Left Arm.CFrame = CFrame.new(-0.452694, 0.0581123, -0.660222, 0.311531, 0.435905, -0.844355, -0.917791, -0.0921842, -0.386216, -0.24619, 0.895259, 0.371351)
    Head.CFrame = CFrame.new(9.68575e-08, -3.72529e-08, 0.0182944, 0.848964, 0.513207, 0.12601, -0.496588, 0.856311, -0.141891, -0.180723, 0.057885, 0.981829)
    Right Leg.CFrame = CFrame.new(0.587785, 0.666413, 0.161437, 0.890023, 0.308311, -0.335861, -0.289247, 0.951283, 0.106754, 0.352413, 0.0021331, 0.935842)

[7]
    Time: 0.300000
    HumanoidRootPart.CFrame = CFrame.new(0, 0, 0, 1, 0, 0, 0, 1, 0, 0, 0, 1)
    Torso.CFrame = CFrame.new(-0.0298186, 0.068578, -0.180184, 0.988288, 0.141305, 0.0576138, -0.145582, 0.986235, 0.0783998, -0.0457425, -0.0858691, 0.995256)
    Left Leg.CFrame = CFrame.new(-0.557576, 0.103352, 0.0213057, 0.90375, -0.421224, 0.0762061, 0.409037, 0.902272, 0.136363, -0.126198, -0.0920673, 0.987723)
    Right Arm.CFrame = CFrame.new(0.297398, 0.0994876, 0.126911, -0.137266, -0.452757, -0.881005, 0.931202, -0.362185, 0.0410437, -0.33767, -0.81476, 0.471324)
    Left Arm.CFrame = CFrame.new(-0.394847, -0.00140774, -0.599653, 0.394369, 0.41864, -0.818055, -0.898944, -0.00900185, -0.43797, -0.190716, 0.908108, 0.372784)
    Head.CFrame = CFrame.new(1.22935e-07, -7.45058e-09, 0.0182945, 0.861797, 0.495363, 0.10919, -0.47884, 0.865484, -0.147137, -0.167389, 0.0745177, 0.983071)
    Right Leg.CFrame = CFrame.new(0.591133, 0.474833, 0.21109, 0.869034, 0.355244, -0.344357, -0.354656, 0.93259, 0.0670512, 0.344964, 0.0638584, 0.936441)

[8]
    Time: 0.350000
    HumanoidRootPart.CFrame = CFrame.new(0, 0, 0, 1, 0, 0, 0, 1, 0, 0, 0, 1)
    Torso.CFrame = CFrame.new(-0.038434, 0.0300549, -0.282751, 0.993971, 0.105949, 0.0282192, -0.10717, 0.993175, 0.0460147, -0.0231515, -0.0487616, 0.998542)
    Left Leg.CFrame = CFrame.new(-0.595587, 0.172397, 0.106872, 0.879186, -0.430753, 0.203675, 0.416834, 0.902402, 0.109181, -0.230827, -0.0110917, 0.972932)
    Right Arm.CFrame = CFrame.new(0.322979, -0.164048, -0.031511, 0.375793, -0.658566, -0.651975, 0.920885, 0.344099, 0.183213, 0.103686, -0.669244, 0.735773)
    Left Arm.CFrame = CFrame.new(-0.18024, -0.232188, -0.251177, 0.346577, 0.482679, -0.804305, -0.825863, 0.563594, -0.0176433, 0.444785, 0.67036, 0.593955)
    Head.CFrame = CFrame.new(8.75443e-08, -3.35276e-08, 0.018294, 0.958697, 0.278957, 0.0555317, -0.271752, 0.955977, -0.110717, -0.0839722, 0.0910529, 0.992299)
    Right Leg.CFrame = CFrame.new(0.480568, 0.077742, 0.0998307, 0.94, 0.287166, -0.184216, -0.304096, 0.950007, -0.0707933, 0.154677, 0.122565, 0.980333)

[9]
    Time: 0.400000
    HumanoidRootPart.CFrame = CFrame.new(0, 0, 0, 1, 0, 0, 0, 1, 0, 0, 0, 1)
    Torso.CFrame = CFrame.new(-0.038912, 0.015982, -0.304457, 0.996595, 0.0817872, 0.0104506, -0.082094, 0.996064, 0.0334116, -0.00767679, -0.0341557, 0.999387)
    Left Leg.CFrame = CFrame.new(-0.582418, 0.182182, 0.137192, 0.877207, -0.414219, 0.242755, 0.407383, 0.90973, 0.0801958, -0.25406, 0.0285459, 0.966767)
    Right Arm.CFrame = CFrame.new(0.322874, -0.241219, -0.115772, 0.556441, -0.681989, -0.47462, 0.808439, 0.576268, 0.119758, 0.191835, -0.45034, 0.872006)
    Left Arm.CFrame = CFrame.new(-0.143481, -0.289973, -0.108924, 0.362526, 0.562364, -0.743183, -0.638292, 0.73087, 0.241688, 0.679087, 0.38675, 0.623911)
    Head.CFrame = CFrame.new(8.9407e-08, -7.45058e-09, 0.0182942, 0.989342, 0.142925, 0.0278273, -0.13978, 0.985765, -0.0934302, -0.0407846, 0.0885447, 0.995237)
    Right Leg.CFrame = CFrame.new(0.542067, 0.12254, 0.0840173, 0.94313, 0.29823, -0.146852, -0.307502, 0.950503, -0.044577, 0.126289, 0.0871992, 0.988154)

[10]
    Time: 0.450000
    HumanoidRootPart.CFrame = CFrame.new(0, 0, 0, 1, 0, 0, 0, 1, 0, 0, 0, 1)
    Torso.CFrame = CFrame.new(-0.0081761, 0.0100376, -0.233737, 0.999525, -0.0025111, -0.0307278, 0.00315845, 0.999774, 0.0210371, 0.030668, -0.0211241, 0.999306)
    Left Leg.CFrame = CFrame.new(-0.485911, 0.156619, 0.145848, 0.913877, -0.303276, 0.269911, 0.312611, 0.949841, 0.00880369, -0.259042, 0.0763315, 0.962845)
    Right Arm.CFrame = CFrame.new(0.353301, -0.249454, -0.112819, 0.583138, -0.810168, -0.0598106, 0.810397, 0.585273, -0.0266789, 0.0566199, -0.032913, 0.997853)
    Left Arm.CFrame = CFrame.new(-0.295193, -0.181554, 0.00157234, 0.729078, 0.632781, -0.260834, -0.576027, 0.773119, 0.26548, 0.369647, -0.0433084, 0.928163)
    Head.CFrame = CFrame.new(8.00937e-08, -1.11759e-08, 0.0182947, 0.998204, -0.0576253, -0.0163634, 0.0563178, 0.995851, -0.071478, 0.0204144, 0.0704281, 0.997308)
    Right Leg.CFrame = CFrame.new(0.411835, 0.14308, 0.116863, 0.921713, 0.272257, -0.276263, -0.271402, 0.961545, 0.0421074, 0.277104, 0.0361675, 0.960159)

[11]
    Time: 0.500000
    HumanoidRootPart.CFrame = CFrame.new(0, 0, 0, 1, 0, 0, 0, 1, 0, 0, 0, 1)
    Torso.CFrame = CFrame.new(0.00855133, 0.00982719, -0.190871, 0.997789, -0.0406304, -0.0526008, 0.0415855, 0.998987, 0.017191, 0.051849, -0.0193404, 0.998468)
    Left Leg.CFrame = CFrame.new(-0.45684, 0.210145, 0.155334, 0.928359, -0.227073, 0.294258, 0.236716, 0.971575, 0.00292597, -0.286558, 0.0669394, 0.955721)
    Right Arm.CFrame = CFrame.new(0.366135, -0.245112, -0.124657, 0.55768, -0.816542, 0.149173, 0.82977, 0.553128, -0.07437, -0.0217857, 0.165254, 0.98601)
    Left Arm.CFrame = CFrame.new(-0.333176, -0.141183, 0.0436829, 0.793406, 0.60245, 0.0869519, -0.602431, 0.756754, 0.253772, 0.0870835, -0.253727, 0.963348)
    Head.CFrame = CFrame.new(7.82311e-08, 0, 0.0182941, 0.990498, -0.132215, -0.0378417, 0.129693, 0.989566, -0.062767, 0.0457456, 0.0572628, 0.997311)
    Right Leg.CFrame = CFrame.new(0.328216, 0.150678, 0.11766, 0.903633, 0.25585, -0.343494, -0.239938, 0.966714, 0.0888453, 0.354792, 0.00213379, 0.934943)

[12]
    Time: 0.550000
    HumanoidRootPart.CFrame = CFrame.new(0, 0, 0, 1, 0, 0, 0, 1, 0, 0, 0, 1)
    Torso.CFrame = CFrame.new(0.035443, 0.00996088, -0.141921, 0.989635, -0.0951326, -0.107575, 0.0967031, 0.995268, 0.00946622, 0.106166, -0.019771, 0.994152)
    Left Leg.CFrame = CFrame.new(-0.457374, 0.358379, 0.162332, 0.950862, -0.0974239, 0.293888, 0.106519, 0.994197, -0.0150632, -0.290715, 0.0456278, 0.955721)
    Right Arm.CFrame = CFrame.new(0.397847, -0.220417, -0.229037, 0.414352, -0.72534, 0.549721, 0.902324, 0.406272, -0.144064, -0.118841, 0.55572, 0.822832)
    Left Arm.CFrame = CFrame.new(-0.333438, -0.0533154, 0.137995, 0.385675, 0.603789, 0.697635, -0.920051, 0.308235, 0.241862, -0.069002, -0.735139, 0.674395)
    Head.CFrame = CFrame.new(1.04308e-07, -3.72529e-09, 0.0182939, 0.96268, -0.254117, -0.0931173, 0.249388, 0.966573, -0.0595129, 0.105128, 0.0340696, 0.993875)
    Right Leg.CFrame = CFrame.new(0.249768, 0.197708, 0.0947525, 0.878519, 0.249158, -0.407584, -0.184032, 0.963875, 0.192553, 0.440837, -0.094153, 0.892636)

[13]
    Time: 0.600000
    HumanoidRootPart.CFrame = CFrame.new(0, 0, 0, 1, 0, 0, 0, 1, 0, 0, 0, 1)
    Torso.CFrame = CFrame.new(0.0397413, 0.0103296, -0.125855, 0.987678, -0.102551, -0.118219, 0.104264, 0.994514, 0.00837969, 0.116711, -0.0206024, 0.992952)
    Left Leg.CFrame = CFrame.new(-0.466879, 0.438896, 0.146947, 0.954709, -0.074111, 0.288165, 0.0725486, 0.997235, 0.0161135, -0.288562, 0.00552224, 0.957445)
    Right Arm.CFrame = CFrame.new(0.410732, -0.197432, -0.294641, 0.285336, -0.613026, 0.736738, 0.950226, 0.281293, -0.133961, -0.125117, 0.738291, 0.662776)
    Left Arm.CFrame = CFrame.new(-0.317841, -0.00990774, 0.159946, 0.147354, 0.524176, 0.838765, -0.989033, 0.0866622, 0.119594, -0.0100008, -0.847189, 0.531198)
    Head.CFrame = CFrame.new(7.82311e-08, -1.86265e-09, 0.0182945, 0.945471, -0.307747, -0.106662, 0.302773, 0.951143, -0.0604603, 0.120057, 0.0248691, 0.992455)
    Right Leg.CFrame = CFrame.new(0.223913, 0.201128, 0.0816594, 0.878604, 0.240289, -0.412695, -0.164258, 0.963519, 0.211308, 0.448414, -0.117867, 0.88602)

[14]
    Time: 0.650000
    HumanoidRootPart.CFrame = CFrame.new(0, 0, 0, 1, 0, 0, 0, 1, 0, 0, 0, 1)
    Torso.CFrame = CFrame.new(0.0438462, 0.012064, -0.106108, 0.990023, -0.0910574, -0.107536, 0.0927822, 0.995624, 0.0111363, 0.106051, -0.0210026, 0.994139)
    Left Leg.CFrame = CFrame.new(-0.516214, 0.532739, 0.0912402, 0.96326, -0.0924952, 0.252142, 0.0710318, 0.993133, 0.0929552, -0.259009, -0.0716299, 0.963215)
    Right Arm.CFrame = CFrame.new(0.421791, -0.16231, -0.380159, 0.0514853, -0.395361, 0.917082, 0.997749, 0.0598801, -0.0301993, -0.0429752, 0.916572, 0.397553)
    Left Arm.CFrame = CFrame.new(-0.295788, 0.0140736, 0.17238, -0.0185376, 0.411606, 0.911173, -0.999352, -0.035752, -0.00418129, 0.0308551, -0.91066, 0.412002)
    Head.CFrame = CFrame.new(8.19564e-08, -3.72529e-09, 0.0182943, 0.889705, -0.441997, -0.114291, 0.437179, 0.896977, -0.0656291, 0.131524, 0.00842487, 0.991277)
    Right Leg.CFrame = CFrame.new(0.193597, 0.175915, 0.0648457, 0.894702, 0.214861, -0.39159, -0.146895, 0.969475, 0.196315, 0.421817, -0.11812, 0.898954)

[15]
    Time: 0.700000
    HumanoidRootPart.CFrame = CFrame.new(0, 0, 0, 1, 0, 0, 0, 1, 0, 0, 0, 1)
    Torso.CFrame = CFrame.new(0.0449646, 0.0131963, -0.103994, 0.992227, -0.0793471, -0.0958588, 0.0809316, 0.996638, 0.01275, 0.0945249, -0.0204089, 0.995313)
    Left Leg.CFrame = CFrame.new(-0.55257, 0.505919, 0.0636697, 0.969897, -0.121005, 0.211324, 0.0986159, 0.988634, 0.113484, -0.222654, -0.0892277, 0.970806)
    Right Arm.CFrame = CFrame.new(0.427176, -0.159328, -0.388927, -0.00670031, -0.380133, 0.924908, 0.999957, 0.00344737, 0.00866079, -0.00648069, 0.924926, 0.380093)
    Left Arm.CFrame = CFrame.new(-0.295402, 0.0177239, 0.172374, -0.0389322, 0.409633, 0.911419, -0.998354, -0.054387, -0.0182018, 0.0421132, -0.910628, 0.411076)
    Head.CFrame = CFrame.new(2.98023e-08, 0, 0.0182938, 0.852924, -0.509141, -0.115307, 0.504315, 0.860682, -0.0699553, 0.13486, 0.00151537, 0.990864)
    Right Leg.CFrame = CFrame.new(0.201521, 0.160167, 0.0625965, 0.906395, 0.207282, -0.36808, -0.149827, 0.972434, 0.17867, 0.394969, -0.106797, 0.912466)

[16]
    Time: 0.750000
    HumanoidRootPart.CFrame = CFrame.new(0, 0, 0, 1, 0, 0, 0, 1, 0, 0, 0, 1)
    Torso.CFrame = CFrame.new(0.0430508, -0.00144313, -0.1455, 0.996841, -0.0497164, -0.0619403, 0.0494501, 0.99876, -0.00582626, 0.0621532, 0.0027449, 0.998063)
    Left Leg.CFrame = CFrame.new(-0.582469, 0.31606, 0.0489447, 0.970168, -0.202203, 0.133749, 0.193261, 0.978129, 0.0768956, -0.146372, -0.0487532, 0.988028)
    Right Arm.CFrame = CFrame.new(0.491369, -0.261936, -0.337786, -0.0263543, -0.698087, 0.715528, 0.954555, -0.230138, -0.189371, 0.296867, 0.67802, 0.672428)
    Left Arm.CFrame = CFrame.new(-0.414649, -0.09521, 0.110307, 0.0569163, 0.701628, 0.710267, -0.954643, -0.170012, 0.244443, 0.292262, -0.691964, 0.660128)
    Head.CFrame = CFrame.new(7.45058e-08, -3.72529e-09, 0.0182945, 0.828383, -0.553387, -0.0868568, 0.547877, 0.832712, -0.0801347, 0.116672, 0.0187954, 0.992993)
    Right Leg.CFrame = CFrame.new(0.328602, 0.148151, 0.0856559, 0.927784, 0.219103, -0.302011, -0.191263, 0.974268, 0.119246, 0.320367, -0.0528712, 0.945817)

[17]
    Time: 0.800000
    HumanoidRootPart.CFrame = CFrame.new(0, 0, 0, 1, 0, 0, 0, 1, 0, 0, 0, 1)
    Torso.CFrame = CFrame.new(0.0384484, -0.00605219, -0.175982, 0.998445, -0.0324345, -0.0453332, 0.0319361, 0.999422, -0.0116748, 0.0456856, 0.0102089, 0.998904)
    Left Leg.CFrame = CFrame.new(-0.576988, 0.253428, 0.0441816, 0.966615, -0.229422, 0.114109, 0.223652, 0.972746, 0.0612029, -0.12504, -0.033639, 0.991581)
    Right Arm.CFrame = CFrame.new(0.519593, -0.306494, -0.294716, -0.0470731, -0.841826, 0.537692, 0.933594, -0.228505, -0.276021, 0.355227, 0.488993, 0.79668)
    Left Arm.CFrame = CFrame.new(-0.465477, -0.153122, 0.0593051, 0.118043, 0.86022, 0.496072, -0.91884, -0.0948215, 0.383069, 0.376562, -0.50103, 0.779212)
    Head.CFrame = CFrame.new(1.04308e-07, 0, 0.0182941, 0.851237, -0.520157, -0.0695188, 0.515314, 0.853562, -0.0766995, 0.0992344, 0.0294654, 0.994628)
    Right Leg.CFrame = CFrame.new(0.40615, 0.146084, 0.0920167, 0.936083, 0.234665, -0.262069, -0.218671, 0.971727, 0.0890448, 0.275556, -0.0260465, 0.960932)

[18]
    Time: 0.850000
    HumanoidRootPart.CFrame = CFrame.new(0, 0, 0, 1, 0, 0, 0, 1, 0, 0, 0, 1)
    Torso.CFrame = CFrame.new(0.0236148, 0.00421172, -0.240715, 0.999781, -0.0039212, -0.0205383, 0.00403172, 0.999978, 0.00534226, 0.0205169, -0.0054239, 0.999775)
    Left Leg.CFrame = CFrame.new(-0.598616, 0.175469, 0.0543263, 0.94415, -0.311275, 0.10812, 0.310415, 0.950269, 0.0251229, -0.110563, 0.00984235, 0.99382)
    Right Arm.CFrame = CFrame.new(0.194218, -0.297408, -0.119352, 0.88704, -0.449924, 0.103576, 0.458925, 0.883775, -0.0912658, -0.0504753, 0.12849, 0.990425)
    Left Arm.CFrame = CFrame.new(-0.209251, -0.283661, -0.0686872, 0.832725, 0.546675, -0.0878346, -0.548184, 0.836319, 0.00805674, 0.0778621, 0.0414404, 0.996103)
    Head.CFrame = CFrame.new(9.87202e-08, -1.86265e-09, 0.0182944, 0.94257, -0.330131, -0.050751, 0.327553, 0.943348, -0.0529457, 0.0653548, 0.0332814, 0.997307)
    Right Leg.CFrame = CFrame.new(0.492341, 0.150633, 0.0863963, 0.943355, 0.269049, -0.194149, -0.265927, 0.963057, 0.042471, 0.198403, 0.0115641, 0.980052)

[19]
    Time: 0.900000
    HumanoidRootPart.CFrame = CFrame.new(0, 0, 0, 1, 0, 0, 0, 1, 0, 0, 0, 1)
    Torso.CFrame = CFrame.new(0.0133915, 0.0146206, -0.267635, 0.999869, 0.0133289, -0.00915493, -0.0131267, 0.999676, 0.0218111, 0.00944268, -0.021688, 0.99972)
    Left Leg.CFrame = CFrame.new(-0.621087, 0.152352, 0.0595277, 0.927351, -0.357829, 0.109451, 0.358071, 0.933519, 0.0181118, -0.108656, 0.0223954, 0.993827)
    Right Arm.CFrame = CFrame.new(0.152239, -0.24687, -0.0377775, 0.829073, -0.493068, -0.263669, 0.526596, 0.847082, 0.0717498, 0.187972, -0.198333, 0.961941)
    Left Arm.CFrame = CFrame.new(-0.169918, -0.264324, -0.103019, 0.852796, 0.320238, -0.412537, -0.346608, 0.937939, 0.0115812, 0.390643, 0.133112, 0.910867)
    Head.CFrame = CFrame.new(8.56817e-08, 5.58794e-09, 0.0182938, 0.984855, -0.169034, -0.0385728, 0.167566, 0.985106, -0.0385768, 0.0445191, 0.0315291, 0.998511)
    Right Leg.CFrame = CFrame.new(0.50304, 0.149528, 0.0812354, 0.944163, 0.281235, -0.171649, -0.282115, 0.959177, 0.019761, 0.1702, 0.0297672, 0.98496)

[20]
    Time: 0.950000
    HumanoidRootPart.CFrame = CFrame.new(0, 0, 0, 1, 0, 0, 0, 1, 0, 0, 0, 1)
    Torso.CFrame = CFrame.new(-0.0106314, 0.0333426, -0.266314, 0.99719, 0.0723832, 0.0193299, -0.0732445, 0.996141, 0.0483619, -0.0157547, -0.0496418, 0.998643)
    Left Leg.CFrame = CFrame.new(-0.652822, 0.142195, 0.0325804, 0.906426, -0.415164, 0.0776533, 0.410485, 0.909214, 0.0695154, -0.0994637, -0.031135, 0.994554)
    Right Arm.CFrame = CFrame.new(0.166736, -0.137673, 0.0615415, 0.488362, -0.540264, -0.685286, 0.805121, 0.581846, 0.115047, 0.336575, -0.607923, 0.719129)
    Left Arm.CFrame = CFrame.new(-0.228236, -0.184838, -0.237744, 0.728025, 0.292074, -0.620219, -0.422002, 0.903913, -0.0696828, 0.540272, 0.312465, 0.781327)
    Head.CFrame = CFrame.new(8.68458e-08, -3.72529e-09, 0.0182944, 0.976796, 0.214126, 0.0044981, -0.213873, 0.976322, -0.0324701, -0.0113443, 0.0307546, 0.999463)
    Right Leg.CFrame = CFrame.new(0.592617, 0.175417, 0.0831461, 0.937432, 0.31809, -0.14156, -0.323313, 0.946174, -0.0149476, 0.129186, 0.0597806, 0.989817)

[21]
    Time: 1.000000
    HumanoidRootPart.CFrame = CFrame.new(0, 0, 0, 1, 0, 0, 0, 1, 0, 0, 0, 1)
    Torso.CFrame = CFrame.new(-0.0252679, 0.04235, -0.234684, 0.992465, 0.116728, 0.0372639, -0.11883, 0.991081, 0.0603072, -0.0298921, -0.0642808, 0.997484)
    Left Leg.CFrame = CFrame.new(-0.647143, 0.120036, 0.000947952, 0.901878, -0.430582, 0.0348678, 0.425432, 0.899298, 0.101349, -0.0749956, -0.0765705, 0.99424)
    Right Arm.CFrame = CFrame.new(0.211549, -0.0566451, 0.0951588, 0.276493, -0.600825, -0.75004, 0.926475, 0.374013, 0.0419285, 0.255333, -0.706487, 0.660062)
    Left Arm.CFrame = CFrame.new(-0.314004, -0.119636, -0.363447, 0.591273, 0.450824, -0.668696, -0.676565, 0.728561, -0.107047, 0.438926, 0.51571, 0.73579)
    Head.CFrame = CFrame.new(9.96515e-08, -9.31323e-09, 0.0182946, 0.923205, 0.383146, 0.0298415, -0.381934, 0.92335, -0.0393798, -0.0426425, 0.0249582, 0.998779)
    Right Leg.CFrame = CFrame.new(0.715291, 0.379772, 0.0884404, 0.932007, 0.334583, -0.139348, -0.335563, 0.941862, 0.0171089, 0.136971, 0.0308143, 0.990096)

[22]
    Time: 1.050000
    HumanoidRootPart.CFrame = CFrame.new(0, 0, 0, 1, 0, 0, 0, 1, 0, 0, 0, 1)
    Torso.CFrame = CFrame.new(-0.0518112, 0.0593057, -0.164083, 0.979063, 0.191747, 0.0683311, -0.197059, 0.976955, 0.082021, -0.0510291, -0.0937689, 0.994285)
    Left Leg.CFrame = CFrame.new(-0.594573, 0.0675242, -0.0455216, 0.896053, -0.441559, -0.045986, 0.443434, 0.885225, 0.140511, -0.0213359, -0.146297, 0.989011)
    Right Arm.CFrame = CFrame.new(0.255768, 0.0719556, 0.130644, -0.00334176, -0.57683, -0.816857, 0.998034, 0.0492025, -0.0388276, 0.0625883, -0.815381, 0.575532)
    Left Arm.CFrame = CFrame.new(-0.439981, 0.0244257, -0.570462, 0.248946, 0.574922, -0.779417, -0.964059, 0.224228, -0.142522, 0.0928279, 0.786884, 0.610079)
    Head.CFrame = CFrame.new(1.08033e-07, 1.67638e-08, 0.0182947, 0.81378, 0.577145, 0.068307, -0.574476, 0.816618, -0.0557796, -0.0879737, 0.00615154, 0.996104)
    Right Leg.CFrame = CFrame.new(0.65388, 0.823993, -0.00160131, 0.961431, 0.222986, -0.161022, -0.203997, 0.970786, 0.126334, 0.184489, -0.0886139, 0.978832)

[23]
    Time: 1.100000
    HumanoidRootPart.CFrame = CFrame.new(0, 0, 0, 1, 0, 0, 0, 1, 0, 0, 0, 1)
    Torso.CFrame = CFrame.new(-0.0637226, 0.0723303, -0.137525, 0.973691, 0.213571, 0.0794569, -0.22066, 0.97073, 0.0948314, -0.0568779, -0.109869, 0.992317)
    Left Leg.CFrame = CFrame.new(-0.555312, 0.0506989, -0.0507505, 0.894613, -0.442345, -0.0632325, 0.446686, 0.881573, 0.152646, -0.0117781, -0.164804, 0.986256)
    Right Arm.CFrame = CFrame.new(0.243541, 0.107877, 0.137953, 0.0124825, -0.505863, -0.862524, 0.99903, -0.0301158, 0.0321207, -0.0422243, -0.862088, 0.504996)
    Left Arm.CFrame = CFrame.new(-0.469794, 0.0719784, -0.633603, 0.200018, 0.531839, -0.822885, -0.977816, 0.0550331, -0.202109, -0.0622032, 0.845055, 0.531048)
    Head.CFrame = CFrame.new(1.19209e-07, -3.35276e-08, 0.0182941, 0.78722, 0.612161, 0.0744573, -0.609774, 0.790728, -0.0540797, -0.0919809, -0.00282953, 0.995757)
    Right Leg.CFrame = CFrame.new(0.612421, 0.869538, -0.00157931, 0.956202, 0.213204, -0.200552, -0.185971, 0.971613, 0.146227, 0.226035, -0.102526, 0.968709)

[24]
    Time: 1.150000
    HumanoidRootPart.CFrame = CFrame.new(0, 0, 0, 1, 0, 0, 0, 1, 0, 0, 0, 1)
    Torso.CFrame = CFrame.new(-0.0778086, 0.0958609, -0.105283, 0.96948, 0.228458, 0.0889644, -0.237712, 0.964738, 0.11302, -0.0600071, -0.130718, 0.989602)
    Left Leg.CFrame = CFrame.new(-0.486739, 0.0394754, -0.0458364, 0.89923, -0.432487, -0.0658764, 0.43728, 0.884075, 0.164919, -0.0130858, -0.177107, 0.984105)
    Right Arm.CFrame = CFrame.new(0.231198, 0.145795, 0.137226, 0.100447, -0.433463, -0.895556, 0.970839, -0.154227, 0.183539, -0.217676, -0.887876, 0.405331)
    Left Arm.CFrame = CFrame.new(-0.495776, 0.121248, -0.684656, 0.211482, 0.463459, -0.860512, -0.936337, -0.156393, -0.314348, -0.280266, 0.872208, 0.400879)
    Head.CFrame = CFrame.new(1.02445e-07, 4.65661e-08, 0.018294, 0.766532, 0.639174, 0.0623359, -0.637125, 0.769062, -0.0511326, -0.0806228, -0.000521012, 0.996745)
    Right Leg.CFrame = CFrame.new(0.588712, 0.854104, 0.0428644, 0.926441, 0.255117, -0.276809, -0.216855, 0.962749, 0.16152, 0.307704, -0.0896114, 0.947253)

[25]
    Time: 1.200000
    HumanoidRootPart.CFrame = CFrame.new(0, 0, 0, 1, 0, 0, 0, 1, 0, 0, 0, 1)
    Torso.CFrame = CFrame.new(-0.0678784, 0.0918817, -0.115267, 0.973289, 0.21347, 0.0844949, -0.221917, 0.969069, 0.10797, -0.058833, -0.123837, 0.990557)
    Left Leg.CFrame = CFrame.new(-0.502107, 0.0481428, -0.0380293, 0.900977, -0.431572, -0.0445676, 0.432779, 0.886696, 0.162705, -0.0307011, -0.165881, 0.985668)
    Right Arm.CFrame = CFrame.new(0.247346, 0.149084, 0.135319, 0.0366316, -0.430957, -0.901629, 0.96246, -0.227597, 0.147889, -0.268942, -0.873199, 0.406441)
    Left Arm.CFrame = CFrame.new(-0.486419, 0.106727, -0.683086, 0.242366, 0.451983, -0.85847, -0.928506, -0.148507, -0.340327, -0.281311, 0.879578, 0.383676)
    Head.CFrame = CFrame.new(1.19209e-07, -7.45058e-09, 0.0182946, 0.759091, 0.648556, 0.0561749, -0.644548, 0.760887, -0.0748964, -0.0913173, 0.0206458, 0.995608)
    Right Leg.CFrame = CFrame.new(0.60271, 0.807738, 0.0736662, 0.910785, 0.288391, -0.295468, -0.251156, 0.954978, 0.157914, 0.327707, -0.0696168, 0.942211)

[26]
    Time: 1.250000
    HumanoidRootPart.CFrame = CFrame.new(0, 0, 0, 1, 0, 0, 0, 1, 0, 0, 0, 1)
    Torso.CFrame = CFrame.new(-0.0298186, 0.068578, -0.180184, 0.988288, 0.141305, 0.0576138, -0.145582, 0.986235, 0.0783998, -0.0457425, -0.0858691, 0.995256)
    Left Leg.CFrame = CFrame.new(-0.557576, 0.103352, 0.0213057, 0.90375, -0.421224, 0.0762061, 0.409037, 0.902272, 0.136363, -0.126198, -0.0920673, 0.987723)
    Right Arm.CFrame = CFrame.new(0.297398, 0.0994876, 0.126911, -0.137266, -0.452757, -0.881005, 0.931202, -0.362185, 0.0410437, -0.33767, -0.81476, 0.471324)
    Left Arm.CFrame = CFrame.new(-0.394847, -0.00140774, -0.599653, 0.394369, 0.41864, -0.818055, -0.898944, -0.00900185, -0.43797, -0.190716, 0.908108, 0.372784)
    Head.CFrame = CFrame.new(1.21072e-07, 0, 0.0182945, 0.777886, 0.627487, 0.0339526, -0.619227, 0.774606, -0.128623, -0.107009, 0.0790299, 0.991112)
    Right Leg.CFrame = CFrame.new(0.591133, 0.474833, 0.21109, 0.869034, 0.355244, -0.344357, -0.354656, 0.93259, 0.0670512, 0.344964, 0.0638584, 0.936441)

[27]
    Time: 1.300000
    HumanoidRootPart.CFrame = CFrame.new(0, 0, 0, 1, 0, 0, 0, 1, 0, 0, 0, 1)
    Torso.CFrame = CFrame.new(-0.0261593, 0.0503796, -0.22734, 0.992541, 0.114234, 0.0425719, -0.116691, 0.99132, 0.0605616, -0.0352842, -0.0650776, 0.997256)
    Left Leg.CFrame = CFrame.new(-0.576223, 0.138593, 0.064509, 0.895872, -0.419889, 0.145282, 0.405341, 0.906283, 0.119794, -0.181966, -0.0484312, 0.982111)
    Right Arm.CFrame = CFrame.new(0.31988, 0.00735785, 0.0792816, -0.0390653, -0.591473, -0.805378, 0.976597, -0.193199, 0.0945154, -0.211501, -0.782838, 0.585178)
    Left Arm.CFrame = CFrame.new(-0.298751, -0.0996195, -0.458342, 0.398411, 0.437168, -0.806321, -0.91696, 0.210231, -0.339097, 0.0212719, 0.874464, 0.484624)
    Head.CFrame = CFrame.new(6.98492e-08, -7.45058e-09, 0.0182943, 0.838599, 0.544198, 0.0245112, -0.53723, 0.833635, -0.128206, -0.0902028, 0.0943452, 0.991445)
    Right Leg.CFrame = CFrame.new(0.523162, 0.19836, 0.181851, 0.896469, 0.333401, -0.291869, -0.354567, 0.934789, -0.0212353, 0.265756, 0.122524, 0.956223)

[28]
    Time: 1.350000
    HumanoidRootPart.CFrame = CFrame.new(0, 0, 0, 1, 0, 0, 0, 1, 0, 0, 0, 1)
    Torso.CFrame = CFrame.new(-0.038912, 0.015982, -0.304457, 0.996595, 0.0817872, 0.0104506, -0.082094, 0.996064, 0.0334116, -0.00767679, -0.0341557, 0.999387)
    Left Leg.CFrame = CFrame.new(-0.582418, 0.182182, 0.137192, 0.877207, -0.414219, 0.242755, 0.407383, 0.90973, 0.0801958, -0.25406, 0.0285459, 0.966767)
    Right Arm.CFrame = CFrame.new(0.322874, -0.241219, -0.115772, 0.556441, -0.681989, -0.47462, 0.808439, 0.576268, 0.119758, 0.191835, -0.45034, 0.872006)
    Left Arm.CFrame = CFrame.new(-0.143481, -0.289973, -0.108924, 0.362526, 0.562364, -0.743183, -0.638292, 0.73087, 0.241688, 0.679087, 0.38675, 0.623911)
    Head.CFrame = CFrame.new(9.49949e-08, 0, 0.0182942, 0.956667, 0.289357, 0.0325808, -0.285197, 0.953685, -0.0956436, -0.0587469, 0.0822071, 0.994882)
    Right Leg.CFrame = CFrame.new(0.542067, 0.12254, 0.0840173, 0.94313, 0.29823, -0.146852, -0.307502, 0.950503, -0.044577, 0.126289, 0.0871992, 0.988154)

[29]
    Time: 1.400000
    HumanoidRootPart.CFrame = CFrame.new(0, 0, 0, 1, 0, 0, 0, 1, 0, 0, 0, 1)
    Torso.CFrame = CFrame.new(-0.0509636, 0.0167751, -0.30445, 0.993455, 0.114118, -0.00484204, -0.113887, 0.992898, 0.0344179, 0.00873537, -0.0336412, 0.999396)
    Left Leg.CFrame = CFrame.new(-0.556074, 0.160345, 0.156473, 0.867304, -0.417379, 0.271253, 0.416142, 0.906974, 0.0649943, -0.273147, 0.0565099, 0.960311)
    Right Arm.CFrame = CFrame.new(0.298589, -0.272762, -0.129391, 0.696485, -0.558029, -0.451123, 0.665618, 0.737278, 0.115644, 0.268071, -0.38082, 0.884937)
    Left Arm.CFrame = CFrame.new(-0.125916, -0.313247, -0.0789395, 0.468382, 0.472703, -0.746438, -0.466886, 0.849669, 0.24511, 0.75009, 0.233697, 0.618668)
    Head.CFrame = CFrame.new(1.08033e-07, -3.72529e-09, 0.0182938, 0.946694, 0.31179, 0.0809808, -0.307005, 0.949393, -0.0663385, -0.0975663, 0.0379408, 0.994506)
    Right Leg.CFrame = CFrame.new(0.652941, 0.255715, 0.082355, 0.928794, 0.342173, -0.142334, -0.342464, 0.939244, 0.0232249, 0.141633, 0.027173, 0.989546)

[30]
    Time: 1.450000
    HumanoidRootPart.CFrame = CFrame.new(0, 0, 0, 1, 0, 0, 0, 1, 0, 0, 0, 1)
    Torso.CFrame = CFrame.new(-0.0588969, 0.0259839, -0.288788, 0.983988, 0.178128, -0.0061593, -0.177662, 0.983011, 0.0460936, 0.0142652, -0.0442613, 0.998918)
    Left Leg.CFrame = CFrame.new(-0.553288, 0.125106, 0.14262, 0.861534, -0.440961, 0.251622, 0.438642, 0.896053, 0.0684323, -0.255643, 0.0514153, 0.965403)
    Right Arm.CFrame = CFrame.new(0.288578, -0.239323, -0.0926868, 0.645453, -0.539754, -0.540422, 0.690523, 0.714767, 0.110842, 0.326449, -0.444717, 0.834061)
    Left Arm.CFrame = CFrame.new(-0.159303, -0.282778, -0.143603, 0.481138, 0.445237, -0.755162, -0.502308, 0.846009, 0.178764, 0.718466, 0.293314, 0.630693)
    Head.CFrame = CFrame.new(8.56817e-08, 2.04891e-08, 0.0182941, 0.910699, 0.39466, 0.121944, -0.391851, 0.918815, -0.0472424, -0.130689, -0.00476019, 0.991412)
    Right Leg.CFrame = CFrame.new(0.722163, 0.650112, 0.0383338, 0.915374, 0.3507, -0.197738, -0.320662, 0.932059, 0.168646, 0.243447, -0.090967, 0.965639)

[31]
    Time: 1.500000
    HumanoidRootPart.CFrame = CFrame.new(0, 0, 0, 1, 0, 0, 0, 1, 0, 0, 0, 1)
    Torso.CFrame = CFrame.new(-0.0646744, 0.0406004, -0.247664, 0.981941, 0.188954, 0.0093957, -0.189164, 0.979821, 0.0645568, 0.00299214, -0.0651683, 0.99787)
    Left Leg.CFrame = CFrame.new(-0.596331, 0.0910795, 0.0578028, 0.883144, -0.453782, 0.118908, 0.446689, 0.890899, 0.0822743, -0.14327, -0.019545, 0.989491)
    Right Arm.CFrame = CFrame.new(0.292873, -0.110342, 0.00478643, 0.381637, -0.647543, -0.659576, 0.892418, 0.443974, 0.0804858, 0.240717, -0.619334, 0.747316)
    Left Arm.CFrame = CFrame.new(-0.283622, -0.155711, -0.338481, 0.348759, 0.556134, -0.754376, -0.801119, 0.59463, 0.0679985, 0.48639, 0.58063, 0.652912)
    Head.CFrame = CFrame.new(7.45058e-08, 3.1665e-08, 0.0182941, 0.869566, 0.475846, 0.132008, -0.472823, 0.879413, -0.0554107, -0.142457, -0.0142334, 0.989699)
    Right Leg.CFrame = CFrame.new(0.645297, 0.796599, 0.0305572, 0.925719, 0.288844, -0.24416, -0.250909, 0.952062, 0.174993, 0.283001, -0.100733, 0.953815)

[32]
    Time: 1.550000
    HumanoidRootPart.CFrame = CFrame.new(0, 0, 0, 1, 0, 0, 0, 1, 0, 0, 0, 1)
    Torso.CFrame = CFrame.new(-0.0648331, 0.0592126, -0.191681, 0.980595, 0.191747, 0.04083, -0.19468, 0.976955, 0.0875185, -0.0231077, -0.0937689, 0.995326)
    Left Leg.CFrame = CFrame.new(-0.628002, 0.0509399, -0.0530393, 0.888372, -0.454956, -0.0617201, 0.459042, 0.882686, 0.100726, 0.00865359, -0.117814, 0.992998)
    Right Arm.CFrame = CFrame.new(0.254854, 0.0957389, 0.130952, -0.0425962, -0.572167, -0.81903, 0.997389, -0.0721993, -0.00143438, -0.0583128, -0.816953, 0.573749)
    Left Arm.CFrame = CFrame.new(-0.440458, 0.0636178, -0.576192, 0.180835, 0.577359, -0.796213, -0.978523, 0.0241689, -0.204716, -0.0989508, 0.816132, 0.56933)
    Head.CFrame = CFrame.new(1.04308e-07, -3.72529e-09, 0.0182946, 0.771782, 0.619783, 0.1422, -0.611939, 0.7847, -0.0988766, -0.172866, -0.0107066, 0.984887)
    Right Leg.CFrame = CFrame.new(0.530109, 0.881939, 0.061691, 0.935448, 0.199897, -0.291511, -0.169107, 0.977314, 0.127513, 0.310388, -0.0699853, 0.94803)

[33]
    Time: 1.600000
    HumanoidRootPart.CFrame = CFrame.new(0, 0, 0, 1, 0, 0, 0, 1, 0, 0, 0, 1)
    Torso.CFrame = CFrame.new(-0.0553782, 0.0612882, -0.201002, 0.981681, 0.183868, 0.0499465, -0.187658, 0.978419, 0.0864871, -0.0329664, -0.0942756, 0.995)
    Left Leg.CFrame = CFrame.new(-0.647297, 0.063152, -0.0551622, 0.885175, -0.461342, -0.0602352, 0.465256, 0.877972, 0.112702, 0.000890769, -0.127786, 0.991801)
    Right Arm.CFrame = CFrame.new(0.259496, 0.103871, 0.136659, -0.055937, -0.514559, -0.855629, 0.990642, -0.13546, 0.0166997, -0.124497, -0.846688, 0.517321)
    Left Arm.CFrame = CFrame.new(-0.443366, 0.0589511, -0.565432, 0.249139, 0.552609, -0.795332, -0.952988, -0.00635526, -0.302941, -0.172463, 0.833417, 0.525046)
    Head.CFrame = CFrame.new(7.45058e-08, 4.47035e-08, 0.0182942, 0.743226, 0.654373, 0.139323, -0.641926, 0.756155, -0.127123, -0.188535, 0.00504641, 0.982053)
    Right Leg.CFrame = CFrame.new(0.552347, 0.847072, 0.0818604, 0.925824, 0.231337, -0.298888, -0.202563, 0.971341, 0.12436, 0.319091, -0.0545921, 0.94615)

[34]
    Time: 1.650000
    HumanoidRootPart.CFrame = CFrame.new(0, 0, 0, 1, 0, 0, 0, 1, 0, 0, 0, 1)
    Torso.CFrame = CFrame.new(-0.0337926, 0.0631703, -0.248833, 0.988288, 0.141305, 0.0576138, -0.145582, 0.986235, 0.0783998, -0.0457425, -0.0858691, 0.995256)
    Left Leg.CFrame = CFrame.new(-0.692803, 0.117472, -0.0302093, 0.882744, -0.46979, -0.00780612, 0.466604, 0.874565, 0.131973, -0.0551728, -0.120141, 0.991223)
    Right Arm.CFrame = CFrame.new(0.300923, 0.0628928, 0.136686, -0.0471767, -0.47075, -0.881005, 0.983643, -0.17539, 0.0410437, -0.173841, -0.864658, 0.471324)
    Left Arm.CFrame = CFrame.new(-0.436899, -0.032615, -0.46133, 0.419201, 0.501427, -0.756863, -0.897816, 0.105088, -0.427649, -0.134897, 0.858795, 0.494242)
    Head.CFrame = CFrame.new(9.68575e-08, -7.45058e-09, 0.0182947, 0.739909, 0.662279, 0.11799, -0.643091, 0.747839, -0.164837, -0.197405, 0.046086, 0.979238)
    Right Leg.CFrame = CFrame.new(0.608111, 0.538089, 0.214328, 0.863489, 0.365323, -0.347743, -0.364525, 0.928535, 0.0703167, 0.34858, 0.0660431, 0.934949)

[35]
    Time: 1.700000
    HumanoidRootPart.CFrame = CFrame.new(0, 0, 0, 1, 0, 0, 0, 1, 0, 0, 0, 1)
    Torso.CFrame = CFrame.new(-0.0286452, 0.0514234, -0.27236, 0.990697, 0.124246, 0.0555224, -0.127859, 0.989521, 0.0670907, -0.0466048, -0.0735655, 0.996201)
    Left Leg.CFrame = CFrame.new(-0.662538, 0.156819, 0.0368538, 0.879768, -0.465293, 0.097517, 0.450601, 0.881528, 0.140948, -0.151546, -0.08006, 0.985203)
    Right Arm.CFrame = CFrame.new(0.310516, -0.0251931, 0.0887377, 0.0857094, -0.543678, -0.834906, 0.994565, -0.00302973, 0.104073, -0.0591116, -0.839288, 0.540464)
    Left Arm.CFrame = CFrame.new(-0.358504, -0.119692, -0.365338, 0.432425, 0.477766, -0.764688, -0.899434, 0.288247, -0.32853, 0.0634582, 0.829851, 0.554364)
    Head.CFrame = CFrame.new(8.9407e-08, 1.49012e-08, 0.0182947, 0.82528, 0.55784, 0.0879029, -0.543964, 0.82707, -0.141629, -0.151708, 0.0690678, 0.986009)
    Right Leg.CFrame = CFrame.new(0.547544, 0.207457, 0.208556, 0.880081, 0.360087, -0.309507, -0.389194, 0.92046, -0.0357887, 0.272002, 0.151956, 0.950223)

[36]
    Time: 1.750000
    HumanoidRootPart.CFrame = CFrame.new(0, 0, 0, 1, 0, 0, 0, 1, 0, 0, 0, 1)
    Torso.CFrame = CFrame.new(-0.0208143, 0.0188615, -0.304955, 0.996225, 0.0801257, 0.0334152, -0.0813506, 0.995996, 0.0370654, -0.0303115, -0.0396438, 0.998754)
    Left Leg.CFrame = CFrame.new(-0.589918, 0.20258, 0.136171, 0.871022, -0.424264, 0.24763, 0.410395, 0.905506, 0.107864, -0.269994, 0.00767457, 0.962832)
    Right Arm.CFrame = CFrame.new(0.322874, -0.241219, -0.115772, 0.556441, -0.681989, -0.47462, 0.808439, 0.576268, 0.119758, 0.191835, -0.45034, 0.872006)
    Left Arm.CFrame = CFrame.new(-0.143481, -0.289973, -0.108924, 0.362526, 0.562364, -0.743183, -0.638292, 0.73087, 0.241688, 0.679087, 0.38675, 0.623911)
    Head.CFrame = CFrame.new(8.9407e-08, 7.45058e-09, 0.0182941, 0.989482, 0.143745, -0.0162329, -0.144617, 0.985648, -0.0870832, 0.00348219, 0.0885148, 0.996069)
    Right Leg.CFrame = CFrame.new(0.534875, 0.0956508, 0.084226, 0.943255, 0.299197, -0.14405, -0.311182, 0.947847, -0.0689393, 0.115911, 0.109853, 0.987166)

[37]
    Time: 1.800000
    HumanoidRootPart.CFrame = CFrame.new(0, 0, 0, 1, 0, 0, 0, 1, 0, 0, 0, 1)
    Torso.CFrame = CFrame.new(-0.0123966, 0.0131951, -0.295586, 0.999042, 0.0427276, 0.00942503, -0.0429811, 0.998667, 0.0285715, -0.00819167, -0.0289493, 0.999547)
    Left Leg.CFrame = CFrame.new(-0.62295, 0.196813, 0.0948451, 0.904905, -0.388328, 0.174209, 0.382303, 0.921509, 0.0683097, -0.187061, 0.00478663, 0.982337)
    Right Arm.CFrame = CFrame.new(0.338569, -0.250558, -0.126948, 0.583537, -0.759282, -0.288055, 0.799976, 0.598486, 0.0430336, 0.139722, -0.255549, 0.956647)
    Left Arm.CFrame = CFrame.new(-0.197312, -0.26019, -0.0504884, 0.515534, 0.612932, -0.598781, -0.564896, 0.768555, 0.300359, 0.644296, 0.183403, 0.74246)
    Head.CFrame = CFrame.new(8.3819e-08, 3.72529e-09, 0.0182941, 0.994676, 0.0858084, -0.0570721, -0.0908596, 0.991535, -0.0927569, 0.0486296, 0.0974486, 0.994052)
    Right Leg.CFrame = CFrame.new(0.513601, 0.126991, 0.101389, 0.93613, 0.2972, -0.187972, -0.307209, 0.95129, -0.0258749, 0.171126, 0.0819688, 0.981834)

[38]
    Time: 1.850000
    HumanoidRootPart.CFrame = CFrame.new(0, 0, 0, 1, 0, 0, 0, 1, 0, 0, 0, 1)
    Torso.CFrame = CFrame.new(0.00855133, 0.00982719, -0.237989, 0.997789, -0.0406304, -0.0526008, 0.0415855, 0.998987, 0.017191, 0.051849, -0.0193404, 0.998468)
    Left Leg.CFrame = CFrame.new(-0.67764, 0.259737, -0.009617, 0.963706, -0.266559, 0.0147501, 0.265847, 0.963252, 0.0383408, -0.0244282, -0.0330279, 0.999156)
    Right Arm.CFrame = CFrame.new(0.366135, -0.245112, -0.124657, 0.55768, -0.816542, 0.149173, 0.82977, 0.553128, -0.07437, -0.0217857, 0.165254, 0.98601)
    Left Arm.CFrame = CFrame.new(-0.333176, -0.141183, 0.0436828, 0.793406, 0.60245, 0.0869519, -0.602431, 0.756754, 0.253772, 0.0870835, -0.253727, 0.963348)
