[1]
    Time: 0.000000
    HumanoidRootPart.CFrame = CFrame.new(0, 0, 0, 1, 0, 0, 0, 1, 0, 0, 0, 1)
    Torso.CFrame = CFrame.new(-0.0337371, 0.164413, -0.165688, 0.727028, 0.676238, 0.118879, -0.686558, 0.7139, 0.137785, 0.00830783, -0.181791, 0.983302)
    Left Leg.CFrame = CFrame.new(-0.253697, -0.0705624, 0.0959125, 0.768671, -0.581561, 0.266331, 0.57607, 0.810377, 0.106919, -0.278008, 0.0712399, 0.957933)
    Right Arm.CFrame = CFrame.new(-0.240764, -0.266475, 0.177984, 0.880656, 0.230196, 0.414071, -0.303052, 0.945529, 0.118888, -0.364149, -0.230185, 0.902447)
    Head.CFrame = CFrame.new(5.58794e-08, -7.45058e-09, 0.016662, 0.918433, -0.218614, -0.329681, 0.303595, 0.923831, 0.233165, 0.253596, -0.314236, 0.914847)
    Left Arm.CFrame = CFrame.new(-0.505089, -0.0350581, -0.495422, -0.133269, 0.000120498, -0.99108, -0.830927, -0.54506, 0.111668, -0.540184, 0.838397, 0.0727393)
    Right Leg.CFrame = CFrame.new(0.602523, -0.0114378, -0.17735, 0.912358, 0.256132, 0.319375, -0.220216, 0.96468, -0.144561, -0.345121, 0.0615596, 0.936537)

[2]
    Time: 0.033333
    HumanoidRootPart.CFrame = CFrame.new(0, 0, 0, 1, 0, 0, 0, 1, 0, 0, 0, 1)
    Torso.CFrame = CFrame.new(-0.0629496, 0.204561, -0.174398, 0.643037, 0.75332, 0.137884, -0.763831, 0.617856, 0.186594, 0.055372, -0.225307, 0.972713)
    Left Leg.CFrame = CFrame.new(-0.0509728, -0.0487235, 0.065554, 0.717586, -0.591992, 0.3669, 0.589974, 0.796642, 0.131501, -0.370135, 0.122098, 0.920919)
    Right Arm.CFrame = CFrame.new(-0.23693, -0.277547, 0.178071, 0.886214, 0.215076, 0.410326, -0.284835, 0.951476, 0.116455, -0.365369, -0.220079, 0.904473)
    Head.CFrame = CFrame.new(4.47035e-08, -4.47035e-08, 0.0166622, 0.881349, -0.336346, -0.331806, 0.400821, 0.904088, 0.148211, 0.250132, -0.263621, 0.931632)
    Left Arm.CFrame = CFrame.new(-0.505089, -0.0350576, -0.495422, -0.133269, 0.000120386, -0.99108, -0.830927, -0.54506, 0.111668, -0.540184, 0.838397, 0.0727393)
    Right Leg.CFrame = CFrame.new(0.662463, -0.0272553, -0.261224, 0.852113, 0.311491, 0.420567, -0.272054, 0.950122, -0.152495, -0.447091, 0.0155258, 0.894354)

[3]
    Time: 0.066667
    HumanoidRootPart.CFrame = CFrame.new(0, 0, 0, 1, 0, 0, 0, 1, 0, 0, 0, 1)
    Torso.CFrame = CFrame.new(-0.152571, 0.169814, -0.146915, 0.917633, 0.388569, 0.0834497, -0.396948, 0.906419, 0.144352, -0.0195497, -0.165587, 0.986001)
    Left Leg.CFrame = CFrame.new(-0.495936, -0.0437639, -0.0360307, 0.850281, -0.520048, -0.0810731, 0.526113, 0.84421, 0.102543, 0.0151155, -0.129844, 0.991419)
    Right Arm.CFrame = CFrame.new(-0.226551, -0.307655, 0.178317, 0.899867, 0.173225, 0.40029, -0.234604, 0.965915, 0.1094, -0.367695, -0.192355, 0.909835)
    Head.CFrame = CFrame.new(1.08033e-07, 2.98023e-08, 0.0166619, 0.978838, -0.0365274, -0.201352, 0.0766122, 0.977796, 0.195053, 0.189757, -0.206351, 0.959902)
    Left Arm.CFrame = CFrame.new(-0.504229, -0.034643, -0.495334, -0.0931977, 0.0253809, -0.995324, -0.838766, -0.540627, 0.0647523, -0.536456, 0.840879, 0.0716738)
    Right Leg.CFrame = CFrame.new(0.420129, -0.0761216, 0.00280833, 0.952166, 0.304241, -0.0285957, -0.304676, 0.937976, -0.16545, -0.0235145, 0.166248, 0.985804)

[4]
    Time: 0.100000
    HumanoidRootPart.CFrame = CFrame.new(0, 0, 0, 1, 0, 0, 0, 1, 0, 0, 0, 1)
    Torso.CFrame = CFrame.new(-0.137802, 0.0248859, -0.107944, 0.975369, -0.204201, 0.083405, 0.207419, 0.977734, -0.0318404, -0.075046, 0.048356, 0.996007)
    Left Leg.CFrame = CFrame.new(-0.662003, 0.182698, -0.438701, 0.790728, -0.0259176, -0.611619, 0.219965, 0.944406, 0.244361, 0.571283, -0.327758, 0.75247)
    Right Arm.CFrame = CFrame.new(-0.21132, -0.352176, 0.178702, 0.915988, 0.109658, 0.38593, -0.158831, 0.982447, 0.0978257, -0.368429, -0.150905, 0.917327)
    Head.CFrame = CFrame.new(5.04078e-08, 8.84756e-09, 0.0166622, 0.935811, 0.325788, -0.134609, -0.297816, 0.935008, 0.192525, 0.188583, -0.140078, 0.972016)
    Left Arm.CFrame = CFrame.new(-0.502686, -0.0337636, -0.495174, -0.0179099, 0.0716594, -0.997268, -0.848198, -0.529189, -0.0227924, -0.529377, 0.845473, 0.0702587)
    Right Leg.CFrame = CFrame.new(-0.0259871, -0.0856321, 0.0808917, 0.819004, 0.0791436, -0.568304, -0.219125, 0.958514, -0.182304, 0.530299, 0.273837, 0.802369)

[5]
    Time: 0.133333
    HumanoidRootPart.CFrame = CFrame.new(0, 0, 0, 1, 0, 0, 0, 1, 0, 0, 0, 1)
    Torso.CFrame = CFrame.new(-0.00861877, -0.134325, -0.125328, 0.918583, -0.34432, 0.194035, 0.383346, 0.89568, -0.225396, -0.0961848, 0.281427, 0.95475)
    Left Leg.CFrame = CFrame.new(-0.54895, 0.337302, -0.521246, 0.687101, 0.328734, -0.64794, 0.000352072, 0.891638, 0.452748, 0.726562, -0.311312, 0.612529)
    Right Arm.CFrame = CFrame.new(-0.192907, -0.406491, 0.179189, 0.92879, 0.0301495, 0.369379, -0.0648872, 0.994519, 0.0819819, -0.364883, -0.100112, 0.925656)
    Head.CFrame = CFrame.new(5.96046e-08, -4.47035e-08, 0.0166621, 0.906426, 0.376531, -0.191355, -0.312725, 0.902822, 0.295153, 0.283894, -0.207693, 0.936092)
    Left Arm.CFrame = CFrame.new(-0.501891, -0.033234, -0.49509, 0.0228435, 0.0960795, -0.995112, -0.850484, -0.521342, -0.0698596, -0.525505, 0.847922, 0.0698045)
    Right Leg.CFrame = CFrame.new(-0.192304, -0.138868, -0.0233452, 0.730486, -0.198678, -0.653389, -0.0314154, 0.945958, -0.322763, 0.682205, 0.2563, 0.684768)

[6]
    Time: 0.166667
    HumanoidRootPart.CFrame = CFrame.new(0, 0, 0, 1, 0, 0, 0, 1, 0, 0, 0, 1)
    Torso.CFrame = CFrame.new(0.17393, -0.234463, -0.208662, 0.86122, -0.36613, 0.35249, 0.48366, 0.803474, -0.347136, -0.15612, 0.469445, 0.86905)
    Left Leg.CFrame = CFrame.new(-0.461066, 0.459456, -0.635634, 0.610077, 0.543996, -0.576085, -0.0664198, 0.759619, 0.646967, 0.789553, -0.356437, 0.499559)
    Right Arm.CFrame = CFrame.new(-0.172935, -0.46593, 0.179719, 0.933913, -0.0580808, 0.352751, 0.038335, 0.997295, 0.0627131, -0.355439, -0.045046, 0.933613)
    Head.CFrame = CFrame.new(1.49012e-07, 1.78814e-07, 0.016662, 0.868278, 0.478177, -0.132057, -0.381403, 0.813699, 0.438662, 0.317213, -0.330514, 0.888896)
    Left Arm.CFrame = CFrame.new(-0.501891, -0.0332344, -0.49509, 0.0228434, 0.0960796, -0.995112, -0.850484, -0.521342, -0.0698596, -0.525505, 0.847922, 0.0698047)
    Right Leg.CFrame = CFrame.new(-0.33697, -0.244382, -0.226397, 0.619863, -0.45199, -0.641463, 0.130274, 0.865383, -0.483882, 0.77382, 0.216374, 0.595302)

[7]
    Time: 0.200000
    HumanoidRootPart.CFrame = CFrame.new(0, 0, 0, 1, 0, 0, 0, 1, 0, 0, 0, 1)
    Torso.CFrame = CFrame.new(0.333705, -0.250858, -0.29901, 0.810578, -0.338947, 0.477575, 0.534583, 0.761238, -0.367068, -0.239131, 0.55284, 0.798238)
    Left Leg.CFrame = CFrame.new(-0.427686, 0.528322, -0.796924, 0.615856, 0.601515, -0.508824, -0.0141707, 0.654184, 0.756203, 0.787732, -0.458502, 0.411407)
    Right Arm.CFrame = CFrame.new(-0.152983, -0.52572, 0.180219, 0.929704, -0.146667, 0.337846, 0.140916, 0.989146, 0.0416295, -0.340285, 0.00890474, 0.94028)
    Head.CFrame = CFrame.new(1.49012e-07, 1.49012e-07, 0.0166621, 0.841488, 0.52972, -0.106274, -0.426683, 0.772247, 0.470718, 0.331419, -0.350758, 0.87586)
    Left Arm.CFrame = CFrame.new(-0.501891, -0.0332344, -0.49509, 0.0228435, 0.0960794, -0.995112, -0.850484, -0.521342, -0.0698596, -0.525505, 0.847922, 0.0698044)
    Right Leg.CFrame = CFrame.new(-0.323621, -0.290726, -0.256844, 0.594369, -0.517248, -0.615776, 0.104865, 0.809019, -0.578352, 0.797326, 0.279181, 0.535097)

[8]
    Time: 0.233333
    HumanoidRootPart.CFrame = CFrame.new(0, 0, 0, 1, 0, 0, 0, 1, 0, 0, 0, 1)
    Torso.CFrame = CFrame.new(0.424246, -0.219708, -0.351292, 0.784085, -0.332343, 0.524174, 0.546473, 0.770063, -0.329197, -0.294241, 0.544566, 0.785411)
    Left Leg.CFrame = CFrame.new(-0.452995, 0.545955, -0.926432, 0.65108, 0.558789, -0.513663, 0.0672051, 0.631655, 0.772331, 0.756028, -0.537371, 0.373705)
    Right Arm.CFrame = CFrame.new(-0.134628, -0.580967, 0.180628, 0.917728, -0.227119, 0.32587, 0.233158, 0.972213, 0.0209675, -0.321578, 0.0567367, 0.945182)
    Head.CFrame = CFrame.new(-5.96046e-08, 2.68221e-07, 0.016662, 0.824943, 0.540487, -0.165356, -0.418721, 0.780904, 0.463533, 0.37966, -0.31315, 0.870514)
    Left Arm.CFrame = CFrame.new(-0.501891, -0.0332347, -0.49509, 0.0228436, 0.0960794, -0.995112, -0.850484, -0.521342, -0.0698596, -0.525505, 0.847922, 0.0698046)
    Right Leg.CFrame = CFrame.new(-0.330208, -0.291319, -0.266557, 0.601434, -0.492927, -0.628729, 0.0559899, 0.811042, -0.582303, 0.796958, 0.315014, 0.515387)

[9]
    Time: 0.266667
    HumanoidRootPart.CFrame = CFrame.new(0, 0, 0, 1, 0, 0, 0, 1, 0, 0, 0, 1)
    Torso.CFrame = CFrame.new(0.447813, -0.193787, -0.373387, 0.787663, -0.350917, 0.506404, 0.541628, 0.786145, -0.297685, -0.293644, 0.508758, 0.809283)
    Left Leg.CFrame = CFrame.new(-0.490888, 0.555505, -0.982438, 0.661954, 0.501673, -0.556903, 0.111453, 0.66885, 0.734995, 0.741212, -0.548601, 0.386835)
    Right Arm.CFrame = CFrame.new(-0.11947, -0.626676, 0.180912, 0.902272, -0.29189, 0.317343, 0.306762, 0.951781, 0.00325296, -0.30299, 0.0944135, 0.948305)
    Head.CFrame = CFrame.new(8.9407e-08, 2.98023e-07, 0.0166624, 0.828348, 0.535655, -0.164054, -0.430782, 0.796254, 0.424742, 0.358144, -0.281163, 0.890326)
    Left Arm.CFrame = CFrame.new(-0.50189, -0.0332344, -0.49509, 0.0228435, 0.0960793, -0.995112, -0.850484, -0.521342, -0.0698596, -0.525505, 0.847922, 0.0698045)
    Right Leg.CFrame = CFrame.new(-0.201511, -0.250498, -0.0626379, 0.656757, -0.363685, -0.660608, -0.0721734, 0.841684, -0.535125, 0.75064, 0.399126, 0.526534)

[10]
    Time: 0.300000
    HumanoidRootPart.CFrame = CFrame.new(0, 0, 0, 1, 0, 0, 0, 1, 0, 0, 0, 1)
    Torso.CFrame = CFrame.new(0.438668, -0.184882, -0.387947, 0.798502, -0.366868, 0.477286, 0.536196, 0.793855, -0.286859, -0.273657, 0.484976, 0.830608)
    Left Leg.CFrame = CFrame.new(-0.512226, 0.568849, -0.99992, 0.661336, 0.467926, -0.586242, 0.123373, 0.703061, 0.700345, 0.739874, -0.53549, 0.40723)
    Right Arm.CFrame = CFrame.new(-0.109153, -0.657795, 0.181074, 0.889056, -0.334765, 0.312269, 0.355147, 0.934767, -0.00902728, -0.288877, 0.118927, 0.949951)
    Head.CFrame = CFrame.new(8.9407e-08, -1.19209e-07, 0.0166624, 0.835557, 0.530632, -0.142391, -0.442364, 0.803479, 0.398415, 0.32582, -0.26991, 0.906085)
    Left Arm.CFrame = CFrame.new(-0.501891, -0.0332343, -0.49509, 0.0228435, 0.0960794, -0.995112, -0.850484, -0.521342, -0.0698597, -0.525505, 0.847922, 0.0698045)
    Right Leg.CFrame = CFrame.new(-0.126885, -0.208916, 0.0697656, 0.676578, -0.281038, -0.680632, -0.142524, 0.85685, -0.495474, 0.722447, 0.432233, 0.539671)

[11]
    Time: 0.333333
    HumanoidRootPart.CFrame = CFrame.new(0, 0, 0, 1, 0, 0, 0, 1, 0, 0, 0, 1)
    Torso.CFrame = CFrame.new(0.426994, -0.189115, -0.395673, 0.80461, -0.37168, 0.463094, 0.534452, 0.793155, -0.292005, -0.258773, 0.482451, 0.836825)
    Left Leg.CFrame = CFrame.new(-0.513422, 0.579112, -0.999452, 0.658831, 0.464213, -0.591987, 0.116146, 0.714711, 0.689709, 0.743271, -0.523158, 0.416957)
    Right Arm.CFrame = CFrame.new(-0.105344, -0.66928, 0.181126, 0.883657, -0.350302, 0.310547, 0.372612, 0.927888, -0.0135907, -0.283392, 0.127723, 0.950461)
    Head.CFrame = CFrame.new(5.96046e-08, -5.96046e-08, 0.0166621, 0.838999, 0.52919, -0.126645, -0.44667, 0.802728, 0.395113, 0.310751, -0.27493, 0.909861)
    Left Arm.CFrame = CFrame.new(-0.501891, -0.0332341, -0.49509, 0.0228435, 0.0960794, -0.995112, -0.850484, -0.521342, -0.0698595, -0.525505, 0.847922, 0.0698045)
    Right Leg.CFrame = CFrame.new(-0.10115, -0.189101, 0.117541, 0.681107, -0.259483, -0.684662, -0.158609, 0.860603, -0.483949, 0.714799, 0.438214, 0.545006)

[12]
    Time: 0.366667
    HumanoidRootPart.CFrame = CFrame.new(0, 0, 0, 1, 0, 0, 0, 1, 0, 0, 0, 1)
    Torso.CFrame = CFrame.new(0.426994, -0.189115, -0.395673, 0.80461, -0.37168, 0.463094, 0.534452, 0.793155, -0.292005, -0.258773, 0.482451, 0.836825)
    Left Leg.CFrame = CFrame.new(-0.513422, 0.579112, -0.999452, 0.658831, 0.464213, -0.591987, 0.116146, 0.714711, 0.689709, 0.743271, -0.523158, 0.416957)
    Right Arm.CFrame = CFrame.new(-0.105344, -0.66928, 0.181126, 0.883657, -0.350302, 0.310547, 0.372612, 0.927888, -0.0135907, -0.283392, 0.127723, 0.950461)
    Head.CFrame = CFrame.new(5.96046e-08, -5.96046e-08, 0.0166621, 0.838999, 0.52919, -0.126645, -0.44667, 0.802728, 0.395113, 0.310751, -0.27493, 0.909861)
    Left Arm.CFrame = CFrame.new(-0.501891, -0.0332341, -0.49509, 0.0228435, 0.0960794, -0.995112, -0.850484, -0.521342, -0.0698595, -0.525505, 0.847922, 0.0698045)
    Right Leg.CFrame = CFrame.new(-0.10115, -0.189101, 0.117541, 0.681107, -0.259483, -0.684662, -0.158609, 0.860603, -0.483949, 0.714799, 0.438214, 0.545006)

[13]
    Time: 0.400000
    HumanoidRootPart.CFrame = CFrame.new(0, 0, 0, 1, 0, 0, 0, 1, 0, 0, 0, 1)
    Torso.CFrame = CFrame.new(0.420337, -0.187456, -0.389277, 0.807392, -0.375694, 0.454941, 0.533203, 0.794733, -0.289988, -0.25261, 0.47671, 0.841983)
    Left Leg.CFrame = CFrame.new(-0.521746, 0.58343, -0.978443, 0.665185, 0.455811, -0.59141, 0.103981, 0.727789, 0.677872, 0.739403, -0.512405, 0.436719)
    Right Arm.CFrame = CFrame.new(-0.0941149, -0.656086, 0.168173, 0.871539, -0.366761, 0.325434, 0.396945, 0.917378, -0.029175, -0.287845, 0.154606, 0.945115)
    Head.CFrame = CFrame.new(8.9407e-08, 1.78814e-07, 0.0166621, 0.844652, 0.522814, -0.115015, -0.442854, 0.803145, 0.398544, 0.300738, -0.285696, 0.909909)
    Left Arm.CFrame = CFrame.new(-0.486488, -0.0339428, -0.480589, 0.035583, 0.111914, -0.993081, -0.866486, -0.491658, -0.0864536, -0.497931, 0.863567, 0.0794771)
    Right Leg.CFrame = CFrame.new(-0.090798, -0.17957, 0.124927, 0.69102, -0.249768, -0.678312, -0.152751, 0.866754, -0.474768, 0.706512, 0.431687, 0.560792)

[14]
    Time: 0.433333
    HumanoidRootPart.CFrame = CFrame.new(0, 0, 0, 1, 0, 0, 0, 1, 0, 0, 0, 1)
    Torso.CFrame = CFrame.new(0.401817, -0.182093, -0.371655, 0.814509, -0.38723, 0.432005, 0.530234, 0.79906, -0.283469, -0.235431, 0.459952, 0.856164)
    Left Leg.CFrame = CFrame.new(-0.544256, 0.591485, -0.919403, 0.683188, 0.431776, -0.588917, 0.0719334, 0.762754, 0.642676, 0.72669, -0.481432, 0.490045)
    Right Arm.CFrame = CFrame.new(-0.0630202, -0.619823, 0.132467, 0.83382, -0.410355, 0.36926, 0.465699, 0.882061, -0.0713618, -0.296426, 0.231467, 0.926582)
    Head.CFrame = CFrame.new(-1.3411e-07, 0, 0.0166622, 0.859544, 0.504232, -0.0832699, -0.432432, 0.804417, 0.407328, 0.272371, -0.314107, 0.909478)
    Left Arm.CFrame = CFrame.new(-0.443928, -0.0360973, -0.440655, 0.0754802, 0.155402, -0.984963, -0.906392, -0.401043, -0.132733, -0.41564, 0.902781, 0.110585)
    Right Leg.CFrame = CFrame.new(-0.061542, -0.152865, 0.143431, 0.717693, -0.22164, -0.660145, -0.138806, 0.883438, -0.447515, 0.682385, 0.412811, 0.603273)

[15]
    Time: 0.466667
    HumanoidRootPart.CFrame = CFrame.new(0, 0, 0, 1, 0, 0, 0, 1, 0, 0, 0, 1)
    Torso.CFrame = CFrame.new(0.373341, -0.172361, -0.345483, 0.823865, -0.405261, 0.396244, 0.526824, 0.805401, -0.271637, -0.209052, 0.432543, 0.877043)
    Left Leg.CFrame = CFrame.new(-0.576132, 0.593214, -0.828254, 0.711807, 0.39352, -0.581784, 0.0279991, 0.811754, 0.583328, 0.701816, -0.431507, 0.566794)
    Right Arm.CFrame = CFrame.new(-0.0158319, -0.565688, 0.0787684, 0.764721, -0.468482, 0.44241, 0.571773, 0.809941, -0.130656, -0.297116, 0.352873, 0.887244)
    Head.CFrame = CFrame.new(1.93715e-07, -5.96046e-08, 0.0166622, 0.880123, 0.473344, -0.0364499, -0.416524, 0.806749, 0.419124, 0.227795, -0.353698, 0.907197)
    Left Arm.CFrame = CFrame.new(-0.379801, -0.0395101, -0.38093, 0.149447, 0.217484, -0.964555, -0.949716, -0.239883, -0.201235, -0.275146, 0.946127, 0.170698)
    Right Leg.CFrame = CFrame.new(-0.015186, -0.11212, 0.16614, 0.756085, -0.176108, -0.630335, -0.123836, 0.907223, -0.402009, 0.642651, 0.382011, 0.664129)

[16]
    Time: 0.500000
    HumanoidRootPart.CFrame = CFrame.new(0, 0, 0, 1, 0, 0, 0, 1, 0, 0, 0, 1)
    Torso.CFrame = CFrame.new(0.336698, -0.157577, -0.313711, 0.833213, -0.428515, 0.349472, 0.524411, 0.812802, -0.253664, -0.175353, 0.394623, 0.901956)
    Left Leg.CFrame = CFrame.new(-0.610829, 0.577395, -0.712512, 0.749612, 0.342761, -0.566213, -0.0183023, 0.865872, 0.499931, 0.661625, -0.364392, 0.655341)
    Right Arm.CFrame = CFrame.new(0.0439247, -0.49902, 0.0116616, 0.657852, -0.521467, 0.543418, 0.702061, 0.685799, -0.191807, -0.272655, 0.507693, 0.817256)
    Head.CFrame = CFrame.new(1.49012e-08, -1.78814e-07, 0.0166624, 0.902515, 0.430192, 0.0200427, -0.39595, 0.810572, 0.431506, 0.169384, -0.397376, 0.901888)
    Left Arm.CFrame = CFrame.new(-0.30001, -0.0440934, -0.307539, 0.265231, 0.280238, -0.922561, -0.961063, -9.04463e-05, -0.276328, -0.0775208, 0.95993, 0.269303)
    Right Leg.CFrame = CFrame.new(0.0461785, -0.0623075, 0.185161, 0.800377, -0.114246, -0.58851, -0.115977, 0.933621, -0.338971, 0.588171, 0.339559, 0.733999)

[17]
    Time: 0.533333
    HumanoidRootPart.CFrame = CFrame.new(0, 0, 0, 1, 0, 0, 0, 1, 0, 0, 0, 1)
    Torso.CFrame = CFrame.new(0.293804, -0.137166, -0.279395, 0.840357, -0.455592, 0.293658, 0.524551, 0.820045, -0.22885, -0.13655, 0.346354, 0.928113)
    Left Leg.CFrame = CFrame.new(-0.640382, 0.535592, -0.583134, 0.79382, 0.281988, -0.538826, -0.0567235, 0.916472, 0.396057, 0.605502, -0.283834, 0.743509)
    Right Arm.CFrame = CFrame.new(0.112955, -0.424949, -0.0646954, 0.513841, -0.543885, 0.663443, 0.83283, 0.50179, -0.233669, -0.20582, 0.672604, 0.710804)
    Head.CFrame = CFrame.new(8.9407e-08, 2.98023e-08, 0.0166619, 0.922971, 0.376309, 0.0807165, -0.371538, 0.816467, 0.441974, 0.100416, -0.437919, 0.893389)
    Left Arm.CFrame = CFrame.new(-0.210839, -0.0506145, -0.226909, 0.420209, 0.31384, -0.851428, -0.894222, 0.302704, -0.329752, 0.154241, 0.899931, 0.407841)
    Right Leg.CFrame = CFrame.new(0.119125, -0.0109408, 0.193971, 0.844049, -0.0376468, -0.534943, -0.123175, 0.957253, -0.261716, 0.521928, 0.286793, 0.803331)

[18]
    Time: 0.566667
    HumanoidRootPart.CFrame = CFrame.new(0, 0, 0, 1, 0, 0, 0, 1, 0, 0, 0, 1)
    Torso.CFrame = CFrame.new(0.246862, -0.110759, -0.245507, 0.843363, -0.485101, 0.231119, 0.528813, 0.82562, -0.196747, -0.0953745, 0.288148, 0.952824)
    Left Leg.CFrame = CFrame.new(-0.657065, 0.465778, -0.454009, 0.840051, 0.214316, -0.498381, -0.0781324, 0.956878, 0.279784, 0.536852, -0.196093, 0.820571)
    Right Arm.CFrame = CFrame.new(0.187883, -0.347926, -0.146561, 0.347459, -0.514486, 0.783949, 0.933331, 0.270319, -0.236264, -0.0903625, 0.813776, 0.57411)
    Head.CFrame = CFrame.new(-1.49012e-08, 0, 0.0166615, 0.938474, 0.315468, 0.140523, -0.344416, 0.82505, 0.447962, 0.0253793, -0.468799, 0.88294)
    Left Arm.CFrame = CFrame.new(-0.118529, -0.0612658, -0.144819, 0.5893, 0.28789, -0.754881, -0.720269, 0.610462, -0.329467, 0.365976, 0.737872, 0.567104)
    Right Leg.CFrame = CFrame.new(0.198053, 0.032624, 0.189397, 0.880315, 0.0511772, -0.471622, -0.151248, 0.97256, -0.176778, 0.449633, 0.226952, 0.8639)

[19]
    Time: 0.600000
    HumanoidRootPart.CFrame = CFrame.new(0, 0, 0, 1, 0, 0, 0, 1, 0, 0, 0, 1)
    Torso.CFrame = CFrame.new(0.198417, -0.0782601, -0.214735, 0.840735, -0.515825, 0.164589, 0.538633, 0.827738, -0.157237, -0.0551302, 0.220848, 0.973749)
    Left Leg.CFrame = CFrame.new(-0.655829, 0.373643, -0.338895, 0.882964, 0.142909, -0.44716, -0.0768886, 0.983699, 0.162558, 0.463101, -0.109151, 0.879558)
    Right Arm.CFrame = CFrame.new(0.264729, -0.27158, -0.230121, 0.185513, -0.430824, 0.883162, 0.980803, 0.0262293, -0.193228, 0.0600824, 0.902055, 0.427419)
    Head.CFrame = CFrame.new(7.45058e-08, -1.49012e-08, 0.0166618, 0.947327, 0.25371, 0.195458, -0.31631, 0.83684, 0.446818, -0.0502054, -0.485108, 0.873012)
    Left Arm.CFrame = CFrame.new(-0.0283869, -0.078778, -0.0652572, 0.731968, 0.197503, -0.652085, -0.464159, 0.845169, -0.265037, 0.498777, 0.49667, 0.71031)
    Right Leg.CFrame = CFrame.new(0.274388, 0.0591161, 0.172481, 0.903094, 0.148349, -0.403007, -0.201691, 0.975019, -0.0930568, 0.379134, 0.165322, 0.910454)

[20]
    Time: 0.633333
    HumanoidRootPart.CFrame = CFrame.new(0, 0, 0, 1, 0, 0, 0, 1, 0, 0, 0, 1)
    Torso.CFrame = CFrame.new(0.1513, -0.0398484, -0.189297, 0.831543, -0.5469, 0.0971477, 0.555114, 0.824397, -0.110539, -0.0196344, 0.145846, 0.989112)
    Left Leg.CFrame = CFrame.new(-0.637092, 0.27139, -0.248195, 0.917601, 0.069795, -0.391327, -0.0518405, 0.997069, 0.056274, 0.394107, -0.0313504, 0.91853)
    Right Arm.CFrame = CFrame.new(0.338709, -0.199261, -0.310849, 0.0529525, -0.313167, 0.948221, 0.974682, -0.190357, -0.117299, 0.217235, 0.930425, 0.295159)
    Head.CFrame = CFrame.new(1.04308e-07, -1.49012e-08, 0.0166622, 0.949486, 0.198681, 0.242903, -0.289791, 0.852129, 0.435773, -0.120405, -0.484151, 0.86666)
    Left Arm.CFrame = CFrame.new(0.0554249, -0.1044, 0.0091393, 0.821965, 0.0719266, -0.564979, -0.194652, 0.967736, -0.15999, 0.535243, 0.24148, 0.809446)
    Right Leg.CFrame = CFrame.new(0.337878, 0.0626451, 0.148679, 0.908243, 0.249221, -0.336129, -0.271315, 0.96229, -0.0196263, 0.318563, 0.109022, 0.941611)

[21]
    Time: 0.666667
    HumanoidRootPart.CFrame = CFrame.new(0, 0, 0, 1, 0, 0, 0, 1, 0, 0, 0, 1)
    Torso.CFrame = CFrame.new(0.108483, 0.00407854, -0.170829, 0.81543, -0.577968, 0.0320485, 0.578814, 0.813455, -0.0571364, 0.006953, 0.0651409, 0.997852)
    Left Leg.CFrame = CFrame.new(-0.607946, 0.17332, -0.18672, 0.940385, -0.00479829, -0.340079, -0.00571378, 0.999537, -0.0299024, 0.340065, 0.0300629, 0.939921)
    Right Arm.CFrame = CFrame.new(0.404638, -0.134778, -0.383405, -0.0396384, -0.191498, 0.980692, 0.934288, -0.355119, -0.0315806, 0.35431, 0.914997, 0.192991)
    Head.CFrame = CFrame.new(8.3819e-08, -3.35276e-08, 0.016662, 0.946381, 0.158617, 0.281433, -0.268444, 0.870778, 0.411926, -0.179727, -0.465388, 0.866668)
    Left Arm.CFrame = CFrame.new(0.128968, -0.137347, 0.0752989, 0.862931, -0.0506299, -0.50278, 0.029135, 0.998298, -0.0505239, 0.504482, 0.02895, 0.862937)
    Right Leg.CFrame = CFrame.new(0.37747, 0.0428515, 0.125402, 0.894505, 0.34857, -0.279929, -0.352795, 0.934973, 0.0368926, 0.274586, 0.0657568, 0.959312)

[22]
    Time: 0.700000
    HumanoidRootPart.CFrame = CFrame.new(0, 0, 0, 1, 0, 0, 0, 1, 0, 0, 0, 1)
    Torso.CFrame = CFrame.new(0.0728901, 0.0530266, -0.160378, 0.792488, -0.609267, -0.027514, 0.609548, 0.792746, 0.00237057, 0.0203673, -0.0186497, 0.999619)
    Left Leg.CFrame = CFrame.new(-0.581966, 0.0911567, -0.15462, 0.949046, -0.0827194, -0.304087, 0.0573576, 0.994159, -0.0914251, 0.309874, 0.0693249, 0.948247)
    Right Arm.CFrame = CFrame.new(0.457458, -0.0826366, -0.442076, -0.0957103, -0.0902678, 0.991308, 0.884627, -0.4643, 0.0431315, 0.456371, 0.881066, 0.124292)
    Head.CFrame = CFrame.new(6.70552e-08, 1.11759e-08, 0.0166618, 0.940151, 0.141379, 0.310044, -0.256884, 0.891868, 0.372265, -0.223888, -0.429631, 0.874809)
    Left Arm.CFrame = CFrame.new(0.18775, -0.17607, 0.128903, 0.87472, -0.146542, -0.461942, 0.184833, 0.982017, 0.0384679, 0.447998, -0.119031, 0.886075)
    Right Leg.CFrame = CFrame.new(0.382667, 0.00565773, 0.108883, 0.863715, 0.440971, -0.244011, -0.436738, 0.896518, 0.074263, 0.251508, 0.042427, 0.966925)

[23]
    Time: 0.733333
    HumanoidRootPart.CFrame = CFrame.new(0, 0, 0, 1, 0, 0, 0, 1, 0, 0, 0, 1)
    Torso.CFrame = CFrame.new(0.0472085, 0.106555, -0.158533, 0.762991, -0.641608, -0.0786348, 0.646198, 0.760183, 0.0674464, 0.0165027, -0.102275, 0.994619)
    Left Leg.CFrame = CFrame.new(-0.575523, 0.0301095, -0.150655, 0.941221, -0.166335, -0.294001, 0.133545, 0.982686, -0.128432, 0.310273, 0.0816208, 0.947137)
    Right Arm.CFrame = CFrame.new(0.492442, -0.0477492, -0.481217, -0.124431, -0.0237955, 0.991943, 0.845816, -0.525216, 0.0935016, 0.518759, 0.850636, 0.0854795)
    Head.CFrame = CFrame.new(7.82311e-08, 4.65661e-08, 0.0166622, 0.932438, 0.153793, 0.326967, -0.260615, 0.913037, 0.313757, -0.250279, -0.377772, 0.891431)
    Left Arm.CFrame = CFrame.new(0.226748, -0.219342, 0.164864, 0.876448, -0.207343, -0.434566, 0.274156, 0.956842, 0.0963905, 0.395825, -0.20362, 0.895467)
    Right Leg.CFrame = CFrame.new(0.344172, -0.0375071, 0.100931, 0.820077, 0.520766, -0.237226, -0.513856, 0.852575, 0.0952247, 0.251843, 0.0438086, 0.966776)

[24]
    Time: 0.766667
    HumanoidRootPart.CFrame = CFrame.new(0, 0, 0, 1, 0, 0, 0, 1, 0, 0, 0, 1)
    Torso.CFrame = CFrame.new(0.0337371, 0.164413, -0.165688, 0.727028, -0.676238, -0.118879, 0.686557, 0.713901, 0.137785, -0.00830757, -0.181791, 0.983302)
    Left Leg.CFrame = CFrame.new(-0.602539, -0.0114293, -0.177354, 0.912357, -0.256135, -0.319374, 0.220219, 0.964679, -0.144561, 0.345121, 0.0615586, 0.936537)
    Right Arm.CFrame = CFrame.new(0.50509, -0.0350576, -0.495422, -0.133269, -0.000120006, 0.99108, 0.830927, -0.54506, 0.111668, 0.540184, 0.838397, 0.0727389)
    Head.CFrame = CFrame.new(8.19564e-08, -5.96046e-08, 0.0166625, 0.922918, 0.201131, 0.328282, -0.285645, 0.929425, 0.233613, -0.258126, -0.309378, 0.915236)
    Left Arm.CFrame = CFrame.new(0.240765, -0.266475, 0.177984, 0.880656, -0.230196, -0.414071, 0.303052, 0.945529, 0.118888, 0.364148, -0.230185, 0.902447)
    Right Leg.CFrame = CFrame.new(0.253679, -0.0705621, 0.0959076, 0.768673, 0.581558, -0.26633, -0.576067, 0.81038, 0.106919, 0.278008, 0.0712385, 0.957934)

[25]
    Time: 0.800000
    HumanoidRootPart.CFrame = CFrame.new(0, 0, 0, 1, 0, 0, 0, 1, 0, 0, 0, 1)
    Torso.CFrame = CFrame.new(0.0682903, 0.204561, -0.174398, 0.643038, -0.75332, -0.137885, 0.76383, 0.617856, 0.186594, -0.0553717, -0.225307, 0.972713)
    Left Leg.CFrame = CFrame.new(-0.662158, -0.0292954, -0.26089, 0.851719, -0.313653, -0.419759, 0.273134, 0.949376, -0.155188, 0.447184, 0.0175262, 0.89427)
    Right Arm.CFrame = CFrame.new(0.50509, -0.0350577, -0.495422, -0.133269, -0.000120036, 0.99108, 0.830927, -0.54506, 0.111667, 0.540184, 0.838397, 0.0727388)
    Head.CFrame = CFrame.new(9.31323e-08, -7.45058e-09, 0.016662, 0.88808, 0.319546, 0.330462, -0.383358, 0.911534, 0.148807, -0.253676, -0.258838, 0.932015)
    Left Arm.CFrame = CFrame.new(0.236779, -0.317189, 0.17809, 0.89256, -0.217044, -0.395257, 0.284014, 0.951418, 0.118912, 0.350246, -0.218395, 0.910841)
    Right Leg.CFrame = CFrame.new(0.047846, -0.04637, 0.0640994, 0.717727, 0.592275, -0.366166, -0.589168, 0.796819, 0.134021, 0.371145, 0.119543, 0.920848)

[26]
    Time: 0.833333
    HumanoidRootPart.CFrame = CFrame.new(0, 0, 0, 1, 0, 0, 0, 1, 0, 0, 0, 1)
    Torso.CFrame = CFrame.new(0.152571, 0.169814, -0.146915, 0.917633, -0.388569, -0.0834498, 0.396948, 0.906419, 0.144352, 0.01955, -0.165587, 0.986001)
    Left Leg.CFrame = CFrame.new(-0.420146, -0.0761156, 0.00280988, 0.952165, -0.304244, 0.0285964, 0.304678, 0.937975, -0.16545, 0.0235143, 0.166248, 0.985804)
    Right Arm.CFrame = CFrame.new(0.504229, -0.0346427, -0.495334, -0.0931974, -0.0253805, 0.995324, 0.838767, -0.540627, 0.0647523, 0.536456, 0.840879, 0.0716734)
    Head.CFrame = CFrame.new(1.11759e-07, -3.35276e-08, 0.0166624, 0.979659, 0.0179327, 0.199864, -0.0577364, 0.979071, 0.195156, -0.192182, -0.202725, 0.960192)
    Left Arm.CFrame = CFrame.new(0.226324, -0.370293, 0.178332, 0.909707, -0.175916, -0.376147, 0.233333, 0.965855, 0.112602, 0.343495, -0.190203, 0.919692)
    Right Leg.CFrame = CFrame.new(0.495919, -0.0437655, -0.036029, 0.850283, 0.520045, 0.0810736, -0.526109, 0.844212, 0.102543, -0.0151163, -0.129844, 0.991419)

[27]
    Time: 0.866667
    HumanoidRootPart.CFrame = CFrame.new(0, 0, 0, 1, 0, 0, 0, 1, 0, 0, 0, 1)
    Torso.CFrame = CFrame.new(0.137802, 0.0248859, -0.107944, 0.975369, 0.204202, -0.0834051, -0.20742, 0.977734, -0.0318404, 0.0750462, 0.048356, 0.996007)
    Left Leg.CFrame = CFrame.new(0.025972, -0.0856273, 0.0809034, 0.819003, -0.0791445, 0.568304, 0.219126, 0.958514, -0.182304, -0.530299, 0.273838, 0.802369)
    Right Arm.CFrame = CFrame.new(0.502687, -0.0337633, -0.495174, -0.0179097, -0.071659, 0.997268, 0.848198, -0.529189, -0.0227924, 0.529376, 0.845473, 0.0702583)
    Head.CFrame = CFrame.new(1.24448e-07, 1.95578e-08, 0.0166625, 0.92966, -0.3435, 0.133192, 0.315807, 0.929182, 0.192059, -0.189732, -0.136487, 0.972303)
    Left Arm.CFrame = CFrame.new(0.21108, -0.424104, 0.17869, 0.927057, -0.112051, -0.357786, 0.157463, 0.982415, 0.10033, 0.340252, -0.14935, 0.928398)
    Right Leg.CFrame = CFrame.new(0.661992, 0.18269, -0.438689, 0.790728, 0.0259142, 0.611619, -0.219961, 0.944407, 0.244361, -0.571285, -0.327755, 0.752469)

[28]
    Time: 0.900000
    HumanoidRootPart.CFrame = CFrame.new(0, 0, 0, 1, 0, 0, 0, 1, 0, 0, 0, 1)
    Torso.CFrame = CFrame.new(0.00861877, -0.134325, -0.125328, 0.918583, 0.34432, -0.194035, -0.383346, 0.89568, -0.225396, 0.0961849, 0.281427, 0.95475)
    Left Leg.CFrame = CFrame.new(0.192292, -0.138864, -0.0233309, 0.730485, 0.198679, 0.65339, 0.0314144, 0.945958, -0.322763, -0.682206, 0.2563, 0.684767)
    Right Arm.CFrame = CFrame.new(0.501891, -0.0332339, -0.49509, 0.0228437, -0.0960791, 0.995112, 0.850484, -0.521342, -0.0698596, 0.525505, 0.847922, 0.0698042)
    Head.CFrame = CFrame.new(8.9407e-08, 7.45058e-08, 0.0166619, 0.899403, -0.393676, 0.189983, 0.330258, 0.896717, 0.294665, -0.286364, -0.202279, 0.936525)
    Left Arm.CFrame = CFrame.new(0.192698, -0.476942, 0.179141, 0.939361, -0.0316702, -0.341464, 0.0637047, 0.99451, 0.0830109, 0.336961, -0.0997302, 0.936222)
    Right Leg.CFrame = CFrame.new(0.548943, 0.337292, -0.521231, 0.6871, -0.328736, 0.647941, -0.00034994, 0.891638, 0.452749, -0.726563, -0.31131, 0.612529)

[29]
    Time: 0.933333
    HumanoidRootPart.CFrame = CFrame.new(0, 0, 0, 1, 0, 0, 0, 1, 0, 0, 0, 1)
    Torso.CFrame = CFrame.new(-0.17393, -0.234463, -0.208662, 0.86122, 0.36613, -0.35249, -0.48366, 0.803474, -0.347136, 0.156119, 0.469445, 0.86905)
    Left Leg.CFrame = CFrame.new(0.33697, -0.244382, -0.226396, 0.619858, 0.451997, 0.641463, -0.130285, 0.865381, -0.483882, -0.773823, 0.216365, 0.595301)
    Right Arm.CFrame = CFrame.new(0.501891, -0.0332342, -0.49509, 0.0228437, -0.0960792, 0.995112, 0.850484, -0.521342, -0.0698596, 0.525505, 0.847922, 0.0698041)
    Head.CFrame = CFrame.new(1.78814e-07, -2.98023e-08, 0.0166621, 0.859242, -0.494579, 0.130744, 0.39745, 0.806305, 0.438071, -0.32208, -0.324445, 0.889382)
    Left Arm.CFrame = CFrame.new(0.172777, -0.527077, 0.179642, 0.942805, 0.057526, -0.328345, -0.0391717, 0.997292, 0.0622478, 0.331036, -0.0458258, 0.942505)
    Right Leg.CFrame = CFrame.new(0.461064, 0.459447, -0.635618, 0.610075, -0.543998, 0.576086, 0.066422, 0.759619, 0.646967, -0.789555, -0.356434, 0.499558)

[30]
    Time: 0.966667
    HumanoidRootPart.CFrame = CFrame.new(0, 0, 0, 1, 0, 0, 0, 1, 0, 0, 0, 1)
    Torso.CFrame = CFrame.new(-0.333706, -0.250858, -0.29901, 0.810578, 0.338947, -0.477575, -0.534583, 0.761237, -0.367068, 0.239131, 0.55284, 0.798238)
    Left Leg.CFrame = CFrame.new(0.32362, -0.290726, -0.256843, 0.594362, 0.517255, 0.615776, -0.104874, 0.809018, -0.578352, -0.79733, 0.279172, 0.535096)
    Right Arm.CFrame = CFrame.new(0.501891, -0.0332346, -0.49509, 0.0228437, -0.096079, 0.995112, 0.850484, -0.521342, -0.0698597, 0.525505, 0.847922, 0.0698041)
    Head.CFrame = CFrame.new(1.19209e-07, -1.78814e-07, 0.0166619, 0.831439, -0.545603, 0.105003, 0.441984, 0.764, 0.470058, -0.336688, -0.344415, 0.876367)
    Left Arm.CFrame = CFrame.new(0.152881, -0.572676, 0.180133, 0.936286, 0.14681, -0.319085, -0.141385, 0.989137, 0.0402355, 0.321526, 0.00744169, 0.946872)
    Right Leg.CFrame = CFrame.new(0.427686, 0.528313, -0.796908, 0.615852, -0.601519, 0.508824, 0.0141742, 0.654183, 0.756203, -0.787735, -0.458497, 0.411406)

[31]
    Time: 1.000000
    HumanoidRootPart.CFrame = CFrame.new(0, 0, 0, 1, 0, 0, 0, 1, 0, 0, 0, 1)
    Torso.CFrame = CFrame.new(-0.424246, -0.219708, -0.351292, 0.784085, 0.332343, -0.524174, -0.546473, 0.770063, -0.329197, 0.29424, 0.544566, 0.785411)
    Left Leg.CFrame = CFrame.new(0.330207, -0.291319, -0.266557, 0.601428, 0.492934, 0.628729, -0.0559997, 0.811041, -0.582303, -0.796962, 0.315004, 0.515387)
    Right Arm.CFrame = CFrame.new(0.501891, -0.0332344, -0.49509, 0.0228438, -0.0960791, 0.995112, 0.850484, -0.521342, -0.0698597, 0.525505, 0.847922, 0.0698043)
    Head.CFrame = CFrame.new(1.49012e-07, 8.9407e-08, 0.0166622, 0.814782, -0.556055, 0.16411, 0.434176, 0.772806, 0.462885, -0.384215, -0.305898, 0.871095)
    Left Arm.CFrame = CFrame.new(0.134572, -0.611779, 0.180555, 0.921885, 0.227541, -0.313614, -0.233346, 0.972199, 0.0194412, 0.309319, 0.0552579, 0.949352)
    Right Leg.CFrame = CFrame.new(0.452997, 0.545948, -0.92642, 0.651076, -0.558794, 0.513663, -0.0672004, 0.631656, 0.772331, -0.756032, -0.537364, 0.373704)

[32]
    Time: 1.033333
    HumanoidRootPart.CFrame = CFrame.new(0, 0, 0, 1, 0, 0, 0, 1, 0, 0, 0, 1)
    Torso.CFrame = CFrame.new(-0.447813, -0.193787, -0.373387, 0.787663, 0.350917, -0.506404, -0.541628, 0.786144, -0.297685, 0.293644, 0.508758, 0.809283)
    Left Leg.CFrame = CFrame.new(0.201501, -0.250494, -0.0626213, 0.656756, 0.363686, 0.660609, 0.072173, 0.841684, -0.535125, -0.750641, 0.399125, 0.526533)
    Right Arm.CFrame = CFrame.new(0.501891, -0.0332342, -0.49509, 0.0228438, -0.096079, 0.995112, 0.850484, -0.521342, -0.0698596, 0.525505, 0.847922, 0.0698041)
    Head.CFrame = CFrame.new(2.38419e-07, 2.98023e-08, 0.0166622, 0.818276, -0.551289, 0.162803, 0.446468, 0.787925, 0.424076, -0.362065, -0.274325, 0.890873)
    Left Arm.CFrame = CFrame.new(0.119447, -0.642325, 0.180869, 0.90431, 0.292234, -0.311162, -0.306804, 0.95177, 0.00222986, 0.296807, 0.0934493, 0.950354)
    Right Leg.CFrame = CFrame.new(0.490891, 0.555498, -0.982429, 0.661949, -0.501679, 0.556904, -0.111447, 0.668851, 0.734995, -0.741217, -0.548594, 0.386835)

[33]
    Time: 1.066667
    HumanoidRootPart.CFrame = CFrame.new(0, 0, 0, 1, 0, 0, 0, 1, 0, 0, 0, 1)
    Torso.CFrame = CFrame.new(-0.438668, -0.184882, -0.387947, 0.798502, 0.366868, -0.477286, -0.536196, 0.793855, -0.286858, 0.273657, 0.484976, 0.830608)
    Left Leg.CFrame = CFrame.new(0.126877, -0.20891, 0.0697818, 0.676577, 0.281037, 0.680633, 0.142526, 0.85685, -0.495474, -0.722447, 0.432235, 0.53967)
    Right Arm.CFrame = CFrame.new(0.501891, -0.0332345, -0.49509, 0.0228438, -0.096079, 0.995112, 0.850484, -0.521342, -0.0698596, 0.525505, 0.847922, 0.0698041)
    Head.CFrame = CFrame.new(5.96046e-08, -1.49012e-07, 0.0166619, 0.825546, -0.546403, 0.141129, 0.458145, 0.79493, 0.397731, -0.329509, -0.263688, 0.906583)
    Left Arm.CFrame = CFrame.new(0.109148, -0.662196, 0.18106, 0.889615, 0.334885, -0.310542, -0.355148, 0.934763, -0.00936073, 0.287149, 0.118616, 0.950513)
    Right Leg.CFrame = CFrame.new(0.512228, 0.568842, -0.999912, 0.661331, -0.467933, 0.586242, -0.123367, 0.703062, 0.700345, -0.739879, -0.535483, 0.40723)

[34]
    Time: 1.100000
    HumanoidRootPart.CFrame = CFrame.new(0, 0, 0, 1, 0, 0, 0, 1, 0, 0, 0, 1)
    Torso.CFrame = CFrame.new(-0.426994, -0.189115, -0.395673, 0.80461, 0.37168, -0.463094, -0.534452, 0.793155, -0.292005, 0.258773, 0.482452, 0.836825)
    Left Leg.CFrame = CFrame.new(0.101143, -0.189094, 0.117557, 0.681107, 0.259481, 0.684662, 0.158612, 0.860602, -0.483949, -0.714797, 0.438217, 0.545005)
    Right Arm.CFrame = CFrame.new(0.501891, -0.0332339, -0.49509, 0.0228438, -0.0960791, 0.995112, 0.850484, -0.521342, -0.0698596, 0.525505, 0.847922, 0.0698041)
    Head.CFrame = CFrame.new(1.78814e-07, -1.49012e-07, 0.0166622, 0.828992, -0.545026, 0.125378, 0.462431, 0.794096, 0.394422, -0.314532, -0.268994, 0.910336)
    Left Arm.CFrame = CFrame.new(0.105345, -0.66928, 0.181126, 0.883657, 0.350302, -0.310547, -0.372612, 0.927888, -0.0135909, 0.283392, 0.127723, 0.950461)
    Right Leg.CFrame = CFrame.new(0.513424, 0.579105, -0.999444, 0.658826, -0.464219, 0.591987, -0.116139, 0.714712, 0.689709, -0.743277, -0.523151, 0.416957)

[35]
    Time: 1.133333
    HumanoidRootPart.CFrame = CFrame.new(0, 0, 0, 1, 0, 0, 0, 1, 0, 0, 0, 1)
    Torso.CFrame = CFrame.new(-0.426994, -0.189115, -0.395673, 0.80461, 0.37168, -0.463094, -0.534452, 0.793155, -0.292005, 0.258773, 0.482452, 0.836825)
    Left Leg.CFrame = CFrame.new(0.101143, -0.189094, 0.117557, 0.681107, 0.259481, 0.684662, 0.158612, 0.860602, -0.483949, -0.714797, 0.438217, 0.545005)
    Right Arm.CFrame = CFrame.new(0.501891, -0.0332339, -0.49509, 0.0228438, -0.0960791, 0.995112, 0.850484, -0.521342, -0.0698596, 0.525505, 0.847922, 0.0698041)
    Head.CFrame = CFrame.new(1.78814e-07, -1.49012e-07, 0.0166622, 0.828992, -0.545026, 0.125378, 0.462431, 0.794096, 0.394422, -0.314532, -0.268994, 0.910336)
    Left Arm.CFrame = CFrame.new(0.105345, -0.66928, 0.181126, 0.883657, 0.350302, -0.310547, -0.372612, 0.927888, -0.0135909, 0.283392, 0.127723, 0.950461)
    Right Leg.CFrame = CFrame.new(0.513424, 0.579105, -0.999444, 0.658826, -0.464219, 0.591987, -0.116139, 0.714712, 0.689709, -0.743277, -0.523151, 0.416957)

[36]
    Time: 1.166667
    HumanoidRootPart.CFrame = CFrame.new(0, 0, 0, 1, 0, 0, 0, 1, 0, 0, 0, 1)
    Torso.CFrame = CFrame.new(-0.423333, -0.188995, -0.392377, 0.80626, 0.37365, -0.458618, -0.533815, 0.793637, -0.291859, 0.254923, 0.480131, 0.839338)
    Left Leg.CFrame = CFrame.new(0.0950627, -0.183546, 0.122046, 0.686823, 0.254948, 0.680643, 0.154356, 0.863936, -0.479362, -0.710245, 0.434299, 0.554019)
    Right Arm.CFrame = CFrame.new(0.493102, -0.0330057, -0.486809, 0.0299638, -0.105034, 0.994017, 0.859725, -0.504574, -0.0792317, 0.509877, 0.856956, 0.0751809)
    Head.CFrame = CFrame.new(-5.96046e-08, -8.9407e-08, 0.016662, 0.832282, -0.541564, 0.118388, 0.460109, 0.79397, 0.397382, -0.309204, -0.276262, 0.909985)
    Left Arm.CFrame = CFrame.new(0.0989363, -0.661745, 0.17373, 0.876837, 0.359734, -0.31898, -0.38646, 0.922031, -0.0225013, 0.286015, 0.143003, 0.947494)
    Right Leg.CFrame = CFrame.new(0.517359, 0.582227, -0.987122, 0.662277, -0.460516, 0.591028, -0.108053, 0.721869, 0.683542, -0.741427, -0.516557, 0.428317)

[37]
    Time: 1.200000
    HumanoidRootPart.CFrame = CFrame.new(0, 0, 0, 1, 0, 0, 0, 1, 0, 0, 0, 1)
    Torso.CFrame = CFrame.new(-0.412968, -0.188285, -0.383017, 0.810696, 0.379472, -0.445839, -0.532181, 0.79505, -0.290996, 0.24404, 0.473176, 0.846492)
    Left Leg.CFrame = CFrame.new(0.0777557, -0.167639, 0.134042, 0.702683, 0.241599, 0.669228, 0.14315, 0.873344, -0.465594, -0.696954, 0.422965, 0.5791)
    Right Arm.CFrame = CFrame.new(0.468268, -0.0325209, -0.463455, 0.0516363, -0.130328, 0.990125, 0.884508, -0.454339, -0.105932, 0.463659, 0.881244, 0.0918157)
    Head.CFrame = CFrame.new(8.9407e-08, 2.98023e-08, 0.016662, 0.841322, -0.531426, 0.0988129, 0.45369, 0.793629, 0.405362, -0.293841, -0.29621, 0.9088)
    Left Arm.CFrame = CFrame.new(0.0808108, -0.64052, 0.152866, 0.856156, 0.385812, -0.343725, -0.426148, 0.903409, -0.0474329, 0.292224, 0.187088, 0.937872)
    Right Leg.CFrame = CFrame.new(0.528395, 0.589598, -0.951941, 0.672106, -0.449745, 0.58822, -0.0857857, 0.741759, 0.665158, -0.735468, -0.497518, 0.459959)

[38]
    Time: 1.233333
    HumanoidRootPart.CFrame = CFrame.new(0, 0, 0, 1, 0, 0, 0, 1, 0, 0, 0, 1)
    Torso.CFrame = CFrame.new(-0.396736, -0.18644, -0.368485, 0.817046, 0.388947, -0.425624, -0.529983, 0.797333, -0.288752, 0.227055, 0.461498, 0.857593)
    Left Leg.CFrame = CFrame.new(0.0503379, -0.142385, 0.150653, 0.726615, 0.219665, 0.650982, 0.127802, 0.887758, -0.442212, -0.675053, 0.404515, 0.616986)
    Right Arm.CFrame = CFrame.new(0.429715, -0.0319831, -0.427341, 0.0900265, -0.169037, 0.98149, 0.918163, -0.367704, -0.147546, 0.385839, 0.914451, 0.1221)
    Head.CFrame = CFrame.new(5.96046e-08, 1.78814e-07, 0.0166624, 0.854706, -0.514525, 0.0688553, 0.443879, 0.793154, 0.416986, -0.269163, -0.325837, 0.906301)
    Left Arm.CFrame = CFrame.new(0.05259, -0.607756, 0.120545, 0.819776, 0.42416, -0.384781, -0.489079, 0.868082, -0.0850608, 0.297942, 0.257919, 0.91908)
    Right Leg.CFrame = CFrame.new(0.545061, 0.597298, -0.89666, 0.687842, -0.432209, 0.583154, -0.0527822, 0.771488, 0.634051, -0.723939, -0.466907, 0.507849)

[39]
