[1]
    Time: 0.000000
    HumanoidRootPart.CFrame = CFrame.new(0, 0, 0, 1, 0, 0, 0, 1, 0, 0, 0, 1)
    Torso.CFrame = CFrame.new(0, 0, 0, 0.955391, -0.287208, 0.0688399, 0.29509, 0.937925, -0.182262, -0.0122196, 0.194445, 0.980837)
    Left Leg.CFrame = CFrame.new(-0.761717, 0.124983, 0.0286647, 0.911078, 0.0559463, -0.408419, -0.00185301, 0.991294, 0.131656, 0.41223, -0.119192, 0.90325)
    Right Arm.CFrame = CFrame.new(0.163365, -0.729331, -0.460757, -0.938829, -0.312507, -0.144706, 0.3425, -0.803374, -0.487118, 0.0359748, -0.506882, 0.861264)
    Head.CFrame = CFrame.new(0, -1.11759e-08, 3.57628e-07, 0.934473, -0.350927, 0.060079, 0.355666, 0.927783, -0.112785, -0.0161609, 0.126763, 0.991801)
    Right Leg.CFrame = CFrame.new(0.271062, -0.000723362, 0.0870346, 0.97734, 0.000233874, 0.211674, -0.0206063, 0.995355, 0.0940419, -0.210669, -0.0962725, 0.972805)
    Left Arm.CFrame = CFrame.new(-0.220237, -0.0876107, 0.178631, -0.512936, 0.0337544, -0.857763, -0.347942, 0.90529, 0.243692, 0.78475, 0.42345, -0.452612)

[2]
    Time: 0.033333
    HumanoidRootPart.CFrame = CFrame.new(0, 0, 0, 1, 0, 0, 0, 1, 0, 0, 0, 1)
    Torso.CFrame = CFrame.new(-0.00937981, 0, 0, 0.952558, -0.295973, 0.0709442, 0.304115, 0.934867, -0.183132, -0.0121214, 0.196019, 0.980525)
    Left Leg.CFrame = CFrame.new(-0.758111, 0.136959, 0.0309724, 0.954384, 0.0388722, -0.29604, 0.00166644, 0.99078, 0.135468, 0.298577, -0.129782, 0.94552)
    Right Arm.CFrame = CFrame.new(0.163366, -0.729331, -0.460757, -0.946954, -0.298997, -0.117806, 0.314578, -0.787462, -0.530042, 0.0657137, -0.538985, 0.839748)
    Head.CFrame = CFrame.new(-3.72529e-09, -2.98023e-08, 1.19209e-07, 0.918604, -0.390586, 0.060079, 0.395034, 0.911717, -0.112785, -0.0107228, 0.127338, 0.991801)
    Right Leg.CFrame = CFrame.new(0.184267, -0.0222092, 0.0427998, 0.999618, -0.0018333, 0.0275668, -0.00129381, 0.993596, 0.112981, -0.0275974, -0.112973, 0.993215)
    Left Arm.CFrame = CFrame.new(-0.215239, -0.0973585, 0.18559, -0.540129, 0.0608509, -0.839379, -0.344442, 0.894037, 0.286457, 0.767867, 0.443841, -0.461936)

[3]
    Time: 0.066667
    HumanoidRootPart.CFrame = CFrame.new(0, 0, 0, 1, 0, 0, 0, 1, 0, 0, 0, 1)
    Torso.CFrame = CFrame.new(-0.0366788, -2.79397e-09, 6.98492e-10, 0.943825, -0.321322, 0.0771168, 0.330238, 0.925481, -0.185549, -0.0117489, 0.200593, 0.979604)
    Left Leg.CFrame = CFrame.new(-0.631418, 0.0957962, 0.0595484, 0.998755, 0.0411439, 0.0282048, -0.0438465, 0.993708, 0.103065, -0.023787, -0.104173, 0.994275)
    Right Arm.CFrame = CFrame.new(0.163366, -0.729331, -0.460757, -0.962759, -0.267104, -0.0418348, 0.231666, -0.735263, -0.636961, 0.139375, -0.622932, 0.76976)
    Head.CFrame = CFrame.new(2.6077e-08, -8.19564e-08, 1.19209e-07, 0.869031, -0.491097, 0.060079, 0.494745, 0.861689, -0.112785, 0.00361896, 0.127738, 0.991801)
    Right Leg.CFrame = CFrame.new(-0.0427665, -0.0784116, -0.0729078, 0.863433, 6.45816e-05, -0.504463, 0.0414143, 0.996615, 0.0710122, 0.502761, -0.0822065, 0.860508)
    Left Arm.CFrame = CFrame.new(-0.202165, -0.122856, 0.203793, -0.609159, 0.128407, -0.782583, -0.328998, 0.856964, 0.396702, 0.721585, 0.499123, -0.479782)

[4]
    Time: 0.100000
    HumanoidRootPart.CFrame = CFrame.new(0, 0, 0, 1, 0, 0, 0, 1, 0, 0, 0, 1)
    Torso.CFrame = CFrame.new(-0.0759228, 1.86265e-09, 3.25963e-09, 0.930011, -0.357303, 0.086105, 0.367367, 0.910728, -0.18872, -0.0109882, 0.207144, 0.978249)
    Left Leg.CFrame = CFrame.new(-0.373131, 0.00771379, 0.1207, 0.898578, 0.0809552, 0.431281, -0.0708668, 0.996706, -0.0394381, -0.433053, 0.00487451, 0.901355)
    Right Arm.CFrame = CFrame.new(0.163366, -0.729331, -0.460757, -0.969632, -0.240757, 0.0430222, 0.132524, -0.665063, -0.734935, 0.205553, -0.706914, 0.676772)
    Head.CFrame = CFrame.new(1.30385e-08, -1.11759e-08, 5.96046e-08, 0.808504, -0.585417, 0.060079, 0.588219, 0.800799, -0.112785, 0.0179151, 0.126527, 0.991801)
    Right Leg.CFrame = CFrame.new(-0.269798, -0.134614, -0.188617, 0.463057, -0.0681576, -0.883704, -0.0206714, 0.995937, -0.0876452, 0.886087, 0.0588524, 0.459767)
    Left Arm.CFrame = CFrame.new(-0.189091, -0.148354, 0.221995, -0.673924, 0.190245, -0.713886, -0.30508, 0.808384, 0.50343, 0.672869, 0.557065, -0.48675)

[5]
    Time: 0.133333
    HumanoidRootPart.CFrame = CFrame.new(0, 0, 0, 1, 0, 0, 0, 1, 0, 0, 0, 1)
    Torso.CFrame = CFrame.new(-0.115167, 3.72529e-09, 9.31323e-10, 0.914742, -0.392661, 0.0952092, 0.403916, 0.894523, -0.191523, -0.00996315, 0.213651, 0.976859)
    Left Leg.CFrame = CFrame.new(-0.2535, -0.0334494, 0.149276, 0.81486, 0.120988, 0.56689, -0.059786, 0.990301, -0.125415, -0.576566, 0.0683037, 0.814191)
    Right Arm.CFrame = CFrame.new(0.163366, -0.729331, -0.460757, -0.969473, -0.229645, 0.0859359, 0.0784355, -0.622511, -0.77867, 0.232314, -0.748159, 0.62152)
    Head.CFrame = CFrame.new(7.45058e-09, -3.72529e-09, 1.19209e-07, 0.782717, -0.619471, 0.060079, 0.621941, 0.774899, -0.112785, 0.023312, 0.125644, 0.991801)
    Right Leg.CFrame = CFrame.new(-0.356594, -0.1561, -0.232851, 0.294199, -0.128968, -0.947003, -0.0850518, 0.98339, -0.160346, 0.951952, 0.127718, 0.278343)
    Left Arm.CFrame = CFrame.new(-0.184093, -0.158102, 0.228954, -0.697311, 0.213889, -0.684112, -0.295585, 0.783693, 0.546311, 0.652983, 0.583162, -0.483255)

[6]
    Time: 0.200000
    HumanoidRootPart.CFrame = CFrame.new(0, 0, 0, 1, 0, 0, 0, 1, 0, 0, 0, 1)
    Torso.CFrame = CFrame.new(-0.151846, -2.23517e-08, 9.31323e-10, 0.899189, -0.42507, 0.103803, 0.437473, 0.878098, -0.193806, -0.00876854, 0.21968, 0.975533)
    Left Leg.CFrame = CFrame.new(-0.330468, -0.00364017, 0.127233, 0.820307, 0.101831, 0.562784, -0.0517435, 0.9932, -0.10429, -0.569578, 0.0564297, 0.819998)
    Right Arm.CFrame = CFrame.new(0.163366, -0.729331, -0.460757, -0.969145, -0.224789, 0.101135, 0.0528067, -0.590112, -0.805592, 0.240769, -0.775395, 0.583775)
    Right Leg.CFrame = CFrame.new(-0.356594, -0.1561, -0.232851, 0.295749, -0.138013, -0.945243, -0.0908713, 0.980956, -0.17166, 0.950934, 0.136664, 0.277576)
    Left Arm.CFrame = CFrame.new(-0.184093, -0.158103, 0.228954, -0.697343, 0.21849, -0.682623, -0.301404, 0.774705, 0.555867, 0.650283, 0.593376, -0.474381)

[7]
    Time: 0.333333
    HumanoidRootPart.CFrame = CFrame.new(0, 0, 0, 1, 0, 0, 0, 1, 0, 0, 0, 1)
    Torso.CFrame = CFrame.new(-0.151846, -2.23517e-08, 9.31323e-10, 0.899189, -0.42507, 0.103803, 0.437473, 0.878098, -0.193806, -0.00876854, 0.21968, 0.975533)
    Left Leg.CFrame = CFrame.new(-0.796502, 0.141828, -0.00441468, 0.875062, -0.106539, 0.472138, 0.0921393, 0.994303, 0.0535962, -0.475159, -0.00339711, 0.879894)
    Right Arm.CFrame = CFrame.new(0.163366, -0.729331, -0.460757, -0.968277, -0.21852, 0.121199, 0.0278369, -0.576339, -0.816737, 0.248325, -0.787453, 0.564139)
    Head.CFrame = CFrame.new(3.72529e-08, -5.21541e-08, -5.96046e-08, 0.782717, -0.619471, 0.060079, 0.621941, 0.774899, -0.112785, 0.023312, 0.125644, 0.991801)
    Right Leg.CFrame = CFrame.new(-0.356594, -0.1561, -0.232851, 0.282293, -0.123972, -0.951284, -0.0630292, 0.987076, -0.14734, 0.957255, 0.101552, 0.270831)
    Left Arm.CFrame = CFrame.new(-0.184093, -0.158103, 0.228954, -0.696223, 0.199424, -0.689568, -0.324759, 0.76919, 0.550344, 0.64016, 0.607105, -0.470764)

[8]
    Time: 0.383333
    HumanoidRootPart.CFrame = CFrame.new(0, 0, 0, 1, 0, 0, 0, 1, 0, 0, 0, 1)
    Torso.CFrame = CFrame.new(-0.26206, 1.49012e-08, 0, 0.928642, -0.361869, 0.0816979, 0.37067, 0.914045, -0.164699, -0.0150759, 0.18323, 0.982955)
    Left Leg.CFrame = CFrame.new(-0.779813, 0.00746131, -0.0585589, 0.986083, -0.141387, -0.0874648, 0.15268, 0.978331, 0.139846, 0.0657974, -0.151254, 0.986303)
    Right Arm.CFrame = CFrame.new(0.156542, -0.683533, -0.476007, -0.950692, -0.0767586, 0.300488, -0.151087, -0.731514, -0.664876, 0.270846, -0.677492, 0.683847)
    Head.CFrame = CFrame.new(2.98023e-08, -4.47035e-08, -5.96046e-08, 0.927189, -0.369746, 0.0600791, 0.374348, 0.920404, -0.112785, -0.0135951, 0.127064, 0.991801)
    Right Leg.CFrame = CFrame.new(0.0581216, -0.053436, -0.0214898, 0.962815, -0.000140849, -0.270163, 0.0255305, 0.995572, 0.0904674, 0.268955, -0.0940008, 0.958555)
    Left Arm.CFrame = CFrame.new(-0.183627, -0.175293, 0.203703, -0.696188, 0.114674, -0.708641, -0.302649, 0.848251, 0.434597, 0.650942, 0.517031, -0.555836)

[9]
    Time: 0.416667
    HumanoidRootPart.CFrame = CFrame.new(0, 0, 0, 1, 0, 0, 0, 1, 0, 0, 0, 1)
    Torso.CFrame = CFrame.new(-0.352405, 7.45058e-09, 1.30385e-08, 0.941877, -0.328336, 0.0711629, 0.335516, 0.930168, -0.149055, -0.0172534, 0.164267, 0.986265)
    Left Leg.CFrame = CFrame.new(-0.646669, -0.00490725, -0.0165578, 0.915257, -0.0703494, -0.396681, 0.12205, 0.986782, 0.106604, 0.383938, -0.145985, 0.911746)
    Right Arm.CFrame = CFrame.new(0.153037, -0.660016, -0.483838, -0.928662, 0.010931, 0.370766, -0.226494, -0.808293, -0.543473, 0.293746, -0.588679, 0.753107)
    Head.CFrame = CFrame.new(-2.98023e-08, -2.23517e-08, -5.96046e-08, 0.971699, -0.228456, 0.0600791, 0.234012, 0.96567, -0.112785, -0.0322501, 0.123652, 0.991801)
    Right Leg.CFrame = CFrame.new(0.271061, -0.000724077, 0.0870347, 0.978758, 0.00218177, 0.20501, -0.0151471, 0.99798, 0.0616936, -0.204461, -0.0634881, 0.976814)
    Left Arm.CFrame = CFrame.new(-0.183388, -0.184119, 0.190738, -0.697311, 0.0650538, -0.713811, -0.295585, 0.881151, 0.369057, 0.652983, 0.468339, -0.595207)

[10]
    Time: 0.550000
    HumanoidRootPart.CFrame = CFrame.new(0, 0, 0, 1, 0, 0, 0, 1, 0, 0, 0, 1)
    Torso.CFrame = CFrame.new(-0.451742, 2.98023e-08, 2.04891e-08, 0.941877, -0.328336, 0.0711629, 0.335516, 0.930168, -0.149055, -0.0172534, 0.164267, 0.986265)
    Left Leg.CFrame = CFrame.new(-0.646669, -0.0049063, -0.0165575, 0.913822, -0.0560241, -0.402232, 0.124264, 0.981508, 0.145604, 0.386637, -0.183039, 0.903885)
    Right Arm.CFrame = CFrame.new(0.153038, -0.660016, -0.483838, -0.93723, -0.0071936, 0.348639, -0.176696, -0.852138, -0.492585, 0.300632, -0.523268, 0.797377)
    Right Leg.CFrame = CFrame.new(0.271061, -0.000723243, 0.087035, 0.978758, 0.00218166, 0.205009, -0.015147, 0.99798, 0.0616935, -0.204461, -0.0634881, 0.976814)
    Left Arm.CFrame = CFrame.new(-0.183388, -0.184119, 0.190737, -0.695565, 0.0466809, -0.716945, -0.339668, 0.857958, 0.385401, 0.633099, 0.511595, -0.580909)

[11]
    Time: 0.716667
    HumanoidRootPart.CFrame = CFrame.new(0, 0, 0, 1, 0, 0, 0, 1, 0, 0, 0, 1)
    Torso.CFrame = CFrame.new(-0.451742, 2.98023e-08, 2.04891e-08, 0.941877, -0.328336, 0.0711629, 0.335516, 0.930168, -0.149055, -0.0172534, 0.164267, 0.986265)
    Left Leg.CFrame = CFrame.new(-0.646669, -0.0049063, -0.0165575, 0.913822, -0.0560241, -0.402232, 0.124264, 0.981508, 0.145604, 0.386637, -0.183039, 0.903885)
    Right Arm.CFrame = CFrame.new(0.153038, -0.660016, -0.483838, -0.93723, -0.0071936, 0.348639, -0.176696, -0.852138, -0.492585, 0.300632, -0.523268, 0.797377)
    Right Leg.CFrame = CFrame.new(0.271061, -0.000723243, 0.087035, 0.978758, 0.00218166, 0.205009, -0.015147, 0.99798, 0.0616935, -0.204461, -0.0634881, 0.976814)
    Left Arm.CFrame = CFrame.new(-0.183388, -0.184119, 0.190737, -0.695565, 0.0466809, -0.716945, -0.339668, 0.857958, 0.385401, 0.633099, 0.511595, -0.580909)

[12]
    Time: 0.750000
    HumanoidRootPart.CFrame = CFrame.new(0, 0, 0, 1, 0, 0, 0, 1, 0, 0, 0, 1)
    Torso.CFrame = CFrame.new(-0.451741, -2.98023e-08, -9.31323e-09, 0.934186, -0.347922, 0.0790331, 0.356339, 0.920916, -0.157912, -0.0178418, 0.175682, 0.984285)
    Left Leg.CFrame = CFrame.new(-0.548111, -0.0278971, -0.013805, 0.969109, -0.0266197, -0.24519, 0.070981, 0.982199, 0.173914, 0.236196, -0.185946, 0.953748)
    Right Arm.CFrame = CFrame.new(0.153038, -0.660016, -0.483838, -0.932979, -0.0278064, 0.358855, -0.182067, -0.82359, -0.537169, 0.310486, -0.566504, 0.763329)
    Right Leg.CFrame = CFrame.new(0.141309, -0.0253394, 0.0380868, 0.999829, 0.00572849, -0.01761, -0.00410333, 0.995843, 0.0909891, 0.0180581, -0.0909012, 0.995696)
    Left Arm.CFrame = CFrame.new(-0.18671, -0.211664, 0.187327, -0.694479, 0.0364216, -0.71859, -0.356888, 0.849764, 0.387984, 0.624763, 0.525903, -0.577145)

[13]
    Time: 0.783333
    HumanoidRootPart.CFrame = CFrame.new(0, 0, 0, 1, 0, 0, 0, 1, 0, 0, 0, 1)
    Torso.CFrame = CFrame.new(-0.451741, 2.98023e-08, 2.98023e-08, 0.913582, -0.394439, 0.0989287, 0.406248, 0.896135, -0.17862, -0.0181986, 0.203374, 0.978932)
    Left Leg.CFrame = CFrame.new(-0.308585, -0.0837702, -0.00711447, 0.981532, 0.0427738, 0.186455, -0.0679458, 0.98908, 0.13078, -0.178825, -0.141034, 0.97372)
    Right Arm.CFrame = CFrame.new(0.153037, -0.660016, -0.483838, -0.920787, -0.0831351, 0.381103, -0.20031, -0.737578, -0.644868, 0.334704, -0.670125, 0.662499)
    Right Leg.CFrame = CFrame.new(-0.174029, -0.0851653, -0.0808722, 0.811204, 0.013103, -0.584616, 0.0288004, 0.99764, 0.0623231, 0.584054, -0.0673938, 0.808913)
    Left Arm.CFrame = CFrame.new(-0.194784, -0.278608, 0.179039, -0.690781, 0.0102985, -0.722991, -0.400485, 0.827068, 0.394424, 0.602024, 0.562008, -0.567198)

[14]
    Time: 0.833333
    HumanoidRootPart.CFrame = CFrame.new(0, 0, 0, 1, 0, 0, 0, 1, 0, 0, 0, 1)
    Torso.CFrame = CFrame.new(-0.451741, -1.49012e-08, 1.49012e-08, 0.893275, -0.433945, 0.117269, 0.44918, 0.871719, -0.195814, -0.0172534, 0.227591, 0.973604)
    Left Leg.CFrame = CFrame.new(-0.0977965, -0.13294, -0.0012272, 0.839147, 0.112963, 0.532044, -0.114351, 0.992973, -0.0304702, -0.531748, -0.035271, 0.846168)
    Right Arm.CFrame = CFrame.new(0.153037, -0.660016, -0.483838, -0.902376, -0.15148, 0.403449, -0.235709, -0.610255, -0.756327, 0.360775, -0.777588, 0.514974)
    Right Leg.CFrame = CFrame.new(-0.451531, -0.137813, -0.185558, 0.398778, -0.0505432, -0.915653, -0.0276387, 0.997364, -0.0670902, 0.916631, 0.0520615, 0.396331)
    Left Arm.CFrame = CFrame.new(-0.201889, -0.337519, 0.171746, -0.684879, -0.0192282, -0.728403, -0.449977, 0.797424, 0.402039, 0.573116, 0.603113, -0.554791)

[15]
    Time: 1.150000
    HumanoidRootPart.CFrame = CFrame.new(0, 0, 0, 1, 0, 0, 0, 1, 0, 0, 0, 1)
    Torso.CFrame = CFrame.new(-0.642361, 1.49012e-08, 2.98023e-08, 0.893275, -0.433945, 0.117269, 0.44918, 0.871719, -0.195814, -0.0172534, 0.227591, 0.973604)
    Left Leg.CFrame = CFrame.new(-0.0977963, -0.13294, -0.0012272, 0.839147, 0.112963, 0.532044, -0.114351, 0.992973, -0.0304703, -0.531748, -0.035271, 0.846168)
    Right Arm.CFrame = CFrame.new(0.153037, -0.660016, -0.483838, -0.873101, -0.122701, 0.471846, -0.35933, -0.492155, -0.792884, 0.329509, -0.861817, 0.385611)
    Head.CFrame = CFrame.new(5.58794e-09, 8.19564e-08, 0, 0.971699, -0.228456, 0.0600791, 0.234012, 0.96567, -0.112785, -0.0322501, 0.123652, 0.991801)
    Right Leg.CFrame = CFrame.new(-0.451531, -0.137812, -0.185558, 0.398779, -0.0505431, -0.915653, -0.0276388, 0.997364, -0.0670902, 0.916631, 0.0520616, 0.396331)
    Left Arm.CFrame = CFrame.new(-0.201889, -0.33752, 0.171746, -0.680295, -0.0367968, -0.732014, -0.481055, 0.775932, 0.408063, 0.552978, 0.629742, -0.545564)

[16]
    Time: 1.200000
    HumanoidRootPart.CFrame = CFrame.new(0, 0, 0, 1, 0, 0, 0, 1, 0, 0, 0, 1)
    Torso.CFrame = CFrame.new(-0.681558, -0.0152846, 0.0732151, 0.950544, -0.296519, 0.0924335, 0.309426, 0.92983, -0.199177, -0.0268879, 0.217927, 0.975595)
    Left Leg.CFrame = CFrame.new(-0.108131, -0.200672, 0.102439, 0.877127, 0.0872422, 0.472268, -0.0809662, 0.996149, -0.0336432, -0.473385, -0.0087285, 0.880812)
    Right Arm.CFrame = CFrame.new(-0.0301991, -0.531973, -0.201468, -0.869007, -0.408889, 0.278635, 0.253265, -0.85134, -0.459432, 0.425069, -0.328681, 0.843377)
    Head.CFrame = CFrame.new(7.54371e-08, 4.84288e-08, 2.38419e-07, 0.987157, -0.157334, 0.0276817, 0.159033, 0.984261, -0.0770578, -0.0151221, 0.0804705, 0.996642)
    Right Leg.CFrame = CFrame.new(-0.270662, -0.020008, -0.0458093, 0.515037, 0.0226114, -0.85687, -0.0606369, 0.998109, -0.0101083, 0.855021, 0.0571643, 0.515434)
    Left Arm.CFrame = CFrame.new(-0.154984, -0.23892, 0.285307, -0.656923, 0.0608295, -0.7515, -0.478451, 0.7367, 0.477869, 0.582698, 0.673479, -0.454851)

[17]
    Time: 1.233333
    HumanoidRootPart.CFrame = CFrame.new(0, 0, 0, 1, 0, 0, 0, 1, 0, 0, 0, 1)
    Torso.CFrame = CFrame.new(-0.749369, -0.035435, 0.169738, 0.99286, -0.103547, 0.0592186, 0.113342, 0.973674, -0.197767, -0.0371813, 0.203067, 0.978459)
    Left Leg.CFrame = CFrame.new(-0.121758, -0.289966, 0.239106, 0.910081, 0.0452971, 0.411948, -0.0221032, 0.997899, -0.0608967, -0.413841, 0.0463155, 0.90917)
    Right Arm.CFrame = CFrame.new(-0.271768, -0.363167, 0.170793, -0.43903, -0.793507, 0.421426, 0.817993, -0.158977, 0.552823, -0.371672, 0.58743, 0.718879)
    Head.CFrame = CFrame.new(1.95578e-08, -1.30385e-07, 4.76837e-07, 0.998137, -0.0600275, -0.0109547, 0.0597257, 0.997875, -0.0260606, 0.0124958, 0.0253578, 0.9996)
    Right Leg.CFrame = CFrame.new(-0.0322117, 0.135299, 0.13843, 0.663227, 0.0918668, -0.742758, -0.0987725, 0.994501, 0.0348072, 0.741872, 0.0502788, 0.668654)
    Left Arm.CFrame = CFrame.new(-0.0931476, -0.108931, 0.435019, -0.622102, 0.191411, -0.759178, -0.479671, 0.673187, 0.562792, 0.618793, 0.71427, -0.326977)

[18]
    Time: 1.283333
    HumanoidRootPart.CFrame = CFrame.new(0, 0, 0, 1, 0, 0, 0, 1, 0, 0, 0, 1)
    Torso.CFrame = CFrame.new(-0.865896, -0.0507196, 0.242953, 0.998368, 0.0452979, 0.0347801, -0.0377923, 0.980605, -0.192314, -0.042817, 0.190686, 0.980717)
    Left Leg.CFrame = CFrame.new(-0.132094, -0.357699, 0.342771, 0.921384, 0.00813569, 0.388568, 0.0340017, 0.99426, -0.101443, -0.387163, 0.106679, 0.915819)
    Right Arm.CFrame = CFrame.new(-0.455005, -0.235124, 0.453163, -0.238011, -0.690795, 0.682754, 0.474793, 0.530487, 0.70225, -0.847303, 0.49131, 0.201723)
    Head.CFrame = CFrame.new(5.40167e-08, -6.51926e-08, -5.96046e-08, 0.999208, 0.0153489, -0.0367257, -0.0148067, 0.999778, 0.0149902, 0.0369476, -0.0144345, 0.999213)
    Right Leg.CFrame = CFrame.new(0.148658, 0.253103, 0.278179, 0.764577, 0.123066, -0.632674, -0.117115, 0.991788, 0.051389, 0.633803, 0.0348046, 0.772711)
    Left Arm.CFrame = CFrame.new(-0.0462431, -0.0103319, 0.54858, -0.593359, 0.289221, -0.751183, -0.484102, 0.617362, 0.620088, 0.643094, 0.731584, -0.226305)

[19]
    Time: 1.366667
    HumanoidRootPart.CFrame = CFrame.new(0, 0, 0, 1, 0, 0, 0, 1, 0, 0, 0, 1)
    Torso.CFrame = CFrame.new(-1.08259, -0.0507196, 0.242953, 0.998368, 0.0452979, 0.0347801, -0.0377923, 0.980605, -0.192314, -0.042817, 0.190686, 0.980717)
    Left Leg.CFrame = CFrame.new(-0.132094, -0.3577, 0.342771, 0.921384, 0.0081357, 0.388568, 0.0340017, 0.99426, -0.101443, -0.387163, 0.10668, 0.915819)
    Right Arm.CFrame = CFrame.new(-0.455005, -0.235124, 0.453162, -0.238011, -0.690795, 0.682754, 0.474793, 0.530487, 0.70225, -0.847303, 0.49131, 0.201723)
    Head.CFrame = CFrame.new(5.02914e-08, -8.00937e-08, -2.38419e-07, 0.999208, 0.0153489, -0.0367257, -0.0148067, 0.999778, 0.0149902, 0.0369476, -0.0144345, 0.999213)
    Right Leg.CFrame = CFrame.new(0.148659, 0.253103, 0.278179, 0.764405, 0.122664, -0.63296, -0.116952, 0.991829, 0.0509717, 0.634041, 0.0350634, 0.772504)
    Left Arm.CFrame = CFrame.new(-0.0462432, -0.0103322, 0.54858, -0.593359, 0.289221, -0.751183, -0.484102, 0.617362, 0.620088, 0.643094, 0.731584, -0.226305)

[20]
    Time: 1.416667
    HumanoidRootPart.CFrame = CFrame.new(0, 0, 0, 1, 0, 0, 0, 1, 0, 0, 0, 1)
    Torso.CFrame = CFrame.new(-1.21524, 0.0195123, 0.119371, 0.984091, 0.176633, -0.0191316, -0.173419, 0.931574, -0.319525, -0.0386162, 0.31776, 0.947385)
    Left Leg.CFrame = CFrame.new(-0.161523, -0.181791, 0.301611, 0.922427, 0.165743, 0.348795, -0.152849, 0.98615, -0.0643799, -0.354635, 0.00607271, 0.934985)
    Right Arm.CFrame = CFrame.new(-0.449451, -0.247293, 0.380236, -0.23377, -0.857976, 0.457415, 0.662861, 0.203539, 0.720546, -0.711313, 0.471645, 0.521138)
    Head.CFrame = CFrame.new(1.49012e-08, -5.40167e-08, 3.57628e-07, 0.998782, 0.00703851, -0.0488268, -0.00639261, 0.99989, 0.0133724, 0.0489156, -0.013044, 0.998718)
    Right Leg.CFrame = CFrame.new(0.0865819, 0.0545989, 0.233386, 0.767871, -0.0740131, -0.636314, 0.0325848, 0.99653, -0.0765895, 0.639775, 0.0380773, 0.767619)
    Left Arm.CFrame = CFrame.new(0.111208, -0.0389157, 0.548284, -0.582154, 0.607997, -0.539849, -0.371356, 0.391838, 0.841758, 0.72332, 0.690509, -0.00232646)

[21]
    Time: 1.466667
    HumanoidRootPart.CFrame = CFrame.new(0, 0, 0, 1, 0, 0, 0, 1, 0, 0, 0, 1)
    Torso.CFrame = CFrame.new(-1.32388, 0.13876, -0.114585, 0.92219, 0.353644, -0.156528, -0.381456, 0.76511, -0.518747, -0.0636906, 0.538092, 0.840477)
    Left Leg.CFrame = CFrame.new(-0.249936, 0.183076, 0.238203, 0.883208, 0.355843, 0.305482, -0.380483, 0.924499, 0.023141, -0.274184, -0.136669, 0.951917)
    Right Arm.CFrame = CFrame.new(-0.406125, -0.230484, 0.23699, -0.450566, -0.890387, -0.0648154, 0.794398, -0.433, 0.425962, -0.407336, 0.140435, 0.902416)
    Head.CFrame = CFrame.new(-1.63913e-07, 1.68104e-07, 0, 0.9968, -0.00564368, -0.0797429, 0.00576261, 0.999983, 0.00126186, 0.0797344, -0.00171736, 0.996815)
    Right Leg.CFrame = CFrame.new(-0.00565141, -0.254017, 0.19419, 0.631187, -0.475531, -0.612758, 0.258219, 0.873778, -0.41211, 0.731386, 0.101893, 0.674309)
    Left Arm.CFrame = CFrame.new(0.345149, -0.10218, 0.52705, -0.548979, 0.833419, 0.0635182, -0.240877, -0.23052, 0.942782, 0.800375, 0.502268, 0.327302)

[22]
    Time: 1.500000
    HumanoidRootPart.CFrame = CFrame.new(0, 0, 0, 1, 0, 0, 0, 1, 0, 0, 0, 1)
    Torso.CFrame = CFrame.new(-1.36179, 0.16715, -0.201735, 0.90678, 0.367148, -0.207252, -0.416343, 0.702375, -0.577346, -0.0664029, 0.609813, 0.789759)
    Left Leg.CFrame = CFrame.new(-0.325184, 0.360211, 0.233363, 0.869258, 0.393823, 0.298821, -0.423881, 0.904808, 0.0405844, -0.254392, -0.161943, 0.953446)
    Right Arm.CFrame = CFrame.new(-0.347143, -0.174542, 0.175035, -0.626107, -0.729367, -0.275706, 0.684627, -0.683458, 0.253319, -0.373196, -0.0301504, 0.927262)
    Head.CFrame = CFrame.new(2.23517e-08, 1.80677e-07, 1.19209e-07, 0.994794, -0.00754717, -0.101626, 0.00581916, 0.999834, -0.0172897, 0.10174, 0.0166082, 0.994672)
    Right Leg.CFrame = CFrame.new(-0.0123454, -0.292984, 0.233129, 0.569981, -0.575579, -0.58637, 0.242307, 0.799653, -0.549402, 0.785117, 0.171067, 0.595254)
    Left Arm.CFrame = CFrame.new(0.359693, -0.128547, 0.483346, -0.650422, 0.705784, 0.280751, -0.179503, -0.501971, 0.846052, 0.738059, 0.499895, 0.453183)

[23]
    Time: 1.533333
    HumanoidRootPart.CFrame = CFrame.new(0, 0, 0, 1, 0, 0, 0, 1, 0, 0, 0, 1)
    Torso.CFrame = CFrame.new(-1.38768, 0.176623, -0.266877, 0.898031, 0.363691, -0.247527, -0.435978, 0.660449, -0.611334, -0.0588576, 0.656913, 0.751665)
    Left Leg.CFrame = CFrame.new(-0.440574, 0.550228, 0.255997, 0.877944, 0.371547, 0.301937, -0.400605, 0.915448, 0.0383418, -0.262162, -0.15462, 0.952556)
    Right Arm.CFrame = CFrame.new(-0.24098, -0.0739642, 0.106035, -0.798465, -0.364563, -0.479111, 0.390389, -0.919348, 0.0489416, -0.458312, -0.147961, 0.876389)
    Head.CFrame = CFrame.new(-4.47035e-08, 1.49012e-07, 2.38419e-07, 0.991156, -0.0108898, -0.132257, 0.0022262, 0.997852, -0.0654781, 0.132686, 0.0646047, 0.989051)
    Right Leg.CFrame = CFrame.new(-0.00675052, -0.277899, 0.306069, 0.549908, -0.619515, -0.56018, 0.209824, 0.751654, -0.625293, 0.80844, 0.226314, 0.54333)
    Left Arm.CFrame = CFrame.new(0.325662, -0.10088, 0.349361, -0.781327, 0.364987, 0.506274, 0.0623818, -0.761445, 0.645221, 0.620997, 0.535711, 0.572169)

[24]
    Time: 1.566667
    HumanoidRootPart.CFrame = CFrame.new(0, 0, 0, 1, 0, 0, 0, 1, 0, 0, 0, 1)
    Torso.CFrame = CFrame.new(-1.40193, 0.177601, -0.311678, 0.891342, 0.357097, -0.27927, -0.450955, 0.635443, -0.626779, -0.0463609, 0.684612, 0.727432)
    Left Leg.CFrame = CFrame.new(-0.574148, 0.733726, 0.295628, 0.898118, 0.310988, 0.310918, -0.336116, 0.941364, 0.0293275, -0.283568, -0.130844, 0.949984)
    Right Arm.CFrame = CFrame.new(-0.110722, 0.0474133, 0.0361185, -0.790749, 0.157235, -0.591602, -0.0341882, -0.976284, -0.213778, -0.611185, -0.148819, 0.777371)
    Head.CFrame = CFrame.new(0, -5.96046e-08, 5.96046e-08, 0.985973, -0.0170891, -0.166028, -0.0050207, 0.991258, -0.131845, 0.16683, 0.130829, 0.977267)
    Right Leg.CFrame = CFrame.new(0.00463331, -0.236641, 0.39159, 0.55406, -0.633892, -0.539627, 0.194873, 0.728969, -0.656223, 0.809347, 0.258428, 0.527422)
    Left Arm.CFrame = CFrame.new(0.26135, -0.0304446, 0.156355, -0.761684, -0.143836, 0.631782, 0.435305, -0.835827, 0.334519, 0.479944, 0.529815, 0.699249)

[25]
    Time: 1.600000
    HumanoidRootPart.CFrame = CFrame.new(0, 0, 0, 1, 0, 0, 0, 1, 0, 0, 0, 1)
    Torso.CFrame = CFrame.new(-1.40665, 0.181677, -0.333632, 0.887591, 0.351688, -0.297486, -0.459281, 0.626234, -0.629994, -0.0352648, 0.695806, 0.717363)
    Left Leg.CFrame = CFrame.new(-0.67423, 0.857374, 0.330416, 0.912002, 0.257953, 0.318924, -0.279528, 0.959862, 0.0229839, -0.300195, -0.11011, 0.947501)
    Right Arm.CFrame = CFrame.new(-0.0103329, 0.140233, -0.0124879, -0.627726, 0.51589, -0.582939, -0.323502, -0.854017, -0.407433, -0.70803, -0.0671738, 0.70298)
    Head.CFrame = CFrame.new(9.68575e-08, -1.93715e-07, -3.57628e-07, 0.981383, -0.022881, -0.190695, -0.0130824, 0.982609, -0.185227, 0.191617, 0.184273, 0.964016)
    Right Leg.CFrame = CFrame.new(0.0193957, -0.196702, 0.456078, 0.566224, -0.634867, -0.525675, 0.197129, 0.723557, -0.661518, 0.800332, 0.270941, 0.534846)
    Left Arm.CFrame = CFrame.new(0.186655, 0.0369009, -0.0026349, -0.61535, -0.516902, 0.59511, 0.690927, -0.717102, 0.0915646, 0.379425, 0.467522, 0.798411)

[26]
    Time: 1.633333
    HumanoidRootPart.CFrame = CFrame.new(0, 0, 0, 1, 0, 0, 0, 1, 0, 0, 0, 1)
    Torso.CFrame = CFrame.new(-1.40719, 0.197737, -0.339052, 0.886546, 0.349831, -0.302745, -0.461593, 0.624858, -0.62967, -0.0311055, 0.697976, 0.715445)
    Left Leg.CFrame = CFrame.new(-0.708495, 0.897211, 0.343246, 0.915036, 0.244255, 0.321012, -0.264884, 0.96404, 0.0215166, -0.304213, -0.10472, 0.946831)
    Right Arm.CFrame = CFrame.new(0.0245417, 0.17235, -0.0284483, -0.546125, 0.620411, -0.562883, -0.403231, -0.783661, -0.472527, -0.73427, -0.0310863, 0.678145)
    Head.CFrame = CFrame.new(1.19209e-07, -7.45058e-08, 8.9407e-08, 0.979547, -0.0240758, -0.199771, -0.0176819, 0.978676, -0.204647, 0.200438, 0.203994, 0.958233)
    Right Leg.CFrame = CFrame.new(0.0341882, -0.181398, 0.478232, 0.574419, -0.637472, -0.51349, 0.207289, 0.720144, -0.662137, 0.79188, 0.273903, 0.545805)
    Left Arm.CFrame = CFrame.new(0.122663, 0.0625887, -0.0596636, -0.544668, -0.65842, 0.519442, 0.770769, -0.637115, 0.000624821, 0.330533, 0.40071, 0.854506)

[27]
    Time: 1.666667
    HumanoidRootPart.CFrame = CFrame.new(0, 0, 0, 1, 0, 0, 0, 1, 0, 0, 0, 1)
    Torso.CFrame = CFrame.new(-1.30664, 0.488508, -0.319943, 0.897687, 0.440614, 0.00406999, -0.423421, 0.865141, -0.268786, -0.121952, 0.239563, 0.963191)
    Left Leg.CFrame = CFrame.new(-0.623103, 0.688832, 0.38882, 0.938907, -0.180389, 0.293111, 0.108278, 0.963216, 0.24595, -0.326697, -0.199187, 0.923902)
    Right Arm.CFrame = CFrame.new(-0.0259176, 0.0798118, -0.00544468, -0.4756, -0.786442, -0.394099, 0.566472, -0.616567, 0.546767, -0.672989, 0.0367963, 0.738737)
    Head.CFrame = CFrame.new(1.78814e-07, 2.01166e-07, 5.96046e-08, 0.979419, 0.0491208, -0.195768, -0.0185617, 0.987744, 0.154975, 0.200981, -0.148152, 0.968327)
    Right Leg.CFrame = CFrame.new(0.0668434, -0.0379918, 0.0982843, 0.737449, -0.112907, -0.665898, -0.0516577, 0.973611, -0.22229, 0.673424, 0.198326, 0.712156)
    Left Arm.CFrame = CFrame.new(0.0141283, 0.0727898, -0.0348984, -0.751488, 0.649972, 0.113146, -0.367331, -0.554669, 0.746599, 0.548027, 0.519498, 0.655582)

[28]
    Time: 1.716667
    HumanoidRootPart.CFrame = CFrame.new(0, 0, 0, 1, 0, 0, 0, 1, 0, 0, 0, 1)
    Torso.CFrame = CFrame.new(-1.21851, 0.725997, -0.303111, 0.88141, 0.380108, 0.280419, -0.424081, 0.898242, 0.115398, -0.20802, -0.220633, 0.952916)
    Left Leg.CFrame = CFrame.new(-0.54826, 0.506197, 0.428763, 0.809247, -0.561342, 0.173245, 0.44737, 0.779991, 0.437578, -0.380761, -0.276605, 0.882333)
    Right Arm.CFrame = CFrame.new(-0.0701418, -0.00129336, 0.0147169, 0.426859, -0.702148, 0.569894, 0.555471, 0.700874, 0.447468, -0.713613, 0.125554, 0.689197)
    Head.CFrame = CFrame.new(5.21541e-08, -5.96046e-08, 0, 0.979523, 0.106866, -0.170627, -0.0178015, 0.890151, 0.455318, 0.200542, -0.442957, 0.873826)
    Right Leg.CFrame = CFrame.new(0.0848329, 0.0876965, -0.234724, 0.462445, 0.498381, -0.733322, -0.442747, 0.846376, 0.296011, 0.768193, 0.187787, 0.61206)
    Left Arm.CFrame = CFrame.new(-0.0394824, 0.0917562, -0.00316742, 0.278321, 0.728074, -0.626455, -0.602252, 0.640369, 0.476677, 0.748218, 0.244615, 0.616712)

[29]
    Time: 1.766667
    HumanoidRootPart.CFrame = CFrame.new(0, 0, 0, 1, 0, 0, 0, 1, 0, 0, 0, 1)
    Torso.CFrame = CFrame.new(-1.20608, 0.759106, -0.300668, 0.877749, 0.361962, 0.31391, -0.426271, 0.889097, 0.166733, -0.218746, -0.28016, 0.934698)
    Left Leg.CFrame = CFrame.new(-0.537711, 0.480454, 0.434394, 0.780558, -0.606827, 0.149966, 0.488192, 0.741647, 0.46003, -0.390381, -0.285868, 0.875147)
    Right Arm.CFrame = CFrame.new(-0.0763758, -0.0127258, 0.0175587, 0.48865, -0.603639, 0.629954, 0.491437, 0.787022, 0.372943, -0.72091, 0.127344, 0.681228)
    Head.CFrame = CFrame.new(1.04308e-07, 2.98023e-08, -1.78814e-07, 0.979547, 0.114057, -0.165769, -0.0176818, 0.869435, 0.49373, 0.200438, -0.480701, 0.853669)
    Right Leg.CFrame = CFrame.new(0.0871432, 0.105414, -0.281663, 0.393789, 0.567419, -0.723164, -0.46724, 0.801075, 0.374121, 0.791591, 0.190566, 0.580575)
    Left Arm.CFrame = CFrame.new(-0.0461603, 0.102952, 0.0098277, 0.369954, 0.651626, -0.662206, -0.549338, 0.728255, 0.409722, 0.74924, 0.212197, 0.627384)

[30]
    Time: 1.816667
    HumanoidRootPart.CFrame = CFrame.new(0, 0, 0, 1, 0, 0, 0, 1, 0, 0, 0, 1)
    Torso.CFrame = CFrame.new(-1.21955, 0.733845, -0.300415, 0.877587, 0.387886, 0.281753, -0.428141, 0.898541, 0.0965363, -0.215722, -0.205349, 0.954618)
    Left Leg.CFrame = CFrame.new(-0.537711, 0.480453, 0.434393, 0.819734, -0.545197, 0.175487, 0.431184, 0.789119, 0.437461, -0.376983, -0.282935, 0.881948)
    Right Arm.CFrame = CFrame.new(-0.045634, 0.00415787, 0.0115516, 0.314308, -0.808526, 0.49749, 0.654757, 0.564086, 0.503091, -0.687389, 0.167609, 0.706685)
    Right Leg.CFrame = CFrame.new(0.0871434, 0.105413, -0.281663, 0.427057, 0.48582, -0.762628, -0.427508, 0.851669, 0.303146, 0.796781, 0.196569, 0.571403)
    Left Arm.CFrame = CFrame.new(-0.0135047, 0.269774, 0.00878789, 0.197545, 0.840118, -0.505151, -0.590293, 0.513352, 0.622916, 0.782643, 0.175133, 0.597326)

[31]
    Time: 1.850000
    HumanoidRootPart.CFrame = CFrame.new(0, 0, 0, 1, 0, 0, 0, 1, 0, 0, 0, 1)
    Torso.CFrame = CFrame.new(-1.2225, 0.728316, -0.300409, 0.877332, 0.393491, 0.274689, -0.428918, 0.899694, 0.0811183, -0.215217, -0.188987, 0.958105)
    Left Leg.CFrame = CFrame.new(-0.537711, 0.480453, 0.434393, 0.827701, -0.531303, 0.180634, 0.418302, 0.798712, 0.43253, -0.374079, -0.282446, 0.88334)
    Right Arm.CFrame = CFrame.new(-0.0389061, 0.00785367, 0.0102375, 0.270302, -0.843691, 0.463812, 0.682665, 0.507656, 0.525598, -0.6789, 0.174558, 0.713179)
    Right Leg.CFrame = CFrame.new(0.0871438, 0.105413, -0.281663, 0.433584, 0.467441, -0.770392, -0.418675, 0.861553, 0.28712, 0.797945, 0.198053, 0.569261)
    Left Arm.CFrame = CFrame.new(-0.00635809, 0.300236, 0.00251099, 0.158836, 0.872078, -0.462872, -0.591963, 0.459328, 0.662267, 0.790159, 0.168811, 0.589196)

[32]
    Time: 2.066667
    HumanoidRootPart.CFrame = CFrame.new(0, 0, 0, 1, 0, 0, 0, 1, 0, 0, 0, 1)
    Torso.CFrame = CFrame.new(-1.2225, 0.728316, -0.300409, 0.877332, 0.393491, 0.274689, -0.428918, 0.899694, 0.0811183, -0.215217, -0.188987, 0.958105)
    Left Leg.CFrame = CFrame.new(-0.537711, 0.480453, 0.434393, 0.827701, -0.531303, 0.180634, 0.418302, 0.798712, 0.43253, -0.374079, -0.282446, 0.88334)
    Right Arm.CFrame = CFrame.new(-0.0389061, 0.00785367, 0.0102375, 0.270302, -0.843691, 0.463812, 0.682665, 0.507656, 0.525598, -0.6789, 0.174558, 0.713179)
    Head.CFrame = CFrame.new(-4.47035e-08, -1.93715e-07, 2.38419e-07, 0.979547, 0.114057, -0.165769, -0.0176818, 0.869435, 0.49373, 0.200438, -0.480701, 0.853669)
    Right Leg.CFrame = CFrame.new(0.0871438, 0.105413, -0.281663, 0.433584, 0.467441, -0.770392, -0.418675, 0.861553, 0.28712, 0.797945, 0.198053, 0.569261)
    Left Arm.CFrame = CFrame.new(-0.00635809, 0.300236, 0.00251099, 0.158836, 0.872078, -0.462872, -0.591963, 0.459328, 0.662267, 0.790159, 0.168811, 0.589196)

[33]
    Time: 2.133333
    HumanoidRootPart.CFrame = CFrame.new(0, 0, 0, 1, 0, 0, 0, 1, 0, 0, 0, 1)
    Torso.CFrame = CFrame.new(-0.996047, 0.698788, -0.203672, 0.877578, 0.417763, 0.235224, -0.430152, 0.902755, 0.00150444, -0.211721, -0.102502, 0.97194)
    Left Leg.CFrame = CFrame.new(-0.426279, 0.42559, 0.40262, 0.892646, -0.36953, 0.258126, 0.281301, 0.904138, 0.321565, -0.35221, -0.214433, 0.911025)
    Right Arm.CFrame = CFrame.new(0.0140156, 0.100456, 0.0768357, 0.28741, -0.693732, 0.660402, 0.421345, 0.71077, 0.563271, -0.860153, 0.116368, 0.496583)
    Head.CFrame = CFrame.new(-1.11759e-07, -7.45058e-08, 0, 0.964224, 0.170735, -0.202785, -0.110703, 0.954417, 0.277189, 0.240868, -0.244824, 0.939172)
    Right Leg.CFrame = CFrame.new(0.167164, 0.0669854, -0.126865, 0.395077, 0.394815, -0.829479, -0.475958, 0.860266, 0.182773, 0.785734, 0.322588, 0.527787)
    Left Arm.CFrame = CFrame.new(1.96099e-05, 0.216141, 0.0146682, 0.158836, 0.872078, -0.462872, -0.591963, 0.459328, 0.662267, 0.790159, 0.168811, 0.589196)

[34]
    Time: 2.166667
    HumanoidRootPart.CFrame = CFrame.new(0, 0, 0, 1, 0, 0, 0, 1, 0, 0, 0, 1)
    Torso.CFrame = CFrame.new(-0.792487, 0.682553, -0.150482, 0.876461, 0.432037, 0.212508, -0.433408, 0.900191, -0.0425896, -0.209698, -0.0547744, 0.976231)
    Left Leg.CFrame = CFrame.new(-0.36501, 0.384729, 0.379803, 0.917521, -0.258546, 0.302173, 0.193482, 0.954049, 0.228814, -0.347447, -0.151477, 0.925384)
    Right Arm.CFrame = CFrame.new(0.0431138, 0.216826, 0.130077, 0.263154, -0.599338, 0.756005, 0.261644, 0.798593, 0.542026, -0.928597, 0.055168, 0.366966)
    Head.CFrame = CFrame.new(2.23517e-08, -1.49012e-08, -3.8743e-07, 0.95344, 0.196936, -0.228405, -0.164878, 0.974531, 0.152005, 0.252523, -0.107269, 0.961627)
    Right Leg.CFrame = CFrame.new(0.256072, 0.104405, -0.0124789, 0.350998, 0.386217, -0.853016, -0.532902, 0.831451, 0.157175, 0.769945, 0.399407, 0.497653)
    Left Arm.CFrame = CFrame.new(0.0155029, 0.169903, 0.0213526, 0.158836, 0.872078, -0.462872, -0.591963, 0.459328, 0.662267, 0.790159, 0.168811, 0.589196)

[35]
    Time: 2.233333
    HumanoidRootPart.CFrame = CFrame.new(0, 0, 0, 1, 0, 0, 0, 1, 0, 0, 0, 1)
    Torso.CFrame = CFrame.new(-0.4481, 0.680378, -0.143358, 0.864207, 0.434921, 0.252963, -0.446428, 0.894723, -0.0131524, -0.232052, -0.101563, 0.967387)
    Left Leg.CFrame = CFrame.new(-0.432923, 0.338543, 0.396058, 0.876167, -0.343411, 0.338231, 0.305754, 0.938438, 0.160774, -0.372621, -0.0374501, 0.927228)
    Right Arm.CFrame = CFrame.new(-0.0031004, 0.664501, 0.0872265, 0.258196, -0.586461, 0.767723, 0.240083, 0.808689, 0.537012, -0.935786, 0.0456627, 0.3496)
    Head.CFrame = CFrame.new(-7.45058e-08, -1.41561e-07, 2.08616e-07, 0.958883, 0.195429, -0.205796, -0.158335, 0.970173, 0.183558, 0.23553, -0.143426, 0.961226)
    Right Leg.CFrame = CFrame.new(0.481986, 0.46573, 0.158289, 0.260323, 0.543613, -0.797946, -0.631082, 0.72127, 0.285491, 0.730731, 0.42925, 0.530827)
    Left Arm.CFrame = CFrame.new(0.180349, 0.354639, 0.111676, 0.158836, 0.872078, -0.462872, -0.591963, 0.459328, 0.662267, 0.790159, 0.168811, 0.589196)

[36]
    Time: 2.266667
    HumanoidRootPart.CFrame = CFrame.new(0, 0, 0, 1, 0, 0, 0, 1, 0, 0, 0, 1)
    Torso.CFrame = CFrame.new(-0.342013, 0.679908, -0.143462, 0.860451, 0.454097, 0.231128, -0.459295, 0.887631, -0.0340509, -0.220618, -0.0768566, 0.972327)
    Left Leg.CFrame = CFrame.new(-0.467979, 0.287999, 0.390867, 0.878185, -0.311909, 0.362635, 0.294574, 0.949982, 0.103734, -0.376853, 0.0157246, 0.92614)
    Right Arm.CFrame = CFrame.new(-0.00295907, 0.619255, 0.107452, 0.229555, -0.650968, 0.723564, 0.297505, 0.754765, 0.584654, -0.926712, 0.0810536, 0.366926)
    Head.CFrame = CFrame.new(-6.70552e-08, -2.23517e-08, 2.38419e-07, 0.960706, 0.201566, -0.190826, -0.15503, 0.959927, 0.233465, 0.230238, -0.194707, 0.953457)
    Right Leg.CFrame = CFrame.new(0.45447, 0.443495, 0.113408, 0.205993, 0.553189, -0.807186, -0.676818, 0.676295, 0.290762, 0.706743, 0.486423, 0.51372)
    Left Arm.CFrame = CFrame.new(0.180195, 0.327135, 0.115131, 0.106063, 0.908264, -0.404731, -0.631373, 0.375963, 0.678248, 0.768192, 0.183599, 0.613329)

[37]
    Time: 2.300000
    HumanoidRootPart.CFrame = CFrame.new(0, 0, 0, 1, 0, 0, 0, 1, 0, 0, 0, 1)
    Torso.CFrame = CFrame.new(-0.264876, 0.678529, -0.144332, 0.858933, 0.485167, 0.16385, -0.476426, 0.874421, -0.091685, -0.187757, 0.000688816, 0.982215)
    Left Leg.CFrame = CFrame.new(-0.493074, 0.210839, 0.372118, 0.893872, -0.210399, 0.395885, 0.230846, 0.972982, -0.00412202, -0.384322, 0.095073, 0.918291)
    Right Arm.CFrame = CFrame.new(-0.00177908, 0.483946, 0.164508, 0.107996, -0.822063, 0.559062, 0.459586, 0.539936, 0.70516, -0.881543, 0.180782, 0.436119)
    Head.CFrame = CFrame.new(3.72529e-08, 2.98023e-08, 0, 0.961459, 0.21228, -0.174742, -0.153902, 0.942155, 0.297754, 0.227841, -0.259385, 0.938514)
    Right Leg.CFrame = CFrame.new(0.371025, 0.351964, 0.0255085, 0.16455, 0.515999, -0.840636, -0.712326, 0.651681, 0.260581, 0.682286, 0.555929, 0.474793)
    Left Arm.CFrame = CFrame.new(0.178901, 0.244217, 0.123174, -0.083309, 0.973689, -0.212106, -0.719479, 0.0884993, 0.688853, 0.6895, 0.209993, 0.693176)

[38]
    Time: 2.333333
    HumanoidRootPart.CFrame = CFrame.new(0, 0, 0, 1, 0, 0, 0, 1, 0, 0, 0, 1)
    Torso.CFrame = CFrame.new(-0.211025, 0.676478, -0.147078, 0.855361, 0.514618, 0.0593793, -0.498748, 0.849076, -0.174129, -0.140027, 0.119328, 0.982931)
    Left Leg.CFrame = CFrame.new(-0.512123, 0.115556, 0.342423, 0.906848, -0.0466992, 0.418863, 0.123425, 0.979697, -0.15799, -0.402981, 0.194971, 0.8942)
    Right Arm.CFrame = CFrame.new(0.00194496, 0.276708, 0.243223, -0.169539, -0.955644, 0.240833, 0.625309, 0.0845707, 0.775781, -0.761738, 0.28212, 0.583235)
    Head.CFrame = CFrame.new(-1.2666e-07, 1.3411e-07, 4.47035e-07, 0.961246, 0.225648, -0.158397, -0.154542, 0.916808, 0.368211, 0.228306, -0.329462, 0.91615)
    Right Leg.CFrame = CFrame.new(0.240298, 0.201673, -0.0984344, 0.143397, 0.430422, -0.891165, -0.736796, 0.647615, 0.194233, 0.660734, 0.628755, 0.409999)
    Left Arm.CFrame = CFrame.new(0.174818, 0.115535, 0.129705, -0.427497, 0.899525, 0.0900041, -0.719845, -0.398941, 0.56804, 0.546873, 0.178047, 0.818065)

[39]
    Time: 2.416667
    HumanoidRootPart.CFrame = CFrame.new(0, 0, 0, 1, 0, 0, 0, 1, 0, 0, 0, 1)
    Torso.CFrame = CFrame.new(-0.0797299, 0.671924, -0.168072, 0.832458, 0.525277, -0.176343, -0.55243, 0.762214, -0.337419, -0.0428276, 0.378305, 0.92469)
    Left Leg.CFrame = CFrame.new(-0.580524, -0.0890462, 0.266153, 0.868942, 0.31787, 0.37934, -0.0908581, 0.855907, -0.509085, -0.486503, 0.407899, 0.772615)
    Right Arm.CFrame = CFrame.new(0.0304236, -0.245966, 0.355384, -0.785941, -0.537069, -0.306356, 0.424819, -0.829064, 0.363569, -0.44925, 0.155599, 0.879752)
    Head.CFrame = CFrame.new(-2.23517e-08, 1.78814e-07, -1.78814e-07, 0.959176, 0.251311, -0.129711, -0.157931, 0.856448, 0.491483, 0.234606, -0.450933, 0.861173)
    Right Leg.CFrame = CFrame.new(-0.118537, -0.215691, -0.429262, 0.172028, 0.10276, -0.979718, -0.741656, 0.668078, -0.0601544, 0.648347, 0.736962, 0.19114)
    Left Arm.CFrame = CFrame.new(0.143594, -0.225806, 0.0885459, -0.925715, 0.117295, 0.359573, -0.161919, -0.982075, -0.0964966, 0.341809, -0.14755, 0.928114)

[40]
    Time: 2.450000
