[1]
    Time: 0.000000
    HumanoidRootPart.CFrame = CFrame.new(0, 0, 0, 1, 0, 0, 0, 1, 0, 0, 0, 1)
    Torso.CFrame = CFrame.new(5.70435e-09, -2.32831e-10, -0.0315998, 0.998758, -0.0434067, 0.0244524, 0.0442811, 0.998355, -0.0364285, -0.0228309, 0.0374661, 0.999037)
    Head.CFrame = CFrame.new(1.12131e-06, -3.05139e-05, 2.38419e-07, 0.999572, -2.76486e-09, -0.0292595, 0.00131503, 0.99899, 0.0449243, 0.0292299, -0.0449435, 0.998562)
    Left Leg.CFrame = CFrame.new(-0.127045, 0.183557, 0.000122011, 0.910071, 0.41113, -0.0523758, -0.409805, 0.911523, 0.0344352, 0.0618992, -0.00987463, 0.998034)
    Right Arm.CFrame = CFrame.new(-0.0107727, -0.248431, 0.0410155, 0.83343, -0.464975, 0.298652, 0.402334, 0.881012, 0.248889, -0.378843, -0.0872741, 0.921337)
    Right Leg.CFrame = CFrame.new(-0.10672, -0.0200729, -0.00286847, 0.886723, 0.458448, -0.0595653, -0.460966, 0.886577, -0.0386097, 0.0351087, 0.0616937, 0.997477)
    Left Arm.CFrame = CFrame.new(0.0911866, -0.271093, -0.0147092, 0.959534, -0.139232, 0.244762, 0.106251, 0.983974, 0.143198, -0.260778, -0.111397, 0.95895)

[2]
    Time: 0.033333
    HumanoidRootPart.CFrame = CFrame.new(0, 0, 0, 1, 0, 0, 0, 1, 0, 0, 0, 1)
    Torso.CFrame = CFrame.new(0.00719888, -0.00187533, -0.0315009, 0.998759, -0.0418924, 0.02693, 0.0431513, 0.997915, -0.048005, -0.0248628, 0.0491075, 0.998484)
    Head.CFrame = CFrame.new(1.0943e-06, -3.04952e-05, 5.66244e-07, 0.999593, 7.63976e-10, -0.0285141, 0.00128155, 0.99899, 0.0449262, 0.0284853, -0.0449445, 0.998583)
    Left Leg.CFrame = CFrame.new(-0.115749, 0.149289, -0.000605822, 0.913527, 0.403526, -0.0513381, -0.402241, 0.914911, 0.0337595, 0.0605926, -0.0101899, 0.998111)
    Right Arm.CFrame = CFrame.new(-0.0444359, -0.254602, 0.0405002, 0.839917, -0.45858, 0.29025, 0.400644, 0.884681, 0.238378, -0.366094, -0.0839302, 0.926785)
    Right Leg.CFrame = CFrame.new(-0.0589101, 0.0620837, 0.00201905, 0.887033, 0.458116, -0.0574692, -0.460475, 0.886873, -0.0376844, 0.033704, 0.0598904, 0.997636)
    Left Arm.CFrame = CFrame.new(0.0603323, -0.264711, -0.0139676, 0.962929, -0.129026, 0.236898, 0.0981028, 0.985559, 0.13802, -0.251286, -0.109664, 0.961681)

[3]
    Time: 0.066667
    HumanoidRootPart.CFrame = CFrame.new(0, 0, 0, 1, 0, 0, 0, 1, 0, 0, 0, 1)
    Torso.CFrame = CFrame.new(0.0134567, -0.00768673, -0.0308087, 0.998861, -0.038377, 0.0283701, 0.0399769, 0.997507, -0.0581601, -0.0260674, 0.0592279, 0.997904)
    Head.CFrame = CFrame.new(1.02539e-06, -3.04785e-05, 7.45058e-07, 0.999651, 2.78233e-08, -0.0264166, 0.00118731, 0.998989, 0.0449314, 0.0263899, -0.0449471, 0.998641)
    Left Leg.CFrame = CFrame.new(-0.102819, 0.102878, -0.000972956, 0.923455, 0.380662, -0.0482412, -0.379496, 0.924649, 0.0317422, 0.0566892, -0.0110051, 0.998331)
    Right Arm.CFrame = CFrame.new(-0.0822769, -0.262417, 0.0390069, 0.857386, -0.440081, 0.266866, 0.393634, 0.894758, 0.210854, -0.331574, -0.0757357, 0.940385)
    Right Leg.CFrame = CFrame.new(0.0684979, 0.171391, 0.0121505, 0.888697, 0.455533, -0.0520256, -0.457496, 0.88852, -0.0350774, 0.0302468, 0.0549746, 0.99803)
    Left Arm.CFrame = CFrame.new(0.0287524, -0.257955, -0.0118866, 0.971446, -0.100511, 0.214921, 0.0748115, 0.989388, 0.124555, -0.22516, -0.10492, 0.968656)

[4]
    Time: 0.100000
    HumanoidRootPart.CFrame = CFrame.new(0, 0, 0, 1, 0, 0, 0, 1, 0, 0, 0, 1)
    Torso.CFrame = CFrame.new(0.0187986, -0.0175373, -0.0256547, 0.999044, -0.0332481, 0.0284033, 0.0350721, 0.997181, -0.0663369, -0.0261177, 0.0672697, 0.997393)
    Head.CFrame = CFrame.new(9.19215e-07, -3.05064e-05, 8.04663e-07, 0.999731, 5.48316e-08, -0.0231747, 0.00104167, 0.998989, 0.0449386, 0.0231513, -0.0449507, 0.998721)
    Left Leg.CFrame = CFrame.new(-0.0886323, 0.0608646, -0.00110987, 0.938622, 0.342243, -0.0431091, -0.341271, 0.939536, 0.0283977, 0.0502215, -0.0119427, 0.998667)
    Right Arm.CFrame = CFrame.new(-0.120885, -0.270932, 0.0366154, 0.882265, -0.410088, 0.231163, 0.377744, 0.909755, 0.172209, -0.280922, -0.0646135, 0.957553)
    Right Leg.CFrame = CFrame.new(0.25002, 0.225117, 0.020895, 0.893137, 0.447579, -0.0444818, -0.449042, 0.892971, -0.0310419, 0.0258273, 0.0476988, 0.998528)
    Left Arm.CFrame = CFrame.new(-0.0015588, -0.251316, -0.00868571, 0.98181, -0.0566992, 0.181204, 0.0378491, 0.993662, 0.105843, -0.186057, -0.0970592, 0.977733)

[5]
    Time: 0.133333
    HumanoidRootPart.CFrame = CFrame.new(0, 0, 0, 1, 0, 0, 0, 1, 0, 0, 0, 1)
    Torso.CFrame = CFrame.new(0.0232497, -0.0310882, -0.00109178, 0.999265, -0.0268428, 0.0273671, 0.0287503, 0.996999, -0.0718722, -0.0253557, 0.0726062, 0.997038)
    Head.CFrame = CFrame.new(7.86036e-07, -3.04952e-05, 3.27826e-07, 0.99982, 6.75209e-08, -0.0189963, 0.000853908, 0.998989, 0.0449465, 0.0189771, -0.0449546, 0.998809)
    Left Leg.CFrame = CFrame.new(-0.0735662, 0.0368162, -0.00114712, 0.957022, 0.287776, -0.0359656, -0.287063, 0.957617, 0.0237393, 0.0412729, -0.0123946, 0.999071)
    Right Arm.CFrame = CFrame.new(-0.15685, -0.2792, 0.0334052, 0.910568, -0.369229, 0.185839, 0.349951, 0.927867, 0.128828, -0.220001, -0.052272, 0.974098)
    Right Leg.CFrame = CFrame.new(0.426785, 0.241184, 0.0254157, 0.902088, 0.430078, -0.0356353, -0.43104, 0.901963, -0.0258329, 0.0210315, 0.0386637, 0.999031)
    Left Arm.CFrame = CFrame.new(-0.0286064, -0.245292, -0.00458074, 0.990411, -0.000842476, 0.138148, -0.0110169, 0.996315, 0.0850587, -0.137711, -0.0857651, 0.986752)

[6]
    Time: 0.166667
    HumanoidRootPart.CFrame = CFrame.new(0, 0, 0, 1, 0, 0, 0, 1, 0, 0, 0, 1)
    Torso.CFrame = CFrame.new(0.0268351, -0.0472372, 0.0332104, 0.99949, -0.0195008, 0.0252795, 0.0213254, 0.997027, -0.0740414, -0.0237605, 0.0745428, 0.996935)
    Head.CFrame = CFrame.new(6.22589e-07, -3.04822e-05, -8.9407e-08, 0.999901, 6.61239e-08, -0.0140894, 0.000633366, 0.998989, 0.0449538, 0.0140751, -0.0449583, 0.99889)
    Left Leg.CFrame = CFrame.new(-0.0579172, 0.0259517, -0.00119022, 0.9757, 0.217451, -0.0269234, -0.217026, 0.976003, 0.0178386, 0.0301564, -0.0115621, 0.999478)
    Right Arm.CFrame = CFrame.new(-0.186761, -0.286278, 0.0294561, 0.938368, -0.318716, 0.133736, 0.309099, 0.946955, 0.087944, -0.154671, -0.0411862, 0.987107)
    Right Leg.CFrame = CFrame.new(0.506531, 0.245057, 0.0266722, 0.923567, 0.382565, -0.0258332, -0.383089, 0.923501, -0.0197083, 0.0163173, 0.0280983, 0.999472)
    Left Arm.CFrame = CFrame.new(-0.0503959, -0.240377, 0.000209689, 0.994089, 0.0632249, 0.0882561, -0.0691382, 0.995446, 0.0656334, -0.0837045, -0.0713473, 0.993933)

[7]
    Time: 0.200000
    HumanoidRootPart.CFrame = CFrame.new(0, 0, 0, 1, 0, 0, 0, 1, 0, 0, 0, 1)
    Torso.CFrame = CFrame.new(0.02958, -0.0639184, 0.0637169, 0.999688, -0.0115586, 0.0221486, 0.0131116, 0.997369, -0.0713023, -0.0212661, 0.0715704, 0.997209)
    Head.CFrame = CFrame.new(4.60539e-07, -3.05213e-05, 5.66244e-07, 0.999963, 4.65661e-08, -0.00866187, 0.0003894, 0.998989, 0.0449593, 0.00865311, -0.044961, 0.998951)
    Left Leg.CFrame = CFrame.new(-0.0416574, 0.0191826, -0.00124678, 0.990769, 0.134558, -0.0164528, -0.134389, 0.990868, 0.0110015, 0.0177829, -0.00868891, 0.999804)
    Right Arm.CFrame = CFrame.new(-0.207209, -0.291217, 0.0248485, 0.962293, -0.260632, 0.0778681, 0.256659, 0.964792, 0.0574721, -0.0901056, -0.0353195, 0.995306)
    Right Leg.CFrame = CFrame.new(0.502312, 0.250775, 0.0222017, 0.953712, 0.300327, -0.0154041, -0.300527, 0.953686, -0.0129277, 0.0108082, 0.0169587, 0.999798)
    Left Arm.CFrame = CFrame.new(-0.0649322, -0.237064, 0.00546837, 0.990785, 0.131066, 0.0341634, -0.132706, 0.989831, 0.0512225, -0.0271025, -0.0552842, 0.998103)

[8]
    Time: 0.233333
    HumanoidRootPart.CFrame = CFrame.new(0, 0, 0, 1, 0, 0, 0, 1, 0, 0, 0, 1)
    Torso.CFrame = CFrame.new(0.0315096, -0.0783888, 0.0768932, 0.999831, -0.00325646, 0.0180803, 0.00442342, 0.997883, -0.0648831, -0.0178308, 0.0649521, 0.997729)
    Head.CFrame = CFrame.new(2.64379e-07, -3.0512e-05, 2.68221e-07, 0.999996, 1.41445e-08, -0.00292195, 0.000131364, 0.998989, 0.0449623, 0.00291899, -0.0449625, 0.998985)
    Left Leg.CFrame = CFrame.new(-0.0246775, 0.0139247, -0.00129864, 0.999031, 0.0437033, -0.00511435, -0.0436852, 0.999039, 0.00359452, 0.00526653, -0.00336762, 0.99998)
    Right Arm.CFrame = CFrame.new(-0.214783, -0.293073, 0.0196613, 0.979986, -0.197916, 0.0213905, 0.1968, 0.979384, 0.0455631, -0.0299672, -0.0404416, 0.998733)
    Right Leg.CFrame = CFrame.new(0.472779, 0.254522, 0.0177307, 0.980294, 0.197487, -0.00467715, -0.197512, 0.980284, -0.00575268, 0.00344886, 0.00656312, 0.999973)
    Left Arm.CFrame = CFrame.new(-0.0702209, -0.23585, 0.010978, 0.979985, 0.197916, -0.0213907, -0.1968, 0.979384, 0.0455629, 0.0299673, -0.0404413, 0.998732)

[9]
    Time: 0.266667
    HumanoidRootPart.CFrame = CFrame.new(0, 0, 0, 1, 0, 0, 0, 1, 0, 0, 0, 1)
    Torso.CFrame = CFrame.new(0.0326489, -0.0880878, 0.0764227, 0.9999, 0.0051884, 0.0131875, -0.00442375, 0.998344, -0.0573652, -0.0134632, 0.0573011, 0.998266)
    Head.CFrame = CFrame.new(7.81147e-08, -3.05008e-05, 3.27826e-07, 0.999996, -2.35887e-08, 0.00292212, -0.000131363, 0.998989, 0.0449623, -0.00291917, -0.0449625, 0.998984)
    Left Leg.CFrame = CFrame.new(-0.00687402, 0.0155323, -0.00132978, 0.998727, -0.050014, 0.00653357, 0.0500408, 0.998739, -0.00401577, -0.00632449, 0.0043376, 0.999971)
    Right Arm.CFrame = CFrame.new(-0.212671, -0.29278, 0.01401, 0.990445, -0.133952, -0.03281, 0.135479, 0.989526, 0.0498406, 0.0257901, -0.0538095, 0.998218)
    Right Leg.CFrame = CFrame.new(0.353936, 0.25225, 0.0187729, 0.997821, 0.0656991, 0.00601821, -0.0657096, 0.997838, 0.0015541, -0.0059031, -0.00194617, 0.999981)
    Left Arm.CFrame = CFrame.new(-0.0695962, -0.235875, 0.0165265, 0.962739, 0.259585, -0.0758245, -0.25584, 0.965114, 0.0556825, 0.0876336, -0.0342088, 0.995565)

[10]
    Time: 0.300000
    HumanoidRootPart.CFrame = CFrame.new(0, 0, 0, 1, 0, 0, 0, 1, 0, 0, 0, 1)
    Torso.CFrame = CFrame.new(0.0330231, -0.0914612, 0.0731284, 0.99988, 0.0134946, 0.00762023, -0.0131141, 0.998764, -0.0479456, -0.00825782, 0.0478399, 0.998821)
    Head.CFrame = CFrame.new(-1.11293e-07, -3.04785e-05, 5.06639e-07, 0.999963, -5.64633e-08, 0.00866204, -0.000389398, 0.998989, 0.0449593, -0.00865328, -0.044961, 0.998951)
    Left Leg.CFrame = CFrame.new(0.0117101, 0.0305339, -0.00134075, 0.989724, -0.141853, 0.0180026, 0.142072, 0.989789, -0.0115079, -0.0161864, 0.0139473, 0.999772)
    Right Arm.CFrame = CFrame.new(-0.206439, -0.29187, 0.00815386, 0.993951, -0.0717051, -0.0831804, 0.0768769, 0.995189, 0.0607321, 0.0784255, -0.0667594, 0.994682)
    Left Arm.CFrame = CFrame.new(-0.0673548, -0.236047, 0.021926, 0.940789, 0.314151, -0.127381, -0.305785, 0.948637, 0.0811407, 0.146329, -0.0373849, 0.988529)

[11]
    Time: 0.333333
    HumanoidRootPart.CFrame = CFrame.new(0, 0, 0, 1, 0, 0, 0, 1, 0, 0, 0, 1)
    Torso.CFrame = CFrame.new(0.0315707, -0.0871856, 0.0635381, 0.99977, 0.0214036, 0.00167707, -0.0213314, 0.999154, -0.0351745, -0.00242851, 0.0351306, 0.99938)
    Head.CFrame = CFrame.new(-2.7474e-07, -3.05232e-05, -8.34465e-07, 0.999901, -7.40711e-08, 0.0140896, -0.000633366, 0.998989, 0.0449538, -0.0140753, -0.0449583, 0.99889)
    Left Leg.CFrame = CFrame.new(0.030887, 0.0485642, -0.00135219, 0.973285, -0.227779, 0.0288752, 0.228357, 0.9734, -0.0186069, -0.0238688, 0.0247037, 0.99941)
    Right Arm.CFrame = CFrame.new(-0.19624, -0.290303, 0.00238907, 0.991605, -0.0138396, -0.128561, 0.0237455, 0.996837, 0.0758427, 0.127104, -0.0782588, 0.988797)
    Left Arm.CFrame = CFrame.new(-0.0629485, -0.236514, 0.0269937, 0.916228, 0.360627, -0.174571, -0.344693, 0.931597, 0.115384, 0.204241, -0.0455451, 0.977861)

[12]
    Time: 0.366667
    HumanoidRootPart.CFrame = CFrame.new(0, 0, 0, 1, 0, 0, 0, 1, 0, 0, 0, 1)
    Torso.CFrame = CFrame.new(0.0276415, -0.0739239, 0.0440742, 0.99958, 0.0286712, -0.00431493, -0.0287594, 0.999344, -0.021996, 0.00368145, 0.0221108, 0.999749)
    Head.CFrame = CFrame.new(-4.33996e-07, -3.05139e-05, -8.9407e-08, 0.99982, -7.39528e-08, 0.0189965, -0.000853907, 0.998989, 0.0449465, -0.0189773, -0.0449546, 0.998809)
    Left Leg.CFrame = CFrame.new(0.0504615, 0.0604725, -0.00138456, 0.951826, -0.304182, 0.0387374, 0.305239, 0.951946, -0.0250417, -0.0292587, 0.0356595, 0.998936)
    Right Arm.CFrame = CFrame.new(-0.18223, -0.288034, -0.00299007, 0.985104, 0.0372943, -0.167867, -0.02182, 0.995418, 0.0930999, 0.17057, -0.0880503, 0.981404)
    Left Arm.CFrame = CFrame.new(-0.0558285, -0.237423, 0.0315492, 0.891369, 0.398509, -0.21599, -0.372233, 0.91546, 0.15289, 0.258659, -0.0558824, 0.964351)

[13]
    Time: 0.400000
    HumanoidRootPart.CFrame = CFrame.new(0, 0, 0, 1, 0, 0, 0, 1, 0, 0, 0, 1)
    Torso.CFrame = CFrame.new(0.0218778, -0.0525166, 0.0192837, 0.999338, 0.0349244, -0.0101984, -0.0350824, 0.99926, -0.0157538, 0.00964063, 0.0161011, 0.999824)
    Head.CFrame = CFrame.new(-5.7742e-07, -3.05027e-05, 5.96046e-08, 0.999732, -5.9692e-08, 0.0231749, -0.00104167, 0.998989, 0.0449386, -0.0231515, -0.0449507, 0.998721)
    Left Leg.CFrame = CFrame.new(0.0701748, 0.0675918, -0.00152278, 0.928627, -0.368002, 0.0471756, 0.369581, 0.928696, -0.0305427, -0.032572, 0.045798, 0.99842)
    Right Arm.CFrame = CFrame.new(-0.164562, -0.285022, -0.00768775, 0.976529, 0.0797219, -0.200088, -0.0583366, 0.992152, 0.110596, 0.207335, -0.0963274, 0.973516)
    Left Arm.CFrame = CFrame.new(-0.0454449, -0.238921, 0.0354086, 0.868565, 0.427703, -0.25033, -0.389442, 0.90146, 0.188957, 0.30648, -0.0666327, 0.949542)

[14]
    Time: 0.433333
    HumanoidRootPart.CFrame = CFrame.new(0, 0, 0, 1, 0, 0, 0, 1, 0, 0, 0, 1)
    Torso.CFrame = CFrame.new(0.0149215, -0.0275429, -0.00528854, 0.999087, 0.0396954, -0.0157708, -0.039986, 0.999028, -0.018556, 0.0150188, 0.0191697, 0.999703)
    Head.CFrame = CFrame.new(-6.79865e-07, -3.05027e-05, 5.96046e-08, 0.999651, -3.43716e-08, 0.0264167, -0.00118732, 0.998989, 0.0449314, -0.02639, -0.0449471, 0.998641)
    Left Leg.CFrame = CFrame.new(0.0882837, 0.0716797, -0.0020234, 0.907503, -0.416592, 0.0537589, 0.418645, 0.907482, -0.0348309, -0.034275, 0.054115, 0.997946)
    Right Arm.CFrame = CFrame.new(-0.143391, -0.281222, -0.0114087, 0.968092, 0.111806, -0.224268, -0.0848625, 0.988342, 0.126403, 0.235787, -0.103338, 0.966295)
    Left Arm.CFrame = CFrame.new(-0.0312491, -0.241157, 0.038391, 0.850047, 0.448384, -0.276354, -0.39839, 0.890561, 0.219513, 0.344537, -0.0764997, 0.935651)

[15]
    Time: 0.466667
    HumanoidRootPart.CFrame = CFrame.new(0, 0, 0, 1, 0, 0, 0, 1, 0, 0, 0, 1)
    Torso.CFrame = CFrame.new(0.0074149, -0.00750004, -0.0240979, 0.998878, 0.0426237, -0.0206202, -0.0431565, 0.998727, -0.026126, 0.0194804, 0.0269866, 0.999446)
    Head.CFrame = CFrame.new(-7.3202e-07, -3.04971e-05, -1.19209e-07, 0.999593, -1.21654e-08, 0.0285143, -0.00128154, 0.99899, 0.0449262, -0.0284854, -0.0449445, 0.998583)
    Left Leg.CFrame = CFrame.new(0.101563, 0.0736398, -0.00259548, 0.892379, -0.44754, 0.0580386, 0.449932, 0.89227, -0.0376165, -0.0349513, 0.0596816, 0.997605)
    Right Arm.CFrame = CFrame.new(-0.118871, -0.276594, -0.0138582, 0.961872, 0.132117, -0.239475, -0.100897, 0.985239, 0.138292, 0.254211, -0.108857, 0.961003)
    Left Arm.CFrame = CFrame.new(-0.0126918, -0.244277, 0.0403141, 0.837797, 0.460789, -0.292867, -0.40176, 0.883518, 0.2408, 0.369711, -0.0840797, 0.925335)

[16]
    Time: 0.500000
    HumanoidRootPart.CFrame = CFrame.new(0, 0, 0, 1, 0, 0, 0, 1, 0, 0, 0, 1)
    Torso.CFrame = CFrame.new(-3.6016e-09, -7.33417e-09, -0.0315997, 0.998758, 0.0434067, -0.0244525, -0.0442811, 0.998355, -0.0364285, 0.022831, 0.0374661, 0.999037)
    Head.CFrame = CFrame.new(-7.75792e-07, -3.05045e-05, -7.7486e-07, 0.999572, -5.35511e-09, 0.0292596, -0.00131503, 0.99899, 0.0449243, -0.0292301, -0.0449435, 0.998562)
    Left Leg.CFrame = CFrame.new(0.10672, 0.0741984, -0.00286877, 0.886723, -0.458448, 0.0595651, 0.460966, 0.886577, -0.0386097, -0.0351086, 0.0616936, 0.997477)
    Right Arm.CFrame = CFrame.new(-0.091156, -0.271093, -0.0147399, 0.959534, 0.139232, -0.244763, -0.106251, 0.983974, 0.143198, 0.260778, -0.111397, 0.95895)
    Right Leg.CFrame = CFrame.new(0.0735664, 0.074197, -0.00114706, 0.910071, -0.41113, 0.0523757, 0.409805, 0.911523, 0.0344352, -0.061899, -0.00987472, 0.998034)
    Left Arm.CFrame = CFrame.new(0.0107752, -0.248429, 0.0409954, 0.83343, 0.464975, -0.298652, -0.402334, 0.881012, 0.248889, 0.378843, -0.0872738, 0.921337)

[17]
    Time: 0.533333
    HumanoidRootPart.CFrame = CFrame.new(0, 0, 0, 1, 0, 0, 0, 1, 0, 0, 0, 1)
    Torso.CFrame = CFrame.new(-0.00678581, -0.00187533, -0.0315009, 0.998755, 0.0418974, -0.0270632, -0.0431512, 0.997937, -0.0475368, 0.0250157, 0.0486454, 0.998503)
    Head.CFrame = CFrame.new(-7.44127e-07, -3.05045e-05, 0, 0.999593, -1.92522e-08, 0.0285143, -0.00128154, 0.99899, 0.0449262, -0.0284854, -0.0449445, 0.998583)
    Left Leg.CFrame = CFrame.new(0.0589105, 0.074488, 0.00201869, 0.887037, -0.458118, 0.0573903, 0.460477, 0.886866, -0.037821, -0.033571, 0.0599755, 0.997635)
    Right Arm.CFrame = CFrame.new(-0.0607193, -0.264769, -0.013997, 0.962929, 0.129026, -0.236899, -0.0981027, 0.985559, 0.138021, 0.251286, -0.109664, 0.961681)
    Right Leg.CFrame = CFrame.new(0.0510308, 0.0731753, -0.00281033, 0.9148, -0.40068, 0.0509506, 0.39941, 0.91616, 0.0335072, -0.0601046, -0.0103022, 0.998139)
    Left Arm.CFrame = CFrame.new(0.0391729, -0.254066, 0.0404254, 0.839541, 0.459267, -0.29025, -0.401369, 0.884353, 0.238377, 0.366163, -0.08363, 0.926785)

[18]
    Time: 0.566667
    HumanoidRootPart.CFrame = CFrame.new(0, 0, 0, 1, 0, 0, 0, 1, 0, 0, 0, 1)
    Torso.CFrame = CFrame.new(-0.0128242, -0.00768674, -0.0308087, 0.99886, 0.0383813, -0.0283754, -0.0399769, 0.997517, -0.0579838, 0.0260794, 0.0590521, 0.997914)
    Head.CFrame = CFrame.new(-6.72415e-07, -3.04691e-05, -2.38419e-07, 0.999651, -4.25207e-08, 0.0264167, -0.00118732, 0.998989, 0.0449314, -0.02639, -0.0449471, 0.998641)
    Left Leg.CFrame = CFrame.new(-0.0684976, 0.0781764, 0.0121509, 0.888702, -0.455536, 0.0519204, 0.457508, 0.888492, -0.0355981, -0.0299147, 0.0553901, 0.998017)
    Right Arm.CFrame = CFrame.new(-0.0293056, -0.258035, -0.0119136, 0.971446, 0.100511, -0.214921, -0.0748114, 0.989388, 0.124555, 0.22516, -0.10492, 0.968656)
    Right Leg.CFrame = CFrame.new(0.032654, 0.0685499, -0.00379634, 0.927452, -0.370983, 0.04694, 0.369867, 0.928571, 0.0308945, -0.0550485, -0.0112916, 0.99842)
    Left Arm.CFrame = CFrame.new(0.0704042, -0.261014, 0.0387913, 0.856086, 0.442604, -0.266866, -0.396267, 0.893595, 0.210854, 0.331795, -0.0747588, 0.940385)

[19]
    Time: 0.600000
    HumanoidRootPart.CFrame = CFrame.new(0, 0, 0, 1, 0, 0, 0, 1, 0, 0, 0, 1)
    Torso.CFrame = CFrame.new(-0.0181015, -0.0175373, -0.0256548, 0.999044, 0.0332455, -0.0284065, -0.0350721, 0.997175, -0.0664248, 0.0261179, 0.0673575, 0.997387)
    Head.CFrame = CFrame.new(-5.66244e-07, -3.04729e-05, -4.76837e-07, 0.999731, -5.51227e-08, 0.0231749, -0.00104166, 0.998989, 0.0449386, -0.0231515, -0.0449507, 0.998721)
    Left Leg.CFrame = CFrame.new(-0.25002, 0.0907968, 0.020895, 0.893128, -0.447575, 0.0447095, 0.449077, 0.892914, -0.032156, -0.0255295, 0.0487975, 0.998482)
    Right Arm.CFrame = CFrame.new(0.00102302, -0.251394, -0.0087083, 0.98181, 0.0566991, -0.181205, -0.037849, 0.993662, 0.105843, 0.186057, -0.0970595, 0.977733)
    Right Leg.CFrame = CFrame.new(0.0161156, 0.0571107, -0.0042299, 0.945075, -0.324303, 0.0407403, 0.32342, 0.945875, 0.0268534, -0.0472439, -0.0122023, 0.998809)
    Left Arm.CFrame = CFrame.new(0.101844, -0.268479, 0.0362058, 0.879839, 0.415266, -0.231163, -0.383085, 0.907518, 0.172209, 0.281297, -0.0629609, 0.957553)

[20]
    Time: 0.633333
    HumanoidRootPart.CFrame = CFrame.new(0, 0, 0, 1, 0, 0, 0, 1, 0, 0, 0, 1)
    Torso.CFrame = CFrame.new(-0.0226043, -0.0310882, -0.0010916, 0.999266, 0.0268426, -0.0273467, -0.0287503, 0.996995, -0.0719387, 0.0253335, 0.0726721, 0.997034)
    Head.CFrame = CFrame.new(-4.44241e-07, -3.04896e-05, -3.27826e-07, 0.99982, -7.1188e-08, 0.0189965, -0.000853907, 0.998989, 0.0449465, -0.0189773, -0.0449546, 0.998809)
    Left Leg.CFrame = CFrame.new(-0.426785, 0.11132, 0.0254155, 0.902054, -0.430062, 0.0366689, 0.431104, 0.901877, -0.0277126, -0.0211527, 0.0408063, 0.998943)
    Right Arm.CFrame = CFrame.new(0.0282026, -0.245351, -0.00459796, 0.990411, 0.0008425, -0.138148, 0.011017, 0.996315, 0.085059, 0.137711, -0.0857653, 0.986752)
    Right Leg.CFrame = CFrame.new(-0.000828713, 0.0370754, -0.00415528, 0.964263, -0.262914, 0.0327481, 0.262309, 0.964741, 0.0216402, -0.037283, -0.0122767, 0.999229)
    Left Arm.CFrame = CFrame.new(0.130868, -0.275667, 0.0327813, 0.907163, 0.377518, -0.185839, -0.358399, 0.924637, 0.128828, 0.220469, -0.0502631, 0.974098)

[21]
    Time: 0.666667
    HumanoidRootPart.CFrame = CFrame.new(0, 0, 0, 1, 0, 0, 0, 1, 0, 0, 0, 1)
    Torso.CFrame = CFrame.new(-0.0263188, -0.0472372, 0.0332105, 0.999493, 0.0195109, -0.0251441, -0.0213255, 0.997027, -0.0740443, 0.0236247, 0.074543, 0.996938)
    Head.CFrame = CFrame.new(-2.66358e-07, -3.04189e-05, 2.38419e-07, 0.999901, -7.33999e-08, 0.0140896, -0.000633367, 0.998989, 0.0449538, -0.0140753, -0.0449583, 0.99889)
    Left Leg.CFrame = CFrame.new(-0.506531, 0.133236, 0.026672, 0.923656, -0.382193, 0.0280662, 0.38283, 0.923545, -0.0224879, -0.0173257, 0.0315157, 0.999353)
    Right Arm.CFrame = CFrame.new(0.0501708, -0.240411, 0.000198305, 0.994089, -0.0632249, -0.0882563, 0.0691382, 0.995446, 0.0656336, 0.0837047, -0.0713475, 0.993933)
    Right Leg.CFrame = CFrame.new(-0.0187462, 0.0151591, -0.00337246, 0.981623, -0.189393, 0.0233604, 0.189066, 0.981842, 0.0155126, -0.0258742, -0.0108109, 0.999607)
    Left Arm.CFrame = CFrame.new(0.154849, -0.281785, 0.0286316, 0.934418, 0.330116, -0.133736, -0.320604, 0.943122, 0.0879438, 0.155161, -0.0393, 0.987107)

[22]
    Time: 0.700000
    HumanoidRootPart.CFrame = CFrame.new(0, 0, 0, 1, 0, 0, 0, 1, 0, 0, 0, 1)
    Torso.CFrame = CFrame.new(-0.0292315, -0.0639183, 0.0637168, 0.999697, 0.011589, -0.0217254, -0.0131117, 0.997368, -0.0713078, 0.0208418, 0.0715711, 0.997218)
    Head.CFrame = CFrame.new(-1.03842e-07, -3.05101e-05, -3.27826e-07, 0.999963, -5.66361e-08, 0.00866204, -0.000389399, 0.998989, 0.0449594, -0.00865328, -0.044961, 0.998951)
    Left Leg.CFrame = CFrame.new(-0.502312, 0.155421, 0.0222013, 0.953991, -0.299223, 0.0191418, 0.299542, 0.953937, -0.0167036, -0.013262, 0.0216689, 0.999677)
    Right Arm.CFrame = CFrame.new(0.0648646, -0.237077, 0.00546277, 0.990785, -0.131066, -0.0341636, 0.132706, 0.989831, 0.0512228, 0.0271026, -0.0552845, 0.998103)
    Right Leg.CFrame = CFrame.new(-0.0365242, -0.00702471, -0.00232106, 0.994198, -0.10678, 0.0129752, 0.106672, 0.994256, 0.00873009, -0.0138329, -0.00729535, 0.999878)
    Left Arm.CFrame = CFrame.new(0.171164, -0.286038, 0.0238696, 0.958402, 0.274596, -0.0778683, -0.270659, 0.960958, 0.0574719, 0.0906098, -0.0340054, 0.995306)

[23]
    Time: 0.733333
    HumanoidRootPart.CFrame = CFrame.new(0, 0, 0, 1, 0, 0, 0, 1, 0, 0, 0, 1)
    Torso.CFrame = CFrame.new(-0.0313289, -0.0783888, 0.0768934, 0.999848, 0.00331855, -0.0171268, -0.00442351, 0.997883, -0.0648873, 0.0168752, 0.0649532, 0.997746)
    Head.CFrame = CFrame.new(9.24338e-08, -3.0499e-05, 3.27826e-07, 0.999996, -2.26137e-08, 0.00292212, -0.000131364, 0.998989, 0.0449623, -0.00291917, -0.0449625, 0.998984)
    Left Leg.CFrame = CFrame.new(-0.472778, 0.177544, 0.0177307, 0.980255, -0.197479, 0.0101362, 0.197583, 0.980229, -0.0105825, -0.00784597, 0.0123763, 0.999893)
    Right Arm.CFrame = CFrame.new(0.0702209, -0.235853, 0.0109778, 0.979985, -0.197916, 0.0213905, 0.1968, 0.979384, 0.0455631, -0.0299672, -0.0404416, 0.998732)
    Right Leg.CFrame = CFrame.new(-0.0529776, -0.0291479, -0.00153816, 0.999825, -0.0185802, 0.00199124, 0.0185772, 0.999826, 0.00155413, -0.00201977, -0.00151686, 0.999997)
    Left Arm.CFrame = CFrame.new(0.177185, -0.287631, 0.0186075, 0.976753, 0.213297, -0.0213907, -0.212172, 0.97617, 0.0455629, 0.0305994, -0.0399652, 0.998732)

[24]
    Time: 0.766667
    HumanoidRootPart.CFrame = CFrame.new(0, 0, 0, 1, 0, 0, 0, 1, 0, 0, 0, 1)
    Torso.CFrame = CFrame.new(-0.0325973, -0.0880878, 0.0764226, 0.999921, -0.00508992, -0.011472, 0.00442383, 0.998344, -0.0573577, 0.0117449, 0.0573024, 0.998288)
    Head.CFrame = CFrame.new(2.68919e-07, -3.05008e-05, 2.68221e-07, 0.999996, 1.43191e-08, -0.00292195, 0.000131364, 0.998989, 0.0449623, 0.00291899, -0.0449625, 0.998985)
    Left Leg.CFrame = CFrame.new(-0.353936, 0.199148, 0.0187726, 0.997542, -0.0700651, 0.00129016, 0.0700701, 0.997533, -0.00434796, -0.000982338, 0.00442767, 0.99999)
    Right Arm.CFrame = CFrame.new(0.070063, -0.235878, 0.016531, 0.962739, -0.259585, 0.0758243, 0.255853, 0.965119, 0.0555415, -0.0875972, -0.0340721, 0.995573)
    Right Leg.CFrame = CFrame.new(-0.0669573, -0.0507519, -0.00143594, 0.997408, 0.0713694, -0.00919206, -0.0714239, 0.99743, -0.00575251, 0.00875788, 0.00639413, 0.999941)
    Left Arm.CFrame = CFrame.new(0.176611, -0.287575, 0.0129851, 0.988269, 0.149156, 0.0328098, -0.150671, 0.987321, 0.0499518, -0.0249432, -0.0543093, 0.998213)

[25]
    Time: 0.800000
    HumanoidRootPart.CFrame = CFrame.new(0, 0, 0, 1, 0, 0, 0, 1, 0, 0, 0, 1)
    Torso.CFrame = CFrame.new(-0.0330231, -0.0914613, 0.0731283, 0.999898, -0.0133729, -0.00508069, 0.0131143, 0.998766, -0.0479123, 0.00571515, 0.0478408, 0.998839)
    Head.CFrame = CFrame.new(4.61936e-07, -3.05008e-05, 3.27826e-07, 0.999963, 4.78885e-08, -0.00866187, 0.0003894, 0.998989, 0.0449593, 0.00865311, -0.044961, 0.998951)
    Right Arm.CFrame = CFrame.new(0.0689553, -0.23605, 0.0219345, 0.940789, -0.314151, 0.127381, 0.305898, 0.948665, 0.0803799, -0.146094, -0.0366548, 0.988591)
    Right Leg.CFrame = CFrame.new(-0.0781531, -0.0684134, -0.0015797, 0.987051, 0.159133, -0.0201751, -0.159409, 0.987128, -0.0129266, 0.0178584, 0.0159753, 0.999713)
    Left Arm.CFrame = CFrame.new(0.174448, -0.287294, 0.00724375, 0.992873, 0.0853524, 0.0831802, -0.0905907, 0.993995, 0.0613747, -0.0774423, -0.0684726, 0.994643)

[26]
    Time: 0.833333
    HumanoidRootPart.CFrame = CFrame.new(0, 0, 0, 1, 0, 0, 0, 1, 0, 0, 0, 1)
    Torso.CFrame = CFrame.new(-0.0313718, -0.0866273, 0.0635381, 0.999772, -0.0212943, 0.00143045, 0.0213314, 0.999156, -0.0351082, -0.000681642, 0.0351307, 0.999383)
    Head.CFrame = CFrame.new(6.32834e-07, -3.05045e-05, 8.9407e-08, 0.999901, 6.38474e-08, -0.0140894, 0.000633367, 0.998989, 0.0449538, 0.0140751, -0.0449583, 0.99889)
    Right Arm.CFrame = CFrame.new(0.0659499, -0.236517, 0.0270066, 0.916228, -0.360627, 0.174571, 0.345041, 0.931674, 0.113712, -0.203651, -0.0439522, 0.978057)
    Right Leg.CFrame = CFrame.new(-0.0870933, -0.075749, -0.00181693, 0.970059, 0.240938, -0.0305587, -0.241589, 0.970179, -0.0197056, 0.0248996, 0.0264983, 0.999339)
    Left Arm.CFrame = CFrame.new(0.170038, -0.286611, 0.00165135, 0.991387, 0.0249838, 0.12856, -0.035139, 0.996385, 0.0773397, -0.126163, -0.081191, 0.988681)

[27]
    Time: 0.866667
    HumanoidRootPart.CFrame = CFrame.new(0, 0, 0, 1, 0, 0, 0, 1, 0, 0, 0, 1)
    Torso.CFrame = CFrame.new(-0.0271881, -0.072668, 0.044074, 0.999563, -0.0286018, 0.00745097, 0.0287589, 0.999346, -0.0219058, -0.00681955, 0.0221105, 0.999732)
    Head.CFrame = CFrame.new(7.87899e-07, -3.04971e-05, 9.83477e-07, 0.99982, 6.93108e-08, -0.0189963, 0.000853907, 0.998989, 0.0449465, 0.0189771, -0.0449546, 0.998809)
    Right Arm.CFrame = CFrame.new(0.0600967, -0.237425, 0.0315641, 0.891369, -0.398509, 0.21599, 0.372883, 0.915598, 0.150462, -0.257721, -0.0535778, 0.964733)
    Right Leg.CFrame = CFrame.new(-0.0942552, -0.0753036, -0.00209641, 0.948779, 0.313404, -0.0399443, -0.31453, 0.948896, -0.0258287, 0.0298082, 0.0370694, 0.998868)
    Left Arm.CFrame = CFrame.new(0.162721, -0.285353, -0.00352454, 0.985379, -0.0291352, 0.167867, 0.0131804, 0.995353, 0.0953861, -0.169866, -0.091779, 0.981184)

[28]
    Time: 0.900000
    HumanoidRootPart.CFrame = CFrame.new(0, 0, 0, 1, 0, 0, 0, 1, 0, 0, 0, 1)
    Torso.CFrame = CFrame.new(-0.0213463, -0.0516539, 0.0192838, 0.99931, -0.0348827, 0.0127856, 0.0350814, 0.999262, -0.0156629, -0.0122298, 0.0161006, 0.999796)
    Head.CFrame = CFrame.new(9.26666e-07, -3.04934e-05, 9.83477e-07, 0.999731, 5.09608e-08, -0.0231747, 0.00104166, 0.998989, 0.0449386, 0.0231513, -0.0449507, 0.998721)
    Right Arm.CFrame = CFrame.new(0.0504468, -0.238924, 0.0354263, 0.868565, -0.427703, 0.25033, 0.390282, 0.901639, 0.18635, -0.30541, -0.0641581, 0.950057)
    Right Leg.CFrame = CFrame.new(-0.0997624, -0.0721855, -0.00237823, 0.926328, 0.373657, -0.0479342, -0.375287, 0.926389, -0.0310369, 0.0328085, 0.0467394, 0.998368)
    Left Arm.CFrame = CFrame.new(0.151836, -0.283346, -0.00801647, 0.976936, -0.0745745, 0.200088, 0.0525618, 0.992185, 0.113162, -0.206963, -0.100035, 0.973221)

[29]
    Time: 0.933333
    HumanoidRootPart.CFrame = CFrame.new(0, 0, 0, 1, 0, 0, 0, 1, 0, 0, 0, 1)
    Torso.CFrame = CFrame.new(-0.0145016, -0.0279131, -0.0052886, 0.999061, -0.0396632, 0.0174496, 0.0399849, 0.999029, -0.0184888, -0.0166993, 0.0191691, 0.999677)
    Head.CFrame = CFrame.new(1.0198e-06, -3.05101e-05, 3.27826e-07, 0.999651, 2.69793e-08, -0.0264166, 0.00118732, 0.998989, 0.0449314, 0.0263899, -0.0449471, 0.998641)
    Right Arm.CFrame = CFrame.new(0.0360517, -0.241159, 0.0384099, 0.850047, -0.448384, 0.276354, 0.399126, 0.890723, 0.21751, -0.343683, -0.0745935, 0.936118)
    Right Leg.CFrame = CFrame.new(-0.103652, -0.0637228, -0.00262618, 0.906229, 0.419307, -0.0541317, -0.421389, 0.906201, -0.0350735, 0.0343477, 0.0545951, 0.997918)
    Left Arm.CFrame = CFrame.new(0.136726, -0.280416, -0.011556, 0.968382, -0.109275, 0.224268, 0.0817789, 0.988338, 0.128452, -0.235689, -0.10605, 0.966025)

[30]
    Time: 0.966667
    HumanoidRootPart.CFrame = CFrame.new(0, 0, 0, 1, 0, 0, 0, 1, 0, 0, 0, 1)
    Torso.CFrame = CFrame.new(-0.00720873, -0.00813283, -0.0240978, 0.998864, -0.042604, 0.0213468, 0.0431559, 0.998728, -0.0260946, -0.0202079, 0.0269862, 0.999432)
    Head.CFrame = CFrame.new(1.10548e-06, -3.0512e-05, 1.49012e-07, 0.999593, 4.07454e-09, -0.0285141, 0.00128154, 0.99899, 0.0449262, 0.0284853, -0.0449445, 0.998583)
    Right Arm.CFrame = CFrame.new(0.0159615, -0.24428, 0.0403338, 0.837796, -0.460789, 0.292866, 0.402086, 0.883592, 0.239983, -0.369356, -0.0832991, 0.925547)
    Right Leg.CFrame = CFrame.new(-0.105959, -0.047243, -0.00280178, 0.892005, 0.448271, -0.0581408, -0.450671, 0.891894, -0.0376829, 0.0349633, 0.0598157, 0.997597)
    Left Arm.CFrame = CFrame.new(0.116729, -0.27639, -0.0138761, 0.961967, -0.131423, 0.239475, 0.0999571, 0.985213, 0.139156, -0.254222, -0.109926, 0.960878)

[31]
    Time: 1.000000
    HumanoidRootPart.CFrame = CFrame.new(0, 0, 0, 1, 0, 0, 0, 1, 0, 0, 0, 1)
    Torso.CFrame = CFrame.new(5.70435e-09, -2.32831e-10, -0.0315998, 0.998758, -0.0434067, 0.0244524, 0.0442811, 0.998355, -0.0364285, -0.0228309, 0.0374661, 0.999037)
    Head.CFrame = CFrame.new(1.12131e-06, -3.05139e-05, 2.38419e-07, 0.999572, -2.76486e-09, -0.0292595, 0.00131503, 0.99899, 0.0449243, 0.0292299, -0.0449435, 0.998562)
    Left Leg.CFrame = CFrame.new(-0.0735661, 0.168468, -0.00114718, 0.957022, 0.287776, -0.0359656, -0.287063, 0.957618, 0.0237393, 0.0412729, -0.0123946, 0.999071)
    Right Arm.CFrame = CFrame.new(-0.0107727, -0.248431, 0.0410155, 0.83343, -0.464975, 0.298652, 0.402334, 0.881012, 0.248889, -0.378843, -0.0872741, 0.921337)
    Right Leg.CFrame = CFrame.new(-0.10672, -0.0200729, -0.00286847, 0.886723, 0.458448, -0.0595653, -0.460966, 0.886577, -0.0386097, 0.0351087, 0.0616937, 0.997477)
    Left Arm.CFrame = CFrame.new(0.0911866, -0.271093, -0.0147092, 0.959534, -0.139232, 0.244762, 0.106251, 0.983974, 0.143198, -0.260778, -0.111397, 0.95895)

[32]
    Time: 1.033333
    HumanoidRootPart.CFrame = CFrame.new(0, 0, 0, 1, 0, 0, 0, 1, 0, 0, 0, 1)
    Torso.CFrame = CFrame.new(0.00664793, -0.00187533, -0.0315009, 0.998759, -0.0419048, 0.0269106, 0.0431513, 0.997937, -0.0475433, -0.0248628, 0.0486456, 0.998507)
    Head.CFrame = CFrame.new(1.0943e-06, -3.04878e-05, 5.66244e-07, 0.999593, 2.85218e-09, -0.0285141, 0.00128154, 0.99899, 0.0449262, 0.0284853, -0.0449445, 0.998583)
    Left Leg.CFrame = CFrame.new(-0.0532959, 0.126669, -0.0012556, 0.974234, 0.223312, -0.0316114, -0.22273, 0.974656, 0.0208984, 0.0354771, -0.0133191, 0.999282)
    Right Arm.CFrame = CFrame.new(-0.0443865, -0.25437, 0.0405002, 0.839916, -0.45858, 0.29025, 0.400644, 0.884681, 0.238378, -0.366094, -0.0839302, 0.926785)
    Right Leg.CFrame = CFrame.new(-0.0589102, 0.0607474, 0.00201893, 0.887033, 0.458116, -0.0574692, -0.460475, 0.886873, -0.0376844, 0.033704, 0.0598904, 0.997636)
    Left Arm.CFrame = CFrame.new(0.0600387, -0.264489, -0.0140034, 0.962929, -0.129026, 0.236898, 0.0981028, 0.985559, 0.13802, -0.251286, -0.109663, 0.961681)

[33]
    Time: 1.066667
    HumanoidRootPart.CFrame = CFrame.new(0, 0, 0, 1, 0, 0, 0, 1, 0, 0, 0, 1)
    Torso.CFrame = CFrame.new(0.0126131, -0.00768675, -0.0308087, 0.998861, -0.038382, 0.0283634, 0.0399769, 0.997517, -0.0579843, -0.0260674, 0.0590521, 0.997915)
    Head.CFrame = CFrame.new(1.01328e-06, -3.04971e-05, 7.45058e-07, 0.999651, 1.92667e-08, -0.0264166, 0.00118732, 0.998989, 0.0449314, 0.0263899, -0.0449471, 0.998641)
    Left Leg.CFrame = CFrame.new(-0.0378155, 0.0801877, -0.00130418, 0.989805, 0.140915, -0.0207252, -0.140649, 0.989963, 0.0137918, 0.0224607, -0.0107362, 0.99969)
    Right Arm.CFrame = CFrame.new(-0.0822041, -0.262095, 0.0390067, 0.857386, -0.440081, 0.266866, 0.393634, 0.894758, 0.210854, -0.331574, -0.0757358, 0.940384)
    Right Leg.CFrame = CFrame.new(0.068498, 0.171094, 0.0121509, 0.888697, 0.455533, -0.0520256, -0.457496, 0.88852, -0.0350774, 0.0302468, 0.0549747, 0.99803)
    Left Arm.CFrame = CFrame.new(0.0256235, -0.257098, -0.0120159, 0.971446, -0.100511, 0.214921, 0.0748115, 0.989388, 0.124555, -0.22516, -0.10492, 0.968656)

[34]
    Time: 1.100000
    HumanoidRootPart.CFrame = CFrame.new(0, 0, 0, 1, 0, 0, 0, 1, 0, 0, 0, 1)
    Torso.CFrame = CFrame.new(0.0178689, -0.0175373, -0.0256549, 0.999044, -0.0332455, 0.0284063, 0.0350721, 0.997175, -0.0664248, -0.0261178, 0.0673575, 0.997387)
    Head.CFrame = CFrame.new(9.27597e-07, -3.04785e-05, 5.66244e-07, 0.999731, 5.16884e-08, -0.0231747, 0.00104167, 0.998989, 0.0449386, 0.0231513, -0.0449507, 0.998721)
    Left Leg.CFrame = CFrame.new(-0.0236083, 0.0466073, -0.00131714, 0.998896, 0.0465052, -0.00657345, -0.0464759, 0.998909, 0.0045478, 0.00677777, -0.00423728, 0.999968)
    Right Arm.CFrame = CFrame.new(-0.120809, -0.270622, 0.0366154, 0.882265, -0.410088, 0.231163, 0.377744, 0.909755, 0.172209, -0.280922, -0.0646136, 0.957553)
    Right Leg.CFrame = CFrame.new(0.25002, 0.225117, 0.0208949, 0.893137, 0.447579, -0.0444818, -0.449042, 0.892971, -0.0310419, 0.0258273, 0.0476988, 0.998528)
    Left Arm.CFrame = CFrame.new(-0.00912211, -0.249577, -0.0089426, 0.98181, -0.0566992, 0.181204, 0.0378491, 0.993662, 0.105843, -0.186057, -0.0970592, 0.977733)

[35]
    Time: 1.133333
    HumanoidRootPart.CFrame = CFrame.new(0, 0, 0, 1, 0, 0, 0, 1, 0, 0, 0, 1)
    Torso.CFrame = CFrame.new(0.0223888, -0.0310882, -0.00109172, 0.999266, -0.0268426, 0.0273465, 0.0287503, 0.996995, -0.0719387, -0.0253333, 0.0726721, 0.997034)
    Head.CFrame = CFrame.new(7.86036e-07, -3.05045e-05, 3.27826e-07, 0.99982, 6.28643e-08, -0.0189963, 0.000853907, 0.998989, 0.0449465, 0.0189771, -0.0449546, 0.998809)
    Left Leg.CFrame = CFrame.new(-0.00727155, 0.0303214, -0.00131762, 0.998557, -0.0531654, 0.00763788, 0.0532025, 0.998573, -0.00473725, -0.00737512, 0.00513676, 0.99996)
    Right Arm.CFrame = CFrame.new(-0.156783, -0.278968, 0.0334052, 0.910568, -0.369229, 0.185839, 0.349951, 0.927867, 0.128828, -0.220001, -0.052272, 0.974098)
    Right Leg.CFrame = CFrame.new(0.426785, 0.241184, 0.0254157, 0.902088, 0.430078, -0.0356353, -0.43104, 0.901963, -0.0258329, 0.0210315, 0.0386638, 0.999031)
    Left Arm.CFrame = CFrame.new(-0.0412598, -0.242582, -0.00498003, 0.990411, -0.000842495, 0.138148, -0.0110169, 0.996315, 0.0850587, -0.137711, -0.0857651, 0.986752)

[36]
    Time: 1.166667
    HumanoidRootPart.CFrame = CFrame.new(0, 0, 0, 1, 0, 0, 0, 1, 0, 0, 0, 1)
    Torso.CFrame = CFrame.new(0.0261464, -0.0472372, 0.0332105, 0.999493, -0.0195109, 0.0251439, 0.0213255, 0.997027, -0.0740443, -0.0236245, 0.074543, 0.996938)
    Head.CFrame = CFrame.new(6.07688e-07, -3.04598e-05, 8.04663e-07, 0.999901, 6.37374e-08, -0.0140894, 0.000633365, 0.998989, 0.0449538, 0.0140751, -0.0449583, 0.99889)
    Left Leg.CFrame = CFrame.new(0.0119684, 0.0225344, -0.00132281, 0.988379, -0.150663, 0.0201997, 0.150939, 0.988458, -0.0129428, -0.0180166, 0.0158413, 0.999712)
    Right Arm.CFrame = CFrame.new(-0.18671, -0.286149, 0.0294564, 0.938368, -0.318716, 0.133736, 0.309099, 0.946955, 0.0879441, -0.154671, -0.0411862, 0.987107)
    Right Leg.CFrame = CFrame.new(0.506531, 0.245057, 0.0266722, 0.923567, 0.382565, -0.0258332, -0.383089, 0.923501, -0.0197083, 0.0163173, 0.0280983, 0.999472)
    Left Arm.CFrame = CFrame.new(-0.0678523, -0.236772, -0.000322878, 0.994089, 0.0632249, 0.0882561, -0.0691382, 0.995446, 0.0656334, -0.0837045, -0.0713473, 0.993933)

[37]
    Time: 1.200000
    HumanoidRootPart.CFrame = CFrame.new(0, 0, 0, 1, 0, 0, 0, 1, 0, 0, 0, 1)
    Torso.CFrame = CFrame.new(0.0291152, -0.0639183, 0.0637168, 0.999697, -0.011589, 0.0217252, 0.0131117, 0.997368, -0.0713078, -0.0208417, 0.0715711, 0.997218)
    Head.CFrame = CFrame.new(4.48897e-07, -3.05381e-05, -1.49012e-07, 0.999963, 4.709e-08, -0.00866187, 0.000389401, 0.998989, 0.0449593, 0.00865311, -0.044961, 0.998951)
    Left Leg.CFrame = CFrame.new(0.0322551, 0.0161366, -0.00134164, 0.970646, -0.238518, 0.0309028, 0.239183, 0.97077, -0.0199303, -0.0252458, 0.0267367, 0.999324)
    Right Arm.CFrame = CFrame.new(-0.207172, -0.291179, 0.0248485, 0.962293, -0.260632, 0.0778681, 0.256659, 0.964792, 0.0574722, -0.0901057, -0.0353195, 0.995306)
    Right Leg.CFrame = CFrame.new(0.502312, 0.250775, 0.0222014, 0.953712, 0.300327, -0.0154042, -0.300527, 0.953686, -0.0129277, 0.0108082, 0.0169587, 0.999798)
    Left Arm.CFrame = CFrame.new(-0.085962, -0.232805, 0.00483233, 0.990785, 0.131066, 0.0341634, -0.132706, 0.989831, 0.0512225, -0.0271025, -0.0552842, 0.998103)

[38]
    Time: 1.233333
    HumanoidRootPart.CFrame = CFrame.new(0, 0, 0, 1, 0, 0, 0, 1, 0, 0, 0, 1)
    Torso.CFrame = CFrame.new(0.0312685, -0.0783889, 0.0768933, 0.999848, -0.00331855, 0.0171266, 0.0044235, 0.997883, -0.0648873, -0.016875, 0.0649532, 0.997746)
    Head.CFrame = CFrame.new(2.60188e-07, -3.0512e-05, 2.68221e-07, 0.999996, 1.42318e-08, -0.00292195, 0.000131364, 0.998989, 0.0449623, 0.002919, -0.0449625, 0.998985)
    Left Leg.CFrame = CFrame.new(0.051618, 0.0130701, -0.00138307, 0.9499, -0.310034, 0.0396046, 0.311141, 0.950019, -0.0256072, -0.0296859, 0.0366469, 0.998887)
    Right Arm.CFrame = CFrame.new(-0.214752, -0.293074, 0.0196612, 0.979986, -0.197916, 0.0213905, 0.1968, 0.979384, 0.0455631, -0.0299672, -0.0404416, 0.998732)
    Right Leg.CFrame = CFrame.new(0.472778, 0.254521, 0.0177307, 0.980294, 0.197487, -0.00467716, -0.197512, 0.980284, -0.00575268, 0.00344887, 0.00656312, 0.999973)
    Left Arm.CFrame = CFrame.new(-0.0926514, -0.231336, 0.0102901, 0.979985, 0.197916, -0.0213907, -0.1968, 0.979384, 0.0455629, 0.0299674, -0.0404413, 0.998732)

[39]
    Time: 1.266667
    HumanoidRootPart.CFrame = CFrame.new(0, 0, 0, 1, 0, 0, 0, 1, 0, 0, 0, 1)
    Torso.CFrame = CFrame.new(0.03258, -0.0880878, 0.0764225, 0.999921, 0.00508992, 0.0114718, -0.00442384, 0.998344, -0.0573577, -0.0117448, 0.0573024, 0.998288)
    Head.CFrame = CFrame.new(8.90577e-08, -3.05027e-05, 8.9407e-08, 0.999996, -2.31521e-08, 0.00292212, -0.000131363, 0.998989, 0.0449623, -0.00291917, -0.0449625, 0.998984)
