[1]
    Time: 0.000000
    HumanoidRootPart.CFrame = CFrame.new(0, 0, 0, 1, 0, 0, 0, 1, 0, 0, 0, 1)
    Torso.CFrame = CFrame.new(0.0902331, -1.36248e-08, -0.329079, 0.860555, -0.46441, -0.209209, 0.472866, 0.881068, -0.0107538, 0.189322, -0.0896738, 0.977812)
    Left Leg.CFrame = CFrame.new(-0.726822, 0.0628663, -0.419293, 0.736405, -0.23499, -0.634419, 0.0480987, 0.953551, -0.297366, 0.674829, 0.188467, 0.713503)
    Right Arm.CFrame = CFrame.new(0.080126, -0.656264, -0.111667, -0.587393, -0.801257, -0.113826, 0.772142, -0.512722, -0.375384, 0.242418, -0.308388, 0.919854)
    Head.CFrame = CFrame.new(1.14553e-07, -6.33299e-08, 0, 0.652364, -0.681585, 0.331454, 0.540808, 0.725016, 0.426473, -0.530987, -0.0989631, 0.841581)
    Left Arm.CFrame = CFrame.new(-0.0801256, -0.656265, -0.111668, -0.587393, 0.801257, 0.113826, -0.772142, -0.512722, -0.375384, -0.242418, -0.308388, 0.919854)
    Right Leg.CFrame = CFrame.new(0.337679, 0.375032, 0.177567, 0.645845, 0.575406, -0.501789, -0.376937, 0.811879, 0.445838, 0.66393, -0.0987995, 0.741239)

[2]
    Time: 0.033333
    HumanoidRootPart.CFrame = CFrame.new(0, 0, 0, 1, 0, 0, 0, 1, 0, 0, 0, 1)
    Torso.CFrame = CFrame.new(0.126216, -9.7448e-09, -0.469429, 0.909635, -0.381083, -0.165349, 0.387456, 0.921863, 0.00687936, 0.149807, -0.070323, 0.986211)
    Left Leg.CFrame = CFrame.new(-0.863776, 0.180319, -0.405433, 0.768394, -0.320822, -0.553754, 0.183776, 0.939442, -0.289265, 0.613023, 0.120502, 0.780821)
    Right Arm.CFrame = CFrame.new(0.0801259, -0.656265, -0.111668, -0.587393, -0.801257, -0.113826, 0.772142, -0.512722, -0.375384, 0.242418, -0.308388, 0.919854)
    Head.CFrame = CFrame.new(3.3062e-08, -5.44824e-08, -9.32587e-15, 0.710034, -0.651747, 0.266605, 0.530763, 0.744153, 0.405619, -0.462756, -0.146499, 0.874297)
    Left Arm.CFrame = CFrame.new(-0.0801257, -0.656265, -0.111668, -0.587393, 0.801257, 0.113826, -0.772142, -0.512722, -0.375384, -0.242418, -0.308388, 0.919854)
    Right Leg.CFrame = CFrame.new(0.507284, 0.429782, 0.156315, 0.692856, 0.591201, -0.412834, -0.442186, 0.800594, 0.404378, 0.569581, -0.0976266, 0.816117)

[3]
    Time: 0.066667
    HumanoidRootPart.CFrame = CFrame.new(0, 0, 0, 1, 0, 0, 0, 1, 0, 0, 0, 1)
    Torso.CFrame = CFrame.new(0.162198, -9.59005e-09, -0.600226, 0.986292, -0.157195, -0.0501766, 0.158886, 0.986789, 0.031666, 0.0445359, -0.0392043, 0.998238)
    Left Leg.CFrame = CFrame.new(-0.941729, 0.302109, -0.217155, 0.847299, -0.427449, -0.315234, 0.382259, 0.902856, -0.196796, 0.368731, 0.0462445, 0.928385)
    Right Arm.CFrame = CFrame.new(0.0801258, -0.656265, -0.111668, -0.587393, -0.801257, -0.113827, 0.772142, -0.512722, -0.375384, 0.242418, -0.308388, 0.919854)
    Head.CFrame = CFrame.new(1.19675e-07, -7.45058e-09, -1.78814e-07, 0.818504, -0.566006, 0.0984283, 0.512051, 0.796427, 0.321727, -0.260491, -0.212935, 0.941702)
    Left Arm.CFrame = CFrame.new(-0.080126, -0.656265, -0.111668, -0.587393, 0.801257, 0.113826, -0.772142, -0.512722, -0.375384, -0.242418, -0.308388, 0.919854)
    Right Leg.CFrame = CFrame.new(0.724451, 0.453384, 0.0226778, 0.841525, 0.521072, -0.142546, -0.486977, 0.84593, 0.217385, 0.233858, -0.113518, 0.965621)

[4]
    Time: 0.100000
    HumanoidRootPart.CFrame = CFrame.new(0, 0, 0, 1, 0, 0, 0, 1, 0, 0, 0, 1)
    Torso.CFrame = CFrame.new(0.0450182, 6.53019e-10, -0.594154, 0.986655, 0.132951, 0.0940002, -0.135712, 0.990468, 0.0235846, -0.0899686, -0.0360268, 0.995293)
    Left Leg.CFrame = CFrame.new(-0.835505, 0.415229, 0.0191311, 0.843753, -0.530589, 0.0809681, 0.518583, 0.84479, 0.131913, -0.138393, -0.0693133, 0.987949)
    Right Arm.CFrame = CFrame.new(0.080126, -0.656264, -0.111668, -0.587393, -0.801257, -0.113827, 0.772142, -0.512722, -0.375384, 0.242418, -0.308388, 0.919854)
    Head.CFrame = CFrame.new(2.91038e-08, 1.86264e-09, -2.66454e-15, 0.874162, -0.474794, -0.102035, 0.485453, 0.86007, 0.156892, 0.0132656, -0.186682, 0.982331)
    Left Arm.CFrame = CFrame.new(-0.0801255, -0.656264, -0.111668, -0.587393, 0.801257, 0.113826, -0.772142, -0.512722, -0.375384, -0.242418, -0.308388, 0.919854)
    Right Leg.CFrame = CFrame.new(0.842699, 0.348601, -0.160826, 0.887655, 0.381118, 0.258492, -0.361123, 0.924394, -0.122828, -0.28576, 0.0156812, 0.958173)

[5]
    Time: 0.133333
    HumanoidRootPart.CFrame = CFrame.new(0, 0, 0, 1, 0, 0, 0, 1, 0, 0, 0, 1)
    Torso.CFrame = CFrame.new(-0.0721616, -1.14556e-08, -0.551652, 0.906666, 0.36856, 0.205234, -0.373624, 0.927459, -0.0149687, -0.195863, -0.0631086, 0.978599)
    Left Leg.CFrame = CFrame.new(-0.618733, 0.517143, 0.154693, 0.675182, -0.615059, 0.407225, 0.443044, 0.779519, 0.442788, -0.589781, -0.118544, 0.798815)
    Right Arm.CFrame = CFrame.new(0.0801262, -0.656265, -0.111668, -0.587393, -0.801257, -0.113826, 0.772142, -0.512722, -0.375384, 0.242418, -0.308388, 0.919854)
    Head.CFrame = CFrame.new(1.07568e-07, -1.30385e-08, -5.96046e-08, 0.863932, -0.4447, -0.236353, 0.452723, 0.891372, -0.0223015, 0.220596, -0.0877353, 0.971411)
    Left Arm.CFrame = CFrame.new(-0.0801258, -0.656265, -0.111668, -0.587393, 0.801257, 0.113826, -0.772142, -0.512722, -0.375384, -0.242418, -0.308388, 0.919854)
    Right Leg.CFrame = CFrame.new(0.839618, 0.238993, -0.343853, 0.787674, 0.294525, 0.541133, -0.132803, 0.938851, -0.317684, -0.601609, 0.178367, 0.778622)

[6]
    Time: 0.166667
    HumanoidRootPart.CFrame = CFrame.new(0, 0, 0, 1, 0, 0, 0, 1, 0, 0, 0, 1)
    Torso.CFrame = CFrame.new(-0.0657783, -4.96892e-09, -0.280169, 0.848101, 0.469444, 0.245657, -0.47503, 0.879065, -0.0398844, -0.234672, -0.0828687, 0.968536)
    Left Leg.CFrame = CFrame.new(-0.335276, 0.387349, 0.181189, 0.652131, -0.559354, 0.511712, 0.326367, 0.816377, 0.47646, -0.684259, -0.143708, 0.714939)
    Right Arm.CFrame = CFrame.new(0.0801257, -0.656264, -0.111667, -0.587393, -0.801257, -0.113827, 0.772142, -0.512722, -0.375384, 0.242417, -0.308388, 0.919854)
    Head.CFrame = CFrame.new(6.33299e-08, -1.11759e-08, 2.38419e-07, 0.845113, -0.457974, -0.275759, 0.447246, 0.888278, -0.104564, 0.292838, -0.0349636, 0.955523)
    Left Arm.CFrame = CFrame.new(-0.0801259, -0.656265, -0.111668, -0.587393, 0.801257, 0.113827, -0.772142, -0.512722, -0.375384, -0.242418, -0.308388, 0.919853)
    Right Leg.CFrame = CFrame.new(0.60151, -0.0131996, -0.33979, 0.754202, 0.155692, 0.637919, 0.0781885, 0.94328, -0.32266, -0.651971, 0.293228, 0.69925)

[7]
    Time: 0.200000
    HumanoidRootPart.CFrame = CFrame.new(0, 0, 0, 1, 0, 0, 0, 1, 0, 0, 0, 1)
    Torso.CFrame = CFrame.new(-0.074496, -1.85537e-08, -0.278735, 0.842795, 0.483918, 0.235627, -0.490207, 0.870894, -0.0352103, -0.222245, -0.085831, 0.971206)
    Left Leg.CFrame = CFrame.new(-0.316812, 0.372295, 0.191399, 0.638391, -0.563593, 0.524232, 0.336421, 0.816882, 0.468535, -0.692299, -0.122746, 0.711095)
    Right Arm.CFrame = CFrame.new(0.0801257, -0.656264, -0.111667, -0.587393, -0.801257, -0.113827, 0.772142, -0.512722, -0.375384, 0.242418, -0.308388, 0.919854)
    Head.CFrame = CFrame.new(9.87202e-08, 7.26432e-08, 1.06581e-14, 0.840717, -0.473255, -0.263105, 0.461721, 0.880398, -0.108229, 0.282857, -0.030491, 0.958677)
    Left Arm.CFrame = CFrame.new(-0.0801257, -0.656264, -0.111668, -0.587393, 0.801257, 0.113827, -0.772142, -0.512722, -0.375384, -0.242418, -0.308388, 0.919854)
    Right Leg.CFrame = CFrame.new(0.614083, -0.0016768, -0.354991, 0.742658, 0.162265, 0.649714, 0.0661934, 0.947661, -0.31234, -0.666391, 0.274969, 0.693048)

[8]
    Time: 0.233333
    HumanoidRootPart.CFrame = CFrame.new(0, 0, 0, 1, 0, 0, 0, 1, 0, 0, 0, 1)
    Torso.CFrame = CFrame.new(-0.090686, -8.65854e-09, -0.278206, 0.844199, 0.489653, 0.218101, -0.497096, 0.867384, -0.0232421, -0.200558, -0.0887964, 0.975649)
    Left Leg.CFrame = CFrame.new(-0.304286, 0.346154, 0.202015, 0.630734, -0.568142, 0.528572, 0.356851, 0.817214, 0.452569, -0.68908, -0.0968294, 0.718187)
    Right Arm.CFrame = CFrame.new(0.0801259, -0.656264, -0.111668, -0.587393, -0.801257, -0.113826, 0.772142, -0.512722, -0.375384, 0.242418, -0.308388, 0.919854)
    Head.CFrame = CFrame.new(4.47035e-08, -2.04891e-08, 1.19209e-07, 0.843303, -0.480114, -0.241518, 0.467375, 0.877003, -0.111471, 0.26533, -0.0188757, 0.963973)
    Left Arm.CFrame = CFrame.new(-0.0801256, -0.656265, -0.111668, -0.587393, 0.801257, 0.113827, -0.772142, -0.512722, -0.375384, -0.242418, -0.308388, 0.919854)
    Right Leg.CFrame = CFrame.new(0.635672, 0.0145458, -0.372714, 0.734554, 0.179398, 0.654406, 0.0340374, 0.953462, -0.299586, -0.677696, 0.242336, 0.694263)

[9]
    Time: 0.266667
    HumanoidRootPart.CFrame = CFrame.new(0, 0, 0, 1, 0, 0, 0, 1, 0, 0, 0, 1)
    Torso.CFrame = CFrame.new(-0.0994037, -1.10675e-08, -0.278131, 0.84598, 0.490628, 0.208812, -0.498718, 0.866621, -0.0157208, -0.188674, -0.090839, 0.977829)
    Left Leg.CFrame = CFrame.new(-0.299288, 0.33134, 0.206688, 0.627959, -0.570951, 0.52885, 0.368689, 0.816698, 0.443929, -0.685372, -0.083788, 0.723356)
    Right Arm.CFrame = CFrame.new(0.0801256, -0.656264, -0.111667, -0.587393, -0.801257, -0.113826, 0.772142, -0.512722, -0.375384, 0.242418, -0.308388, 0.919854)
    Head.CFrame = CFrame.new(7.54372e-08, -2.79396e-09, 2.38418e-07, 0.845687, -0.4817, -0.229735, 0.468266, 0.87626, -0.113559, 0.256009, -0.0115417, 0.966606)
    Left Arm.CFrame = CFrame.new(-0.0801255, -0.656265, -0.111668, -0.587393, 0.801257, 0.113827, -0.772142, -0.512722, -0.375384, -0.242418, -0.308388, 0.919854)
    Right Leg.CFrame = CFrame.new(0.646767, 0.0217695, -0.381236, 0.731253, 0.189909, 0.655136, 0.0148634, 0.955796, -0.293655, -0.681944, 0.224474, 0.696106)

[10]
    Time: 0.300000
    HumanoidRootPart.CFrame = CFrame.new(0, 0, 0, 1, 0, 0, 0, 1, 0, 0, 0, 1)
    Torso.CFrame = CFrame.new(-0.0979708, -1.50091e-08, -0.278927, 0.846395, 0.489887, 0.20887, -0.498183, 0.866949, -0.0145955, -0.18823, -0.0917017, 0.977835)
    Left Leg.CFrame = CFrame.new(-0.300876, 0.330273, 0.207331, 0.627744, -0.572079, 0.527886, 0.370853, 0.816035, 0.443345, -0.684402, -0.0825391, 0.724418)
    Right Arm.CFrame = CFrame.new(0.0801259, -0.656265, -0.111668, -0.587393, -0.801257, -0.113826, 0.772142, -0.512722, -0.375384, 0.242418, -0.308388, 0.919854)
    Head.CFrame = CFrame.new(1.77883e-07, 2.32831e-08, -2.38419e-07, 0.846112, -0.481156, -0.22931, 0.467478, 0.876573, -0.114385, 0.256044, -0.0104154, 0.966609)
    Left Arm.CFrame = CFrame.new(-0.0801254, -0.656264, -0.111668, -0.587393, 0.801257, 0.113826, -0.772142, -0.512722, -0.375384, -0.242418, -0.308388, 0.919854)
    Right Leg.CFrame = CFrame.new(0.648331, 0.0223663, -0.381867, 0.731432, 0.191874, 0.654364, 0.011902, 0.955859, -0.293584, -0.681811, 0.222525, 0.696862)

[11]
    Time: 0.333333
    HumanoidRootPart.CFrame = CFrame.new(0, 0, 0, 1, 0, 0, 0, 1, 0, 0, 0, 1)
    Torso.CFrame = CFrame.new(-0.0948184, -8.03457e-09, -0.284499, 0.84828, 0.486627, 0.208844, -0.495019, 0.868775, -0.0136695, -0.18809, -0.0917861, 0.977854)
    Left Leg.CFrame = CFrame.new(-0.30989, 0.331989, 0.20908, 0.628628, -0.573991, 0.524749, 0.375167, 0.814854, 0.441885, -0.681232, -0.0809121, 0.727583)
    Right Arm.CFrame = CFrame.new(0.0801259, -0.656264, -0.111667, -0.587393, -0.801257, -0.113826, 0.772142, -0.512722, -0.375384, 0.242418, -0.308388, 0.919854)
    Head.CFrame = CFrame.new(7.91624e-08, -4.65661e-09, -1.19209e-07, 0.847938, -0.477956, -0.229259, 0.464182, 0.878333, -0.11431, 0.256, -0.00949014, 0.96663)
    Left Arm.CFrame = CFrame.new(-0.0801257, -0.656265, -0.111668, -0.587393, 0.801257, 0.113827, -0.772142, -0.512722, -0.375384, -0.242418, -0.308388, 0.919854)
    Right Leg.CFrame = CFrame.new(0.655087, 0.0276048, -0.383815, 0.732899, 0.19591, 0.65152, 0.00509603, 0.956035, -0.293209, -0.680319, 0.218213, 0.699678)

[12]
    Time: 0.366667
    HumanoidRootPart.CFrame = CFrame.new(0, 0, 0, 1, 0, 0, 0, 1, 0, 0, 0, 1)
    Torso.CFrame = CFrame.new(-0.091666, -8.51056e-09, -0.299624, 0.852684, 0.478841, 0.208904, -0.48727, 0.873161, -0.0125296, -0.188407, -0.0911091, 0.977856)
    Left Leg.CFrame = CFrame.new(-0.331708, 0.339598, 0.211974, 0.63017, -0.578673, 0.517709, 0.382915, 0.811651, 0.441133, -0.675471, -0.0797502, 0.733061)
    Right Arm.CFrame = CFrame.new(0.0801257, -0.656264, -0.111668, -0.587393, -0.801257, -0.113826, 0.772142, -0.512722, -0.375384, 0.242418, -0.308388, 0.919854)
    Head.CFrame = CFrame.new(3.81842e-08, 9.31322e-09, 0, 0.852167, -0.47012, -0.22978, 0.456351, 0.882563, -0.113254, 0.256039, -0.0083493, 0.966631)
    Left Arm.CFrame = CFrame.new(-0.0801258, -0.656264, -0.111668, -0.587393, 0.801257, 0.113827, -0.772142, -0.512722, -0.375384, -0.242418, -0.308388, 0.919854)
    Right Leg.CFrame = CFrame.new(0.671448, 0.0404441, -0.38828, 0.736001, 0.205429, 0.64506, -0.00875428, 0.955656, -0.294354, -0.676924, 0.210998, 0.705162)

[13]
    Time: 0.400000
    HumanoidRootPart.CFrame = CFrame.new(0, 0, 0, 1, 0, 0, 0, 1, 0, 0, 0, 1)
    Torso.CFrame = CFrame.new(-0.0902331, -5.00163e-09, -0.329079, 0.860555, 0.46441, 0.209209, -0.472866, 0.881068, -0.0107538, -0.189322, -0.0896737, 0.977812)
    Left Leg.CFrame = CFrame.new(-0.370964, 0.356613, 0.214547, 0.632205, -0.587646, 0.504964, 0.394716, 0.805095, 0.442743, -0.666721, -0.080587, 0.740938)
    Right Arm.CFrame = CFrame.new(0.0801257, -0.656264, -0.111667, -0.587393, -0.801257, -0.113826, 0.772142, -0.512722, -0.375384, 0.242418, -0.308388, 0.919854)
    Head.CFrame = CFrame.new(-1.53668e-08, -2.6077e-08, 2.13163e-14, 0.859695, -0.455562, -0.23106, 0.441852, 0.89018, -0.111117, 0.256305, -0.00656775, 0.966574)
    Left Arm.CFrame = CFrame.new(-0.0801257, -0.656264, -0.111668, -0.587392, 0.801257, 0.113826, -0.772142, -0.512722, -0.375384, -0.242418, -0.308388, 0.919854)
    Right Leg.CFrame = CFrame.new(0.69991, 0.0630653, -0.39414, 0.741075, 0.222889, 0.633347, -0.0314092, 0.953767, -0.2989, -0.670687, 0.201614, 0.713814)

[14]
    Time: 0.433333
    HumanoidRootPart.CFrame = CFrame.new(0, 0, 0, 1, 0, 0, 0, 1, 0, 0, 0, 1)
    Torso.CFrame = CFrame.new(-0.126215, -8.88167e-09, -0.474205, 0.914874, 0.368307, 0.165395, -0.374692, 0.927114, 0.00806405, -0.15037, -0.06935, 0.986194)
    Left Leg.CFrame = CFrame.new(-0.56831, 0.405435, 0.189713, 0.682796, -0.608758, 0.403983, 0.466604, 0.788827, 0.400039, -0.5622, -0.0846451, 0.822658)
    Right Arm.CFrame = CFrame.new(0.080126, -0.656264, -0.111668, -0.587393, -0.801257, -0.113826, 0.772142, -0.512722, -0.375384, 0.242418, -0.308388, 0.919854)
    Head.CFrame = CFrame.new(3.84171e-08, -1.53668e-08, 1.19209e-07, 0.913914, -0.356787, -0.193556, 0.346522, 0.934118, -0.0857118, 0.211385, 0.0112621, 0.977338)
    Left Arm.CFrame = CFrame.new(-0.0801255, -0.656264, -0.111668, -0.587393, 0.801257, 0.113826, -0.772142, -0.512722, -0.375384, -0.242418, -0.308388, 0.919854)
    Right Leg.CFrame = CFrame.new(0.822616, 0.187136, -0.360814, 0.782773, 0.306523, 0.541581, -0.164875, 0.94133, -0.294471, -0.600069, 0.141211, 0.787386)

[15]
    Time: 0.466667
    HumanoidRootPart.CFrame = CFrame.new(0, 0, 0, 1, 0, 0, 0, 1, 0, 0, 0, 1)
    Torso.CFrame = CFrame.new(-0.162198, -5.31113e-09, -0.600226, 0.988724, 0.141228, 0.0498009, -0.142915, 0.989214, 0.0321009, -0.0447302, -0.0388562, 0.998243)
    Left Leg.CFrame = CFrame.new(-0.805451, 0.415656, 0.0315456, 0.826726, -0.547757, 0.128403, 0.516415, 0.829387, 0.213147, -0.223248, -0.109905, 0.968546)
    Right Arm.CFrame = CFrame.new(0.080126, -0.656265, -0.111668, -0.587393, -0.801257, -0.113826, 0.772142, -0.512722, -0.375384, 0.242418, -0.308388, 0.919854)
    Head.CFrame = CFrame.new(1.12224e-07, -5.58794e-09, -1.19209e-07, 0.988254, -0.125034, -0.0878676, 0.121537, 0.991607, -0.044103, 0.0926444, 0.0329059, 0.995155)
    Left Arm.CFrame = CFrame.new(-0.0801256, -0.656264, -0.111668, -0.587393, 0.801257, 0.113826, -0.772142, -0.512722, -0.375384, -0.242418, -0.308388, 0.919854)
    Right Leg.CFrame = CFrame.new(0.867153, 0.323891, -0.172267, 0.866552, 0.399665, 0.298925, -0.352395, 0.914099, -0.200601, -0.35342, 0.0684918, 0.932954)

[16]
    Time: 0.500000
    HumanoidRootPart.CFrame = CFrame.new(0, 0, 0, 1, 0, 0, 0, 1, 0, 0, 0, 1)
    Torso.CFrame = CFrame.new(-0.0450181, -6.53042e-10, -0.594154, 0.985141, -0.143614, -0.0941892, 0.146375, 0.98896, 0.0230609, 0.0898376, -0.0365052, 0.995287)
    Left Leg.CFrame = CFrame.new(-0.915792, 0.323991, -0.193171, 0.871651, -0.409809, -0.268852, 0.391367, 0.912171, -0.121555, 0.295054, 0.000733137, 0.95548)
    Right Arm.CFrame = CFrame.new(0.0801256, -0.656264, -0.111668, -0.587393, -0.801257, -0.113826, 0.772142, -0.512722, -0.375384, 0.242418, -0.308388, 0.919854)
    Head.CFrame = CFrame.new(7.4273e-08, 1.86265e-09, 1.19209e-07, 0.985415, 0.161948, 0.0522489, -0.160536, 0.986567, -0.0302153, -0.0564404, 0.0213868, 0.998177)
    Left Arm.CFrame = CFrame.new(-0.0801255, -0.656264, -0.111668, -0.587393, 0.801257, 0.113826, -0.772142, -0.512722, -0.375384, -0.242418, -0.308388, 0.919854)
    Right Leg.CFrame = CFrame.new(0.750076, 0.457187, 0.0143489, 0.862616, 0.497533, -0.0913987, -0.484519, 0.864554, 0.133369, 0.145375, -0.0707617, 0.986843)

[17]
    Time: 0.533333
    HumanoidRootPart.CFrame = CFrame.new(0, 0, 0, 1, 0, 0, 0, 1, 0, 0, 0, 1)
    Torso.CFrame = CFrame.new(0.0721616, -1.08961e-08, -0.551652, 0.905374, -0.371757, -0.20517, 0.376819, 0.92616, -0.0153274, 0.195718, -0.0634348, 0.978606)
    Left Leg.CFrame = CFrame.new(-0.888416, 0.233447, -0.385231, 0.77661, -0.315733, -0.545152, 0.159404, 0.935669, -0.314824, 0.609482, 0.157596, 0.776978)
    Right Arm.CFrame = CFrame.new(0.0801258, -0.656265, -0.111668, -0.587393, -0.801257, -0.113826, 0.772142, -0.512722, -0.375384, 0.242418, -0.308388, 0.919854)
    Head.CFrame = CFrame.new(1.44821e-07, -2.42143e-08, -2.98023e-07, 0.906096, 0.388491, 0.167524, -0.385545, 0.921271, -0.0511248, -0.174196, -0.0182641, 0.984542)
    Left Arm.CFrame = CFrame.new(-0.0801259, -0.656264, -0.111668, -0.587393, 0.801257, 0.113826, -0.772142, -0.512722, -0.375384, -0.242418, -0.308388, 0.919854)
    Right Leg.CFrame = CFrame.new(0.559471, 0.549889, 0.105076, 0.695603, 0.591962, -0.407085, -0.41351, 0.793259, 0.446934, 0.587492, -0.142555, 0.796575)

[18]
    Time: 0.566667
    HumanoidRootPart.CFrame = CFrame.new(0, 0, 0, 1, 0, 0, 0, 1, 0, 0, 0, 1)
    Torso.CFrame = CFrame.new(0.0657783, -1.73828e-08, -0.280169, 0.848101, -0.469444, -0.245658, 0.47503, 0.879065, -0.0398844, 0.234672, -0.0828688, 0.968536)
    Left Leg.CFrame = CFrame.new(-0.621006, -0.0103339, -0.357077, 0.751431, -0.164684, -0.638929, -0.0660858, 0.944697, -0.321218, 0.656494, 0.283597, 0.698991)
    Right Arm.CFrame = CFrame.new(0.0801259, -0.656265, -0.111667, -0.587393, -0.801257, -0.113827, 0.772142, -0.512722, -0.375384, 0.242417, -0.308388, 0.919854)
    Head.CFrame = CFrame.new(4.65661e-08, 2.6077e-08, -5.96046e-08, 0.848715, 0.483092, 0.215188, -0.47968, 0.874532, -0.0714174, -0.22269, -0.0426082, 0.973958)
    Left Arm.CFrame = CFrame.new(-0.0801255, -0.656265, -0.111668, -0.587393, 0.801257, 0.113827, -0.772142, -0.512722, -0.375384, -0.242418, -0.308388, 0.919854)
    Right Leg.CFrame = CFrame.new(0.303738, 0.40124, 0.146064, 0.664381, 0.547742, -0.508505, -0.309767, 0.820985, 0.479612, 0.680178, -0.161127, 0.715119)

[19]
    Time: 0.600000
    HumanoidRootPart.CFrame = CFrame.new(0, 0, 0, 1, 0, 0, 0, 1, 0, 0, 0, 1)
    Torso.CFrame = CFrame.new(0.074496, -3.798e-09, -0.278735, 0.842792, -0.483929, -0.235615, 0.490195, 0.870897, -0.0353109, 0.222285, -0.0857379, 0.971205)
    Left Leg.CFrame = CFrame.new(-0.633949, 0.000958156, -0.373294, 0.739753, -0.17128, -0.650714, -0.0537443, 0.94893, -0.310874, 0.670729, 0.264942, 0.692769)
    Right Arm.CFrame = CFrame.new(0.0801259, -0.656264, -0.111667, -0.587393, -0.801257, -0.113826, 0.772142, -0.512722, -0.375384, 0.242418, -0.308388, 0.919854)
    Head.CFrame = CFrame.new(-4.47033e-08, 5.5879e-09, -5.96046e-08, 0.842967, 0.495081, 0.210481, -0.490249, 0.868053, -0.0783595, -0.221503, -0.0371335, 0.974452)
    Left Arm.CFrame = CFrame.new(-0.0801257, -0.656264, -0.111668, -0.587393, 0.801257, 0.113826, -0.772142, -0.512722, -0.375384, -0.242418, -0.308388, 0.919854)
    Right Leg.CFrame = CFrame.new(0.286362, 0.386483, 0.156373, 0.650596, 0.552474, -0.521054, -0.320021, 0.821672, 0.471637, 0.688702, -0.140097, 0.71138)

[20]
    Time: 0.633333
    HumanoidRootPart.CFrame = CFrame.new(0, 0, 0, 1, 0, 0, 0, 1, 0, 0, 0, 1)
    Torso.CFrame = CFrame.new(0.090686, 1.20796e-09, -0.278206, 0.844193, -0.489674, -0.218078, 0.497075, 0.867391, -0.0234436, 0.200639, -0.0886102, 0.97565)
    Left Leg.CFrame = CFrame.new(-0.65672, 0.0164174, -0.39271, 0.731291, -0.188719, -0.655438, -0.0208594, 0.954322, -0.298051, 0.681746, 0.231634, 0.693951)
    Right Arm.CFrame = CFrame.new(0.080126, -0.656264, -0.111668, -0.587393, -0.801257, -0.113827, 0.772142, -0.512722, -0.375384, 0.242418, -0.308388, 0.919854)
    Head.CFrame = CFrame.new(1.49943e-07, -3.91155e-08, -5.96046e-08, 0.844156, 0.498664, 0.196811, -0.491826, 0.866453, -0.0858267, -0.213326, -0.0243455, 0.976678)
    Left Arm.CFrame = CFrame.new(-0.0801256, -0.656265, -0.111668, -0.587393, 0.801257, 0.113826, -0.772142, -0.512722, -0.375384, -0.242418, -0.308388, 0.919854)
    Right Leg.CFrame = CFrame.new(0.274782, 0.361147, 0.167775, 0.642801, 0.557421, -0.525442, -0.340761, 0.822394, 0.455576, 0.686068, -0.113795, 0.718583)

[21]
    Time: 0.666667
    HumanoidRootPart.CFrame = CFrame.new(0, 0, 0, 1, 0, 0, 0, 1, 0, 0, 0, 1)
    Torso.CFrame = CFrame.new(0.0994037, -1.50095e-08, -0.278131, 0.84598, -0.490628, -0.208812, 0.498718, 0.866621, -0.0157208, 0.188674, -0.0908391, 0.977829)
    Left Leg.CFrame = CFrame.new(-0.668689, 0.0230614, -0.402296, 0.727689, -0.199845, -0.656149, -0.000832766, 0.956356, -0.292204, 0.685907, 0.21318, 0.695763)
    Right Arm.CFrame = CFrame.new(0.0801258, -0.656265, -0.111668, -0.587393, -0.801257, -0.113827, 0.772142, -0.512722, -0.375384, 0.242418, -0.308388, 0.919854)
    Head.CFrame = CFrame.new(9.68575e-08, -2.6077e-08, -3.55271e-14, 0.846054, 0.496937, 0.192992, -0.488453, 0.867643, -0.0927798, -0.213554, -0.0157707, 0.976804)
    Left Arm.CFrame = CFrame.new(-0.0801256, -0.656265, -0.111668, -0.587393, 0.801257, 0.113826, -0.772142, -0.512722, -0.375384, -0.242418, -0.308388, 0.919854)
    Right Leg.CFrame = CFrame.new(0.270178, 0.346513, 0.173023, 0.63978, 0.560681, -0.52566, -0.353085, 0.821929, 0.446949, 0.682651, -0.100346, 0.723822)

[22]
    Time: 0.700000
    HumanoidRootPart.CFrame = CFrame.new(0, 0, 0, 1, 0, 0, 0, 1, 0, 0, 0, 1)
    Torso.CFrame = CFrame.new(0.0970262, -1.09253e-08, -0.27828, 0.849858, -0.483789, -0.20902, 0.492138, 0.870411, -0.013627, 0.188526, -0.0912855, 0.977816)
    Left Leg.CFrame = CFrame.new(-0.669427, 0.0214039, -0.39879, 0.731965, -0.203171, -0.650345, 0.00472781, 0.955997, -0.293337, 0.681326, 0.211638, 0.700717)
    Right Arm.CFrame = CFrame.new(0.0801259, -0.656264, -0.111668, -0.587393, -0.801257, -0.113827, 0.772142, -0.512722, -0.375384, 0.242417, -0.308388, 0.919854)
    Head.CFrame = CFrame.new(9.49949e-08, 2.04891e-08, -5.96046e-08, 0.849975, 0.487012, 0.200904, -0.477278, 0.873301, -0.0977298, -0.223046, -0.0128192, 0.974724)
    Left Arm.CFrame = CFrame.new(-0.0801256, -0.656264, -0.111668, -0.587393, 0.801257, 0.113827, -0.772142, -0.512722, -0.375384, -0.242418, -0.308388, 0.919854)
    Right Leg.CFrame = CFrame.new(0.277279, 0.345047, 0.172026, 0.645224, 0.560542, -0.519114, -0.355904, 0.821775, 0.444993, 0.676032, -0.102365, 0.729728)

[23]
    Time: 0.733333
    HumanoidRootPart.CFrame = CFrame.new(0, 0, 0, 1, 0, 0, 0, 1, 0, 0, 0, 1)
    Torso.CFrame = CFrame.new(0.0926107, -1.02585e-08, -0.279319, 0.856863, -0.471207, -0.209163, 0.47965, 0.877383, -0.0116387, 0.189, -0.0903523, 0.977812)
    Left Leg.CFrame = CFrame.new(-0.670807, 0.0200866, -0.391909, 0.740182, -0.206853, -0.639799, 0.0125208, 0.955581, -0.294463, 0.67229, 0.209945, 0.709894)
    Right Arm.CFrame = CFrame.new(0.0801257, -0.656264, -0.111668, -0.587393, -0.801257, -0.113827, 0.772142, -0.512722, -0.375384, 0.242418, -0.308388, 0.919854)
    Head.CFrame = CFrame.new(6.70552e-08, -9.31322e-10, -3.57628e-07, 0.856816, 0.471303, 0.209141, -0.460516, 0.881915, -0.100754, -0.231931, -0.00998554, 0.972681)
    Left Arm.CFrame = CFrame.new(-0.0801256, -0.656265, -0.111668, -0.587393, 0.801257, 0.113826, -0.772142, -0.512722, -0.375384, -0.242418, -0.308388, 0.919854)
    Right Leg.CFrame = CFrame.new(0.291275, 0.344748, 0.169701, 0.656224, 0.558453, -0.507444, -0.35907, 0.822588, 0.440928, 0.663655, -0.107139, 0.740326)

[24]
    Time: 0.766667
    HumanoidRootPart.CFrame = CFrame.new(0, 0, 0, 1, 0, 0, 0, 1, 0, 0, 0, 1)
    Torso.CFrame = CFrame.new(0.0902331, -1.36248e-08, -0.282141, 0.860555, -0.46441, -0.209209, 0.472866, 0.881068, -0.0107538, 0.189322, -0.0896738, 0.977812)
    Left Leg.CFrame = CFrame.new(-0.674235, 0.0215074, -0.389741, 0.744203, -0.209916, -0.634111, 0.0180547, 0.955309, -0.295056, 0.667709, 0.208133, 0.714734)
    Right Arm.CFrame = CFrame.new(0.0801258, -0.656264, -0.111668, -0.587393, -0.801257, -0.113826, 0.772142, -0.512722, -0.375384, 0.242417, -0.308388, 0.919854)
    Head.CFrame = CFrame.new(8.00937e-08, 9.31323e-10, 2.38419e-07, 0.860264, 0.461597, 0.216507, -0.449904, 0.887051, -0.103571, -0.23986, -0.00830864, 0.970772)
    Left Arm.CFrame = CFrame.new(-0.0801256, -0.656264, -0.111668, -0.587393, 0.801257, 0.113826, -0.772142, -0.512722, -0.375384, -0.242418, -0.308388, 0.919854)
    Right Leg.CFrame = CFrame.new(0.300662, 0.346142, 0.168782, 0.661429, 0.557976, -0.501172, -0.361327, 0.82263, 0.439002, 0.657232, -0.109282, 0.745723)

[25]
    Time: 0.800000
    HumanoidRootPart.CFrame = CFrame.new(0, 0, 0, 1, 0, 0, 0, 1, 0, 0, 0, 1)
    Torso.CFrame = CFrame.new(0.0902331, -1.36248e-08, -0.287637, 0.860555, -0.46441, -0.209209, 0.472867, 0.881068, -0.0107538, 0.189322, -0.0896738, 0.977812)
    Left Leg.CFrame = CFrame.new(-0.680911, 0.0264131, -0.393642, 0.743261, -0.213123, -0.634146, 0.0219136, 0.955147, -0.295321, 0.668643, 0.205604, 0.714594)
    Right Arm.CFrame = CFrame.new(0.0801261, -0.656264, -0.111667, -0.587393, -0.801257, -0.113827, 0.772142, -0.512722, -0.375384, 0.242418, -0.308388, 0.919854)
    Head.CFrame = CFrame.new(5.58798e-09, -2.14204e-08, 0, 0.860067, 0.459139, 0.222433, -0.446644, 0.888332, -0.10666, -0.246566, -0.00761377, 0.969096)
    Left Arm.CFrame = CFrame.new(-0.0801258, -0.656265, -0.111668, -0.587393, 0.801257, 0.113826, -0.772142, -0.512722, -0.375384, -0.242418, -0.308388, 0.919854)
    Right Leg.CFrame = CFrame.new(0.305242, 0.349502, 0.170003, 0.659552, 0.56013, -0.501244, -0.363306, 0.82134, 0.439783, 0.658028, -0.107954, 0.745215)

[26]
    Time: 0.833333
    HumanoidRootPart.CFrame = CFrame.new(0, 0, 0, 1, 0, 0, 0, 1, 0, 0, 0, 1)
    Torso.CFrame = CFrame.new(0.0902331, -1.36248e-08, -0.296698, 0.860555, -0.46441, -0.209209, 0.472866, 0.881068, -0.0107538, 0.189322, -0.0896738, 0.977812)
    Left Leg.CFrame = CFrame.new(-0.691656, 0.0345102, -0.399834, 0.741716, -0.21827, -0.634205, 0.0280999, 0.954849, -0.29576, 0.670126, 0.201549, 0.71436)
    Right Arm.CFrame = CFrame.new(0.0801261, -0.656264, -0.111668, -0.587393, -0.801257, -0.113826, 0.772142, -0.512722, -0.375384, 0.242418, -0.308388, 0.919854)
    Head.CFrame = CFrame.new(1.39698e-07, -2.8871e-08, 0, 0.859881, 0.457233, 0.22703, -0.444097, 0.889319, -0.10904, -0.251759, -0.00706148, 0.967764)
    Left Arm.CFrame = CFrame.new(-0.0801258, -0.656264, -0.111668, -0.587393, 0.801257, 0.113826, -0.772142, -0.512722, -0.375384, -0.242418, -0.308388, 0.919854)
    Right Leg.CFrame = CFrame.new(0.312586, 0.355006, 0.171889, 0.656496, 0.563602, -0.501363, -0.366465, 0.819238, 0.441081, 0.65933, -0.105836, 0.744367)

[27]
    Time: 0.866667
    HumanoidRootPart.CFrame = CFrame.new(0, 0, 0, 1, 0, 0, 0, 1, 0, 0, 0, 1)
    Torso.CFrame = CFrame.new(0.0902331, -1.36248e-08, -0.310215, 0.860555, -0.46441, -0.209209, 0.472867, 0.881068, -0.0107538, 0.189322, -0.0896738, 0.977812)
    Left Leg.CFrame = CFrame.new(-0.706873, 0.0464156, -0.408413, 0.739464, -0.22553, -0.634294, 0.0368029, 0.954347, -0.296424, 0.672189, 0.195851, 0.714006)
    Right Arm.CFrame = CFrame.new(0.0801261, -0.656264, -0.111667, -0.587393, -0.801257, -0.113827, 0.772142, -0.512722, -0.375384, 0.242418, -0.308388, 0.919854)
    Head.CFrame = CFrame.new(8.00938e-08, -2.8871e-08, 0, 0.859746, 0.456, 0.230003, -0.442441, 0.889955, -0.110573, -0.255114, -0.00669803, 0.966888)
    Left Arm.CFrame = CFrame.new(-0.0801258, -0.656265, -0.111668, -0.587393, 0.801257, 0.113826, -0.772142, -0.512722, -0.375384, -0.242418, -0.308388, 0.919854)
    Right Leg.CFrame = CFrame.new(0.323273, 0.363299, 0.174459, 0.652, 0.568641, -0.501541, -0.370988, 0.816137, 0.443045, 0.661259, -0.102799, 0.74308)

[28]
    Time: 0.900000
    HumanoidRootPart.CFrame = CFrame.new(0, 0, 0, 1, 0, 0, 0, 1, 0, 0, 0, 1)
    Torso.CFrame = CFrame.new(0.0902331, -1.36248e-08, -0.329079, 0.860555, -0.46441, -0.209209, 0.472866, 0.881068, -0.0107538, 0.189322, -0.0896738, 0.977812)
    Left Leg.CFrame = CFrame.new(-0.726822, 0.0628663, -0.419293, 0.736405, -0.23499, -0.634419, 0.0480987, 0.953551, -0.297366, 0.674829, 0.188467, 0.713503)
    Right Arm.CFrame = CFrame.new(0.080126, -0.656264, -0.111667, -0.587393, -0.801257, -0.113826, 0.772142, -0.512722, -0.375384, 0.242418, -0.308388, 0.919854)
    Head.CFrame = CFrame.new(1.39698e-07, 9.31323e-10, 0, 0.859695, 0.455562, 0.23106, -0.441852, 0.89018, -0.111117, -0.256305, -0.00656772, 0.966574)
    Left Arm.CFrame = CFrame.new(-0.0801256, -0.656265, -0.111668, -0.587393, 0.801257, 0.113826, -0.772142, -0.512722, -0.375384, -0.242418, -0.308388, 0.919854)
    Right Leg.CFrame = CFrame.new(0.337679, 0.375032, 0.177567, 0.645845, 0.575406, -0.501789, -0.376937, 0.811879, 0.445838, 0.66393, -0.0987995, 0.741239)

[29]
    Time: 0.933333
    HumanoidRootPart.CFrame = CFrame.new(0, 0, 0, 1, 0, 0, 0, 1, 0, 0, 0, 1)
    Torso.CFrame = CFrame.new(0.126216, -9.7448e-09, -0.470111, 0.909635, -0.381083, -0.165349, 0.387456, 0.921863, 0.00687937, 0.149807, -0.070323, 0.986211)
    Left Leg.CFrame = CFrame.new(-0.864208, 0.18086, -0.405533, 0.768305, -0.32102, -0.553763, 0.183976, 0.939388, -0.289316, 0.613074, 0.120404, 0.780797)
    Right Arm.CFrame = CFrame.new(0.0801259, -0.656264, -0.111668, -0.587393, -0.801257, -0.113826, 0.772142, -0.512722, -0.375384, 0.242418, -0.308388, 0.919854)
    Head.CFrame = CFrame.new(8.54488e-08, 1.16415e-08, 2.38419e-07, 0.908964, 0.369717, 0.192598, -0.359421, 0.92909, -0.0872255, -0.211189, 0.0100612, 0.977393)
    Left Arm.CFrame = CFrame.new(-0.0801256, -0.656264, -0.111668, -0.587393, 0.801257, 0.113826, -0.772142, -0.512722, -0.375384, -0.242418, -0.308388, 0.919854)
    Right Leg.CFrame = CFrame.new(0.507657, 0.430274, 0.156263, 0.692695, 0.591378, -0.412851, -0.442307, 0.800469, 0.404492, 0.569682, -0.0975826, 0.816051)

[30]
    Time: 0.966667
    HumanoidRootPart.CFrame = CFrame.new(0, 0, 0, 1, 0, 0, 0, 1, 0, 0, 0, 1)
    Torso.CFrame = CFrame.new(0.162198, -9.59005e-09, -0.600226, 0.986292, -0.157195, -0.0501765, 0.158886, 0.986789, 0.031666, 0.0445359, -0.0392043, 0.998238)
    Left Leg.CFrame = CFrame.new(-0.941729, 0.302109, -0.217155, 0.847299, -0.427449, -0.315234, 0.382259, 0.902856, -0.196796, 0.368731, 0.0462444, 0.928385)
    Right Arm.CFrame = CFrame.new(0.080126, -0.656264, -0.111668, -0.587393, -0.801257, -0.113827, 0.772142, -0.512722, -0.375384, 0.242418, -0.308388, 0.919854)
    Head.CFrame = CFrame.new(1.03842e-07, 3.72529e-09, 0, 0.98614, 0.141314, 0.0869346, -0.137814, 0.989433, -0.0450579, -0.0923832, 0.0324527, 0.995195)
    Left Arm.CFrame = CFrame.new(-0.080126, -0.656265, -0.111668, -0.587393, 0.801257, 0.113826, -0.772142, -0.512722, -0.375384, -0.242418, -0.308388, 0.919854)
    Right Leg.CFrame = CFrame.new(0.724451, 0.453385, 0.0226778, 0.841525, 0.521072, -0.142546, -0.486977, 0.84593, 0.217385, 0.233858, -0.113518, 0.965621)

[31]
    Time: 1.000000
    HumanoidRootPart.CFrame = CFrame.new(0, 0, 0, 1, 0, 0, 0, 1, 0, 0, 0, 1)
    Torso.CFrame = CFrame.new(0.0450182, 6.5302e-10, -0.594154, 0.986655, 0.132951, 0.0940002, -0.135712, 0.990468, 0.0235846, -0.0899686, -0.0360268, 0.995293)
    Left Leg.CFrame = CFrame.new(-0.835505, 0.415229, 0.0191311, 0.843753, -0.530589, 0.0809681, 0.518583, 0.84479, 0.131913, -0.138393, -0.0693133, 0.987949)
    Right Arm.CFrame = CFrame.new(0.080126, -0.656264, -0.111668, -0.587393, -0.801257, -0.113827, 0.772142, -0.512722, -0.375384, 0.242418, -0.308388, 0.919854)
    Head.CFrame = CFrame.new(3.14321e-08, -1.67638e-08, 0, 0.987114, -0.150754, -0.0536542, 0.14929, 0.988328, -0.0303466, 0.0576028, 0.0219455, 0.998098)
    Left Arm.CFrame = CFrame.new(-0.0801255, -0.656264, -0.111668, -0.587393, 0.801257, 0.113826, -0.772142, -0.512722, -0.375384, -0.242418, -0.308388, 0.919854)
    Right Leg.CFrame = CFrame.new(0.842699, 0.348601, -0.160826, 0.887655, 0.381117, 0.258492, -0.361123, 0.924394, -0.122828, -0.28576, 0.0156812, 0.958173)

[32]
    Time: 1.033333
    HumanoidRootPart.CFrame = CFrame.new(0, 0, 0, 1, 0, 0, 0, 1, 0, 0, 0, 1)
    Torso.CFrame = CFrame.new(-0.0721616, -1.14556e-08, -0.551652, 0.906666, 0.36856, 0.205234, -0.373624, 0.927459, -0.0149687, -0.195863, -0.0631086, 0.978599)
    Left Leg.CFrame = CFrame.new(-0.618733, 0.517143, 0.154693, 0.675182, -0.615059, 0.407225, 0.443044, 0.779519, 0.442788, -0.589781, -0.118544, 0.798815)
    Right Arm.CFrame = CFrame.new(0.0801262, -0.656265, -0.111668, -0.587393, -0.801257, -0.113826, 0.772142, -0.512722, -0.375384, 0.242418, -0.308388, 0.919854)
    Head.CFrame = CFrame.new(1.0943e-07, -1.76951e-08, -5.96046e-08, 0.907413, -0.384484, -0.169626, 0.3814, 0.922961, -0.0517397, 0.176451, -0.0177459, 0.984149)
    Left Arm.CFrame = CFrame.new(-0.0801255, -0.656265, -0.111668, -0.587393, 0.801257, 0.113827, -0.772142, -0.512722, -0.375384, -0.242418, -0.308388, 0.919854)
    Right Leg.CFrame = CFrame.new(0.839618, 0.238993, -0.343853, 0.787674, 0.294525, 0.541133, -0.132803, 0.93885, -0.317684, -0.601609, 0.178367, 0.778622)

[33]
    Time: 1.066667
    HumanoidRootPart.CFrame = CFrame.new(0, 0, 0, 1, 0, 0, 0, 1, 0, 0, 0, 1)
    Torso.CFrame = CFrame.new(-0.0657783, -4.96894e-09, -0.280169, 0.848101, 0.469444, 0.245657, -0.47503, 0.879065, -0.0398844, -0.234672, -0.0828687, 0.968536)
    Left Leg.CFrame = CFrame.new(-0.335276, 0.387349, 0.181189, 0.652131, -0.559354, 0.511711, 0.326367, 0.816377, 0.47646, -0.684259, -0.143708, 0.714939)
    Right Arm.CFrame = CFrame.new(0.0801257, -0.656264, -0.111667, -0.587393, -0.801257, -0.113827, 0.772142, -0.512722, -0.375384, 0.242417, -0.308388, 0.919854)
    Head.CFrame = CFrame.new(6.33299e-08, -1.11758e-08, 2.38418e-07, 0.848664, -0.481995, -0.217832, 0.478325, 0.875151, -0.0729098, 0.225778, -0.0423185, 0.973259)
    Left Arm.CFrame = CFrame.new(-0.0801259, -0.656265, -0.111668, -0.587393, 0.801257, 0.113827, -0.772142, -0.512722, -0.375384, -0.242418, -0.308388, 0.919853)
    Right Leg.CFrame = CFrame.new(0.60151, -0.0131995, -0.33979, 0.754202, 0.155692, 0.637919, 0.0781885, 0.94328, -0.32266, -0.651971, 0.293228, 0.69925)

[34]
    Time: 1.100000
    HumanoidRootPart.CFrame = CFrame.new(0, 0, 0, 1, 0, 0, 0, 1, 0, 0, 0, 1)
    Torso.CFrame = CFrame.new(-0.074496, -1.85537e-08, -0.278735, 0.842799, 0.483906, 0.235638, -0.490219, 0.870892, -0.0351097, -0.222205, -0.0859241, 0.971206)
    Left Leg.CFrame = CFrame.new(-0.316802, 0.372186, 0.191426, 0.638322, -0.563703, 0.524198, 0.336542, 0.816816, 0.468563, -0.692304, -0.12268, 0.711101)
    Right Arm.CFrame = CFrame.new(0.0801258, -0.656264, -0.111667, -0.587393, -0.801257, -0.113827, 0.772142, -0.512722, -0.375384, 0.242418, -0.308388, 0.919854)
    Head.CFrame = CFrame.new(5.21542e-08, 3.35276e-08, -5.96044e-08, 0.842944, -0.493702, -0.213785, 0.488463, 0.868862, -0.0805101, 0.225497, -0.0365605, 0.973558)
    Left Arm.CFrame = CFrame.new(-0.0801258, -0.656265, -0.111668, -0.587393, 0.801257, 0.113826, -0.772142, -0.512722, -0.375384, -0.242418, -0.308388, 0.919854)
    Right Leg.CFrame = CFrame.new(0.614132, -0.00171863, -0.355039, 0.742639, 0.162427, 0.649696, 0.0660255, 0.947657, -0.31239, -0.666429, 0.27489, 0.693042)

[35]
    Time: 1.133333
    HumanoidRootPart.CFrame = CFrame.new(0, 0, 0, 1, 0, 0, 0, 1, 0, 0, 0, 1)
    Torso.CFrame = CFrame.new(-0.090686, -8.65853e-09, -0.278206, 0.844205, 0.489631, 0.218125, -0.497117, 0.867377, -0.0230406, -0.200478, -0.0889826, 0.975649)
    Left Leg.CFrame = CFrame.new(-0.304256, 0.345938, 0.202061, 0.630595, -0.568359, 0.528505, 0.357089, 0.817079, 0.452626, -0.689084, -0.0967007, 0.7182)
    Right Arm.CFrame = CFrame.new(0.0801259, -0.656264, -0.111668, -0.587393, -0.801257, -0.113827, 0.772142, -0.512722, -0.375384, 0.242418, -0.308388, 0.919854)
    Head.CFrame = CFrame.new(1.92784e-07, 5.02914e-08, 2.38419e-07, 0.844205, -0.497021, -0.200718, 0.489631, 0.86742, -0.088564, 0.218125, -0.0235115, 0.975638)
    Left Arm.CFrame = CFrame.new(-0.0801255, -0.656265, -0.111668, -0.587393, 0.801257, 0.113826, -0.772142, -0.512722, -0.375384, -0.242418, -0.308388, 0.919854)
    Right Leg.CFrame = CFrame.new(0.635764, 0.0144483, -0.372806, 0.734508, 0.179717, 0.65437, 0.0337052, 0.953442, -0.299688, -0.677762, 0.242179, 0.694253)

[36]
    Time: 1.166667
    HumanoidRootPart.CFrame = CFrame.new(0, 0, 0, 1, 0, 0, 0, 1, 0, 0, 0, 1)
    Torso.CFrame = CFrame.new(-0.0994037, -1.10675e-08, -0.278131, 0.84598, 0.490628, 0.208812, -0.498718, 0.866621, -0.0157208, -0.188674, -0.090839, 0.977829)
    Left Leg.CFrame = CFrame.new(-0.299288, 0.33134, 0.206688, 0.627959, -0.570951, 0.52885, 0.368689, 0.816698, 0.443929, -0.685372, -0.0837879, 0.723356)
    Right Arm.CFrame = CFrame.new(0.0801257, -0.656264, -0.111667, -0.587393, -0.801257, -0.113827, 0.772142, -0.512722, -0.375384, 0.242418, -0.308388, 0.919854)
    Head.CFrame = CFrame.new(9.03383e-08, 4.65661e-09, 2.38419e-07, 0.846111, -0.495024, -0.197605, 0.485978, 0.868745, -0.0954361, 0.218911, -0.0152819, 0.975625)
    Left Arm.CFrame = CFrame.new(-0.0801255, -0.656264, -0.111668, -0.587393, 0.801257, 0.113827, -0.772142, -0.512722, -0.375384, -0.242418, -0.308388, 0.919854)
    Right Leg.CFrame = CFrame.new(0.646767, 0.0217695, -0.381236, 0.731254, 0.18991, 0.655136, 0.0148635, 0.955796, -0.293655, -0.681944, 0.224474, 0.696106)

[37]
    Time: 1.200000
    HumanoidRootPart.CFrame = CFrame.new(0, 0, 0, 1, 0, 0, 0, 1, 0, 0, 0, 1)
    Torso.CFrame = CFrame.new(-0.0987244, -1.48954e-08, -0.278367, 0.846147, 0.490316, 0.208868, -0.498558, 0.866728, -0.0149281, -0.188352, -0.0915015, 0.97783)
    Left Leg.CFrame = CFrame.new(-0.299799, 0.330467, 0.207018, 0.627668, -0.57172, 0.528365, 0.369965, 0.816237, 0.443715, -0.684951, -0.0830293, 0.723842)
    Right Arm.CFrame = CFrame.new(0.0801256, -0.656265, -0.111668, -0.587393, -0.801257, -0.113826, 0.772142, -0.512722, -0.375384, 0.242418, -0.308388, 0.919854)
    Head.CFrame = CFrame.new(1.4808e-07, 4.00469e-08, -4.17232e-07, 0.84631, -0.491406, -0.205618, 0.481137, 0.870825, -0.100856, 0.228619, -0.0135751, 0.973421)
    Left Arm.CFrame = CFrame.new(-0.0801257, -0.656265, -0.111668, -0.587393, 0.801257, 0.113827, -0.772142, -0.512722, -0.375384, -0.242418, -0.308388, 0.919854)
    Right Leg.CFrame = CFrame.new(0.647469, 0.0217984, -0.381599, 0.731248, 0.191167, 0.654776, 0.0131433, 0.955798, -0.293731, -0.681985, 0.223396, 0.696413)

[38]
    Time: 1.233333
    HumanoidRootPart.CFrame = CFrame.new(0, 0, 0, 1, 0, 0, 0, 1, 0, 0, 0, 1)
    Torso.CFrame = CFrame.new(-0.0970261, -1.14265e-08, -0.280018, 0.846806, 0.489179, 0.208862, -0.497516, 0.867337, -0.014285, -0.188141, -0.0918153, 0.977841)
    Left Leg.CFrame = CFrame.new(-0.30278, 0.330386, 0.207771, 0.627941, -0.572525, 0.527166, 0.371981, 0.815776, 0.442878, -0.683608, -0.0820055, 0.725228)
    Right Arm.CFrame = CFrame.new(0.0801257, -0.656264, -0.111668, -0.587393, -0.801257, -0.113826, 0.772142, -0.512722, -0.375384, 0.242418, -0.308388, 0.919854)
