[1]
    Time: 0.000000
    HumanoidRootPart.CFrame = CFrame.new(0, 0, 0, 1, 0, 0, 0, 1, 0, 0, 0, 1)
    Torso.CFrame = CFrame.new(-0.0881157, -0.0380974, -0.00567055, 0.995854, 0.0799014, -0.0434907, -0.0815087, 0.996003, -0.0365313, 0.040398, 0.0399247, 0.998386)
    Head.CFrame = CFrame.new(0.00807785, 0.00825618, -0.000291377, 0.99994, 0.00111278, 0.0108752, -0.00050927, 0.998468, -0.0553384, -0.0109202, 0.0553295, 0.998408)
    Left Leg.CFrame = CFrame.new(-0.830364, -0.255235, 0.193084, 0.398438, -0.899342, 0.180085, 0.911764, 0.409705, 0.0287878, -0.0996718, 0.152725, 0.98323)
    Right Arm.CFrame = CFrame.new(-0.145738, -0.0329172, 0.0105249, 0.985229, -0.166332, -0.0406971, 0.169992, 0.978661, 0.115434, 0.0206283, -0.120647, 0.992481)
    Right Leg.CFrame = CFrame.new(0.278011, 0.0318072, -0.0367381, 0.991939, 0.0879691, 0.0912057, -0.0905497, 0.995589, 0.0245576, -0.0886432, -0.0326182, 0.995529)
    Left Arm.CFrame = CFrame.new(0.165984, -0.0213294, 0.0806192, 0.988481, 0.123158, 0.0879654, -0.139148, 0.968149, 0.208149, -0.0595284, -0.217991, 0.974134)

[2]
    Time: 0.033333
    HumanoidRootPart.CFrame = CFrame.new(0, 0, 0, 1, 0, 0, 0, 1, 0, 0, 0, 1)
    Torso.CFrame = CFrame.new(-0.114822, -0.0514831, -0.0488577, 0.994164, 0.0920003, -0.0563309, -0.0948344, 0.994242, -0.0498897, 0.0514167, 0.0549407, 0.997165)
    Head.CFrame = CFrame.new(0.010284, 0.0112615, -0.00053677, 0.999801, -0.0122624, 0.0157556, 0.0129882, 0.998819, -0.0468225, -0.0151628, 0.0470178, 0.998779)
    Left Leg.CFrame = CFrame.new(-0.867961, -0.272846, 0.197127, 0.356946, -0.916897, 0.178577, 0.930084, 0.366611, 0.0232672, -0.0868018, 0.157786, 0.983651)
    Right Arm.CFrame = CFrame.new(-0.147395, -0.0406126, 0.00804734, 0.958117, -0.286346, 0.00413403, 0.284626, 0.953755, 0.09664, -0.0316153, -0.0914158, 0.995311)
    Right Leg.CFrame = CFrame.new(0.429798, 0.0647624, -0.0514611, 0.981236, 0.169778, 0.091389, -0.172872, 0.984573, 0.0270197, -0.0853918, -0.0423113, 0.995449)
    Left Arm.CFrame = CFrame.new(0.185277, -0.0322134, 0.0846079, 0.977357, 0.191587, 0.0898175, -0.206381, 0.956787, 0.204857, -0.0466883, -0.218755, 0.974662)

[3]
    Time: 0.066667
    HumanoidRootPart.CFrame = CFrame.new(0, 0, 0, 1, 0, 0, 0, 1, 0, 0, 0, 1)
    Torso.CFrame = CFrame.new(-0.149647, -0.0831947, -0.144784, 0.989879, 0.117849, -0.0790695, -0.124286, 0.988841, -0.0821337, 0.0685077, 0.0911297, 0.99348)
    Head.CFrame = CFrame.new(0.013691, 0.018494, -0.00128016, 0.998654, -0.0443151, 0.0269316, 0.0450221, 0.998641, -0.0262382, -0.0257323, 0.0274155, 0.999293)
    Left Leg.CFrame = CFrame.new(-0.931767, -0.309436, 0.211015, 0.266319, -0.945605, 0.186833, 0.962173, 0.272352, 0.0069206, -0.0574287, 0.177923, 0.982367)
    Right Arm.CFrame = CFrame.new(-0.148426, -0.0670342, 0.00358093, 0.867106, -0.491045, 0.0836764, 0.486696, 0.87095, 0.0676265, -0.106086, -0.0179144, 0.994196)
    Right Leg.CFrame = CFrame.new(0.621773, 0.142919, -0.0654628, 0.962021, 0.259796, 0.0838015, -0.263341, 0.964094, 0.034273, -0.0718886, -0.0550397, 0.995893)
    Left Arm.CFrame = CFrame.new(0.221876, -0.0620314, 0.0903023, 0.942673, 0.32008, 0.0944297, -0.332824, 0.922433, 0.195821, -0.0244266, -0.216024, 0.976082)

[4]
    Time: 0.100000
    HumanoidRootPart.CFrame = CFrame.new(0, 0, 0, 1, 0, 0, 0, 1, 0, 0, 0, 1)
    Torso.CFrame = CFrame.new(-0.161846, -0.121571, -0.242304, 0.9855, 0.141671, -0.0933813, -0.152606, 0.980628, -0.122798, 0.0741755, 0.135268, 0.988029)
    Head.CFrame = CFrame.new(0.0148118, 0.0273264, -0.00237569, 0.995789, -0.0827854, 0.039392, 0.0828971, 0.996557, -0.0012089, -0.0391563, 0.00446929, 0.999223)
    Left Leg.CFrame = CFrame.new(-0.979829, -0.331039, 0.232713, 0.183937, -0.96127, 0.205252, 0.982575, 0.185494, -0.0118043, -0.0267258, 0.203847, 0.978638)
    Right Arm.CFrame = CFrame.new(-0.144664, -0.106319, -0.000459582, 0.791456, -0.598087, 0.126054, 0.597006, 0.800651, 0.0504145, -0.131078, 0.0353544, 0.990742)
    Right Leg.CFrame = CFrame.new(0.740187, 0.229888, -0.0619973, 0.951042, 0.30247, 0.0634904, -0.305085, 0.951631, 0.0363493, -0.0494249, -0.0539397, 0.99732)
    Left Arm.CFrame = CFrame.new(0.245105, -0.0992061, 0.089803, 0.911665, 0.398499, 0.100329, -0.410583, 0.893416, 0.182287, -0.0169943, -0.207378, 0.978113)

[5]
    Time: 0.133333
    HumanoidRootPart.CFrame = CFrame.new(0, 0, 0, 1, 0, 0, 0, 1, 0, 0, 0, 1)
    Torso.CFrame = CFrame.new(-0.156868, -0.167259, -0.290846, 0.985188, 0.147431, -0.0875727, -0.16102, 0.970989, -0.176783, 0.0589689, 0.188265, 0.980346)
    Head.CFrame = CFrame.new(0.011767, 0.0379286, -0.0039179, 0.992138, -0.115127, 0.049075, 0.114262, 0.993247, 0.0200978, -0.0510574, -0.0143324, 0.998593)
    Left Leg.CFrame = CFrame.new(-1.03178, -0.257115, 0.25303, 0.195166, -0.957527, 0.212256, 0.98028, 0.197286, -0.011358, -0.0309997, 0.210288, 0.977148)
    Right Arm.CFrame = CFrame.new(-0.130239, -0.13938, -0.000940055, 0.818551, -0.560535, 0.125594, 0.560241, 0.827313, 0.0410213, -0.1269, 0.036785, 0.991233)
    Right Leg.CFrame = CFrame.new(0.767307, 0.279705, -0.0396316, 0.958608, 0.282713, 0.0338388, -0.283336, 0.958901, 0.0151918, -0.0281531, -0.0241507, 0.999312)
    Left Arm.CFrame = CFrame.new(0.240055, -0.128841, 0.0779797, 0.927966, 0.35726, 0.106038, -0.370746, 0.913861, 0.165543, -0.0377627, -0.192931, 0.980485)

[6]
    Time: 0.166667
    HumanoidRootPart.CFrame = CFrame.new(0, 0, 0, 1, 0, 0, 0, 1, 0, 0, 0, 1)
    Torso.CFrame = CFrame.new(-0.142178, -0.196239, -0.20746, 0.98719, 0.139329, -0.0777362, -0.153008, 0.964816, -0.213818, 0.0452102, 0.222973, 0.973776)
    Head.CFrame = CFrame.new(0.00900557, 0.0448633, -0.00523373, 0.990263, -0.128746, 0.0529422, 0.127341, 0.991431, 0.0291242, -0.0562382, -0.0220989, 0.998173)
    Left Leg.CFrame = CFrame.new(-1.05103, -0.0997514, 0.26133, 0.349246, -0.91173, 0.216277, 0.935076, 0.354009, -0.0176212, -0.0604983, 0.20839, 0.976173)
    Right Arm.CFrame = CFrame.new(-0.101449, -0.167739, -0.00285542, 0.901085, -0.423279, 0.0942397, 0.421755, 0.905974, 0.0365289, -0.100841, 0.00683044, 0.994879)
    Right Leg.CFrame = CFrame.new(0.634775, 0.235363, -0.0153075, 0.986944, 0.160901, 0.00728136, -0.160917, 0.986966, 0.00168109, -0.00691603, -0.00283087, 0.999972)
    Left Arm.CFrame = CFrame.new(0.206396, -0.151985, 0.0645788, 0.965513, 0.235902, 0.110157, -0.250561, 0.956878, 0.146977, -0.070735, -0.16951, 0.982987)

[7]
    Time: 0.200000
    HumanoidRootPart.CFrame = CFrame.new(0, 0, 0, 1, 0, 0, 0, 1, 0, 0, 0, 1)
    Torso.CFrame = CFrame.new(-0.11758, -0.200497, -0.0442896, 0.988636, 0.131198, -0.0733858, -0.144396, 0.96456, -0.220846, 0.0418104, 0.228933, 0.972544)
    Head.CFrame = CFrame.new(0.00833537, 0.0460584, -0.00546667, 0.992183, -0.112789, 0.05339, 0.113971, 0.99329, -0.0196147, -0.0508194, 0.0255463, 0.998381)
    Left Leg.CFrame = CFrame.new(-1.0018, 0.011362, 0.25917, 0.524539, -0.820975, 0.22552, 0.847085, 0.52984, -0.0414335, -0.0854736, 0.212768, 0.973357)
    Right Arm.CFrame = CFrame.new(-0.0695807, -0.196186, -0.00529188, 0.964994, -0.258539, 0.0441053, 0.257033, 0.965692, 0.0370382, -0.052168, -0.0244051, 0.99834)
    Right Leg.CFrame = CFrame.new(0.421082, 0.151678, -0.0174598, 0.999794, -0.000715539, 0.0203073, 0.000253349, 0.999741, 0.0227493, -0.0203183, -0.0227395, 0.999535)
    Left Arm.CFrame = CFrame.new(0.158904, -0.173376, 0.0545671, 0.988012, 0.106864, 0.111412, -0.120913, 0.984365, 0.128087, -0.0959827, -0.140023, 0.985485)

[8]
    Time: 0.233333
    HumanoidRootPart.CFrame = CFrame.new(0, 0, 0, 1, 0, 0, 0, 1, 0, 0, 0, 1)
    Torso.CFrame = CFrame.new(-0.0946312, -0.198376, 0.0741749, 0.990097, 0.122996, -0.0676722, -0.135076, 0.965963, -0.220614, 0.0382343, 0.22757, 0.973011)
    Head.CFrame = CFrame.new(0.00763022, 0.0457866, -0.00535089, 0.995525, -0.0798897, 0.0504744, 0.0850531, 0.990268, -0.110158, -0.0411827, 0.113958, 0.992632)
    Left Leg.CFrame = CFrame.new(-0.951761, 0.0794976, 0.246424, 0.639491, -0.735508, 0.223783, 0.76145, 0.646103, -0.0523995, -0.106047, 0.203909, 0.973229)
    Right Arm.CFrame = CFrame.new(-0.0613219, -0.219371, -0.00335974, 0.989227, -0.145893, -0.0120111, 0.146279, 0.988315, 0.0428449, 0.00561997, -0.0441403, 0.99901)
    Right Leg.CFrame = CFrame.new(0.359076, 0.125744, -0.0208539, 0.998468, -0.0366371, 0.0414723, 0.0349278, 0.99854, 0.0412132, -0.0429217, -0.0397015, 0.998289)
    Left Arm.CFrame = CFrame.new(0.123752, -0.193261, 0.0434878, 0.993515, 0.033383, 0.108685, -0.0454427, 0.992843, 0.110447, -0.10422, -0.11467, 0.987921)

[9]
    Time: 0.266667
    HumanoidRootPart.CFrame = CFrame.new(0, 0, 0, 1, 0, 0, 0, 1, 0, 0, 0, 1)
    Torso.CFrame = CFrame.new(-0.0756378, -0.19146, 0.150085, 0.991526, 0.114587, -0.0612055, -0.125201, 0.968575, -0.214912, 0.0346559, 0.220753, 0.974714)
    Head.CFrame = CFrame.new(0.00691682, 0.0444232, -0.00499716, 0.997676, -0.0531635, 0.0426163, 0.0593009, 0.985521, -0.158846, -0.0335544, 0.161004, 0.986383)
    Left Leg.CFrame = CFrame.new(-0.914843, 0.12723, 0.228854, 0.71416, -0.666182, 0.214889, 0.689635, 0.722217, -0.0529649, -0.119912, 0.186021, 0.975201)
    Right Arm.CFrame = CFrame.new(-0.0764996, -0.224442, -0.000315011, 0.993556, -0.0956241, -0.0608424, 0.0988685, 0.993701, 0.0527523, 0.0554148, -0.0584278, 0.996752)
    Right Leg.CFrame = CFrame.new(0.364025, 0.116682, -0.0166971, 0.999366, -0.00146385, 0.0355823, -0.000103386, 0.999031, 0.0440077, -0.0356122, -0.0439835, 0.998397)
    Left Arm.CFrame = CFrame.new(0.102901, -0.206784, 0.0329379, 0.994804, 0.0127651, 0.101, -0.022482, 0.99516, 0.0956611, -0.0992904, -0.0974348, 0.990277)

[10]
    Time: 0.300000
    HumanoidRootPart.CFrame = CFrame.new(0, 0, 0, 1, 0, 0, 0, 1, 0, 0, 0, 1)
    Torso.CFrame = CFrame.new(-0.0576935, -0.181385, 0.208765, 0.992928, 0.105487, -0.0544634, -0.114531, 0.971915, -0.205582, 0.0312475, 0.210366, 0.977123)
    Head.CFrame = CFrame.new(0.00623383, 0.0423434, -0.00451556, 0.998625, -0.0397292, 0.0342013, 0.0446071, 0.986706, -0.156273, -0.0275381, 0.157584, 0.987122)
    Left Leg.CFrame = CFrame.new(-0.878282, 0.159075, 0.207776, 0.772234, -0.602023, 0.203036, 0.622108, 0.78138, -0.0492716, -0.128986, 0.16436, 0.977931)
    Right Arm.CFrame = CFrame.new(-0.104033, -0.211891, 0.00186509, 0.991316, -0.0963729, -0.0894712, 0.102258, 0.992716, 0.0637004, 0.0826806, -0.0722964, 0.99395)
    Right Leg.CFrame = CFrame.new(0.368812, 0.104087, -0.0115248, 0.998598, 0.0454376, 0.0271505, -0.0466386, 0.997881, 0.0453703, -0.0250314, -0.0465729, 0.998601)
    Left Arm.CFrame = CFrame.new(0.0944073, -0.211279, 0.025604, 0.995821, 0.0262585, 0.0874743, -0.0337492, 0.995785, 0.0852868, -0.084866, -0.0878826, 0.992509)

[11]
    Time: 0.333333
    HumanoidRootPart.CFrame = CFrame.new(0, 0, 0, 1, 0, 0, 0, 1, 0, 0, 0, 1)
    Torso.CFrame = CFrame.new(-0.0421028, -0.169888, 0.247413, 0.994461, 0.093732, -0.0475601, -0.101264, 0.975646, -0.194578, 0.0281635, 0.198317, 0.979733)
    Head.CFrame = CFrame.new(0.00562394, 0.0399302, -0.0039956, 0.999155, -0.0310938, 0.0268839, 0.0347405, 0.988377, -0.147999, -0.0219696, 0.148807, 0.988622)
    Left Leg.CFrame = CFrame.new(-0.846359, 0.179716, 0.184075, 0.817074, -0.54507, 0.187856, 0.561114, 0.826676, -0.0419242, -0.132444, 0.139664, 0.981301)
    Right Arm.CFrame = CFrame.new(-0.132731, -0.187575, 0.0037424, 0.986959, -0.133668, -0.0896879, 0.140303, 0.987469, 0.0722528, 0.0789061, -0.083894, 0.993346)
    Right Leg.CFrame = CFrame.new(0.419754, 0.0988146, -0.00684366, 0.990981, 0.132914, 0.0170161, -0.133572, 0.989955, 0.0463482, -0.0106848, -0.0482031, 0.998781)
    Left Arm.CFrame = CFrame.new(0.0981167, -0.199137, 0.02204, 0.996079, 0.0565208, 0.0680586, -0.0619343, 0.994849, 0.080252, -0.0631721, -0.0841525, 0.994449)

[12]
    Time: 0.366667
    HumanoidRootPart.CFrame = CFrame.new(0, 0, 0, 1, 0, 0, 0, 1, 0, 0, 0, 1)
    Torso.CFrame = CFrame.new(-0.0318069, -0.152477, 0.26873, 0.995873, 0.0804667, -0.0419786, -0.0866507, 0.980558, -0.176063, 0.0269952, 0.178974, 0.983483)
    Head.CFrame = CFrame.new(0.00539137, 0.0360668, -0.00325066, 0.999447, -0.0261073, 0.0206122, 0.0286573, 0.990421, -0.135076, -0.0168883, 0.135592, 0.990621)
    Left Leg.CFrame = CFrame.new(-0.815177, 0.18317, 0.159853, 0.849007, -0.499686, 0.171759, 0.511754, 0.858538, -0.0319291, -0.131507, 0.115007, 0.984621)
    Right Arm.CFrame = CFrame.new(-0.154469, -0.15667, 0.00578427, 0.98026, -0.185125, -0.0694176, 0.19033, 0.978629, 0.0778444, 0.0535231, -0.08952, 0.994546)
    Right Leg.CFrame = CFrame.new(0.518013, 0.0928132, -0.00194454, 0.964059, 0.26556, 0.00831505, -0.265645, 0.962842, 0.0486695, 0.00491859, -0.0491291, 0.99878)
    Left Arm.CFrame = CFrame.new(0.10766, -0.170529, 0.0216442, 0.995046, 0.0881737, 0.0459336, -0.0916203, 0.992632, 0.079296, -0.0386033, -0.0831116, 0.995792)

[13]
    Time: 0.400000
    HumanoidRootPart.CFrame = CFrame.new(0, 0, 0, 1, 0, 0, 0, 1, 0, 0, 0, 1)
    Torso.CFrame = CFrame.new(-0.0265045, -0.127041, 0.27769, 0.996932, 0.0679295, -0.0388923, -0.0729548, 0.986415, -0.147185, 0.0283658, 0.149571, 0.988344)
    Head.CFrame = CFrame.new(0.00566387, 0.0301879, -0.00228214, 0.999604, -0.023639, 0.0152912, 0.0252873, 0.992628, -0.118535, -0.0123764, 0.118874, 0.992832)
    Left Leg.CFrame = CFrame.new(-0.77548, 0.164676, 0.137414, 0.87095, -0.465246, 0.158088, 0.474242, 0.880103, -0.0226267, -0.128607, 0.0946788, 0.987166)
    Right Arm.CFrame = CFrame.new(-0.167104, -0.124256, 0.00761288, 0.970107, -0.239297, -0.040358, 0.241884, 0.966903, 0.081182, 0.0195957, -0.0885172, 0.995882)
    Right Leg.CFrame = CFrame.new(0.620472, 0.0702467, 0.00366107, 0.910846, 0.412731, 0.00345518, -0.412321, 0.909498, 0.0529587, 0.0187153, -0.0496619, 0.998591)
    Left Arm.CFrame = CFrame.new(0.115535, -0.135903, 0.0245974, 0.993732, 0.10895, 0.025036, -0.110636, 0.990586, 0.0806115, -0.0160176, -0.0828761, 0.996431)

[14]
    Time: 0.433333
    HumanoidRootPart.CFrame = CFrame.new(0, 0, 0, 1, 0, 0, 0, 1, 0, 0, 0, 1)
    Torso.CFrame = CFrame.new(-0.0217552, -0.0989723, 0.279255, 0.997748, 0.0555807, -0.037536, -0.0595463, 0.991643, -0.114451, 0.030861, 0.116428, 0.992719)
    Head.CFrame = CFrame.new(0.00617049, 0.0235567, -0.0014126, 0.999687, -0.0225743, 0.0108219, 0.0235392, 0.99477, -0.09939, -0.0085216, 0.0996135, 0.99499)
    Left Leg.CFrame = CFrame.new(-0.716508, 0.128344, 0.114825, 0.890796, -0.430292, 0.146052, 0.437218, 0.899185, -0.0175273, -0.123786, 0.0794697, 0.989122)
    Right Arm.CFrame = CFrame.new(-0.17335, -0.0957527, 0.00900191, 0.957444, -0.288269, -0.0141924, 0.288432, 0.953904, 0.0829141, -0.0103634, -0.0834792, 0.996456)
    Right Leg.CFrame = CFrame.new(0.699468, 0.0291361, 0.0103328, 0.837825, 0.545939, 0.000752124, -0.545047, 0.836374, 0.0583237, 0.0312121, -0.049275, 0.998298)
    Left Arm.CFrame = CFrame.new(0.121015, -0.10644, 0.0298364, 0.992907, 0.118532, 0.00928453, -0.118894, 0.989474, 0.0824885, 0.000590752, -0.0830073, 0.996549)

[15]
    Time: 0.466667
    HumanoidRootPart.CFrame = CFrame.new(0, 0, 0, 1, 0, 0, 0, 1, 0, 0, 0, 1)
    Torso.CFrame = CFrame.new(-0.017334, -0.0736961, 0.273763, 0.998366, 0.0429211, -0.0377252, -0.0459826, 0.995368, -0.0844323, 0.0339265, 0.0860291, 0.995715)
    Head.CFrame = CFrame.new(0.00677727, 0.0174764, -0.00081864, 0.999737, -0.0218107, 0.00712874, 0.0223043, 0.996652, -0.0786539, -0.00538938, 0.0787922, 0.996877)
    Left Leg.CFrame = CFrame.new(-0.627464, 0.0812117, 0.0899659, 0.913857, -0.383266, 0.134062, 0.388882, 0.921121, -0.0175144, -0.116775, 0.0681401, 0.990818)
    Right Arm.CFrame = CFrame.new(-0.176194, -0.0759997, 0.00897765, 0.945809, -0.324714, -0.00261509, 0.323789, 0.942445, 0.0834145, -0.0246212, -0.0797409, 0.996512)
    Right Leg.CFrame = CFrame.new(0.751115, -0.0243292, 0.01803, 0.755653, 0.654967, -0.00260589, -0.653653, 0.754377, 0.0604277, 0.041544, -0.043959, 0.998169)
    Left Arm.CFrame = CFrame.new(0.124221, -0.0931632, 0.0364631, 0.992813, 0.119649, 0.0026151, -0.119449, 0.98933, 0.0834145, 0.00739324, -0.0831273, 0.996511)

[16]
    Time: 0.500000
    HumanoidRootPart.CFrame = CFrame.new(0, 0, 0, 1, 0, 0, 0, 1, 0, 0, 0, 1)
    Torso.CFrame = CFrame.new(-0.0106201, -0.0566826, 0.258342, 0.998818, 0.0295747, -0.038585, -0.0319966, 0.997454, -0.0637375, 0.0366017, 0.0648967, 0.99722)
    Head.CFrame = CFrame.new(0.00731537, 0.0132498, -0.000523955, 0.999786, -0.0202557, 0.0041757, 0.0204619, 0.998145, -0.0573377, -0.00300656, 0.0574108, 0.998346)
    Left Leg.CFrame = CFrame.new(-0.475228, 0.028596, 0.0553889, 0.949873, -0.290393, 0.115818, 0.295173, 0.955086, -0.0261372, -0.103026, 0.0590133, 0.992927)
    Right Arm.CFrame = CFrame.new(-0.183508, -0.0587984, 0.0125955, 0.938762, -0.344562, -0.00204352, 0.343524, 0.935439, 0.0833383, -0.0268036, -0.0789368, 0.996519)
    Right Leg.CFrame = CFrame.new(0.784025, -0.0800807, 0.0276893, 0.672897, 0.73967, -0.00983938, -0.738041, 0.672197, 0.0587123, 0.0500418, -0.0322456, 0.998226)
    Left Arm.CFrame = CFrame.new(0.124923, -0.0960057, 0.044518, 0.994282, 0.106781, 0.000635469, -0.106462, 0.990814, 0.0833899, 0.00827484, -0.0829808, 0.996517)

[17]
    Time: 0.533333
    HumanoidRootPart.CFrame = CFrame.new(0, 0, 0, 1, 0, 0, 0, 1, 0, 0, 0, 1)
    Torso.CFrame = CFrame.new(0.0150757, -0.061142, 0.226473, 0.999154, 0.0151944, -0.038206, -0.0176913, 0.99767, -0.0658875, 0.0371159, 0.0665077, 0.997095)
    Head.CFrame = CFrame.new(0.00741107, 0.0135717, -0.000554174, 0.999857, -0.0168233, 0.00197015, 0.016884, 0.999193, -0.0364514, -0.00135534, 0.0364794, 0.999333)
    Left Leg.CFrame = CFrame.new(-0.28807, -0.0107495, 0.0186839, 0.984422, -0.151998, 0.0883753, 0.15635, 0.986695, -0.0445721, -0.0804247, 0.0576953, 0.995089)
    Right Arm.CFrame = CFrame.new(-0.201446, -0.0424028, 0.0217966, 0.935846, -0.352407, -0.00144877, 0.351311, 0.932596, 0.0827388, -0.0278066, -0.0779397, 0.99657)
    Right Leg.CFrame = CFrame.new(0.815304, -0.118683, 0.036551, 0.601328, 0.798873, -0.0143714, -0.796799, 0.600907, 0.0634176, 0.0592985, -0.0266837, 0.997884)
    Left Arm.CFrame = CFrame.new(0.128103, -0.103182, 0.0514759, 0.996013, 0.089192, -0.00188308, -0.0887305, 0.992607, 0.0828136, 0.00925548, -0.0823164, 0.996563)

[18]
    Time: 0.566667
    HumanoidRootPart.CFrame = CFrame.new(0, 0, 0, 1, 0, 0, 0, 1, 0, 0, 0, 1)
    Torso.CFrame = CFrame.new(0.0371513, -0.0924187, 0.156955, 0.999353, -0.00238556, -0.0358827, -0.00109287, 0.995322, -0.0966082, 0.0359453, 0.0965849, 0.994676)
    Head.CFrame = CFrame.new(0.00718322, 0.0195795, -0.00104293, 0.999945, -0.0104321, 0.000556668, 0.01044, 0.999801, -0.0170033, -0.000379175, 0.0170082, 0.999855)
    Left Leg.CFrame = CFrame.new(-0.303869, 0.000225008, 0.00764978, 0.99183, -0.11618, 0.0526893, 0.118544, 0.991963, -0.0442324, -0.0471269, 0.050117, 0.997631)
    Right Arm.CFrame = CFrame.new(-0.225643, -0.0383699, 0.0296276, 0.935157, -0.35423, -0.00134829, 0.353166, 0.93204, 0.0810919, -0.0274685, -0.0763099, 0.996706)
    Right Leg.CFrame = CFrame.new(0.860791, -0.143338, 0.0485432, 0.533391, 0.845493, -0.0252044, -0.843259, 0.533849, 0.0626094, 0.0663911, -0.0121415, 0.99772)
    Left Arm.CFrame = CFrame.new(0.137131, -0.109379, 0.0534619, 0.995768, 0.0918738, -0.0022205, -0.0913917, 0.992503, 0.08115, 0.00965942, -0.0806037, 0.996699)

[19]
    Time: 0.600000
    HumanoidRootPart.CFrame = CFrame.new(0, 0, 0, 1, 0, 0, 0, 1, 0, 0, 0, 1)
    Torso.CFrame = CFrame.new(0.051857, -0.138638, 0.0113821, 0.999314, -0.0209191, -0.0305742, 0.0163103, 0.989459, -0.143894, 0.0332621, 0.143297, 0.989121)
    Head.CFrame = CFrame.new(0.00665665, 0.0289345, -0.00216001, 1, 5.58794e-09, -9.31323e-10, -1.86265e-08, 1, 1.49012e-08, -4.88944e-09, 1.49012e-08, 1)
    Left Leg.CFrame = CFrame.new(-0.463031, 0.0567604, 0.00300431, 0.986889, -0.160344, 0.0184211, 0.160862, 0.986481, -0.0312714, -0.0131579, 0.0338247, 0.999341)
    Right Arm.CFrame = CFrame.new(-0.244327, -0.0587421, 0.0293054, 0.93452, -0.355903, -0.00225061, 0.354986, 0.931621, 0.0778892, -0.0256243, -0.073588, 0.99696)
    Right Leg.CFrame = CFrame.new(0.935816, -0.17593, 0.065372, 0.428348, 0.902688, -0.0408851, -0.901008, 0.430109, 0.0564788, 0.0685679, 0.0126452, 0.997566)
    Left Arm.CFrame = CFrame.new(0.148017, -0.110297, 0.046461, 0.990191, 0.139699, 0.00225058, -0.139449, 0.987161, 0.0778892, 0.00865937, -0.077439, 0.99696)

[20]
    Time: 0.633333
    HumanoidRootPart.CFrame = CFrame.new(0, 0, 0, 1, 0, 0, 0, 1, 0, 0, 0, 1)
    Torso.CFrame = CFrame.new(0.064537, -0.186008, -0.216741, 0.999217, -0.0339609, -0.0203066, 0.0294013, 0.980685, -0.193369, 0.0264813, 0.192621, 0.980916)
    Head.CFrame = CFrame.new(0.00530098, 0.0387935, -0.00380221, 0.999892, 0.0146821, 1.81361e-05, -0.014681, 0.999799, 0.0136835, 0.000182753, -0.0136823, 0.999906)
    Left Leg.CFrame = CFrame.new(-0.681011, 0.159379, -0.00635564, 0.966931, -0.254965, -0.00605569, 0.254832, 0.966835, -0.0170625, 0.0102051, 0.0149549, 0.999836)
    Right Arm.CFrame = CFrame.new(-0.223998, -0.112914, 0.0183862, 0.914092, -0.405385, -0.0099862, 0.405005, 0.911454, 0.0722658, -0.0201935, -0.070102, 0.997335)
    Right Leg.CFrame = CFrame.new(1.01638, -0.248094, 0.0784274, 0.257734, 0.964935, -0.0497355, -0.964319, 0.260112, 0.0493227, 0.0605299, 0.0352486, 0.997544)
    Left Arm.CFrame = CFrame.new(0.157042, -0.101836, 0.0284573, 0.970376, 0.241309, 0.0118821, -0.24153, 0.967714, 0.072066, 0.00589179, -0.0728009, 0.997329)

[21]
    Time: 0.666667
    HumanoidRootPart.CFrame = CFrame.new(0, 0, 0, 1, 0, 0, 0, 1, 0, 0, 0, 1)
    Torso.CFrame = CFrame.new(0.0794945, -0.221157, -0.296109, 0.999352, -0.0358257, -0.0036081, 0.0340224, 0.972328, -0.23113, 0.0117886, 0.230857, 0.972916)
    Head.CFrame = CFrame.new(0.00236592, 0.0464437, -0.00540605, 0.99954, 0.0303188, 0.000234896, -0.0303159, 0.999259, 0.023705, 0.000483988, -0.0237013, 0.999719)
    Left Leg.CFrame = CFrame.new(-0.77778, 0.241831, -0.0155437, 0.957373, -0.288311, -0.0177329, 0.288414, 0.957499, 0.00350854, 0.0159677, -0.0084734, 0.999837)
    Right Arm.CFrame = CFrame.new(-0.184082, -0.158454, 0.00976884, 0.883972, -0.467153, -0.019025, 0.46736, 0.881769, 0.0637106, -0.012987, -0.0652099, 0.997787)
    Right Leg.CFrame = CFrame.new(1.04509, -0.259513, 0.0728949, 0.227335, 0.972634, -0.0479735, -0.972557, 0.22927, 0.0396018, 0.049517, 0.0376541, 0.998063)
    Left Arm.CFrame = CFrame.new(0.168518, -0.0884951, 0.00912702, 0.93876, 0.344045, 0.019025, -0.344546, 0.936605, 0.0637106, 0.0041004, -0.0663639, 0.997787)

[22]
    Time: 0.700000
    HumanoidRootPart.CFrame = CFrame.new(0, 0, 0, 1, 0, 0, 0, 1, 0, 0, 0, 1)
    Torso.CFrame = CFrame.new(0.0935974, -0.240284, -0.261777, 0.999417, -0.0293195, 0.0174994, 0.032794, 0.966959, -0.252813, -0.00950888, 0.25324, 0.967357)
    Head.CFrame = CFrame.new(-0.00189341, 0.0509212, -0.00651944, 0.999086, 0.0427479, 0.000498562, -0.0427437, 0.99864, 0.0298638, 0.000778738, -0.0298578, 0.999554)
    Left Leg.CFrame = CFrame.new(-0.726054, 0.256742, -0.0146616, 0.972927, -0.230516, -0.0165751, 0.230911, 0.972567, 0.0281871, 0.00962271, -0.0312515, 0.999465)
    Right Arm.CFrame = CFrame.new(-0.177146, -0.159455, 0.0142483, 0.890333, -0.454965, -0.0177041, 0.455209, 0.888651, 0.0555227, -0.00952812, -0.0574928, 0.998301)
    Right Leg.CFrame = CFrame.new(1.05654, -0.214263, 0.0580735, 0.30554, 0.951235, -0.0423738, -0.951473, 0.306725, 0.024883, 0.0366667, 0.0327148, 0.998792)
    Left Arm.CFrame = CFrame.new(0.187163, -0.0819906, -9.34601e-05, 0.918423, 0.395225, 0.0172293, -0.395552, 0.916758, 0.0556123, 0.00618425, -0.0578907, 0.998304)

[23]
    Time: 0.733333
    HumanoidRootPart.CFrame = CFrame.new(0, 0, 0, 1, 0, 0, 0, 1, 0, 0, 0, 1)
    Torso.CFrame = CFrame.new(0.0926666, -0.243679, -0.135722, 0.999394, -0.0223306, 0.0266966, 0.0284586, 0.965875, -0.25744, -0.0200368, 0.258044, 0.965925)
    Head.CFrame = CFrame.new(-0.00398864, 0.0518765, -0.00680542, 0.998856, 0.0478222, 0.000622547, -0.0478177, 0.998344, 0.0319663, 0.000907195, -0.0319595, 0.999489)
    Left Leg.CFrame = CFrame.new(-0.513824, 0.184467, -0.00443631, 0.997382, -0.0716338, -0.00986957, 0.0719824, 0.996553, 0.0412448, 0.00688102, -0.0418473, 0.9991)
    Right Arm.CFrame = CFrame.new(-0.175184, -0.155019, 0.020917, 0.923312, -0.383942, -0.00920549, 0.38386, 0.921824, 0.0537745, -0.0121605, -0.0531843, 0.998511)
    Right Leg.CFrame = CFrame.new(1.02267, -0.133831, 0.0504824, 0.451852, 0.89111, -0.041868, -0.891456, 0.452804, 0.0165352, 0.0336927, 0.029852, 0.998986)
    Left Arm.CFrame = CFrame.new(0.192037, -0.0918891, 0.0057345, 0.923311, 0.383942, 0.00920547, -0.383859, 0.921824, 0.0537745, 0.0121604, -0.0531842, 0.998511)

[24]
    Time: 0.766667
    HumanoidRootPart.CFrame = CFrame.new(0, 0, 0, 1, 0, 0, 0, 1, 0, 0, 0, 1)
    Torso.CFrame = CFrame.new(0.0761566, -0.223656, 0.0800104, 0.999756, -0.00752129, 0.0207701, 0.01219, 0.97197, -0.23479, -0.018422, 0.234986, 0.971824)
    Head.CFrame = CFrame.new(-0.00366751, 0.0472694, -0.00558802, 0.998981, 0.0450548, -0.00277393, -0.0450711, 0.992174, -0.116443, -0.00249409, 0.116449, 0.993193)
    Left Leg.CFrame = CFrame.new(-0.447233, 0.16714, -0.000478059, 0.999948, -0.00863233, -0.0054373, 0.00882547, 0.99929, 0.0366375, 0.00511716, -0.0366837, 0.999314)
    Right Arm.CFrame = CFrame.new(-0.139272, -0.180098, 0.0229149, 0.95786, -0.287235, 0.000646162, 0.286638, 0.956007, 0.0623615, -0.0185302, -0.0595484, 0.998053)
    Right Leg.CFrame = CFrame.new(0.908528, -0.0674489, 0.0381614, 0.627897, 0.77748, -0.0356339, -0.777446, 0.628693, 0.0179713, 0.036375, 0.0164193, 0.999203)
    Left Arm.CFrame = CFrame.new(0.159679, -0.118349, 0.0205772, 0.950633, 0.310317, -0.000487785, -0.309685, 0.948793, 0.062348, 0.0198104, -0.059119, 0.998054)

[25]
    Time: 0.800000
    HumanoidRootPart.CFrame = CFrame.new(0, 0, 0, 1, 0, 0, 0, 1, 0, 0, 0, 1)
    Torso.CFrame = CFrame.new(0.0572624, -0.185902, 0.294453, 0.999814, 0.0149825, 0.0121145, -0.0123992, 0.98158, -0.190649, -0.0147478, 0.190463, 0.981584)
    Head.CFrame = CFrame.new(-0.00294353, 0.0383506, -0.00359315, 0.999224, 0.0390357, -0.00533578, -0.0390679, 0.964193, -0.262309, -0.0050947, 0.262314, 0.964969)
    Left Leg.CFrame = CFrame.new(-0.496184, 0.161425, 0.00656143, 0.994724, -0.102364, 0.00674168, 0.102129, 0.994348, 0.0290086, -0.00967302, -0.028167, 0.999556)
    Right Arm.CFrame = CFrame.new(-0.0919151, -0.195281, 0.0237273, 0.98398, -0.178174, 0.00607555, 0.177222, 0.981287, 0.0752844, -0.0193756, -0.0730016, 0.997144)
    Right Leg.CFrame = CFrame.new(0.732453, -0.0479525, 0.0193728, 0.76666, 0.641731, -0.0203606, -0.641366, 0.766921, 0.0219481, 0.0296998, -0.00376817, 0.999552)
    Left Arm.CFrame = CFrame.new(0.109438, -0.129345, 0.0321503, 0.980916, 0.194337, -0.00607555, -0.193341, 0.978239, 0.0752843, 0.0205739, -0.072673, 0.997144)

[26]
    Time: 0.833333
    HumanoidRootPart.CFrame = CFrame.new(0, 0, 0, 1, 0, 0, 0, 1, 0, 0, 0, 1)
    Torso.CFrame = CFrame.new(0.0399284, -0.142284, 0.394566, 0.999498, 0.0314313, 0.0039669, -0.0305713, 0.989754, -0.139475, -0.00831013, 0.139284, 0.990218)
    Head.CFrame = CFrame.new(-0.00165516, 0.0281212, -0.00187016, 0.999405, 0.0342393, -0.00409782, -0.034134, 0.965384, -0.258589, -0.00489793, 0.258575, 0.965979)
    Left Leg.CFrame = CFrame.new(-0.644408, 0.176177, 0.0109902, 0.963484, -0.267553, 0.0106243, 0.267233, 0.963315, 0.0246974, -0.0168424, -0.0209566, 0.999638)
    Right Arm.CFrame = CFrame.new(-0.0614689, -0.183875, 0.0224269, 0.997422, -0.0716959, 0.00290971, 0.0711854, 0.993791, 0.0855152, -0.00902273, -0.0850876, 0.996333)
    Right Leg.CFrame = CFrame.new(0.620977, -0.0504103, 0.00912967, 0.81694, 0.576658, -0.00862822, -0.576293, 0.816819, 0.0263031, 0.0222155, -0.0165155, 0.999617)
    Left Arm.CFrame = CFrame.new(0.0705996, -0.121826, 0.0384353, 0.997504, 0.0705364, -0.00310445, -0.0700135, 0.993873, 0.0855234, 0.00911796, -0.0850926, 0.996331)

[27]
    Time: 0.866667
    HumanoidRootPart.CFrame = CFrame.new(0, 0, 0, 1, 0, 0, 0, 1, 0, 0, 0, 1)
    Torso.CFrame = CFrame.new(0.0239754, -0.0966339, 0.399528, 0.999226, 0.0391457, -0.00377344, -0.0393258, 0.995379, -0.087604, 0.000326681, 0.0876846, 0.996148)
    Head.CFrame = CFrame.new(7.6636e-05, 0.0177966, -0.000685692, 0.999526, 0.0307117, -0.00203773, -0.0302581, 0.968314, -0.247896, -0.00564017, 0.247841, 0.968785)
    Left Leg.CFrame = CFrame.new(-0.817092, 0.18333, 0.00890234, 0.898137, -0.439695, 0.00425524, 0.439511, 0.897972, 0.0218026, -0.0134076, -0.0177115, 0.999753)
    Right Arm.CFrame = CFrame.new(-0.0513244, -0.167963, 0.0184417, 0.999967, 0.00304124, -0.00759889, -0.0023226, 0.995677, 0.0928527, 0.00784842, -0.0928319, 0.995651)
    Right Leg.CFrame = CFrame.new(0.627621, -0.0608954, 0.0059166, 0.799378, 0.600815, -0.00411217, -0.600435, 0.799083, 0.030738, 0.0217538, -0.0221022, 0.999519)
    Left Arm.CFrame = CFrame.new(0.0544526, -0.118197, 0.042716, 0.999849, -0.0157604, 0.00725418, 0.0150191, 0.995565, 0.0928666, -0.00868562, -0.0927437, 0.995652)

[28]
    Time: 0.900000
    HumanoidRootPart.CFrame = CFrame.new(0, 0, 0, 1, 0, 0, 0, 1, 0, 0, 0, 1)
    Torso.CFrame = CFrame.new(0.00584412, -0.0494537, 0.402274, 0.998886, 0.0456977, -0.0117388, -0.0460925, 0.998291, -0.0359154, 0.0100774, 0.0364164, 0.999286)
    Head.CFrame = CFrame.new(0.00201571, 0.00754847, -6.31809e-05, 0.999605, 0.0281075, 0.00069881, -0.0271859, 0.972574, -0.231001, -0.00717251, 0.230891, 0.972953)
    Left Leg.CFrame = CFrame.new(-0.904829, 0.150366, 0.00649607, 0.837134, -0.546995, -0.00146432, 0.546925, 0.836977, 0.0184854, -0.00888574, -0.0162755, 0.999828)
    Right Arm.CFrame = CFrame.new(-0.0569167, -0.146456, 0.012762, 0.998821, 0.0427469, -0.0230079, -0.0402766, 0.99429, 0.0988212, 0.0271009, -0.097778, 0.994839)
    Right Leg.CFrame = CFrame.new(0.636815, -0.0707974, 0.00296891, 0.782338, 0.622853, -0.000739984, -0.622472, 0.781901, 0.0340512, 0.0217875, -0.0261791, 0.99942)
    Left Arm.CFrame = CFrame.new(0.0566572, -0.114239, 0.0451291, 0.99796, -0.0597146, 0.0225734, 0.0572095, 0.993458, 0.0988368, -0.0283278, -0.0973438, 0.994848)

[29]
    Time: 0.933333
    HumanoidRootPart.CFrame = CFrame.new(0, 0, 0, 1, 0, 0, 0, 1, 0, 0, 0, 1)
    Torso.CFrame = CFrame.new(-0.0176735, -0.0179901, 0.402715, 0.998433, 0.0519523, -0.0208103, -0.0519871, 0.998647, -0.00113513, 0.0207232, 0.00221521, 0.999783)
    Head.CFrame = CFrame.new(0.00414777, 0.000712872, 2.96533e-05, 0.999652, 0.0260749, 0.00398014, -0.0246709, 0.977676, -0.208663, -0.00933216, 0.208492, 0.97798)
    Left Leg.CFrame = CFrame.new(-0.929758, 0.11011, 0.00787845, 0.801243, -0.598333, -0.00257924, 0.598302, 0.801139, 0.0145159, -0.00661904, -0.013174, 0.999891)
    Right Arm.CFrame = CFrame.new(-0.0784182, -0.11971, 0.006006, 0.997805, 0.0521013, -0.0408792, -0.0475804, 0.993366, 0.104691, 0.0460626, -0.102516, 0.993664)
    Right Leg.CFrame = CFrame.new(0.639007, -0.0682248, -0.000235111, 0.781544, 0.623849, 0.00110316, -0.623501, 0.781047, 0.0348006, 0.0208487, -0.0278861, 0.999394)
    Left Arm.CFrame = CFrame.new(0.0767508, -0.107581, 0.0461507, 0.996864, -0.0680352, 0.0404261, 0.0634897, 0.992475, 0.104702, -0.0472453, -0.101807, 0.993682)

[30]
    Time: 0.966667
    HumanoidRootPart.CFrame = CFrame.new(0, 0, 0, 1, 0, 0, 0, 1, 0, 0, 0, 1)
    Torso.CFrame = CFrame.new(-0.042942, 0.00109482, 0.402321, 0.997808, 0.0586872, -0.0305742, -0.058101, 0.998116, 0.0197209, 0.0316739, -0.0179013, 0.999338)
    Head.CFrame = CFrame.new(0.00634003, -0.00331573, -6.66082e-05, 0.999676, 0.0242634, 0.00767518, -0.0224666, 0.983107, -0.181647, -0.0119529, 0.181415, 0.983334)
    Left Leg.CFrame = CFrame.new(-0.919208, 0.0733691, 0.0136069, 0.786742, -0.617279, 0.00192186, 0.617252, 0.786731, 0.00743384, -0.00610076, -0.00466225, 0.99997)
    Right Arm.CFrame = CFrame.new(-0.107688, -0.089209, -0.000554144, 0.997631, 0.0357779, -0.0587527, -0.0290708, 0.993363, 0.111288, 0.0623444, -0.109316, 0.99205)
    Right Leg.CFrame = CFrame.new(0.625576, -0.0540197, -0.00391534, 0.799202, 0.601055, 0.00295363, -0.600778, 0.798666, 0.0346106, 0.0184439, -0.0294353, 0.999396)
    Left Arm.CFrame = CFrame.new(0.105982, -0.0972581, 0.0466066, 0.997176, -0.0472701, 0.0583614, 0.040557, 0.99296, 0.111288, -0.0632112, -0.108607, 0.992073)

[31]
    Time: 1.000000
    HumanoidRootPart.CFrame = CFrame.new(0, 0, 0, 1, 0, 0, 0, 1, 0, 0, 0, 1)
    Torso.CFrame = CFrame.new(-0.0647621, 0.015686, 0.399306, 0.997086, 0.0652601, -0.0395136, -0.0639239, 0.997369, 0.0341866, 0.0416406, -0.0315611, 0.998634)
    Head.CFrame = CFrame.new(0.00833095, -0.00604521, -0.00021559, 0.999683, 0.0223287, 0.0116432, -0.0203203, 0.988365, -0.150736, -0.0148734, 0.150452, 0.988505)
    Left Leg.CFrame = CFrame.new(-0.889113, 0.0393554, 0.0193309, 0.78567, -0.618585, 0.00858184, 0.618624, 0.785683, -0.00256361, -0.00515692, 0.00732307, 0.99996)
    Right Arm.CFrame = CFrame.new(-0.134825, -0.0581944, -0.00464785, 0.99724, -0.00139401, -0.0742276, 0.0102433, 0.992845, 0.118972, 0.0735306, -0.119404, 0.990119)
    Right Leg.CFrame = CFrame.new(0.588062, -0.0349395, -0.00764042, 0.831176, 0.555976, 0.00616699, -0.555833, 0.830581, 0.034404, 0.0140055, -0.0320236, 0.999389)
    Left Arm.CFrame = CFrame.new(0.133861, -0.084161, 0.0478007, 0.997251, -0.00412386, 0.0739859, -0.00472021, 0.992887, 0.118966, -0.0739503, -0.118988, 0.990138)

[32]
    Time: 1.033333
    HumanoidRootPart.CFrame = CFrame.new(0, 0, 0, 1, 0, 0, 0, 1, 0, 0, 0, 1)
    Torso.CFrame = CFrame.new(-0.0817528, 0.0260735, 0.381641, 0.996466, 0.0691848, -0.0476427, -0.067134, 0.9968, 0.0433795, 0.0504915, -0.0400277, 0.997922)
    Head.CFrame = CFrame.new(0.0101076, -0.00773501, -0.000367254, 0.999678, 0.0199377, 0.0157268, -0.017968, 0.993, -0.11674, -0.0179443, 0.11642, 0.993038)
    Left Leg.CFrame = CFrame.new(-0.834471, 0.0101508, 0.0228589, 0.80067, -0.598904, 0.0155213, 0.599094, 0.800543, -0.0147494, -0.00359202, 0.021108, 0.999771)
    Right Arm.CFrame = CFrame.new(-0.152829, -0.0306795, -0.00388461, 0.994889, -0.0544117, -0.0850572, 0.0650517, 0.989665, 0.127795, 0.0772246, -0.132675, 0.988147)
    Right Leg.CFrame = CFrame.new(0.529695, -0.0152063, -0.00941855, 0.869261, 0.494276, 0.00878266, -0.494257, 0.868603, 0.0351859, 0.00976281, -0.0349265, 0.999342)
    Left Arm.CFrame = CFrame.new(0.152757, -0.0698844, 0.0521494, 0.994889, 0.0544118, 0.0850573, -0.0650517, 0.989665, 0.127795, -0.0772246, -0.132675, 0.988147)

[33]
    Time: 1.066667
    HumanoidRootPart.CFrame = CFrame.new(0, 0, 0, 1, 0, 0, 0, 1, 0, 0, 0, 1)
    Torso.CFrame = CFrame.new(-0.0933533, 0.032093, 0.334748, 0.995832, 0.0730588, -0.0545909, -0.0704543, 0.99635, 0.0482031, 0.0579132, -0.044156, 0.997345)
    Head.CFrame = CFrame.new(0.011587, -0.00855989, -0.000492483, 0.999664, 0.0167727, 0.0197489, -0.0151318, 0.99664, -0.0804907, -0.0210326, 0.0801648, 0.99656)
    Left Leg.CFrame = CFrame.new(-0.748076, -0.0143308, 0.0259448, 0.830629, -0.556259, 0.0251324, 0.556797, 0.830201, -0.0272522, -0.00570572, 0.0366301, 0.999313)
    Right Arm.CFrame = CFrame.new(-0.156714, -0.00984201, 0.00365287, 0.98897, -0.117844, -0.0897251, 0.129488, 0.982003, 0.137488, 0.0719081, -0.14759, 0.986431)
    Right Leg.CFrame = CFrame.new(0.463314, 0.00290906, -0.0109792, 0.905504, 0.424112, 0.0138518, -0.424327, 0.904754, 0.0369679, 0.00314607, -0.0393522, 0.99922)
    Left Arm.CFrame = CFrame.new(0.157141, -0.0558268, 0.0615412, 0.988526, 0.121279, 0.0900399, -0.132947, 0.981537, 0.137511, -0.0717004, -0.147904, 0.986399)

[34]
    Time: 1.100000
    HumanoidRootPart.CFrame = CFrame.new(0, 0, 0, 1, 0, 0, 0, 1, 0, 0, 0, 1)
    Torso.CFrame = CFrame.new(-0.0999451, 0.0345879, 0.244, 0.995445, 0.074434, -0.0595754, -0.0714777, 0.996173, 0.0503067, 0.0630919, -0.0458192, 0.996955)
    Head.CFrame = CFrame.new(0.0126193, -0.00889249, -0.000580341, 0.999643, 0.0126454, 0.0235208, -0.0116188, 0.998995, -0.0432807, -0.0240444, 0.042992, 0.998786)
    Left Leg.CFrame = CFrame.new(-0.616513, -0.0341128, 0.0320358, 0.873429, -0.484929, 0.0443276, 0.486497, 0.872923, -0.0364236, -0.0210317, 0.0533787, 0.998353)
    Right Arm.CFrame = CFrame.new(-0.148045, 0.00411946, 0.0163657, 0.978805, -0.184489, -0.0889072, 0.196078, 0.969533, 0.146828, 0.0591103, -0.161149, 0.985158)
    Right Leg.CFrame = CFrame.new(0.406773, 0.0169235, -0.01133, 0.932308, 0.361187, 0.0186009, -0.36165, 0.93152, 0.0384776, -0.00342946, -0.0426, 0.999086)
    Left Arm.CFrame = CFrame.new(0.148584, -0.0434631, 0.0742053, 0.977822, 0.189346, 0.0895055, -0.200989, 0.96852, 0.146872, -0.0588783, -0.161605, 0.985098)

[35]
    Time: 1.133333
    HumanoidRootPart.CFrame = CFrame.new(0, 0, 0, 1, 0, 0, 0, 1, 0, 0, 0, 1)
    Torso.CFrame = CFrame.new(-0.102657, 0.0217018, 0.0736093, 0.995565, 0.0707024, -0.0620622, -0.0684518, 0.996943, 0.0376716, 0.0645359, -0.0332563, 0.997361)
    Head.CFrame = CFrame.new(0.0129088, -0.00637993, -0.000508457, 0.999607, 0.00784223, 0.0269015, -0.00762422, 0.999937, -0.00819811, -0.0269641, 0.00798977, 0.999604)
    Left Leg.CFrame = CFrame.new(-0.459517, -0.0375327, 0.0346071, 0.921485, -0.382688, 0.0664479, 0.385665, 0.921791, -0.0395367, -0.0461209, 0.0620592, 0.997006)
    Right Arm.CFrame = CFrame.new(-0.135953, 0.012479, 0.0316311, 0.965457, -0.246785, -0.083606, 0.257219, 0.953914, 0.154553, 0.0416115, -0.170719, 0.984441)
    Right Leg.CFrame = CFrame.new(0.374454, 0.0379553, -0.0124478, 0.953101, 0.301007, 0.0315083, -0.302287, 0.951887, 0.0503303, -0.0148427, -0.0574945, 0.998236)
    Left Arm.CFrame = CFrame.new(0.136321, -0.0335809, 0.0868385, 0.964152, 0.251595, 0.0843306, -0.262097, 0.952578, 0.154599, -0.0414351, -0.17116, 0.984372)

[36]
    Time: 1.166667
    HumanoidRootPart.CFrame = CFrame.new(0, 0, 0, 1, 0, 0, 0, 1, 0, 0, 0, 1)
    Torso.CFrame = CFrame.new(-0.101383, -0.00324631, -0.120284, 0.996381, 0.0594974, -0.0607008, -0.0588245, 0.998186, 0.0128148, 0.0613532, -0.00919774, 0.998074)
    Head.CFrame = CFrame.new(0.0122706, -0.00156463, -0.00037396, 0.999551, 0.00279211, 0.0298183, -0.00342544, 0.999769, 0.021211, -0.0297522, -0.0213035, 0.99933)
    Left Leg.CFrame = CFrame.new(-0.423832, -0.0212589, 0.0355873, 0.938719, -0.336991, 0.0724177, 0.339988, 0.939825, -0.0337191, -0.056697, 0.056274, 0.996804)
    Right Arm.CFrame = CFrame.new(-0.123637, 0.0160449, 0.0462672, 0.951833, -0.297415, -0.0745562, 0.305787, 0.938653, 0.159449, 0.02256, -0.174567, 0.984387)
    Right Leg.CFrame = CFrame.new(0.553059, 0.0732613, -0.0144289, 0.925948, 0.376617, 0.0279266, -0.377633, 0.92406, 0.0592161, -0.00350414, -0.065377, 0.997855)
    Left Arm.CFrame = CFrame.new(0.123679, -0.0274794, 0.0960943, 0.950577, 0.301265, 0.0751233, -0.309683, 0.937371, 0.159477, -0.0223737, -0.174859, 0.984339)

[37]
    Time: 1.200000
    HumanoidRootPart.CFrame = CFrame.new(0, 0, 0, 1, 0, 0, 0, 1, 0, 0, 0, 1)
    Torso.CFrame = CFrame.new(-0.0968361, -0.0373116, -0.23759, 0.997406, 0.0454544, -0.0558107, -0.0469692, 0.998554, -0.0261366, 0.054542, 0.0286902, 0.998099)
    Head.CFrame = CFrame.new(0.0109073, 0.00601353, -0.000373989, 0.999477, -0.00205886, 0.0322625, 0.000720747, 0.999141, 0.0414321, -0.0323201, -0.0413872, 0.99862)
    Left Leg.CFrame = CFrame.new(-0.646751, 0.0374283, 0.0442294, 0.897717, -0.436373, 0.0606898, 0.438467, 0.898361, -0.026341, -0.0430268, 0.0502572, 0.997809)
    Right Arm.CFrame = CFrame.new(-0.116787, 0.0148632, 0.0562752, 0.942145, -0.329371, -0.062267, 0.335167, 0.928441, 0.16019, 0.0050493, -0.171792, 0.98512)
    Right Leg.CFrame = CFrame.new(0.735733, 0.130252, -0.0128959, 0.891899, 0.451944, 0.0162166, -0.452151, 0.89047, 0.0512101, 0.00870364, -0.0530066, 0.998556)
    Left Arm.CFrame = CFrame.new(0.116459, -0.0272502, 0.0993673, 0.941269, 0.331867, 0.0622669, -0.337627, 0.927549, 0.160189, -0.00459403, -0.171804, 0.98512)

[38]
    Time: 1.233333
    HumanoidRootPart.CFrame = CFrame.new(0, 0, 0, 1, 0, 0, 0, 1, 0, 0, 0, 1)
